#class tools::wcsv::ntuple
#title Edep and TrackL
#separator 44
#vector_separator 59
#column double Eabs
#column double Labs
#column double p_X
#column double p_Y
#column double p_Z
0,0,0.667474,0.432867,0.605891
0,0,0.678471,0.722007,0.135582
0,0,-0.0907578,-0.809499,0.580065
0,0,0.921423,0.284944,0.264171
0,0,0.826633,-0.306305,0.472076
0,0,0.424445,0.905183,0.0221352
0,0,-0.753134,-0.53192,0.387105
0,0,0.870887,-0.489906,0.0393423
0,0,-0.956848,0.251082,0.146284
0,0,0.356086,0.410607,0.839407
0,0,0.558653,0.395329,0.729124
0,0,-0.77874,-0.49975,0.37923
20.431,28.0495,-0.786199,0.565614,-0.248943
0,0,-0.722278,-0.36431,0.587872
0,0,0.122737,-0.980209,0.155328
0,0,0.252598,-0.0351732,0.966932
0,0,0.670852,0.520531,0.528209
0,0,-0.701836,-0.707234,0.0851317
0,0,0.566438,-0.670773,0.47876
0,0,0.0785388,-0.704639,0.705206
0,0,-0.355114,0.636171,0.684968
0,0,-0.360124,-0.92268,0.137741
0,0,0.48713,-0.861773,0.141605
0,0,-0.131168,0.972268,0.193622
0,0,0.185298,-0.967415,0.172548
0,0,0.664415,-0.232662,0.710226
0,0,0.133497,0.165412,0.977148
0,0,0.706231,-0.274134,0.652754
0,0,-0.59652,0.253259,0.761593
0,0,0.792455,0.554534,0.253982
0,0,0.360937,0.703264,0.61249
0,0,0.543343,0.0811843,0.835576
0,0,-0.671171,-0.272842,0.689265
0,0,-0.273,0.55549,0.785431
0,0,0.657618,0.73277,0.17489
0,0,0.80897,0.321544,0.492115
0,0,0.158303,-0.354596,0.921522
0,0,-0.66914,0.612743,0.420473
0,0,-0.388695,0.545402,0.742599
0,0,-0.736842,-0.620884,0.26752
0,0,0.16584,-0.930804,0.325731
0,0,0.965629,0.244644,0.0878014
0,0,0.618746,0.179634,0.764778
0,0,-0.76985,0.561488,0.303418
0,0,-0.397012,0.858411,0.324826
22.4143,34.1019,0.0188531,0.565822,0.824312
0,0,0.132154,-0.624077,0.770106
0,0,0.541584,-0.272285,0.795328
0,0,-0.633223,0.62945,0.450357
0,0,-0.237485,-0.894875,0.377888
0,0,-0.855274,0.0729314,0.513018
0,0,0.616159,0.752179,0.233611
0,0,-0.983096,0.180302,0.0318408
0,0,-0.173039,-0.811646,0.557932
0,0,0.533278,-0.0236161,0.84561
0,0,-0.727419,-0.589166,0.351776
0,0,0.523831,-0.770667,0.362867
0,0,-0.541981,0.801761,0.251864
0,0,0.89941,0.293989,0.323468
0,0,0.482608,-0.43798,0.758461
0,0,0.154,-0.745445,0.648533
0,0,0.890146,-0.455629,0.00650678
23.1034,33.7943,-0.790709,-0.334492,-0.512732
0,0,-0.38736,0.715892,0.580906
0,0,0.913199,-0.00509712,0.407483
0,0,-0.510756,-0.433094,0.742669
0,0,0.440377,0.791894,0.42305
0,0,0.645341,-0.206389,0.735485
0,0,0.35542,0.597857,0.718501
0,0,0.393245,-0.331692,0.857519
0,0,0.985024,0.0395327,0.167827
0,0,-0.253728,-0.949911,0.182457
0,0,-0.287785,-0.774536,0.56327
0,0,0.266716,0.963341,0.0289259
0,0,-0.310919,0.74358,0.591962
0,0,-0.888523,-0.439451,0.131946
0,0,-0.433915,-0.387827,0.813208
0,0,0.245247,0.252765,0.935929
0,0,-0.644709,0.575832,0.50276
0,0,0.393144,0.895585,0.208245
0,0,0.426658,0.714498,0.554487
0,0,-0.457259,0.338289,0.822481
0,0,-0.299711,0.672763,0.676434
0,0,-0.772715,0.21807,0.596119
0,0,0.270872,-0.628607,0.729028
0,0,-0.111207,0.177228,0.977867
0,0,0.291246,0.534851,0.793164
0,0,-0.260363,0.958598,0.115331
0,0,-0.185701,-0.845557,0.500548
0,0,-0.664174,0.741422,0.0957353
0,0,-0.764908,0.582438,0.275105
0,0,0.810748,0.162172,0.562484
0,0,0.643757,0.645485,0.411005
0,0,0.131993,0.720964,0.680286
0,0,-0.725553,-0.652894,0.217491
0,0,-0.117527,0.916277,0.382914
0,0,-0.0321246,-0.458343,0.888195
0,0,0.519031,-0.665555,0.536323
0,0,-0.61221,0.0121821,0.790601
0,0,-0.900663,0.0693017,0.428956
0,0,-0.727872,-0.230707,0.645738
0,0,0.0179946,0.146445,0.989055
0,0,-0.760836,-0.145746,0.632365
0,0,0.440309,-0.00315743,0.897841
0,0,0.694209,0.703406,0.152623
0,0,-0.0792784,-0.953454,0.290931
0,0,-0.892882,-0.152074,0.423834
0,0,0.833004,0.154094,0.531374
0,0,0.030901,0.997873,0.0573948
0,0,0.661162,0.522369,0.538512
0,0,-0.0721778,-0.563592,0.822894
0,0,-0.0800549,-0.438248,0.895282
0,0,0.511453,-0.556048,0.655153
0,0,-0.318602,-0.660146,0.680221
0,0,-0.369197,0.929054,0.0234924
0,0,-0.18367,0.836469,0.516318
0,0,0.926482,-0.375175,0.0295811
0,0,0.456084,0.275637,0.846175
0,0,0.667993,0.734688,0.118399
0,0,-0.468621,0.0134989,0.883296
0,0,0.357795,-0.713552,0.602351
0,0,0.674595,0.490669,0.551512
0,0,0.88288,0.46958,0.00418294
0,0,0.925945,0.0131746,0.377429
0,0,0.761917,0.623491,0.175332
0,0,-0.65136,0.701874,0.288276
0,0,-0.803694,0.586227,0.102049
0,0,0.327151,-0.319742,0.889234
0,0,-0.949593,0.109803,0.293628
0,0,0.871739,-0.464289,0.15655
0,0,-0.994557,-0.104086,0.00466005
0,0,-0.330016,-0.937328,0.111831
0,0,0.143196,0.924304,0.353774
0,0,-0.530276,0.562042,0.634757
0,0,0.47972,-0.449869,0.753317
0,0,0.809093,0.108164,0.577641
0,0,-0.732811,0.0182629,0.680187
0,0,0.579558,-0.593088,0.558891
19.2097,28.5223,-0.142892,0.239132,0.960416
0,0,-0.520755,0.607786,0.599509
0,0,0.410818,-0.260897,0.873591
0,0,-0.659204,0.326295,0.677482
0,0,-0.395765,-0.901183,0.176747
0,0,0.161627,-0.468698,0.868446
21.343,28.0596,-0.468733,0.196736,0.861153
0,0,0.210539,-0.501493,0.839153
0,0,0.109786,-0.156593,0.981543
0,0,0.263263,-0.870049,0.416783
0,0,0.872988,0.37072,0.316953
0,0,0.775672,-0.625025,0.087613
0,0,0.962859,0.070697,0.260584
0,0,0.77807,-0.293457,0.555419
0,0,0.465897,0.296041,0.833846
0,0,-0.60249,-0.689611,0.401799
0,0,-0.828741,-0.0938987,0.551698
0,0,0.788725,0.416417,0.452227
0,0,-0.396038,0.158027,0.904534
0,0,-0.0359436,0.402612,0.914665
0,0,-0.419719,0.907326,0.0243997
0,0,-0.436548,0.824566,0.359885
0,0,-0.832416,0.523751,0.181017
0,0,0.672988,-0.406769,0.617759
0,0,0.0305314,0.739281,0.672705
0,0,-0.905293,-0.17298,0.387972
0,0,0.0296668,0.996344,0.0801112
0,0,0.687167,0.349238,0.637052
0,0,0.938299,-0.339025,0.0682414
0,0,-0.977178,0.204889,0.0560739
0,0,-0.707036,0.534579,0.462953
0,0,-0.653781,0.329971,0.680948
0,0,0.188176,0.955298,0.228026
0,0,-0.78289,-0.622134,0.0056974
0,0,-0.283978,-0.366796,0.885899
0,0,-0.39353,0.442683,0.805709
20.994,31.6563,0.958752,-0.199584,0.20239
0,0,0.638963,0.739571,0.211567
22.6507,31.2779,0.728959,0.124852,0.673076
0,0,-0.0232952,-0.999465,0.02297
0,0,-0.765884,-0.612875,0.194436
0,0,-0.616759,0.786252,0.0376323
0,0,-0.722798,-0.0814744,0.68624
0,0,-0.241969,-0.859485,0.450263
0,0,0.427948,-0.586178,0.687936
0,0,0.648125,0.742081,0.171024
0,0,-0.936947,-0.205817,0.282435
4.91538,6.62445,0.351506,-0.479585,0.804016
0,0,0.710942,0.639059,0.293539
0,0,-0.322775,-0.771401,0.548412
0,0,0.448069,-0.543027,0.710181
0,0,0.591347,0.768918,0.243053
0,0,-0.529528,-0.576063,0.622697
0,0,0.631501,0.762826,0.138936
0,0,-0.554466,-0.791035,0.258518
0,0,0.305614,-0.930494,0.201942
6.22113,8.4054,0.095568,-0.512787,0.85318
0,0,-0.388078,-0.55956,0.732317
0,0,-0.248864,-0.834778,0.491133
0,0,-0.662075,0.74878,0.0314038
0,0,0.76869,-0.0789737,0.634727
0,0,-0.113948,0.718228,0.686414
0,0,-0.408791,-0.909897,0.0705521
0,0,-0.0382048,0.59564,0.802342
0,0,0.76803,0.240972,0.593348
0,0,-0.102791,-0.593514,0.798232
0,0,0.84143,0.397648,0.365884
0,0,-0.385926,-0.826391,0.410047
0,0,-0.932564,0.352989,0.0756449
0,0,0.28066,-0.515403,0.809685
0,0,0.0560954,-0.633343,0.771835
0,0,0.70027,-0.306284,0.644835
0,0,-0.408547,-0.382588,0.828683
0,0,-0.288503,-0.925118,0.246825
0,0,-0.901736,-0.0237389,0.431635
0,0,-0.411927,0.569945,0.710971
0,0,0.47706,0.162773,0.863666
0,0,-0.437245,-0.108832,0.892733
0,0,-0.760798,0.192145,0.619892
0,0,0.286106,-0.00874353,0.958158
0,0,-0.717056,-0.00731912,0.696977
0,0,-0.831073,0.524616,0.18465
0,0,0.18056,0.747537,0.639208
0,0,-0.935763,0.135728,0.325461
0,0,0.605486,0.420816,0.6755
0,0,-0.0494694,-0.962233,0.267694
0,0,-0.681791,-0.568262,0.460694
0,0,0.184989,0.96739,0.173022
0,0,0.933048,0.088217,0.348769
0,0,-0.267216,-0.759777,0.592735
0,0,-0.921683,0.380104,0.0775914
0,0,-0.687014,0.0740511,0.722861
0,0,0.753297,0.645996,0.123419
0,0,0.592115,-0.715773,0.370228
0,0,-0.0673345,-0.569166,0.819461
0,0,0.852232,0.200785,0.483101
0,0,0.359755,0.922586,0.139323
0,0,0.937905,-0.0734551,0.339025
0,0,-0.802892,0.572463,0.166283
0,0,0.553733,0.823942,0.120413
0,0,-0.35166,0.23093,0.907197
0,0,0.831622,0.169331,0.528897
0,0,0.826615,0.273554,0.491809
0,0,-0.825893,0.0527495,0.561354
0,0,0.80519,0.338741,0.486748
0,0,-0.153724,-0.982857,0.101793
0,0,0.30357,-0.594206,0.744825
0,0,-0.667019,-0.63635,0.387485
0,0,-0.89774,-0.374548,0.231899
0,0,0.780588,0.625015,0.00614204
0,0,0.530131,0.757134,0.381718
0,0,0.461068,0.885446,0.0583206
0,0,0.444329,-0.395392,0.803889
0,0,-0.292725,-0.840309,0.456282
0,0,0.0550802,0.912676,0.404955
0,0,-0.645847,0.128511,0.752573
0,0,-0.522633,-0.59114,0.614335
0,0,-0.173444,-0.802243,0.571247
0,0,0.487774,-0.049726,0.871553
0,0,0.988893,-0.134254,0.0637635
0,0,0.802591,0.558451,0.209717
0,0,-0.46791,-0.434777,0.769434
8.22333,10.3272,-0.903874,0.0180991,0.427415
0,0,0.500472,-0.317769,0.805326
0,0,-0.31036,-0.9409,0.135586
0,0,0.83502,-0.355825,0.419679
0,0,-0.783804,-0.197276,0.58884
0,0,0.436161,-0.794052,0.423374
0,0,-0.388996,0.232848,0.891327
0,0,-0.335519,-0.810566,0.48001
0,0,0.376487,-0.800702,0.465977
0,0,-0.0786786,0.429269,0.899743
0,0,0.769872,0.536206,0.346093
0,0,-0.0494441,-0.691926,0.720274
0,0,-0.301673,0.454293,0.838219
0,0,0.725347,-0.590783,0.353337
0,0,-0.735725,-0.544332,0.403004
0,0,0.0390435,0.947498,0.317369
0,0,0.0994742,0.116669,0.988177
0,0,-0.47835,0.20136,0.854772
0,0,-0.567589,-0.221588,0.792932
0,0,-0.205643,0.698802,0.685118
0,0,-0.327868,0.770438,0.546743
0,0,-0.377712,0.31006,0.872466
0,0,-0.910016,-0.0589648,0.410358
0,0,-0.555758,-0.651132,0.516876
0,0,-0.0196967,-0.935193,0.35359
0,0,-0.75628,0.239665,0.60877
0,0,0.855836,-0.314669,0.410521
0,0,0.636356,-0.457413,0.621148
0,0,0.853795,0.43891,0.279987
0,0,0.416182,-0.231462,0.879328
0,0,0.695411,0.280354,0.661669
0,0,0.181236,0.983305,0.0162403
0,0,-0.92816,-0.150745,0.340285
0,0,0.76502,0.572509,0.294921
0,0,0.284071,-0.536943,0.794352
0,0,-0.925832,-0.098046,0.364997
0,0,-0.857909,-0.388422,0.336335
0,0,-0.450325,-0.804247,0.387807
0,0,-0.627519,0.768066,0.12765
0,0,-0.479122,-0.653165,0.586359
0,0,-0.610413,0.354002,0.708575
0,0,0.602063,0.788193,0.127559
0,0,0.0785263,-0.855776,0.511352
0,0,0.994606,-0.0937566,0.0443658
0,0,-0.961352,0.250681,0.113844
0,0,0.23005,-0.96836,0.0967227
0,0,-0.886634,-0.0962098,0.452353
0,0,-0.82102,0.0337018,0.569903
0,0,-0.287859,-0.873186,0.393298
0,0,-0.806633,0.417303,0.418571
0,0,0.471258,0.509733,0.719783
0,0,-0.480266,0.869291,0.116948
0,0,0.799189,-0.578291,0.16394
0,0,0.588131,0.761454,0.272561
0,0,-0.531267,0.221185,0.817822
0,0,0.322861,0.244873,0.91422
0,0,0.0678942,-0.892281,0.446345
0,0,-0.176207,0.612872,0.770285
0,0,0.17014,-0.980216,0.101136
0,0,-0.56951,-0.655174,0.496392
0,0,0.760312,-0.0892468,0.643398
0,0,-0.143916,0.32628,0.934253
0,0,-0.576741,0.386935,0.71948
0,0,0.707184,0.648617,0.281401
0,0,-0.897501,0.19986,0.393125
0,0,-0.145061,-0.988816,0.0346589
0,0,-0.871218,0.490888,0.00267582
0,0,-0.213195,-0.960919,0.176588
0,0,0.227457,-0.679891,0.697145
0,0,0.517223,-0.0891793,0.851192
0,0,-0.907016,0.17196,0.384385
0,0,-0.574994,0.144272,0.805337
0,0,0.00811986,0.985128,0.171632
0,0,-0.625173,0.365546,0.68959
23.5388,34.127,-0.0147713,-0.147497,0.988952
0,0,-0.644064,-0.00320169,0.764965
0,0,0.669311,-0.236104,0.704469
0,0,0.87315,-0.183838,0.451457
0,0,0.392232,-0.573714,0.719031
0,0,0.614439,0.12426,0.779118
0,0,0.00623384,0.857364,0.514673
0,0,0.86185,-0.483401,0.153417
0,0,0.479586,0.367819,0.796685
0,0,0.414146,0.896869,0.15527
0,0,0.638495,-0.752664,0.160691
0,0,0.506749,0.847281,0.159121
0,0,0.320491,0.945884,0.0508751
0,0,-0.616969,0.784895,0.0573455
0,0,-0.928952,0.106895,0.354432
0,0,0.315326,-0.45107,0.834928
0,0,-0.0883308,-0.989448,0.114849
0,0,0.0721485,0.883058,0.463684
0,0,-0.435767,-0.712904,0.549431
0,0,0.23061,0.644855,0.728685
0,0,-0.767649,-0.541707,0.342445
0,0,-0.229134,0.92457,0.304415
0,0,-0.679074,0.0724837,0.730483
0,0,-0.470254,0.316096,0.823981
0,0,-0.399401,0.806877,0.435233
0,0,-0.914107,-0.129992,0.384071
0,0,0.842545,0.508494,0.177628
0,0,0.43541,0.0660114,0.897809
0,0,-0.78125,0.511458,0.357853
0,0,-0.901149,0.297143,0.315652
0,0,0.196642,-0.602981,0.77314
0,0,0.359843,0.787293,0.500682
0,0,0.337562,0.935415,0.105124
0,0,-0.225706,0.954941,0.192729
0,0,0.0320938,0.320707,0.946635
0,0,0.870667,0.136633,0.472515
0,0,-0.832585,-0.484722,0.268043
0,0,0.853052,0.111397,0.509797
0,0,0.275272,0.957751,0.0833011
16.5135,20.6536,-0.439357,0.144561,0.886604
0,0,0.0565551,-0.462947,0.88458
0,0,-0.992052,-0.0972472,0.0798464
0,0,0.270977,0.875182,0.400784
0,0,0.790924,-0.0337592,0.610983
0,0,-0.0261734,-0.560679,0.827619
0,0,0.313954,-0.622587,0.716811
0,0,-0.417713,-0.899829,0.125791
0,0,-0.801348,-0.576933,0.158084
0,0,-0.517957,-0.228381,0.824356
0,0,0.106682,0.643273,0.758168
0,0,-0.297085,0.266698,0.916849
0,0,0.0101679,0.995623,0.0929056
0,0,0.315164,-0.715334,0.623674
1.97576,2.30975,-0.47192,-0.127939,0.872309
12.3519,19.2214,0.401515,0.708238,0.580675
0,0,0.0130848,-0.355861,0.934447
0,0,-0.933808,-0.166219,0.316818
0,0,-0.873556,0.17374,0.454658
0,0,-0.941815,-0.274148,0.194493
0,0,0.96301,-0.0895581,0.254147
0,0,-0.372426,-0.547898,0.749071
0,0,0.88121,-0.277995,0.382345
0,0,-0.76885,-0.506873,0.389808
0,0,-0.964043,0.0586364,0.259196
0,0,0.605865,0.159781,0.779357
0,0,0.702962,-0.395651,0.591019
0,0,0.979608,0.0990262,0.174822
10.2853,15.7776,-0.636294,-0.0212199,0.771155
0,0,-0.384564,-0.589884,0.710034
0,0,-0.270806,-0.392727,0.87888
0,0,-0.638106,-0.503195,0.582765
0,0,-0.86017,-0.0239086,0.509447
0,0,0.934223,0.336539,0.118185
0,0,0.903505,0.397731,0.159653
0,0,0.552536,-0.654159,0.516507
0,0,0.73058,0.0499006,0.681001
0,0,-0.59494,-0.74451,0.302907
0,0,-0.837698,0.518395,0.171837
0,0,-0.3138,-0.527525,0.78946
0,0,-0.498679,0.812398,0.302206
0,0,-0.419422,0.783452,0.458571
0,0,-0.468886,0.668467,0.57732
0,0,-0.886976,-0.331979,0.321034
0,0,0.288412,-0.173298,0.941693
0,0,0.0058855,0.704925,0.709257
0,0,0.803791,0.169135,0.570363
0,0,0.503172,-0.0247346,0.863832
0,0,-0.791484,0.183557,0.582975
0,0,0.690553,0.143564,0.708891
0,0,0.731318,0.196564,0.653097
0,0,-0.763003,-0.114427,0.636186
0,0,0.864551,-0.177045,0.470326
0,0,-0.0125188,0.66762,0.744397
0,0,-0.759095,0.388288,0.522502
0,0,-0.333929,0.835582,0.436226
0,0,0.123592,0.516008,0.84762
0,0,-0.191728,-0.966628,0.169912
0,0,0.643587,0.680564,0.350183
0,0,0.504409,-0.0360931,0.86271
0,0,0.531686,0.839912,0.108898
0,0,0.748079,0.253262,0.613381
0,0,0.13827,-0.559727,0.81706
0,0,-0.95994,0.152549,0.23504
0,0,-0.963837,0.258272,0.0656782
0,0,0.552462,-0.771385,0.315834
0,0,-0.917575,0.00357597,0.397546
0,0,0.867365,0.154528,0.473075
0,0,-0.333006,-0.839013,0.430308
0,0,-0.971165,-0.173615,0.163391
0,0,0.0317697,-0.800621,0.598328
0,0,-0.79982,0.139872,0.583715
0,0,0.362999,0.22236,0.904869
0,0,0.691965,0.630112,0.35234
0,0,0.210246,0.0341311,0.977052
0,0,0.915415,0.279645,0.289507
0,0,-0.898823,0.100842,0.426554
0,0,-0.752536,0.475205,0.455928
0,0,-0.181201,0.925097,0.33371
0,0,-0.114087,0.991139,0.0680332
0,0,0.263424,-0.937899,0.225727
0,0,-0.485175,-0.183179,0.855015
0,0,0.817992,0.0987717,0.566687
0,0,-0.495401,-0.868634,0.00722727
0,0,-0.753725,-0.212452,0.621902
0,0,0.667131,-0.434395,0.605176
0,0,-0.941351,0.337243,0.011207
0,0,0.415854,0.892356,0.1754
0,0,-0.50905,-0.641262,0.574152
0,0,-0.130651,-0.825886,0.54849
0,0,0.263642,-0.694434,0.669518
0,0,0.495459,0.196265,0.846168
0,0,0.687949,0.569507,0.449876
0,0,-0.315392,-0.105504,0.943078
0,0,0.504252,-0.129729,0.853756
0,0,-0.381832,0.848944,0.365375
17.8784,24.6595,-0.0266023,-0.147769,0.988664
0,0,-0.0657942,0.929427,0.363094
0,0,-0.102436,0.413992,0.904499
0,0,-0.928563,0.366915,0.0560652
10.9483,14.6597,0.173829,0.0203195,0.984566
0,0,-0.836553,0.50014,0.223694
0,0,0.727431,0.020695,0.685869
0,0,0.883596,-0.371595,0.284914
0,0,-0.77112,-0.627347,0.108674
0,0,-0.854184,0.499166,0.145611
0,0,0.887857,-0.457871,0.0454345
0,0,0.0547849,-0.350418,0.93499
0,0,-0.383337,0.836203,0.392194
11.9952,18.2361,0.547208,-0.778154,-0.308286
0,0,0.0737808,-0.651786,0.754806
0,0,-0.805559,0.547478,0.22659
0,0,0.276938,-0.13685,0.951093
0,0,0.476855,-0.786544,0.392373
0,0,0.562232,0.263005,0.784043
0,0,0.797732,0.0382551,0.601797
0,0,0.135553,-0.785324,0.604062
0,0,0.50044,-0.0568768,0.863901
0,0,0.75411,0.623293,0.20694
0,0,0.125461,-0.202283,0.971257
14.6902,20.5065,0.0459159,-0.336236,0.940658
0,0,-0.126626,0.662084,0.738655
0,0,0.00667266,-0.407589,0.913141
0,0,-0.692308,-0.395693,0.603437
0,0,-0.40153,-0.777008,0.484801
0,0,-0.135342,0.338678,0.931118
0,0,0.199991,-0.629102,0.751155
0,0,0.139919,-0.689396,0.710744
0,0,0.660325,0.746118,0.0853179
0,0,0.110563,-0.637162,0.762759
0,0,0.282897,-0.903313,0.322483
0,0,0.403965,0.0203523,0.914548
0,0,-0.434619,-0.538653,0.721775
0,0,0.572445,-0.497194,0.652001
0,0,0.508385,-0.860878,0.0208159
0,0,-0.00929346,0.700278,0.71381
0,0,0.99627,-0.0654148,0.0562805
0,0,-0.141892,-0.79754,0.586342
0,0,-0.259256,0.242578,0.934849
0,0,-0.734985,-0.150232,0.661231
0,0,0.012171,-0.672134,0.740329
0,0,0.924435,0.359732,0.126544
0,0,-0.583946,-0.219558,0.781537
0,0,0.143532,0.141872,0.979424
0,0,0.380733,0.350477,0.855692
0,0,-0.379425,0.0572334,0.923451
0,0,-0.394147,0.825492,0.403993
0,0,-0.868224,0.385109,0.312854
0,0,0.951493,-0.214209,0.220854
0,0,-0.3409,-0.144464,0.928934
0,0,0.15033,-0.876811,0.456731
0,0,0.713018,0.0821848,0.696312
0,0,-0.991122,-0.0638406,0.116623
0,0,-0.682012,0.715077,0.153378
0,0,0.416206,0.696383,0.584657
0,0,0.662513,0.545996,0.512801
0,0,0.0227032,0.369536,0.928939
0,0,0.32729,-0.300561,0.895848
0,0,0.301689,-0.353295,0.885531
0,0,0.940764,0.0192101,0.338517
0,0,0.263807,-0.945361,0.19157
6.75586,8.73274,0.874113,0.0651117,-0.481339
0,0,0.00802119,-0.808987,0.587772
0,0,-0.0297403,-0.833165,0.552224
13.2907,18.9018,0.347518,-0.304358,0.886903
0,0,-0.908292,0.351416,0.226964
3.42063,5.46925,-0.385556,0.423526,0.819739
0,0,-0.845851,-0.223346,0.48441
0,0,-0.258428,-0.580975,0.771805
0,0,0.113015,0.394353,0.911983
0,0,0.285656,0.642064,0.711445
0,0,-0.178417,0.356583,0.917069
0,0,-0.459489,0.481403,0.746406
0,0,-0.347875,-0.846182,0.403682
7.54299,10.652,0.159989,0.152932,0.9752
0,0,-0.474059,0.692785,0.543431
0,0,0.991616,0.128609,0.0125522
0,0,0.620066,0.771626,0.141814
0,0,0.279395,0.45104,0.847645
0,0,-0.651592,-0.68231,0.331482
0,0,-0.638026,0.727078,0.253536
0,0,0.751296,0.281607,0.596869
23.2563,32.8419,-0.909883,0.149098,0.387146
0,0,0.230969,-0.558311,0.796833
0,0,0.0704887,-0.761502,0.644318
0,0,-0.548347,-0.424799,0.720321
0,0,-0.816626,-0.0817053,0.571355
0,0,0.401987,0.447661,0.798753
0,0,-0.0807361,0.825673,0.558343
0,0,-0.519749,0.17473,0.83626
0,0,-0.66034,0.403475,0.633371
0,0,0.794421,0.459134,0.397607
0,0,-0.404551,-0.597615,0.692239
0,0,0.802339,0.224756,0.552934
0,0,-0.887765,0.345096,0.3046
0,0,-0.379421,-0.404262,0.832233
0,0,-0.684303,-0.367403,0.629876
0,0,-0.474251,0.47827,0.739151
0,0,0.683748,0.318581,0.656502
0,0,0.391789,0.395511,0.830706
0,0,0.373117,0.419555,0.827501
0,0,0.0510536,0.527215,0.848197
0,0,-0.755801,0.597522,0.26783
0,0,-0.188867,0.978261,0.0856389
0,0,-0.478611,0.7612,0.437614
0,0,-0.317619,-0.0646507,0.946012
0,0,-0.544749,-0.607938,0.577632
0,0,0.458193,0.00584329,0.888833
0,0,0.739025,0.635349,0.223996
0,0,-0.695404,-0.0760978,0.714579
0,0,0.0485279,-0.579535,0.813501
0,0,-0.294166,-0.853949,0.429229
0,0,0.481159,-0.874656,0.0588508
0,0,-0.163177,-0.319623,0.933389
0,0,0.438841,-0.735002,0.516904
0,0,-0.0985998,0.841763,0.530767
0,0,0.654104,0.462662,0.598407
0,0,0.606759,0.160709,0.77847
0,0,0.831247,-0.524654,0.183753
0,0,0.724601,-0.36086,0.58714
0,0,-0.418645,-0.744088,0.520643
0,0,-0.989472,0.105485,0.099091
0,0,0.357724,0.740366,0.569115
0,0,0.117958,-0.983088,0.140082
0,0,-0.880478,0.0902797,0.465412
0,0,0.14129,0.594061,0.791915
0,0,0.555801,-0.80632,0.202321
0,0,-0.937926,-0.216967,0.270592
0,0,0.791297,0.356149,0.496998
0,0,-0.926711,-0.13475,0.350784
0,0,0.495798,-0.607135,0.620944
0,0,0.428924,0.820617,0.37764
0,0,0.112947,0.354816,0.928089
0,0,-0.80818,0.182527,0.559937
0,0,-0.498921,-0.177166,0.848346
0,0,-0.891067,-0.438218,0.118174
0,0,-0.57297,0.524285,0.629945
0,0,0.258693,-0.0149703,0.965844
0,0,-0.414021,-0.729183,0.544866
0,0,0.0446579,0.494608,0.867968
0,0,-0.433894,-0.884469,0.171614
0,0,-0.573665,0.28892,0.766442
0,0,-0.341175,-0.888427,0.307079
0,0,-0.99329,0.0434225,0.107191
0,0,-0.761394,-0.571638,0.305792
0,0,-0.4477,-0.893327,0.0391455
0,0,0.588433,0.391337,0.707533
0,0,-0.353629,-0.917453,0.18228
0,0,0.980187,-0.197048,0.0201359
0,0,-0.73896,0.661233,0.129267
0,0,-0.894223,0.435108,0.105103
0,0,-0.212244,0.924593,0.316354
0,0,-0.247001,0.18303,0.951573
0,0,-0.235949,0.0546025,0.97023
0,0,0.317738,-0.228092,0.920335
0,0,0.383575,-0.920895,0.0694424
0,0,0.481893,-0.824725,0.295986
0,0,-0.215771,0.709155,0.671225
0,0,-0.143878,0.606263,0.78214
0,0,-0.862829,-0.273805,0.424919
0,0,-0.714109,-0.407716,0.569048
0,0,0.771653,-0.632743,0.0647083
6.42276,9.65996,-0.312663,-0.239635,0.919139
0,0,0.411167,-0.413593,0.812332
0,0,-0.392771,0.917463,0.0631851
0,0,-0.231463,0.63393,0.737942
0,0,-0.36382,0.800818,0.475738
0,0,0.599611,-0.626474,0.497993
0,0,-0.813888,-0.474981,0.334633
0,0,0.186318,0.8032,0.565823
0,0,-0.883665,0.280311,0.374915
0,0,-0.281504,0.83367,0.47513
23.0694,31.0956,-0.201113,0.722601,-0.661364
0,0,-0.136687,0.793649,0.592822
0,0,-0.368569,-0.508425,0.778242
0,0,-0.217052,-0.649456,0.728763
0,0,0.323605,-0.94611,0.0124385
0,0,-0.154937,-0.647854,0.745842
0,0,-0.473085,-0.6664,0.576283
0,0,0.277067,0.889809,0.362592
0,0,-0.558535,0.0996386,0.823475
0,0,0.574193,-0.0851758,0.814277
0,0,0.56687,-0.103927,0.817226
0,0,0.877585,0.416644,0.237176
0,0,-0.728361,0.625146,0.280506
0,0,-0.463609,-0.0130982,0.885943
0,0,-0.435453,-0.332819,0.836428
0,0,0.734121,0.22394,0.641028
0,0,-0.75736,0.237352,0.608334
0,0,0.0425141,0.223007,0.973889
0,0,-0.341787,-0.910155,0.234092
0,0,0.783894,0.271095,0.558586
0,0,0.827419,0.561538,0.00732309
0,0,0.393276,0.237847,0.888123
0,0,0.0643695,0.298241,0.952318
0,0,-0.662733,0.474328,0.57948
0,0,0.96363,0.203942,0.172699
0,0,-0.481437,0.430711,0.763352
0,0,-0.843727,0.0665994,0.532625
0,0,-0.518092,-0.458952,0.721765
0,0,0.271318,0.941598,0.19945
0,0,0.534754,-0.457327,0.710556
0,0,0.94428,-0.31662,0.089922
0,0,-0.535893,0.625254,0.56734
0,0,0.532114,-0.485853,0.693398
0,0,0.84901,-0.265801,0.456654
15.2596,21.1471,-0.292178,-0.0500695,0.955052
0,0,0.692059,0.117931,0.712142
0,0,0.378218,-0.790486,0.481749
0,0,0.550514,-0.463223,0.69452
0,0,0.662442,0.0707388,0.745766
0,0,-0.996519,0.0777268,0.0301558
0,0,-0.0573463,0.86389,0.500406
0,0,-0.414796,-0.401447,0.816568
17.2069,25.4556,0.289582,-0.0876577,0.953131
0,0,0.480075,0.800526,0.358729
0,0,-0.0041797,0.884922,0.465721
0,0,0.972395,0.232825,0.0154937
0,0,-0.486351,-0.363116,0.794739
0,0,-0.885324,-0.299941,0.355298
0,0,0.444051,0.876668,0.185126
0,0,0.307785,-0.319543,0.896192
0,0,-0.365261,-0.464151,0.806938
0,0,0.790144,-0.310215,0.528619
0,0,-0.178527,0.949599,0.257662
0,0,0.980904,-0.113788,0.157735
0,0,-0.892984,-0.373721,0.250824
0,0,-0.606564,-0.503055,0.615643
0,0,-0.203554,-0.638359,0.742337
0,0,-0.801954,0.0946719,0.589837
0,0,0.989718,0.060412,0.129649
0,0,-0.54145,0.0306815,0.840173
0,0,0.0900115,0.445601,0.890695
7.68361,11.9381,0.879183,0.459797,0.124995
0,0,-0.638684,-0.323498,0.698163
0,0,-0.764101,-0.0892163,0.638898
0,0,-0.510701,-0.800517,0.313619
0,0,-0.581166,-0.72941,0.360842
0,0,-0.0196316,-0.987107,0.158856
0,0,-0.881316,-0.358685,0.307616
0,0,-0.59015,-0.701931,0.398768
23.085,33.2019,-0.247512,0.234837,0.939994
0,0,0.341333,-0.844745,0.412185
0,0,0.533001,0.678759,0.505169
0,0,0.514788,-0.836235,0.188953
0,0,-0.74267,0.635823,0.210168
0,0,-0.496975,0.438198,0.748999
0,0,-0.821665,-0.432758,0.370928
0,0,-0.858956,0.226333,0.459312
0,0,0.688752,0.480415,0.542976
0,0,0.903863,-0.00115231,0.42782
0,0,-0.106297,0.321748,0.94084
0,0,-0.0399357,-0.847468,0.529342
0,0,-0.989105,-0.0577656,0.135403
0,0,-0.342167,0.71931,0.604578
0,0,0.458697,0.160282,0.874017
0,0,0.583445,0.81,0.0590884
0,0,0.230453,0.0811547,0.969693
0,0,0.979486,0.129032,0.15478
0,0,-0.238179,-0.960131,0.146354
0,0,-0.976448,-0.0254625,0.214245
0,0,-0.258091,0.764731,0.590402
0,0,-0.671509,0.674199,0.307461
0,0,0.445932,0.789151,0.422357
0,0,0.921593,-0.165641,0.35104
0,0,-0.592472,-0.638918,0.490674
0,0,-0.311433,0.693305,0.649875
0,0,0.820142,-0.462865,0.336337
0,0,0.622785,-0.294398,0.724892
0,0,0.145521,-0.603853,0.7837
0,0,0.815219,0.394302,0.424198
0,0,-0.606802,0.77763,0.164569
0,0,0.857659,0.082541,0.507551
0,0,-0.475077,-0.322584,0.818683
0,0,0.395527,-0.260757,0.880661
0,0,0.19713,0.359371,0.912136
0,0,-0.216708,0.587502,0.779666
0,0,-0.552111,0.435901,0.710749
0,0,-0.155837,0.400542,0.902929
0,0,-0.999353,0.0355612,0.00537375
0,0,0.770638,-0.308993,0.557351
0,0,-0.560567,-0.546244,0.6224
0,0,-0.166226,0.923102,0.346774
0,0,-0.582581,-0.412522,0.700303
0,0,-0.202988,-0.0523574,0.97778
0,0,0.248023,-0.773302,0.583515
0,0,-0.905895,-0.364995,0.214787
0,0,0.737568,0.134136,0.661817
0,0,0.815232,0.0848768,0.572881
0,0,0.886051,-0.385543,0.25743
0,0,0.87614,0.412045,0.250195
7.44988,10.8443,-0.0103304,0.197283,0.980292
0,0,0.890603,-0.274649,0.362485
0,0,0.433108,0.0148687,0.90122
0,0,-0.149608,-0.816692,0.557344
0,0,0.620942,0.627625,0.469593
0,0,-0.407958,0.796267,0.446686
0,0,0.248246,-0.940307,0.232802
0,0,0.673918,-0.505455,0.538841
0,0,-0.902963,0.371971,0.215162
0,0,-0.579838,0.707911,0.403298
0,0,-0.857569,0.436613,0.271927
0,0,-0.154686,-0.986382,0.0558861
22.5757,34.3585,0.530789,-0.128401,-0.837721
0,0,-0.582948,-0.692771,0.424547
0,0,-0.117478,0.85217,0.509908
0,0,0.0556484,-0.607738,0.792185
0,0,-0.487459,0.857558,0.164249
0,0,-0.15427,0.216915,0.963923
0,0,0.756754,0.543667,0.362974
0,0,0.413152,0.817742,0.400754
0,0,0.124184,-0.128314,0.983928
0,0,0.832633,0.296524,0.467756
1.7715,2.41647,0.216703,-0.511646,0.831419
0,0,0.811422,0.582929,0.0422726
0,0,0.325946,0.373424,0.868512
0,0,-0.376586,-0.658651,0.651431
0,0,-0.906978,-0.419005,0.0427306
0,0,-0.463539,-0.28363,0.839456
0,0,0.859476,-0.51078,0.0201428
22.436,34.0813,0.156959,-0.0133423,0.987515
0,0,-0.244926,-0.883856,0.398509
0,0,0.623901,0.743555,0.24057
6.63528,9.45974,0.36069,-0.309695,0.879768
0,0,-0.813388,-0.306957,0.494143
0,0,-0.672248,-0.0132314,0.740208
0,0,-0.595904,0.741155,0.309172
0,0,-0.229207,-0.70754,0.66847
16.8157,24.8195,0.0927917,-0.360664,0.928068
0,0,0.320209,-0.824636,0.466305
0,0,0.279432,-0.958609,0.0546523
0,0,0.591118,0.318899,0.740867
0,0,-0.177365,0.443398,0.878601
0,0,-0.313658,0.730718,0.606357
0,0,0.623181,0.177094,0.761763
0,0,-0.258833,0.273834,0.926294
0,0,0.278932,0.919387,0.277354
0,0,-0.670999,0.274203,0.688893
0,0,-0.15205,-0.988372,0.00104196
0,0,0.273765,-0.856837,0.436902
0,0,-0.991891,-0.0247558,0.12466
0,0,0.640731,-0.676313,0.363406
0,0,0.120879,-0.569273,0.813214
0,0,0.498623,0.477488,0.72345
0,0,-0.689964,0.711497,0.133121
0,0,0.767355,-0.583287,0.266351
0,0,0.45696,0.889304,0.0180262
0,0,-0.0340916,0.989994,0.136927
0,0,0.254612,0.800628,0.542372
0,0,0.900982,0.359419,0.243001
0,0,-0.149641,0.362788,0.919778
0,0,0.942129,-0.303196,0.143057
0,0,-0.836613,0.360724,0.412259
0,0,-0.491371,-0.657036,0.571715
0,0,0.207334,-0.0599466,0.976432
0,0,-0.433308,0.675178,0.596975
0,0,0.596959,-0.60251,0.529737
0,0,-0.853041,0.455477,0.254678
0,0,-0.405927,-0.604925,0.685047
0,0,-0.676681,0.678044,0.286984
0,0,0.114179,-0.783615,0.610665
0,0,0.249468,0.647307,0.72025
0,0,0.773112,0.473984,0.42147
0,0,0.786668,0.446212,0.426671
0,0,-0.708015,-0.394483,0.585746
0,0,0.136085,0.597305,0.790385
0,0,0.322069,-0.839035,0.438511
0,0,0.176439,0.365148,0.914077
0,0,-0.116553,0.651832,0.749353
22.8655,33.2033,-0.461569,-0.671205,-0.580033
0,0,0.860649,-0.495156,0.118756
0,0,0.122698,0.729203,0.673207
0,0,-0.373197,-0.87739,0.301514
0,0,0.84737,-0.484676,0.216919
0,0,0.967496,-0.250829,0.0322017
0,0,-0.37308,-0.799345,0.471019
0,0,-0.766821,0.170604,0.618773
0,0,-0.350152,0.803643,0.481197
0,0,-0.613304,0.754171,0.2347
0,0,0.559522,0.495583,0.664328
0,0,-0.548891,-0.372504,0.748304
0,0,-0.691553,0.603041,0.397613
0,0,-0.604084,0.0190427,0.796693
0,0,0.873588,0.393484,0.28638
0,0,-0.587981,-0.545079,0.597635
0,0,-0.528688,0.413468,0.741305
0,0,-0.264163,-0.495019,0.827752
0,0,-0.839523,0.538832,0.0697258
0,0,0.525047,-0.576983,0.625633
0,0,0.316301,0.411881,0.85458
0,0,0.66792,0.0505513,0.742514
0,0,-0.929324,0.286541,0.232918
0,0,-0.256112,0.35931,0.897387
0,0,-0.272517,-0.657837,0.702128
0,0,0.934404,-0.337482,0.114
0,0,0.808308,0.587173,0.0432018
0,0,-0.842321,0.041269,0.537393
0,0,0.789797,0.574794,0.214083
0,0,-0.470807,0.318273,0.822827
0,0,-0.896219,-0.41229,0.163732
0,0,0.689473,-0.261345,0.675519
0,0,0.174298,0.276657,0.94503
0,0,0.641936,-0.76656,0.0174349
0,0,-0.216774,0.901528,0.374507
0,0,0.627394,-0.445606,0.638602
0,0,0.592988,-0.580166,0.558366
0,0,0.085639,-0.524847,0.846877
0,0,0.135821,-0.391419,0.910134
0,0,-0.295993,0.909137,0.293015
0,0,-0.366889,0.429471,0.825195
0,0,0.64625,0.672552,0.360604
0,0,0.626367,-0.526783,0.574599
0,0,0.160341,0.573113,0.803637
0,0,0.520705,0.852918,0.0373849
0,0,-0.302305,0.894967,0.328094
0,0,0.42349,0.217076,0.879508
0,0,0.418342,-0.89995,0.122801
0,0,0.366948,-0.62054,0.693022
0,0,-0.586189,-0.727057,0.357449
0,0,-0.100434,0.546694,0.831287
0,0,-0.91745,0.3881,0.0875468
0,0,-0.671948,0.604414,0.427983
0,0,-0.934952,0.278289,0.220047
0,0,-0.252672,-0.834591,0.489505
0,0,0.207479,0.587898,0.781875
0,0,0.607794,0.179304,0.773587
0,0,0.778689,0.00615859,0.62738
0,0,-0.0596161,0.983816,0.168974
0,0,-0.579821,-0.675787,0.455105
0,0,-0.538313,0.735114,0.412101
0,0,0.305413,0.11177,0.945637
0,0,-0.099149,0.83533,0.540734
0,0,0.151868,0.972527,0.176427
0,0,0.998358,0.0037168,0.0571541
0,0,-0.639312,0.0939673,0.763184
0,0,-0.708734,-0.231101,0.666549
0,0,-0.875066,0.282082,0.393305
0,0,0.0315763,-0.174814,0.984095
0,0,0.173404,-0.495487,0.851131
0,0,0.155919,0.636861,0.755048
0,0,0.781155,-0.584879,0.218435
0,0,-0.966363,-0.255677,0.0277901
0,0,-0.0861028,-0.765202,0.638006
0,0,0.917905,-0.379315,0.116493
0,0,0.106983,-0.0109092,0.994201
0,0,0.557414,-0.20933,0.803412
0,0,-0.276525,0.0779506,0.95784
0,0,-0.0701617,-0.414736,0.907233
0,0,0.931043,-0.147662,0.333699
0,0,0.280327,0.94371,0.175582
0,0,0.800702,0.411163,0.435685
0,0,-0.0712402,0.977378,0.199142
0,0,0.933607,-0.185309,0.306656
0,0,-0.484858,0.233211,0.842927
0,0,-0.328238,-0.656572,0.679097
0,0,0.242853,0.51956,0.819195
0,0,-0.469445,0.676045,0.567965
0,0,0.0815853,-0.480181,0.873367
0,0,0.474323,0.325359,0.818022
0,0,0.633132,-0.765854,0.112302
0,0,0.0610268,0.690054,0.72118
0,0,-0.288866,-0.773191,0.564563
0,0,0.471668,0.394985,0.788363
0,0,0.767326,0.361508,0.529644
0,0,-0.238767,0.675963,0.697183
17.5349,24.5661,0.604919,0.564733,0.561382
15.9805,21.9193,0.227021,0.0202717,0.973679
0,0,0.936514,-0.27614,0.216075
0,0,0.614326,0.36059,0.70184
0,0,0.783317,0.433893,0.445141
0,0,0.88518,0.288046,0.365356
0,0,0.254015,0.595188,0.762383
0,0,-0.808092,0.413266,0.419761
0,0,-0.952085,-0.198137,0.232971
0,0,-0.59524,-0.745114,0.300824
0,0,-0.956494,-0.150254,0.250088
15.1541,21.6861,-0.553249,0.429104,0.713993
0,0,-0.149117,-0.988793,0.0072238
0,0,0.761236,0.594638,0.258698
0,0,0.48248,0.798028,0.361059
0,0,0.227125,0.971613,0.0662055
0,0,-0.18228,0.057517,0.981563
0,0,-0.818916,0.522487,0.237454
0,0,-0.037756,0.430147,0.901969
0,0,0.436429,0.445211,0.781867
0,0,0.845334,-0.534098,0.0122207
0,0,0.978846,-0.140566,0.148668
0,0,0.300498,-0.89273,0.335758
0,0,0.755372,-0.533407,0.380644
0,0,0.277149,-0.617687,0.73597
0,0,0.035975,0.924062,0.380546
22.7587,30.6973,-0.390566,0.241474,0.88834
0,0,0.243308,0.364016,0.899051
0,0,-0.45442,-0.888793,0.0595705
0,0,0.387778,0.73763,0.552748
0,0,-0.289654,-0.879766,0.376977
0,0,0.0968563,0.990711,0.0954527
0,0,-0.00595245,0.802543,0.596565
0,0,-0.457837,-0.482147,0.74694
0,0,-0.98691,-0.151181,0.0561494
0,0,0.247676,-0.191705,0.949687
0,0,0.480958,0.799216,0.360463
0,0,-0.261936,0.861138,0.435696
0,0,0.682591,-0.378093,0.625391
0,0,0.33269,0.677965,0.655501
0,0,0.861128,-0.505754,0.0516878
0,0,-0.279669,-0.606086,0.74461
0,0,-0.551737,0.177814,0.814843
0,0,-0.0475658,-0.15263,0.987138
0,0,-0.582062,0.0802466,0.809175
0,0,-0.529907,0.841663,0.103933
0,0,-0.65769,-0.745167,0.110323
0,0,-0.0492966,-0.861062,0.506104
0,0,0.225921,0.876188,0.42574
0,0,-0.0873119,0.994574,0.0565558
0,0,-0.0247604,-0.998756,0.0432742
0,0,-0.00380693,-0.296023,0.955173
0,0,-0.49541,0.402418,0.769824
0,0,-0.566323,-0.369451,0.736739
0,0,-0.161044,-0.740556,0.652412
0,0,-0.159019,-0.323418,0.932799
0,0,0.243605,0.465567,0.850825
0,0,0.107758,-0.544058,0.8321
0,0,-0.849137,0.395887,0.349629
0,0,-0.295957,0.140406,0.944826
0,0,0.345193,-0.496791,0.796267
0,0,-0.963135,0.153294,0.221069
0,0,0.495046,-0.479524,0.72456
0,0,0.910665,-0.0705094,0.407085
0,0,0.262338,-0.909406,0.322738
0,0,0.824323,-0.499354,0.266718
0,0,0.758485,0.269305,0.593443
0,0,0.400759,-0.162139,0.901723
0,0,-0.947869,-0.303391,0.0974632
0,0,-0.60239,0.747607,0.27966
0,0,-0.14289,0.610973,0.778649
23.4215,36.2993,-0.23907,-0.753834,0.612029
0,0,0.0218291,0.997,0.0742576
0,0,-0.0140541,0.27163,0.962299
0,0,0.0968977,-0.433581,0.89589
0,0,0.0394189,-0.983992,0.173796
0,0,0.86211,-0.417196,0.2876
0,0,0.880252,-0.0440669,0.472455
0,0,-0.386025,0.263928,0.883927
0,0,-0.588172,0.316993,0.744022
0,0,-0.00974307,0.695075,0.718872
0,0,0.813158,-0.318573,0.487119
0,0,-0.932435,0.352497,0.079441
0,0,-0.944875,-0.152797,0.289594
0,0,0.821568,-0.566805,0.0613104
0,0,0.43031,0.864894,0.258442
0,0,0.387029,0.415466,0.823162
0,0,0.704832,-0.45415,0.54494
0,0,0.956574,0.28055,0.0791069
0,0,-0.515672,-0.856636,0.0160346
0,0,-0.860119,-0.150223,0.487471
0,0,-0.170582,0.49769,0.850415
0,0,-0.582722,-0.676088,0.450932
0,0,0.793281,0.271757,0.544843
0,0,0.505758,0.70432,0.498139
0,0,0.61051,-0.522311,0.595373
0,0,-0.226641,-0.957279,0.179584
0,0,-0.190481,-0.888422,0.417641
0,0,0.630742,0.768919,0.104537
0,0,0.168185,-0.953689,0.249381
0,0,0.0318725,0.033888,0.998917
0,0,-0.120787,-0.440185,0.889746
0,0,-0.390149,0.891546,0.230064
0,0,0.855739,-0.043169,0.515603
0,0,0.2495,0.0949029,0.963713
0,0,-0.736805,0.390452,0.551966
0,0,0.745761,-0.445986,0.494911
0,0,0.9318,-0.362436,0.0197074
0,0,-0.368743,-0.893899,0.254898
0,0,0.970339,-0.204069,0.129604
0,0,-0.347615,0.926619,0.14332
0,0,0.480929,0.79881,0.361401
0,0,0.865914,0.452229,0.213733
0,0,0.593689,-0.185782,0.782955
0,0,-0.456661,0.803467,0.38197
0,0,-0.214452,0.31646,0.924047
0,0,-0.949414,-0.0381194,0.311704
0,0,0.238764,0.93445,0.264189
0,0,-0.223792,-0.971087,0.0831035
0,0,0.237835,-0.929084,0.283264
0,0,0.139204,0.395934,0.907667
0,0,-0.52407,-0.466485,0.71256
0,0,0.19948,0.576637,0.792274
0,0,0.379898,0.24939,0.890776
0,0,-0.202952,-0.971022,0.1262
0,0,-0.571828,0.726412,0.381232
0,0,0.668568,0.135921,0.731124
0,0,0.573458,0.117732,0.810731
0,0,-0.230198,0.51296,0.826971
0,0,-0.623872,-0.449805,0.639108
0,0,-0.551692,-0.704434,0.446552
0,0,-0.0181115,-0.977899,0.208292
0,0,-0.986323,-0.16354,0.0205417
0,0,0.0787975,-0.677637,0.731163
0,0,0.529747,0.293044,0.795923
0,0,0.60732,0.355719,0.710371
0,0,0.893364,0.181821,0.410903
0,0,0.948819,0.303768,0.0864219
0,0,0.472939,0.817773,0.327987
0,0,-0.185982,0.734175,0.652992
0,0,0.319875,-0.892216,0.318795
0,0,-0.178106,-0.290209,0.940243
0,0,-0.930495,0.363218,0.0474476
0,0,0.333615,0.0440037,0.941682
0,0,-0.58034,-0.734944,0.350803
0,0,0.578089,0.650847,0.492149
0,0,0.970755,-0.210053,0.116242
0,0,0.160323,-0.660836,0.733207
0,0,-0.760554,0.15597,0.630263
0,0,-0.38328,0.663213,0.642841
0,0,-0.205489,-0.607573,0.767222
0,0,0.0609354,0.977856,0.200212
0,0,-0.579426,-0.768254,0.272125
0,0,-0.0192458,-0.736415,0.676256
0,0,-0.76806,-0.630221,0.113603
0,0,0.339124,0.938757,0.0610709
0,0,-0.703995,0.117085,0.700487
0,0,0.924085,0.293805,0.244429
0,0,0.0741034,0.910384,0.407075
0,0,-0.195866,-0.959128,0.20423
0,0,0.480397,0.466165,0.742905
0,0,-0.144775,0.842108,0.519513
0,0,-0.493886,0.701656,0.513571
0,0,0.0492785,0.652494,0.75619
0,0,0.675327,-0.722933,0.145953
0,0,0.473771,-0.620852,0.624567
0,0,-0.302829,0.920788,0.245853
0,0,0.268089,0.125073,0.955241
0,0,-0.841596,-0.539912,0.0145367
0,0,-0.908695,0.141203,0.392856
0,0,-0.679658,-0.679965,0.275158
0,0,0.76546,-0.505155,0.39861
0,0,-0.971435,-0.0102615,0.237083
0,0,0.79778,-0.588876,0.129506
0,0,0.435972,-0.884745,0.164786
0,0,-0.0677842,0.99234,0.103275
0,0,0.198402,-0.716667,0.6686
0,0,0.0854596,-0.6463,0.758283
0,0,-0.597231,0.088893,0.797128
0,0,-0.871791,-0.109037,0.477589
0,0,0.0272489,-0.942676,0.332595
0,0,0.921469,-0.0316067,0.387164
0,0,0.291425,0.231504,0.928158
0,0,-0.441201,-0.398989,0.803835
0,0,0.177761,-0.849318,0.497051
0,0,0.712833,0.335858,0.615686
0,0,0.811009,0.117856,0.57304
0,0,0.978891,-0.0452668,0.199306
0,0,0.316037,0.743155,0.58978
0,0,0.696979,0.369461,0.614589
0,0,0.0924639,0.890277,0.445934
0,0,-0.547719,-0.764786,0.339273
0,0,0.971788,-0.124354,0.200408
0,0,0.499673,0.465785,0.730322
0,0,-0.37284,0.327775,0.868075
0,0,-0.914019,-0.391281,0.107092
0,0,0.688041,-0.70034,0.190061
0,0,0.21962,-0.636545,0.739309
0,0,-0.400233,-0.442369,0.802573
0,0,-0.17044,-0.350767,0.920822
0,0,-0.526645,0.767749,0.364974
0,0,0.775411,-0.616336,0.137357
0,0,0.534233,-0.747326,0.395094
0,0,-0.324216,-0.943734,0.0651898
0,0,-0.00360014,0.832541,0.553951
0,0,-0.86594,-0.259644,0.427473
0,0,-0.301005,-0.95326,0.0262989
0,0,-0.929202,0.0856095,0.35952
0,0,-0.397435,0.418235,0.816777
0,0,-0.570296,-0.477551,0.668362
0,0,-0.365942,-0.829088,0.422728
0,0,-0.392224,-0.155359,0.906655
0,0,0.204478,0.899771,0.385489
0,0,0.199862,0.286932,0.93687
0,0,0.485568,0.793489,0.366877
0,0,0.484612,-0.660848,0.573089
0,0,0.337308,0.575737,0.744816
0,0,0.596081,-0.257324,0.760573
0,0,0.545384,-0.447892,0.708484
0,0,0.686828,0.467783,0.556278
0,0,0.719758,0.396785,0.569657
0,0,-0.412828,0.858881,0.303143
0,0,-0.45208,0.872023,0.187613
0,0,-0.657684,-0.682021,0.319843
0,0,0.569066,-0.181637,0.80198
0,0,-0.987995,0.127346,0.087458
0,0,-0.110586,0.98976,0.0902495
0,0,-0.212525,0.940784,0.264118
0,0,0.156562,-0.987467,0.0199396
0,0,0.496185,0.519902,0.695343
0,0,0.880304,0.14895,0.450421
0,0,0.463566,0.0553713,0.88433
0,0,0.219325,-0.911809,0.347133
0,0,0.351232,-0.685235,0.638035
0,0,0.110269,0.866332,0.487144
0,0,0.469726,-0.878578,0.0863593
0,0,-0.604625,0.755052,0.253626
0,0,-0.365172,0.406247,0.837624
0,0,-0.102207,-0.450115,0.887102
0,0,-0.572474,-0.676982,0.462568
0,0,-0.952172,0.255746,0.167222
0,0,-0.593342,0.504032,0.627613
0,0,0.0438854,0.295118,0.954452
0,0,-0.400538,-0.148104,0.904231
0,0,-0.730491,-0.494166,0.471362
0,0,-0.420178,-0.515538,0.746774
0,0,0.372457,0.128322,0.919135
0,0,-0.919966,-0.0571075,0.387816
0,0,0.65576,-0.678577,0.330927
0,0,0.853162,-0.376993,0.360541
0,0,0.680974,-0.675049,0.283872
0,0,-0.0940011,-0.0399349,0.994771
0,0,-0.168196,-0.778137,0.605156
0,0,-0.612952,-0.610169,0.50198
0,0,-0.797255,-0.424602,0.429066
0,0,-0.806357,0.5858,0.0814043
0,0,-0.599863,0.499483,0.625045
0,0,0.665846,-0.736018,0.122176
0,0,0.172995,-0.802265,0.571353
0,0,-0.260549,0.904357,0.338011
0,0,-0.128898,0.920481,0.368919
0,0,0.39174,0.145509,0.908497
0,0,-0.589786,0.784239,0.192669
0,0,-0.599692,0.376287,0.706242
0,0,0.155606,0.954464,0.254528
0,0,-0.774055,0.632271,0.0327494
0,0,0.206882,-0.0204279,0.978153
0,0,0.0272178,0.849989,0.526098
0,0,-0.627145,-0.762967,0.15675
0,0,-0.360302,-0.764905,0.53395
0,0,0.835476,-0.0824431,0.543307
0,0,-0.4373,0.854394,0.280676
0,0,-0.959059,0.163613,0.231165
0,0,0.48858,0.141301,0.861001
0,0,-0.227602,0.954357,0.193392
0,0,-0.221058,0.526971,0.820631
0,0,0.347092,-0.365165,0.863818
0,0,0.175117,0.917371,0.357441
0,0,-0.999088,0.0251092,0.0345431
0,0,0.091668,-0.979549,0.179109
0,0,-0.353961,0.802762,0.479881
0,0,-0.215876,-0.69279,0.688069
0,0,0.770148,-0.42021,0.479891
0,0,-0.18455,0.972483,0.142192
0,0,-0.464353,-0.0098913,0.885595
0,0,-0.223372,0.961096,0.162482
0,0,-0.972319,-0.232948,0.0181702
0,0,-0.748121,0.132695,0.650159
0,0,0.328668,0.525134,0.784992
0,0,-0.422048,-0.565807,0.708335
0,0,0.85127,-0.339649,0.399972
14.4619,23.0253,0.75908,-0.185097,0.624129
0,0,-0.919951,-0.357238,0.161467
0,0,-0.252791,0.738901,0.624597
0,0,-0.471367,0.060678,0.879848
0,0,0.734839,-0.525057,0.429332
0,0,0.279574,-0.450276,0.847992
0,0,-0.656268,0.282668,0.69958
0,0,0.976224,0.140239,0.165288
0,0,0.914302,-0.29969,0.272466
0,0,-0.20619,0.975683,0.0743593
0,0,0.854001,0.338714,0.394911
0,0,0.768541,-0.605815,0.20575
0,0,0.488583,-0.832884,0.259984
0,0,0.360752,-0.0430258,0.931669
0,0,-0.689562,-0.0532512,0.722266
0,0,-0.840994,-0.503316,0.198499
0,0,-0.403411,-0.613211,0.679141
0,0,0.141062,-0.950772,0.275925
0,0,-0.628263,-0.268202,0.73031
0,0,0.587763,0.0443726,0.807816
0,0,0.671488,-0.727132,0.14277
0,0,0.631259,0.536601,0.559974
0,0,0.888083,0.0185061,0.45931
0,0,0.990709,-0.108151,0.0824551
0,0,-0.852031,-0.440043,0.283559
0,0,-0.955557,0.201816,0.2149
0,0,0.717741,-0.195503,0.668301
0,0,-0.989837,-0.139959,0.025166
0,0,-0.562515,-0.413402,0.716014
0,0,-0.18669,-0.808076,0.558713
0,0,-0.000587111,-0.998554,0.0537458
0,0,-0.731347,0.586838,0.347495
0,0,-0.560442,-0.291878,0.775056
0,0,-0.982704,-0.173935,0.0635581
0,0,0.27664,-0.406838,0.870605
0,0,0.7425,0.529994,0.409635
0,0,-0.537901,-0.076651,0.839516
0,0,0.783742,-0.619941,0.0376967
0,0,0.60526,-0.720391,0.33867
0,0,-0.928529,0.342387,0.143545
0,0,0.413164,-0.589343,0.694241
0,0,-0.898777,-0.433166,0.0675719
0,0,-0.526787,0.610559,0.591365
0,0,0.937368,0.148985,0.314874
0,0,0.902893,-0.331039,0.274221
0,0,-0.918768,-0.370259,0.13702
23.4911,34.2299,-0.208626,-0.746241,0.632139
0,0,0.532862,0.843811,0.0635778
0,0,0.840504,0.251421,0.479938
0,0,0.675979,0.527357,0.514731
0,0,0.974027,-0.221847,0.0453283
0,0,-0.422352,0.567799,0.706557
0,0,0.740892,-0.359154,0.567528
0,0,-0.709309,-0.335781,0.619784
0,0,0.95711,-0.261511,0.124707
0,0,-0.0827789,-0.871847,0.482732
0,0,0.237797,0.721178,0.650658
0,0,-0.944528,-0.0780961,0.319012
0,0,0.392204,-0.910271,0.1326
0,0,0.695431,-0.00429272,0.71858
0,0,-0.219235,-0.964602,0.146554
0,0,0.0538437,-0.987909,0.145386
0,0,-0.886772,0.288119,0.361417
0,0,0.68606,0.681196,0.255525
0,0,-0.461819,0.472076,0.750911
0,0,-0.599005,0.454085,0.659546
0,0,0.606072,0.792544,0.0674669
7.72899,9.57635,-0.278646,-0.394639,0.875566
0,0,-0.755289,0.249202,0.606165
0,0,-0.00366559,0.933049,0.359732
0,0,0.0037206,0.763116,0.64625
0,0,-0.259011,-0.346744,0.901489
0,0,-0.432032,-0.898274,0.0803226
0,0,-0.876079,0.117952,0.467517
0,0,0.996808,0.0321786,0.0730692
0,0,0.202339,-0.40673,0.890859
0,0,-0.310039,-0.29951,0.902314
0,0,0.0602056,-0.296689,0.953075
0,0,0.523102,0.211097,0.825713
0,0,-0.0659079,0.733775,0.676188
0,0,-0.247802,-0.571374,0.782385
0,0,-0.442767,-0.849289,0.287516
0,0,0.225957,0.650988,0.724678
0,0,0.578084,0.642207,0.503377
0,0,-0.269845,-0.722984,0.635986
0,0,-0.879404,0.280732,0.384498
0,0,-0.287864,-0.567328,0.771539
0,0,-0.793874,-0.517707,0.318971
0,0,-0.788264,-0.61097,0.0731835
0,0,0.249951,-0.647433,0.719969
0,0,-0.682485,0.669662,0.292861
0,0,0.520098,0.512971,0.682904
0,0,0.261699,-0.640259,0.722207
0,0,-0.0693675,-0.993267,0.0927885
0,0,0.313642,0.22238,0.923134
0,0,0.3506,-0.920149,0.174369
2.95576,4.45347,0.321533,0.0163222,0.946758
0,0,0.45108,0.313657,0.835551
0,0,-0.118598,0.469989,0.874669
0,0,0.796808,0.604211,0.00502623
0,0,0.583274,0.730028,0.356161
0,0,0.446247,-0.656309,0.608376
0,0,0.280313,0.155355,0.947254
0,0,0.598967,0.155128,0.785604
0,0,-0.127856,-0.982342,0.136592
0,0,-0.351516,0.933124,0.075602
0,0,0.44612,-0.342229,0.826956
0,0,0.690754,-0.311086,0.652751
0,0,-0.0188423,-0.359315,0.933026
0,0,0.863575,-0.440607,0.24516
0,0,-0.859368,-0.240796,0.451113
0,0,0.881428,-0.401222,0.249211
0,0,-0.553017,0.263305,0.79047
0,0,0.889445,-0.3752,0.260985
0,0,-0.418318,0.8903,0.179935
0,0,-0.798854,0.385735,0.461564
0,0,0.842746,-0.442061,0.307184
0,0,-0.287233,0.321877,0.90216
0,0,0.151457,-0.815812,0.558133
0,0,0.71797,-0.381189,0.58242
0,0,-0.27728,-0.248215,0.928173
14.5943,20.5094,-0.156098,-0.144147,0.977167
0,0,-0.730189,-0.531756,0.429022
0,0,-0.552191,-0.0987217,0.827852
0,0,-0.943159,-0.320186,0.0890602
0,0,-0.774684,0.629876,0.0558679
0,0,-0.175904,-0.943986,0.279193
0,0,0.608414,-0.766655,0.205116
0,0,0.557891,0.308675,0.770375
0,0,0.144286,-0.970996,0.190653
0,0,0.605298,-0.261158,0.751938
0,0,-0.92554,-0.202139,0.32018
0,0,0.56015,-0.286551,0.777252
0,0,-0.559005,-0.294087,0.775259
0,0,-0.093757,-0.995553,0.0091921
0,0,0.473503,-0.644873,0.599945
0,0,-0.780116,-0.617695,0.0993614
0,0,0.663535,-0.605393,0.439568
0,0,-0.3681,-0.60475,0.706244
0,0,0.741526,0.254967,0.62059
0,0,0.397103,-0.284801,0.872466
0,0,0.552534,0.575071,0.603324
0,0,-0.976674,0.193355,0.0933843
0,0,0.656184,-0.713472,0.245724
0,0,-0.454266,-0.3631,0.813511
0,0,-0.074118,0.911501,0.404565
0,0,-0.926101,-0.205421,0.316449
0,0,0.584482,-0.751884,0.305044
0,0,0.776866,-0.122064,0.617722
0,0,0.183835,0.932677,0.310353
0,0,0.168766,0.439503,0.882245
0,0,-0.60662,0.77116,0.193195
0,0,0.389127,0.699211,0.599736
0,0,-0.777674,0.49777,0.38399
0,0,-0.435506,0.711003,0.552095
0,0,0.112796,-0.990826,0.0744378
0,0,0.149565,-0.963163,0.223488
0,0,-0.541098,0.809675,0.227242
0,0,0.487728,-0.840597,0.235623
0,0,-0.78976,0.527863,0.312473
0,0,-0.802897,0.472471,0.363493
0,0,-0.443385,0.785767,0.431254
0,0,0.560249,0.752081,0.347125
0,0,-0.65303,-0.708916,0.266439
0,0,-0.374811,0.925011,0.062223
0,0,-0.762524,0.615646,0.198841
0,0,0.279309,-0.939079,0.200291
0,0,0.276813,-0.838749,0.468908
0,0,0.756314,-0.464387,0.460796
0,0,0.331487,-0.873498,0.356536
0,0,0.254616,0.574707,0.777742
0,0,0.410588,0.440456,0.798383
0,0,-0.695075,-0.587648,0.414174
0,0,0.495745,-0.811533,0.309275
0,0,0.102246,0.846682,0.522184
0,0,0.725025,0.584753,0.363871
0,0,-0.527089,0.83432,0.161519
0,0,-0.0635664,0.980681,0.184997
0,0,-0.792636,0.13909,0.593618
0,0,0.772765,0.515265,0.370589
0,0,-0.620886,0.0172279,0.783711
0,0,0.141366,-0.679498,0.719929
0,0,-0.303459,0.220667,0.92694
0,0,0.800568,0.494369,0.33866
0,0,0.887564,-0.205605,0.412257
0,0,0.90854,0.0423367,0.415647
0,0,0.271287,0.734893,0.621559
0,0,-0.833743,-0.254401,0.490053
0,0,0.177912,0.710462,0.680875
0,0,-0.587105,0.765076,0.264512
0,0,0.96743,-0.0559091,0.246889
0,0,-0.623986,0.778768,0.0645141
0,0,-0.833441,0.551537,0.034396
0,0,0.668791,0.685451,0.287882
0,0,0.578019,-0.80961,0.102106
0,0,-0.944552,0.239101,0.225062
0,0,0.471944,0.730993,0.492866
0,0,0.187997,0.799141,0.570991
0,0,-0.0457169,0.862134,0.504613
0,0,0.641617,0.575848,0.506682
0,0,-0.134759,-0.853421,0.503501
0,0,0.134258,-0.53836,0.831951
0,0,-0.338817,-0.935762,0.0977383
0,0,0.180356,0.85932,0.478582
0,0,0.178648,0.574469,0.798793
0,0,0.926372,-0.0282339,0.375551
22.3228,32.1495,-0.111458,0.142247,0.983536
0,0,0.225904,0.333104,0.915428
0,0,0.691133,-0.513533,0.508546
0,0,-0.674284,0.23932,0.698618
0,0,0.534222,-0.844206,0.0438391
0,0,0.328926,-0.477741,0.814599
0,0,-0.636385,0.532043,0.55852
0,0,-0.976994,-0.129052,0.16979
0,0,-0.66558,0.713962,0.2174
0,0,-0.0884986,0.945793,0.312479
0,0,0.53492,0.33414,0.776022
0,0,0.932703,0.0601715,0.355591
0,0,0.918409,0.0386458,0.393741
0,0,-0.496763,0.807037,0.319246
0,0,-0.112961,-0.40839,0.905791
0,0,-0.958799,0.268783,0.0919757
2.5657,4.03498,0.364523,-0.098416,0.925979
0,0,0.529754,-0.823362,0.203558
0,0,-0.25436,-0.917963,0.304375
0,0,-0.0318144,-0.980517,0.193843
0,0,-0.523505,0.731874,0.436237
0,0,-0.855877,0.2484,0.453622
0,0,-0.936172,0.215795,0.277514
0,0,-0.95048,0.297556,0.0897073
0,0,-0.0272318,-0.96762,0.250938
0,0,-0.866178,-0.482059,0.131741
0,0,0.132793,-0.403621,0.905238
0,0,0.480548,-0.389407,0.78577
0,0,0.892046,-0.0512315,0.449032
0,0,0.859004,0.508851,0.0564149
0,0,-0.135278,0.976307,0.168891
0,0,0.402335,0.510952,0.759641
0,0,-0.144562,-0.606582,0.781767
0,0,-0.859633,-0.414221,0.299085
0,0,-0.43672,-0.846307,0.305026
0,0,-0.678203,-0.703763,0.211563
0,0,-0.0655015,0.869596,0.4894
0,0,-0.850453,0.525979,0.0086526
0,0,-0.717025,-0.123524,0.686016
0,0,-0.768877,0.434724,0.468876
0,0,0.429814,-0.168709,0.887016
0,0,0.634863,0.686836,0.353843
0,0,0.168734,-0.974544,0.147624
0,0,0.0785322,-0.991145,0.107074
0,0,0.880619,-0.456715,0.126181
0,0,-0.880649,0.0204733,0.473327
0,0,0.784598,-0.294598,0.545544
0,0,-0.356933,0.706695,0.610885
0,0,-0.763201,0.479876,0.432716
0,0,0.564967,0.212627,0.797247
0,0,0.922518,-0.269932,0.275858
0,0,-0.041356,0.973316,0.225712
12.4505,18.2622,0.495617,0.626509,0.60154
0,0,-0.88046,0.333912,0.336591
0,0,0.731612,0.597623,0.32801
0,0,0.446237,0.460025,0.767626
0,0,-0.0972986,0.856046,0.50766
0,0,-0.854841,0.486316,0.180953
0,0,-0.84796,0.485346,0.21308
0,0,-0.71126,-0.675503,0.194436
0,0,-0.798266,-0.467604,0.379629
0,0,-0.153314,-0.625947,0.764647
0,0,0.953012,-0.288192,0.0933447
0,0,-0.130414,-0.822995,0.552875
0,0,-0.863746,0.117499,0.490038
0,0,-0.798716,0.0365435,0.600597
0,0,-0.989159,-0.139881,0.0446982
0,0,0.596435,0.691119,0.40819
0,0,0.820866,0.552868,0.143234
0,0,-0.190645,0.562402,0.804586
0,0,-0.267395,-0.556813,0.786422
0,0,0.287757,-0.918057,0.272704
0,0,-0.510256,-0.240174,0.825806
0,0,-0.601803,0.513002,0.612097
0,0,-0.797812,0.268535,0.539802
0,0,0.643512,0.735747,0.211111
0,0,-0.140826,0.985489,0.0947596
0,0,0.697376,0.683177,0.216647
0,0,-0.0271771,-0.996678,0.0767781
0,0,-0.7981,0.576994,0.173537
0,0,-0.0291957,0.817579,0.575076
0,0,0.31154,0.674485,0.669338
0,0,-0.873501,0.0329638,0.485706
0,0,0.203085,0.978964,0.0196493
0,0,-0.185334,0.801714,0.568249
0,0,-0.629667,-0.485454,0.606509
0,0,-0.887459,0.122823,0.444219
0,0,-0.454951,-0.890323,0.0185322
0,0,0.332937,0.884985,0.325506
0,0,0.470486,0.544274,0.694556
0,0,0.922536,-0.348733,0.165268
0,0,0.284305,-0.83912,0.463733
0,0,0.949338,0.292073,0.115976
0,0,-0.868646,-0.0178391,0.495111
0,0,0.14859,0.0616651,0.986974
0,0,0.217363,0.773948,0.594776
0,0,0.521255,0.824721,0.21938
0,0,0.0665283,0.696123,0.714834
0,0,-0.740907,0.304815,0.598452
0,0,0.159137,-0.769803,0.618126
0,0,0.0247272,-0.76755,0.640512
0,0,-0.0995691,-0.988866,0.110591
0,0,0.310975,-0.755533,0.576598
0,0,-0.228657,-0.698813,0.677773
0,0,-0.28116,0.542837,0.791377
0,0,0.0669042,-0.742488,0.66651
0,0,0.761621,0.621666,0.182934
0,0,-0.462215,0.598276,0.654541
0,0,-0.0917032,-0.974458,0.204995
0,0,-0.642591,-0.48641,0.592016
0,0,-0.347268,0.075057,0.934757
0,0,-0.412255,0.774996,0.478985
10.5441,15.783,0.604685,-0.0673886,0.793608
0,0,0.533297,-0.840596,0.0948266
0,0,-0.944696,-0.0270896,0.326826
0,0,0.389902,-0.184102,0.902266
0,0,0.963578,-0.260211,0.0616975
0,0,-0.438359,0.856453,0.272632
0,0,0.831234,0.210927,0.514354
0,0,0.31768,-0.541104,0.778644
0,0,-0.00952419,0.0117146,0.999886
0,0,0.684593,0.222105,0.694263
0,0,-0.647732,-0.4698,0.599776
0,0,0.492461,-0.555528,0.669978
0,0,0.753061,0.447078,0.482722
0,0,0.864198,-0.150296,0.48018
0,0,0.485592,0.284094,0.826735
0,0,0.905484,0.0440611,0.422087
0,0,0.253879,0.89326,0.370987
0,0,0.696814,-0.511847,0.502457
0,0,0.336467,-0.690505,0.640307
0,0,-0.857799,-0.426492,0.286855
0,0,-0.642328,-0.103217,0.759448
0,0,-0.636722,-0.346873,0.688669
0,0,-0.713588,-0.636598,0.292465
0,0,0.728991,0.343103,0.592328
0,0,0.988172,0.0062661,0.153218
0,0,-0.981514,-0.142839,0.127383
0,0,0.851031,-0.523882,0.0359647
0,0,0.832587,0.53669,0.136976
0,0,0.213775,0.940241,0.265043
0,0,0.313213,0.491247,0.812757
0,0,-0.902387,0.370942,0.219319
0,0,-0.652831,-0.500196,0.568873
0,0,0.387118,-0.260348,0.88451
0,0,0.48251,-0.57777,0.658305
0,0,-0.753009,-0.61933,0.222276
0,0,-0.178849,-0.729135,0.660587
0,0,-0.410367,0.485803,0.771747
0,0,0.364098,-0.348274,0.863792
0,0,-0.419356,-0.860182,0.290221
0,0,0.432725,0.869938,0.236553
0,0,0.59673,0.662151,0.453287
0,0,0.363814,0.869743,0.333447
0,0,-0.0295097,0.90478,0.424856
21.5003,29.7609,0.330269,-0.222673,0.917245
0,0,-0.219906,-0.917577,0.3312
0,0,0.62409,0.51621,0.586549
0,0,0.690292,0.374946,0.618799
0,0,-0.460146,-0.828224,0.31986
0,0,0.388344,0.101737,0.915881
0,0,-0.556285,-0.0150757,0.830855
0,0,0.539839,0.752672,0.376907
0,0,-0.828603,0.524876,0.194735
0,0,-0.0561673,-0.660266,0.748928
0,0,0.860631,0.354522,0.365552
0,0,-0.834052,0.0197449,0.551332
0,0,0.202888,-0.772625,0.601571
0,0,-0.868275,0.490268,0.0757288
0,0,-0.369099,-0.732367,0.572193
0,0,0.912472,0.26219,0.314089
0,0,-0.218989,0.585195,0.780763
0,0,0.717888,0.227484,0.657942
0,0,0.909904,-0.0210647,0.414283
0,0,-0.838736,0.239575,0.489005
0,0,0.566757,-0.823408,0.0280223
0,0,0.486829,0.848759,0.20641
0,0,0.892553,0.0536643,0.447738
0,0,0.987277,-0.139765,0.0758253
0,0,-0.844116,-0.494929,0.206189
0,0,0.280695,-0.611612,0.73969
0,0,0.86189,0.225124,0.454384
22.7107,31.1832,-0.0860318,0.117767,0.989308
0,0,0.702821,-0.677751,0.216093
0,0,-0.594187,-0.793155,0.133591
0,0,-0.113297,-0.572802,0.811826
0,0,-0.387363,0.921855,0.0115606
0,0,0.777541,0.624996,0.0693548
0,0,0.322602,-0.222699,0.919964
0,0,0.242752,-0.969836,0.0221379
0,0,0.957509,0.224058,0.181587
0,0,-0.133383,-0.953402,0.270618
0,0,-0.658977,0.746757,0.090015
0,0,0.531009,-0.240961,0.812384
0,0,0.506563,-0.557554,0.657668
0,0,-0.922733,-0.213516,0.320897
0,0,0.811431,0.51388,0.278402
0,0,-0.350032,0.796776,0.492571
0,0,-0.884802,-0.175169,0.431789
0,0,-0.440653,-0.229183,0.867929
0,0,0.335431,0.199316,0.920739
0,0,0.234497,-0.734364,0.636962
0,0,0.443262,0.889658,0.109668
0,0,-0.169551,-0.984798,0.0377468
0,0,-0.600603,0.171969,0.780835
0,0,-0.774316,0.437079,0.457598
0,0,0.867759,0.339118,0.36331
0,0,-0.296866,0.494273,0.817046
12.3151,18.7939,0.0115749,0.498718,0.866687
0,0,-0.862799,0.407137,0.299695
0,0,0.826514,0.558778,0.0681245
0,0,-0.611978,0.656849,0.440491
19.949,29.9569,-0.124366,-0.201561,0.971549
0,0,0.310562,0.321245,0.894624
0,0,0.381088,0.0358525,0.923843
0,0,-0.156217,0.986225,0.0543822
0,0,-0.954819,-0.292794,0.0509155
0,0,0.960128,0.179595,0.214241
0,0,0.661798,-0.450603,0.59915
0,0,0.446488,0.528872,0.721764
0,0,0.753166,0.102917,0.64973
0,0,-0.140409,0.911575,0.386415
0,0,0.901926,0.330899,0.277554
0,0,-0.432381,0.406572,0.804827
0,0,-0.492616,0.868966,0.0472031
0,0,-0.865052,-0.317461,0.388462
0,0,-0.596944,-0.66956,0.441982
0,0,0.446528,-0.119399,0.886768
0,0,-0.910672,0.395674,0.118823
0,0,-0.31646,0.866804,0.385362
0,0,0.603702,0.7972,0.00390219
0,0,0.283636,0.911131,0.298984
0,0,-0.675734,-0.684087,0.274607
0,0,-0.232278,0.786665,0.572018
0,0,-0.711959,-0.0489229,0.700515
0,0,0.925314,0.348667,0.14908
0,0,0.383895,0.887491,0.254921
0,0,-0.214846,-0.881915,0.419604
0,0,0.696526,0.319076,0.642683
0,0,0.989731,0.0289521,0.13998
0,0,-0.572503,0.180698,0.799743
0,0,-0.339364,-0.865396,0.368677
0,0,0.806331,-0.582711,0.101383
0,0,-0.874908,0.16072,0.456843
0,0,-0.788259,-0.57539,0.218114
0,0,0.787453,-0.616084,0.0189376
0,0,0.103589,-0.1934,0.975636
0,0,-0.580042,-0.678052,0.451438
0,0,-0.0663969,0.966141,0.249324
0,0,0.00957592,0.812152,0.583368
0,0,0.257252,0.467373,0.845804
0,0,-0.557204,-0.387893,0.734208
0,0,-0.0479883,0.146714,0.988014
0,0,-0.360176,0.779698,0.512196
0,0,0.940457,-0.211572,0.266041
0,0,-0.395728,-0.872971,0.285169
0,0,-0.321587,-0.267233,0.908388
0,0,-0.247322,0.192528,0.949613
0,0,0.0550477,0.0588878,0.996746
0,0,0.29459,-0.867739,0.400308
0,0,0.281991,-0.926171,0.250376
0,0,0.280066,0.276566,0.919279
0,0,-0.777857,-0.591541,0.212173
0,0,0.563566,0.619249,0.54674
0,0,0.607123,-0.604658,0.515549
0,0,-0.349335,0.936515,0.0300747
0,0,0.927348,0.271716,0.257288
0,0,0.919126,0.347561,0.185495
0,0,-0.642626,-0.680543,0.351984
0,0,0.241088,-0.882693,0.403399
0,0,0.825113,-0.135303,0.548527
0,0,-0.672311,0.663543,0.32819
0,0,-0.264631,0.399982,0.877487
0,0,0.118838,-0.0109668,0.992853
0,0,0.885355,-0.442624,0.142232
0,0,-0.679482,0.0297983,0.733086
0,0,0.978578,-0.172238,0.112783
0,0,0.567899,0.351099,0.744459
17.1096,26.1497,-0.21192,0.119628,0.969938
0,0,-0.376219,0.0235622,0.926231
0,0,0.12,0.449827,0.885017
0,0,0.603695,0.537033,0.589192
0,0,0.47041,-0.290665,0.833204
0,0,-0.800133,0.190073,0.568911
0,0,-0.702806,0.0636225,0.708531
0,0,-0.668247,0.62321,0.40627
0,0,-0.400808,0.911171,0.0954964
0,0,-0.944799,0.303976,0.122286
0,0,-0.145351,-0.887339,0.437611
0,0,0.0943731,0.62803,0.772445
0,0,-0.509876,-0.665445,0.545169
0,0,0.0344778,-0.168362,0.985122
0,0,-0.224249,-0.643473,0.731884
0,0,0.748854,0.203808,0.630619
0,0,-0.128376,-0.77059,0.624268
0,0,0.545767,0.79915,0.251986
0,0,-0.523463,0.785028,0.331236
0,0,0.114144,-0.924328,0.364129
1.47755,1.99949,0.0381027,-0.266981,0.962948
0,0,0.0364897,0.346347,0.937396
0,0,0.162146,0.817029,0.553329
0,0,-0.443173,-0.871314,0.210737
0,0,0.251593,0.182405,0.950489
0,0,-0.449155,-0.827126,0.33782
0,0,-0.0203003,-0.877667,0.47884
0,0,0.61336,-0.535662,0.580393
0,0,0.812163,-0.581564,0.0466242
0,0,0.224262,0.766509,0.601806
0,0,0.676767,-0.105586,0.728586
0,0,-0.306481,-0.85561,0.417133
0,0,-0.97579,-0.181175,0.122513
0,0,0.359679,0.427256,0.829508
0,0,0.508955,0.859489,0.0473651
0,0,-0.539472,-0.806905,0.240571
0,0,0.269598,0.96144,0.0543077
0,0,-0.681187,-0.551672,0.481292
0,0,0.985854,0.145344,0.0834742
0,0,-0.913847,-0.110315,0.390787
0,0,-0.204348,0.184832,0.96129
0,0,0.293205,-0.664663,0.687207
0,0,0.817372,-0.317991,0.4804
0,0,0.996803,-0.0764325,0.0232871
0,0,0.654299,0.603023,0.456351
0,0,-0.732671,-0.608354,0.305123
0,0,0.757681,0.0861383,0.646915
0,0,0.168318,0.773923,0.610502
0,0,-0.599354,-0.598819,0.531217
0,0,0.786585,-0.273347,0.553684
0,0,0.607897,-0.536423,0.585415
0,0,0.951384,-0.218751,0.216833
0,0,-0.545499,0.813305,0.2024
0,0,-0.45705,0.456628,0.76328
0,0,0.961158,-0.0890039,0.261255
0,0,-0.7722,-0.329048,0.54354
0,0,0.42408,-0.0338923,0.90499
0,0,-0.178961,-0.983846,0.00445177
0,0,0.283887,-0.761677,0.582458
0,0,-0.896239,0.0250792,0.442861
0,0,-0.551517,0.794537,0.254049
0,0,-0.000172902,-0.819843,0.572588
3.18171,5.06059,0.156518,0.298519,0.941482
0,0,0.832668,-0.256559,0.490755
0,0,-0.0298986,0.988403,0.148882
0,0,-0.718628,0.230376,0.656125
0,0,0.291755,-0.584795,0.756898
0,0,0.581505,-0.423219,0.694793
0,0,0.660965,0.599842,0.450905
0,0,0.918478,0.379135,0.112497
0,0,-0.657982,0.669764,0.344202
0,0,0.447351,-0.382513,0.808431
0,0,-0.489451,0.781803,0.386291
0,0,0.943272,-0.117184,0.310653
0,0,-0.736829,-0.634757,0.232734
0,0,-0.820244,-0.323488,0.471759
0,0,-0.81377,0.57604,0.0771771
0,0,0.622345,-0.455883,0.636284
0,0,-0.103195,0.0836139,0.99114
0,0,-0.948584,-0.265895,0.171721
0,0,-0.942828,0.328214,0.0578822
0,0,0.168752,-0.938305,0.301838
0,0,0.0380063,-0.999018,0.0227624
0,0,-0.123266,0.980626,0.152243
0,0,-0.801034,-0.379315,0.463102
0,0,0.45485,-0.453463,0.766474
0,0,-0.699789,0.558292,0.445653
0,0,-0.497116,-0.812659,0.304075
0,0,0.609408,-0.193146,0.768971
0,0,-0.840913,-0.0783352,0.535471
0,0,0.0849809,0.981345,0.172455
0,0,-0.717309,-0.258514,0.647022
0,0,0.132869,0.990604,0.0323884
0,0,0.922202,0.386501,0.0126882
0,0,0.185482,0.0288689,0.982223
0,0,0.268093,0.961593,0.0588705
0,0,-0.25431,-0.965897,0.0486767
0,0,-0.346456,0.212614,0.913654
0,0,0.870922,0.345653,0.349313
0,0,0.635928,-0.510084,0.579146
0,0,0.230982,-0.593935,0.770641
0,0,0.682347,0.671482,0.28899
0,0,-0.0741355,0.501369,0.862051
0,0,-0.582746,-0.501362,0.639565
0,0,0.47984,-0.0842252,0.873304
0,0,-0.849851,-0.515347,0.110323
0,0,-0.705626,-0.12262,0.697894
0,0,-0.975471,0.0515322,0.21401
0,0,-0.114393,-0.500606,0.858084
0,0,-0.604872,-0.795982,0.0232997
0,0,0.0832502,0.990963,0.105176
0,0,0.853138,0.462811,0.240753
0,0,-0.179262,0.0827774,0.980313
0,0,-0.634653,-0.739831,0.223307
0,0,0.106563,0.88701,0.449285
0,0,-0.233882,-0.762018,0.603844
0,0,-0.227375,0.797792,0.558416
0,0,0.688851,0.671709,0.272564
0,0,-0.914198,-0.0153551,0.404976
0,0,0.720632,-0.317911,0.616135
0,0,-0.889802,0.431021,0.14991
0,0,0.417046,-0.667519,0.616839
0,0,0.75031,0.628652,0.204531
0,0,0.66346,-0.292788,0.688546
0,0,0.577369,-0.385854,0.719556
0,0,-0.575836,-0.70697,0.410616
0,0,-0.845381,0.0197909,0.533797
0,0,0.0567592,0.662985,0.746478
0,0,0.312644,0.72635,0.612103
0,0,-0.874059,-0.308441,0.375346
0,0,0.840708,0.211202,0.498603
0,0,0.637252,-0.461393,0.617273
0,0,-0.72552,0.687637,0.0278686
0,0,0.0218867,0.917392,0.397381
0,0,0.209385,-0.967079,0.144625
0,0,-0.379243,0.885365,0.268894
0,0,-0.0338188,-0.248217,0.968114
0,0,-0.849385,0.458782,0.260891
0,0,0.193153,0.651772,0.733406
0,0,0.691087,-0.72255,0.0179113
0,0,-0.07189,-0.993964,0.082868
0,0,-0.290352,-0.0744643,0.954018
0,0,0.503805,0.103324,0.857616
0,0,-0.572326,-0.255663,0.779153
0,0,-0.876457,-0.479453,0.0441496
0,0,0.437547,-0.654978,0.616082
0,0,-0.0754309,0.312235,0.947006
0,0,0.249435,-0.44477,0.86021
0,0,-0.273558,0.78993,0.548796
0,0,-0.123748,0.344768,0.930495
0,0,-0.30828,-0.606953,0.732511
15.3503,18.8005,0.315654,0.0863685,0.944935
0,0,0.676026,0.514541,0.527482
0,0,0.932728,-0.172931,0.316407
0,0,0.984797,0.173302,0.0118634
0,0,-0.917842,-0.396573,0.0172038
0,0,-0.96211,0.266043,0.0597121
0,0,-0.403665,-0.437301,0.80363
0,0,-0.0204456,-0.994446,0.103244
0,0,-0.681145,-0.0118776,0.732052
0,0,-0.265414,-0.305771,0.914363
0,0,-0.254209,-0.633763,0.730563
0,0,0.246115,0.871135,0.424914
0,0,-0.441058,0.734463,0.515783
0,0,-0.701252,-0.631463,0.330908
0,0,-0.39067,0.0580627,0.918698
0,0,0.875519,-0.381567,0.296434
0,0,-0.9731,-0.166753,0.158963
0,0,-0.553778,0.708476,0.437484
0,0,-0.917664,0.371805,0.14019
0,0,-0.994255,-0.100234,0.0375638
0,0,0.694391,-0.710646,0.113147
14.0117,18.8679,-0.0918213,0.449799,0.888398
0,0,0.644279,0.731063,0.224613
0,0,-0.722812,-0.219307,0.655322
0,0,0.345866,-0.708451,0.615202
0,0,-0.938511,0.1287,0.320363
0,0,0.811681,0.320204,0.488512
0,0,0.8074,0.482589,0.339431
0,0,-0.512414,0.729419,0.453189
0,0,0.824794,-0.0449757,0.563641
0,0,0.844329,0.50726,0.172615
0,0,-0.172272,-0.331754,0.927503
0,0,-0.504297,0.635807,0.584323
0,0,0.386203,-0.618665,0.684179
0,0,0.395001,-0.43854,0.807253
0,0,0.763702,-0.6058,0.223083
0,0,-0.496625,-0.79811,0.341151
0,0,0.183728,0.982536,0.0294442
0,0,0.183728,0.982536,0.0294442
0,0,0.135757,-0.362949,0.921867
14.5198,21.3038,-0.31854,0.150545,0.935878
0,0,0.790726,-0.564359,0.237175
0,0,-0.00207054,0.39794,0.917409
0,0,0.41687,-0.839811,0.347759
0,0,-0.281396,0.513949,0.810354
0,0,0.355736,0.664276,0.657411
0,0,-0.832927,0.19677,0.517217
0,0,0.824449,-0.560766,0.0763178
0,0,0.525161,0.850435,0.0310763
0,0,-0.498645,-0.83186,0.243643
0,0,0.144904,0.832693,0.534439
0,0,-0.911341,0.189704,0.365337
0,0,0.406879,0.374522,0.833176
0,0,0.20252,0.782949,0.588198
1.76175,2.93121,0.325661,-0.767951,0.55154
0,0,-0.060791,-0.712919,0.698607
0,0,0.487405,0.419145,0.765999
0,0,0.75257,-0.565037,0.338188
0,0,-0.842632,-0.0200346,0.538117
0,0,-0.489025,-0.222093,0.843522
0,0,-0.428205,-0.504209,0.749943
0,0,-0.144597,0.947726,0.284442
0,0,0.365654,-0.601786,0.710036
0,0,0.384083,-0.509762,0.76982
0,0,-0.478683,0.718068,0.505215
0,0,-0.939489,-0.242005,0.242475
0,0,-0.198709,0.974357,0.105558
0,0,-0.157146,-0.935621,0.316098
0,0,0.277363,0.905875,0.320095
0,0,-0.322302,-0.905833,0.274931
0,0,-0.980169,0.0538635,0.190704
0,0,0.329937,-0.602469,0.726755
0,0,-0.456858,-0.257459,0.851467
20.1205,27.9623,0.0265168,0.440664,0.89728
0,0,0.16192,-0.874697,0.456822
0,0,0.49658,-0.127298,0.858606
0,0,-0.661038,-0.124547,0.739944
0,0,0.589233,0.60244,0.538396
0,0,-0.407052,0.744408,0.529308
0,0,-0.75289,-0.285253,0.593116
0,0,-0.77939,-0.416418,0.468132
0,0,-0.618298,0.569021,0.542146
0,0,0.0255757,-0.853192,0.52097
0,0,0.561277,0.289811,0.775227
23.106,32.6896,-0.302976,0.211585,0.929213
0,0,0.478814,-0.502313,0.720013
0,0,-0.287693,0.943316,0.165495
0,0,-0.455847,0.691647,0.560204
0,0,0.429571,-0.90302,0.00497572
0,0,-0.116931,0.366671,0.922973
0,0,0.391734,-0.880999,0.265301
0,0,0.568918,-0.767156,0.296316
0,0,-0.764008,0.63557,0.111098
0,0,-0.132252,-0.219965,0.966501
0,0,-0.89367,-0.171042,0.414847
0,0,-0.601972,0.140558,0.786049
0,0,-0.796557,0.50078,0.338697
0,0,-0.352368,0.244446,0.903373
0,0,0.439516,0.38281,0.812578
0,0,-0.329147,0.886887,0.324182
0,0,-0.997784,-0.00232209,0.0664936
0,0,0.886353,-0.454213,0.0898226
0,0,0.731457,0.409093,0.54554
0,0,0.872843,0.166931,0.458562
0,0,-0.629161,0.182073,0.755649
0,0,0.552043,0.766309,0.328662
0,0,0.982309,-0.180048,0.0515025
0,0,0.234185,0.971659,0.0322056
0,0,0.82656,0.0412383,0.561335
0,0,0.326793,-0.945081,0.0053085
0,0,0.945193,0.155406,0.287157
0,0,-0.305413,-0.728427,0.613283
0,0,-0.0524673,-0.986072,0.157827
0,0,-0.381222,0.803742,0.456803
0,0,0.984817,0.121256,0.124225
0,0,0.455508,0.704005,0.544876
0,0,-0.641623,-0.130419,0.755851
0,0,0.564381,0.6597,0.496256
0,0,0.596928,-0.54083,0.592604
0,0,-0.11955,0.563718,0.81727
0,0,-0.445356,-0.173505,0.878381
0,0,-0.523864,-0.849539,0.0620478
0,0,0.929036,0.000837774,0.369989
0,0,0.652363,0.733607,0.190375
0,0,0.887257,-0.325729,0.326611
0,0,-0.108733,0.694434,0.711294
0,0,-0.237975,0.622905,0.745223
0,0,0.681256,-0.732045,0.000146267
0,0,0.388418,0.41774,0.821355
0,0,0.143276,0.826842,0.543879
0,0,-0.239927,-0.189413,0.952133
0,0,0.805747,0.361719,0.468968
0,0,-0.229875,0.69183,0.684492
0,0,0.685158,0.721005,0.103492
0,0,0.772245,0.374963,0.512875
0,0,0.405152,-0.838662,0.364004
0,0,0.656085,0.737488,0.1602
22.306,34.241,0.538334,0.545262,0.642562
0,0,-0.507198,0.783308,0.359415
0,0,0.696797,0.292737,0.654812
0,0,0.698918,-0.517477,0.493691
0,0,-0.647562,0.543219,0.534394
0,0,0.724235,-0.665982,0.178751
0,0,0.699368,-0.714761,0.000748808
0,0,-0.358241,0.599868,0.715417
0,0,-0.184802,0.982563,0.020464
0,0,-0.137866,0.975374,0.172158
0,0,0.489148,-0.85732,0.160425
0,0,0.464238,-0.517112,0.719081
0,0,0.0238898,0.629264,0.776825
0,0,-0.89317,0.205078,0.400237
0,0,0.643121,0.359831,0.675956
0,0,0.0318062,-0.882213,0.469774
0,0,0.069896,0.71698,0.693581
0,0,0.658626,0.62149,0.424219
0,0,0.349465,-0.681009,0.643507
0,0,-0.2731,-0.583708,0.764658
0,0,0.747647,0.638616,0.18219
0,0,0.860497,0.18081,0.47629
0,0,-0.432292,0.498346,0.751515
0,0,0.446232,0.869582,0.211435
0,0,-0.905535,0.423854,0.0188523
0,0,-0.0431058,0.35684,0.93317
7.51676,10.8143,-0.388467,0.169119,0.90581
0,0,0.619892,-0.518211,0.58923
0,0,-0.146913,-0.672789,0.725101
0,0,0.0182475,0.462984,0.886179
0,0,0.761781,0.568811,0.310071
0,0,-0.223397,0.0704865,0.972176
0,0,0.754538,-0.526873,0.391252
0,0,-0.578608,-0.550065,0.602197
0,0,-0.54567,0.81948,0.175204
0,0,0.441472,-0.650529,0.617993
0,0,-0.275384,0.307894,0.910695
0,0,0.934842,-0.339029,0.105494
0,0,0.605855,0.788082,0.108936
0,0,0.187382,-0.411987,0.891714
0,0,0.444226,-0.865853,0.230136
0,0,0.574295,0.688451,0.442969
0,0,0.575236,-0.496795,0.649845
0,0,0.196965,-0.869093,0.453742
0,0,-0.654672,0.7056,0.271169
0,0,-0.984516,-0.0327548,0.17221
0,0,0.507327,-0.329062,0.796453
0,0,-0.479966,0.281407,0.830929
0,0,0.860208,0.314514,0.401402
0,0,-0.364742,-0.392953,0.844127
0,0,-0.977036,-0.0683624,0.201808
0,0,-0.885504,-0.219742,0.409386
0,0,0.0114115,-0.125814,0.991988
0,0,-0.761987,-0.0759324,0.643125
0,0,-0.399405,-0.911294,0.100099
0,0,0.376598,-0.313538,0.871704
0,0,0.556249,-0.492292,0.669504
0,0,0.961717,0.0775438,0.262845
0,0,-0.593265,0.382827,0.708153
0,0,-0.00595064,-0.290887,0.956739
0.613439,0.730192,0.0299348,-0.558301,0.829098
0,0,0.813255,0.476865,0.333491
0,0,0.318043,-0.715766,0.621713
0,0,0.465358,-0.881003,0.0852975
0.816281,1.43482,-0.231376,-0.322956,0.917695
17.9492,23.2888,-0.0704278,0.988864,0.131101
0,0,-0.329495,0.727303,0.602049
0,0,-0.409776,-0.861527,0.299758
0,0,-0.883,0.455054,0.11505
0,0,0.595723,-0.661147,0.456069
0,0,0.317265,0.73563,0.598491
0,0,0.84638,-0.298147,0.441305
0,0,-0.129079,-0.836962,0.531821
0,0,-0.880605,0.380691,0.282152
0,0,0.422747,0.65554,0.625742
0,0,-0.727543,-0.540015,0.423161
0,0,0.619524,0.778696,0.0991113
0,0,-0.884503,-0.15116,0.441368
0,0,0.187735,0.480113,0.856882
0,0,0.734261,0.674842,0.0738234
23.3761,32.3282,-0.210102,0.180717,0.960832
0,0,0.733359,0.26304,0.626893
13.7565,20.5532,-0.503322,-0.108384,0.857275
0,0,0.0593614,0.998164,0.0120502
0,0,0.00469047,-0.520465,0.85387
0,0,-0.287464,-0.921542,0.261009
0,0,0.89387,0.258989,0.365951
0,0,-0.49694,-0.0647585,0.865365
0,0,-0.939623,0.256818,0.22617
0,0,0.230046,0.816346,0.529772
0,0,-0.343483,0.438321,0.830599
0,0,-0.85954,0.449053,0.244013
0,0,-0.718393,-0.693811,0.0503737
0,0,-0.635325,-0.768948,0.0712826
0,0,0.860839,-0.128502,0.492385
0,0,0.598271,-0.163562,0.784423
0,0,0.941755,0.324098,0.0897635
0,0,-0.133505,-0.195624,0.971549
0,0,-0.439188,0.898251,0.0160738
0,0,-0.306369,-0.787053,0.53543
0,0,0.069018,-0.246521,0.966677
0,0,0.12094,0.980583,0.15437
0,0,-0.528159,0.311856,0.789806
0,0,0.81183,0.523716,0.258173
0,0,-0.0674728,0.166424,0.983743
0,0,-0.356181,-0.418313,0.835553
0,0,0.56215,0.0629868,0.824634
0,0,0.529748,0.0439637,0.847015
0,0,0.459774,0.0710577,0.885189
0,0,0.618148,0.741778,0.260113
0,0,-0.745894,-0.177443,0.641993
0,0,-0.797229,-0.538585,0.272675
0,0,-0.673984,-0.678069,0.293203
0,0,-0.689622,-0.705479,0.163465
0,0,0.304389,-0.836611,0.455444
0,0,-0.199882,0.589827,0.782401
0,0,0.213631,-0.679566,0.70182
0,0,-0.450598,-0.747431,0.488168
0,0,-0.989747,-0.139501,0.0306664
0,0,-0.305415,0.551927,0.77595
0,0,0.234475,-0.788165,0.569049
0,0,-0.827911,-0.432372,0.357236
0,0,-0.0297765,-0.774061,0.632411
0,0,-0.0811654,0.0208214,0.996483
0,0,0.140613,0.192117,0.971246
0,0,0.166281,-0.107354,0.980217
0,0,0.912448,0.111772,0.393632
0,0,0.370019,0.627301,0.685258
0,0,-0.696934,-0.230477,0.67909
0,0,0.752076,-0.61585,0.234759
0,0,-0.89285,0.0931923,0.440606
0,0,0.490417,-0.796294,0.354128
0,0,-0.0523436,-0.99627,0.0686092
0,0,0.130622,0.809833,0.571934
0,0,0.884217,0.0920473,0.457917
0,0,-0.0747347,-0.738162,0.670472
0,0,0.781069,0.070977,0.620398
0,0,-0.203513,0.96857,0.143021
0,0,0.364733,-0.79021,0.492481
0,0,0.576282,0.510404,0.638268
0,0,-0.725477,-0.446193,0.524018
0,0,0.042519,-0.612476,0.789345
0,0,-0.41357,-0.868274,0.273971
0,0,-0.351967,-0.511747,0.783731
0,0,-0.765922,0.545784,0.339828
0,0,0.926135,-0.150566,0.345837
0,0,-0.286719,-0.948882,0.131968
0,0,0.454505,0.68885,0.564722
0,0,-0.421416,0.249896,0.871757
0,0,-0.936807,-0.340817,0.0789738
0,0,-0.512076,0.34995,0.784419
0,0,-0.255977,-0.945531,0.201116
0,0,0.37183,-0.611472,0.698458
0,0,-0.33297,-0.807517,0.486875
0,0,0.875156,0.477156,0.0801549
0,0,-0.0530033,-0.502014,0.863234
0,0,0.564974,-0.111704,0.817512
0,0,0.564199,-0.325024,0.758972
0,0,0.548082,-0.831449,0.0911031
0,0,0.87128,0.486083,0.0677915
0,0,-0.515405,-0.839041,0.174263
0,0,0.0841628,0.88646,0.455088
18.6291,27.9249,0.826464,0.53981,0.159881
0,0,0.183644,0.729293,0.659095
0,0,0.991349,-0.0692988,0.111463
0,0,0.385054,-0.859758,0.335484
0,0,-0.0862286,0.970434,0.225436
0,0,-0.26343,0.938255,0.224239
0,0,0.644485,-0.699775,0.308146
0,0,-0.618419,0.538934,0.571935
0,0,0.918631,0.38519,0.088014
0,0,0.409402,0.184871,0.893427
0,0,-0.338651,-0.082838,0.937258
0,0,-0.229987,0.964612,0.128959
0,0,0.92214,0.146093,0.358211
0,0,-0.947394,-0.142088,0.286801
0,0,0.613274,-0.16533,0.772373
0,0,-0.870514,0.333207,0.362186
0,0,0.459909,0.0503587,0.886537
0,0,0.989694,-0.129443,0.0612333
0,0,0.384589,0.013798,0.922985
11.3698,16.2754,0.339708,-0.0481322,0.939299
0,0,0.494815,0.455486,0.740061
0,0,-0.154653,0.504926,0.849195
0,0,0.886775,-0.167424,0.430812
0,0,-0.416629,-0.111279,0.90224
3.16455,3.945,-0.413801,0.846788,0.334244
0,0,0.17634,0.563232,0.807263
0,0,0.612782,0.0594972,0.788009
0,0,0.159845,-0.0472617,0.98601
0,0,0.756747,0.107065,0.644881
0,0,0.160499,0.872868,0.460805
0,0,0.569864,0.657963,0.49228
0,0,-0.839925,-0.162679,0.517747
0,0,-0.956544,-0.0224918,0.290718
0,0,0.694534,-0.695656,0.183536
0,0,0.877656,0.331879,0.345797
0,0,-0.211218,0.168669,0.962776
0,0,-0.102614,0.489898,0.865719
0,0,-0.642976,0.369145,0.671054
0,0,0.286541,-0.842549,0.456076
0,0,0.0438498,-0.833907,0.55016
0,0,-0.295748,-0.924016,0.242339
0,0,-0.957558,0.181119,0.224227
18.7548,27.0294,-0.165648,0.297264,0.940316
0,0,0.309659,0.26276,0.913821
0,0,-0.496548,-0.0320019,0.867419
0,0,0.234659,0.804235,0.546023
0,0,-0.798449,0.521429,0.300985
0,0,0.0432087,-0.444535,0.894719
0,0,-0.658076,-0.610337,0.440936
0,0,0.455832,-0.516085,0.725171
0,0,0.408144,0.902732,0.135993
0,0,-0.337229,0.720764,0.60562
0,0,-0.270549,-0.39146,0.879524
0,0,-0.0880613,-0.352943,0.931491
0,0,0.922062,-0.287131,0.259532
0,0,0.256072,0.559211,0.788486
0,0,0.530478,0.720998,0.44582
0,0,-0.230731,-0.0645505,0.970874
0,0,0.198865,0.576072,0.792839
0,0,0.733622,-0.447573,0.511349
0,0,-0.66952,-0.67968,0.299631
0,0,0.285927,0.793599,0.537072
0,0,0.375817,0.202136,0.90438
0,0,0.39283,-0.902878,0.174633
0,0,-0.687666,0.601311,0.406867
0,0,0.668976,-0.674334,0.312642
0,0,0.395953,0.57385,0.71688
0,0,0.939312,0.343016,0.00573096
0,0,-0.806164,-0.211788,0.55249
0,0,0.219318,0.784157,0.580515
0,0,-0.0409527,0.852729,0.520745
0,0,0.954749,0.193994,0.225434
0,0,-0.849483,0.452139,0.271937
0,0,0.829745,-0.440312,0.342998
0,0,0.73152,-0.664519,0.152619
0,0,0.580107,-0.776519,0.245955
0,0,-0.492899,0.864101,0.10188
0,0,0.333275,-0.175154,0.926417
0,0,-0.231661,-0.514721,0.825467
0,0,0.851224,0.510221,0.122853
0,0,0.0286981,0.983759,0.177184
0,0,-0.77389,-0.257526,0.578597
0,0,-0.874462,-0.066226,0.480552
0,0,0.58589,-0.808433,0.0563011
0,0,-0.795095,-0.604984,0.042638
0,0,0.0881012,-0.422894,0.901886
0,0,0.828567,0.503875,0.244104
0,0,-0.761866,0.409674,0.501725
0,0,-0.856142,-0.511707,0.0719437
0,0,0.698772,-0.312364,0.643542
0,0,-0.365116,0.61945,0.694962
0,0,-0.565922,0.823806,0.0328081
0,0,0.848983,0.19087,0.492743
0,0,0.884567,0.338245,0.32114
0,0,0.866631,-0.451032,0.213359
0,0,0.643371,0.70969,0.287079
0,0,0.957101,0.104871,0.270109
0,0,0.244905,0.648845,0.720431
0,0,-0.144755,0.444621,0.883945
0,0,0.218217,-0.799125,0.560162
0,0,-0.339176,0.503793,0.794451
23.4683,33.7376,0.650399,0.759238,-0.0232239
0,0,0.226096,-0.798549,0.557853
0,0,0.378937,-0.51494,0.768924
0,0,0.978219,0.0791525,0.191891
0,0,-0.847447,-0.529073,0.0437753
0,0,-0.235853,-0.29727,0.925205
0,0,-0.975306,-0.192036,0.109087
0,0,0.0279801,0.716449,0.697078
0,0,-0.893482,0.438846,0.0954144
0,0,0.503559,-0.386127,0.772874
0,0,-0.724848,-0.674838,0.138521
0,0,-0.664024,0.314104,0.678536
0,0,-0.779625,-0.386474,0.49277
0,0,-0.82165,-0.0581533,0.567018
0,0,0.536174,-0.843491,0.0322595
0,0,0.513685,0.515653,0.685733
0,0,-0.239445,-0.853449,0.462915
0,0,-0.0800933,-0.372558,0.924546
0,0,-0.346313,0.633098,0.692282
0,0,-0.659765,-0.223146,0.717576
0,0,-0.677445,0.632894,0.374852
0,0,-0.508117,0.860445,0.0380991
0,0,0.40571,-0.489618,0.771799
0,0,0.901804,-0.0685614,0.426673
0,0,0.174053,-0.984732,0.00304085
0,0,0.362692,0.784983,0.502251
0,0,-0.349435,0.00228525,0.936958
0,0,0.99916,-0.0403727,0.0070036
0,0,-0.748067,-0.307567,0.588046
0,0,-0.397146,0.448439,0.800736
0,0,-0.599251,0.797347,0.0716585
0,0,0.812341,-0.312863,0.492158
0,0,0.565514,-0.450568,0.690784
0,0,0.106469,-0.798958,0.591887
0,0,-0.0699913,0.947188,0.312948
0,0,-0.211628,0.93864,0.272338
0,0,-0.295515,0.735431,0.609764
0,0,0.63161,-0.708026,0.315861
0,0,-0.0135115,0.466752,0.884285
0,0,-0.1037,-0.524495,0.845075
0,0,-0.515077,0.748422,0.417803
0,0,-0.949658,0.299188,0.0929282
0,0,-0.103968,0.993951,0.035381
0,0,-0.559803,0.765364,0.31755
0,0,-0.94093,0.29551,0.1653
0,0,-0.365604,0.411607,0.834813
0,0,0.521337,0.185892,0.832857
0,0,0.167875,0.985331,0.0306754
0,0,-0.820928,0.3708,0.434263
0,0,0.317257,-0.572839,0.75578
0,0,-0.206842,-0.509701,0.835117
0,0,-0.958284,-0.202329,0.201876
0,0,-0.888401,-0.359073,0.286025
0,0,0.740848,0.670391,0.041472
0,0,0.559636,0.541713,0.627179
0,0,-0.257759,0.964107,0.0636976
0,0,0.650584,0.60712,0.456229
0,0,-0.716243,-0.490515,0.496378
0,0,0.269162,0.935431,0.229175
0,0,-0.920209,0.0323168,0.390092
0,0,0.981146,-0.165458,0.0998784
0,0,-0.0255547,-0.845657,0.533115
0,0,-0.893347,-0.0871127,0.440843
0,0,0.818814,-0.178621,0.545563
0,0,-0.0364099,-0.665983,0.745077
0,0,-0.696335,0.693416,0.185179
0,0,0.132246,-0.75038,0.647643
0,0,0.98136,0.0704231,0.178809
0,0,-0.179867,0.66872,0.72143
0,0,-0.737405,-0.186736,0.649125
0,0,0.703613,0.708831,0.0498765
0,0,0.128123,-0.342246,0.930834
0,0,-0.171873,0.0220925,0.984871
0,0,0.370591,0.880273,0.296279
0,0,-0.0500165,0.977623,0.204331
0,0,-0.214945,0.393589,0.893804
0,0,0.501462,-0.816424,0.286333
0,0,0.0712121,-0.997038,0.0290501
0,0,-0.246526,-0.856715,0.453062
0,0,-0.151643,-0.653633,0.741464
0,0,-0.634139,0.770117,0.0691954
0,0,0.867424,-0.486341,0.105106
0,0,0.342901,-0.216903,0.913987
0,0,0.623194,0.780411,0.0508625
0,0,-0.824514,0.476294,0.305486
0,0,-0.254712,-0.916935,0.307166
0,0,-0.445094,-0.769855,0.457401
0,0,-0.453103,0.409992,0.791583
0,0,-0.130625,0.973311,0.188686
0,0,-0.677172,0.719836,0.152558
0,0,0.968745,-0.0957102,0.228851
0,0,-0.854278,0.0381966,0.518411
0,0,-0.407243,-0.908877,0.0899752
0,0,0.455546,0.423833,0.782843
0,0,-0.167947,-0.960273,0.222868
0,0,0.165462,0.693404,0.701294
0,0,0.774069,-0.402253,0.488887
0,0,0.239735,-0.505576,0.828806
0,0,-0.788911,-0.610972,0.0658224
0,0,-0.0447828,-0.626436,0.778185
0,0,-0.0689158,-0.886737,0.457107
0,0,-0.87277,0.143098,0.466686
0,0,0.373901,-0.920869,0.11045
0,0,0.426484,-0.0212146,0.904246
0,0,-0.472842,-0.360756,0.803913
0,0,0.110218,0.987167,0.115553
0,0,-0.0607874,-0.863502,0.500669
0,0,-0.448318,-0.400227,0.799268
0,0,0.138442,-0.76702,0.62651
0,0,0.496688,-0.331462,0.802143
0,0,0.0341587,-0.579937,0.813945
0,0,-0.0561667,-0.459187,0.886562
21.1485,31.2129,-0.294867,-0.306418,0.905076
0,0,0.3118,-0.17511,0.933872
0,0,0.539659,0.524065,0.658881
0,0,0.681914,0.413047,0.603644
0,0,-0.321618,0.73808,0.593127
0,0,-0.9958,-0.00713027,0.0912782
0,0,0.884785,-0.327252,0.331756
0,0,-0.595838,-0.802357,0.034647
0,0,-0.321677,0.548511,0.77179
0,0,-0.453851,-0.872711,0.179985
0,0,-0.697887,0.657265,0.284528
0,0,-0.468536,-0.856341,0.217149
0,0,0.0341007,-0.522344,0.852053
0,0,-0.0675759,-0.395551,0.915955
0,0,0.554473,0.81969,0.143764
0,0,-0.997664,0.0504452,0.0460591
0,0,-0.397856,0.468752,0.788658
0,0,0.259647,0.897623,0.356169
0,0,-0.403451,0.107142,0.908707
0,0,0.537763,-0.408129,0.737728
0,0,0.151527,-0.053575,0.987
0,0,-0.682665,-0.501979,0.531024
0,0,0.40988,-0.883026,0.228614
0,0,-0.797122,-0.574928,0.184539
0,0,-0.52673,0.847709,0.0628028
0,0,-0.827086,-0.455513,0.329297
0,0,-0.48058,0.520133,0.706049
0,0,-0.816033,0.508852,0.274153
0,0,0.519468,0.631706,0.575413
0,0,-0.268781,-0.850774,0.451598
0,0,0.9465,-0.0344492,0.32086
14.629,17.9965,-0.276582,-0.95985,-0.0467993
0,0,0.961959,0.0381845,0.270513
0,0,0.26068,0.933407,0.246571
0,0,0.12953,-0.97998,0.1512
0,0,0.0560262,-0.890013,0.452479
0,0,0.468355,-0.822454,0.322821
0,0,-0.944079,0.241054,0.224961
0,0,-0.87042,-0.478583,0.115448
0,0,0.893814,0.149027,0.422951
0,0,-0.153121,-0.976489,0.151735
0,0,-0.442027,-0.321966,0.837227
0,0,-0.450418,-0.878863,0.157237
0,0,0.250252,-0.859351,0.445972
0,0,-0.240548,0.469589,0.849484
0,0,-0.319631,0.468481,0.823627
0,0,-0.436912,0.757611,0.484906
0,0,-0.261952,-0.631965,0.729385
0,0,-0.620239,0.344513,0.704709
0,0,0.628988,-0.674281,0.386936
0,0,0.309632,0.950368,0.0304714
0,0,-0.0793279,-0.553243,0.829234
0,0,-0.566527,-0.458258,0.68487
0,0,-0.778977,0.375765,0.501992
0,0,0.632319,-0.673714,0.382469
0,0,-0.765547,-0.180143,0.617645
0,0,-0.956741,0.0723049,0.281815
0,0,0.739491,0.429769,0.518123
0,0,-0.878814,0.472287,0.0680467
0,0,-0.83399,0.1609,0.5278
0,0,0.845863,0.41842,0.330818
0,0,0.136334,-0.183075,0.9736
0,0,-0.761024,0.560879,0.325971
0,0,-0.931829,-0.187317,0.310818
0,0,-0.94199,0.0558152,0.330968
0,0,-0.810704,-0.15897,0.56346
0,0,-0.298135,-0.547959,0.781573
0,0,-0.883659,0.0192692,0.467734
0,0,0.479036,-0.567758,0.669459
0,0,-0.961864,-0.273516,0.00254053
0,0,0.484355,-0.874812,0.0102299
0,0,-0.473909,-0.76471,0.436611
0,0,0.522909,0.173687,0.834505
0,0,0.460911,-0.867363,0.187732
0,0,0.277255,0.0968527,0.955902
0,0,0.263437,0.842549,0.4698
0,0,0.698843,-0.035151,0.714411
0,0,-0.950799,-0.11041,0.289466
0,0,-0.0434765,-0.751454,0.658351
3.64699,6.00213,-0.829893,0.363923,0.422892
0,0,-0.0446142,-0.474393,0.879182
0,0,-0.310093,0.351446,0.883362
0,0,0.574818,0.357438,0.736086
0,0,0.346718,0.306303,0.886547
0,0,0.511834,0.839625,0.181811
0,0,-0.195056,-0.684801,0.70214
21.4394,32.3417,0.104133,-0.237253,0.96585
0,0,-0.540345,-0.781657,0.311511
0,0,0.670604,-0.707324,0.22357
22.6151,33.7981,0.635532,-0.654632,-0.409337
0,0,-0.463813,-0.215734,0.859265
0,0,-0.793961,-0.607968,7.38459e-05
0,0,-0.727935,-0.568943,0.382641
18.1821,28.1967,0.0576296,0.33127,0.941774
0,0,0.76784,-0.314682,0.55803
0,0,0.835519,-0.0248059,0.548901
0,0,0.236779,-0.830274,0.504559
0,0,-0.0478606,-0.664699,0.745577
0,0,-0.0605605,0.857183,0.511439
0,0,-0.00791774,0.990153,0.139767
0,0,0.307528,0.395588,0.865411
0,0,0.824834,0.562959,0.0522077
0,0,0.456382,-0.800892,0.387669
0,0,-0.638564,0.638979,0.428884
0,0,0.819735,0.234078,0.522726
0,0,-0.543902,0.829014,0.130023
0,0,0.248821,-0.82651,0.504945
0,0,-0.142303,0.722412,0.676661
0,0,-0.429399,-0.13571,0.89286
0,0,-0.874843,-0.343718,0.341332
0,0,0.610603,-0.280103,0.740747
0,0,0.824516,0.441569,0.353823
0,0,-0.0656245,-0.308678,0.9489
0,0,0.375926,0.918576,0.122052
0,0,0.63155,0.408737,0.658846
0,0,0.829228,0.444398,0.338955
0,0,0.766143,0.0523699,0.640533
0,0,0.646652,0.667167,0.36977
0,0,-0.643853,0.410787,0.645529
0,0,0.945219,0.159363,0.284895
0,0,-0.121278,-0.505458,0.854286
0,0,-0.0379424,0.423951,0.90489
0,0,-0.219941,-0.940334,0.25961
0,0,-0.311776,0.483387,0.818005
0,0,0.905207,0.17522,0.387166
0,0,-0.82135,0.551041,0.147441
0,0,0.491698,0.442465,0.749972
0,0,0.547725,-0.0435825,0.835523
0,0,0.389858,-0.798513,0.458681
0,0,-0.459147,-0.881967,0.106387
0,0,0.660369,0.394752,0.638814
0,0,-0.778657,-0.545184,0.310592
0,0,0.997845,0.0272688,0.0596764
0,0,-0.524038,0.552129,0.648489
0,0,-0.791652,-0.294976,0.535048
0,0,0.308179,-0.946469,0.0960348
0,0,-0.260583,-0.854385,0.449581
0,0,-0.0852891,-0.450556,0.888665
0,0,0.703721,0.559834,0.437451
0,0,0.143811,-0.510714,0.847637
0,0,-0.819116,0.483158,0.309205
0,0,0.700311,0.497699,0.511723
0,0,0.710436,0.650055,0.269644
1.08082,1.53183,0.434882,-0.0978837,0.895151
0,0,-0.781863,-0.416357,0.464044
0,0,0.0643593,0.173245,0.982774
0,0,0.315291,0.330879,0.889444
0,0,-0.66032,0.741738,0.117481
0,0,-0.105434,-0.989398,0.0998715
0,0,-0.919236,-0.393462,0.0138956
0,0,-0.695518,-0.208453,0.687606
0,0,-0.65836,-0.724427,0.20437
0,0,0.897721,0.416643,0.1432
0,0,0.961539,-0.12939,0.242284
0,0,-0.345939,-0.934559,0.0832216
0,0,0.652746,-0.577858,0.489901
0,0,-0.654658,-0.568992,0.497665
0,0,-0.791107,-0.232892,0.565607
0,0,-0.153951,-0.074295,0.985281
0,0,0.468568,0.725875,0.503537
0,0,-0.433598,-0.154778,0.887714
0,0,0.329673,0.241092,0.912792
0,0,-0.451333,-0.201395,0.869332
0,0,0.773664,-0.633511,0.0103451
0,0,-0.626172,0.327486,0.707575
0,0,-0.67474,0.369446,0.638933
0,0,0.35726,0.470052,0.807104
0,0,-0.372008,-0.906475,0.199785
0,0,0.0405511,0.918516,0.393298
0,0,0.881451,0.383661,0.275406
0,0,-0.896257,-0.131929,0.423459
0,0,0.515856,0.820937,0.244856
0,0,0.543725,0.4436,0.712448
0,0,-0.748645,0.171765,0.640334
0,0,-0.193615,-0.610096,0.768307
7.50418,9.7155,0.989544,-0.0068514,0.144065
0,0,0.1553,-0.478581,0.8642
0,0,0.192346,0.909319,0.368974
0,0,-0.881515,-0.350114,0.316782
0,0,0.648268,0.599422,0.469512
0,0,0.0805143,0.995922,0.0407046
0,0,0.418188,-0.296168,0.858722
0,0,-0.376535,0.926287,0.014618
0,0,-0.493257,0.554222,0.670474
0,0,0.284912,0.94264,0.173938
0,0,0.717147,0.267948,0.643353
0,0,0.522335,-0.456522,0.720245
0,0,-0.498597,0.109333,0.859911
4.56662,5.39047,-0.347198,-0.0894384,0.933517
0,0,-0.852696,-0.266985,0.449031
15.0308,19.3811,0.133925,0.0627049,0.989006
0,0,0.662182,0.699048,0.269903
0,0,-0.743946,0.627039,0.231013
0,0,-0.353626,-0.0391195,0.934569
0,0,-0.379543,-0.925033,0.0161583
0,0,-0.307304,-0.277467,0.910261
0,0,-0.955174,-0.294273,0.0323273
0,0,-0.311215,-0.456083,0.833747
0,0,0.289867,0.937599,0.192057
0,0,-0.786157,0.605857,0.122042
0,0,0.581985,-0.431935,0.689003
0,0,-0.120115,0.417112,0.900883
0,0,0.947785,-0.162203,0.27458
0,0,0.184098,-0.921,0.343318
0,0,-0.876429,-0.377138,0.299397
0,0,0.41121,-0.703287,0.579908
0,0,0.850842,-0.315993,0.419781
0,0,-0.48874,0.781856,0.387085
0,0,0.00921586,-0.347843,0.937508
0,0,-0.242659,-0.970101,0.00452195
0,0,0.765011,-0.591911,0.25377
0,0,0.0877311,0.991194,0.0991884
0,0,0.932982,-0.325025,0.154607
0,0,-0.16552,0.727743,0.665578
0,0,0.690934,-0.523631,0.498418
0,0,-0.449345,-0.0709345,0.890538
0,0,0.797559,0.275836,0.536483
0,0,0.439225,0.60536,0.663792
0,0,-0.716609,-0.21341,0.664023
0,0,-0.203318,0.960078,0.192127
0,0,0.805705,0.590458,0.0468883
0,0,0.659807,0.122161,0.741439
0,0,-0.875259,0.266168,0.403826
0,0,0.230811,-0.231505,0.945056
0,0,0.932075,-0.279019,0.231053
0,0,-0.766823,0.527403,0.365827
0,0,-0.474883,-0.70729,0.523667
0,0,0.413151,0.645812,0.642054
0,0,0.110155,-0.993686,0.0213002
0,0,0.221178,-0.877234,0.426076
0,0,-0.726729,0.116013,0.677057
0,0,0.211021,0.959722,0.185485
0,0,0.23121,-0.878683,0.417682
0,0,-0.616844,0.246146,0.747607
0,0,-0.145756,-0.78825,0.597844
0,0,0.848728,0.454663,0.270077
0,0,-0.49722,-0.0111367,0.867553
0,0,0.206393,-0.908615,0.363072
0,0,0.930897,-0.354218,0.0892212
0,0,0.389684,-0.00856307,0.920909
0,0,-0.483614,-0.830088,0.277618
0,0,0.523307,0.780212,0.342665
0,0,0.164043,-0.986331,0.0155011
0,0,0.0359501,0.790197,0.611798
0,0,0.238046,-0.928958,0.283498
0,0,0.83546,0.426801,0.34619
0,0,0.126276,-0.87898,0.459836
0,0,-0.537173,0.617584,0.574487
0,0,0.315319,-0.724377,0.613067
0,0,0.643242,0.705336,0.297894
0,0,0.182993,-0.259979,0.948116
0,0,-0.996966,0.0649438,0.0429123
0,0,-0.945028,0.144072,0.293539
0,0,-0.105732,-0.934361,0.340281
0,0,-0.837238,0.0290062,0.546068
0,0,0.311186,0.946254,0.0881302
0,0,0.55246,0.832358,0.0443638
0,0,-0.448953,-0.495321,0.743706
0,0,-0.952386,0.0434079,0.301788
0,0,-0.632208,-0.340978,0.695735
0,0,0.316441,0.891664,0.323729
0,0,-0.721339,0.65287,0.231149
0,0,-0.277982,0.924586,0.260514
0,0,-0.237204,0.546882,0.802904
0,0,0.105323,0.781935,0.614398
0,0,0.36175,0.818093,0.447057
0,0,-0.0818641,-0.365751,0.927106
0,0,-0.954108,0.159756,0.253291
0,0,-0.443657,0.893954,0.0633593
0,0,0.413418,-0.641237,0.646452
0,0,-0.590888,0.689602,0.418689
0,0,0.80785,-0.435917,0.396679
0,0,0.810496,0.175165,0.55894
0,0,0.166691,-0.0140909,0.985908
0,0,-0.295268,0.903236,0.311419
0,0,0.250819,-0.891073,0.378257
0,0,-0.0613517,-0.880423,0.470204
0,0,0.416388,0.697996,0.582599
0,0,0.455531,-0.890191,0.00719047
0,0,0.835846,0.288756,0.466885
0,0,0.47166,0.0677721,0.879172
0,0,0.228269,0.963948,0.136741
0,0,-0.624093,-0.701854,0.343379
0,0,0.00548901,0.991189,0.13234
0,0,0.962998,0.22772,0.144146
0,0,0.598501,-0.79931,0.0538508
0,0,0.777795,0.624986,0.0665457
0,0,-0.271925,0.375654,0.885969
0,0,0.0827703,0.509394,0.856544
0,0,0.0275992,0.360729,0.932262
0,0,-0.33754,0.939698,0.0550864
0,0,-0.218307,0.887541,0.405726
0,0,-0.749606,-0.203888,0.629699
0,0,0.936359,0.201692,0.287318
0,0,-0.660019,0.0282306,0.750718
0,0,-0.542934,0.68889,0.480264
0,0,-0.359298,0.220609,0.906772
0,0,0.603634,0.48915,0.62957
0,0,-0.923959,0.363376,0.119403
19.7157,27.9062,-0.927451,0.36781,-0.0674574
0,0,-0.13052,0.911906,0.389091
0,0,0.033305,-0.686003,0.726836
0,0,0.695942,-0.716703,0.0447394
0,0,0.186311,0.33346,0.924171
0,0,0.464224,-0.884979,0.0361626
0,0,0.18473,0.398156,0.898524
0,0,-0.970027,-0.146207,0.194092
0,0,-0.436111,0.666959,0.60413
0,0,-0.921698,0.290435,0.25714
0,0,0.994964,-0.0400847,0.0918712
0,0,-0.859788,0.475213,0.186918
0,0,-0.347981,-0.08773,0.933388
0,0,-0.119994,-0.990866,0.0615264
0,0,0.261428,0.52302,0.811237
0,0,-0.978004,0.139169,0.155372
0,0,0.520673,0.659554,0.542113
0,0,0.910872,0.256436,0.323345
0,0,-0.852857,0.381816,0.356161
0,0,-0.588514,-0.808149,0.0233749
0,0,-0.396532,0.87901,0.264771
0,0,-0.644971,-0.273728,0.713502
0,0,-0.401285,0.855291,0.327793
0,0,0.880808,0.220175,0.419165
0,0,0.381467,-0.801035,0.46133
0,0,0.711586,0.666991,0.220836
0,0,-0.877562,-0.358809,0.318026
0,0,-0.679926,-0.532926,0.503678
0,0,-0.514261,0.852511,0.0936033
0,0,-0.655288,0.283769,0.700052
0,0,0.523168,-0.742099,0.419028
0,0,-0.941289,0.184709,0.282591
0,0,-0.952524,0.105185,0.285718
0,0,-0.167073,0.886868,0.430756
0,0,-0.439755,0.29416,0.848578
9.46391,13.8574,-0.470157,-0.751953,0.462082
0,0,-0.0990398,0.7167,0.690313
0,0,-0.734218,-0.617698,0.281731
0,0,-0.398816,-0.066768,0.914597
0,0,-0.100458,0.946962,0.305239
0,0,-0.215009,-0.538046,0.815032
0,0,-0.372312,0.203949,0.905422
0,0,0.502191,0.810149,0.302428
0,0,-0.876614,-0.455457,0.155261
0,0,-0.300333,-0.92783,0.221205
0,0,-0.620024,-0.128213,0.774036
0,0,-0.88457,-0.161022,0.437731
0,0,-0.228615,-0.563674,0.79373
0,0,0.786383,0.561223,0.258128
0,0,-0.592029,0.805322,0.0309529
0,0,0.483034,-0.646289,0.590753
21.7095,31.9577,0.124806,-0.100867,0.987041
0,0,-0.700336,0.465011,0.541566
0,0,-0.0768593,0.989504,0.122374
0,0,0.600036,0.749987,0.278344
0,0,-0.308601,-0.721762,0.619536
0,0,0.946285,0.203052,0.251623
0,0,-0.62135,-0.659248,0.423459
0,0,0.280722,0.363285,0.88838
0,0,-0.985973,0.110652,0.124956
0,0,0.527721,0.504227,0.683568
0,0,0.130711,0.0816932,0.988049
0,0,-0.795389,-0.35002,0.494814
0,0,-0.923513,-0.0855161,0.373912
0,0,0.360496,0.892043,0.272585
0,0,0.559414,-0.642187,0.524072
0,0,0.618391,-0.62008,0.482798
0,0,-0.0285864,0.991092,0.130076
0,0,0.012308,-0.841662,0.539864
0,0,0.517109,0.673121,0.528684
0,0,-0.657536,-0.575517,0.486237
0,0,0.607423,0.420357,0.674045
0,0,-0.333303,-0.894228,0.298772
0,0,-0.193206,0.791665,0.579602
0,0,-0.073821,0.723517,0.686348
0,0,0.464817,-0.672944,0.575406
0,0,-0.811511,-0.58392,0.0220861
0,0,-0.600276,-0.732327,0.321507
0,0,0.00857996,0.817225,0.576255
0,0,0.457104,-0.0150127,0.889287
0,0,-0.747876,-0.456028,0.48241
0,0,0.0247376,0.703907,0.709862
0,0,-0.984251,-0.166452,0.0595238
0,0,0.524218,-0.539052,0.659256
0,0,-0.12922,-0.874393,0.467695
0,0,0.0594305,-0.791336,0.608487
0,0,0.716658,-0.498963,0.487275
0,0,0.222537,-0.885867,0.407084
0,0,-0.789574,0.547604,0.276953
0,0,0.963737,0.0302895,0.265129
0,0,-0.198698,0.808098,0.554523
0,0,-0.837028,0.518944,0.173441
0,0,0.780961,-0.181888,0.597509
0,0,-0.420423,0.26777,0.866917
0,0,-0.87134,-0.451346,0.192492
0,0,-0.0445652,0.919571,0.390388
0,0,-0.693093,0.0291108,0.72026
0,0,-0.130903,0.639714,0.757384
0,0,0.657451,-0.418542,0.626562
0,0,-0.128466,-0.991696,0.00603338
0,0,-0.966137,-0.106282,0.235126
0,0,-0.298365,0.883458,0.361222
0,0,0.00157569,-0.598581,0.801061
0,0,-0.990784,0.122233,0.0583561
0,0,-0.841197,0.533446,0.0884465
0,0,0.717448,-0.66392,0.210899
0,0,0.391908,-0.131558,0.910549
0,0,0.306027,0.650852,0.694795
0,0,-0.342936,-0.837552,0.425326
0,0,-0.122648,-0.986595,0.107645
0,0,-0.11003,0.366272,0.92398
0,0,-0.79712,-0.483178,0.362132
0,0,-0.459614,0.112321,0.880987
0,0,0.165817,-0.377696,0.910961
0,0,-0.348602,-0.696252,0.627463
0,0,0.59493,-0.803775,0.00206903
0,0,0.903316,0.259422,0.341642
0,0,0.905343,0.227211,0.358787
0,0,-0.423576,-0.752509,0.504294
0,0,0.217883,0.256637,0.941629
0,0,0.904817,0.12711,0.406385
0,0,-0.320417,-0.0232517,0.946991
0,0,0.313602,0.826588,0.467339
0,0,-0.58609,-0.804261,0.0982997
0,0,-0.786704,-0.588029,0.187933
0,0,-0.31429,-0.879031,0.358506
0,0,0.59923,-0.672174,0.434863
0,0,0.523437,-0.848485,0.0780134
0,0,-0.302689,0.469622,0.829358
0,0,0.312443,0.651711,0.691124
0,0,0.693947,0.70129,0.163189
0,0,-0.47898,-0.51817,0.708574
0,0,-0.943517,0.0879235,0.319445
0,0,-0.506941,-0.223349,0.832542
0,0,-0.284708,-0.642601,0.711341
0,0,-0.150477,0.666041,0.730579
0,0,0.921229,-0.387356,0.0359456
0,0,-0.597153,-0.46874,0.650915
0,0,-0.852672,0.468709,0.230785
0,0,-0.72055,0.152788,0.676361
0,0,-0.289021,0.450313,0.844799
0,0,0.469715,0.735605,0.488111
0,0,-0.354157,-0.566759,0.74388
0,0,-0.597659,0.691304,0.406081
0,0,0.607083,-0.444153,0.658922
0,0,0.693967,-0.352145,0.628016
0,0,-0.73498,0.0777859,0.673613
0,0,-0.914329,0.393107,0.097313
0,0,0.272447,-0.198609,0.941449
0,0,0.223763,0.78832,0.573133
0,0,0.772472,0.544536,0.326752
0,0,-0.716459,0.668151,0.200651
7.02216,10.1341,-0.0758765,0.37626,0.923402
0,0,-0.741916,0.366266,0.561614
0,0,0.57131,0.68093,0.458192
0,0,0.394016,0.905997,0.154666
0,0,-0.323152,-0.224062,0.91944
0,0,-0.0591547,0.739338,0.670731
0,0,-0.666866,0.739622,0.0908292
0,0,-0.470717,0.491703,0.732567
0,0,-0.251153,-0.515204,0.819443
0,0,0.664111,0.296417,0.686362
23.7448,35.906,-0.499829,-0.299398,-0.812731
0,0,-0.425761,0.79459,0.432845
3.837,5.23573,0.122909,0.179044,0.976133
0,0,-0.592843,0.0516282,0.803662
0,0,-0.465046,-0.726092,0.506481
0,0,0.81724,-0.312713,0.484075
0,0,-0.209326,-0.0639631,0.975752
0,0,0.524935,0.723857,0.447744
0,0,-0.152321,-0.933772,0.323833
0,0,0.074233,0.657476,0.74981
0,0,-0.524642,0.34955,0.776251
0,0,-0.9169,0.18397,0.354189
0,0,0.666698,-0.553908,0.498698
0,0,-0.0794687,-0.146498,0.986014
0,0,-0.239349,0.961722,0.133428
0,0,0.684139,0.659952,0.31051
0,0,-0.439254,0.664643,0.604405
0,0,-0.0844126,-0.986777,0.138364
0,0,0.00414863,-0.916642,0.399688
0,0,-0.658298,0.718949,0.223058
0,0,-0.362116,-0.0672696,0.929703
0,0,0.258292,-0.162473,0.952306
0,0,-0.597286,0.699489,0.392383
0,0,0.345026,-0.177955,0.921569
0,0,-0.252534,0.242313,0.936756
0,0,0.804741,0.211534,0.554659
0,0,0.668304,-0.148968,0.72882
0,0,-0.940483,0.254531,0.225179
0,0,-0.541149,-0.838561,0.063031
0,0,-0.997303,0.0225939,0.0698358
0,0,-0.237507,-0.710462,0.662445
0,0,0.289369,0.921242,0.25996
0,0,-0.242988,0.200325,0.949119
0,0,0.479602,-0.566292,0.670295
0,0,-0.613402,-0.251839,0.748542
0,0,0.875495,0.481031,0.0460228
0,0,0.0168656,-0.25471,0.96687
0,0,-0.314857,-0.713218,0.626246
0,0,-0.45022,-0.892306,0.0330347
0,0,0.818903,-0.573848,0.00980596
0,0,0.0863207,0.981686,0.169826
0,0,0.448962,0.372742,0.812094
0,0,-0.884773,0.413827,0.2143
0,0,-0.713648,-0.61306,0.338916
0,0,0.474597,-0.848596,0.233758
0,0,0.756783,0.316498,0.571934
0,0,0.20764,-0.770542,0.60262
0,0,-0.743599,0.216701,0.632536
0,0,-0.892359,-0.211543,0.398679
0,0,0.0142385,-0.990873,0.134046
0,0,-0.615777,0.757616,0.216417
0,0,0.609896,0.080636,0.788368
0,0,0.692643,0.0882589,0.715861
0,0,-0.361813,-0.57092,0.736981
0,0,-0.448983,0.450053,0.771924
0,0,0.302787,0.795812,0.524408
0,0,0.858982,0.083098,0.505218
0,0,-0.827716,-0.168026,0.535401
0,0,0.180834,-0.07665,0.980522
0,0,0.819373,0.254114,0.513862
0,0,0.770556,0.442239,0.458987
0,0,0.735701,-0.566942,0.37057
0,0,0.565429,-0.577256,0.589122
0,0,0.581554,0.799653,0.149495
0,0,0.408379,-0.132721,0.903112
0,0,0.240621,-0.242881,0.93974
0,0,-0.00952063,0.786678,0.61729
0,0,-0.421466,-0.740609,0.523321
0,0,-0.73865,0.630949,0.237276
0,0,0.387265,-0.455386,0.801654
0,0,0.938639,0.271939,0.212146
0,0,-0.0524146,0.775341,0.629365
0,0,-0.327497,-0.084593,0.941058
0,0,0.0534528,0.381494,0.922825
0,0,-0.715803,0.0749105,0.694272
0,0,0.706838,-0.693659,0.138627
0,0,-0.00498254,0.999958,0.00765324
0,0,0.283568,0.563865,0.775658
0,0,-0.530349,-0.595637,0.603279
0,0,-0.678177,-0.142589,0.720933
0,0,-0.957284,-0.279554,0.073865
0,0,-0.379877,-0.528922,0.758903
0,0,0.496066,0.423476,0.758015
0,0,0.100652,-0.800714,0.59053
0,0,0.599002,0.195927,0.776408
0,0,-0.491942,0.862622,0.117799
0,0,-0.43293,0.683767,0.587396
0,0,0.586061,0.631567,0.507598
0,0,0.550339,0.629749,0.548218
0,0,0.315603,-0.037642,0.948144
0,0,-0.833014,-0.0424622,0.55162
0,0,0.632167,0.454299,0.627676
0,0,0.830315,0.0245192,0.556754
0,0,-0.826813,-0.538014,0.164074
0,0,0.844248,0.493258,0.209622
0,0,0.506363,-0.0550499,0.860561
0,0,-0.360921,-0.27553,0.890966
0,0,-0.303091,0.704961,0.641223
0,0,0.96933,0.189733,0.15621
0,0,0.261387,0.841847,0.472197
0,0,-0.516822,0.587146,0.623021
0,0,-0.449653,-0.260706,0.854309
0,0,0.8662,-0.361157,0.345344
0,0,0.951318,-0.304422,0.0481773
23.7426,35.1408,-0.987077,-0.0344135,0.156509
0,0,-0.477157,-0.870179,0.122921
0,0,0.960365,0.103204,0.258935
0,0,-0.966672,-0.157898,0.201529
0,0,-0.526507,0.664312,0.530546
0,0,-0.766828,-0.618417,0.171859
0,0,0.790364,0.305585,0.530982
0,0,0.721479,0.675195,0.15356
0,0,-0.541186,0.825123,0.16214
0,0,-0.0858787,-0.706416,0.702568
0,0,0.0747677,0.561774,0.823905
0,0,-0.867591,-0.49517,0.0457405
0,0,0.615082,-0.700252,0.362383
0,0,-0.913257,0.351021,0.20675
0,0,-0.88044,0.196713,0.431427
0,0,-0.988923,-0.127066,0.0767144
0,0,-0.850232,-0.29834,0.433703
0,0,0.373468,-0.727314,0.575792
0,0,0.9872,0.129875,0.0925675
0,0,0.137628,0.347703,0.927449
0,0,-0.739825,-0.559784,0.373231
0,0,-0.258662,-0.952876,0.158496
0,0,0.186082,-0.925534,0.329788
0,0,0.228277,0.195259,0.953815
0,0,-0.833559,0.478177,0.276634
0,0,0.112041,-0.957657,0.265218
18.1761,25.9476,0.12834,-0.152988,0.979859
0,0,0.292384,0.848212,0.441643
0,0,-0.245963,-0.732208,0.635117
0,0,0.624446,-0.713831,0.317039
0,0,0.462525,0.847571,0.260181
0,0,0.918187,-0.215048,0.332697
5.8889,8.67071,-0.397986,0.481071,0.781139
0,0,0.0694334,-0.243331,0.967455
0,0,-0.935462,0.350652,0.0441961
0,0,-0.0610721,0.761976,0.644719
0,0,0.21913,-0.938963,0.265199
0,0,0.0410912,-0.443496,0.895334
0,0,0.370283,0.897069,0.241158
0,0,-0.194961,-0.0823056,0.977351
0,0,0.483254,-0.452374,0.749549
0,0,-0.799046,0.394006,0.454185
0,0,-0.525419,-0.794709,0.303927
0,0,-0.494984,-0.868552,0.0246674
21.556,31.5351,-0.194232,0.97357,-0.120149
0,0,-0.931346,-0.347394,0.109139
0,0,0.561663,0.675553,0.477664
0,0,0.116861,0.0537889,0.991691
0,0,0.945638,0.300429,0.124541
0,0,-0.893967,0.225383,0.387331
0,0,0.27388,0.601108,0.750772
0,0,-0.765786,-0.637592,0.0839513
0,0,0.048611,-0.450433,0.891486
0,0,-0.625128,0.700988,0.343264
0,0,0.143892,-0.881651,0.44943
0,0,-0.213948,-0.49365,0.842933
0,0,0.378472,0.925601,0.004618
0,0,0.909552,-0.177768,0.375651
0,0,0.781675,0.234209,0.578041
0,0,0.938461,-0.323503,0.120983
0,0,0.98935,-0.0899055,0.114468
0,0,0.842135,-0.5384,0.030571
0,0,0.38467,-0.0471627,0.921848
0,0,0.615509,0.34804,0.707119
0,0,-0.220524,0.638273,0.737548
0,0,-0.591088,0.520468,0.616221
0,0,-0.939934,-0.295473,0.170938
0,0,-0.352568,-0.636604,0.68588
22.8995,34.2161,0.320294,0.0155195,0.947191
0,0,-0.30937,-0.559779,0.768724
0,0,0.511942,-0.837771,0.189881
0,0,0.499887,0.669216,0.549784
0,0,-0.628592,-0.388839,0.673555
0,0,0.0877461,-0.987519,0.130793
0,0,-0.538173,0.600104,0.591815
0,0,-0.614948,0.269506,0.741084
0,0,0.96086,-0.094839,0.260296
0,0,-0.184833,-0.540364,0.82088
0,0,-0.215915,0.688439,0.692411
0,0,0.561717,0.823286,0.0817016
0,0,-0.743309,-0.454525,0.490814
0,0,0.851948,0.230068,0.470376
0,0,-0.256428,-0.400249,0.879798
0,0,-0.435396,0.293425,0.851077
0,0,0.200613,-0.276635,0.939802
0,0,0.119727,0.925833,0.358466
0,0,-0.719009,0.351759,0.59941
0,0,0.192331,0.925969,0.324948
0,0,-0.784981,0.401913,0.471457
0,0,0.643351,0.599507,0.47612
0,0,-0.678142,-0.688281,0.257668
0,0,-0.187745,0.982215,0.00216446
0,0,0.615088,0.510656,0.600748
0,0,0.900805,0.218959,0.374977
0,0,0.0811364,0.991987,0.0968415
0,0,-0.0241585,0.840791,0.54082
0,0,-0.773079,-0.349517,0.529326
0,0,-0.67108,-0.400855,0.623672
0,0,-0.755715,0.211768,0.619717
0,0,-0.48602,0.863822,0.132651
0,0,0.218054,0.940581,0.260306
0,0,-0.2354,0.947147,0.217944
0,0,0.543053,-0.743251,0.390732
0,0,-0.938663,-0.325987,0.112446
0,0,-0.255976,-0.961339,0.101501
0,0,-0.78245,-0.574996,0.239065
0,0,-0.804131,0.0437457,0.59284
0,0,-0.753888,0.647745,0.109907
0,0,-0.838988,-0.435509,0.326239
0,0,0.790758,-0.0170737,0.611891
0,0,-0.825118,0.225641,0.517944
0,0,-0.948637,-0.256263,0.185519
0,0,0.323875,-0.739802,0.589743
0,0,0.552112,-0.830001,0.0791899
0,0,0.387302,0.379027,0.840438
0,0,0.299323,0.302694,0.904866
0,0,-0.470064,0.457206,0.754985
0,0,0.610123,0.703624,0.364228
0,0,0.763126,-0.500783,0.408478
0,0,0.258804,-0.693211,0.672665
0,0,0.828255,-0.51,0.232151
0,0,-0.892449,0.441429,0.0931343
0,0,0.746306,0.656474,0.109861
0,0,0.0152826,-0.687894,0.72565
0,0,0.43459,-0.885257,0.165685
0,0,-0.360356,-0.0898215,0.92848
0,0,-0.706589,0.703565,0.0756902
0,0,-0.29103,-0.299992,0.908464
0,0,0.656582,-0.707589,0.261185
0,0,0.849451,-0.495937,0.180221
0,0,0.41897,0.905512,0.0671742
0,0,-0.422396,0.158458,0.892453
0,0,0.161533,-0.903042,0.398022
0,0,-0.177161,-0.166875,0.969931
0,0,-0.612392,-0.157732,0.774659
0,0,0.143159,0.917223,0.371762
0,0,0.29758,0.649529,0.699684
0,0,0.180713,-0.880869,0.437506
0,0,0.733445,0.538425,0.414919
0,0,0.24331,0.710792,0.659981
0,0,-0.830657,-0.228878,0.507567
0,0,-0.181459,-0.983306,0.0135078
22.9931,33.2577,-0.276244,-0.716687,-0.64035
0,0,-0.991643,-0.0949608,0.0873354
0,0,-0.0328386,0.342027,0.939116
0,0,0.113291,-0.727131,0.677086
0,0,-0.459239,-0.869866,0.180091
0,0,0.787415,-0.488733,0.375657
0,0,0.622775,-0.753301,0.211397
0,0,0.0914091,0.717817,0.690205
0,0,0.549585,0.83415,0.0463793
0,0,0.834667,0.464315,0.296214
0,0,-0.218215,-0.123315,0.968078
0,0,0.0788545,0.84715,0.525471
0,0,-0.0956219,-0.495474,0.863344
0,0,0.440658,0.891846,0.102138
0,0,0.891543,-0.206174,0.403291
0,0,-0.340906,-0.849124,0.403449
0,0,-0.440432,-0.456242,0.773216
0,0,-0.190991,-0.970734,0.145593
0,0,-0.328278,-0.523831,0.786025
0,0,0.721969,0.1506,0.675337
0,0,-0.911074,-0.380655,0.158256
0,0,0.948324,-0.303944,0.091099
0,0,-0.347934,0.77345,0.529828
0,0,0.563104,-0.713876,0.416288
0,0,0.935621,-0.125562,0.32992
0,0,0.96809,0.0837131,0.236207
0,0,0.95161,-0.0349753,0.305312
0,0,-0.778612,0.272805,0.565103
10.8401,15.5407,-0.501386,0.117938,0.857148
0,0,-0.706231,0.268938,0.654913
0.0183251,0.0443182,-0.268858,0.259214,0.927644
0,0,-0.1886,-0.527488,0.828364
13.5379,19.3244,0.196255,0.494903,0.846496
0,0,-0.86165,0.197279,0.467589
0,0,-0.570873,0.808812,0.141167
0,0,-0.631038,0.659339,0.408733
0,0,0.192332,-0.599815,0.776679
0,0,-0.82732,0.54887,0.119516
0,0,-0.123236,-0.798301,0.589515
16.7882,22.9478,0.273273,0.323538,-0.905895
0,0,-0.0359764,0.877217,0.478744
0,0,-0.239398,-0.385371,0.891167
0,0,0.630435,0.514881,0.580904
0,0,-0.566888,0.128539,0.813705
0,0,-0.582325,-0.533544,0.613374
0,0,-0.766802,-0.566042,0.302675
0,0,-0.677753,-0.66166,0.320712
0,0,0.590742,0.799594,0.108045
0,0,0.445568,0.894707,0.0311167
0,0,0.787894,-0.565748,0.243212
0,0,-0.645606,0.735802,0.204419
0,0,-0.0583954,0.562317,0.824857
0,0,-0.283666,-0.550068,0.785467
0,0,0.35419,0.723862,0.592092
0,0,0.917643,-0.325812,0.227548
0,0,0.331595,0.332356,0.882941
0,0,0.604665,-0.111898,0.78858
0,0,0.173692,-0.96786,0.181873
0,0,-0.307323,0.537016,0.785599
0,0,-0.844964,-0.0611801,0.531313
0,0,-0.720177,0.626306,0.298473
0,0,0.687869,-0.219648,0.691803
0,0,0.061958,0.816262,0.574349
0,0,-0.243387,-0.862646,0.443402
0,0,-0.850426,0.292154,0.437518
0,0,-0.793389,-0.0888311,0.602198
0,0,-0.949559,-0.112212,0.292826
24.637,36.472,0.0707756,-0.934066,-0.350017
0,0,0.887066,-0.121027,0.445497
0,0,0.247081,0.909478,0.334365
0,0,0.740908,-0.387907,0.548255
0,0,-0.644793,-0.192281,0.739777
0,0,0.778386,0.547274,0.307581
0,0,-0.485204,0.501128,0.716553
0,0,-0.552204,-0.433325,0.71225
0,0,-0.884068,0.0562155,0.463965
0,0,0.371252,0.096334,0.923521
0,0,0.642593,-0.451624,0.618959
0,0,-0.698302,-0.63513,0.330127
0,0,-0.976769,0.120678,0.177084
0,0,-0.40963,-0.0514306,0.910801
0,0,0.716442,-0.344205,0.606823
0,0,0.555226,-0.789359,0.261984
0,0,0.175429,0.841948,0.510244
0,0,0.614175,0.140764,0.776514
0,0,0.481603,-0.340875,0.80738
0,0,0.300711,0.820173,0.486712
0,0,-0.64869,0.184284,0.738404
0,0,-0.92695,-0.271506,0.258936
0,0,0.804675,-0.329999,0.493558
0,0,-0.619542,0.741936,0.256319
0,0,0.0735298,0.9682,0.239127
0,0,-0.555931,0.826312,0.0902748
0,0,0.522575,0.300217,0.797988
2.93024,4.27582,-0.181811,0.300907,0.936162
0,0,0.941605,-0.0541782,0.332333
0,0,0.221304,0.967996,0.118358
0,0,0.731937,-0.367839,0.573552
0,0,0.127841,0.989326,0.0699332
0,0,0.701908,0.572064,0.424344
0,0,0.783186,-0.360095,0.506903
0,0,-0.226121,-0.384803,0.894872
0,0,0.896767,0.405773,0.176514
0,0,-0.514037,-0.455882,0.726593
0,0,-0.344547,0.450769,0.823465
0,0,0.777218,0.543933,0.316338
0,0,-0.111953,0.457454,0.882158
0,0,-0.954538,-0.241833,0.174283
0,0,-0.0822826,0.817429,0.570122
0,0,0.0471872,-0.217719,0.97487
0,0,0.476663,0.603782,0.638936
0,0,0.685079,-0.714515,0.141898
0,0,-0.672445,0.590873,0.445743
0,0,0.360742,0.505474,0.783812
0,0,-0.255039,0.741294,0.620837
0,0,0.775194,0.261649,0.57499
0,0,-0.703217,0.707542,0.0697881
0,0,-0.414923,0.0274239,0.909443
0,0,0.911404,0.378646,0.161153
0,0,-0.0281415,-0.991282,0.12872
0,0,-0.0936193,0.944585,0.314634
0,0,-0.541308,-0.827928,0.146702
0,0,-0.840811,0.520423,0.148988
0,0,0.114931,-0.983513,0.13962
0,0,-0.396242,-0.512479,0.761812
0,0,0.499147,-0.437127,0.74818
0,0,0.324111,0.65968,0.678066
0,0,0.927582,-0.285767,0.240683
0,0,-0.466121,0.134145,0.874492
0,0,0.778913,0.479725,0.403928
0,0,-0.265239,0.862655,0.430667
0,0,0.51518,0.74539,0.423064
0,0,0.902318,-0.0177362,0.430707
0,0,0.814743,0.466574,0.344241
0,0,0.978005,-0.103775,0.180933
0,0,0.594497,0.0233999,0.803757
0,0,-0.964856,-0.105614,0.24062
0,0,0.898182,0.279988,0.338933
0,0,0.509858,-0.859835,0.0270061
0,0,-0.990724,0.0926313,0.09943
0,0,0.156484,-0.972989,0.169721
0,0,0.742905,-0.423015,0.518797
0,0,0.766832,0.00187173,0.641845
0,0,-0.257796,0.952785,0.160443
0,0,-0.78307,0.314301,0.536671
0,0,-0.453134,-0.408279,0.79245
0,0,0.490893,-0.806641,0.329171
0,0,-0.168793,-0.883479,0.437006
0,0,0.920823,-0.275417,0.276098
0,0,-0.819059,-0.146543,0.554678
0,0,0.224702,-0.519498,0.824397
0,0,0.491294,0.179404,0.852317
0,0,0.296623,-0.728021,0.618062
0,0,-0.411081,-0.385499,0.826077
0,0,-0.120696,-0.942355,0.312088
0,0,0.689513,0.701776,0.179112
0,0,-0.582851,0.476006,0.658562
0,0,-0.649843,-0.414605,0.637029
0,0,0.921602,-0.256646,0.291175
0,0,-0.468308,-0.785835,0.403919
0,0,-0.288944,-0.673143,0.680728
0,0,0.562303,0.823933,0.0703587
0,0,0.574912,0.670011,0.46964
0,0,-0.563945,-0.322221,0.760355
0,0,0.175071,0.469046,0.865648
0,0,0.434643,-0.884706,0.168465
0,0,0.590201,-0.372085,0.71639
0,0,-0.521218,-0.264878,0.811278
0,0,0.535709,-0.642155,0.548318
0,0,0.861457,-0.455316,0.2249
0,0,-0.0315756,0.890231,0.454413
16.1506,20.6984,-0.129411,-0.235161,0.963303
0,0,0.597795,0.104743,0.794777
0,0,-0.33066,-0.120725,0.935996
0,0,-0.177285,0.980464,0.085213
0,0,-0.131163,-0.739429,0.660334
0,0,0.82105,0.255131,0.510671
0,0,-0.188865,0.41858,0.888325
0,0,-0.219228,-0.808693,0.545853
0,0,0.935197,0.262633,0.237552
0,0,0.515539,-0.494526,0.69976
0,0,-0.590072,-0.00323458,0.807344
0,0,0.240236,-0.686231,0.686566
0,0,0.220277,0.325099,0.919667
0,0,-0.412948,0.343224,0.843606
0,0,0.867099,0.343994,0.360288
0,0,-0.205065,0.769451,0.604891
0,0,-0.857545,-0.252308,0.448282
0,0,-0.122489,0.440746,0.889235
0,0,-0.292373,0.709575,0.64111
0,0,-0.199191,-0.173221,0.96453
0,0,-0.588605,-0.186931,0.786512
0,0,-0.0569158,-0.757423,0.650439
0,0,-0.868305,0.495713,0.0177412
0,0,0.792823,0.467896,0.390519
0,0,0.466053,0.45531,0.758609
0,0,0.447736,-0.21313,0.868394
16.3124,25.0658,0.34025,-0.805229,-0.48563
0,0,-0.0595701,-0.968458,0.241953
0,0,0.968389,-0.176564,0.176206
0,0,0.765552,-0.406707,0.498518
0,0,-0.70473,-0.6956,0.139626
0,0,-0.105375,0.046536,0.993343
0,0,0.48977,-0.499769,0.714393
0,0,-0.162199,-0.891928,0.422086
0,0,-0.905135,-0.00684173,0.425069
0,0,0.768056,0.461448,0.444023
0,0,0.412108,0.0515119,0.909678
0,0,0.801627,-0.268945,0.533912
16.1429,21.7214,0.950151,0.085785,0.299756
0,0,-0.899276,0.279665,0.33629
0,0,-0.269492,0.947279,0.173313
0,0,-0.346298,0.195184,0.917595
0,0,0.336551,0.888183,0.312833
0,0,-0.452667,-0.756872,0.471421
0,0,-0.516631,0.0806545,0.852401
0,0,-0.795829,0.00185646,0.605518
0,0,-0.665681,0.744983,0.0432317
0,0,-0.244556,-0.694813,0.676333
20.3804,28.0209,0.651769,-0.729935,-0.205893
0,0,0.452544,-0.886414,0.0973328
0,0,0.0344118,-0.1091,0.993435
0,0,0.977999,-0.090076,0.188159
0,0,-0.0449618,-0.997354,0.0571248
0,0,0.807562,-0.589724,0.00837265
0,0,-0.703012,-0.273268,0.656581
0,0,0.778117,-0.0880825,0.621912
0,0,-0.229716,0.913727,0.335162
0,0,-0.829829,0.187354,0.525626
0,0,-0.389343,0.419858,0.819836
0,0,-0.407389,0.497014,0.766167
0,0,-0.0385904,-0.568302,0.821914
0,0,-0.238477,-0.105633,0.965386
0,0,0.993073,0.11081,0.0390697
0,0,-0.95568,-0.0479903,0.29047
0,0,-0.783777,-0.522105,0.336304
0,0,0.129343,-0.897321,0.422001
0,0,0.206469,-0.916465,0.342726
0,0,-0.174087,-0.830501,0.529115
0,0,0.221954,0.974941,0.0150403
0,0,-0.545919,-0.78462,0.293841
0,0,-0.39084,0.883333,0.258778
0,0,-0.369533,0.5796,0.726298
0,0,0.204903,0.543094,0.814287
0,0,0.840012,-0.432861,0.327125
0,0,-0.269797,-0.679648,0.682121
0,0,-0.982787,0.178692,0.0468891
0,0,0.114287,-0.548316,0.828425
0,0,-0.182635,-0.688752,0.701616
0,0,0.66165,-0.718237,0.215304
0,0,0.233534,0.775417,0.586678
0,0,-0.449556,0.891779,0.0512766
0,0,-0.544533,-0.822872,0.162377
0,0,-0.571543,-0.487983,0.659706
13.0976,17.6496,0.342202,0.445392,0.827359
0,0,-0.473025,0.527682,0.705549
0,0,0.850949,-0.328444,0.40989
0,0,0.492523,0.220762,0.841835
0,0,-0.976853,-0.0656619,0.203584
0,0,-0.912675,-0.380371,0.149475
0,0,0.210689,0.977472,0.0126308
0,0,0.0295302,-0.592393,0.805108
0,0,-0.920385,0.147178,0.362258
0,0,0.199147,0.920311,0.336701
0,0,-0.706624,-0.098897,0.700644
0,0,0.389152,0.630312,0.671764
0,0,0.9583,0.234821,0.162848
0,0,-0.807677,0.331615,0.487533
0,0,-0.415766,-0.628296,0.657559
0,0,0.0619856,-0.655191,0.752916
0,0,-0.119622,0.897575,0.424322
0,0,0.760141,-0.627572,0.168342
0,0,-0.331994,-0.571204,0.75067
0,0,0.874759,-0.431622,0.220226
0,0,-0.899599,-0.156616,0.407667
0,0,-0.428066,-0.100993,0.898087
0,0,0.113397,-0.95609,0.270245
0,0,0.4371,0.697764,0.567511
0,0,-0.565139,0.695816,0.443235
0,0,0.50135,-0.672984,0.54382
0,0,0.538039,0.788234,0.298665
0,0,0.978276,-0.0483602,0.201588
0,0,0.405467,0.865605,0.29381
0,0,0.920008,0.166906,0.35458
0,0,-0.857466,0.456005,0.238351
0,0,-0.747351,0.597279,0.291073
0,0,-0.756338,0.113465,0.644266
0,0,0.184454,-0.876547,0.44457
0,0,0.610065,0.288288,0.738045
0,0,-0.647432,0.761149,0.0385186
0,0,0.606551,-0.774453,0.179773
0,0,-0.557621,0.829864,0.0195968
0,0,0.915334,0.2157,0.340055
0,0,-0.394845,0.912536,0.106653
0,0,-0.883097,0.456637,0.107804
0,0,-0.671675,0.740215,0.0305739
0,0,-0.0175049,-0.0313218,0.999356
0,0,-0.958966,0.271394,0.0820321
0,0,0.701259,0.687749,0.187719
0,0,-0.379175,0.214563,0.900105
0,0,0.214578,0.437276,0.873353
0,0,0.860396,-0.168654,0.480911
0,0,0.500039,-0.0379184,0.865172
0,0,0.0250082,-0.969602,0.243405
0,0,0.592171,-0.271668,0.758637
0,0,0.436515,-0.886991,0.150673
0,0,-0.0481401,0.896638,0.440139
0,0,-0.923957,-0.214796,0.31649
0,0,0.765148,0.566961,0.30513
0,0,0.273044,-0.938603,0.210882
0,0,-0.590807,-0.237204,0.771156
0,0,-0.989922,-0.0494175,0.132714
0,0,-0.427492,-0.253489,0.867752
0,0,0.863274,-0.373458,0.339539
0,0,0.940176,-0.203623,0.273143
0,0,-0.0975344,0.382809,0.918664
0,0,-0.798487,-0.602012,0.000831392
0,0,0.833977,0.442487,0.329678
0,0,0.843242,0.264555,0.467925
0,0,0.80281,-0.345345,0.486039
0,0,0.354192,-0.775337,0.522878
0,0,-0.0606117,-0.902081,0.42729
0,0,0.57449,-0.807051,0.136495
0,0,0.0244856,0.0568292,0.998084
0,0,-0.54403,-0.240675,0.803808
0,0,-0.233519,0.640949,0.7312
0,0,-0.0397411,-0.785124,0.618062
0,0,-0.324143,0.940616,0.100858
0,0,0.86599,-0.413849,0.280695
0,0,0.382658,-0.640151,0.666168
0,0,-0.692545,0.14337,0.706984
0,0,-0.532422,0.446317,0.719255
0,0,-0.347809,0.881581,0.319129
0,0,0.14194,0.703703,0.696171
0,0,0.953409,-0.111069,0.28049
0,0,0.445157,0.726122,0.524005
0,0,-0.776949,0.461724,0.427973
0,0,0.231846,0.838893,0.492449
0,0,-0.409089,-0.784326,0.466347
0,0,0.206886,0.388234,0.898038
0,0,0.693448,0.714292,0.0944315
0,0,-0.379819,-0.616772,0.689442
0,0,0.0206808,0.0674468,0.997509
10.6154,15.3487,0.0904266,0.29077,0.95251
0,0,0.930968,0.320002,0.175775
0,0,-0.571453,0.82033,0.0223658
0,0,0.629934,0.523553,0.573651
0,0,0.114174,0.560933,0.81995
0,0,-0.137608,0.74101,0.657243
0,0,-0.940352,0.25346,0.22693
0,0,0.127275,-0.202468,0.970983
0,0,0.319937,-0.846092,0.426343
0,0,-0.809454,-0.573565,0.125728
0,0,-0.833593,-0.268955,0.482479
0,0,0.715108,-0.539698,0.444237
0,0,0.760399,0.479531,0.437998
0,0,-0.125094,0.366929,0.9218
0,0,0.078029,-0.99125,0.106465
0,0,-0.505506,-0.785797,0.356353
0,0,0.7922,-0.574686,0.205317
0,0,0.346258,-0.808291,0.476204
0,0,0.385816,-0.913956,0.125815
0,0,0.600565,0.466066,0.649695
0,0,-0.459328,0.576395,0.67586
0,0,-0.975616,0.118113,0.184995
0,0,-0.540343,0.133594,0.830772
0,0,0.522351,0.685403,0.507319
0,0,0.519519,0.382161,0.764234
0,0,-0.954091,0.222831,0.20014
0,0,0.325633,-0.782128,0.531261
0,0,-0.395088,-0.917552,0.0447524
20.4259,30.0805,0.811939,0.436788,0.38726
0,0,-0.850338,-0.15251,0.503652
0,0,-0.0985682,-0.275192,0.956323
0,0,-0.000725666,0.651177,0.758926
0,0,-0.985917,-0.16038,0.0473805
0,0,-0.0822955,-0.567069,0.819549
0,0,-0.272844,-0.9159,0.294421
0,0,-0.530061,-0.0252042,0.847585
0,0,0.844877,0.520843,0.122086
0,0,-0.671524,0.305626,0.675018
0,0,0.243635,-0.963889,0.107519
0,0,-0.536277,-0.750424,0.386355
0,0,-0.323911,0.291212,0.900154
7.37799,9.42127,0.294355,0.0223473,0.955435
0,0,-0.181246,-0.79029,0.585313
0,0,-0.000749228,-0.584285,0.811548
0,0,0.700041,-0.471061,0.536698
0,0,-0.662644,0.726577,0.181627
0,0,-0.849349,0.371894,0.374567
0,0,0.301639,-0.719543,0.625518
0,0,-0.312399,-0.745281,0.589037
0,0,-0.0847111,0.930777,0.355638
0,0,0.308418,-0.276708,0.910116
0,0,-0.831815,-0.408233,0.376071
0,0,-0.884363,-0.451209,0.119631
0,0,0.102383,0.152516,0.982984
0,0,-0.155214,0.530727,0.833209
0,0,0.864797,0.475834,0.160336
0,0,-0.549188,0.506614,0.664631
0,0,-0.844592,-0.529133,0.081751
0,0,-0.176623,-0.91694,0.357805
0,0,-0.629062,0.0946534,0.771571
0,0,0.752501,-0.641371,0.149618
0,0,-0.766453,-0.262753,0.586098
0,0,-0.290931,0.61844,0.729994
0,0,0.477074,0.845418,0.240145
0,0,0.797367,0.0283126,0.60283
0,0,0.738533,0.670384,0.0717862
0,0,-0.52379,-0.685445,0.505775
0,0,0.908657,-0.271397,0.317312
0,0,0.702495,-0.105553,0.703817
0,0,-0.0450674,-0.933999,0.354422
0,0,-0.165522,0.40518,0.899128
0,0,-0.513865,0.84419,0.152598
0,0,-0.536795,-0.814287,0.22088
0,0,0.994102,0.0951344,0.0520712
0,0,0.936035,-0.344077,0.0738158
0,0,0.792564,-0.607363,0.0543294
0,0,0.473035,-0.730326,0.49281
0,0,-0.864001,0.435013,0.253507
0,0,-0.176495,-0.978287,0.108644
0,0,-0.119386,-0.992312,0.0326328
0,0,-0.250758,-0.487779,0.836177
0,0,-0.550693,0.822362,0.143033
0,0,-0.261511,0.532213,0.805209
0,0,0.741461,0.482103,0.466703
0,0,-0.437394,0.668503,0.60149
0,0,0.808903,-0.508411,0.295285
0,0,0.0966291,-0.869272,0.484798
0,0,-0.160673,-0.924956,0.344441
0,0,-0.656014,0.506045,0.559968
0,0,-0.232701,0.358606,0.90402
0,0,-0.190411,0.781653,0.593938
0,0,-0.446509,0.193399,0.873628
0,0,0.206279,-0.932863,0.295323
0,0,0.127821,0.3224,0.937934
0,0,0.427252,-0.836787,0.342407
0,0,0.770036,0.315802,0.554358
0,0,-0.0877376,-0.468897,0.878884
0,0,-0.13398,0.847473,0.513652
0,0,0.68826,-0.66765,0.2838
0,0,-0.0402137,-0.0462179,0.998122
0,0,-0.777053,0.554376,0.298085
0,0,-0.534751,-0.825712,0.179557
0,0,-0.601108,0.586287,0.543081
0,0,0.87712,0.0303551,0.47931
0,0,-0.0993506,0.888331,0.448326
0,0,0.241583,0.771892,0.588064
0,0,0.609091,-0.396394,0.686935
21.138,30.0999,0.869188,0.151004,0.470861
0,0,0.11246,0.63043,0.768056
0,0,0.887221,-0.115206,0.446729
0,0,-0.810342,0.249808,0.530039
0,0,0.578427,0.0285425,0.815235
0,0,0.400344,-0.851082,0.339682
0,0,0.55816,-0.1354,0.818611
22.8739,33.5519,-0.316195,-0.59878,-0.735856
0,0,0.726636,0.32437,0.605627
0,0,-0.0718971,-0.936868,0.342212
0,0,-0.424532,-0.202609,0.882452
0,0,0.741252,0.502265,0.445282
0,0,-0.786166,-0.550289,0.281293
0,0,0.168465,-0.408626,0.897019
0,0,0.0716543,-0.577943,0.812925
0,0,0.0439734,-0.93226,0.359105
0,0,-0.42949,0.46185,0.776037
0,0,-0.0303486,-0.427469,0.903521
0,0,0.700294,0.62834,0.338789
0,0,0.0185183,-0.561399,0.827338
0,0,-0.481578,-0.122311,0.867826
0,0,-0.264842,0.852787,0.450126
0,0,-0.427892,-0.488348,0.760543
17.6711,26.4968,-0.220573,-0.431178,0.87489
0,0,-0.562607,0.749973,0.34787
0,0,0.97064,0.0482651,0.235644
0,0,0.93886,-0.337171,0.0696925
0,0,-0.984785,-0.0750917,0.156717
0,0,0.50122,-0.18543,0.845219
0,0,-0.985114,-0.171447,0.0125314
0,0,0.894079,-0.259758,0.364895
0,0,0.0589002,-0.688373,0.722962
0,0,0.896844,0.297168,0.32766
0,0,0.875414,-0.116028,0.469242
0,0,0.274595,-0.945028,0.177536
0,0,0.472283,-0.828768,0.300153
0,0,-0.497731,0.846261,0.190016
0,0,0.0474321,-0.946385,0.319541
0,0,0.606992,-0.517359,0.603242
0,0,-0.604891,-0.796212,0.0123974
0,0,-0.691468,0.701428,0.17283
0,0,0.804019,0.125059,0.581304
0,0,0.204192,0.929902,0.305922
0,0,0.249686,-0.828992,0.50043
0,0,-0.503765,0.786874,0.356442
0,0,-0.210648,0.653079,0.727403
0,0,-0.16633,0.836234,0.522539
0,0,-0.00625755,0.818052,0.575111
0,0,0.32089,-0.832695,0.451275
0,0,-0.117384,-0.705902,0.698515
0,0,0.636281,-0.300177,0.710662
0,0,0.404149,-0.368788,0.837054
0,0,-0.819488,-0.531723,0.213799
0,0,-0.929752,0.00645298,0.368129
0,0,0.828542,0.438837,0.347764
21.3639,28.5606,-0.434996,-0.854955,0.282541
0,0,0.620701,0.682896,0.385205
0,0,-0.907582,-0.264234,0.326305
0,0,0.313397,-0.861001,0.400574
0,0,0.251277,0.379944,0.890226
0,0,0.163526,0.0265989,0.98618
0,0,0.46372,-0.406538,0.787204
0,0,0.160915,0.82139,0.547197
0,0,0.0948571,0.881258,0.463019
0,0,0.914106,-0.305065,0.267107
0,0,-0.0338676,0.365355,0.930252
0,0,0.385117,0.92113,0.0566052
0,0,0.415404,-0.819813,0.394139
0,0,-0.518332,0.741325,0.426344
0,0,0.0831595,0.979335,0.184356
0,0,-0.165713,-0.790065,0.590201
0,0,-0.243675,0.150589,0.958095
0,0,0.745509,-0.136775,0.65231
0,0,0.76,0.131122,0.636559
19.3156,27.0336,0.236036,0.282401,0.929805
0,0,-0.811926,-0.501781,0.298315
0,0,0.588025,-0.728354,0.351749
0,0,-0.161961,0.931366,0.326077
0,0,0.827273,0.418947,0.374303
0,0,-0.222932,0.872601,0.434591
0,0,-0.664794,0.431759,0.609617
0,0,-0.526606,0.826497,0.19897
0,0,0.115695,0.992804,0.0309147
0,0,0.836375,-0.394006,0.381098
0,0,-0.857263,-0.00344201,0.514867
0,0,-0.427478,-0.791215,0.437312
0,0,0.0873338,0.416221,0.90506
0,0,0.293651,0.359949,0.885554
0,0,-0.47325,0.741104,0.476235
0,0,-0.16756,0.529102,0.83185
0,0,0.871272,-0.486284,0.0664274
0,0,-0.242579,0.943464,0.225901
0,0,0.820072,-0.0491128,0.570149
0,0,-0.561951,0.557122,0.611414
0,0,0.0106581,0.343366,0.939141
0,0,-0.657823,0.632554,0.408833
0,0,-0.0601212,0.195755,0.978808
0,0,0.453735,-0.357148,0.816438
0,0,-0.859193,-0.504456,0.0855081
0,0,-0.078914,-0.99249,0.0934631
0,0,-0.750226,-0.00152001,0.66118
0,0,0.584839,0.214664,0.782229
0,0,-0.9283,0.370829,0.027307
0,0,-0.734062,0.0197614,0.678795
0,0,0.68579,0.708249,0.16756
0,0,0.883886,0.0776687,0.461209
0,0,0.467278,0.744397,0.476995
0,0,0.807036,0.353944,0.472669
0,0,-0.625868,-0.65964,0.416131
0,0,0.13606,-0.713125,0.687707
0,0,-0.279219,-0.939298,0.199388
0,0,0.637863,-0.770089,0.009693
0,0,-0.343733,-0.721793,0.600718
0,0,0.056849,-0.786378,0.615124
0,0,0.196599,-0.6039,0.772434
0,0,0.804191,-0.571803,0.162227
0,0,0.979994,-0.0808947,0.181847
0,0,-0.160574,-0.679734,0.715666
0,0,0.691429,-0.683505,0.233981
0,0,-0.888043,-0.261631,0.37806
0,0,0.750504,0.653921,0.0955539
0,0,-0.828728,-0.156671,0.537274
0,0,-0.656087,0.214175,0.723656
0,0,0.579642,-0.78813,0.207041
0,0,0.129648,-0.920079,0.369656
0,0,-0.252983,-0.96747,0.00134142
0,0,-0.235703,-0.954715,0.181559
0,0,-0.923925,-0.365929,0.111622
0,0,-0.982078,-0.100192,0.159638
0,0,0.0532724,0.909964,0.411251
0,0,-0.112319,-0.829997,0.546343
0,0,-0.7524,0.657148,0.0452934
0,0,0.638055,-0.118444,0.760826
0,0,0.689784,-0.722906,0.0400545
0,0,-0.999722,-0.0231474,0.00438306
0,0,0.470923,0.241368,0.848513
0,0,0.523232,-0.564761,0.638179
0,0,0.440831,0.871053,0.216646
0,0,0.560936,0.788153,0.253308
0,0,-0.594525,-0.518527,0.614549
0,0,-0.0518209,-0.843907,0.533981
0,0,0.156756,-0.936839,0.312665
0,0,-0.432432,-0.900038,0.0541656
0,0,-0.394775,0.383789,0.834781
0,0,0.797855,0.323617,0.508625
0,0,0.390075,-0.156956,0.907307
0,0,-0.0756632,0.397936,0.914288
0,0,0.539417,-0.279915,0.794151
0,0,-0.470809,-0.519679,0.712933
0,0,0.172062,-0.251837,0.952351
0,0,-0.102831,0.217421,0.970646
0,0,-0.272879,-0.65639,0.703341
23.0474,32.1345,0.443018,-0.807014,0.390467
0,0,0.15922,-0.870423,0.465847
0,0,0.478043,-0.229415,0.847846
0,0,-0.934441,0.349538,0.0681407
0,0,-0.153873,0.942637,0.296242
0,0,-0.167666,0.283766,0.944121
0,0,0.353937,0.93317,0.0626264
0,0,-0.0929834,0.383234,0.918959
0,0,0.5651,0.00878183,0.824976
0,0,-0.514345,0.725812,0.456778
0,0,-0.0503162,-0.687048,0.724868
0,0,0.205868,-0.559994,0.802512
0,0,0.756354,-0.649643,0.0767574
0,0,-0.540961,-0.836444,0.0878748
0,0,-0.142824,0.935893,0.322034
0,0,0.327368,0.894443,0.304635
0,0,0.604471,0.670919,0.429514
0,0,-0.94193,0.10379,0.319366
0,0,-0.646656,0.642494,0.411142
0,0,-0.473592,0.878862,0.0575419
0,0,-0.963238,-0.246823,0.106075
0,0,0.823005,-0.192781,0.534321
0,0,-0.854467,0.263634,0.447642
0,0,-0.482446,-0.440761,0.756952
0,0,0.619212,0.751087,0.229008
0,0,0.653296,-0.71071,0.26095
0,0,-0.219006,-0.568459,0.793026
0,0,-0.808225,0.401394,0.430877
0,0,0.0829484,0.683978,0.724771
0,0,-0.709693,0.664733,0.233381
0,0,0.202965,0.946095,0.252408
4.23322,6.42131,-0.35891,-0.220569,0.906936
0,0,-0.228735,-0.260951,0.937862
0,0,0.86662,-0.489674,0.0958601
0,0,-0.32432,-0.726081,0.60632
0,0,0.0567626,-0.9571,0.284143
0,0,-0.16698,-0.66688,0.726216
0,0,0.0450861,-0.434122,0.899725
0,0,-0.665484,-0.0794402,0.742173
0,0,0.767378,0.596022,0.236407
0,0,0.865087,0.434028,0.251485
0,0,-0.268059,0.839842,0.472027
0,0,0.729929,0.514057,0.450499
0,0,0.46096,0.571243,0.679115
0,0,-0.0089886,-0.866794,0.498585
0,0,-0.245681,0.928106,0.279751
0,0,-0.831725,-0.501893,0.237353
0,0,-0.643825,-0.277602,0.71304
0,0,0.958377,-0.0986641,0.267915
0,0,0.264484,0.770298,0.580249
0,0,0.947344,0.00499015,0.320177
0,0,-0.38741,0.427732,0.816676
10.6275,15.2367,-0.435684,0.0163797,0.899951
0,0,0.448523,0.254526,0.856763
0,0,-0.564071,-0.501954,0.655642
0,0,0.809616,0.351929,0.469754
0,0,-0.986226,0.0543391,0.156221
0,0,-0.447774,-0.812278,0.373768
19.3262,28.207,-0.0484336,-0.316172,0.947465
11.2185,15.53,0.590728,-0.654645,0.471678
0,0,0.472122,0.738467,0.481421
0,0,0.989927,-0.0189742,0.140301
0,0,-0.352687,-0.666999,0.656296
0,0,-0.942878,0.326163,0.0678144
0,0,0.892079,0.431751,0.133363
0,0,-0.42756,-0.217005,0.877554
0,0,-0.628073,0.739807,0.241266
0,0,-0.391188,0.909482,0.140766
0,0,0.527204,-0.847472,0.0620309
0,0,-0.298756,-0.20729,0.931545
0,0,0.37683,-0.278579,0.883398
0,0,0.399084,-0.660269,0.636221
0,0,0.817038,-0.0900733,0.569505
0,0,-0.893821,-0.362175,0.264413
0,0,-0.0565275,0.7819,0.620836
0,0,-0.362732,0.708585,0.605254
0,0,-0.451354,0.0944618,0.887331
0,0,0.774515,0.068067,0.628883
0,0,0.773071,0.624398,0.111751
0,0,-0.50251,-0.249524,0.827781
0,0,-0.950234,-0.0897419,0.298331
0,0,0.423253,0.681381,0.597141
0,0,0.130485,0.897749,0.420738
0,0,-0.534292,-0.578765,0.616087
0,0,0.140807,0.775419,0.615547
0,0,0.996411,-0.0802516,0.0269048
0,0,-0.647218,-0.762297,0.00343124
0,0,-0.470709,0.583718,0.661594
0,0,0.901506,0.11998,0.415802
0,0,-0.270504,-0.893931,0.357373
0,0,0.918859,-0.13484,0.370832
0,0,-0.712193,-0.441077,0.546107
0,0,-0.518497,-0.39706,0.7573
0,0,0.928128,0.362774,0.0835096
0,0,0.980844,-0.119785,0.153609
0,0,-0.10521,0.416973,0.902809
0,0,0.472535,0.53288,0.701961
0,0,0.0764845,0.972937,0.218044
0,0,-0.520296,0.700419,0.488575
0,0,0.937689,0.299472,0.176226
0,0,0.751206,0.328601,0.57246
0,0,0.268446,0.941078,0.205692
0,0,-0.865879,-0.499674,0.0240659
0,0,0.137562,-0.633786,0.761178
0,0,-0.976948,-0.166867,0.133144
0,0,-0.715642,0.00934651,0.698405
0,0,-0.779371,-0.49463,0.384607
0,0,-0.411013,0.902945,0.125535
0,0,-0.117455,-0.710716,0.693605
0,0,0.663003,0.392616,0.637401
0,0,-0.410817,0.744486,0.526279
0,0,0.652009,-0.54341,0.528763
0,0,0.581208,0.380098,0.71953
0,0,-0.938955,-0.11257,0.325104
0,0,-0.0454734,-0.318399,0.946866
0,0,-0.117139,0.992378,0.0382561
0,0,-0.145189,-0.889244,0.433781
0,0,0.120757,0.76776,0.629255
0,0,0.968626,0.208676,0.134971
0,0,-0.291789,0.616429,0.731351
0,0,0.70758,0.492374,0.506852
0,0,0.0378618,0.993947,0.103132
0,0,0.791638,-0.566527,0.228816
0,0,-0.800239,0.544904,0.250395
0,0,-0.116027,0.264388,0.957412
0,0,-0.632845,-0.260236,0.729236
0,0,0.850007,-0.487056,0.200661
0,0,0.354454,-0.176736,0.918219
0,0,-0.36859,0.910972,0.185125
0,0,-0.0678955,-0.480562,0.874329
0,0,0.383201,-0.85039,0.360546
0,0,-0.510948,-0.83433,0.206946
0,0,0.0964927,-0.994474,0.0413608
0,0,-0.877554,0.210563,0.430769
0,0,-0.457824,-0.573891,0.679004
0,0,-0.142585,-0.613992,0.776327
0,0,0.121591,0.775995,0.618908
0,0,-0.87221,-0.245892,0.422832
0,0,-0.142085,0.628257,0.764922
0,0,-0.63602,-0.765923,0.0940297
0,0,0.702502,0.521065,0.48475
0,0,-0.663655,-0.143643,0.734117
0,0,0.793406,0.468437,0.388681
0,0,-0.820457,-0.563461,0.096755
0,0,0.429999,-0.672657,0.602191
0,0,-0.133416,-0.946399,0.294158
0,0,0.0431461,-0.849475,0.525862
0,0,0.975021,0.148705,0.164989
0,0,-0.56791,0.0639992,0.820599
0,0,-0.132813,0.838179,0.528977
0,0,0.888682,0.184186,0.419904
0,0,0.361482,-0.00771393,0.932347
0,0,-0.711372,-0.565037,0.417952
0,0,0.436017,0.778365,0.451704
0,0,-0.30093,-0.639085,0.707822
0,0,0.354669,-0.868967,0.345117
0,0,0.0656147,0.888891,0.453395
0,0,0.573336,-0.818758,0.0303633
0,0,0.0485251,0.988847,0.140811
0,0,0.472489,0.575912,0.667143
0,0,0.127204,-0.880622,0.456425
0,0,0.293296,0.375505,0.879189
0,0,0.531153,0.727597,0.434142
0,0,-0.335124,-0.902374,0.270946
0,0,0.749977,0.0331106,0.660635
0,0,-0.829875,0.544721,0.120776
0,0,-0.0683898,0.978791,0.193111
0,0,-0.646682,-0.166532,0.744358
0,0,-0.578012,-0.768127,0.275468
0,0,-0.406246,-0.181571,0.895542
0,0,0.235847,0.799095,0.553013
0,0,-0.832514,-0.462818,0.304498
0,0,0.783682,-0.179083,0.594788
0,0,0.0571151,-0.382895,0.922025
0,0,-0.0546065,0.740262,0.670097
19.4675,28.3611,-0.780961,0.21032,-0.588103
0,0,-0.923742,-0.336576,0.182804
0,0,-0.451642,0.825901,0.3375
0,0,0.347244,-0.787547,0.509108
0,0,-0.521729,0.432219,0.735517
0,0,0.577299,-0.779745,0.242327
0,0,0.397586,0.433304,0.808809
16.9008,23.6956,0.897154,0.0994761,0.430371
0,0,-0.781887,0.525284,0.335751
0,0,0.806956,0.077298,0.585532
0,0,0.117321,-0.987215,0.107901
0,0,0.659055,0.17344,0.731823
0,0,-0.700963,0.452294,0.551436
0,0,-0.0721509,0.960754,0.267854
0,0,0.0642633,-0.994083,0.0875698
0,0,-0.792362,-0.24842,0.55718
0,0,0.132651,0.989953,0.0489581
0,0,-0.0712401,0.753732,0.653309
0,0,0.51426,0.128415,0.847966
0,0,-0.0230829,0.607959,0.793633
0,0,0.984871,-0.0955781,0.144549
0,0,0.920974,0.293752,0.255963
0,0,-0.131971,0.981802,0.136563
0,0,-0.514773,0.236719,0.823998
0,0,0.27167,0.873075,0.40489
0,0,0.594521,-0.11449,0.795888
0,0,-0.494069,0.672409,0.551146
0,0,-0.916035,0.369162,0.156839
0,0,-0.390846,0.635423,0.665941
0,0,0.934437,-0.311121,0.173296
0,0,0.313711,0.343088,0.885368
0,0,-0.855431,0.289464,0.429473
0,0,0.768653,0.303051,0.563323
0,0,-0.222398,0.0736559,0.97217
0,0,0.64618,0.76284,0.0229607
0,0,-0.418564,-0.375795,0.826791
0,0,-0.112566,-0.593313,0.797062
0,0,-0.912065,-0.362165,0.192284
0,0,0.30328,0.205649,0.930446
0,0,-0.0372009,0.028147,0.998911
0,0,-0.0100515,-0.708037,0.706104
0,0,-0.601123,-0.0749601,0.795633
0,0,0.433111,0.104633,0.895247
0,0,0.853366,-0.512962,0.0929374
0,0,-0.715476,0.697728,0.0356383
0,0,-0.965415,0.0972664,0.241896
0,0,0.0170064,0.944927,0.32684
0,0,0.518626,-0.750085,0.410365
0,0,-0.546773,-0.252948,0.798158
0,0,0.190273,0.62423,0.757716
0,0,-0.81719,-0.0726043,0.571778
0,0,-0.418249,0.722432,0.5506
0,0,-0.145199,0.0642402,0.987315
0,0,0.935832,-0.22574,0.270667
0,0,0.377247,-0.864696,0.331641
0,0,0.17366,-0.949526,0.261235
0,0,-0.633181,0.420411,0.649874
0,0,-0.542635,-0.839828,0.0153689
0,0,-0.49716,-0.0697468,0.864851
0,0,-0.405744,0.509726,0.758651
0,0,-0.631368,0.555405,0.541201
0,0,-0.801105,-0.0954937,0.590857
0,0,0.102687,-0.994692,0.00652992
0,0,-0.639947,0.675309,0.366641
0,0,0.081608,0.701288,0.708191
0,0,-0.00103687,0.591591,0.806237
0,0,-0.960966,-0.262192,0.0883177
0,0,0.539438,-0.72846,0.422319
0,0,0.97518,-0.143436,0.168673
0,0,0.283336,-0.906669,0.312525
0,0,-0.36421,-0.696191,0.618602
0,0,0.833977,0.315941,0.452397
0,0,-0.747088,0.425954,0.510316
0,0,-0.919359,0.174084,0.352807
0,0,-0.516308,-0.784079,0.344451
0,0,0.250213,0.51496,0.819884
0,0,0.939328,0.32611,0.106372
0,0,0.538319,-0.205371,0.817335
0,0,-0.30658,-0.0418874,0.950923
0,0,0.424034,0.505505,0.751439
0,0,0.75828,0.119257,0.640929
0,0,0.936256,-0.28582,0.204285
0,0,-0.00722404,-0.71401,0.700098
0,0,0.312743,-0.804339,0.505204
0,0,0.419267,0.89588,0.147021
0,0,0.295185,0.48848,0.821129
0,0,0.0539479,0.992571,0.109055
0,0,-0.80638,-0.385797,0.448232
0,0,-0.348911,0.398979,0.847984
0,0,0.585659,0.516128,0.624992
0,0,0.928917,0.336755,0.153978
0,0,0.438801,-0.729306,0.524943
0,0,-0.77155,0.458967,0.440522
0,0,0.76665,-0.258782,0.587605
0,0,0.224871,-0.968563,0.106393
0.57602,0.602458,0.142591,0.131503,0.981007
0,0,0.538791,-0.34082,0.77042
0,0,0.100236,-0.26749,0.958333
0,0,-0.891757,0.0162377,0.452223
1.46047,2.38796,-0.579213,-0.380062,0.721156
0,0,0.372265,-0.113939,0.921106
0,0,-0.767137,-0.352235,0.536126
0,0,0.83022,-0.0740947,0.55249
0,0,0.925132,0.256383,0.279996
0,0,0.431848,0.312257,0.846169
0,0,0.435357,-0.345474,0.831331
0,0,0.706438,0.292291,0.644601
0,0,-0.924312,-0.095667,0.369451
0,0,-0.440851,0.80966,0.387429
0,0,0.965768,0.0763033,0.247932
0,0,-0.252839,0.604419,0.75548
0,0,0.907348,0.136612,0.397565
0,0,-0.442965,0.138838,0.885723
0,0,0.308956,-0.641244,0.70239
0,0,0.895045,0.445951,0.00462104
0,0,0.937253,0.341488,0.0702983
0,0,-0.682054,0.425719,0.594615
0,0,-0.804016,0.166753,0.570747
0,0,0.774904,-0.242706,0.583624
0,0,0.730401,0.678478,0.0786251
22.9842,34.5039,0.631855,-0.515627,-0.578695
0,0,0.380989,0.852579,0.357709
0,0,-0.876478,-0.480271,0.0335739
0,0,0.865806,-0.35649,0.351134
0,0,0.592772,0.767338,0.244568
0,0,-0.580182,0.725677,0.36984
0,0,0.554892,-0.49294,0.670153
0,0,0.342658,-0.714857,0.609561
0,0,0.843761,-0.00630601,0.536682
8.63662,12.0107,0.298143,0.946293,-0.125063
0,0,-0.818132,-0.550968,0.164605
0,0,-0.348643,-0.719091,0.60113
0,0,0.277479,-0.957927,0.0733542
0,0,0.227788,-0.638416,0.735213
0,0,0.723794,-0.598008,0.344252
0,0,-0.253105,0.653803,0.713078
0,0,0.24551,-0.755017,0.608009
23.5176,33.1899,0.511941,0.800251,0.312274
0,0,0.0626356,-0.94701,0.315037
0,0,0.393717,-0.637561,0.662196
0,0,-0.0169967,0.778322,0.627635
0,0,-0.424465,-0.277803,0.861774
0,0,-0.679324,-0.669391,0.300723
0,0,-0.639778,-0.75263,0.155667
0,0,-0.449053,0.845132,0.290005
0,0,-0.740405,0.654025,0.155085
0,0,-0.931458,-0.327476,0.158571
0,0,0.462668,-0.350964,0.814103
0,0,-0.0906359,0.525619,0.845878
0,0,-0.778677,0.500096,0.378902
0,0,0.233961,-0.944567,0.230338
0,0,-0.608504,-0.0334854,0.792844
0,0,0.512341,0.78479,0.348729
0,0,-0.266606,-0.5145,0.814992
0,0,-0.934272,0.341493,0.102558
0,0,-0.604135,0.319645,0.729965
0,0,-0.201203,-0.906142,0.372054
5.32725,7.7514,0.274452,0.325276,0.904915
0,0,0.280009,0.236847,0.930322
0,0,-0.406365,0.882445,0.236978
0,0,-0.817819,0.207017,0.536951
0,0,0.897828,0.412307,0.154619
0,0,0.715656,-0.548893,0.431918
0,0,0.195131,-0.616264,0.762982
0,0,0.0447153,0.98801,0.14777
0,0,-0.797263,0.255637,0.546829
0,0,-0.645567,-0.157055,0.74738
0,0,-0.521909,0.724903,0.449585
0,0,0.707541,0.637728,0.30445
0,0,-0.542663,-0.190198,0.818133
0,0,0.678148,0.615138,0.402144
0,0,-0.820901,0.277087,0.499344
0,0,-0.913895,-0.352413,0.201496
0,0,0.610101,0.791736,0.0305048
0,0,-0.415496,0.907668,0.0591843
0,0,-0.466399,-0.125604,0.875612
0,0,0.512945,0.333948,0.790801
0,0,0.739073,-0.0782862,0.669061
0,0,0.4236,0.905616,0.0205853
0,0,0.84028,0.47645,0.258699
0,0,0.928715,0.363844,0.0714599
0,0,0.850353,-0.0323433,0.525218
0,0,-0.863562,-0.0614347,0.500486
0,0,-0.569719,-0.738711,0.360175
0,0,-0.0888167,0.785524,0.612425
0,0,-0.59242,-0.395538,0.701847
0,0,-0.904696,-0.207857,0.371916
0,0,-0.891217,0.452683,0.0284752
0,0,0.790779,-0.609799,0.0530525
0,0,0.545598,-0.673466,0.498764
0,0,0.490194,0.587669,0.643704
0,0,-0.62849,-0.331208,0.703777
0,0,0.320139,0.943134,0.0894988
0,0,-0.382198,-0.753564,0.534851
0,0,0.967758,-0.207469,0.142836
0,0,-0.771151,0.411812,0.485527
0,0,0.979337,-0.114503,0.166699
0,0,0.111934,0.291974,0.949854
0,0,-0.701371,-0.330015,0.631799
0,0,-0.8949,0.0187275,0.445875
0,0,0.807755,0.237027,0.539768
0,0,0.911896,-0.329687,0.244444
0,0,0.492686,0.575399,0.652822
0,0,0.56104,-0.455754,0.691029
0,0,-0.706533,-0.662365,0.249166
0,0,-0.532822,-0.532265,0.657871
0,0,0.681551,-0.307393,0.664076
0,0,0.180934,-0.492927,0.85105
0,0,0.547505,-0.0150357,0.836667
0,0,0.658993,-0.288123,0.694776
0,0,0.57239,0.0341314,0.819271
0,0,0.352921,0.363887,0.861994
0,0,0.453397,-0.885616,0.100578
0,0,-0.61111,0.0241801,0.791176
0,0,-0.989943,0.120653,0.0738572
0,0,0.676922,-0.389314,0.624669
0,0,0.852114,0.211298,0.478806
0,0,0.796853,-0.450509,0.402575
0,0,0.303346,-0.293877,0.906431
0,0,0.197095,-0.519357,0.831518
0,0,-0.28417,0.895211,0.343284
0,0,-0.378477,-0.825058,0.419565
0,0,-0.743825,0.479897,0.465213
0,0,-0.962198,-0.271467,0.0219484
0,0,-0.553994,-0.824015,0.118699
0,0,0.287702,0.840961,0.458272
0,0,0.900919,-0.431851,0.043001
0,0,-0.68367,0.338348,0.646619
0,0,0.857342,0.197114,0.475511
0,0,0.657511,0.700144,0.278347
0,0,-0.600026,-0.730772,0.325487
0,0,-0.138677,-0.387865,0.911224
0,0,0.561562,-0.792637,0.237433
0,0,0.49188,-0.576394,0.652552
0,0,-0.0568633,0.261291,0.963584
0,0,0.423266,0.681628,0.596849
0,0,0.458326,0.307949,0.833729
0,0,0.975399,0.106452,0.193039
0,0,0.183463,0.487792,0.853464
0,0,-0.721067,-0.61437,0.320331
0,0,0.740227,0.408504,0.53403
0,0,-0.260972,0.541724,0.799017
0,0,0.0356494,-0.893066,0.448511
0,0,-0.281381,0.665281,0.691538
0,0,-0.776333,-0.467561,0.422722
0,0,-0.700036,-0.176829,0.691868
21.1834,29.1691,-0.201836,0.821463,-0.533349
0,0,0.223507,-0.784618,0.57829
0,0,0.712649,-0.274727,0.645489
0,0,0.474043,-0.721287,0.505003
0,0,0.826906,-0.546894,0.130893
0,0,0.925503,-0.358004,0.123603
0,0,-0.675891,0.480122,0.559154
0,0,-0.287729,0.556908,0.779144
0,0,0.826089,-0.505594,0.248901
0,0,0.551776,0.809614,0.200172
0,0,-0.0477301,0.823877,0.564755
0,0,0.121335,-0.0317193,0.992105
0,0,0.0417754,0.826319,0.56165
20.7969,30.0379,-0.629776,0.680886,0.373867
0,0,-0.190154,-0.956485,0.221309
0,0,-0.723312,-0.532091,0.440112
0,0,0.000147261,0.996605,0.0823271
0,0,-0.422983,0.905937,0.0190852
0,0,0.511221,0.075985,0.856084
0,0,0.253598,0.436044,0.863455
0,0,0.61279,-0.0917623,0.7849
0,0,-0.336136,-0.7184,0.609026
0,0,0.494971,0.551696,0.671294
0,0,0.664814,-0.730667,0.155398
0,0,0.903948,-0.427519,0.010292
0,0,0.692625,0.370902,0.618629
0,0,0.961697,-0.103396,0.253866
0,0,0.853265,-0.471574,0.222613
0,0,0.626252,0.200877,0.753297
0,0,0.353409,-0.91989,0.170015
0,0,-0.121899,-0.846687,0.51794
0,0,0.0592692,0.780636,0.622169
0,0,-0.761176,-0.25866,0.594732
0,0,-0.416679,0.899171,0.133678
0,0,0.370558,0.421864,0.827477
0,0,0.620276,-0.668802,0.409832
0,0,-0.2711,-0.340252,0.900407
0,0,0.780093,0.124214,0.61321
0,0,-0.2645,-0.960059,0.0912484
0,0,-0.726526,0.682533,0.0794342
0,0,0.369996,0.464876,0.804359
0,0,0.239857,0.677867,0.694957
0,0,-0.75453,0.51643,0.404951
0,0,0.331006,0.906725,0.261314
0,0,0.415817,0.538021,0.733233
0,0,-0.52049,0.646307,0.558012
10.4934,15.7591,-0.249072,0.0834296,0.964885
0,0,0.878184,0.0702903,0.47313
0,0,0.145478,-0.622189,0.769232
0,0,0.616485,-0.617378,0.488662
0,0,-0.875672,-0.0842099,0.475507
0,0,-0.930005,0.125968,0.345286
0,0,0.88489,-0.448726,0.12496
0,0,0.600044,-0.095985,0.794188
0,0,-0.469721,-0.0423103,0.881801
0,0,0.32054,-0.380882,0.867285
0,0,-0.318016,0.413059,0.853375
0,0,0.455569,-0.862032,0.222165
0,0,0.726973,0.682115,0.07892
0,0,0.907316,-0.269646,0.322595
0,0,-0.0608648,0.306029,0.950074
0,0,0.449423,0.815083,0.365594
0,0,0.166632,0.581463,0.796326
0,0,0.8325,0.058316,0.550947
0,0,-0.0781975,0.991287,0.105998
0,0,0.649595,-0.533478,0.54169
0,0,0.288102,0.633456,0.718144
0,0,0.856974,0.232542,0.459912
0,0,-0.044985,0.805911,0.590325
0,0,0.74615,0.145249,0.649741
0,0,-0.994328,-0.00629662,0.106171
0,0,-0.864216,-0.0273429,0.502378
0,0,0.895256,-0.259063,0.362497
0,0,-0.523205,-0.263332,0.810502
0,0,-0.138184,-0.518809,0.843649
0,0,-0.375026,0.838629,0.395039
0,0,0.384271,0.418677,0.822828
0,0,-0.83074,0.545375,0.111525
0,0,0.955327,-0.288304,0.0650519
0,0,-0.484801,0.0939475,0.869564
0,0,-0.399658,0.230698,0.887159
0,0,0.329345,0.698007,0.63586
0,0,-0.487302,0.462406,0.740754
0,0,0.691193,0.696517,0.192656
17.9883,25.5012,0.10258,0.16091,0.981624
0,0,-0.436556,-0.867293,0.239212
0,0,0.171332,-0.171502,0.970171
0,0,0.145235,-0.26403,0.953517
0,0,-0.566684,0.371364,0.735499
0,0,-0.603829,-0.782306,0.152929
0,0,0.63493,-0.752207,0.176207
0,0,0.0293171,0.0319839,0.999058
0,0,-0.0454429,-0.0954842,0.994393
0,0,-0.841505,0.21828,0.494189
0,0,0.824671,0.16137,0.542104
0,0,-0.212464,-0.368781,0.904909
0,0,-0.272603,0.944132,0.185208
0,0,-0.787657,0.464211,0.405099
0,0,0.16722,0.968174,0.186218
0,0,0.146201,0.551265,0.821421
0,0,-0.145216,-0.0621291,0.987447
0,0,0.00105273,-0.75092,0.660393
0,0,0.619446,0.647808,0.443432
0,0,0.285395,0.858371,0.42632
0,0,-0.140358,0.31043,0.940177
0,0,0.343197,-0.551431,0.760355
0,0,-0.392628,0.683941,0.614872
0,0,-0.971383,0.197382,0.132115
0,0,0.388598,-0.871617,0.298791
0,0,0.130905,-0.981746,0.137979
0,0,0.634902,0.504049,0.58552
0,0,0.708483,-0.186141,0.680737
0,0,-0.353015,0.588964,0.726982
0,0,-0.248087,0.652062,0.716427
0,0,0.998737,0.0116211,0.0488902
0,0,-0.621126,-0.156391,0.767949
0,0,0.586804,-0.807134,0.0647675
0,0,-0.117444,0.515159,0.84901
0,0,-0.244766,0.706551,0.663984
0,0,-0.173807,-0.880686,0.440663
0,0,-0.348198,-0.417322,0.839405
0,0,0.826971,0.519484,0.215072
0,0,0.718655,0.490702,0.492693
0,0,-0.0942934,-0.992768,0.0743004
0,0,0.869351,0.458303,0.1849
0,0,-0.232674,-0.411619,0.881154
0,0,0.321008,0.593312,0.738197
0,0,0.110362,-0.94955,0.293556
0,0,-0.167663,0.571691,0.803155
0,0,0.621028,-0.728163,0.290004
0,0,0.378937,0.71398,0.588761
0,0,0.215695,-0.742243,0.634469
0,0,-0.245599,0.824379,0.509981
0,0,0.049218,-0.966668,0.251259
0,0,-0.769959,-0.634897,0.0637925
0,0,-0.976677,0.176196,0.122708
0,0,0.328833,0.854242,0.402665
0,0,0.933409,0.181876,0.309302
0,0,-0.0693245,-0.954454,0.290192
0,0,-0.994808,0.0538918,0.0863252
0,0,-0.129033,-0.349838,0.927881
0,0,-0.640883,0.767627,0.00422435
0,0,-0.24026,0.89304,0.380466
0,0,-0.752371,-0.609607,0.249633
0,0,0.156679,-0.548424,0.821391
0,0,0.415324,-0.153094,0.896699
0,0,0.935371,-0.211918,0.283146
0,0,0.765738,0.572106,0.293838
0,0,0.868019,0.496063,0.0215416
0,0,0.0480047,0.97462,0.218659
0,0,-0.417216,0.10502,0.902719
1.10413,1.29791,0.404855,-0.147225,0.90245
0,0,-0.0654623,-0.374455,0.924931
0,0,0.89121,0.38542,0.239158
0,0,0.725912,-0.595288,0.344505
0,0,0.187732,0.488367,0.852206
0,0,-0.54323,-0.733942,0.407714
0,0,-0.220606,0.75296,0.619988
0,0,0.614391,0.345674,0.709248
0,0,0.858013,0.513316,0.017908
0,0,0.0502998,0.604773,0.794808
0,0,-0.458259,-0.78896,0.409316
0,0,0.82739,-0.498746,0.258219
0,0,-0.573089,0.695216,0.433871
0,0,0.186841,0.369408,0.91029
0,0,-0.449102,-0.25003,0.857784
0,0,-0.229102,-0.948213,0.22001
0,0,0.946796,-0.28537,0.148798
0,0,-0.646097,-0.725753,0.236307
0,0,0.359343,-0.35695,0.862241
0,0,-0.241759,0.902294,0.356957
0,0,0.912155,-0.15908,0.377713
0,0,-0.22411,-0.582405,0.781395
0,0,0.710848,0.253746,0.655979
0,0,-0.846704,0.00591397,0.532031
0,0,-0.205859,0.67875,0.704926
0,0,0.498001,-0.693349,0.520828
0,0,0.973986,0.217675,0.0629915
0,0,-0.554444,-0.720043,0.417289
0,0,-0.458136,0.307694,0.833928
0,0,0.175021,-0.523627,0.833776
0,0,-0.253836,-0.956715,0.142347
0,0,0.959156,-0.211492,0.187861
0,0,0.376099,0.592533,0.712358
0,0,-0.828194,0.083452,0.554193
0,0,0.333737,-0.0518001,0.941242
0,0,0.0266411,0.589382,0.807415
0,0,-0.593224,0.791087,0.149217
0,0,-0.779027,-0.232793,0.582172
0,0,0.974574,-0.190594,0.117815
0,0,0.638576,-0.382369,0.667843
0,0,0.674798,-0.420563,0.606444
0,0,-0.349394,-0.569407,0.74411
0,0,0.762139,-0.635667,0.122768
0,0,0.335642,0.603216,0.723515
0,0,0.156411,0.987411,0.0235669
0,0,-0.0436202,0.880746,0.471575
0,0,0.299368,0.806218,0.510285
0,0,0.140948,0.92334,0.35718
0,0,0.734993,-0.138868,0.663702
0,0,0.892392,-0.392119,0.223336
0,0,-0.0918396,-0.128112,0.987498
0,0,-0.0073991,-0.870757,0.491658
0,0,0.0261926,-0.817504,0.575327
0,0,-0.281352,-0.23652,0.93
0,0,0.834725,-0.54967,0.0331152
0,0,-0.279382,0.745849,0.604693
0,0,0.269023,-0.75407,0.59917
0,0,0.0561983,-0.988179,0.142632
0,0,0.750666,-0.541767,0.378138
0,0,-0.39884,0.893172,0.207777
9.87814,14.04,0.221596,0.13332,0.965982
0,0,0.850719,0.229018,0.473104
0,0,0.254381,-0.37127,0.893
0,0,0.39259,-0.727235,0.563029
0,0,0.674437,-0.433948,0.597347
0,0,-0.427481,0.40875,0.806339
0,0,-0.880435,-0.436558,0.185069
0,0,-0.909596,-0.333757,0.247469
0,0,0.384541,0.0345075,0.922463
0,0,0.778946,-0.578797,0.241323
0,0,0.568975,-0.796696,0.20382
0,0,0.516483,0.453944,0.726072
0,0,-0.203492,-0.570082,0.795989
0,0,0.917732,0.123929,0.377373
0,0,0.743858,0.638436,0.197674
0,0,0.422179,-0.74361,0.518468
0,0,-0.327163,0.428651,0.842154
0,0,-0.479067,0.0160276,0.877632
0,0,0.250814,-0.964853,0.0784288
0,0,0.0642716,-0.960646,0.270238
0,0,-0.685707,0.718953,0.113634
0,0,-0.254006,-0.690701,0.677062
0,0,0.981444,0.161722,0.103018
0,0,0.25451,-0.68904,0.678563
0,0,0.407528,0.909173,0.0855883
0,0,0.489141,0.836026,0.248599
0,0,-0.247223,0.934977,0.254358
0,0,0.760482,-0.362769,0.538577
0,0,0.132362,-0.988982,0.0662991
0,0,-0.955375,-0.146899,0.256281
0,0,-0.560647,-0.429561,0.707921
0,0,-0.164185,-0.906757,0.388374
0,0,-0.133071,0.20487,0.969701
0,0,-0.672978,-0.306557,0.673145
0,0,-0.685026,0.515743,0.514537
0,0,0.181872,-0.852572,0.489943
0,0,0.404274,-0.913247,0.0504287
0,0,-0.962612,-0.239233,0.127068
0,0,0.449705,-0.226183,0.864064
0,0,0.958804,0.278621,0.0553681
0,0,0.682947,-0.171674,0.710009
0,0,0.837641,0.253244,0.483969
0,0,-0.720487,0.373096,0.584549
0,0,-0.824652,-0.233362,0.515258
0,0,0.817451,-0.0897147,0.568969
0,0,0.424055,0.0738554,0.90262
0,0,0.471003,0.41051,0.780793
0,0,-0.0638351,-0.478149,0.875956
0,0,-0.456349,0.279536,0.844751
0,0,-0.579833,-0.0871322,0.810062
0,0,-0.982283,-0.158521,0.099959
0,0,0.209258,-0.741115,0.637934
0,0,0.8338,0.461776,0.302557
12.3177,17.1523,0.619783,0.659975,0.42462
0,0,-0.461619,0.13745,0.876365
0,0,-0.768406,-0.491154,0.410269
0,0,0.482865,0.875689,0.00325713
0,0,-0.732832,0.0519268,0.678425
0,0,0.402681,-0.357433,0.842668
0,0,0.780165,0.0599206,0.622697
0,0,0.199979,-0.401767,0.89364
0,0,0.899347,-0.170927,0.402442
0,0,-0.382616,-0.712734,0.58789
0,0,0.128505,-0.987437,0.0919472
0,0,-0.30058,0.909771,0.286301
0,0,-0.126011,-0.672934,0.72889
0,0,-0.378089,0.441344,0.813796
0,0,-0.970177,0.15244,0.188465
0,0,0.181263,-0.503144,0.844979
0,0,0.613569,0.123243,0.779964
0,0,-0.943382,-0.0842987,0.320817
0,0,-0.790071,-0.500749,0.353607
0,0,0.735974,-0.26941,0.621096
0,0,0.320785,-0.432015,0.842888
0,0,0.144203,-0.330504,0.932723
0,0,0.0900132,-0.40356,0.910515
0,0,0.83702,-0.539681,0.0902304
0,0,0.601279,0.201181,0.773298
0,0,-0.827234,0.284524,0.484489
0,0,0.857732,0.275344,0.434145
0,0,-0.521593,0.366605,0.770416
0,0,-0.386225,0.473678,0.791492
0,0,0.863902,0.0970379,0.494224
0,0,-0.189688,0.34651,0.918667
0,0,-0.502776,-0.0056768,0.864398
0,0,-0.500485,0.801597,0.327042
0,0,0.95387,0.257042,0.155117
0,0,0.921997,-0.23064,0.311009
8.12736,11.4347,0.844126,0.00765938,0.53609
0,0,-0.80084,0.471972,0.368643
0,0,0.472507,-0.743543,0.47316
0,0,0.392056,0.666422,0.634172
0,0,0.88297,-0.353164,0.309257
0,0,0.392744,-0.583123,0.71114
0,0,-0.196745,0.97022,0.141295
0,0,-0.554026,0.218754,0.803245
0,0,0.515496,0.714843,0.472508
0,0,-0.823819,-0.448186,0.347061
0,0,-0.164074,0.602097,0.781383
0,0,0.653517,-0.674407,0.343642
0,0,-0.928964,-0.369651,0.0195822
0,0,0.863797,-0.381725,0.328848
0,0,0.170519,0.694678,0.698817
0,0,0.392048,0.401041,0.827928
0,0,-0.085233,0.20136,0.975802
0,0,-0.966057,0.240384,0.0945976
17.7492,22.6323,0.0960397,0.928583,0.358484
0,0,0.285884,0.957499,0.0382748
0,0,0.512645,0.341383,0.787815
0,0,-0.106967,0.624801,0.773422
0,0,0.169023,-0.691266,0.702555
0,0,-0.887384,0.307047,0.343905
0,0,-0.932844,-0.323696,0.158188
0,0,0.493852,-0.486647,0.720614
0,0,-0.21703,-0.616767,0.756635
0,0,0.220266,0.668943,0.709928
0,0,0.924685,-0.270601,0.26783
0,0,0.593575,0.766064,0.246606
0,0,0.975631,0.218881,0.0153145
0,0,0.748719,0.661546,0.0421487
0,0,0.0369306,-0.579868,0.813873
0,0,0.0530011,0.279978,0.958542
0,0,-0.918948,-0.393572,0.0252071
0,0,-0.0714175,-0.831523,0.55088
0,0,0.594763,-0.323989,0.735723
0,0,-0.469283,0.874482,0.122694
0,0,-0.906562,0.365057,0.211844
0,0,0.332757,-0.0198391,0.942804
0,0,0.988218,-0.146119,0.0455546
0,0,-0.701012,-0.517826,0.490345
0,0,-0.532946,-0.813919,0.23131
0,0,-0.533081,-0.160912,0.830622
0,0,-0.174118,0.807796,0.56316
0,0,-0.0971654,0.205429,0.973837
0,0,-0.815467,-0.0821367,0.572946
0,0,0.61614,0.0519977,0.785918
0,0,-0.876166,-0.432953,0.211863
0,0,-0.700899,0.158141,0.695509
0,0,-0.927905,0.192254,0.319422
0,0,-0.398619,-0.628501,0.667899
0,0,0.191174,-0.367969,0.909973
0,0,0.416589,-0.861112,0.291444
0,0,-0.93768,0.208228,0.278205
0,0,-0.298617,-0.716332,0.630632
0,0,-0.794115,-0.499633,0.346046
0,0,-0.838492,-0.382019,0.388577
0,0,-0.343318,0.92621,0.155779
0,0,0.584244,-0.279287,0.762009
0,0,0.937507,-0.118253,0.327257
0,0,0.306838,-0.43457,0.846758
0,0,-0.569137,-0.739982,0.358482
0,0,0.297446,-0.853135,0.428587
0,0,0.915718,-0.30158,0.265535
0,0,0.553114,0.574131,0.603687
11.5083,15.5664,0.203016,-0.19558,0.959444
0,0,0.965861,0.258792,0.0117702
0,0,0.117845,-0.930755,0.346133
0,0,-0.407488,-0.50345,0.7619
0,0,-0.932056,0.26618,0.245806
0,0,-0.463179,-0.698644,0.545309
0,0,0.65738,-0.242217,0.71357
0,0,0.436369,-0.296885,0.849377
0,0,0.381545,-0.172507,0.908111
0,0,-0.780607,0.621476,0.0664871
0,0,0.87352,-0.333776,0.35434
0,0,0.639357,-0.746065,0.186037
0,0,-0.506254,-0.605738,0.613831
0,0,0.0789783,-0.698498,0.71124
0,0,0.190077,-0.980656,0.0467409
0,0,-0.223293,0.575766,0.786533
0,0,-0.518451,-0.722868,0.456805
0,0,0.880065,-0.468774,0.0757401
0,0,-0.727573,0.020602,0.685721
0,0,0.411656,-0.128829,0.902187
0,0,-0.712907,0.0358733,0.700341
0,0,-0.0589874,-0.479408,0.875607
0,0,-0.748369,0.0184099,0.663028
0,0,0.436913,-0.88355,0.168662
0,0,0.672603,0.731051,0.114755
0,0,-0.867341,-0.430142,0.250395
0,0,-0.745335,0.298271,0.596247
0,0,-0.356508,0.241379,0.902573
0,0,0.994405,-0.047977,0.0941131
0,0,-0.488907,-0.420593,0.764246
0,0,-0.992712,0.112549,0.0430739
0,0,0.448648,0.649853,0.613519
0,0,-0.733351,0.510143,0.449388
0,0,-0.786915,0.413158,0.458328
0,0,0.843777,0.186394,0.503287
0,0,-0.235243,0.29162,0.927156
0,0,0.109962,0.892595,0.437245
0,0,0.40419,0.830539,0.383192
0,0,-0.442744,-0.738482,0.508549
0,0,0.904358,0.422791,0.0581693
0,0,-0.0676777,-0.280624,0.957429
0,0,0.877812,-0.102261,0.467963
0,0,-0.993908,0.0891415,0.0648165
0,0,-0.00991385,0.432081,0.90178
19.3582,28.2747,0.397505,-0.442864,0.803655
0,0,-0.878258,-0.264982,0.398055
0,0,-0.293426,-0.852834,0.431944
0,0,-0.477492,0.582843,0.657492
0,0,-0.397076,0.760604,0.513626
0,0,-0.864883,0.384775,0.322374
0,0,0.944375,0.296643,0.141982
0,0,0.876148,-0.0334344,0.480882
0,0,0.696929,-0.715585,0.0472017
0,0,0.73167,-0.335026,0.593647
0,0,-0.221165,-0.0643738,0.973109
0,0,0.54747,-0.550221,0.630502
0,0,0.75774,0.611107,0.228861
0,0,-0.276452,-0.324671,0.904524
0,0,0.553119,-0.586109,0.59206
0,0,0.207091,-0.72934,0.652055
0,0,0.257686,-0.544657,0.798089
0,0,-0.663197,0.157064,0.731779
0,0,-0.722279,0.268397,0.637398
21.8109,32.0314,0.561697,0.00539494,0.827326
0,0,-0.840624,-0.0619084,0.538069
0,0,0.862358,-0.360888,0.355104
0,0,0.602136,0.756831,0.254241
0,0,-0.497746,0.625714,0.600608
0,0,-0.624801,-0.655222,0.424626
0,0,0.0470148,0.436859,0.898301
0,0,-0.841846,0.531959,0.0911813
0,0,-0.716505,-0.193104,0.670322
0,0,-0.0315197,-0.00904869,0.999462
0,0,-0.907716,0.146871,0.39304
0,0,-0.448916,-0.893368,0.0192181
0,0,-0.694647,0.179733,0.696535
0,0,-0.975299,-0.0616324,0.212117
0,0,0.95986,0.269332,0.0782844
0,0,-0.505466,-0.611153,0.609094
0,0,-0.588646,-0.802249,0.0994637
0,0,0.729723,0.512745,0.452324
0,0,0.00994419,-0.965237,0.261186
0,0,-0.500072,-0.416319,0.759346
0,0,-0.370832,-0.506712,0.778284
0,0,0.301755,-0.884642,0.355461
0,0,0.789064,-0.582682,0.194576
0,0,-0.370995,-0.896379,0.242628
0,0,0.26471,0.401508,0.876767
0,0,-0.224158,-0.969816,0.0959659
0,0,0.711735,0.258854,0.653015
0,0,0.631702,-0.732933,0.252511
0,0,-0.753801,-0.634606,0.170469
0,0,-0.343818,0.305654,0.887899
0,0,-0.705011,0.2643,0.658107
0,0,0.966046,-0.224051,0.128669
0,0,-0.257474,-0.673901,0.692506
0,0,-0.605229,-0.680738,0.412667
0,0,-0.00163334,0.926365,0.376623
0,0,-0.930026,-0.367137,0.0161646
0,0,0.0846825,0.585694,0.806096
0,0,-0.961618,0.201639,0.186099
0,0,0.339905,0.176979,0.923657
0,0,0.29479,-0.904884,0.307056
0,0,-0.737145,-0.0684299,0.672261
0,0,-0.453119,-0.417924,0.787415
0,0,0.873189,-0.480243,0.0831152
0,0,0.892386,0.212926,0.397881
0,0,-0.135018,-0.916043,0.377671
0,0,0.339115,-0.359742,0.869245
17.4824,25.0083,-0.0139068,-0.817617,0.575595
0,0,0.968855,0.207674,0.134878
0,0,-0.46018,-0.163993,0.872548
0,0,0.268518,0.52928,0.804836
0,0,0.199264,0.720604,0.664096
0,0,0.728,0.527033,0.438466
0,0,0.934016,0.353911,0.0485905
0,0,-0.0425776,-0.945666,0.32234
0,0,0.0810902,0.967174,0.240829
0,0,-0.589047,-0.720144,0.366629
0,0,0.85169,0.444645,0.277337
0,0,0.329013,-0.934874,0.133271
0,0,-0.931507,0.208274,0.29819
0,0,0.577394,0.713091,0.397639
0,0,0.832622,-0.440063,0.33628
0,0,-0.666488,-0.682611,0.299727
0,0,0.673091,-0.313496,0.669827
0,0,0.150659,-0.404404,0.902086
0,0,-0.176799,-0.926202,0.333005
0,0,-0.562446,-0.761608,0.321882
0,0,0.157656,0.960992,0.227242
0,0,0.9773,0.141369,0.157796
0,0,-0.939405,-0.342183,0.0207031
0,0,0.606923,0.77236,0.187362
0,0,-0.422677,0.874809,0.236757
0,0,0.0479167,-0.995306,0.0840777
0,0,0.00679581,0.964194,0.265112
0,0,0.636725,0.705875,0.310359
0,0,-0.32723,-0.726251,0.604549
0,0,-0.419193,-0.848371,0.323331
0,0,0.91068,-0.343554,0.229416
0,0,0.872143,0.48153,0.0865728
0,0,0.187483,-0.869885,0.456235
0,0,0.457253,0.385827,0.801285
0,0,0.115259,0.757094,0.643058
0,0,-0.581874,-0.723692,0.37107
0,0,-0.510252,-0.578871,0.636044
0,0,-0.817762,-0.572472,0.0595079
0,0,-0.725684,-0.408684,0.553498
0,0,0.939533,0.288397,0.184673
0,0,0.832802,0.438548,0.337811
0,0,-0.230009,0.890377,0.392841
0,0,-0.0568942,-0.565935,0.822484
0,0,0.0701932,0.463992,0.883054
0,0,0.0900597,0.926385,0.36565
0,0,-0.929883,0.149071,0.336298
0,0,0.344001,-0.597054,0.7247
0,0,-0.848481,-0.228095,0.477548
0,0,0.357642,0.932136,0.0566989
0,0,0.906745,-0.378747,0.185376
0,0,0.0649175,-0.530744,0.845042
0,0,0.3018,-0.290589,0.908006
0,0,-0.306623,0.944044,0.121508
0,0,0.875902,-0.399216,0.270965
0,0,-0.609952,-0.705047,0.361756
0,0,0.284938,-0.958302,0.0216106
0,0,0.408143,0.406995,0.817175
0,0,-0.328112,-0.471826,0.818366
0,0,0.587447,0.534193,0.607902
0,0,-0.333109,0.309773,0.89055
0,0,0.271411,-0.583949,0.765075
0,0,-0.754028,-0.572874,0.321337
0,0,-0.996457,-0.056423,0.0623658
0,0,-0.547202,-0.717693,0.430681
0,0,-0.80229,-0.251336,0.541443
0,0,0.286395,0.951874,0.10915
0,0,0.904581,-0.338917,0.258591
0,0,0.657004,0.615217,0.435723
0,0,-0.468128,0.16268,0.868557
0,0,0.581664,-0.248673,0.774486
0,0,0.242175,-0.932944,0.266397
0,0,-0.952209,-0.0578723,0.299916
0,0,0.541881,-0.840438,0.0054616
0,0,0.947052,-0.299592,0.115487
0,0,-0.905514,0.251797,0.34153
0,0,-0.247798,0.773563,0.583264
0,0,-0.891063,0.430691,0.143221
0,0,-0.765438,-0.142976,0.627425
0,0,-0.808403,0.501617,0.308001
0,0,-0.284121,0.558965,0.778995
0,0,0.607965,-0.655309,0.448273
0,0,0.701532,0.00985058,0.71257
0,0,-0.33946,0.93946,0.0467147
0,0,-0.257063,0.965262,0.0467779
0,0,0.97845,-0.0196127,0.20555
0,0,0.353824,0.822523,0.44527
0,0,-0.410512,-0.821554,0.395638
0,0,-0.180444,0.742648,0.644914
0,0,0.290604,0.102106,0.95138
0,0,-0.106142,-0.715737,0.690257
0,0,-0.425669,0.108542,0.898345
0,0,0.690083,0.0834337,0.718905
0,0,-0.4436,0.89037,0.102279
0,0,-0.0138175,0.712156,0.701885
0,0,0.638224,-0.436906,0.633864
0,0,-0.464142,-0.871485,0.15839
0,0,0.716101,0.382373,0.583943
0,0,0.756313,-0.180178,0.628909
0,0,0.179034,0.757255,0.628102
0,0,-0.884117,-0.244441,0.398229
0,0,0.760177,0.365373,0.537246
2.5522,3.93442,-0.839467,-0.530214,-0.119034
0,0,0.991965,0.0584689,0.112193
13.7583,21.1499,0.296325,-0.928486,0.223842
0,0,-0.663042,0.157103,0.731912
0,0,0.0676585,-0.905312,0.419324
0,0,-0.768236,0.638925,0.0398505
2.57738,3.7922,0.641121,0.469331,-0.607201
0,0,0.227553,0.969405,0.0920523
0,0,0.892199,0.0866801,0.443247
0,0,-0.897639,-0.366507,0.244779
0,0,0.56428,-0.752424,0.339773
0,0,0.68221,-0.525365,0.508509
0,0,-0.366059,-0.212884,0.905915
0,0,-0.575595,-0.685087,0.446482
0,0,0.57439,-0.152702,0.804212
0,0,-0.617902,-0.71171,0.334164
0,0,0.810973,-0.400575,0.426453
0,0,-0.464876,-0.228858,0.855286
0,0,0.0108415,-0.998313,0.0570377
0,0,0.160192,0.844887,0.510396
0,0,-0.298624,-0.714381,0.632838
0,0,-0.580804,-0.155459,0.799062
0,0,0.362218,-0.0290971,0.931639
0,0,0.806626,0.588222,0.0578765
0,0,0.0385184,-0.320254,0.946548
0,0,-0.563349,-0.471718,0.678321
0,0,-0.956298,0.0560161,0.286979
0,0,0.38251,-0.857447,0.344195
0,0,-0.695896,-0.0264693,0.717655
0,0,-0.649245,-0.617116,0.444577
0,0,0.575751,0.622543,0.530048
0,0,-0.745576,0.136526,0.652286
0,0,0.413288,-0.783234,0.464476
11.4892,17.042,-0.239552,-0.758006,0.606664
0,0,0.0342912,0.495091,0.868164
0,0,-0.889041,-0.331446,0.315832
0,0,0.831345,0.235059,0.503599
0,0,-0.0936971,-0.387653,0.917031
0,0,0.129563,-0.364023,0.922334
0,0,-0.974917,0.202023,0.0933985
0,0,0.756069,0.65288,0.0459106
0,0,-0.183271,-0.981434,0.0565614
0,0,-0.421769,-0.897927,0.125849
0,0,0.585728,0.375187,0.718441
0,0,0.470781,0.678996,0.563321
0,0,-0.827492,-0.358078,0.432479
0,0,-0.330183,-0.579257,0.745279
0,0,0.0701069,0.456555,0.886929
0,0,0.449386,0.168691,0.877266
0,0,0.402277,-0.892641,0.203387
0,0,0.756938,0.110771,0.64403
0,0,0.713093,-0.663121,0.227526
0,0,0.964905,0.161832,0.206805
0,0,-0.776459,0.55527,0.297972
0,0,0.344563,0.31477,0.884418
0,0,-0.239361,-0.374409,0.895837
0,0,0.202281,0.975489,0.0866278
0,0,0.283588,0.71109,0.643372
0,0,-0.29048,-0.755728,0.586939
0,0,-0.628553,-0.69542,0.348299
0,0,-0.0131893,-0.660737,0.750501
0,0,-0.448712,0.705548,0.548507
0,0,-0.316816,-0.283285,0.905195
0,0,0.512721,-0.857202,0.0481736
0,0,-0.539937,-0.838932,0.0682797
0,0,0.731112,0.27325,0.625148
0,0,0.3378,-0.296773,0.893206
0,0,-0.740769,0.670743,0.0369402
0,0,-0.339497,0.399003,0.851786
0,0,0.0884184,-0.962792,0.25537
0,0,0.662357,0.649834,0.372826
0,0,0.968521,0.203921,0.142767
0,0,0.599969,-0.451316,0.660569
0,0,-0.503703,-0.00583936,0.863857
0,0,0.202015,-0.97024,0.133508
0,0,0.882358,0.0625478,0.466404
0,0,0.0970802,-0.986978,0.128257
0,0,-0.137642,0.201545,0.96976
0,0,-0.848735,-0.382856,0.364788
0,0,0.681016,0.680275,0.271004
0,0,-0.815007,0.534653,0.223406
0,0,0.161133,-0.985739,0.0485212
0,0,-0.26567,0.462333,0.845972
0,0,0.0208989,-0.858783,0.511914
0,0,0.831583,0.540311,0.128586
0,0,0.262927,0.954528,0.140519
0,0,0.80748,0.53614,0.246028
0,0,-0.107814,0.491538,0.864157
0,0,0.804585,-0.325217,0.496867
0,0,-0.475723,-0.565057,0.67409
0,0,0.607841,0.307334,0.732172
0,0,0.0379386,0.135799,0.99001
9.87315,14.776,-0.259104,-0.611465,0.747647
0,0,0.764425,0.528507,0.369235
0,0,0.500648,-0.825634,0.260155
0,0,0.102697,0.328318,0.938968
0,0,0.151937,0.976715,0.15147
3.64351,5.69173,-0.410395,0.470703,0.781034
0,0,-0.407268,0.0439977,0.912248
0,0,-0.590562,-0.237482,0.771258
0,0,-0.227315,0.412941,0.881934
0,0,-0.722392,0.146557,0.675774
0,0,0.105605,-0.815939,0.568411
0,0,0.344089,-0.564484,0.750306
0,0,-0.656609,0.0105606,0.754157
0,0,-0.55542,-0.0300157,0.831028
0,0,-0.652724,0.228273,0.722387
0,0,-0.449315,-0.511602,0.73238
0,0,0.605028,-0.36932,0.705368
0,0,0.0930739,-0.95675,0.275622
0,0,-0.105025,0.868572,0.484307
0,0,0.316254,-0.510367,0.799693
0,0,0.367783,0.878499,0.304919
0,0,0.76334,-0.579206,0.286063
0,0,-0.221202,0.894734,0.38797
0,0,0.155192,0.523809,0.837579
0,0,-0.120913,0.912714,0.390299
0,0,-0.534773,0.26498,0.802374
0,0,-0.497173,0.54214,0.677424
0,0,0.875618,-0.404274,0.264304
0,0,-0.826769,0.497302,0.26295
0,0,-0.639553,-0.29927,0.708103
0,0,0.912935,0.0761014,0.400947
0,0,-0.287161,0.556292,0.779793
0,0,-0.217672,-0.788404,0.575359
0,0,-0.676447,-0.0855965,0.7315
0,0,0.702754,-0.397482,0.590038
0,0,0.813161,0.234826,0.532565
0,0,-0.311714,0.588392,0.746076
0,0,0.533482,-0.0835131,0.841679
0,0,0.976255,0.0934517,0.19543
0,0,0.710914,0.563188,0.421213
0,0,-0.0743877,-0.433326,0.898162
0,0,0.875458,-0.385858,0.291011
12.6329,16.6729,0.376648,-0.115292,0.919154
0,0,0.155693,0.823062,0.546195
0,0,0.47426,-0.127314,0.871131
0,0,-0.696079,-0.712409,0.0891508
0,0,-0.387785,0.594053,0.704787
0,0,-0.14415,0.025647,0.989223
0,0,0.516832,-0.852283,0.0806108
0,0,0.0105682,0.742849,0.669376
0,0,-0.949266,-0.0632227,0.308054
0,0,-0.87106,0.33505,0.359159
0,0,0.602872,-0.778659,0.173884
0,0,-0.615143,0.143237,0.775295
0,0,0.209464,-0.714875,0.667142
0,0,-0.56201,0.316156,0.764323
0,0,-0.920095,0.326465,0.216438
0,0,-0.834064,0.541387,0.106006
0,0,0.303865,-0.916035,0.261812
0,0,-0.369161,0.775723,0.511834
0,0,0.0860638,-0.0628343,0.994306
0,0,-0.324452,-0.943439,0.0682195
0,0,-0.234171,0.373332,0.897656
0,0,-0.91588,0.30236,0.264089
0,0,-0.494613,0.76743,0.407932
0,0,-0.677501,0.733296,0.0571769
0,0,-0.150039,-0.715099,0.682731
0,0,0.462707,-0.374674,0.803444
0,0,-0.581082,0.787919,0.203783
0,0,-0.645607,0.704756,0.294127
0,0,-0.326392,0.678817,0.657781
0,0,0.739517,0.399516,0.541758
14.8127,22.7,-0.388091,-0.278295,0.8786
0,0,-0.725333,0.212684,0.654719
0,0,0.617347,-0.710694,0.337338
0,0,-0.160149,-0.986374,0.037658
0,0,-0.535114,0.0853923,0.840453
0,0,-0.0618526,-0.929384,0.363894
0,0,-0.722215,-0.278106,0.633295
0,0,0.663482,0.618328,0.421261
0,0,0.652836,0.568765,0.500312
0,0,0.0546723,-0.896306,0.440053
0,0,-0.587879,-0.224828,0.777079
0,0,0.649437,-0.288083,0.703733
0,0,-0.745886,0.519976,0.416269
23.5649,33.1385,-0.214436,0.317553,0.923676
0,0,0.840427,0.320545,0.43696
0,0,0.928222,-0.372016,0.00289386
0,0,-0.0935385,0.183269,0.978603
0,0,0.148116,0.847202,0.510206
0,0,0.775485,0.263474,0.573763
0,0,-0.854549,-0.280047,0.437401
0,0,-0.648802,0.676424,0.348578
0,0,0.833488,0.427177,0.350453
0,0,0.763607,0.0222085,0.645299
0,0,-0.0760689,-0.996417,0.0369567
0,0,-0.632454,0.739053,0.231954
0,0,0.207478,0.302209,0.930388
0,0,0.464236,0.357007,0.810574
0,0,0.711336,0.161314,0.68409
0,0,0.464568,0.791184,0.397748
0,0,-0.474511,0.866889,0.152783
0,0,0.505964,0.199453,0.839177
0,0,0.627087,-0.574313,0.526238
0,0,0.552728,0.530885,0.642381
0,0,-0.528606,-0.4271,0.733595
0,0,0.85776,-0.419788,0.296693
22.2308,32.026,-0.251002,0.216715,0.943415
0,0,0.985588,-0.146444,0.0846729
0,0,0.824385,0.179544,0.536799
0,0,0.847644,0.255572,0.464955
0,0,0.897362,-0.422459,0.127554
0,0,0.656296,-0.439264,0.613451
0,0,0.987583,0.127724,0.0914713
0,0,-0.510043,-0.228394,0.829272
0,0,0.44245,0.0599835,0.894785
0,0,0.932969,0.080968,0.350732
0,0,0.524658,-0.0394013,0.850401
0,0,-0.491957,0.817025,0.300748
0,0,-0.0503041,0.291036,0.955389
0,0,-0.297091,0.688102,0.662006
0,0,0.538094,-0.680189,0.497793
0,0,-0.00303678,0.968548,0.248808
0,0,0.998744,-0.00700524,0.0496107
0,0,0.645073,-0.753675,0.125916
0,0,0.0420797,-0.928722,0.368382
0,0,0.3366,-0.052083,0.940206
0,0,-0.705111,-0.133729,0.696373
0,0,0.276486,0.388281,0.879087
0,0,0.730225,-0.602537,0.322055
0,0,0.452183,-0.613065,0.647829
0,0,0.150547,-0.758072,0.634556
0,0,0.366321,0.157752,0.917019
0,0,-0.40983,0.287791,0.865573
0,0,0.462904,0.884886,0.0519345
0,0,-0.459099,-0.620624,0.635653
0,0,-0.192521,0.943096,0.271121
0,0,-0.987089,0.123992,0.101394
0,0,0.632199,-0.163815,0.757291
0,0,0.0258593,-0.639093,0.768694
0,0,-0.339256,-0.891032,0.301607
0,0,0.296859,-0.470101,0.831192
0,0,-0.2029,0.146221,0.96822
0,0,0.905073,-0.297462,0.303907
0,0,-0.341649,-0.899877,0.271104
0,0,-0.366083,0.841466,0.397388
0,0,0.3986,-0.660435,0.636352
0,0,0.531716,0.282314,0.798484
0,0,0.314403,0.285591,0.905311
0,0,-0.137954,-0.54495,0.827042
0,0,0.556864,-0.154656,0.816079
0,0,-0.349767,-0.935901,0.0418755
0,0,0.791217,-0.0136802,0.611383
0,0,-0.460112,-0.284454,0.841061
0,0,-0.940852,-0.338477,0.0151716
0,0,-0.589021,-0.755251,0.287489
0,0,0.953309,0.291097,0.0804031
0,0,-0.0507798,-0.989894,0.132403
0,0,-0.149759,-0.843361,0.516057
0,0,0.697622,-0.554442,0.453781
0,0,-0.80779,-0.263587,0.527254
0,0,-0.633244,0.710032,0.30799
0,0,0.362986,-0.11644,0.924491
0,0,0.990267,-0.126957,0.057042
0,0,0.47797,0.744856,0.465547
0,0,0.545712,-0.553201,0.629418
0,0,0.219404,0.778993,0.587394
0,0,0.0757767,0.647573,0.758226
22.601,31.2873,0.391161,0.820216,-0.41742
0,0,-0.790444,-0.0702412,0.608493
0,0,-0.0938931,0.492724,0.865105
0,0,0.0968295,-0.985894,0.136521
0,0,-0.483256,-0.429082,0.76312
0,0,0.220905,0.903514,0.367237
0,0,-0.290208,-0.752254,0.591517
0,0,-0.220211,-0.936379,0.273315
0,0,0.789095,0.570073,0.228792
0,0,0.654597,0.276147,0.703737
0,0,0.743306,0.342825,0.574427
0,0,-0.41871,-0.744561,0.519915
0,0,0.441265,-0.390715,0.807853
0,0,-0.871309,-0.490088,0.0251998
0,0,-0.585181,-0.397726,0.706666
0,0,-0.504131,0.0883007,0.859101
0,0,-0.438263,0.7514,0.493279
0,0,-0.927697,-0.36731,0.0667944
0,0,-0.279559,-0.222771,0.933927
0,0,-0.569567,-0.599818,0.561971
0,0,0.954171,0.295904,0.0447118
0,0,-0.910788,-0.185791,0.36871
0,0,-0.00458523,0.975293,0.220869
0,0,-0.381031,0.295717,0.875995
0,0,-0.545835,0.253413,0.798652
0,0,0.214281,0.617374,0.756924
0,0,-0.955604,-0.286474,0.0689398
21.0399,29.5927,0.071863,-0.622309,0.779466
0,0,-0.341838,-0.658205,0.670756
0,0,-0.17909,-0.978823,0.0991551
0,0,0.278455,-0.958835,0.0556603
0,0,0.520141,0.812122,0.264407
0,0,0.868147,0.400985,0.29246
0,0,-0.15703,0.321267,0.933879
0,0,-0.44297,-0.3787,0.812628
0,0,-0.935039,-0.221707,0.276673
0,0,-0.454237,-0.32304,0.830249
0,0,0.15028,0.908968,0.388836
0,0,0.404021,0.132907,0.905043
0,0,-0.603557,-0.793748,0.0753865
0,0,-0.110463,0.945135,0.307438
0,0,0.756432,0.514109,0.404356
7.2761,12.2597,0.404722,0.416398,0.814133
0,0,0.12207,0.537665,0.834275
0,0,-0.123327,-0.0627397,0.990381
0,0,-0.830986,0.514974,0.210388
0,0,0.888668,0.228283,0.397688
0,0,0.0496863,0.998096,0.0365482
0,0,0.57004,0.715993,0.403
0,0,-0.484802,0.401999,0.776765
0,0,0.759604,-0.430648,0.487385
0,0,-0.9713,0.187484,0.146375
0,0,0.879546,0.428726,0.206381
0,0,-0.0569605,-0.94795,0.313284
0,0,0.881743,-0.467547,0.0626781
0,0,-0.789878,0.523437,0.31954
0,0,0.134068,0.351132,0.926678
0,0,0.411522,0.545524,0.730105
0,0,0.903968,-0.177751,0.388903
0,0,-0.310818,-0.926839,0.21062
7.9078,10.716,0.355651,0.244035,0.902197
16.2716,22.4357,0.160863,-0.0422843,0.986071
0,0,-0.11797,0.411372,0.903801
0,0,0.105901,-0.980135,0.167691
0,0,0.6769,0.426087,0.600213
0,0,0.362547,0.10689,0.925815
0,0,-0.350979,0.252516,0.901692
0,0,-0.908073,-0.0774395,0.411591
0,0,-0.789039,-0.548752,0.276204
0,0,0.961529,0.253911,0.104838
0,0,0.175641,0.794844,0.580838
0,0,0.96875,-0.0954926,0.228921
0,0,-0.0601195,0.237557,0.969511
0,0,-0.316693,0.0998845,0.943254
0,0,0.87037,-0.490194,0.0465343
0,0,0.1327,-0.184133,0.973902
0,0,0.0187997,0.915588,0.401678
0,0,-0.551216,0.830848,0.0765057
0,0,-0.366296,0.876043,0.313648
0,0,0.124031,0.351,0.928124
0,0,0.859546,0.286561,0.423159
0,0,0.455942,-0.822858,0.339149
0,0,0.373917,0.832574,0.408663
0,0,0.524888,0.10417,0.844773
0,0,0.790422,0.220413,0.571535
0,0,0.889501,0.00207347,0.456929
0,0,-0.498264,-0.0840948,0.862937
0,0,0.623802,0.0328134,0.780893
0,0,0.138438,0.372711,0.917563
0,0,-0.947626,0.180336,0.263596
0,0,-0.381609,0.701663,0.601701
0,0,0.888812,0.296381,0.349532
0,0,-0.249904,-0.501673,0.828174
0,0,-0.0661543,0.984687,0.161294
0,0,-0.0513625,-0.615527,0.78644
0,0,0.647511,0.0588113,0.759784
0,0,0.589684,-0.51104,0.625389
0,0,-0.188897,-0.95927,0.210047
0,0,-0.672501,-0.739722,0.0235536
0,0,-0.631651,-0.498971,0.593334
0,0,-0.0351539,-0.614765,0.787926
0,0,0.42085,-0.477097,0.771533
19.9005,27.3019,0.254023,0.191148,0.948122
0,0,0.695887,-0.660363,0.282245
0,0,-0.226783,0.685367,0.691984
0,0,-0.954959,-0.256822,0.148644
0,0,0.918262,0.252456,0.30506
0,0,0.867402,-0.332224,0.37046
0,0,-0.605196,-0.493957,0.624295
0,0,0.199041,-0.798658,0.567916
0,0,0.661937,-0.0676867,0.746497
0,0,-0.550514,-0.528918,0.645895
0,0,0.68863,0.725047,0.00977946
0,0,-0.643197,-0.420478,0.639919
0,0,0.694582,0.139796,0.705701
0,0,0.207877,0.69265,0.690668
0,0,0.0785219,0.512184,0.855279
0,0,-0.574562,0.704975,0.415798
0,0,-0.755187,0.612775,0.232807
0,0,0.30332,-0.358499,0.882879
0,0,-0.363259,0.302779,0.881117
0,0,-0.884757,0.449409,0.123438
0,0,-0.300512,0.0174523,0.953618
0,0,-0.54241,0.341412,0.767613
0,0,0.726329,0.68713,0.0173063
0,0,-0.0318548,0.180597,0.983041
0,0,0.112753,0.877111,0.466865
0,0,0.809046,-0.454217,0.373005
0,0,0.0961014,0.994662,0.0375834
0,0,-0.697053,0.207926,0.68621
0,0,0.665244,0.740398,0.0962385
0,0,-0.174762,0.98221,0.0687104
0,0,0.841612,0.432028,0.324102
0,0,0.983207,0.0528745,0.174664
0,0,0.0938437,-0.995423,0.0180901
0,0,0.441144,-0.460071,0.770537
0,0,-0.529836,-0.199907,0.824203
0,0,0.253794,0.855156,0.451992
0,0,-0.749756,0.131546,0.648507
0,0,-0.727791,-0.571584,0.378961
0,0,0.0898623,0.735255,0.671807
0,0,-0.970499,0.182278,0.157815
0,0,-0.440763,0.493926,0.74951
0,0,-0.0800456,-0.381943,0.920713
0,0,-0.760986,0.599374,0.248296
0,0,-0.241105,-0.966258,0.0906351
0,0,0.0110551,0.996226,0.0860894
0,0,0.872049,0.294018,0.391261
0,0,-0.510998,0.328336,0.794403
0,0,0.588915,-0.764473,0.26222
0,0,-0.853327,0.515852,0.075689
0,0,-0.2887,-0.931517,0.221199
0,0,0.723306,-0.517465,0.457229
0,0,-0.639624,0.278144,0.7166
0,0,0.722958,0.383127,0.574931
0,0,0.559734,0.311972,0.767705
0,0,-0.11958,0.982684,0.141536
0,0,0.735084,0.528302,0.424909
0,0,0.425652,-0.694123,0.580529
0,0,-0.645047,0.763869,0.0204545
0,0,0.612787,0.677569,0.406684
0,0,0.573289,0.617206,0.538884
0,0,0.348137,-0.671512,0.654119
0,0,0.4936,0.103569,0.8635
0,0,-0.632585,0.252017,0.732341
0,0,0.159929,0.982683,0.0935748
0,0,0.629678,-0.775867,0.0391998
0,0,0.147956,-0.764133,0.627861
0,0,0.395843,0.125006,0.90977
0,0,0.63916,0.622798,0.451217
0,0,0.27295,-0.705416,0.65413
0,0,0.0281804,-0.666944,0.744575
0,0,0.759946,0.397137,0.514553
18.0128,27.3592,0.362456,-0.699359,0.616054
0,0,0.506066,0.26143,0.82192
0,0,-0.119925,0.816188,0.565204
0,0,-0.24795,0.88986,0.382975
0,0,-0.659207,-0.744982,0.10222
0,0,-0.870221,-0.482566,0.0992297
0,0,-0.697178,-0.681812,0.221528
16.8852,24.2776,-0.0792762,-0.474831,0.876499
0,0,0.251059,-0.659626,0.708423
0,0,0.354429,0.568247,0.742613
0,0,-0.746512,0.275728,0.605552
0,0,0.394418,0.391766,0.831237
0,0,-0.918855,-0.0646871,0.389257
0,0,0.115523,0.479913,0.869677
0,0,0.747657,-0.476142,0.462923
0,0,-0.252574,0.449716,0.856716
0,0,0.0956634,0.968591,0.229522
0,0,0.889486,0.446771,0.0959663
0,0,-0.528687,-0.799916,0.283945
0,0,0.607467,0.0294011,0.793801
0,0,0.344894,-0.672243,0.655086
0,0,-0.0841972,0.996424,0.00702126
0,0,0.778924,-0.578779,0.241437
0,0,0.296717,-0.209643,0.93167
0,0,-0.810577,-0.107814,0.575622
0,0,0.982718,-0.0210081,0.183912
0,0,-0.90481,-0.0929674,0.415542
0,0,-0.783523,0.284222,0.552548
0,0,0.0539169,-0.491776,0.869051
0,0,0.696513,0.579293,0.423426
0,0,-0.551077,-0.726708,0.410134
0,0,0.0695397,-0.0885955,0.993637
0,0,0.761904,-0.350045,0.54495
0,0,-0.845099,0.235919,0.47974
0,0,0.417489,-0.248925,0.873922
0,0,0.0308115,0.297338,0.954275
0,0,0.169068,0.565796,0.807026
0,0,0.634846,0.356287,0.685587
0,0,0.0941615,-0.866909,0.489492
0,0,0.755865,0.598972,0.264386
0,0,-0.866893,0.480622,0.132287
0,0,0.364136,0.651705,0.665346
0,0,0.0515653,0.100717,0.993578
0,0,0.172948,-0.743911,0.645512
0,0,0.503496,-0.539509,0.674849
0,0,0.944206,-0.223721,0.241712
0,0,0.595599,-0.775754,0.20849
17.1396,22.1046,0.914295,-0.404902,0.0108877
0,0,-0.0284619,0.739303,0.672771
0,0,-0.118161,-0.159986,0.980022
0,0,-0.745586,0.0886738,0.660484
0,0,0.767119,-0.206974,0.607199
0,0,0.78181,0.454369,0.426992
0,0,-0.419256,0.798704,0.431621
0,0,-0.2883,0.661469,0.692345
0,0,-0.415759,-0.0120827,0.909395
0,0,0.162313,0.949198,0.269587
0,0,0.632342,0.481453,0.606915
17.1302,24.4334,0.931335,-0.323457,-0.167306
0,0,-0.256306,0.130578,0.957735
0,0,-0.74605,0.448396,0.492291
0,0,0.96116,-0.0997991,0.257315
0,0,0.0189759,0.928664,0.370437
0,0,0.391775,-0.909463,0.139243
0,0,0.861304,0.169788,0.478881
0,0,0.610254,-0.766325,0.200838
0,0,-0.112172,0.67862,0.725873
0,0,0.965376,-0.239227,0.104019
0,0,-0.713441,-0.520935,0.468645
0,0,-0.310626,0.281302,0.907954
0,0,-0.804491,0.543438,0.239726
0,0,-0.0155716,0.337439,0.941219
0,0,0.865098,-0.282193,0.414695
0,0,-0.834099,-0.406438,0.372944
0,0,-0.635349,0.747954,0.192084
0,0,0.635459,0.657497,0.404832
0,0,-0.871019,-0.450621,0.195617
0,0,0.274171,-0.413157,0.868408
0,0,0.0920815,-0.119887,0.988508
0,0,-0.368758,-0.818179,0.441136
0,0,-0.19329,0.978726,0.0688002
0,0,-0.307821,-0.0262873,0.951081
0,0,-0.494123,-0.446174,0.746171
0,0,-0.533369,0.70775,0.463258
0,0,0.874639,-0.322041,0.36235
0,0,0.857911,-0.475129,0.195552
0,0,-0.351509,-0.35303,0.86707
0,0,-0.0193537,0.197505,0.980111
0,0,-0.196389,0.300795,0.933249
0,0,0.995296,0.0713269,0.0655662
0,0,0.570058,-0.43213,0.698783
0,0,-0.618465,0.5378,0.57295
0,0,0.314456,0.738215,0.596788
0,0,0.479283,0.810749,0.336116
0,0,-0.829981,0.26276,0.492024
0,0,0.854086,-0.27281,0.442844
0,0,0.0179348,0.431672,0.901852
0,0,-0.15065,0.571022,0.806993
0,0,0.212588,0.236295,0.948141
0,0,-0.132723,-0.967774,0.214007
0,0,-0.181047,0.705337,0.685363
0,0,-0.769533,-0.607861,0.195763
0,0,-0.834822,-0.37135,0.406414
0,0,-0.730077,-0.135339,0.669829
0,0,-0.325339,0.905169,0.27354
0,0,0.687494,0.705076,0.17384
0,0,-0.457775,-0.419741,0.783748
0,0,0.659423,-0.716374,0.22797
0,0,0.620883,-0.326691,0.712585
0,0,0.946806,0.223361,0.231663
0,0,-0.336201,0.713872,0.614292
0,0,0.221821,0.974278,0.0397303
0,0,-0.427989,0.440161,0.789357
0,0,-0.691723,-0.143688,0.707724
0,0,0.244353,0.218459,0.944758
0,0,0.468659,-0.359822,0.806776
0,0,0.543767,0.712422,0.443591
0,0,0.0360134,-0.9717,0.233456
0,0,-0.741729,-0.645443,0.182325
0,0,0.550406,-0.217017,0.806199
0,0,-0.960016,-0.183579,0.211346
0,0,-0.934411,0.259518,0.243981
0,0,-0.727555,0.628615,0.274785
0,0,0.819368,-0.0396756,0.571894
0,0,0.412126,0.0730568,0.908193
0,0,0.954371,0.234616,0.184748
0,0,0.909527,0.415377,0.0149053
0,0,0.704074,0.703287,0.0983192
0,0,0.305599,-0.935388,0.177925
0,0,0.547278,0.782176,0.297806
0,0,0.808976,-0.443134,0.386251
0,0,-0.718547,0.596159,0.358167
0,0,0.908329,0.377459,0.180178
0,0,-0.895479,0.190336,0.402355
0,0,-0.290871,0.914342,0.281731
0,0,-0.594507,-0.405824,0.694168
0,0,-0.431172,-0.687613,0.584191
0,0,-0.868707,0.430298,0.245342
0,0,-0.456293,-0.571982,0.68164
0,0,0.85943,-0.195881,0.47224
0,0,-0.644487,-0.63717,0.422672
0,0,-0.731743,0.042212,0.680272
0,0,0.297982,-0.951902,0.0713449
0,0,-0.746212,-0.386047,0.542343
0,0,-0.560337,0.757801,0.334306
0,0,-0.403502,0.873759,0.271535
0,0,0.0557452,-0.96559,0.254024
0,0,0.809954,0.586393,0.0108664
0,0,0.141917,0.962637,0.230628
12.6146,16.9102,-0.474981,-0.150857,0.866969
0,0,-0.248317,-0.691395,0.678463
0,0,0.457095,0.818778,0.347372
0,0,0.463309,-0.822976,0.328717
0,0,0.0863897,-0.872885,0.480218
0,0,-0.891405,0.05442,0.449929
21.658,30.1104,0.0686697,-0.947891,0.311106
0,0,0.869833,0.351165,0.346518
0,0,-0.960386,0.277972,0.0197472
0,0,-0.0451502,-0.860335,0.507725
0,0,-0.718475,0.360383,0.59491
0,0,0.359438,0.90468,0.228821
0,0,0.416125,-0.754069,0.508153
0,0,-0.301972,0.61409,0.729182
0,0,-0.883955,0.316927,0.343773
0,0,-0.110919,-0.753037,0.648562
0,0,0.920018,0.0573311,0.38766
0,0,-0.250326,-0.215301,0.943919
0,0,0.468441,-0.23549,0.851533
0,0,-0.622962,0.6672,0.408365
0,0,0.5022,0.798352,0.332309
0,0,-0.815563,0.573558,0.0767322
0,0,-0.526107,-0.828435,0.192113
0,0,0.174377,-0.857784,0.483528
0,0,-0.86519,-0.43166,0.255178
0,0,-0.396772,-0.0192626,0.917715
0,0,0.447879,0.825047,0.344533
0,0,-0.337575,0.136836,0.9313
0,0,0.579149,-0.803382,0.138433
0,0,-0.617654,0.318115,0.719241
0,0,-0.330095,0.747135,0.576911
0,0,0.429052,0.392986,0.813312
0,0,-0.242218,-0.765147,0.596557
0,0,-0.145764,-0.775151,0.614731
0,0,-0.732168,0.579057,0.358641
0,0,-0.853381,0.147683,0.499931
0,0,-0.0520824,-0.454512,0.889217
0,0,-0.170509,0.345647,0.922743
0,0,-0.102427,-0.269857,0.957437
0,0,0.399805,0.908898,0.118579
0,0,-0.908645,-0.102829,0.404711
0,0,0.0394528,-0.985966,0.162215
17.9697,25.3707,-0.121707,0.124945,0.984671
0,0,0.494569,0.645387,0.582131
0,0,-0.813396,-0.46809,0.345369
0,0,0.874524,0.467578,0.12876
0,0,0.934875,0.0244048,0.354137
0,0,-0.83096,0.104977,0.546338
0,0,-0.608673,0.426401,0.669104
0,0,-0.0610121,-0.981087,0.183699
0,0,-0.688466,0.175934,0.703606
0,0,0.738326,0.638421,0.21747
0,0,0.216142,0.505196,0.8355
0,0,-0.52737,-0.026956,0.849208
0,0,0.69558,-0.04528,0.71702
20.722,29.6428,0.18372,0.0811834,0.97962
0,0,-0.0473495,0.336207,0.940597
0,0,0.877069,-0.106413,0.46843
0,0,-0.577347,-0.816484,0.00492368
0,0,0.625747,0.457169,0.632011
0,0,0.0673902,-0.681901,0.728334
0,0,0.451429,-0.723226,0.522644
0,0,-0.180201,0.16643,0.969448
0,0,-0.020702,-0.916425,0.39967
0,0,0.941211,0.334158,0.0495944
0,0,0.752854,0.527402,0.393775
0,0,0.827421,-0.463435,0.31718
0,0,0.962575,-0.124473,0.24074
0,0,0.59516,0.0800457,0.799611
0,0,0.776864,-0.348695,0.524303
0,0,-0.12091,-0.692499,0.711214
0,0,0.630933,0.621284,0.464682
0,0,0.759531,0.467646,0.452127
0,0,0.151928,-0.745187,0.649319
0,0,-0.27916,0.955318,0.0971499
0,0,-0.699611,-0.446513,0.557826
0,0,0.558368,0.351467,0.751463
0,0,0.430589,0.735806,0.522668
0,0,-0.913443,-0.159447,0.374431
0,0,-0.224886,-0.850073,0.476238
0,0,0.109988,-0.643499,0.757503
0,0,-0.600116,0.644813,0.473368
0,0,0.146266,-0.572462,0.80678
0,0,0.647457,0.293472,0.70333
0,0,0.231801,-0.765398,0.600362
0,0,-0.654618,0.743799,0.135049
0,0,-0.0631486,-0.399487,0.914561
0,0,0.818257,0.381103,0.430368
0,0,0.0954111,0.995348,0.0133953
0,0,0.837573,-0.378838,0.39364
0,0,-0.737858,-0.558159,0.379506
0,0,-0.514975,-0.74802,0.418649
0,0,0.797766,-0.554631,0.236545
0,0,-0.0215917,0.818509,0.574088
0,0,-0.631225,0.773521,0.0567487
0,0,0.736896,0.371938,0.564487
0,0,-0.653416,0.530911,0.539611
0,0,-0.948381,-0.0973813,0.301813
0,0,-0.814508,0.513874,0.269277
14.2179,20.2772,0.40056,0.183428,0.897723
0,0,0.999426,-0.0300272,0.0156736
0,0,0.251246,-0.271908,0.928946
0,0,-0.312587,0.303878,0.899971
0,0,0.919172,-0.374976,0.120484
0,0,0.655791,-0.745817,0.117024
0,0,-0.329008,-0.940577,0.0840734
0,0,0.629519,-0.641081,0.439
0,0,0.125149,-0.913229,0.387752
0,0,-0.571932,-0.794949,0.202361
7.22634,9.90979,-0.294356,0.255228,0.920985
0,0,0.932718,-0.00669971,0.360546
19.5327,29.5073,-0.569822,-0.0233031,0.821438
0,0,0.985724,-0.156869,0.0611575
13.5516,21.3677,-0.272177,-0.34341,0.898882
0,0,-0.420486,-0.321668,0.848364
0,0,0.328573,0.9172,0.225355
0,0,-0.364227,0.343927,0.865478
0,0,0.15668,0.402776,0.901789
0,0,0.931268,-0.33986,0.131285
0,0,-0.462266,-0.137383,0.876034
0,0,-0.308568,0.271107,0.911749
0,0,0.513211,-0.335997,0.78976
0,0,0.0166783,-0.58831,0.808463
13.3493,20.136,0.541217,-0.444117,-0.714034
0,0,-0.560002,-0.385157,0.73352
0,0,0.548599,-0.50484,0.666464
0,0,0.559839,0.586606,0.585212
0,0,0.682845,0.624324,0.379398
15.6433,22.8213,0.381836,-0.324372,0.865439
0,0,0.845418,-0.533531,0.0247418
0,0,0.426948,0.050458,0.902867
0,0,0.0259342,-0.98999,0.138738
0,0,-0.413002,-0.892379,0.181904
0,0,0.807833,-0.388448,0.443299
0,0,-0.230021,-0.497402,0.836469
0,0,0.625283,0.779359,0.0402641
0,0,0.684719,0.296638,0.665706
0,0,0.75657,0.430265,0.492417
0,0,-0.606467,0.330679,0.723084
0,0,0.663607,0.338409,0.667162
0,0,0.818036,0.480527,0.316089
0,0,-0.389772,0.757129,0.524245
0,0,-0.809459,0.568371,0.14741
0,0,-0.66033,-0.519287,0.542499
0,0,-0.585469,-0.573415,0.573081
0,0,0.465558,0.818967,0.335482
0,0,-0.186277,-0.478051,0.858352
0,0,-0.333447,0.813091,0.477175
0,0,-0.760182,0.626225,0.173105
0,0,-0.907981,-0.0847093,0.41036
0,0,0.342339,0.352857,0.870802
0,0,0.518421,0.216478,0.82727
0,0,-0.200855,0.839721,0.504507
0,0,0.627046,-0.52156,0.578609
0,0,0.587723,-0.220635,0.778397
0,0,0.580702,0.535181,0.613488
23.9385,33.2854,0.22947,-0.855604,-0.463989
0,0,-0.937324,0.0870853,0.337401
0,0,-0.410424,0.847117,0.337558
0,0,0.365376,0.459617,0.809477
0,0,0.421867,0.791363,0.442462
0,0,-0.348742,0.910904,0.220528
0,0,-0.744877,0.327546,0.581267
0,0,-0.315021,0.842575,0.436839
0,0,-0.278881,0.746547,0.604064
0,0,0.650254,-0.470474,0.59651
0,0,-0.307967,0.311543,0.898943
0,0,0.774422,-0.38458,0.502364
0,0,-0.854996,-0.331094,0.399198
19.6144,26.1655,-0.245256,-0.625752,0.740462
0,0,0.729021,-0.682748,0.0488251
0,0,0.184052,-0.756836,0.627155
0,0,0.437783,0.883188,0.168302
0,0,-0.211001,0.814322,0.540701
0,0,-0.598874,0.521089,0.608126
0,0,-0.869669,-0.139436,0.473533
16.903,25.6995,0.322308,-0.137004,0.936668
0,0,0.654763,0.684838,0.319817
0,0,0.838288,0.504751,0.206152
0,0,0.256233,-0.00150036,0.966614
0,0,-0.406106,0.153491,0.900843
0,0,-0.981415,-0.173168,0.0826936
0,0,-0.216237,-0.260198,0.94103
0,0,0.573928,0.731891,0.367346
0,0,0.104517,-0.973497,0.203419
0,0,0.848586,0.220963,0.480705
0,0,-0.728865,-0.59821,0.333017
0,0,-0.716165,0.598875,0.358409
0,0,0.561039,-0.827397,0.0255002
0,0,-0.0986272,0.660075,0.744697
0,0,-0.280697,0.9465,0.159206
0,0,-0.0922785,0.950475,0.296785
0,0,0.133956,0.669992,0.730183
0,0,0.189341,0.302273,0.934228
0,0,0.170821,-0.0535443,0.983846
0,0,-0.80132,0.594247,0.068966
0,0,0.185826,-0.608057,0.771839
0,0,0.54703,0.507055,0.666073
0,0,0.483144,0.747541,0.455801
0,0,0.172304,-0.713889,0.678729
0,0,0.567603,0.543144,0.618725
0,0,-0.40647,-0.134422,0.903721
0,0,0.967918,-0.155369,0.197473
0,0,-0.258775,-0.313001,0.913819
0,0,-0.616088,0.636748,0.463667
0,0,-0.464913,0.283242,0.838826
0,0,-0.202408,-0.836071,0.509919
0,0,-0.0165304,-0.0437952,0.998904
0,0,0.0631853,0.995838,0.065687
0,0,-0.602917,-0.647002,0.466775
0,0,-0.860633,0.415295,0.294688
0,0,0.349679,-0.654434,0.670403
0,0,0.408669,0.282132,0.867981
0,0,-0.469287,-0.533727,0.703495
0,0,0.415224,-0.901266,0.123726
0,0,-0.597604,0.344421,0.724047
0,0,0.218141,-0.319221,0.922232
0,0,-0.470775,-0.686949,0.553599
0,0,0.476674,0.865304,0.155016
0,0,-0.761703,-0.0172459,0.647697
0,0,0.109058,-0.861935,0.495151
0,0,0.633125,-0.0263789,0.7736
0,0,0.124083,-0.981687,0.144547
0,0,0.74349,0.617841,0.255919
0,0,0.443158,-0.222683,0.868345
0,0,-0.532112,0.56367,0.63177
0,0,0.435809,-0.900022,0.00553928
0,0,0.91187,0.298149,0.282133
0,0,0.497524,-0.490239,0.715637
0,0,-0.456931,0.749562,0.478926
0,0,0.185338,-0.931382,0.313334
0,0,-0.250108,0.670216,0.698754
0,0,0.751971,0.203586,0.62697
0,0,0.895082,-0.130802,0.426285
0,0,0.726319,-0.578953,0.370506
0,0,-0.554375,0.222608,0.801944
0,0,0.593536,0.0350926,0.804042
0,0,0.454733,-0.549097,0.70122
0,0,0.661059,0.747043,0.0701994
0,0,-0.521022,0.411995,0.747527
0,0,-0.304905,0.877624,0.369877
0,0,0.871886,-0.486489,0.0560631
0,0,-0.390123,-0.842508,0.371463
0,0,0.922083,-0.223843,0.315684
0,0,0.959148,0.277512,0.0549756
0,0,-0.0429444,0.903139,0.427196
0,0,-0.846576,0.497726,0.188621
0,0,-0.845134,-0.0814633,0.528311
0,0,0.196306,0.221633,0.955166
0,0,-0.517156,-0.814165,0.26398
0,0,-0.372352,0.246371,0.894793
0,0,0.857827,0.100354,0.504045
0,0,0.750554,0.655944,0.0800343
0,0,0.524446,-0.325071,0.786947
0,0,-0.726109,-0.520804,0.44892
0,0,0.34727,-0.689835,0.635241
0,0,-0.489283,0.0958621,0.86684
0,0,0.28845,0.32165,0.901852
0,0,0.663376,-0.649225,0.372076
0,0,-0.00500588,0.0706685,0.997487
0,0,-0.194744,0.744685,0.638372
0,0,0.427362,0.821362,0.377791
0,0,-0.553019,-0.454106,0.69854
0,0,-0.942121,0.00612825,0.335216
0,0,-0.672655,0.635662,0.378774
0,0,0.534436,0.841378,0.0803801
0,0,0.699925,-0.682244,0.2113
0,0,0.342981,0.124439,0.931063
0,0,0.797148,-0.335776,0.501806
0,0,0.997416,0.0712528,0.00915476
0,0,-0.526355,-0.72167,0.449604
0,0,-0.851513,-0.195018,0.486716
0,0,-0.582379,0.16671,0.795639
0,0,-0.540141,0.710302,0.451352
0,0,0.00721964,0.391445,0.920173
0,0,-0.244088,-0.280118,0.928415
0,0,0.728308,0.303692,0.614279
0,0,-0.129033,0.90439,0.406729
0,0,-0.864748,-0.346128,0.363877
0,0,0.831178,-0.53794,0.140583
0,0,-0.799866,-0.380105,0.464472
0,0,-0.741707,0.408703,0.531821
0,0,-0.553846,-0.696089,0.456853
0,0,0.504473,-0.832461,0.229163
0,0,-0.983486,-0.16884,0.0651752
0,0,-0.790916,-0.441833,0.423361
0,0,-0.367682,-0.224345,0.902485
0,0,0.12387,-0.356326,0.926114
0,0,-0.06341,-0.766249,0.639407
0,0,-0.0600176,-0.997532,0.0364417
0,0,-0.305595,-0.566965,0.764959
0,0,-0.46919,0.880169,0.0718543
0,0,-0.368533,0.745242,0.555695
0,0,-0.89263,0.192787,0.407487
0,0,-0.462782,-0.410333,0.785786
0,0,0.833822,0.551823,0.0152766
0,0,-0.45329,0.833376,0.316248
0,0,0.269258,0.525649,0.806965
0,0,0.80266,0.450508,0.390871
0,0,0.775897,0.389077,0.496591
0,0,-0.509574,0.856643,0.0806035
0,0,-0.942918,0.285273,0.171826
0,0,0.637582,-0.288309,0.7144
0,0,-0.861684,-0.316578,0.396584
0,0,0.276901,0.294475,0.914664
0,0,-0.494103,0.211157,0.843371
0,0,0.390738,0.239669,0.888753
0,0,0.695656,0.36347,0.619638
0,0,-0.200859,0.639976,0.741678
0,0,0.932482,0.321111,0.165426
0,0,0.499077,-0.866034,0.0301127
0,0,-0.249403,-0.453749,0.855517
8.43033,12.7057,0.895779,0.236761,0.376197
0,0,-0.865,-0.373166,0.335444
0,0,-0.805887,-0.580238,0.117771
0,0,0.17774,0.903736,0.389448
0,0,-0.289859,0.890869,0.349762
0,0,0.21667,0.775888,0.592496
0,0,0.117496,-0.987353,0.106433
0,0,-0.669316,-0.741335,0.0493798
0,0,0.33375,-0.217508,0.917225
0,0,0.151854,-0.78049,0.606445
0,0,-0.566586,0.773419,0.284261
0,0,0.190393,-0.688141,0.700152
0,0,-0.890261,0.407593,0.203231
0,0,0.948548,0.0651603,0.309857
0,0,0.313426,-0.279698,0.907487
0,0,-0.106304,0.913525,0.392647
0,0,0.762184,-0.159151,0.627492
0,0,0.94187,0.279836,0.185938
0,0,0.547171,-0.488882,0.67941
0,0,-0.222872,0.751493,0.620956
16.9404,24.177,-0.0493454,0.208799,0.976713
0,0,-0.317304,-0.597045,0.736787
0,0,0.0233084,-0.988213,0.1513
0,0,-0.521822,-0.816384,0.247422
0,0,-0.447595,-0.202743,0.87095
0,0,0.994143,0.105395,0.0239059
0,0,0.984716,-0.169848,0.0385592
0,0,-0.104839,0.172322,0.979446
0,0,-0.107704,0.990536,0.0850812
0,0,-0.982783,-0.18467,0.00584974
0,0,-0.665154,0.545579,0.509816
0,0,-0.779527,0.394547,0.486488
0,0,-0.733227,-0.674296,0.0877696
0,0,-0.937267,0.139487,0.319489
6.31043,9.04929,0.204633,-0.429952,0.879356
0,0,-0.834315,0.515648,0.195002
0,0,-0.932656,-0.291302,0.21283
0,0,-0.426203,-0.805634,0.411467
0,0,0.553329,0.246078,0.795785
0,0,0.712044,0.221679,0.666222
20.0105,27.1264,0.0276929,0.158305,0.987002
0,0,-0.175242,-0.35971,0.91646
0,0,0.354882,-0.00488177,0.934898
0,0,-0.738481,0.637975,0.21825
0,0,-0.0277526,-0.80718,0.589652
0,0,-0.405671,0.858556,0.313549
0,0,-0.449547,0.420733,0.787966
0,0,0.89491,-0.414718,0.164755
0,0,-0.179443,0.709401,0.681579
0,0,0.216485,0.929173,0.29962
0,0,0.588684,0.640214,0.493535
0,0,-0.787308,-0.191997,0.585903
0,0,-0.320738,0.464964,0.825188
0,0,0.00242899,0.163886,0.986476
0,0,0.165336,0.730159,0.662972
0,0,0.789352,0.429118,0.439069
0,0,-0.642883,-0.270084,0.716768
0,0,0.179566,0.910237,0.373128
0,0,0.964877,0.1723,0.198305
0,0,-0.865669,-0.101874,0.490142
0,0,0.232587,0.398816,0.887045
0,0,-0.48449,0.292711,0.824372
0,0,0.831413,-0.545466,0.105923
0,0,-0.657248,0.636433,0.403705
0,0,0.311836,-0.706483,0.635327
0,0,0.528248,0.807203,0.263397
0,0,0.952462,0.0475265,0.300927
0,0,-0.255927,-0.350246,0.901016
0,0,0.0384072,-0.856725,0.514342
0,0,-0.69428,0.407293,0.59337
12.3896,17.1275,-0.0314647,-0.00460074,0.999494
7.75971,11.9893,-0.182854,-0.000531855,0.98314
0,0,-0.325322,0.645958,0.690582
0,0,0.364897,0.294186,0.883349
0,0,0.715794,0.0706625,0.694727
23.9366,36.8418,-0.745775,0.138486,0.651645
0,0,0.0755342,-0.905497,0.417576
0,0,0.92655,-0.237009,0.292116
11.5842,17.6854,0.733173,-0.257604,0.629363
0,0,0.417481,0.234455,0.877918
0,0,0.256386,0.565221,0.784086
0,0,0.744349,0.0677871,0.664341
0,0,0.332038,-0.888955,0.315451
0,0,0.427142,0.771733,0.471146
0,0,0.12029,0.173685,0.977427
0,0,0.435856,-0.175922,0.882656
0,0,0.781045,0.136947,0.609274
0,0,0.544569,0.814003,0.202099
0,0,-0.814403,0.398374,0.421955
0,0,-0.623699,-0.439612,0.646329
0,0,0.514723,0.574474,0.636427
0,0,0.909841,-0.222878,0.350021
0,0,-0.384482,-0.790596,0.476583
0,0,0.677076,-0.608516,0.413856
0,0,0.302741,0.232826,0.924197
0,0,-0.47345,-0.718005,0.51021
0,0,-0.481823,0.390412,0.78449
0,0,0.623019,-0.772931,0.120103
0,0,-0.470048,0.314866,0.82457
0,0,-0.0820367,0.994166,0.070023
0,0,0.914973,-0.342407,0.213498
0,0,0.802328,0.110196,0.586623
0,0,-0.905152,-0.338728,0.256833
0,0,0.499946,0.690235,0.523096
0,0,0.440285,0.871185,0.217225
0,0,0.181265,-0.878004,0.443003
0,0,-0.466321,-0.379225,0.799208
0,0,0.689805,0.720446,0.0716088
0,0,-0.985364,-0.0648665,0.157639
0,0,-0.435682,0.122138,0.891775
0,0,0.289036,0.450879,0.844492
0,0,0.279419,-0.834687,0.474575
0,0,-0.721624,0.540385,0.432716
0,0,0.87752,0.477144,0.047873
0,0,0.819058,-0.478541,0.316453
0,0,-0.534015,0.597808,0.597874
0,0,0.125955,-0.191015,0.973472
0,0,0.531148,0.846864,0.0265157
0,0,0.226658,0.880444,0.416467
0,0,-0.300582,-0.592024,0.747768
0,0,0.724434,0.265082,0.636339
0,0,-0.665659,0.489266,0.563487
3.97773,5.46634,0.72986,-0.352782,-0.585533
0,0,0.594768,-0.456502,0.661707
0,0,0.118493,-0.948122,0.294998
0,0,-0.0363043,0.994972,0.0933446
0,0,0.263064,0.400353,0.87779
0,0,0.23106,-0.585721,0.776879
0,0,0.131021,0.56977,0.811293
0,0,-0.175423,-0.635274,0.7521
0,0,-0.357033,0.626036,0.693258
0,0,0.418615,-0.701284,0.577029
0,0,-0.88744,0.397456,0.233406
0,0,-0.857633,0.106164,0.503184
0,0,0.00268885,0.49364,0.869662
0,0,-0.808667,-0.371871,0.455819
0,0,0.129664,-0.705268,0.696982
0,0,-0.973105,0.101762,0.206665
0,0,-0.199533,-0.128477,0.971432
0,0,0.596975,0.802191,0.0105073
0,0,0.482746,-0.861623,0.156723
0,0,-0.648112,-0.153944,0.745823
0,0,-0.206093,-0.613437,0.762379
0,0,-0.775029,-0.535287,0.335855
0,0,-0.982439,-0.128989,0.134819
0,0,-0.881664,-0.20346,0.42576
0,0,-0.624518,0.481294,0.615089
0,0,-0.169241,-0.951191,0.258055
0,0,0.498225,0.552185,0.668478
0,0,-0.370803,0.175943,0.911893
0,0,0.590372,-0.795446,0.136844
0,0,0.459478,0.0689199,0.885511
0,0,0.208285,-0.340813,0.916768
0,0,-0.858835,0.483486,0.169246
0,0,-0.0971367,0.807682,0.581562
0,0,0.59494,-0.404886,0.694344
0,0,-0.417817,-0.0663464,0.906105
0,0,0.712239,0.686911,0.144459
0,0,0.883505,-0.0854301,0.460565
0,0,0.31487,-0.19334,0.929234
0,0,0.952635,-0.276918,0.125712
0,0,0.96415,0.027482,0.26393
0,0,0.599583,-0.791372,0.119293
0,0,-0.411873,-0.905309,0.103805
0,0,0.098163,0.267662,0.958499
0,0,-0.0176427,-0.902971,0.429339
0,0,-0.529482,0.351232,0.772195
0,0,-0.152665,0.728886,0.667397
0,0,-0.199088,-0.683196,0.702572
0,0,0.33839,0.48794,0.804616
15.3824,19.7104,0.310856,0.241103,0.919368
0,0,-0.387806,0.313667,0.866729
0,0,-0.951973,0.303404,0.0411521
0,0,-0.376084,-0.665309,0.644922
0,0,-0.926646,-0.364019,0.0938998
0,0,0.218694,-0.790157,0.572559
0,0,0.685831,0.725415,0.0583828
0,0,-0.501395,0.864121,0.0435578
0,0,-0.57179,-0.474505,0.669254
0,0,-0.875766,-0.375182,0.303765
0,0,-0.535312,0.646881,0.543127
0,0,0.545215,0.83745,0.0376546
18.2993,26.3132,0.210459,-0.743843,0.634354
0,0,-0.593218,0.533657,0.602747
0,0,-0.215158,0.932618,0.289708
0,0,0.720674,0.691209,0.0534643
0,0,-0.905983,-0.42049,0.0488125
0,0,-0.664779,0.74527,0.0513919
0,0,0.10081,-0.853232,0.511696
0,0,-0.402729,-0.527866,0.747775
0,0,-0.761647,-0.312271,0.567786
0,0,0.154982,0.875861,0.456999
0,0,-0.32569,0.296345,0.897834
0,0,0.743756,0.625503,0.23574
0,0,0.0514475,-0.972627,0.226607
0,0,-0.664555,-0.260247,0.700456
0,0,0.14533,0.791992,0.592982
0,0,-0.999042,-0.04372,0.00206576
0,0,-0.703637,-0.15431,0.693602
0,0,0.143271,0.966856,0.211337
0,0,-0.0316942,0.211766,0.976806
0,0,-0.572377,-0.542678,0.614724
0,0,0.389726,0.716995,0.577956
0,0,-0.734272,-0.678803,0.00844021
0,0,0.254439,0.432008,0.865234
0,0,0.562569,-0.538768,0.627093
0,0,0.25367,0.966788,0.0312028
0,0,-0.0380979,-0.869323,0.492774
0,0,0.482425,-0.831834,0.274443
0,0,0.242342,0.964833,0.101818
0,0,0.441429,-0.706746,0.552857
0,0,-0.399133,-0.908293,0.125286
0,0,0.736673,-0.265902,0.62178
0,0,-0.335722,-0.778308,0.530591
0,0,0.742056,0.47327,0.47473
0,0,0.69833,-0.628535,0.34246
0,0,-0.590501,-0.777813,0.215211
0,0,0.498805,0.677661,0.540341
0,0,-0.298621,0.707413,0.640618
0,0,0.94143,-0.304355,0.145183
0,0,-0.396238,0.213239,0.893042
0,0,0.609939,-0.762656,0.215244
0,0,-0.105184,0.984944,0.137188
0,0,0.426191,0.455251,0.781734
0,0,0.439304,0.689814,0.575472
0,0,0.894017,-0.443344,0.0646477
0,0,0.951529,-0.203386,0.230708
11.1142,16.7876,0.469841,-0.340413,0.814474
0,0,-0.605706,0.736262,0.301726
0,0,-0.936291,-0.234126,0.261809
0,0,0.806798,-0.315296,0.499664
0,0,-0.912113,-0.0726431,0.403452
0,0,-0.460262,-0.877199,0.13668
0,0,-0.375309,0.105273,0.920902
0,0,0.330672,-0.890671,0.312027
0,0,-0.783531,-0.487254,0.385568
0,0,-0.279514,-0.407482,0.869385
0,0,-0.163609,-0.528706,0.832888
0,0,-0.79564,-0.0795001,0.60053
0,0,0.260989,-0.904407,0.33754
0,0,0.339985,0.729077,0.594018
0,0,-0.877457,0.371325,0.303622
0,0,0.501404,-0.853591,0.141336
0,0,-0.327053,0.706746,0.627333
0,0,0.69697,-0.0300993,0.716468
0,0,-0.683533,-0.478069,0.551573
0,0,0.760712,-0.103471,0.64079
0,0,-0.161765,0.876419,0.453566
0,0,0.199546,-0.409311,0.890307
0,0,-0.0499893,-0.975791,0.212913
0,0,-0.317478,-0.703222,0.63615
0,0,0.302873,0.796738,0.52295
0,0,0.164394,0.279258,0.946039
0,0,-0.228052,-0.419784,0.878506
0,0,-0.0951605,-0.521053,0.848203
0,0,0.30649,-0.681413,0.664635
12.3545,17.2125,0.501243,-0.143425,0.853338
0,0,0.245525,0.948087,0.202111
0,0,-0.608435,0.462483,0.644916
0,0,0.608914,0.149083,0.779101
0,0,-0.0947568,-0.435906,0.89499
0,0,0.693285,0.622633,0.362883
0,0,-0.345692,0.362725,0.865406
0,0,0.868523,0.45483,0.196971
0,0,0.823728,0.330826,0.460464
0,0,0.44036,0.229992,0.867863
0,0,0.589936,-0.706723,0.390536
21.0415,30.7757,0.46948,-0.359612,0.806392
0,0,-0.216958,0.000265711,0.976181
0,0,0.713785,-0.189385,0.674274
0,0,0.592179,0.583465,0.55578
0,0,0.685072,-0.668532,0.289381
0,0,0.720298,-0.386434,0.576056
0,0,0.935352,0.0322919,0.35224
0,0,-0.205426,0.698454,0.685538
0,0,0.555084,0.616745,0.558128
0,0,-0.0693049,-0.133625,0.988606
0,0,-0.167686,0.773835,0.610786
0,0,-0.546934,-0.296776,0.782808
0,0,0.126271,-0.975605,0.179586
0,0,0.394658,0.0194198,0.918623
0,0,0.873418,0.20214,0.443035
0,0,-0.730467,0.416473,0.541266
0,0,0.832799,0.226943,0.504919
0,0,0.614123,-0.440811,0.654629
0,0,-0.403492,-0.841056,0.360303
0,0,0.164251,-0.882616,0.440466
0,0,0.380582,-0.576798,0.722814
0,0,-0.136899,0.765558,0.628633
5.52925,8.71527,0.321425,0.192935,0.927072
0,0,0.120666,-0.873173,0.472237
0,0,0.0764996,-0.579175,0.811606
0,0,0.46707,-0.879551,0.090753
0,0,0.335336,0.0833334,0.938406
0,0,0.13599,-0.694083,0.706934
0,0,-0.162568,0.703751,0.691597
0,0,0.184427,-0.499772,0.846295
0,0,0.125959,-0.342871,0.930899
0,0,0.323862,0.731946,0.599473
0,0,0.862346,0.506054,0.0164018
0,0,-0.24581,0.897981,0.364978
0,0,0.613872,0.0681998,0.786454
0,0,-0.865428,0.0933943,0.492252
0,0,0.0225839,-0.38365,0.923203
0,0,-0.856245,0.488059,0.169239
0,0,-0.655351,-0.665214,0.357779
0,0,0.745711,-0.0561982,0.663895
0,0,0.112915,-0.549021,0.828146
0,0,-0.0873598,0.308518,0.947199
0,0,-0.978706,-0.045383,0.200189
0,0,0.398365,0.916831,0.0269629
0,0,-0.00954197,-0.0403124,0.999142
0,0,0.612908,0.642502,0.459929
0,0,-0.459908,0.746417,0.480984
0,0,0.662907,0.666646,0.34079
0,0,0.64463,-0.183503,0.742144
0,0,0.537621,0.397472,0.743626
0,0,0.215443,0.976508,0.00404036
0,0,-0.462027,-0.486245,0.741686
0,0,-0.52459,0.77098,0.361103
0,0,-0.052817,-0.792249,0.607908
15.3826,21.9996,0.0264027,-0.187805,0.981851
0,0,0.926,0.339585,0.164942
0,0,-0.915789,0.350056,0.196955
0,0,-0.527574,-0.220155,0.820486
0,0,0.461722,0.574339,0.675979
0,0,0.270892,-0.807665,0.523732
0,0,-0.186932,-0.959147,0.212351
0,0,0.709954,0.678404,0.189031
0,0,0.500363,-0.468824,0.727902
0,0,0.0379622,-0.29534,0.954638
0,0,-0.460332,0.653636,0.600712
0,0,-0.331541,-0.829084,0.450222
0,0,-0.760502,0.606023,0.233179
0,0,0.289386,0.843692,0.452149
0,0,0.979938,0.185151,0.0737592
0,0,-0.179643,0.909518,0.37484
0,0,0.902521,0.417474,0.105698
0,0,-0.0340138,-0.871354,0.489474
0,0,0.202745,0.389914,0.898255
0,0,-0.203663,0.788517,0.580313
0,0,-0.665092,0.746415,0.0227452
0,0,-0.819974,0.0291131,0.571659
0,0,0.215857,0.829799,0.514626
0,0,0.400854,-0.578806,0.71014
0,0,0.493195,0.5885,0.640646
0,0,0.676117,0.71361,0.183379
0,0,0.177659,0.735035,0.65434
0,0,0.293842,0.875613,0.383352
0,0,-0.997276,0.0736373,0.00420598
0,0,0.376158,-0.856175,0.354217
0,0,-0.343743,0.335779,0.876979
0,0,-0.107732,0.973953,0.199521
0,0,0.231792,0.213502,0.949047
0,0,-0.279044,0.353057,0.89302
0,0,-0.810551,-0.00773442,0.585617
0,0,-0.421506,0.872709,0.246398
0,0,0.341251,0.548468,0.763368
0,0,-0.256144,0.156593,0.953871
0,0,0.63677,0.533364,0.556818
0,0,0.914294,0.170466,0.367433
0,0,-0.122639,0.919298,0.373967
0,0,-0.929245,0.0793066,0.360853
0,0,0.0412386,-0.97995,0.19493
0,0,-0.121118,-0.762651,0.63537
0,0,-0.356034,-0.859491,0.366763
0,0,-0.380127,0.766416,0.517793
0,0,0.981845,0.090918,0.166478
0,0,-0.724582,0.323116,0.608751
0,0,-0.799761,-0.599104,0.038164
0,0,-0.978762,-0.061886,0.195434
0,0,-0.293378,0.750915,0.591656
0,0,-0.911796,0.0449071,0.40818
0,0,0.139069,-0.973631,0.180836
0,0,0.0933858,-0.831598,0.54747
0,0,-0.802589,0.49698,0.329941
0,0,-0.614874,-0.416031,0.669961
0,0,0.425109,0.864706,0.267517
0,0,0.619958,0.169664,0.766072
7.03551,8.63695,-0.024451,-0.0840956,0.996158
0,0,0.183263,-0.422645,0.887573
0,0,0.876343,-0.425799,0.225207
0,0,0.39263,-0.0410929,0.918778
0,0,-0.366747,-0.415655,0.832303
0,0,0.900988,0.241886,0.360154
0,0,-0.39691,-0.869546,0.293859
0,0,-0.110038,-0.983592,0.142965
0,0,0.320758,-0.421813,0.84805
0,0,-0.484039,0.666607,0.56687
0,0,-0.541038,-0.290854,0.789102
0,0,0.465814,-0.578293,0.669772
0,0,0.713424,0.250806,0.654311
0,0,-0.581348,0.76457,0.278329
0,0,-0.786201,0.571098,0.236083
0,0,-0.453616,-0.598072,0.660713
0,0,-0.216171,-0.960937,0.172828
0,0,0.252721,-0.841336,0.477792
10.0923,14.2749,0.232413,-0.174444,0.956846
0,0,-0.603114,-0.772004,0.200657
0,0,-0.643763,-0.241745,0.726036
0,0,-0.699259,-0.278326,0.658462
0,0,-0.704417,-0.612664,0.358385
0,0,0.753449,0.423594,0.502875
0,0,-0.216429,-0.975976,0.0250835
0,0,0.174837,0.426356,0.887498
0,0,0.502819,-0.695158,0.51374
0,0,-0.407304,0.350568,0.84333
0,0,0.957851,0.00525005,0.287218
0,0,-0.34912,-0.75884,0.549797
0,0,0.603006,0.226685,0.764852
0,0,0.211154,0.671994,0.709816
0,0,0.663852,0.00971779,0.747801
0,0,-0.0977178,-0.617655,0.780355
0,0,-0.869908,0.414741,0.266927
0,0,0.560223,0.667324,0.490743
0,0,0.622628,0.583167,0.521776
0,0,-0.778852,-0.0501253,0.625202
0,0,-0.861999,0.502543,0.0663927
0,0,0.254613,0.141458,0.956641
0,0,0.968776,-0.240318,0.0609974
0,0,0.997969,-0.0619587,0.0148115
3.36787,4.64981,-0.11365,-0.34907,0.93018
0,0,0.821365,-0.555896,0.127821
0,0,0.777849,-0.599489,0.188582
0,0,-0.124859,-0.622546,0.772558
0,0,-0.264804,-0.338453,0.902956
0,0,0.869825,-0.259623,0.419524
0,0,0.36672,-0.911862,0.184456
0,0,0.95998,-0.0221905,0.279187
0,0,0.544,0.211076,0.812103
5.06199,7.68774,-0.0928145,-0.918922,-0.383365
0,0,-0.694142,0.138646,0.70636
0,0,-0.271028,-0.961691,0.0411548
10.0565,14.248,-0.278554,0.0984574,0.955361
0,0,-0.258598,0.138611,0.955989
0,0,-0.357426,0.924513,0.13237
0,0,0.836818,-0.462556,0.292876
0,0,0.324586,-0.429841,0.842544
0,0,0.996717,-0.0809657,0.000570764
0,0,-0.763551,0.641716,0.072039
0,0,-0.886285,-0.461246,0.0418402
0,0,-0.533252,-0.148025,0.832905
0,0,0.0775651,-0.976236,0.202355
0,0,-0.792698,-0.605895,0.0672347
0,0,0.437805,-0.828327,0.349572
0,0,0.528208,0.138299,0.837777
0,0,0.895408,0.433704,0.100722
0,0,-0.140832,0.411054,0.900667
0,0,-0.479485,0.391365,0.785447
0,0,-0.331191,-0.480574,0.812011
0,0,-0.0217334,0.978221,0.206427
0,0,0.325125,0.111694,0.939052
0,0,-0.059629,0.679501,0.731248
0,0,0.718489,-0.223441,0.658671
0,0,-0.712976,0.135304,0.68801
0,0,0.737677,0.667006,0.104576
0,0,-0.738024,-0.667831,0.0965469
0,0,-0.307329,0.769195,0.560258
0,0,0.793029,-0.532043,0.296709
0,0,0.908807,0.370184,0.192441
0,0,0.212036,-0.702988,0.678859
0,0,0.546585,-0.0728392,0.83423
0,0,0.088747,0.356844,0.929939
0,0,0.937688,-0.235231,0.25575
0,0,0.819122,-0.477766,0.317456
0,0,-0.901497,-0.404326,0.154349
0,0,0.929281,-0.27409,0.247612
0,0,0.402161,-0.581188,0.707451
0,0,0.0513067,-0.988218,0.144196
0,0,-0.435026,-0.846988,0.305556
0,0,-0.244001,-0.919398,0.308498
0,0,-0.335366,-0.157506,0.928828
0,0,0.392526,0.662144,0.638348
0,0,0.207006,-0.853409,0.478374
0,0,-0.551982,-0.0788538,0.830119
0,0,-0.15117,0.962464,0.225414
0,0,0.968375,0.245952,0.0419201
0,0,-0.59549,0.736294,0.321346
0,0,0.45983,-0.714533,0.527256
0,0,0.436814,-0.239202,0.867165
0,0,-0.851763,0.515245,0.094985
0,0,0.825385,0.557246,0.0906514
0,0,-0.54417,0.453128,0.706083
0,0,-0.613368,-0.752849,0.238743
0,0,0.776652,0.123979,0.617609
0,0,0.517129,0.44329,0.732169
0,0,0.743903,-0.103156,0.660279
0,0,-0.0307302,0.959451,0.280195
0,0,0.589421,-0.284,0.756258
0,0,0.939283,0.036538,0.341192
0,0,-0.042953,-0.654974,0.75443
0,0,0.324174,-0.937453,0.126859
0,0,0.397209,-0.909623,0.121703
0,0,-0.595824,0.108392,0.795767
0,0,-0.139216,0.986959,0.080815
0,0,-0.423193,-0.790505,0.44273
0,0,0.910557,-0.302721,0.281506
0,0,0.41624,-0.909223,0.00764954
0,0,0.685949,0.724854,0.0637254
0,0,-0.116407,0.971194,0.207923
0,0,0.599903,0.797744,0.0609952
0,0,-0.0646272,0.879738,0.471046
0,0,0.738955,-0.534832,0.409756
0,0,0.718418,-0.5418,0.436265
0,0,-0.173704,0.838222,0.516925
0,0,0.0471379,-0.773719,0.631772
0,0,0.311664,-0.755234,0.576618
5.35591,7.82612,-0.562818,-0.384181,0.731875
0,0,-0.527767,-0.819977,0.221586
0,0,-0.685646,0.218315,0.694426
0,0,-0.620061,-0.324169,0.71445
0,0,0.134229,-0.750141,0.647512
0,0,-0.441893,0.309695,0.841914
0,0,0.627381,-0.689936,0.361082
0,0,0.459508,-0.0601601,0.886134
0,0,-0.375199,0.918172,0.127223
0,0,-0.752834,0.141044,0.642921
0,0,-0.468548,-0.685718,0.557004
0,0,0.604645,0.54709,0.578876
0,0,-0.923686,0.281242,0.260205
0,0,-0.30301,-0.0117675,0.952915
0,0,0.888647,-0.427074,0.167078
0,0,-0.203734,0.47746,0.854707
0,0,0.615472,-0.763905,0.194021
0,0,-0.0672427,0.790578,0.608659
0,0,0.747231,0.563484,0.352323
0,0,-0.0781874,0.0882408,0.993026
0,0,0.232987,-0.136798,0.96281
0,0,0.949238,0.306568,0.0704434
0,0,0.237909,0.836599,0.493459
0,0,-0.910744,0.370189,0.183044
0,0,0.634629,-0.365797,0.680764
0,0,-0.420467,-0.596599,0.683576
15.747,24.2288,0.908946,0.24079,-0.340348
0,0,-0.800507,-0.276988,0.531475
0,0,0.265493,0.908114,0.323795
0,0,0.446035,0.0379135,0.894212
0,0,0.732722,0.155923,0.662425
0,0,0.177194,0.983586,0.0340615
0,0,-0.156858,-0.985717,0.0612965
0,0,0.75311,0.115659,0.647648
0,0,0.3006,0.783222,0.544244
0,0,0.615059,-0.640732,0.459527
0,0,0.228917,-0.909601,0.346733
0,0,-0.618622,0.414933,0.667186
0,0,0.252804,-0.469065,0.846208
0,0,-0.0993464,0.544048,0.833152
0,0,0.52941,0.585787,0.61366
0,0,-0.47659,0.242785,0.844937
0,0,0.888642,-0.128831,0.440133
0,0,-0.071295,-0.694495,0.715957
0,0,-0.566883,0.464511,0.680348
0,0,0.900736,0.170977,0.3993
0,0,0.669408,-0.701195,0.245394
0,0,-0.142776,0.980622,0.134144
0,0,0.895588,-0.440972,0.0588752
0,0,0.888536,0.426182,0.169918
0,0,-0.189129,-0.957006,0.219932
0,0,-0.871543,0.253905,0.419458
0,0,-0.0100563,0.988847,0.148598
0,0,-0.398116,0.706235,0.585436
0,0,-0.771123,0.339156,0.538835
0,0,0.594907,-0.407198,0.693019
0,0,-0.249592,-0.13236,0.959263
0,0,-0.886842,0.206656,0.413284
0,0,-0.0682801,0.804373,0.590188
0,0,-0.446188,0.671828,0.591239
0,0,0.785584,-0.157055,0.598491
0,0,-0.0341339,0.989698,0.139043
9.42595,12.7659,0.341812,-0.0212531,0.939528
0,0,-0.185081,0.428915,0.884182
0,0,0.872556,-0.429972,0.231883
0,0,0.811367,-0.388724,0.436551
0,0,-0.865612,-0.411583,0.285159
13.0481,19.1662,0.0543178,0.316383,0.947075
0,0,-0.800059,0.442837,0.404723
0,0,0.847807,-0.477733,0.230205
0,0,-0.164674,-0.813271,0.558097
0,0,-0.390014,-0.713822,0.581676
0,0,0.634364,-0.573507,0.518336
0,0,-0.21312,0.741723,0.635946
0,0,-0.474628,0.531655,0.701478
0,0,0.172559,0.983075,0.0615321
0,0,0.264948,0.20115,0.943049
0,0,-0.647047,0.600412,0.469932
0,0,-0.435083,0.361183,0.824772
0,0,0.606349,-0.736073,0.300895
0,0,-0.384804,-0.845712,0.369726
0,0,0.694205,0.0395704,0.718689
0,0,0.547563,-0.749964,0.371118
0,0,0.22309,-0.804673,0.550212
0,0,-0.618874,0.695444,0.365174
0,0,-0.285622,-0.0255203,0.958002
0,0,0.764121,-0.50993,0.395084
0,0,-0.795365,0.513176,0.322559
0,0,-0.360152,0.424374,0.830781
0,0,0.357202,-0.900808,0.246882
0,0,-0.0459446,-0.825979,0.561825
0,0,-0.233023,0.961725,0.144174
0,0,0.590954,0.705153,0.391832
0,0,-0.398756,0.23377,0.886761
0,0,0.0270225,0.594315,0.803778
0,0,0.739243,0.36024,0.568988
0,0,-0.386528,0.123683,0.913947
0,0,0.270863,0.534803,0.800387
10.6068,13.6261,-0.578365,-0.652827,-0.489194
0,0,0.376191,-0.909534,0.176715
0,0,0.92774,-0.206407,0.310957
0,0,-0.76024,-0.647,0.0585291
0,0,-0.219965,-0.915903,0.335763
0,0,0.928063,0.316996,0.195483
0,0,0.368739,-0.903,0.220506
0,0,0.338641,0.938379,0.0690409
0,0,0.353575,-0.772334,0.527717
0,0,0.506618,0.754649,0.416944
0,0,-0.845496,-0.449199,0.288717
0,0,0.456496,0.37048,0.808923
0,0,0.0416096,-0.94938,0.311363
0,0,0.291034,0.347528,0.89136
0,0,-0.643619,-0.739145,0.198543
0,0,-0.751348,0.640756,0.157822
0,0,-0.673703,-0.00455991,0.738988
0,0,-0.931447,0.362623,0.0301885
0,0,-0.843199,0.508675,0.173969
0,0,0.588361,-0.251047,0.768639
0,0,-0.89897,-0.433953,0.0594759
22.6016,31.8085,-0.134611,0.983697,0.119247
0,0,0.981205,0.0145716,0.192418
0,0,-0.672471,0.704213,0.227743
0,0,0.761074,-0.406694,0.505338
0,0,-0.582582,0.790943,0.187105
0,0,-0.825498,-0.0855123,0.55789
0,0,-0.68546,-0.698755,0.20466
0,0,-0.888202,-0.45945,0.00150595
0,0,-0.946913,-0.319166,0.0385818
0,0,0.563804,-0.171,0.808013
0,0,-0.311246,0.355527,0.881321
0,0,0.897301,0.381231,0.222518
0,0,-0.253184,0.514201,0.819448
0,0,0.985134,-0.0336877,0.16845
0,0,0.188405,0.857625,0.478522
0,0,0.181765,0.977532,0.106733
0,0,-0.283969,-0.0983512,0.953776
0,0,-0.494406,-0.404894,0.76917
0,0,-0.838337,0.277156,0.469442
0,0,0.810575,-0.434203,0.392985
0,0,-0.0329925,0.42722,0.903546
0,0,-0.863327,-0.0318453,0.503639
0,0,-0.804668,0.223828,0.549918
0,0,0.724403,0.494378,0.480449
0,0,0.420112,-0.867364,0.266807
0,0,0.845173,-0.0212242,0.534071
0,0,-0.777303,-0.597361,0.19738
0,0,0.584857,0.406944,0.701668
0,0,0.615243,0.66539,0.422768
0,0,-0.242314,-0.654343,0.716324
0,0,0.650656,0.556329,0.516861
0,0,0.628937,0.255128,0.734403
24.3641,33.5629,0.6554,-0.665144,0.35782
0,0,0.75001,0.270965,0.603377
0,0,-0.00302741,0.48641,0.873726
0,0,-0.828352,0.480002,0.288845
0,0,0.0557459,0.0347466,0.99784
0,0,-0.114052,0.928552,0.353248
0,0,-0.562943,0.566321,0.601976
0,0,0.933388,-0.0857841,0.348464
0,0,-0.110178,0.632357,0.766802
0,0,0.481908,0.349446,0.803525
0,0,0.208604,-0.206412,0.95597
0,0,-0.736705,-0.657133,0.159507
0,0,-0.31719,-0.899487,0.300521
0,0,-0.774152,0.111108,0.623172
0,0,0.596356,0.421913,0.682898
0,0,0.661603,0.749823,0.00692177
0,0,0.141084,0.208418,0.967811
0,0,-0.823939,-0.406993,0.39431
0,0,0.939525,0.312969,0.139077
0,0,-0.514187,0.801457,0.305415
0,0,0.997445,0.0714098,0.00222582
0,0,0.324793,-0.568212,0.756072
0,0,0.846754,-0.310712,0.431817
0,0,0.60809,0.773035,0.180675
0,0,0.125321,0.538024,0.833561
0,0,-0.496041,0.484949,0.720255
0,0,0.111341,0.117229,0.986844
0,0,-0.468518,0.876784,0.108357
0,0,-0.142095,0.229764,0.962817
0,0,0.712739,0.223205,0.664968
0,0,0.202317,0.749838,0.62993
0,0,0.159009,0.401668,0.901875
0,0,0.849444,-0.515703,0.111779
0,0,0.887113,-0.154392,0.434963
0,0,0.978692,0.189875,0.0781622
0,0,0.762391,0.632426,0.1371
0,0,-0.0768581,0.994566,0.0702248
0,0,-0.624362,-0.740844,0.247634
0,0,-0.344493,0.652774,0.674693
0,0,0.140213,-0.468342,0.872351
13.8392,19.9604,0.223769,0.212632,-0.951165
0,0,-0.730269,-0.0551513,0.68093
0,0,0.251262,-0.890966,0.378216
0,0,0.566065,-0.820552,0.0791516
0,0,0.461486,0.454918,0.76163
0,0,0.227992,0.936512,0.266394
0,0,0.0363855,-0.784534,0.619017
0,0,-0.454685,-0.622264,0.63722
0,0,-0.435775,-0.828591,0.351479
0,0,0.524698,-0.31593,0.790494
0,0,0.030625,0.675369,0.736844
0,0,-0.544251,-0.832659,0.102323
0,0,0.828257,0.132472,0.544465
0,0,0.368854,-0.600905,0.709126
17.3761,26.3411,-0.0154173,0.0561355,-0.998304
0,0,-0.089417,-0.995373,0.0351657
0,0,0.892382,-0.448051,0.0538989
0,0,-0.435024,0.407825,0.802766
0,0,0.00732251,-0.3835,0.923512
0,0,0.868447,0.379544,0.318977
0,0,0.616393,-0.657836,0.432794
0,0,0.849546,0.508315,0.141026
0,0,-0.985902,0.160207,0.0482816
0,0,0.019865,0.833511,0.552146
0,0,0.305706,0.863639,0.400839
0,0,0.247839,-0.645173,0.722722
0,0,-0.23028,0.656396,0.718412
0,0,-0.566557,0.34925,0.74635
0,0,-0.0726137,-0.993103,0.0920548
0,0,-0.594309,-0.682795,0.424956
0,0,0.387098,-0.902925,0.186768
0,0,0.751754,0.496762,0.433697
0,0,0.635149,0.266148,0.725087
0,0,0.626609,0.741764,0.239054
0,0,0.834862,0.488219,0.25426
0,0,0.654005,0.744568,0.133776
0,0,0.130443,-0.471835,0.871984
0,0,0.962175,-0.0668888,0.264095
0,0,-0.136812,0.617922,0.774245
0,0,0.959325,0.269653,0.0835654
0,0,-0.608609,0.0596667,0.791224
0,0,0.548106,-0.543338,0.635895
0,0,0.563231,0.787244,0.251033
0,0,0.245193,0.48957,0.836781
0,0,-0.650844,-0.722752,0.232447
0,0,-0.856646,0.513938,0.0449968
0,0,0.173339,0.840224,0.513786
0,0,-0.61688,0.662331,0.425179
0,0,0.502055,-0.552009,0.665753
0,0,0.443941,-0.823623,0.352933
0,0,0.751735,0.553859,0.357958
0,0,0.0384723,-0.631206,0.77466
0,0,0.605329,-0.37025,0.704622
0,0,-0.616168,-0.68453,0.389558
0,0,-0.0184608,0.881073,0.47262
0,0,-0.357982,0.382501,0.851788
0,0,0.647874,-0.201826,0.734524
0,0,-0.121768,-0.956245,0.266023
0,0,-0.0149798,0.613864,0.78927
0,0,-0.683851,0.15731,0.712461
0,0,-0.358542,0.929758,0.0836481
0,0,0.935547,0.173565,0.307616
0,0,0.813728,-0.0592595,0.578217
0,0,0.109149,0.607553,0.786744
0,0,0.692017,0.16448,0.702893
0,0,-0.346317,0.931356,0.112435
0,0,-0.990529,-0.0602214,0.123396
0,0,-0.281571,-0.781934,0.556145
0,0,0.455171,0.0782458,0.886959
0,0,0.335114,-0.899894,0.279087
0,0,-0.620473,-0.126981,0.77388
0,0,0.11271,0.741705,0.661188
0,0,0.763347,-0.63408,0.123464
0,0,-0.826203,0.554869,0.0975106
0,0,0.462136,-0.834438,0.300241
0,0,-0.443905,0.886918,0.127769
0,0,0.563508,-0.201634,0.801126
14.1064,20.6555,0.00521024,0.26013,0.96556
0,0,-0.0527632,0.676134,0.734887
0,0,0.38996,-0.762566,0.516163
0,0,0.707708,-0.680843,0.188685
0,0,-0.176765,-0.884044,0.43269
0,0,-0.623012,-0.718286,0.309711
0,0,0.683975,-0.0463311,0.728033
0,0,0.920773,0.199689,0.335115
0,0,0.9151,-0.39383,0.0865404
0,0,-0.291744,-0.564598,0.772085
0,0,-0.67802,0.0217272,0.734723
0,0,0.952582,-0.131794,0.274259
16.5272,21.2817,-0.387394,0.551822,0.738524
0,0,-0.164464,-0.847473,0.504719
0,0,0.876315,0.21005,0.433532
0,0,-0.665522,-0.639648,0.384617
0,0,-0.560959,0.603431,0.566742
0,0,0.50339,0.188079,0.843341
9.81552,14.4991,-0.221226,0.372584,0.901244
0,0,-0.391964,0.595647,0.70112
0,0,-0.82097,-0.546162,0.166482
0,0,0.682537,-0.40869,0.6059
0,0,0.905767,0.415209,0.0847859
0,0,-0.340318,0.908414,0.242831
0,0,-0.562899,0.423016,0.710071
0,0,0.617693,0.015407,0.786269
0,0,0.2961,0.95035,0.0957059
0,0,0.947271,-0.13479,0.290705
20.1692,27.4204,-0.873711,-0.0837658,0.479178
0,0,0.541495,-0.405377,0.736514
0,0,-0.209406,0.737053,0.642575
0,0,0.513978,0.806434,0.292389
0,0,-0.985582,0.155429,0.0668574
0,0,0.548364,0.299346,0.780826
0,0,-0.256471,-0.538121,0.8029
0,0,-0.702748,0.0216956,0.711108
0,0,-0.639259,-0.661784,0.391649
0,0,-0.890829,-0.446212,0.0855433
0,0,-0.372015,0.529051,0.762699
0,0,0.620875,0.559498,0.549068
0,0,0.700953,0.712831,0.0231773
0,0,-0.901927,-0.00522751,0.431858
0,0,-0.996416,0.0845859,0.000406802
0,0,-0.75831,-0.501142,0.416921
0,0,-0.90851,-0.401981,0.114107
0,0,-0.330028,0.393064,0.858244
0,0,-0.2534,-0.310314,0.916239
0,0,0.74139,0.625039,0.24427
0,0,0.267091,0.96168,0.0619214
0,0,-0.8355,0.535164,0.124655
0,0,-0.253328,0.741807,0.620925
0,0,0.975103,0.0716971,0.209843
0,0,-0.05589,0.963828,0.260598
0,0,-0.342271,0.915555,0.211211
0,0,0.143603,0.983372,0.111162
0,0,-0.311827,-0.796116,0.518617
0,0,-0.692134,0.482658,0.536649
0,0,-0.833772,-0.173743,0.524059
0,0,-0.0470063,-0.130317,0.990358
0,0,-0.363396,-0.916004,0.169939
0,0,-0.0968583,0.990504,0.0975766
0,0,0.566923,-0.338205,0.751143
0,0,-0.545536,0.405246,0.733598
0,0,-0.227497,0.896358,0.380508
0,0,0.682247,0.72663,0.0809216
0,0,0.738614,-0.48579,0.467394
0,0,0.0585745,-0.00340986,0.998277
0,0,-0.60931,0.761898,0.219665
0,0,0.830091,0.476493,0.28966
0,0,0.560189,0.810566,0.170796
0,0,0.157328,0.33103,0.930412
0,0,-0.377887,-0.781222,0.496885
0,0,0.419765,-0.803618,0.421896
0,0,0.589892,0.242593,0.770179
0,0,-0.594918,0.743987,0.304229
0,0,-0.703396,0.062397,0.708054
0,0,0.625493,0.286351,0.725784
0,0,0.875035,0.154023,0.458902
0,0,0.512663,-0.325898,0.794334
0,0,-0.373973,0.441026,0.815868
0,0,-0.0266785,-0.983405,0.179454
0,0,0.30844,-0.630038,0.712683
0,0,0.596788,-0.682284,0.422294
0,0,0.168318,-0.421927,0.890868
0,0,-0.0114768,0.852727,0.522231
0,0,-0.659349,-0.713103,0.238209
0,0,-0.349927,0.618114,0.703908
0,0,0.790023,-0.61273,0.0206335
0,0,0.461556,0.175437,0.869591
0,0,-0.323965,0.0951202,0.941275
0,0,0.108865,0.819499,0.562645
0,0,-0.0199122,-0.631258,0.775317
0,0,0.298005,0.954501,0.0109921
0,0,-0.949337,-0.290598,0.11963
0,0,-0.779354,-0.522325,0.346099
0,0,0.851251,-0.0997528,0.51519
0,0,0.541486,0.0732939,0.837509
0,0,-0.0130836,-0.214563,0.976622
0,0,0.849692,-0.298598,0.434583
0,0,0.819626,-0.474034,0.32172
0,0,0.0917932,0.488531,0.867705
0,0,0.00795822,-0.963414,0.267901
0,0,-0.441111,-0.454619,0.773785
0,0,0.640557,0.738602,0.210127
0,0,-0.0256202,0.981572,0.189368
0,0,0.207213,0.441394,0.87306
0,0,-0.0315881,0.696338,0.717018
0,0,0.334236,0.737338,0.587043
0,0,0.661326,0.125612,0.739506
0,0,0.831582,-0.373518,0.411042
0,0,0.294727,0.566393,0.769633
0,0,-0.25466,-0.647689,0.718086
0,0,-0.675172,-0.363269,0.642011
0,0,0.582546,-0.791851,0.183336
0,0,0.973425,-0.200122,0.111332
0,0,0.98805,-0.0574087,0.143046
0,0,0.368455,0.914474,0.167269
0,0,0.710848,-0.105762,0.695348
0,0,0.0731401,0.800824,0.594418
0,0,-0.563337,-0.151837,0.812155
0,0,-0.00724005,0.584248,0.811543
0,0,0.16892,-0.0869182,0.98179
0,0,-0.371435,0.0318729,0.927912
0,0,-0.0259958,-0.891282,0.452704
0,0,-0.833373,0.511892,0.20846
0,0,0.755532,-0.283235,0.590719
0,0,0.613204,-0.513341,0.600385
0,0,0.277927,-0.605101,0.746063
0,0,-0.77425,0.618612,0.133629
0,0,-0.172929,-0.62542,0.760885
0,0,-0.414102,0.909398,0.038923
0,0,0.047216,-0.914671,0.401431
0,0,0.674287,0.677501,0.293817
0,0,-0.950168,-0.173277,0.259145
0,0,0.410935,-0.188172,0.892034
0,0,-0.223198,-0.364094,0.904222
0,0,0.965007,-0.173988,0.196188
0,0,0.826135,0.413775,0.382479
0,0,0.0344305,0.0140674,0.999308
0,0,-0.230971,0.759573,0.60803
0,0,0.638213,0.232211,0.734004
0,0,-0.644367,0.0468274,0.763281
0,0,0.153857,-0.800592,0.57912
0,0,-0.249114,0.726119,0.640854
0,0,0.0343506,-0.316676,0.947912
0,0,-0.651934,-0.226672,0.723604
0,0,0.667297,-0.598624,0.44313
0,0,-0.571724,-0.644903,0.50718
0,0,0.235768,0.947549,0.215785
0,0,-0.771579,0.51668,0.37109
0,0,-0.278194,-0.919938,0.276267
0,0,0.562223,0.820884,0.100277
0,0,0.354568,-0.471074,0.807695
3.90152,5.42327,-0.345794,0.848873,0.399801
0,0,-0.174527,0.281105,0.943674
0,0,0.373805,0.293481,0.879851
0,0,-0.865506,0.260617,0.427759
0,0,-0.503445,-0.670995,0.544343
0,0,0.95543,0.276466,0.103537
0,0,0.802714,-0.248642,0.542059
0,0,-0.0873337,-0.455471,0.885956
0,0,0.338888,0.872475,0.352055
0,0,0.529297,-0.155085,0.834142
0,0,-0.81951,-0.0582142,0.570101
0,0,0.801856,-0.333533,0.495765
0,0,0.657572,-0.753359,0.00697512
0,0,0.463008,0.825884,0.321775
0,0,0.85498,-0.494399,0.156776
0,0,-0.300646,-0.0354321,0.953077
0,0,-0.0876372,0.2987,0.950315
0,0,-0.866577,-0.48217,0.128672
0,0,0.250274,0.181837,0.950946
17.7385,24.6833,-0.197269,-0.0988605,0.975352
0,0,0.416204,0.900114,0.128725
0,0,0.232487,0.727155,0.645906
13.6783,18.059,-0.0978864,-0.799317,0.592883
0,0,-0.404925,0.210808,0.889717
0,0,-0.50423,0.840424,0.198595
0,0,0.562511,-0.662627,0.494476
19.751,29.2337,0.635828,0.769838,-0.0554264
0,0,0.897213,-0.409965,0.164124
0,0,0.533814,-0.126725,0.836052
0,0,-0.00366002,-0.976839,0.213946
0,0,0.119993,-0.629141,0.767973
0,0,-0.556637,-0.498441,0.664614
0,0,0.707197,0.690264,0.152995
0,0,0.661986,-0.179187,0.727782
0,0,0.419938,0.879971,0.222043
0,0,0.680582,0.64107,0.354735
0,0,-0.925119,0.228188,0.303456
0,0,-0.509638,0.745945,0.428759
0,0,0.862416,-0.21526,0.45815
0,0,0.983064,0.16391,0.0819655
16.8666,24.0446,0.219305,-0.524521,0.822669
24.2559,35.3524,-0.394225,-0.862917,0.316165
0,0,-0.373828,-0.614568,0.694664
0,0,-0.83108,-0.230712,0.506042
0,0,-0.891508,-0.440721,0.104776
0,0,0.532605,-0.258134,0.806039
0,0,0.0251716,-0.777937,0.627838
0,0,-0.714951,-0.674842,0.182846
0,0,0.151353,-0.327562,0.932628
0,0,0.783111,0.456928,0.421846
0,0,0.674594,0.514488,0.529362
0,0,-0.398989,0.893835,0.204612
0,0,0.78143,-0.364641,0.506364
0,0,-0.397025,-0.406632,0.822813
0,0,-0.154659,0.57088,0.806336
0,0,-0.916615,-0.283185,0.282177
0,0,-0.983869,0.100936,0.147697
0,0,0.711422,-0.274043,0.647131
0,0,-0.626365,0.156396,0.76368
0,0,0.399371,-0.446079,0.800947
0,0,-0.0144527,-0.0424744,0.998993
0,0,-0.530305,0.392837,0.751303
0,0,0.607562,-0.70664,0.362669
0,0,0.861241,-0.253902,0.440225
0,0,-0.830298,0.434549,0.348959
0,0,-0.699635,-0.127956,0.702949
6.39563,10.2449,-0.211164,0.441021,0.872302
0,0,0.413421,-0.909558,0.0422904
0,0,-0.941391,0.0139505,0.337027
0,0,-0.967771,0.0732275,0.240951
0,0,-0.787743,0.170327,0.591988
0,0,-0.239077,-0.577334,0.780723
0,0,-0.948195,-0.237146,0.211394
0,0,-0.755819,0.437978,0.486737
0,0,0.518177,-0.783853,0.342151
20.7218,28.9379,0.272727,-0.384792,0.881791
0,0,0.785624,-0.284143,0.549598
0,0,0.654364,0.392942,0.646068
0,0,0.687426,-0.52337,0.503516
0,0,0.444166,0.0323188,0.895362
0,0,-0.470419,0.608526,0.639064
0,0,0.379864,0.50476,0.775191
0,0,-0.884675,0.177804,0.430971
0,0,-0.393988,0.33812,0.854663
0,0,-0.487105,-0.0894854,0.868747
0,0,0.219918,-0.76646,0.603469
0,0,0.34519,0.0770806,0.935362
0,0,-0.638134,0.689427,0.342748
12.7132,18.8517,0.251534,0.39436,0.883862
0,0,0.875779,-0.264813,0.403591
0,0,0.450725,-0.888351,0.0876291
0,0,0.344563,-0.930983,0.120613
0,0,0.301398,-0.824096,0.47961
0,0,-0.825593,-0.497052,0.267086
0,0,0.760842,0.270399,0.589919
0,0,-0.825706,-0.487275,0.284206
0,0,-0.615749,-0.740815,0.268414
0,0,0.825826,-0.0199371,0.563572
0,0,0.995493,0.0117234,0.094105
0,0,0.85589,0.452479,0.250431
0,0,-0.36394,-0.931323,0.013625
0,0,0.592001,0.163992,0.789077
0,0,-0.0342166,-0.990878,0.130349
0,0,-0.422438,0.815019,0.396598
0,0,0.759416,0.335685,0.557317
0,0,0.308834,-0.925002,0.221343
0,0,-0.872576,-0.480644,0.0871333
0,0,-0.766354,-0.5792,0.277901
0,0,0.329516,0.345171,0.878792
0,0,-0.268685,0.955758,0.119729
0,0,0.840573,0.0227396,0.541221
0,0,-0.268992,-0.442276,0.855591
0,0,-0.855689,0.170813,0.488487
0,0,0.187744,0.364256,0.912178
0,0,0.528366,-0.0546292,0.847258
0,0,0.132354,-0.950483,0.281183
0,0,0.741601,0.670739,0.0116771
0,0,0.288549,-0.948459,0.131019
0,0,0.964343,-0.23868,0.114342
0,0,-0.450138,-0.0488132,0.891624
0,0,-0.246046,0.698489,0.671993
0,0,0.418595,-0.877599,0.233664
0,0,-0.346015,0.799389,0.491173
0,0,0.812603,-0.543999,0.209145
0,0,-0.29863,0.091546,0.949968
0,0,-0.401553,-0.907051,0.126545
13.7971,19.3459,0.0703031,0.940094,0.333587
0,0,0.78581,0.615291,0.0626125
0,0,0.372685,0.781019,0.501115
0,0,-0.00987519,0.960272,0.27889
0,0,-0.360908,0.0467662,0.931428
0,0,-0.642331,0.54127,0.542621
0,0,-0.340634,-0.693395,0.634959
0,0,0.405955,-0.559352,0.722721
0,0,-0.956205,0.0463137,0.28901
0,0,-0.564274,0.606431,0.560211
0,0,-0.857836,-0.152707,0.490711
0,0,-0.0399307,0.7863,0.616553
0,0,-0.862107,-0.0442147,0.504794
0,0,-0.95335,-0.00747226,0.301776
0,0,0.400128,-0.732647,0.550568
0,0,0.308841,0.800967,0.512903
0,0,-0.199587,-0.859399,0.470742
0,0,0.980105,-0.0345072,0.195456
0,0,-0.171077,0.83537,0.522388
0,0,0.437933,0.898999,0.00383388
0,0,0.623489,0.193719,0.757452
0,0,-0.395183,-0.651125,0.647971
0,0,0.381994,0.521759,0.76279
0,0,-0.370268,-0.883896,0.285709
0,0,0.477265,0.668144,0.570791
0,0,0.871913,-0.27682,0.403904
0,0,-0.196791,0.630482,0.750844
0,0,0.593477,-0.392128,0.702866
0,0,0.270664,-0.141191,0.952264
0,0,-0.896028,0.404677,0.182674
0,0,-0.379404,-0.757951,0.530624
0,0,0.735125,0.0393107,0.676791
0,0,-0.784821,0.316805,0.532625
0,0,0.00219609,0.991374,0.131044
0,0,-0.595887,0.381979,0.706407
0,0,0.255283,-0.850304,0.460232
0,0,0.382903,-0.706131,0.595621
0,0,-0.75749,-0.235383,0.608937
0,0,-0.177393,-0.980662,0.0826699
0,0,-0.609928,-0.473495,0.635445
0,0,-0.106785,0.399378,0.910546
0,0,0.311115,0.681409,0.662487
0,0,0.901332,0.418274,0.112461
0,0,-0.464496,0.545504,0.697617
0,0,-0.182245,-0.870825,0.456565
0,0,-0.879582,0.44709,0.162625
0,0,-0.619913,-0.765551,0.17216
0,0,0.317671,0.135798,0.938426
0,0,-0.0363034,-0.806602,0.589979
0,0,-0.0912444,0.728248,0.679213
0,0,0.590671,0.282818,0.755726
0,0,0.247643,0.964682,0.0897881
0,0,-0.578542,-0.445926,0.682963
0,0,0.152115,-0.474194,0.86718
0,0,0.846753,-0.0116656,0.531858
0,0,0.942172,-0.0150319,0.334793
0,0,-0.0190052,0.625238,0.780203
0,0,0.524245,0.53709,0.660834
0,0,0.922416,-0.284609,0.261048
0,0,0.562057,-0.125296,0.817553
0,0,-0.0203956,-0.572667,0.819534
0,0,-0.846741,0.396194,0.355049
0,0,-0.76386,0.549845,0.337917
0,0,-0.249258,0.862273,0.440858
0,0,0.444735,0.10581,0.88939
0,0,0.802367,-0.56788,0.183628
0,0,-0.193597,0.00981615,0.981032
0,0,0.825278,0.407431,0.391045
0,0,0.482516,-0.84406,0.233968
0,0,-0.0174342,-0.657099,0.753603
0,0,0.0625285,-0.914503,0.399717
0,0,0.46365,-0.535379,0.705973
0,0,-0.761894,-0.106607,0.638868
0,0,0.0274508,-0.51952,0.854017
0,0,0.75612,0.450964,0.474251
0,0,-0.297883,-0.85254,0.429467
0,0,0.668849,-0.325398,0.668399
0,0,0.51616,-0.677866,0.523524
0,0,-0.838677,-0.36335,0.405707
0,0,-0.0143878,0.484563,0.874638
0,0,0.849581,-0.522567,0.0716737
0,0,0.711615,-0.0352803,0.701683
0,0,-0.725816,-0.558134,0.402092
0,0,-0.364953,0.732541,0.574624
0,0,-0.873704,0.483748,0.051275
0,0,0.62725,-0.402611,0.66668
0,0,-0.838324,0.515223,0.178209
0,0,0.215758,0.669046,0.711214
0,0,0.45464,0.77179,0.444571
0,0,0.11026,-0.99352,0.0275916
0,0,-0.416398,-0.320563,0.850795
0,0,-0.766998,-0.630785,0.117576
0,0,0.529797,-0.436099,0.727415
0,0,0.762073,0.533723,0.366585
0,0,-0.722093,-0.124192,0.680557
0,0,-0.200623,-0.955357,0.216895
0,0,0.458228,0.663882,0.591006
0,0,-0.944119,-0.0868198,0.317964
0,0,-0.422196,-0.432786,0.796521
0,0,-0.393266,0.736927,0.5498
0,0,0.696495,0.256841,0.67002
0,0,0.758218,0.154898,0.633334
0,0,0.794144,0.607309,0.0226096
0,0,-0.69098,-0.104597,0.715266
0,0,-0.229044,0.864827,0.44678
0,0,-0.868445,0.491689,0.0635993
0,0,0.588634,-0.229112,0.775254
0,0,-0.524026,-0.441137,0.728556
0,0,-0.558296,-0.828124,0.0501655
0,0,-0.966635,-0.187784,0.174225
0,0,-0.160736,0.731512,0.662612
0,0,0.251808,-0.470728,0.845581
0,0,0.790978,-0.150337,0.593088
0,0,-0.736372,-0.58801,0.334664
0,0,-0.809935,0.452762,0.372843
0,0,0.527061,0.485591,0.69743
0,0,-0.989548,-0.0929133,0.110277
0,0,0.250196,0.755867,0.605035
0,0,0.14208,0.403471,0.903894
0,0,-0.659716,-0.0797767,0.747269
0,0,0.487302,0.864505,0.123159
0,0,-0.742074,0.630879,0.226537
0,0,-0.68793,0.378244,0.619422
9.27323,13.1031,-0.400933,0.0212632,0.91586
0,0,-0.622078,0.753616,0.212323
0,0,0.00788088,-0.67302,0.739582
0,0,-0.819743,-0.38801,0.421271
0,0,0.212531,-0.964073,0.159354
0,0,-0.608708,0.789724,0.0762236
0,0,0.592394,0.630154,0.501971
0,0,0.829002,0.557792,0.0403003
0,0,-0.895205,0.161408,0.415397
0,0,0.52037,-0.687349,0.506721
0,0,-0.507521,-0.485284,0.711984
0,0,-0.102189,-0.560375,0.821911
0,0,-0.0373548,0.965576,0.257425
0,0,0.234777,-0.945374,0.226158
0,0,-0.0574164,0.263396,0.962978
0,0,-0.761217,-0.391224,0.517196
0,0,-0.935742,0.276461,0.218987
0,0,-0.77488,0.358956,0.5203
0,0,-0.12961,0.912991,0.386844
0,0,-0.0441694,-0.743415,0.66737
0,0,-0.534795,-0.652064,0.537407
8.15835,10.79,-0.317251,0.00150914,0.94834
0,0,0.753949,-0.454339,0.474486
0,0,-0.190669,0.981577,0.0123442
0,0,-0.722255,0.686593,0.0832899
10.4842,15.0745,0.64622,-0.522676,0.556067
0,0,-0.499698,-0.790946,0.353138
0,0,0.265178,-0.934279,0.238335
0,0,0.882559,-0.370098,0.29003
0,0,0.0298322,0.428909,0.902855
10.8654,16.9699,-0.168318,-0.139183,0.975857
0,0,0.206358,0.338146,0.91819
0,0,0.566686,-0.687465,0.454158
0,0,-0.126191,0.34231,0.931074
0,0,-0.000337671,0.468902,0.88325
0,0,-0.28392,-0.827395,0.484569
0,0,0.494683,0.480362,0.724252
0,0,0.497999,0.577637,0.646786
0,0,-0.846119,-0.324994,0.422446
0,0,-0.31337,-0.587634,0.74598
0,0,-0.372542,0.870435,0.321801
0,0,0.668163,-0.306279,0.67805
0,0,-0.818198,-0.565006,0.106395
0,0,-0.780779,0.47738,0.403104
0,0,-0.0417794,-0.0922031,0.994863
0,0,0.546287,0.827671,0.128572
0,0,0.011868,-0.537725,0.843037
0,0,-0.828257,0.560348,0.00072937
0,0,-0.31173,0.538833,0.782613
0,0,-0.651702,0.385387,0.65327
0,0,-0.562766,-0.597149,0.571583
0,0,-0.902596,-0.27686,0.32965
0,0,0.869765,-0.39793,0.291822
0,0,-0.439082,0.341208,0.831134
0,0,-0.0849977,-0.962191,0.258774
0,0,0.327149,0.32138,0.888644
0,0,0.377518,0.100155,0.92057
0,0,0.567881,0.319497,0.758573
0.770083,0.81414,-0.164298,0.386735,0.907437
0,0,-0.449074,0.420185,0.788528
0,0,0.369604,0.879955,0.298448
0,0,-0.128172,0.530012,0.838248
0,0,0.475806,0.781905,0.402781
0,0,-0.123548,0.28534,0.95043
0,0,0.488889,0.791675,0.366387
0,0,-0.738774,0.157677,0.655249
0,0,-0.458503,0.883522,0.0957263
0,0,0.161935,-0.766682,0.62127
0,0,-0.848929,-0.259944,0.460161
0,0,-0.592193,0.739087,0.321025
0,0,0.805503,-0.50265,0.313861
0,0,-0.884194,-0.0594499,0.463321
0,0,0.65334,0.634908,0.412357
0,0,0.011794,-0.463129,0.886212
0,0,0.120803,0.813821,0.568421
0,0,0.355342,0.421613,0.834251
0,0,0.89788,-0.438121,0.0431512
0,0,-0.293896,-0.711196,0.638612
0,0,0.715817,0.698286,0.00137444
0,0,0.750847,-0.643531,0.148647
0,0,-0.654165,-0.282067,0.701788
0,0,-0.0394964,0.649898,0.758994
0,0,0.686873,-0.697342,0.204745
0,0,-0.839917,-0.165742,0.516788
0,0,-0.989429,-0.12873,0.0667684
0,0,-0.518228,0.590321,0.618838
0,0,0.998375,-0.0128208,0.0555298
0,0,-0.0313488,0.9932,0.11212
0,0,0.329865,-0.127778,0.935341
0,0,0.83699,0.0951106,0.53889
0,0,0.70286,0.223183,0.675408
0,0,-0.202358,0.780494,0.591507
0,0,0.852092,-0.155425,0.499782
0,0,0.465435,0.100352,0.879375
0,0,-0.101968,-0.488229,0.866738
0,0,0.268166,-0.91423,0.303761
0,0,0.764133,-0.15532,0.62608
0,0,-0.553011,0.235847,0.799097
0,0,0.581195,-0.198327,0.789227
0,0,0.462419,-0.0886212,0.882222
0,0,-0.971577,0.231679,0.0486179
10.7557,16.4261,0.471447,-0.357307,0.806269
0,0,0.0535992,0.481115,0.875017
0,0,-0.835942,-0.375302,0.400437
0,0,-0.0798723,-0.969765,0.2306
0,0,0.920773,0.135545,0.365794
0,0,-0.181156,0.898654,0.399503
0,0,-0.341512,-0.914722,0.215995
6.94194,9.95556,0.386358,0.232846,0.892474
0,0,-0.655254,-0.287698,0.698478
0,0,0.0907128,0.945868,0.311617
0,0,0.830911,-0.431348,0.351463
0,0,-0.451497,0.374126,0.81005
0,0,-0.229484,0.440908,0.867719
0,0,0.295008,0.68369,0.667487
0,0,-0.769832,0.421857,0.478952
0,0,0.165123,-0.964182,0.207574
0,0,0.632272,0.754043,0.17791
0,0,0.740535,0.158947,0.65295
0,0,-0.187919,0.809644,0.556024
24.233,34.1303,-0.301114,0.789636,0.534608
0,0,0.380582,-0.588747,0.713116
0,0,-0.934662,0.0593457,0.35055
0,0,0.982482,-0.0950111,0.160318
0,0,-0.130863,-0.990827,0.0337305
0,0,0.920742,0.24207,0.306001
0,0,-0.69399,-0.719446,0.0278453
18.6829,24.9346,0.788214,0.0675547,0.611682
0,0,0.191072,0.421693,0.886378
0,0,-0.568784,0.659472,0.491509
0,0,-0.82509,0.441487,0.352585
0,0,-0.958163,0.23886,0.157699
0,0,-0.878789,0.422699,0.221485
7.97483,10.5898,0.484897,-0.0979147,0.869073
0,0,0.040398,-0.961963,0.270175
0,0,-0.662101,-0.399213,0.634233
0,0,0.176102,-0.143093,0.973916
0,0,0.554457,0.672275,0.490534
0,0,0.883444,0.244865,0.399459
0,0,0.131988,-0.98148,0.138836
0,0,-0.564588,0.823225,0.0595019
0,0,-0.105447,0.607186,0.787532
0,0,0.182524,-0.412919,0.892291
0,0,-0.0984731,0.743456,0.661495
0,0,0.597173,0.798949,0.0711708
0,0,-0.320518,0.67886,0.660619
0,0,0.692741,-0.45768,0.557349
0,0,-0.134252,0.761505,0.634103
0,0,-0.594682,0.756733,0.271492
0,0,-0.635822,-0.755029,0.160192
0,0,0.140054,0.989658,0.0309995
0,0,0.0724668,-0.977945,0.195889
0,0,0.717621,0.0918338,0.690352
18.5896,26.9019,0.124738,0.101861,0.986947
0,0,0.285619,0.953052,0.100567
0,0,-0.222623,0.176543,0.958787
0,0,-0.584567,-0.540902,0.604737
0,0,0.748178,-0.290526,0.59651
0,0,0.358607,0.625487,0.692941
0,0,0.540299,0.479955,0.691174
0,0,-0.983499,-0.112947,0.141328
0,0,0.150916,-0.919777,0.362264
0,0,-0.145632,-0.987942,0.0525581
0,0,0.431963,-0.508567,0.744827
0,0,0.714627,-0.197965,0.670908
0,0,0.0888086,0.586768,0.80487
0,0,0.438264,-0.336607,0.833439
0,0,0.580656,0.721812,0.376599
0,0,0.589535,0.667191,0.455308
0,0,0.701421,-0.398537,0.590911
0,0,-0.421304,0.725383,0.544355
0,0,-0.643438,-0.738399,0.201879
0,0,0.125324,-0.758857,0.639085
0,0,0.883223,0.456654,0.106695
4.75051,6.32473,0.634644,0.059571,0.770505
0,0,-0.457158,-0.758094,0.465081
0,0,0.375231,0.795352,0.476043
0,0,0.314973,-0.939911,0.131757
0,0,0.427248,-0.285529,0.857865
0,0,-0.377734,-0.501138,0.778574
0,0,0.325911,0.646312,0.689973
0,0,0.696865,-0.622719,0.35581
0,0,-0.999816,-0.0191727,0.00111636
0,0,-0.826381,-0.103457,0.553526
0,0,-0.635795,-0.167566,0.75345
0,0,-0.172156,0.503978,0.846385
0,0,-0.557016,-0.00967416,0.830445
0,0,-0.781239,0.0254171,0.623714
0,0,0.59771,0.788621,0.14429
0,0,0.815595,0.573643,0.0757495
0,0,-0.367189,-0.836192,0.407376
0,0,-0.188102,-0.858732,0.476652
0,0,-0.100478,0.478321,0.872418
0,0,0.0370803,-0.346672,0.937253
0,0,0.0709099,0.919101,0.387588
0,0,-0.677377,0.521545,0.518798
0,0,-0.461187,-0.857062,0.229676
0,0,0.596354,-0.749218,0.288158
0,0,0.248251,-0.347189,0.90434
0,0,0.565301,0.236653,0.790209
0,0,-0.732485,0.432285,0.525923
0,0,-0.114415,0.955291,0.272633
0,0,-0.408314,0.610361,0.678778
0,0,0.375915,0.430954,0.820345
0,0,0.0445915,-0.960058,0.276226
0,0,0.390247,0.907141,0.15749
0,0,-0.426848,0.695438,0.578071
0,0,0.427205,-0.0708837,0.901372
0,0,-0.520676,-0.0282366,0.853287
0,0,0.122364,0.917104,0.379404
0,0,0.730486,-0.628671,0.266764
0,0,-0.475302,-0.296106,0.828498
0,0,-0.098204,0.690038,0.71708
0,0,-0.488142,-0.256879,0.834104
0,0,0.844906,-0.258319,0.468408
0,0,-0.300842,0.899094,0.317999
0,0,0.595572,-0.592772,0.54214
0,0,0.964888,0.000571846,0.262659
0,0,-0.973857,0.0417348,0.223297
16.9185,26.0211,-0.0368152,-0.21937,0.974947
0,0,-0.0749341,-0.966923,0.243812
0,0,0.601069,0.180062,0.778649
0,0,-0.489119,-0.846653,0.209622
0,0,-0.491906,-0.835279,0.245635
0,0,0.172568,0.212323,0.961842
0,0,-0.188671,0.882922,0.429944
0,0,0.90504,-0.17555,0.387409
0,0,0.472704,0.117657,0.873331
0,0,0.460221,0.547547,0.698848
0,0,0.88643,0.346673,0.306691
9.88145,14.7292,-0.0289617,-0.242531,0.969711
0,0,-0.467749,-0.731758,0.495724
0,0,0.347813,-0.0713149,0.934848
0,0,-0.941058,0.114409,0.318309
0,0,-0.311174,0.773096,0.552714
0,0,0.660043,0.750942,0.0207204
0,0,0.493694,0.101799,0.863657
0,0,-0.672963,0.716218,0.184806
0,0,0.317417,-0.919067,0.233586
0,0,0.886132,-0.205182,0.415536
0,0,-0.564304,-0.488465,0.665554
0,0,0.0454887,0.676412,0.735118
0,0,-0.788162,-0.606987,0.101824
0,0,0.81297,-0.090634,0.575209
0,0,0.892582,0.336956,0.299598
0,0,-0.0758486,-0.852957,0.516441
0,0,0.142192,0.808724,0.570742
0,0,0.648359,-0.561922,0.513686
0,0,-0.648625,-0.439585,0.62133
0,0,-0.0491001,0.889874,0.453556
0,0,0.0786649,0.797455,0.598228
0,0,0.323298,-0.799231,0.506664
0,0,0.0261262,0.858807,0.511633
0,0,0.0554958,0.8036,0.592576
1.69228,2.16548,-0.241095,0.00110189,0.970501
0,0,0.318252,-0.360194,0.876913
0,0,-0.569502,-0.727749,0.382164
0,0,-0.742835,-0.413515,0.526499
5.81194,8.44104,0.102142,0.0846538,0.991161
0,0,-0.126117,0.680291,0.72201
0,0,-0.102137,0.941317,0.321698
0,0,-0.282729,0.445596,0.849417
0,0,0.140557,0.2718,0.952034
0,0,0.752109,-0.362465,0.55041
0,0,0.515576,-0.601961,0.609774
0,0,-0.588539,-0.741843,0.321388
0,0,-0.0502975,-0.626142,0.778085
0,0,-0.577673,-0.234237,0.781938
0,0,-0.349461,0.476615,0.806669
0,0,-0.188556,0.922391,0.337107
0,0,-0.86251,0.431644,0.264121
0,0,-0.340313,0.77757,0.528746
0,0,0.146823,-0.983567,0.105066
0,0,-0.48044,-0.71612,0.50631
0,0,-0.908418,0.212226,0.360191
0,0,-0.909133,0.0579929,0.412448
0,0,0.0151931,-0.809143,0.587415
0,0,0.00964154,-0.899623,0.436562
0,0,-0.714159,0.100292,0.692761
0,0,0.553309,-0.771604,0.31381
0,0,-0.911171,-0.139436,0.387718
0,0,0.922052,-0.246611,0.298333
23.8471,33.7973,0.810987,-0.329521,0.483443
0,0,-0.267736,0.664073,0.698086
0,0,-0.840963,-0.019181,0.540752
0,0,0.369689,0.110395,0.922574
0,0,0.0383262,0.96013,0.276915
18.3592,28.0893,-0.587216,0.0924327,0.804135
0,0,-0.246601,-0.921834,0.299014
0,0,0.498928,0.144234,0.854557
0,0,0.393644,0.409378,0.823076
0,0,-0.739631,0.24122,0.628299
0,0,0.6751,0.665744,0.317844
0,0,-0.65759,0.610705,0.441152
0,0,0.333061,-0.923796,0.188869
17.6091,26.2159,-0.0961713,-0.0986565,0.990464
0,0,0.434936,0.899711,0.0367544
0,0,-0.373501,-0.637163,0.674182
0,0,-0.138878,-0.393392,0.908821
0,0,-0.741291,-0.159109,0.652052
0,0,-0.64611,-0.741925,0.179136
0,0,-0.83862,0.538674,0.0809103
0,0,-0.0690141,-0.57619,0.814397
0,0,-0.937307,-0.319922,0.138226
0,0,-0.959354,0.064569,0.27472
0,0,0.798462,-0.022434,0.601627
0,0,-0.854712,0.205433,0.476722
0,0,0.813389,-0.0920406,0.574393
0,0,0.933699,-0.184475,0.306878
0,0,-0.701743,0.707456,0.0840412
0,0,-0.298545,-0.686073,0.663456
0,0,0.214261,0.910907,0.352621
0,0,0.975096,0.21891,0.0355928
0,0,0.431073,0.784031,0.446622
21.6954,32.0673,-0.58626,-0.752499,0.300073
0,0,0.411046,0.903242,0.123269
0,0,0.0516875,0.44967,0.891698
0,0,0.575636,-0.356475,0.735913
0,0,0.310102,0.321349,0.894747
0,0,-0.132109,-0.979326,0.153189
0,0,0.868775,0.0739818,0.489649
0,0,-0.711037,-0.61148,0.347158
0,0,-0.338596,0.475097,0.812179
0,0,0.709322,-0.532574,0.461765
0,0,-0.772865,-0.630865,0.0684834
0,0,-0.590041,0.41933,0.689937
0,0,-0.898743,-0.00364299,0.438461
0,0,0.509716,0.49686,0.702367
0,0,-0.784754,-0.611945,0.0984114
0,0,-0.382687,0.0844176,0.920013
0,0,-0.843108,-0.0978651,0.528763
0,0,0.985621,0.098024,0.137632
0,0,0.901741,0.156971,0.402769
0,0,0.311207,-0.459542,0.831848
0,0,0.915552,-0.40207,0.0102233
0,0,-0.948348,-0.266958,0.171376
0,0,-0.899216,0.0586418,0.433556
0,0,-0.921735,0.232967,0.310051
0,0,0.97853,-0.146634,0.144837
0,0,0.485213,0.751778,0.446541
0,0,-0.460009,0.29011,0.839183
0,0,0.685815,-0.711341,0.153789
0,0,0.625103,0.0541607,0.778661
0,0,-0.509991,0.347902,0.786685
0,0,0.996494,-0.083654,0.00129356
0,0,-0.956039,0.216004,0.198321
0,0,0.682348,0.703195,0.199795
0,0,-0.0127149,-0.687837,0.725754
0,0,-0.596247,0.476005,0.646459
0,0,-0.969982,-0.239665,0.0411794
0,0,-0.394357,0.910115,0.127176
0,0,-0.804378,0.593561,0.0257209
0,0,0.519932,0.318066,0.792783
0,0,-0.880966,0.4638,0.0937487
20.2708,27.2563,-0.55915,0.4196,0.715043
0,0,0.170233,-0.647881,0.742476
0,0,0.740267,-0.56143,0.369866
0,0,-0.813361,-0.174696,0.55491
0,0,0.863972,0.200057,0.462093
0,0,0.0611223,0.924779,0.375563
0,0,-0.642209,0.766466,0.00990806
0,0,-0.965724,0.154705,0.208431
0,0,0.371173,0.340982,0.863691
0,0,-0.767762,-0.357772,0.531546
0,0,0.862522,0.440371,0.249257
0,0,0.48383,-0.130694,0.865349
0,0,-0.0802946,-0.94363,0.321115
0,0,-0.453986,0.408867,0.791659
0,0,0.583828,0.787376,0.197951
0,0,-0.351176,-0.936072,0.0210588
0,0,0.0800464,0.868465,0.489246
0,0,-0.472705,0.299505,0.828762
0,0,-0.290851,0.447274,0.845785
0,0,0.106158,0.965939,0.235993
0,0,-0.555808,0.239882,0.795949
0,0,-0.483712,-0.87233,0.0711557
0,0,-0.561864,0.817144,0.128779
0,0,0.430969,0.827241,0.360469
0,0,0.333051,0.868955,0.366051
0,0,0.592031,0.51298,0.621572
0,0,-0.550707,-0.813942,0.184989
0,0,-0.167502,-0.283768,0.94415
0,0,0.698666,0.575509,0.425037
0,0,-0.656782,-0.646469,0.388221
0,0,-0.11898,-0.992867,0.00769122
0,0,-0.312131,-0.360845,0.878843
0,0,-0.891363,-0.18431,0.414128
0,0,-0.571028,-0.800545,0.181811
0,0,-0.346093,-0.617349,0.70647
0,0,-0.00872,-0.978011,0.20837
0,0,0.403162,-0.391255,0.827273
20.2904,30.0299,-0.219961,-0.417718,0.881549
0,0,-0.578738,0.800475,0.155891
0,0,-0.778778,-0.577805,0.244225
0,0,-0.946815,0.0412472,0.319124
0,0,-0.489957,0.606306,0.626367
0,0,-0.112624,-0.0309435,0.993156
0,0,-0.621968,0.187675,0.76022
0,0,0.858865,-0.460889,0.223456
0,0,-0.934695,-0.313113,0.168243
0,0,-0.482269,-0.111123,0.868947
0,0,-0.336599,0.574476,0.746109
0,0,0.472455,0.836139,0.278673
0,0,-0.758036,0.219596,0.614133
0,0,-0.289788,0.945421,0.149004
0,0,0.637179,0.590809,0.494921
0,0,0.471566,-0.767071,0.435004
0,0,0.446202,0.0421354,0.89394
0,0,-0.658574,-0.228597,0.716954
0,0,0.218144,-0.693406,0.686732
0,0,0.237968,-0.361579,0.901461
0,0,0.573518,0.600789,0.556892
0,0,-0.799619,0.473383,0.369484
0,0,0.402576,-0.588782,0.700905
0,0,0.422314,0.0743116,0.903399
0,0,-0.218188,-0.408611,0.886246
0,0,0.0552247,-0.35619,0.93278
0,0,0.435205,0.152529,0.887317
0,0,-0.742138,0.00952078,0.67018
0,0,-0.447849,0.112111,0.887053
0,0,-0.408201,0.545849,0.731725
0,0,0.65329,0.211244,0.727041
0,0,0.312269,0.506417,0.80376
0,0,0.497358,-0.0757303,0.864234
0,0,-0.925079,-0.25687,0.279724
0,0,0.0883484,-0.365284,0.926694
0,0,0.54554,-0.497517,0.674435
0,0,-0.425707,-0.535445,0.729432
0,0,0.210602,-0.810327,0.546824
0,0,0.848579,-0.528449,0.0255925
0,0,0.0344125,0.994639,0.0975176
0,0,-0.825946,0.562095,0.0431587
0,0,-0.534106,0.060867,0.843223
12.5394,17.9356,0.309974,-0.0271703,0.950357
0,0,0.0641519,0.832684,0.55002
0,0,-0.830209,-0.525597,0.185743
0,0,0.56919,-0.550468,0.610743
0,0,-0.339723,-0.93908,0.0521312
0,0,0.736945,-0.673078,0.0622725
0,0,-0.416088,-0.896491,0.152235
0,0,0.40968,-0.540397,0.734937
0,0,-0.444515,0.662489,0.602923
0,0,-0.337385,-0.492683,0.802144
0,0,0.463515,-0.811203,0.356516
0,0,-0.669109,-0.331249,0.665257
0,0,-0.017754,0.977696,0.209275
0,0,-0.507962,0.773758,0.378515
0,0,-0.812085,0.550451,0.193702
0,0,0.0358633,-0.352441,0.935147
0,0,0.294707,-0.347063,0.890334
0,0,0.229479,-0.950011,0.211705
0,0,0.31031,0.936613,0.162676
0,0,0.556905,0.162791,0.814467
0,0,0.960092,0.12707,0.249152
0,0,0.726058,-0.644374,0.240045
0,0,-0.282304,-0.953212,0.108129
0,0,0.947026,-0.246221,0.206194
0,0,0.278449,0.386634,0.879193
0,0,0.411158,0.891792,0.188827
0,0,-0.160996,0.904531,0.394846
0,0,-0.385807,-0.149059,0.910458
0,0,0.309611,0.46906,0.827118
0,0,-0.771092,-0.1028,0.628371
0,0,0.206242,-0.82268,0.529775
0,0,-0.840306,-0.342118,0.420525
0,0,0.77206,0.509413,0.380029
0,0,-0.938691,-0.132568,0.318251
0,0,0.21759,-0.35456,0.909364
0,0,-0.562953,-0.826139,0.0240308
0,0,-0.383559,-0.0970735,0.9184
0,0,-0.655676,0.732759,0.182081
0,0,0.233382,-0.955506,0.18039
0,0,0.713575,0.693816,0.0971083
0,0,-0.813759,-0.323894,0.482585
0,0,-0.812,0.290379,0.506296
0,0,-0.165129,0.841789,0.513929
0,0,-0.859357,-0.219738,0.461758
0,0,-0.433683,-0.900116,0.0413601
0,0,-0.0306138,-0.0194531,0.999342
0,0,0.527131,0.849084,0.0344781
0,0,0.251355,0.722246,0.644346
0,0,-0.367409,0.560133,0.74247
0,0,-0.829457,-0.557172,0.0395104
0,0,0.860496,-0.182711,0.475567
0,0,0.466736,-0.608281,0.64199
0,0,0.349807,-0.931636,0.0984319
0,0,0.271915,-0.640761,0.717974
0,0,-0.660596,-0.74574,0.086516
0,0,0.490004,0.414641,0.766791
0,0,0.0455583,-0.850815,0.523486
0,0,-0.468745,0.624951,0.624271
0,0,0.270987,0.797881,0.538472
0,0,-0.87541,0.419073,0.240905
0,0,0.266611,-0.87764,0.398329
0,0,0.311264,-0.619712,0.720466
0,0,-0.526223,-0.57263,0.628637
0,0,-0.803174,0.565446,0.18757
0,0,-0.675949,-0.0832127,0.732235
0,0,0.564603,0.195356,0.80191
0,0,0.362893,0.778199,0.512557
0,0,0.0453452,0.568296,0.821573
0,0,-0.75821,0.0457707,0.650402
0,0,0.50445,0.0218763,0.863164
0,0,0.46454,-0.751395,0.468624
0,0,-0.606948,0.0189589,0.794515
0,0,0.40464,-0.343153,0.847651
0,0,-0.960048,-0.273372,0.0597952
0,0,-0.362928,0.931373,0.0287772
0,0,-0.510029,0.477982,0.715125
0,0,-0.971693,-0.226277,0.0679069
0,0,-0.694135,-0.656458,0.295365
0,0,-0.678084,0.102361,0.727821
0,0,-0.830476,-0.519116,0.202059
0,0,-0.285984,-0.551047,0.783939
0,0,-0.289208,0.648905,0.703762
0,0,-0.45904,-0.170161,0.871968
0,0,0.634989,0.709094,0.306555
13.5951,19.0276,0.311834,-0.370592,0.874883
0,0,-0.530705,0.269069,0.803712
0,0,0.251555,0.960881,0.115881
0,0,-0.157742,0.897056,0.412806
0,0,-0.803259,0.455731,0.383515
0,0,-0.619225,-0.0231261,0.784873
0,0,0.96603,0.15289,0.208354
23.4099,30.1878,0.26261,0.671844,0.692576
0,0,-0.752217,0.289858,0.591736
0,0,-0.531729,0.776983,0.336989
0,0,-0.722237,0.438484,0.534888
0.317644,0.383088,0.0673041,0.171715,0.982845
0,0,-0.272639,0.885722,0.375718
0,0,0.120046,-0.954709,0.272249
10.993,16.2582,-0.509438,-0.123356,0.85162
20.3635,27.8829,-0.950861,-0.0586713,0.304007
18.1807,26.3712,0.0675024,0.497109,0.865058
0,0,0.5299,-0.307474,0.790358
0,0,-0.458578,0.706941,0.538462
0,0,-0.334831,-0.917957,0.212703
0,0,-0.027906,-0.585012,0.810544
5.64188,9.30497,-0.930786,0.206701,0.301516
0,0,0.0512083,-0.736016,0.675024
0,0,-0.297251,-0.352466,0.887361
0,0,0.630687,0.7334,0.25369
0,0,0.0524678,-0.946595,0.318126
0,0,-0.375284,-0.906331,0.194232
0,0,-0.428875,-0.812833,0.394169
0,0,-0.472456,-0.715052,0.515253
0,0,0.429657,-0.167424,0.887335
0,0,0.429398,-0.872897,0.231666
0,0,0.0751879,-0.777771,0.624035
0,0,0.720486,0.565079,0.401977
23.1156,32.4324,0.431726,-0.099362,-0.896515
0,0,0.934661,-0.0416825,0.353088
0,0,-0.664291,0.637229,0.390713
0,0,-0.650302,0.753417,0.0973139
0,0,0.841959,0.539462,0.00924641
0,0,0.302145,-0.836832,0.45653
0,0,0.619183,0.750312,0.231612
0,0,-0.622079,-0.0234001,0.782604
0,0,0.985291,0.0858699,0.147746
0,0,0.544396,0.185971,0.817954
0,0,-0.53241,0.42572,0.731643
0,0,0.839848,-0.0788852,0.53706
0,0,0.034538,-0.998432,0.0440591
0,0,-0.379934,-0.869024,0.316935
0,0,0.152132,-0.2933,0.943838
0,0,-0.426824,0.379975,0.820634
0,0,0.0925202,-0.995709,0.00174568
0,0,-0.978997,-0.195307,0.0584885
0,0,-0.726834,-0.133055,0.673802
0,0,0.278178,0.823483,0.494462
0,0,-0.746114,0.566424,0.349968
0,0,-0.274251,-0.754646,0.596067
0,0,-0.0709641,0.972477,0.221929
0,0,-0.0660212,0.905152,0.419931
0,0,-0.413218,0.647223,0.640589
9.0047,12.5621,0.153511,-0.147587,0.977063
0,0,0.781848,-0.0723559,0.619256
0,0,0.754167,-0.447381,0.480711
0,0,0.316607,-0.137703,0.938508
0,0,0.143082,-0.877654,0.457441
0,0,-0.853335,0.506678,0.122872
0,0,0.0938072,-0.405243,0.909384
0,0,0.325294,-0.74449,0.583025
0,0,-0.275167,0.261767,0.925074
0,0,0.347718,0.399487,0.848235
0,0,-0.959096,0.0463049,0.279268
0,0,0.848471,-0.243747,0.46977
0,0,-0.711986,0.464267,0.526814
0,0,-0.690988,0.215232,0.690081
0,0,0.181798,-0.568956,0.802022
0,0,-0.661238,-0.746235,0.0767934
0,0,0.451452,0.0410093,0.891352
0,0,-0.713728,0.545919,0.438822
0,0,0.723564,-0.482214,0.493887
0,0,0.27504,-0.892085,0.358521
0,0,0.463067,-0.55825,0.688423
0,0,-0.0351319,0.275439,0.960676
0,0,0.466034,0.804608,0.367992
0,0,0.468439,-0.764984,0.442001
0,0,0.617947,0.243145,0.747678
0,0,-0.786509,-0.134769,0.602695
0,0,0.338263,0.69511,0.63435
0,0,-0.446599,-0.060668,0.892675
0,0,-0.0746144,0.860055,0.504716
0,0,-0.205277,0.860152,0.466904
0,0,-0.607845,0.343841,0.71575
0,0,0.605573,-0.234717,0.760388
0,0,-0.217202,0.879416,0.423615
0,0,-0.281715,0.947985,0.148191
0,0,-0.53331,0.214653,0.818233
0,0,0.92916,0.202883,0.30903
0,0,-0.721725,0.502802,0.475714
0,0,-0.153888,0.919603,0.361453
0,0,0.533573,-0.0828634,0.841685
0,0,-0.808036,-0.512379,0.290768
0,0,0.0425404,0.474674,0.879133
0,0,0.863144,-0.442543,0.243183
0,0,0.325176,0.776383,0.539898
0,0,0.834885,0.542018,0.0958273
0,0,0.444487,-0.72608,0.524633
0,0,0.576557,-0.168678,0.799456
0,0,-0.851575,-0.193338,0.487278
0,0,-0.360566,-0.843247,0.398656
0,0,-0.0481921,-0.178382,0.982781
0,0,0.290438,0.884926,0.364076
10.5383,15.5866,0.448243,-0.603639,0.659317
0,0,0.692484,0.703372,0.160415
0,0,-0.909375,-0.0776775,0.408661
0,0,-0.242333,0.606905,0.756929
0,0,-0.944105,0.138029,0.299354
0,0,-0.412981,-0.821321,0.393546
0,0,0.872152,-0.293283,0.391581
0,0,0.972338,-0.123627,0.19818
0,0,-0.843078,0.522295,0.128172
0,0,-0.833125,-0.552973,0.0111089
0,0,0.535083,0.588078,0.606507
0,0,0.514261,-0.021387,0.857367
0,0,-0.167771,0.956648,0.238069
0,0,-0.139655,0.954449,0.263674
0,0,0.978686,-0.203843,0.0249556
0,0,-0.493534,-0.362517,0.790573
0,0,0.396308,0.626599,0.671054
0,0,-0.956663,0.284963,0.0599402
0,0,-0.52209,0.779505,0.346113
0,0,-0.165658,-0.289494,0.942736
0,0,0.81461,0.01547,0.579803
0,0,-0.632514,-0.328019,0.701662
0,0,-0.409604,0.508954,0.757093
0,0,0.806165,-0.120582,0.579273
0,0,0.181696,0.0742436,0.980548
0,0,-0.962132,0.162888,0.218563
0,0,0.74841,0.183471,0.637355
0,0,0.542778,0.128111,0.830048
0,0,-0.52249,-0.828037,0.203372
0,0,0.167894,0.663738,0.728878
0,0,-0.802863,0.510331,0.308177
0,0,-0.228116,-0.142962,0.963081
15.1683,21.3543,0.98577,0.0207486,0.166812
0,0,-0.445302,0.237983,0.863175
0,0,-0.824067,0.551044,0.131395
0,0,0.652643,0.630557,0.420065
0,0,0.983038,0.137878,0.120936
0,0,0.835109,0.239417,0.495249
0,0,-0.406705,0.909913,0.0815425
0,0,-0.317937,-0.850782,0.418432
0,0,0.406445,-0.897501,0.171157
0,0,0.344065,0.82994,0.439112
0,0,-0.44589,-0.893823,0.0475588
0,0,-0.971576,0.232,0.0470865
0,0,0.647053,-0.71888,0.254035
0,0,-0.491339,-0.234865,0.838704
0,0,0.501818,0.0736338,0.861833
15.4014,18.3472,0.357524,-0.293816,0.886481
0,0,-0.810111,-0.155877,0.565175
0,0,-0.39505,0.707478,0.586012
0,0,0.00346155,0.402212,0.91554
0,0,0.871574,0.0611442,0.486436
0,0,-0.964876,0.262635,0.00616401
0,0,-0.109132,0.55857,0.822247
0,0,0.863867,-0.184583,0.468682
0,0,0.0603611,0.0146405,0.998069
0,0,0.0338831,0.851547,0.523183
0,0,0.43804,-0.0691587,0.896291
0,0,0.0388498,-0.891671,0.451013
0,0,-0.25514,0.754959,0.604103
0,0,0.145892,-0.868171,0.474336
0,0,0.085363,0.652861,0.752653
10.7865,14.5529,-0.820197,-0.569767,-0.0514095
0,0,-0.652959,-0.233318,0.720561
20.5047,27.9136,-0.0651292,0.320715,0.944934
0,0,0.377605,-0.840548,0.38845
0,0,0.894569,0.178386,0.409786
0,0,0.430636,-0.602393,0.672068
0,0,0.770039,0.577972,0.270164
0,0,-0.421598,0.2458,0.872833
0,0,-0.249639,-0.670366,0.698777
0,0,-0.767032,0.314085,0.559475
0,0,0.256386,0.292802,0.921159
0,0,-0.643946,0.76502,0.00888378
0,0,-0.654072,-0.182283,0.734141
20.1306,28.2454,-0.994484,-0.102421,0.0226179
0,0,0.0418625,-0.633692,0.772452
0,0,-0.000208686,-0.729998,0.68345
0,0,0.330935,0.663018,0.671483
0,0,0.0570254,0.998372,0.000694756
0,0,-0.750412,-0.205199,0.628312
0,0,-0.786897,0.170712,0.593001
0,0,-0.14292,0.989624,0.0147848
0,0,0.492909,0.43505,0.753507
0,0,0.308953,0.0409237,0.950196
0,0,-0.930427,-0.150658,0.334076
0,0,0.097613,-0.892587,0.440181
0,0,-0.296968,0.928801,0.221671
0,0,-0.572465,0.338894,0.746615
0,0,-0.831162,0.457391,0.316169
0,0,-0.470624,0.630582,0.617154
0,0,0.129839,-0.845566,0.517841
0,0,0.157119,-0.760393,0.630171
0,0,0.729745,0.141867,0.668839
0,0,-0.61953,-0.778062,0.103928
0,0,0.180034,0.724407,0.665449
0,0,0.706368,0.128813,0.696026
23.0204,32.8027,-0.04854,0.213106,0.975822
0,0,0.44003,0.375642,0.815638
0,0,-0.356146,-0.351616,0.865751
20.9813,31.1357,-0.747013,0.0521829,0.662759
0,0,-0.299607,-0.783397,0.544541
0,0,-0.643568,-0.765354,0.0072883
0,0,-0.321524,0.543666,0.775274
0,0,0.0898311,-0.829336,0.551481
0,0,0.663276,-0.166331,0.729657
0,0,0.0885389,-0.502972,0.859756
0,0,0.524102,0.0502208,0.850173
0,0,-0.44708,-0.519646,0.728071
0,0,0.619625,0.782445,0.0619991
0,0,0.938142,0.204997,0.279043
0,0,-0.456976,-0.433155,0.776884
0,0,0.227231,-0.936137,0.268354
0,0,0.588048,0.280814,0.758513
0,0,-0.78119,0.300992,0.546942
0,0,0.5471,-0.294471,0.783562
0,0,-0.480941,0.743597,0.464499
0,0,-0.256208,-0.956813,0.137353
0,0,-0.00412124,0.962912,0.269785
0,0,0.797521,-0.580152,0.16548
0,0,-0.263067,-0.871254,0.414382
0,0,0.674773,-0.499477,0.543327
0,0,-0.341787,0.293195,0.892871
0,0,0.659661,-0.751065,0.0273654
0,0,0.583583,0.137251,0.800371
0,0,-0.109463,-0.888984,0.444663
0,0,0.57554,-0.802908,0.155218
0,0,-0.63111,0.758305,0.163321
0,0,0.0194411,0.525856,0.850351
0,0,0.558161,0.750485,0.353876
0,0,-0.932115,-0.184302,0.311761
0,0,0.908506,-0.359361,0.213252
0,0,0.270313,0.944624,0.186056
0,0,0.408404,0.861693,0.301151
0,0,-0.144685,0.643299,0.75182
0,0,0.906016,-0.136327,0.400687
0,0,0.612617,-0.171408,0.77157
0,0,0.982914,-0.0274669,0.182006
0,0,-0.871614,-0.294933,0.39154
0,0,-0.640106,-0.342281,0.687829
0,0,0.0935628,-0.990151,0.10415
0,0,-0.681989,0.453063,0.57413
0,0,0.557959,-0.829779,0.0122179
0,0,0.321077,-0.765668,0.55737
0,0,0.213603,-0.933023,0.289556
0,0,-0.0529151,0.941053,0.334094
0,0,-0.0663797,-0.784175,0.616979
0,0,-0.963861,0.26442,0.0324657
0,0,-0.710028,-0.148402,0.688358
0,0,0.639423,-0.407196,0.652174
0,0,0.706301,-0.592457,0.387472
0,0,-0.200417,0.906594,0.371377
0,0,0.0331481,-0.398653,0.916503
0,0,0.423776,-0.152837,0.892779
15.9982,24.2855,0.154226,0.429891,0.889611
19.3145,25.9985,0.0308792,-0.243806,0.969332
0,0,0.784006,0.393435,0.480149
0,0,0.127215,0.639807,0.757934
0,0,-0.259643,-0.955911,0.137188
0,0,0.74197,-0.661386,0.109764
0,0,0.827901,0.244012,0.505013
0,0,-0.0154193,-0.951821,0.306266
0,0,-0.986966,0.157902,0.0310683
0,0,-0.474142,-0.874132,0.105274
0,0,-0.260742,-0.462003,0.847683
0,0,0.653588,-0.529659,0.540633
0,0,0.445423,-0.512585,0.734067
0,0,0.352957,0.935045,0.0333448
0,0,0.412763,-0.251735,0.875361
0,0,0.271993,0.803645,0.529315
0,0,-0.660787,0.266799,0.701554
0,0,0.627644,-0.624039,0.465444
0,0,0.132687,0.98982,0.0514923
0,0,-0.57673,0.750504,0.322686
0,0,0.0229718,0.972419,0.232105
0,0,0.629161,-0.7227,0.286114
0,0,-0.737151,0.202378,0.64471
0,0,-0.359412,-0.906874,0.220005
0,0,0.561923,0.441009,0.699824
0,0,-0.618314,0.744267,0.252495
0,0,-0.948027,-0.306534,0.0853355
0,0,-0.552576,0.174322,0.815029
0,0,0.742809,-0.553166,0.377149
0,0,-0.849447,0.462162,0.254647
0,0,0.0253224,0.376636,0.926015
0,0,0.602726,0.619924,0.502409
0,0,0.576467,0.615518,0.537423
0,0,0.387526,0.79336,0.469472
0,0,0.358703,-0.539485,0.761767
0,0,0.730009,-0.622386,0.282351
0,0,0.650995,-0.495279,0.575243
0,0,0.997992,-0.0623737,0.0110107
0,0,0.484764,-0.844542,0.227495
0,0,0.752764,0.281328,0.595148
0,0,-0.892475,0.0175942,0.450754
0,0,0.327507,0.851367,0.409772
0,0,-0.000380013,-0.843174,0.537641
0,0,-0.713276,-0.0599809,0.698312
0,0,-0.973746,-0.0222032,0.22655
0,0,0.112249,0.644857,0.756015
0,0,0.0151917,0.22137,0.975072
0,0,0.330328,0.914912,0.231991
24.113,31.8639,0.171388,0.000897102,-0.985203
0,0,-0.720467,0.194061,0.665784
0,0,-0.130524,0.937786,0.321746
0,0,0.607011,-0.794679,0.00478796
0,0,0.334424,-0.822636,0.459816
0,0,0.0333729,0.769443,0.637843
0,0,-0.982652,-0.0807174,0.166972
0,0,0.0738635,0.842491,0.533622
0,0,0.052536,0.833238,0.550413
0,0,0.812632,0.44486,0.376469
0,0,-0.810209,-0.133565,0.570721
0,0,-0.76075,0.594969,0.259368
0,0,0.825441,0.0960481,0.556257
0,0,-0.435926,-0.899771,0.019511
0,0,-0.951773,-0.15191,0.266555
0,0,-0.601637,0.439672,0.666874
0,0,-0.802367,-0.592957,0.067887
0,0,-0.676821,-0.38023,0.630348
0,0,0.0723421,-0.37863,0.922717
0,0,0.529022,-0.574895,0.624205
0,0,-0.702656,-0.356328,0.615878
0,0,0.048434,-0.804828,0.591529
0,0,-0.738359,0.321496,0.592846
0,0,0.661332,0.671867,0.333518
0,0,0.804094,0.47005,0.363987
0,0,-0.7024,-0.140347,0.697809
0,0,0.806409,-0.36332,0.466587
0,0,0.408896,0.274623,0.870279
0,0,0.0863012,-0.286626,0.954148
0,0,-0.185711,-0.981854,0.0383872
0,0,-0.126713,-0.591278,0.796451
0,0,-0.896578,0.321503,0.304604
0,0,0.93631,0.29616,0.188716
0,0,-0.831637,-0.548277,0.0881589
0,0,-0.388117,0.522658,0.759074
0,0,-0.386862,-0.577981,0.718523
0,0,-0.649825,0.672449,0.354317
0,0,-0.24333,-0.583663,0.774679
0,0,0.239453,0.496576,0.834311
0,0,0.594856,-0.646473,0.477722
0,0,0.689873,-0.659003,0.29965
0,0,-0.742518,-0.528964,0.410931
0,0,-0.839516,0.151527,0.521778
0,0,-0.843372,-0.0300862,0.536488
0,0,-0.939864,0.183784,0.287886
0,0,0.195503,0.942218,0.272036
0,0,0.881705,-0.450843,0.139055
0,0,0.203555,-0.336374,0.919466
0,0,0.396814,0.804729,0.44153
0,0,-0.657118,-0.598827,0.457823
0,0,-0.600013,-0.629938,0.493115
20.8548,27.4579,0.0884042,0.916421,0.39033
0,0,-0.39311,0.761152,0.515861
0,0,-0.998999,0.0133348,0.0427072
0,0,0.711975,0.507339,0.485488
0,0,-0.185865,0.906597,0.378862
0,0,-0.285536,0.89918,0.331578
0,0,-0.741732,0.253008,0.621145
10.5517,13.6988,0.177621,-0.378574,0.908368
0,0,0.214591,0.598704,0.771689
0,0,-0.304241,-0.185581,0.934343
0,0,-0.75682,-0.532938,0.378419
0,0,0.524637,0.567437,0.634643
0,0,-0.940537,-0.273755,0.201116
0,0,0.0258657,0.998772,0.0422539
0,0,0.785828,-0.292465,0.544921
0,0,0.0608712,-0.335479,0.940079
1.05615,1.71202,0.102455,0.404678,0.908702
0,0,-0.28094,0.419845,0.86302
0,0,0.429594,0.239504,0.870681
0,0,0.0573189,-0.651152,0.75678
0,0,0.581006,-0.132257,0.803082
0,0,-0.423915,0.870633,0.249589
0,0,-0.164448,0.870655,0.463591
0,0,0.489799,0.554879,0.672463
0,0,0.891701,-0.260431,0.370196
0,0,0.145208,0.734818,0.662538
0,0,0.550085,0.391843,0.737472
0,0,0.314407,0.939396,0.136687
0,0,0.775472,-0.198337,0.599422
0,0,-0.733283,-0.575293,0.3624
0,0,0.258867,0.935917,0.238846
0,0,0.530595,-0.221647,0.818133
0,0,-0.439962,-0.15538,0.884472
0,0,0.7162,0.554371,0.423947
0,0,-0.285164,0.519262,0.805635
0,0,0.0775327,-0.669358,0.738883
0,0,0.135522,-0.821139,0.554405
0,0,-0.471266,-0.866779,0.163103
0,0,0.434701,-0.673337,0.59804
0,0,0.321304,0.938747,0.124572
0,0,0.997114,-0.0483394,0.058547
0,0,0.996992,-0.0298258,0.0715378
6.72507,9.35255,0.0346915,-0.328471,0.943877
0,0,0.80287,-0.385033,0.455137
0,0,0.82408,-0.520217,0.224203
0,0,0.540257,0.125074,0.832153
0,0,0.994313,0.0263621,0.103185
0,0,0.507411,-0.133999,0.851222
0,0,0.793254,-0.270622,0.545446
0,0,-0.752984,0.293467,0.588976
0,0,0.989629,-0.10293,0.100201
0,0,-0.550997,-0.0643424,0.832023
0,0,-0.552428,-0.669378,0.496745
0,0,0.815328,-0.417754,0.400901
0,0,-0.944288,0.170789,0.281338
0,0,-0.0408937,-0.328681,0.943555
0,0,0.429865,-0.902878,0.00533686
0,0,-0.527221,0.434385,0.730307
0,0,0.579666,0.812721,0.0589193
0,0,0.0249729,0.665216,0.746233
0,0,-0.224111,-0.961816,0.157113
0,0,-0.429536,0.642501,0.63458
0,0,-0.726656,0.0966361,0.680171
0,0,-0.508241,-0.389899,0.7679
0,0,-0.0923307,-0.739088,0.667251
0,0,0.364699,0.408451,0.836757
0,0,0.451066,0.15446,0.879023
0,0,-0.404038,0.306596,0.86183
0,0,0.690656,0.398792,0.603291
0,0,0.0484849,-0.933531,0.355202
0,0,0.728601,-0.310624,0.610453
0,0,-0.315799,0.789056,0.526936
0,0,0.928919,0.124391,0.348764
0,0,0.910888,0.409868,0.0478582
0,0,-0.294497,-0.916734,0.269945
0,0,0.212857,-0.696078,0.685688
0,0,0.798998,-0.288182,0.527781
0,0,-0.722028,0.688853,0.064472
0,0,0.277461,-0.901791,0.331344
0,0,0.28636,0.213051,0.934134
0,0,0.423249,0.778853,0.46287
0,0,-0.0143886,0.881759,0.47148
0,0,-0.024799,0.903478,0.427916
0,0,0.57887,0.593797,0.558851
0,0,-0.674545,-0.476408,0.563936
0,0,0.699274,-0.67972,0.221352
0,0,-0.779175,0.391091,0.489832
0,0,0.774475,0.619593,0.127644
0,0,-0.543153,-0.199812,0.815512
0,0,-0.235934,-0.380554,0.894155
0,0,0.956038,0.171861,0.237604
0,0,0.562217,-0.338035,0.754748
0,0,0.794165,-0.0438547,0.606117
9.96521,14.527,-0.196497,-0.355078,0.913952
0,0,-0.208821,-0.742634,0.636308
0,0,-0.242928,0.65513,0.715396
0,0,0.179889,0.745042,0.642302
0,0,-0.134996,-0.671299,0.728789
0,0,-0.39702,0.277373,0.874894
0,0,0.922261,-0.295277,0.249493
0,0,0.820251,0.521706,0.234545
0,0,0.430198,-0.239881,0.87028
0,0,-0.782666,-0.549542,0.292297
0,0,-0.718505,0.576106,0.389683
0,0,-0.988448,-0.011818,0.151098
0,0,-0.628513,0.739074,0.242363
0,0,-0.216079,0.603014,0.767909
0,0,-0.101698,0.132127,0.986002
0,0,-0.108613,-0.939006,0.326299
0,0,0.274043,-0.296327,0.914927
0,0,0.453041,0.401168,0.796127
0,0,-0.136945,-0.980987,0.137519
0,0,0.738218,0.602635,0.303093
0,0,-0.980583,-0.100769,0.168235
0,0,0.998047,-0.00489119,0.0622702
0,0,0.837748,0.0197963,0.545698
0,0,0.47419,0.095369,0.875242
0,0,-0.00699325,0.875926,0.482394
0,0,0.249097,-0.666073,0.703063
0,0,0.261531,-0.407124,0.875129
0,0,0.884116,-0.46528,0.043062
0,0,-0.632591,0.229509,0.739698
0,0,0.635073,0.562463,0.52945
0,0,-0.793444,-0.27733,0.541788
0,0,-0.262751,0.957092,0.122219
0,0,0.941073,-0.233745,0.244427
0,0,0.458621,-0.369551,0.808146
0,0,-0.58733,0.658175,0.471009
0,0,-0.826959,0.188163,0.529843
0,0,0.852124,0.453364,0.26143
0,0,0.43061,-0.901569,0.0418185
0,0,0.0440201,0.435286,0.899215
20.0058,28.6978,-0.148899,0.173419,0.973527
0,0,0.211175,-0.673101,0.708759
0,0,0.0803308,0.960692,0.265739
0,0,-0.863486,-0.0573691,0.5011
0,0,0.680666,-0.221485,0.698311
0,0,0.64883,-0.603125,0.46396
0,0,0.0597526,-0.274018,0.959867
0,0,-0.832076,0.407542,0.376243
0,0,0.352643,-0.276799,0.893882
0,0,0.819151,0.056699,0.570769
0,0,0.214422,-0.81046,0.54514
0,0,-0.358314,-0.88537,0.296195
0,0,0.8967,-0.111284,0.428421
0,0,-0.95711,0.0566361,0.284137
0,0,-0.33723,-0.247558,0.90829
0,0,-0.467228,0.357757,0.808522
0,0,-0.265703,0.801511,0.535708
0,0,-0.870701,-0.0622409,0.487858
0,0,-0.978315,-0.170028,0.11828
0,0,0.219051,0.855236,0.469669
0,0,-0.811456,0.318834,0.489779
0,0,-0.423837,-0.0380214,0.90494
0,0,0.182601,0.869932,0.458122
0,0,-0.56071,0.000246454,0.828012
0,0,-0.31931,0.499062,0.805592
0,0,-0.776819,-0.507895,0.372285
0,0,-0.856786,-0.515448,0.0151897
0,0,-0.331044,0.213318,0.919187
0,0,0.500668,0.0492549,0.864237
0,0,-0.127102,-0.948169,0.29124
0,0,0.0838348,0.384229,0.919424
0,0,0.377456,0.19535,0.905188
0,0,-0.414598,0.33891,0.84454
0,0,0.524856,-0.846447,0.0897451
0,0,-0.145437,0.986181,0.0793452
19.0638,24.9866,0.227253,-0.210424,0.95083
0,0,0.0745487,-0.393131,0.916455
0,0,-0.883442,0.0682007,0.46355
0,0,-0.390375,0.863035,0.32059
0,0,0.53111,0.846449,0.0380256
0,0,0.216727,0.691232,0.689367
0,0,-0.203742,0.507001,0.837519
0,0,0.436327,-0.413719,0.799034
0,0,0.745848,-0.255748,0.615064
0,0,-0.961659,0.0458774,0.270385
0,0,0.209727,0.977116,0.0354843
0,0,-0.230118,-0.272394,0.934263
0,0,0.247641,0.630717,0.735439
0,0,-0.179337,0.668387,0.721871
0,0,-0.253796,-0.838902,0.481488
0,0,0.582554,-0.0674308,0.80999
0,0,0.81498,0.114559,0.568053
0,0,-0.639657,0.483921,0.59721
0,0,0.957638,0.000979957,0.287974
0,0,0.34755,0.420745,0.837963
0,0,-0.785073,-0.118186,0.608023
0,0,-0.597236,-0.568398,0.565891
0,0,-0.992216,0.0788897,0.0963541
0,0,-0.673097,-0.437711,0.596112
0,0,-0.958433,0.278128,0.0636511
0,0,0.0864726,0.860654,0.501794
0,0,0.869302,-0.426784,0.249339
0,0,0.0927193,-0.849997,0.518563
0,0,-0.383783,0.765696,0.516159
0,0,0.954967,-0.247222,0.164069
0,0,-0.999354,-0.0357746,0.00353761
0,0,0.979976,0.19738,0.0262178
0,0,-0.733657,-0.510236,0.448784
0,0,0.697001,-0.376823,0.610077
0,0,-0.624346,0.746664,0.229533
0,0,0.828974,0.405103,0.385608
0,0,0.996659,0.0316328,0.0753026
0,0,0.841954,-0.352663,0.40834
0,0,-0.969881,-0.231616,0.0754022
0,0,-0.975884,-0.10982,0.188655
0,0,-0.0239274,0.87609,0.481554
0,0,0.768568,0.599093,0.224481
0,0,-0.691968,-0.33351,0.640275
0,0,0.853329,-0.521286,0.00954552
0,0,-0.252171,0.722036,0.644262
0,0,-0.112045,-0.907806,0.404146
0,0,0.40533,-0.652036,0.640747
0,0,0.863769,0.420411,0.277771
0,0,0.500899,0.374203,0.780431
0,0,-0.885591,-0.460753,0.0586127
0,0,0.35806,-0.780352,0.512684
0,0,-0.089655,0.984289,0.152108
0,0,0.327692,-0.926468,0.185134
0,0,0.310251,-0.69797,0.645432
0,0,0.729542,-0.662487,0.169936
0,0,-0.0144537,0.797527,0.60311
0,0,0.297192,-0.11492,0.947877
0,0,0.568283,-0.606289,0.556299
0,0,0.589056,0.558306,0.584215
0,0,0.326342,-0.12967,0.936315
0,0,0.529458,0.635669,0.561782
0,0,-0.982466,0.140851,0.122153
0,0,-0.270417,-0.131574,0.95371
0,0,0.736888,-0.669993,0.0900275
0,0,-0.0762972,-0.243295,0.966947
0,0,-0.740909,-0.535279,0.405622
0,0,-0.288514,-0.914538,0.283512
0,0,0.847975,0.272694,0.454507
0,0,0.176674,0.972812,0.149742
0,0,0.725235,0.664491,0.180242
0,0,-0.770245,0.401574,0.495441
0,0,0.816071,0.188932,0.546198
0,0,-0.901069,-0.348766,0.257753
0,0,-0.352846,0.89144,0.284314
0,0,0.570853,-0.576684,0.584433
0,0,0.539182,-0.757296,0.368491
0,0,-0.273686,0.487809,0.828938
0,0,0.412656,0.566409,0.713369
0,0,-0.461891,0.875434,0.142379
0,0,0.0790041,-0.723477,0.685813
0,0,0.761032,0.637761,0.118704
0,0,-0.145221,0.504888,0.850881
0,0,0.899958,-0.370992,0.228999
0,0,-0.834916,-0.549405,0.0326924
0,0,0.483133,0.219462,0.847596
0,0,-0.271023,-0.722157,0.636425
0,0,-0.807257,-0.220046,0.547646
0,0,0.863964,-0.147896,0.481345
0,0,0.675778,-0.719044,0.162172
0,0,-0.0749379,0.800143,0.595109
0,0,0.560986,-0.796588,0.225261
0,0,-0.5627,0.0496305,0.82517
0,0,-0.464826,0.864281,0.192236
0,0,0.11493,-0.447515,0.886861
0,0,-0.922045,0.259702,0.287032
0,0,-0.707536,-0.295807,0.641788
0,0,-0.0739551,-0.812462,0.578305
0,0,-0.671677,0.681053,0.291578
0,0,-0.839572,-0.138552,0.525283
0,0,0.131019,-0.918326,0.373513
0,0,-0.123374,-0.725872,0.676675
0,0,0.464046,0.885622,0.0183047
0,0,0.984093,0.136105,0.114181
0,0,0.815178,0.492257,0.305234
0,0,0.0536662,-0.981999,0.181101
0,0,-0.296314,-0.95442,0.0357718
0,0,-0.873299,0.426764,0.23499
0,0,-0.427861,0.198998,0.881666
0,0,0.494582,0.625763,0.603165
0,0,0.66723,-0.414018,0.619187
0,0,-0.884325,-0.190566,0.426208
0,0,-0.226644,0.801863,0.552854
0,0,0.326279,-0.584885,0.742598
0,0,-0.756187,0.441017,0.483409
0,0,0.661258,0.687907,0.299202
0,0,-0.250759,0.608674,0.752752
0,0,0.810457,0.447992,0.377442
0,0,-0.933661,0.281916,0.220907
0,0,-0.804197,-0.319407,0.501245
0,0,-0.371201,-0.865245,0.336988
0,0,0.698408,-0.713005,0.0620483
0,0,-0.435672,-0.89397,0.104913
0,0,-0.177999,-0.983078,0.0432861
0,0,-0.785682,-0.249988,0.565871
0,0,0.598956,0.615989,0.511673
0,0,0.2833,0.426875,0.858789
0,0,-0.426073,-0.712318,0.557732
0,0,-0.516301,0.465267,0.718999
0,0,-0.204371,0.691443,0.692921
0,0,-0.586574,0.40143,0.703409
22.7672,34.8664,-0.00697783,0.174932,0.984556
0,0,-0.237028,-0.64533,0.7262
0,0,-0.586055,0.61328,0.529553
0,0,-0.0893393,-0.893354,0.440382
0,0,-0.828203,0.208969,0.520012
0,0,-0.0141244,0.489591,0.871838
0,0,0.467489,-0.344155,0.814255
0,0,0.0862361,0.967563,0.237455
0,0,-0.251788,-0.761766,0.596921
0,0,-0.860939,-0.447405,0.242103
0,0,0.99283,0.0830731,0.0859549
0,0,-0.0387831,0.444286,0.895045
0,0,-0.351219,0.704536,0.616664
0,0,0.0996024,0.573915,0.812835
0,0,0.539807,0.832999,0.121327
0,0,-0.516899,-0.700666,0.491815
0,0,-0.380566,0.106513,0.918599
0,0,-0.397898,-0.0718051,0.914615
0,0,-0.841523,0.360823,0.402052
0,0,-0.187856,0.917818,0.349744
0,0,0.786793,-0.59476,0.164979
0,0,-0.9764,-0.15582,0.149545
0,0,-0.686851,0.328437,0.648356
0,0,-0.684072,0.729213,0.0171137
0,0,-0.34118,0.874933,0.34364
0,0,0.961398,-0.251564,0.111488
0,0,-0.324299,0.747749,0.579397
0,0,-0.563403,-0.70743,0.426756
0,0,0.746217,0.415925,0.519776
0,0,0.27104,0.955718,0.114629
21.8843,31.4802,0.101475,-0.281084,0.954303
0,0,-0.896121,-0.179121,0.406057
0,0,-0.438337,0.868225,0.232478
0,0,0.100848,0.532765,0.840233
0,0,0.542909,0.0877763,0.835192
0,0,0.459022,0.814383,0.355076
0,0,0.459393,0.62593,0.630214
0,0,-0.385029,0.343206,0.856716
0,0,0.478565,0.221325,0.849701
0,0,-0.741631,-0.253725,0.620973
0,0,0.527398,-0.836044,0.151265
0,0,0.241039,0.416047,0.876815
0,0,0.327446,-0.508117,0.796615
0,0,-0.283647,-0.467795,0.837086
0,0,-0.997179,-0.0726452,0.0189062
0,0,0.674319,0.297643,0.675798
13.6244,20.2826,0.278064,-0.202218,0.939036
0,0,0.852199,-0.219543,0.474929
0,0,-0.553969,0.554628,0.620891
0,0,0.605175,0.545394,0.579922
0,0,-0.403108,0.912909,0.0640407
0,0,0.508281,-0.856353,0.0911598
0,0,0.459483,0.497993,0.735444
0,0,-0.379787,0.845956,0.374327
0,0,0.501533,0.360269,0.786556
0,0,-0.500176,0.665405,0.55413
17.5291,27.0333,0.14687,0.00314104,0.989151
0,0,-0.403282,-0.281963,0.870552
0,0,0.727297,0.0658883,0.683153
0,0,0.975076,-0.146426,0.166693
0,0,-0.723721,0.50133,0.474232
0,0,-0.27958,-0.635945,0.719312
0,0,0.441003,0.750403,0.492354
0,0,0.859969,-0.147032,0.488708
21.913,32.1185,-0.432266,0.520354,0.736463
0,0,-0.704919,-0.0647969,0.706321
0,0,-0.150426,0.696363,0.701749
0,0,-0.934861,-0.177865,0.307245
0,0,-0.562076,0.655997,0.503725
0,0,0.249102,-0.775633,0.579949
0,0,0.748433,-0.168751,0.641383
0,0,-0.134763,-0.481136,0.866226
0,0,-0.240832,0.488733,0.838535
0,0,-0.513331,-0.667467,0.539425
0,0,0.839122,-0.363273,0.404853
0,0,-0.215437,-0.473949,0.853791
0,0,-0.54632,-0.219776,0.808228
0,0,0.0687893,-0.996631,0.0446516
0,0,0.835448,0.366836,0.409215
0,0,-0.61161,-0.662083,0.433104
0,0,0.731168,-0.665561,0.149739
0,0,0.933846,-0.303374,0.18946
0,0,0.015781,0.834325,0.551047
0,0,-0.733932,-0.0747772,0.675094
0,0,-0.121689,0.927766,0.352764
0,0,0.923387,-0.351838,0.153511
0,0,-0.981846,0.178032,0.0654457
0,0,-0.93973,-0.198363,0.278496
0,0,-0.747625,-0.377194,0.546609
0,0,-0.409577,-0.9064,0.103373
0,0,-0.670961,-0.706137,0.226235
0,0,-0.912415,-0.018472,0.408848
9.23581,12.9503,-0.0387655,-0.259698,0.964911
0,0,0.816381,0.567998,0.104406
0,0,0.43617,0.849382,0.297163
0,0,0.593498,-0.743804,0.307435
0,0,0.634665,0.772635,0.0153478
0,0,0.438642,0.621868,0.648747
0,0,-0.654929,-0.0781312,0.751641
0,0,0.492094,-0.249045,0.834158
0,0,0.60527,0.638827,0.474919
2.25785,3.65394,-0.0648745,0.393082,0.917212
0,0,-0.796952,0.36091,0.484368
0,0,-0.501143,0.695915,0.514353
0,0,0.731957,0.656779,0.181331
0,0,-0.609616,-0.670888,0.422229
0,0,0.210037,-0.557961,0.802847
0,0,-0.274554,-0.842242,0.463948
0,0,0.0869113,0.995197,0.0450411
0,0,-0.447612,0.72805,0.519218
0,0,0.869393,0.166157,0.465347
0,0,-0.246043,0.541541,0.803863
0,0,-0.804988,-0.538222,0.249622
0,0,0.645962,-0.140612,0.750307
13.1702,16.5671,-0.165485,-0.281915,0.94506
0,0,-0.1766,0.98426,0.00668453
0,0,-0.617155,-0.755514,0.219814
0,0,0.752835,-0.657587,0.0286327
0,0,0.790543,0.581278,0.192762
0,0,-0.744219,0.543583,0.388145
0,0,-0.105269,-0.75191,0.650808
0,0,0.768545,0.440469,0.464032
0,0,-0.0335437,-0.910515,0.412112
0,0,-0.28267,-0.936519,0.207437
0,0,0.28674,0.276756,0.917162
0,0,0.0755342,-0.99438,0.0741814
0,0,-0.774347,0.407655,0.483945
0,0,-0.778364,0.155793,0.608176
0,0,0.731095,-0.518593,0.443352
0,0,0.550962,0.679908,0.483906
0,0,0.441434,-0.57023,0.692801
0,0,-0.0230179,0.979457,0.200337
0,0,0.321315,-0.500541,0.803875
0,0,-0.0474449,0.998862,0.00486629
0,0,-0.497915,0.76506,0.408367
0,0,0.419148,-0.904565,0.0779608
0,0,-0.673797,-0.643119,0.363862
0,0,0.591335,0.762377,0.262877
0,0,0.0219023,0.89915,0.437092
0,0,-0.716689,0.634439,0.289558
0,0,-0.96293,-0.0150123,0.269333
0,0,-0.42424,0.42382,0.800248
0,0,-0.992057,-0.0110287,0.125302
0,0,-0.800791,0.169722,0.574394
0,0,-0.281405,-0.72704,0.626277
0,0,-0.0693042,0.464808,0.882695
0,0,-0.054381,0.752651,0.65617
0,0,0.388472,-0.823689,0.413068
0,0,-0.191851,-0.840557,0.506614
0,0,0.904259,-0.170595,0.391425
0,0,0.0743413,-0.529714,0.844912
0,0,0.362224,0.833382,0.417455
0,0,0.62828,-0.684595,0.369586
0,0,0.923656,-0.197398,0.328472
0,0,-0.458195,-0.887011,0.0571815
0,0,-0.0562812,0.962548,0.265204
0,0,-0.117269,0.363856,0.924044
0,0,0.553464,0.231554,0.800038
0,0,0.162443,0.743373,0.648852
0,0,0.294389,-0.538125,0.789783
4.19839,6.28375,0.460175,0.220269,0.86007
0,0,0.932237,-0.361535,0.0150692
0,0,0.546682,-0.832323,0.0915293
0,0,0.540785,-0.780511,0.313615
0,0,-0.167276,0.544787,0.821721
0,0,0.694687,0.427235,0.578689
0,0,0.16067,-0.959457,0.231576
0,0,0.956127,0.0146717,0.292584
0,0,-0.419708,-0.457346,0.784015
0,0,-0.752894,0.642297,0.143542
0,0,0.354255,0.78705,0.50503
0,0,-0.246591,-0.410096,0.878074
0,0,-0.369525,0.608037,0.702668
0,0,0.372325,0.916575,0.145825
0,0,0.481332,-0.121401,0.86809
0,0,0.585173,-0.60279,0.542418
0,0,-0.501472,-0.827124,0.253755
0,0,-0.529902,0.733511,0.425636
0,0,-0.483747,-0.857479,0.175268
0,0,0.797494,-0.0676524,0.599522
0,0,0.229394,0.513502,0.826858
0,0,-0.873601,-0.145869,0.464266
9.5772,13.541,-0.134295,-0.156978,0.978429
0,0,0.24959,0.742682,0.621392
0,0,-0.2535,-0.709195,0.657861
0,0,0.407615,-0.820706,0.400364
0,0,0.0196872,-0.729924,0.683245
0,0,0.630847,0.324541,0.704773
0,0,0.533793,-0.424602,0.731285
0,0,-0.374433,0.32857,0.867088
20.3031,28.9212,-0.0807885,-0.421197,0.903364
0,0,0.878707,-0.452654,0.151588
0,0,0.817874,-0.419162,0.39419
0,0,0.379987,-0.922158,0.0723453
0,0,-0.808072,0.309226,0.501397
0,0,0.914283,-0.24658,0.321381
0,0,-0.484293,0.767632,0.419762
0,0,-0.16049,-0.977998,0.13328
0,0,0.881592,0.352066,0.314396
0,0,0.968595,-0.223285,0.109399
0,0,-0.491039,-0.658995,0.569742
0,0,0.327336,-0.245362,0.912496
9.99813,15.0372,0.415274,-0.25441,0.873397
0,0,0.551166,0.428373,0.716039
0,0,-0.439144,-0.285687,0.851784
0,0,-0.638552,0.614752,0.462959
0,0,-0.365066,0.913908,0.177482
0,0,0.934108,-0.177663,0.309641
0,0,0.705532,-0.674984,0.215917
0,0,-0.640254,-0.132354,0.756676
0,0,0.695434,-0.521473,0.494407
0,0,-0.528674,-0.557023,0.640492
0,0,-0.0357729,-0.696995,0.716183
0,0,-0.313179,-0.296154,0.902337
0,0,-0.180478,-0.729173,0.660102
0,0,0.710518,-0.703604,0.0102791
0,0,0.483839,-0.448143,0.751709
20.4683,30.8202,-0.618667,-0.585528,-0.52384
0,0,-0.315914,-0.187947,0.929986
0,0,-0.247727,0.937805,0.243215
0,0,0.565681,-0.489736,0.663448
0,0,0.256072,-0.486399,0.83537
0,0,0.391587,0.886779,0.245525
0,0,0.0269656,-0.768538,0.639236
0,0,0.362126,-0.42626,0.828955
0,0,-0.986303,0.128594,0.103296
0,0,-0.288565,0.882249,0.371977
0,0,-0.415761,0.0743448,0.90643
0,0,0.23907,0.0301567,0.970534
0,0,-0.273299,0.269586,0.92338
0,0,-0.24961,0.00248641,0.968343
0,0,0.939702,-0.232623,0.250693
0,0,-0.564393,0.824383,0.0430488
0,0,0.163628,-0.930431,0.327907
0,0,-0.693185,0.0260274,0.720289
0,0,0.373328,0.607955,0.700726
0,0,-0.00193104,-0.782644,0.622467
0,0,-0.823767,-0.517434,0.231669
0,0,-0.125189,0.916123,0.380849
0,0,-0.375488,-0.742599,0.554577
0,0,0.944518,-0.324448,0.0511762
0,0,0.160304,-0.905525,0.392846
0,0,0.451428,0.297301,0.841323
0,0,-0.0692729,0.966277,0.248012
0,0,-0.469551,-0.766853,0.43756
0,0,-0.244486,-0.632883,0.734633
0,0,-0.766344,0.405307,0.498442
0,0,-0.763674,0.603144,0.230258
0,0,-0.55635,-0.796434,0.236996
0,0,0.487036,-0.872012,0.0488941
0,0,-0.958256,0.250739,0.137388
16.3945,24.8271,0.387009,0.00967142,0.922025
0,0,0.862162,0.392108,0.320824
0,0,-0.263632,0.405269,0.87536
0,0,0.00416124,0.836908,0.547328
0,0,-0.228453,0.55307,0.801201
0,0,-0.043456,0.516787,0.855011
0,0,0.374676,-0.69819,0.61004
12.56,19.1502,-0.0338956,-0.0938523,0.995009
0,0,-0.37066,-0.742227,0.55831
0,0,-0.131351,0.979678,0.151583
0,0,0.281748,0.437689,0.853842
19.1293,26.4576,0.796632,0.162185,0.5823
0,0,0.847487,0.477592,0.231673
0,0,-0.0048062,0.74555,0.666432
0,0,-0.18389,0.648332,0.738817
0,0,0.982494,0.0142744,0.185746
0,0,-0.518651,0.00522063,0.85497
0,0,-0.161101,-0.98692,0.00589828
0,0,-0.225561,-0.698645,0.678983
0,0,0.944752,0.0440313,0.324815
0,0,-0.52851,0.823426,0.206508
0,0,0.592835,0.659343,0.4624
0,0,-0.883036,0.335248,0.328415
0,0,-0.523523,0.692523,0.496322
0,0,-0.329448,-0.509472,0.794923
0,0,0.179975,-0.983558,0.0149203
0,0,0.345315,0.756713,0.555106
0,0,0.821507,0.548902,0.154376
0,0,0.151141,0.0148802,0.9884
0,0,0.750003,-0.573609,0.329344
0,0,0.389033,0.892054,0.229985
0,0,0.525075,-0.801574,0.285964
0,0,0.430779,-0.781861,0.450691
0,0,0.967295,-0.0507092,0.248534
0,0,-0.83807,0.337517,0.428627
0,0,-0.926132,-0.284947,0.247151
0,0,0.118196,0.945964,0.301962
0,0,-0.309534,0.589618,0.746016
11.1604,18.0119,-0.819908,-0.0842879,0.566257
0,0,0.897969,0.190164,0.39685
0,0,-0.569891,0.577078,0.584982
0,0,-0.766856,-0.591922,0.248113
0,0,0.421141,-0.820578,0.386384
0,0,0.285753,0.931499,0.225066
18.4179,25.2617,-0.261062,0.412895,0.872562
0,0,-0.840132,0.00476516,0.542361
0,0,-0.244291,-0.560981,0.790962
0,0,0.416909,0.637341,0.648061
0,0,-0.0385583,-0.863387,0.503067
0,0,-0.889609,-0.15966,0.427908
20.8383,30.8487,0.951069,0.151353,-0.26937
0,0,-0.995999,0.0141751,0.0882373
0,0,0.818185,-0.117025,0.56292
0,0,-0.238649,0.933832,0.266467
0,0,0.439334,0.178182,0.880476
2.4107,3.43418,-0.125239,-0.434186,0.892075
0,0,-0.327195,-0.88018,0.343842
0,0,-0.607766,-0.770391,0.192661
0,0,0.179943,-0.950508,0.25329
0,0,-0.410647,0.777499,0.476303
0,0,0.310133,0.419234,0.853264
0,0,0.658894,-0.440582,0.60971
0,0,-0.458342,-0.856247,0.238253
0,0,-0.690892,-0.225419,0.686917
0,0,0.902725,-0.328186,0.278174
0,0,-0.264531,0.137375,0.954542
0,0,0.869975,-0.358109,0.338972
0,0,-0.537742,-0.331698,0.775119
0,0,0.991275,0.0728509,0.109853
0,0,-0.653712,0.456974,0.603187
0,0,-0.668412,-0.296752,0.682029
0,0,-0.62561,-0.547056,0.556185
0,0,0.403426,0.577748,0.709546
0,0,-0.193329,-0.154418,0.968906
0,0,-0.570101,0.629665,0.527738
0,0,0.489226,0.55687,0.671233
0,0,-0.398967,0.562823,0.723917
0,0,-0.27967,0.902524,0.327469
0,0,0.879497,-0.230913,0.416131
0,0,0.279585,0.391973,0.876464
0,0,-0.5272,0.839052,0.134356
0,0,-0.539862,0.267985,0.797956
0,0,0.256658,-0.966502,0.00102016
0,0,0.443899,0.680164,0.583379
0,0,-0.933284,0.348685,0.086026
0,0,0.553188,0.828541,0.0866221
0,0,-0.661602,0.565028,0.492977
0,0,-0.269724,0.173005,0.947269
0,0,0.235333,0.570065,0.787175
0,0,0.153979,-0.452108,0.878572
0,0,0.59707,0.360953,0.716394
0,0,-0.2907,0.253128,0.922724
0,0,-0.360304,-0.73314,0.57679
0,0,0.271927,-0.879092,0.391475
0,0,0.875289,-0.33585,0.347957
0,0,-0.507637,0.81856,0.268821
0,0,0.893906,-0.410136,0.180886
0,0,-0.190234,0.665201,0.722024
0,0,0.279505,-0.731605,0.621797
0,0,-0.991823,0.0949274,0.0852934
0,0,-0.527127,0.73028,0.434542
0,0,-0.936277,-0.0192205,0.350736
0,0,0.0199277,0.99969,0.0149514
0,0,0.208268,-0.294638,0.932638
0,0,0.833402,0.0502725,0.550376
0,0,0.884715,0.464785,0.0354203
0,0,0.381127,-0.605784,0.698404
0,0,0.766928,0.635112,0.091946
0,0,-0.444644,0.806411,0.389863
0,0,0.673131,0.03236,0.738815
0,0,-0.0151354,0.842937,0.537799
0,0,0.694409,-0.664246,0.276719
0,0,-0.582362,0.435682,0.68632
0,0,0.252776,-0.704585,0.663072
0,0,0.804972,0.559491,0.197459
0,0,-0.777928,-0.237252,0.581841
0,0,0.994397,-0.0526054,0.0916903
0,0,0.563128,0.661308,0.495539
0,0,0.771906,0.235063,0.590683
0,0,-0.382405,0.912541,0.145036
0,0,0.514635,0.100278,0.851525
0,0,0.307765,-0.219437,0.925812
0,0,0.892705,-0.43946,0.099763
0,0,-0.978449,-0.206387,0.00640641
0,0,0.0956902,-0.89156,0.442678
0,0,-0.105902,-0.991849,0.0708496
0,0,0.675159,0.662285,0.324867
0,0,-0.121785,-0.157101,0.980045
0,0,-0.384161,-0.750604,0.5376
0,0,-0.708085,0.705538,0.0288436
0,0,-0.190402,-0.25288,0.948577
0,0,0.132458,-0.348659,0.927843
13.5653,20.7964,-0.0364128,0.232663,0.971876
0,0,0.130402,0.765357,0.630257
0,0,0.0612766,-0.806684,0.587798
0,0,0.24788,-0.46337,0.85079
0,0,-0.218787,0.606859,0.764104
0,0,0.185928,0.310877,0.932087
0,0,-0.462095,0.322627,0.826063
0,0,0.788986,0.179653,0.587559
0,0,0.106482,-0.538033,0.836171
0,0,0.168057,0.304886,0.937444
0,0,0.978359,0.127332,0.163094
0,0,-0.823453,-0.190437,0.53447
0,0,-0.105277,0.322946,0.940544
0,0,-0.257546,0.839451,0.478532
0,0,0.41273,0.510113,0.754611
0,0,-0.110896,-0.939875,0.323012
0,0,0.600965,0.426399,0.676036
0,0,-0.596855,0.796259,0.0986692
0,0,-0.826873,0.0696364,0.55806
0,0,0.770442,-0.0306301,0.636773
0,0,0.588605,-0.0912853,0.80325
0,0,0.454367,-0.318789,0.83182
0,0,-0.0141463,0.789369,0.613756
0,0,-0.596709,0.782754,0.176735
0,0,-0.332213,-0.12966,0.93425
0,0,-0.894887,0.0210866,0.445794
0,0,-0.240741,-0.415782,0.877023
0,0,-0.937953,0.289968,0.190166
0,0,-0.152535,-0.308017,0.939073
0,0,-0.317342,0.696351,0.643731
0,0,0.823499,-0.505952,0.256635
0,0,0.634808,0.659423,0.402715
0,0,-0.815082,0.44228,0.374205
0,0,0.825985,0.492334,0.274511
0,0,0.784406,-0.445067,0.432
0,0,-0.0438936,-0.152402,0.987343
0,0,-0.1037,-0.521471,0.846944
4.31159,6.75866,-0.310698,0.371805,0.874773
0,0,0.472262,-0.880699,0.0365682
0,0,0.521367,0.853272,0.0102163
0,0,-0.589921,0.0148961,0.807324
0,0,-0.0244003,0.832843,0.552971
0,0,0.100723,0.744628,0.659836
0,0,0.085367,-0.71361,0.695322
0,0,-0.959511,-0.266202,0.0920631
0,0,-0.328504,0.454273,0.828083
0,0,0.2457,-0.751022,0.61286
0,0,-0.927584,-0.345746,0.141588
0,0,-0.924565,-0.156951,0.347198
0,0,0.446539,0.391671,0.804486
0,0,-0.969601,0.224427,0.0975008
0,0,0.280831,-0.934434,0.219014
0,0,-0.3346,0.843305,0.420571
0,0,0.580456,-0.746692,0.324841
0,0,-0.771017,0.246062,0.587356
0,0,0.852013,0.232183,0.469217
0,0,0.758601,0.606693,0.237587
0,0,-0.302454,0.2805,0.910957
0,0,-0.764088,-0.0858627,0.639373
0,0,0.945738,-0.131459,0.29715
0,0,0.734755,0.465522,0.493381
0,0,-0.377163,0.570429,0.729629
0,0,0.459861,0.887528,0.0286628
0,0,0.207965,0.464332,0.860899
0,0,0.0322478,0.594319,0.803583
0,0,-0.374395,0.683468,0.626658
0,0,0.121406,-0.11819,0.985541
0,0,0.598473,0.305229,0.740719
0,0,0.772456,0.600933,0.205406
0,0,0.739859,0.66858,0.0748885
0,0,-0.770648,-0.265816,0.579174
0,0,0.827079,-0.276685,0.48927
0,0,0.873652,-0.0100702,0.486448
0,0,0.264143,0.0127841,0.964399
6.25767,9.96721,-0.356431,-0.105589,0.928336
0,0,0.77848,-0.611173,0.142956
0,0,-0.35689,0.179623,0.916714
0,0,-0.146206,-0.938434,0.312994
0,0,-0.218419,-0.337161,0.91576
0,0,0.236731,0.708091,0.665256
21.617,30.7184,-0.836123,0.529947,0.141614
0,0,0.805911,0.273018,0.525327
0,0,-0.809664,0.386545,0.441619
0,0,0.999762,0.0187295,0.0112097
0,0,-0.107554,-0.861415,0.496384
0,0,-0.0229441,-0.767669,0.640435
0,0,-0.293137,-0.841088,0.454578
0,0,-0.593301,0.0730882,0.801656
0,0,-0.292517,-0.767548,0.570354
0,0,-0.888618,-0.194397,0.415413
0,0,-0.0529252,-0.963796,0.261337
0,0,-0.289306,0.504413,0.813554
0,0,-0.80284,0.389856,0.451066
0,0,0.326268,-0.918265,0.22436
0,0,-0.534587,0.751509,0.386589
0,0,-0.574359,0.0591167,0.816466
0,0,0.758156,0.4314,0.488973
0,0,-0.685602,0.391267,0.613889
0,0,-0.675202,0.394534,0.623254
0,0,-0.947259,-0.306717,0.0928696
0,0,0.231599,-0.79525,0.560302
0,0,-0.904674,0.400744,0.144805
0,0,0.288062,-0.940458,0.18044
0,0,-0.640508,0.0527017,0.766141
0,0,0.932641,-0.24121,0.268327
20.0258,30.7257,-0.0905187,-0.994799,-0.046712
0,0,0.319412,0.381588,0.867391
0,0,0.903474,0.344723,0.254755
0,0,-0.842535,0.022023,0.538192
0,0,-0.11271,0.992886,0.0383827
0,0,-0.433018,-0.101437,0.89566
0,0,0.043772,-0.592493,0.804386
0,0,0.20691,0.930116,0.303434
0,0,0.00849396,-0.453335,0.8913
0,0,-0.349585,0.921952,0.166719
0,0,0.980066,0.188226,0.0635647
2.55196,3.57898,-0.3748,-0.278385,0.884323
0,0,0.99808,-0.0553974,0.0277115
0,0,-0.955916,-0.292368,0.0273031
0,0,-0.560273,-0.557649,0.612472
0,0,0.363844,-0.777745,0.512573
0,0,0.207838,-0.292573,0.933383
0,0,0.946567,0.171076,0.273393
0,0,-0.372833,-0.0427543,0.926913
0,0,0.474926,0.87331,0.108514
0,0,0.499765,-0.842346,0.201714
0,0,-0.185698,-0.0275095,0.982222
0,0,0.581215,0.445873,0.680725
0,0,0.445382,0.831114,0.332994
12.283,18.5938,-0.102612,0.739056,0.665783
0,0,0.452844,-0.834328,0.31437
0,0,-0.463962,0.87936,0.107079
0,0,-0.704014,-0.655789,0.27259
0,0,-0.760248,0.555606,0.336638
0,0,0.630726,0.0524446,0.774232
0,0,-0.506279,0.0199476,0.862139
0,0,0.812133,0.511337,0.281025
0,0,0.0807749,-0.921161,0.380706
0,0,-0.201508,0.903512,0.378233
0,0,-0.770203,-0.617358,0.160176
21.7247,32.0097,-0.107378,0.654761,0.748169
0,0,-0.789084,0.399293,0.46681
0,0,-0.266082,-0.958959,0.0979656
0,0,0.650413,0.690346,0.316837
0,0,-0.422354,-0.155483,0.892996
0,0,0.56483,-0.704567,0.429595
0,0,0.222554,-0.881845,0.415715
0,0,0.543561,-0.177535,0.820379
0,0,-0.137212,-0.26717,0.953831
0,0,0.853043,-0.267883,0.447835
0,0,-0.585794,0.156337,0.795238
0,0,-0.396769,0.137571,0.907551
0,0,-0.248664,-0.840909,0.480664
0,0,-0.479411,-0.018275,0.8774
0,0,0.409722,-0.00196521,0.912208
0,0,0.402714,0.86085,0.31106
0,0,0.382343,-0.498771,0.777844
0,0,0.125224,-0.36867,0.921087
0,0,0.961256,-0.267954,0.0647032
0,0,-0.937446,0.27839,0.20903
0,0,0.800891,0.596815,0.0488324
0,0,-0.00154933,0.986652,0.162833
0,0,0.119784,0.0551232,0.991269
0,0,-0.511409,0.370046,0.775581
0,0,0.61381,-0.28167,0.737495
0,0,-0.522667,0.52719,0.669992
0,0,-0.48972,0.274496,0.827542
0,0,0.908301,0.386294,0.160517
0,0,0.881464,-0.0483404,0.469771
0,0,0.367456,-0.720665,0.587893
0,0,0.571074,-0.483937,0.663083
0,0,0.455325,-0.545743,0.703452
0,0,-0.948176,-0.191726,0.253386
0,0,-0.0434384,-0.412333,0.909997
0,0,-0.468738,-0.687099,0.555139
0,0,-0.349609,0.742963,0.570772
0,0,0.336918,0.940902,0.0345019
0,0,-0.674199,0.731817,0.0994935
0,0,-0.566148,0.678007,0.46881
0,0,0.756774,-0.606186,0.244603
0,0,-0.86748,0.378745,0.322539
0,0,0.0279543,-0.984952,0.17055
0,0,0.707712,-0.645194,0.287868
0,0,-0.631635,-0.694972,0.343584
0,0,0.666708,0.745213,0.0125616
0,0,-0.763521,0.518968,0.384327
0,0,-0.584049,0.61639,0.528157
19.6135,28.6952,-0.0309734,-0.176392,0.983833
0,0,-0.491379,-0.23409,0.838897
0,0,0.572036,-0.16101,0.80427
0,0,-0.885442,-0.388018,0.2558
0,0,-0.724313,-0.677161,0.129709
0,0,-0.496922,-0.229344,0.836941
0,0,-0.281237,0.242785,0.928419
0,0,-0.157789,-0.860657,0.484121
0,0,0.463979,0.447689,0.764394
0,0,-0.930055,-0.0688366,0.360913
0,0,0.372848,-0.477901,0.795358
0,0,-0.00741253,0.510961,0.859572
0,0,0.522979,-0.3392,0.781944
0,0,-0.928743,-0.130211,0.347105
0,0,-0.301742,0.914579,0.269255
0,0,-0.850903,0.319276,0.417166
0,0,-0.194988,0.854976,0.480619
0,0,-0.353644,-0.767234,0.535058
0,0,-0.707343,-0.506843,0.492724
0,0,-0.581246,-0.755852,0.301398
0,0,0.370686,-0.59348,0.714404
0,0,-0.322967,-0.707263,0.628865
0,0,0.117843,-0.672351,0.730792
16.3016,24.1284,-0.299136,0.30418,0.904429
0,0,-0.944425,-0.287671,0.159082
20.9274,32.4215,-0.349831,-0.200492,0.915107
0,0,-0.797646,0.489712,0.352055
0,0,0.98356,0.154105,0.0941327
0,0,-0.758952,0.532278,0.375063
0,0,0.533384,0.397484,0.746664
0,0,-0.506336,0.731005,0.457444
0,0,-0.0992379,0.95626,0.275171
0,0,-0.426841,0.28887,0.856949
0,0,0.43097,-0.271305,0.860616
0,0,0.781611,0.0517472,0.621616
0,0,0.962622,-0.0124715,0.270561
0,0,0.971933,0.110668,0.207602
0,0,0.726411,-0.680787,0.0941071
0,0,0.490386,-0.161997,0.856317
0,0,-0.529501,-0.737814,0.41864
0,0,0.602183,0.20371,0.771931
0,0,-0.94636,-0.278275,0.164215
0,0,-0.36385,-0.26051,0.894286
0,0,-0.592149,-0.32542,0.737199
0,0,-0.905143,0.0941216,0.414556
0,0,-0.0154681,-0.69923,0.714729
0,0,0.950791,-0.309429,0.0157919
0,0,0.590098,-0.637402,0.495482
0,0,0.670515,-0.327299,0.665797
0,0,-0.489627,0.532584,0.690377
0,0,-0.510432,0.614755,0.601279
0,0,-0.427398,-0.800328,0.420483
0,0,0.322677,-0.907155,0.270091
20.8398,31.1995,-0.736945,0.22514,0.637357
0,0,0.61103,0.28356,0.739078
0,0,-0.727301,0.681043,0.0849298
0,0,0.962056,0.212006,0.17176
0,0,0.914057,-0.400476,0.0641794
0,0,0.38019,0.913042,0.147678
0,0,0.424123,0.699038,0.575731
0,0,0.670353,0.0260047,0.741587
0,0,-0.915284,-0.294079,0.275268
0,0,0.129596,-0.78356,0.607651
0,0,-0.263963,-0.238412,0.934603
0,0,-0.605571,-0.557719,0.567656
0,0,-0.654859,0.247915,0.713931
0,0,0.374629,0.781002,0.499689
0,0,-0.569392,-0.803036,0.175856
0,0,-0.390857,-0.714529,0.580241
0,0,-0.281296,-0.0951752,0.95489
0,0,0.173795,-0.971995,0.158182
0,0,0.687581,0.221967,0.691348
0,0,0.282786,-0.789999,0.543998
0,0,0.132596,0.581203,0.802883
0,0,0.845208,-0.512248,0.152395
0,0,0.71497,-0.393546,0.577874
0,0,-0.206922,0.620057,0.756778
0,0,-0.0976285,-0.994225,0.0445657
0,0,0.429338,-0.870454,0.240787
0,0,-0.457781,0.654339,0.601894
0,0,-0.728228,0.127471,0.673376
0,0,-0.574627,0.8001,0.172172
0,0,0.597492,0.650308,0.469151
0,0,0.376941,0.164521,0.911509
0,0,0.807846,0.193864,0.556599
0,0,0.751856,0.552554,0.359716
0,0,0.361055,-0.756288,0.54559
0,0,0.551327,0.595619,0.584189
0,0,0.43658,0.685377,0.5828
0,0,0.8071,0.295883,0.510924
0,0,-0.79434,-0.363081,0.487028
0,0,-0.823079,0.00132318,0.567926
0,0,-0.410048,-0.70374,0.580181
0,0,0.180214,-0.822558,0.539371
0,0,0.592151,0.794186,0.136475
0,0,0.486489,0.647288,0.586811
0,0,0.159745,0.971889,0.172956
0,0,-0.245729,0.713862,0.655758
0,0,-0.53361,0.273596,0.800253
0,0,-0.205466,0.116156,0.971747
0,0,-0.107004,-0.601392,0.791756
0,0,0.648038,-0.484044,0.588003
0,0,-0.637789,0.285998,0.715144
0,0,-0.32809,-0.522852,0.786755
0,0,0.311828,-0.735984,0.600909
11.6423,17.1235,-0.0136603,0.274362,0.96153
0,0,-0.203305,0.697929,0.686704
0,0,0.228778,-0.481342,0.84615
0,0,-0.287892,-0.0400397,0.956826
0,0,0.869688,-0.440677,0.222366
23.2038,33.7694,0.616879,0.487032,0.618272
0,0,-0.701243,0.634626,0.32482
0,0,-0.906609,-0.395775,0.146363
0,0,-0.26895,-0.725695,0.633271
0,0,-0.067466,0.716912,0.693892
0,0,-0.486093,0.495152,0.720096
0,0,0.560982,-0.355504,0.747607
0,0,0.494746,0.784383,0.374125
1.76274,2.27743,-0.0022956,0.481329,0.876537
0,0,0.977181,0.199697,0.0723728
0,0,0.788492,0.52554,0.319513
0,0,0.290028,0.896614,0.334616
0,0,-0.126269,-0.651065,0.748446
0,0,0.565282,0.797993,0.208958
0,0,0.442851,-0.173552,0.879638
0,0,0.998111,0.0498854,0.0358703
0,0,-0.9383,-0.201313,0.281186
0,0,-0.296711,0.577878,0.760276
0,0,0.603193,-0.376697,0.703034
0,0,-0.221171,-0.914289,0.339352
0,0,-0.368028,0.209536,0.905897
0,0,-0.0891616,-0.98372,0.156031
0,0,0.0713647,-0.244122,0.967115
0,0,0.860799,-0.341511,0.377353
0,0,0.682581,-0.498533,0.534368
0,0,-0.860115,-0.473493,0.189754
0,0,0.264467,0.374382,0.88876
0,0,0.725661,-0.68596,0.0536195
0,0,0.950616,-0.30561,0.0541403
0,0,-0.602965,-0.544807,0.582767
0,0,0.04003,-0.833394,0.551228
0,0,0.839556,-0.213233,0.499677
0,0,0.348377,-0.794768,0.496969
0,0,0.174154,0.838515,0.516297
0,0,-0.809412,0.0959519,0.579349
0,0,0.262567,0.580401,0.770839
0,0,-0.579003,-0.00416016,0.815315
0,0,-0.53937,-0.781596,0.313348
0,0,-0.757935,0.306117,0.576044
0,0,-0.0129724,-0.364585,0.93108
0,0,0.866252,-0.204658,0.455765
0,0,0.671622,-0.222092,0.706823
0,0,-0.17799,0.584894,0.791339
0,0,0.954397,0.29669,0.0331889
0,0,-0.817804,0.442629,0.367798
0,0,0.374814,0.77573,0.507698
0,0,-0.864423,-0.337832,0.372347
0,0,-0.608416,-0.7538,0.248225
0,0,-0.319055,-0.33082,0.888123
0,0,0.956076,0.128307,0.263544
0,0,0.484118,-0.0768569,0.871621
0,0,0.446868,-0.0283145,0.894152
0,0,0.146657,0.935231,0.322233
21.6792,31.9465,0.274513,-0.461486,0.843607
0,0,-0.953954,0.0631386,0.293233
0,0,-0.737594,-0.123719,0.663814
0,0,-0.382013,-0.87084,0.309361
0,0,-0.182787,-0.921415,0.342904
0,0,0.906275,-0.0814569,0.414765
0,0,0.477779,0.872865,0.0991635
0,0,0.535534,0.784809,0.311895
0,0,-0.291659,0.329466,0.897991
0,0,-0.729018,0.554135,0.401829
0,0,-0.0196061,0.93518,0.353629
0,0,-0.692126,0.178174,0.69944
22.635,31.6003,0.0462032,0.168952,0.984541
0,0,0.592066,0.0427007,0.804757
0,0,0.661053,-0.63919,0.392994
0,0,0.427232,0.0125156,0.904055
0,0,-0.954717,-0.28391,0.0889384
0,0,0.77037,0.61407,0.171606
0,0,0.102091,-0.718531,0.687962
0,0,0.501252,0.528259,0.685338
0,0,0.421595,-0.411361,0.808109
0,0,0.925316,0.0353344,0.377547
0,0,-0.655967,-0.0400318,0.753728
0,0,0.584852,-0.23698,0.775751
0,0,0.466232,-0.274821,0.840893
0,0,0.292932,0.778953,0.554457
0,0,-0.210615,-0.621583,0.754504
0,0,0.15676,-0.941173,0.299365
0,0,-0.758344,-0.51819,0.395466
0,0,-0.516566,-0.84466,0.140388
0,0,-0.478773,-0.0844955,0.873863
0,0,-0.420211,-0.347881,0.838094
0,0,-0.627679,0.720361,0.295126
0,0,0.520217,-0.699271,0.490301
0,0,-0.582226,0.787113,0.203632
0,0,-0.690211,0.0166211,0.723417
0,0,0.753235,0.205919,0.624687
0,0,0.86993,-0.31551,0.379045
0,0,0.89628,0.246361,0.368765
0,0,-0.438581,0.898627,0.0107385
0,0,0.65028,0.757884,0.0524287
0,0,0.454177,-0.433582,0.778286
0,0,-0.237057,0.335695,0.911654
0,0,0.532771,-0.504331,0.679563
0,0,-0.444746,-0.33175,0.831951
0,0,-0.752264,-0.517257,0.408098
0,0,0.041936,0.537287,0.842356
0,0,0.826322,0.334975,0.452752
0,0,-0.0586018,-0.792645,0.606861
0,0,0.843941,-0.465526,0.266551
0,0,0.764691,-0.0483467,0.642581
0,0,-0.507567,0.475977,0.718208
0,0,-0.347195,-0.161931,0.923706
0,0,-0.69588,0.428419,0.576375
0,0,-0.922271,0.203,0.328948
0,0,0.109659,0.799744,0.590241
8.90264,13.9974,0.320873,0.222434,0.920632
0,0,-0.712595,0.39162,0.582101
0,0,0.329385,-0.89919,0.288032
0,0,-0.918981,-0.330598,0.214895
0,0,0.081407,0.943452,0.321357
0,0,-0.245115,0.423383,0.872161
0,0,0.345657,0.50299,0.792163
0,0,0.54514,-0.733773,0.405461
0,0,0.955108,-0.280237,0.0961017
0,0,0.628049,-0.593989,0.502725
0,0,-0.206623,-0.419788,0.88379
0,0,0.412644,-0.657433,0.630481
0,0,0.337992,0.464522,0.818523
0,0,0.971767,-0.0985268,0.214386
0,0,-0.135209,-0.556133,0.820021
0,0,0.805584,0.591052,0.0411292
0,0,0.712396,0.699608,0.0551485
0,0,-0.00636299,-0.742208,0.67014
0,0,-0.182626,0.227187,0.956574
0,0,0.359602,0.915097,0.182438
0,0,0.450374,0.30698,0.838407
0,0,-0.725498,-0.612777,0.313299
0,0,0.531024,-0.631302,0.565217
0,0,-0.547183,0.836785,0.0195367
22.0034,32.4963,0.202225,0.073788,0.976555
0,0,0.116751,0.554434,0.823997
0,0,-0.798439,-0.595159,0.0909954
0,0,-0.479425,0.623232,0.617846
0,0,-0.181849,0.745767,0.640908
0,0,-0.571784,0.500599,0.649972
0,0,0.266222,0.947143,0.179013
0,0,-0.295758,0.855329,0.42537
0,0,-0.110098,0.768155,0.630727
0,0,-0.346483,0.820875,0.453998
0,0,-0.794024,-0.30178,0.527688
0,0,0.181085,-0.957354,0.225124
0,0,0.15677,-0.202718,0.966607
0,0,0.715385,0.273864,0.642824
0,0,0.966638,0.201609,0.158004
0,0,-0.965115,0.0480517,0.257377
0,0,0.91554,0.31307,0.252532
0,0,-0.333992,0.527739,0.780987
0,0,0.469629,-0.859363,0.202348
0,0,-0.856869,-0.513662,0.0438917
0,0,-0.346787,-0.480769,0.805357
0,0,0.90885,0.400913,0.115153
0,0,0.457156,-0.836047,0.303371
0,0,-0.376934,-0.269638,0.886124
0,0,-0.788198,-0.270041,0.553011
0,0,0.706672,0.56799,0.421902
0,0,0.100534,-0.930727,0.351626
0,0,0.765415,-0.165516,0.621888
0,0,0.300102,-0.17971,0.936826
0,0,0.782045,0.620655,0.0565097
0,0,-0.0337214,0.858357,0.511944
0,0,-0.659072,-0.0552331,0.750049
0,0,0.603231,0.633771,0.484197
0,0,-0.0875612,0.996053,0.0145434
0,0,-0.223078,0.956366,0.18868
0,0,-0.574584,-0.294723,0.763538
0,0,-0.687072,0.622423,0.374862
0,0,0.460018,-0.746059,0.481435
0,0,-0.843113,0.454658,0.287135
0,0,0.636503,0.0433351,0.770056
0,0,0.0449344,0.997743,0.0499013
0,0,0.239784,0.87103,0.428731
0,0,0.882997,-0.301165,0.360023
0,0,0.725877,0.201443,0.657665
0,0,0.614601,0.765321,0.191179
0,0,-0.566072,-0.809263,0.157024
0,0,-0.056705,0.889661,0.453087
0,0,-0.00387224,0.953884,0.30015
0,0,0.200042,-0.3881,0.899645
0,0,-0.899254,0.254786,0.355564
0,0,0.342524,0.0957284,0.93462
0,0,0.969386,0.138677,0.202632
0,0,-0.892978,-0.450064,0.00571026
0,0,-0.619205,0.696824,0.361968
0,0,-0.166642,0.904619,0.392294
0,0,0.629085,0.59917,0.495225
0,0,-0.879232,-0.178914,0.441521
0,0,-0.362982,-0.376103,0.85252
0,0,-0.102426,-0.873857,0.475271
0,0,-0.896536,0.39109,0.208017
0,0,-0.35897,-0.504523,0.785237
0,0,-0.14546,-0.584954,0.797916
0,0,-0.137826,-0.573376,0.807616
0,0,-0.226982,-0.870749,0.436205
0,0,-0.314824,-0.0909847,0.944779
0,0,-0.619513,0.652083,0.437025
0,0,0.476984,0.878878,0.00776173
0,0,0.507416,0.620328,0.598099
0,0,-0.543035,0.0145603,0.839584
0,0,0.49808,-0.837735,0.223868
0,0,-0.688342,0.724442,0.037002
0,0,0.894145,0.381716,0.234091
0,0,0.522493,-0.818059,0.240376
0,0,-0.56741,0.801233,0.189924
0,0,-0.992766,-0.0855516,0.0842453
0,0,-0.668705,-0.68384,0.291884
0,0,-0.905446,-0.056758,0.42065
0,0,0.243224,0.886181,0.394367
0,0,-0.949608,0.269094,0.160728
0,0,0.125303,-0.915032,0.383427
0,0,0.887357,-0.352515,0.297205
0,0,-0.622233,0.758116,0.195155
0,0,-0.734777,-0.355039,0.57797
0,0,-0.446066,-0.0612847,0.892899
0,0,-0.582208,-0.77917,0.232224
0,0,0.499647,0.861223,0.0929977
0,0,-0.851697,-0.523227,0.0290731
0,0,-0.704011,-0.641779,0.304119
0,0,0.219457,0.665096,0.713783
0,0,0.727558,0.561046,0.394824
0,0,0.0974861,0.898558,0.42789
0,0,-0.248148,0.438936,0.863573
0,0,-0.82053,0.539816,0.187958
0,0,0.684423,-0.271992,0.676451
0,0,-0.610502,0.585782,0.533054
0,0,0.646674,0.724949,0.237193
0,0,-0.348596,0.898155,0.26795
0,0,-0.922499,-0.00178025,0.385995
0,0,-0.303222,-0.734006,0.607694
0,0,0.575952,-0.518451,0.63205
0,0,0.713864,-0.51667,0.472706
0,0,0.754104,-0.0755546,0.652394
0,0,-0.191199,-0.37511,0.907048
0,0,-0.0548531,0.494482,0.867456
0,0,0.674431,0.628346,0.387715
0,0,0.655781,0.736283,0.166848
0,0,0.045648,0.483383,0.874218
0,0,-0.981595,-0.184446,0.0495102
0,0,0.67746,-0.483339,0.554464
9.02968,13.2008,-0.970514,-0.219647,-0.0992848
0,0,-0.875212,-0.437681,0.206006
0,0,-0.346103,-0.0935342,0.933522
0,0,0.771423,0.577195,0.267866
0,0,0.618427,-0.500168,0.606118
0,0,-0.458922,0.705691,0.539807
0,0,-0.268311,-0.586024,0.764582
0,0,0.945791,0.111574,0.305009
0,0,-0.132758,-0.350865,0.926968
0,0,-0.429892,0.869,0.245013
0,0,-0.359054,0.886569,0.291677
0,0,0.481774,0.649578,0.588169
0,0,-0.174997,0.174522,0.968978
0,0,-0.277858,-0.0279716,0.960215
0,0,0.0480543,0.99884,0.00303805
0,0,-0.93768,0.302314,0.171356
0,0,-0.00709582,-0.709062,0.70511
0,0,-0.039582,-0.956497,0.289044
0,0,-0.763544,0.415558,0.494279
0,0,-0.795697,-0.231381,0.559758
0,0,0.822313,-0.45497,0.341766
0,0,0.567644,-0.684628,0.457237
0,0,0.203535,-0.427813,0.880653
0,0,-0.587814,-0.599693,0.542995
0,0,-0.654664,-0.730257,0.195297
0,0,-0.249849,-0.483135,0.83914
0,0,0.170068,-0.1605,0.972274
0,0,-0.429575,0.503339,0.749743
0,0,0.990312,-0.130079,0.0485958
0,0,-0.455148,0.760992,0.462311
0,0,0.261173,0.794874,0.54769
0,0,-0.207581,0.833278,0.512405
13.3804,21.7697,-0.299598,-0.20883,0.93093
0,0,0.981309,-0.083946,0.173166
0,0,0.481456,-0.493578,0.724279
0,0,0.27403,0.424346,0.86304
0,0,0.888017,-0.2881,0.358363
0,0,-0.184643,-0.941503,0.28192
0,0,-0.837462,-0.490621,0.240726
0,0,-0.588757,-0.643291,0.48943
0,0,0.152163,-0.876467,0.456785
0,0,0.361663,-0.230829,0.903282
0,0,0.109043,-0.986869,0.119157
0,0,-0.280962,0.0500827,0.958411
0,0,0.192737,0.363305,0.911516
0,0,-0.842556,0.00934364,0.538527
0,0,-0.290037,-0.206216,0.934534
0,0,0.21058,0.84556,0.490595
0,0,0.261483,-0.96073,0.0928704
0,0,0.827081,-0.561192,0.0316352
0,0,0.407778,0.422285,0.809563
0,0,0.918713,0.361422,0.159185
0,0,0.586518,-0.452493,0.671749
0,0,0.254209,0.961255,0.106614
0,0,0.435025,-0.847528,0.304054
0,0,-0.734915,-0.541577,0.40816
0,0,-0.749884,-0.572123,0.332188
0,0,0.13306,-0.988161,0.0763713
0,0,0.748291,0.60822,0.264819
0,0,0.341935,-0.938016,0.0566215
0,0,0.0845654,0.287235,0.95412
0,0,0.750128,0.162769,0.640948
0,0,0.897367,-0.197779,0.394482
0,0,-0.800911,0.165781,0.575377
0,0,-0.705416,0.337767,0.623138
0,0,0.599026,0.717204,0.356071
0,0,0.790475,0.150499,0.593716
0,0,0.491235,0.868427,0.067249
0,0,-0.579637,-0.457191,0.674535
0,0,-0.382351,0.877834,0.288472
21.3946,31.6054,0.158945,-0.741455,0.651905
0,0,0.163862,0.613179,0.772762
0,0,-0.884437,-0.126151,0.449285
0,0,-0.346686,0.934262,0.083447
0,0,0.434617,-0.433077,0.789653
0,0,0.0611397,-0.67535,0.734959
0,0,-0.752543,-0.395286,0.526715
0,0,0.599864,-0.774313,0.201499
0,0,0.139019,0.293104,0.945919
0,0,-0.75715,-0.487953,0.43431
0,0,-0.456991,0.115585,0.881929
0,0,-0.0492824,0.926022,0.374239
0,0,0.373214,-0.673277,0.638286
0,0,0.905903,-0.404784,0.124455
0,0,-0.973283,-0.220482,0.0640968
0,0,-0.40966,0.912214,0.00660389
0,0,-0.0532034,-0.873573,0.483777
0,0,-0.963148,-0.121727,0.239852
0,0,-0.0585435,-0.472807,0.879219
0,0,-0.288479,-0.876483,0.385433
0,0,0.104156,-0.389837,0.914975
0,0,0.122252,0.992153,0.0261896
0,0,0.47935,-0.838482,0.259176
0,0,-0.476959,0.845767,0.239139
10.7511,15.9147,-0.370154,0.0710071,0.926253
0,0,-0.155206,-0.737828,0.656902
0,0,0.978849,-0.10962,0.17274
0,0,-0.117924,-0.988643,0.0931581
0,0,-0.297621,0.867951,0.397596
22.9009,33.3301,-0.870592,-0.455191,-0.186739
0,0,-0.551016,-0.834223,0.021271
0,0,0.793607,0.18341,0.580128
0,0,-0.314048,0.572945,0.757039
0,0,0.268037,0.238444,0.933435
0,0,0.79945,-0.276196,0.533474
0,0,-0.367079,-0.775623,0.51348
0,0,0.531875,0.846499,0.0234238
0,0,-0.0209617,0.251028,0.967753
0,0,0.815092,0.17513,0.552227
0,0,-0.426036,0.737456,0.524073
0,0,0.265135,0.560948,0.784245
0,0,-0.129413,-0.963593,0.233969
0,0,-0.684015,0.123105,0.719005
0,0,0.398912,0.10658,0.910774
0,0,0.365264,-0.121488,0.922943
0,0,-0.00622851,-0.289081,0.957284
0,0,-0.0736706,0.481562,0.87331
0,0,-0.745826,0.659145,0.0962872
0,0,0.188959,-0.914725,0.357174
0,0,0.02926,-0.096762,0.994877
0,0,0.41472,0.709027,0.57034
0,0,0.78309,-0.606655,0.136889
0,0,-0.316256,-0.398377,0.860975
0,0,0.0841756,-0.926261,0.367363
0,0,-0.85301,-0.506884,0.124267
0,0,-0.396507,0.899831,0.181896
0,0,-0.735365,0.226725,0.638618
0,0,0.309246,-0.948195,0.0727504
0,0,-0.39191,-0.172963,0.903599
0,0,0.992931,-0.0944431,0.0718859
0,0,0.410708,-0.00371434,0.911759
0,0,0.541563,0.809366,0.227238
0,0,-0.134703,-0.776405,0.615671
0,0,-0.773862,-0.471634,0.422728
0,0,-0.889101,-0.273667,0.366886
0,0,-0.259723,-0.800882,0.539566
0,0,-0.191634,-0.749598,0.633545
0,0,0.68477,-0.256633,0.682077
0,0,-0.394313,-0.129595,0.909793
0,0,0.474816,0.740172,0.476126
0,0,0.280816,-0.855224,0.435584
0,0,-0.379165,0.402497,0.833205
0,0,0.167959,0.659815,0.732417
0,0,0.257403,0.960312,0.107441
0,0,0.913544,-0.0888873,0.396908
0,0,-0.388812,0.74661,0.539814
0,0,0.429833,0.0222972,0.902633
0,0,0.639804,-0.678853,0.360292
0,0,-0.191179,0.686,0.702036
0,0,-0.146804,-0.986605,0.0711222
0,0,-0.334271,-0.263287,0.904954
0,0,0.675038,-0.656694,0.336269
0,0,0.498262,0.867,0.00682149
0,0,0.943067,0.0637723,0.326432
0,0,-0.933565,0.281846,0.221404
0,0,-0.10942,-0.839046,0.532944
0,0,0.811463,0.0927005,0.577005
0,0,0.238861,0.957999,0.158696
0,0,0.448363,-0.760135,0.470283
0,0,0.106963,-0.825057,0.554834
0,0,0.27108,-0.674617,0.686591
0,0,-0.244491,-0.191054,0.950643
0,0,-0.852894,0.324923,0.408653
0,0,0.346936,0.545803,0.762715
0,0,-0.367698,0.221594,0.903158
0,0,0.837856,0.545713,0.0139725
0,0,0.0372981,0.843518,0.535805
0,0,0.847713,-0.377446,0.372717
13.401,20.4122,-0.369165,-0.131207,0.920055
0,0,0.206257,-0.70715,0.676311
0,0,0.478958,0.87783,0.00373784
0,0,0.402973,-0.915211,0.00105746
0,0,0.974192,-0.041426,0.221887
0,0,-0.0831414,0.66992,0.737763
0,0,0.655192,0.707289,0.265455
0,0,0.70042,-0.708288,0.0879755
0,0,-0.002196,-0.996557,0.0828812
0,0,0.932147,0.083523,0.352315
0,0,-0.615874,-0.534903,0.578427
0,0,0.897637,-0.0455203,0.438379
6.79873,10.866,0.498655,-0.532077,0.684278
0,0,-0.594184,-0.471475,0.651657
0,0,-0.58852,-0.515721,0.622636
0,0,0.98749,0.150085,0.0483565
0,0,-0.355539,0.348645,0.867202
0,0,0.248865,0.187273,0.950261
0,0,0.282701,0.652008,0.703538
0,0,0.619655,-0.134798,0.773212
0,0,0.839842,0.523352,0.144111
0,0,-0.0132756,-0.846878,0.531622
0,0,-0.839582,-0.514895,0.173161
0,0,0.738256,-0.659891,0.139721
0,0,-0.498188,-0.556954,0.664539
0,0,0.766863,-0.265248,0.584435
0,0,0.674964,-0.593041,0.439006
0,0,-0.486318,-0.144888,0.861686
0,0,0.507634,-0.482195,0.713999
0,0,0.830926,0.552665,0.0642177
0,0,0.795524,-0.22857,0.561157
0,0,0.342354,0.731772,0.589325
21.0395,31.0864,0.390728,-0.0848046,0.916591
0,0,-0.42177,0.58565,0.692188
0,0,-0.756513,-0.505861,0.414479
0,0,0.0558693,-0.985032,0.163067
0,0,0.893875,0.447721,0.0231059
0,0,0.468666,-0.775468,0.423086
0,0,0.872252,0.332333,0.358792
0,0,0.493342,-0.821607,0.285614
0,0,-0.86319,-0.461883,0.20388
19.0589,26.1589,-0.16516,-0.407234,0.898267
0,0,-0.311615,-0.354609,0.881561
0,0,0.673101,-0.712888,0.196789
0,0,-0.31808,0.597834,0.735813
0,0,-0.320713,0.388608,0.863786
0,0,-0.401707,-0.862915,0.306609
0,0,-0.819219,-0.334832,0.465583
0,0,0.288896,0.678711,0.675197
0,0,-0.482355,0.869069,0.109784
0,0,0.590238,-0.599337,0.540753
0,0,-0.367439,-0.758924,0.537609
0,0,-0.88021,-0.33442,0.33674
0,0,0.781386,0.269445,0.562881
0,0,0.413388,0.631038,0.656431
0,0,-0.939183,-0.342398,0.0264504
0,0,0.674191,-0.721113,0.159571
19.6758,27.6157,0.294308,0.318571,0.901052
0,0,-0.532989,-0.452153,0.715179
0,0,-0.537916,0.699162,0.470976
0,0,-0.515315,-0.492647,0.701249
0,0,0.150698,0.975786,0.158529
0,0,0.46277,0.497075,0.734003
0,0,-0.372841,0.917632,0.137628
0,0,0.034043,0.515951,0.855941
0,0,-0.226368,0.690447,0.687052
0,0,-0.295311,-0.68204,0.669039
0,0,0.509919,-0.495305,0.703317
0,0,0.825452,0.307538,0.473338
23.7947,33.8913,-0.509007,-0.822161,-0.254879
0,0,-0.0962642,-0.916665,0.387889
0,0,-0.280997,0.957589,0.0637522
0,0,-0.790867,0.57407,0.21207
0,0,-0.655159,-0.54798,0.520081
0,0,0.0753436,0.936698,0.341935
0,0,-0.72598,0.660167,0.192696
0,0,-0.18426,-0.604425,0.775061
0,0,0.40838,0.861312,0.30227
0,0,-0.783326,0.617981,0.0670779
0,0,-0.720814,0.68693,0.0924867
0,0,-0.309491,-0.508678,0.803407
0,0,0.693517,0.637425,0.335743
0,0,-0.557336,0.824323,0.0993369
0,0,0.724785,-0.629575,0.279861
0,0,0.508116,-0.080996,0.857472
0,0,0.00049457,-0.0766931,0.997055
0,0,-0.717934,-0.562032,0.41072
0,0,-0.822714,0.387585,0.415836
0,0,0.0134261,-0.0691675,0.997515
0,0,-0.609187,0.615051,0.500603
0,0,0.932069,-0.158749,0.325648
0,0,0.233292,0.831974,0.503383
0,0,0.41065,0.89665,0.165485
0,0,-0.941191,-0.279608,0.18968
0,0,0.582669,0.804071,0.118178
0,0,-0.744305,-0.0991199,0.660444
0,0,0.445893,0.750632,0.487576
0,0,0.931679,0.341256,0.124576
0,0,-0.419092,0.537685,0.731612
17.5173,24.7591,-0.404047,-0.0962095,-0.909665
0,0,0.223803,0.36489,0.903752
0,0,-0.330882,0.781919,0.528318
0,0,-0.876451,0.166756,0.451692
0,0,-0.301814,0.397874,0.866375
0,0,0.967473,0.164754,0.191972
4.46489,6.07778,-0.0481694,0.219573,0.974406
0,0,-0.432631,-0.750688,0.499297
0,0,0.902329,-0.253891,0.348341
0,0,0.913729,0.3598,0.188796
0,0,-0.421572,-0.410726,0.808444
0,0,0.0365915,0.535885,0.843498
0,0,-0.599736,-0.502096,0.62307
0,0,-0.610168,0.495458,0.618236
0,0,0.042495,-0.970204,0.238532
0,0,0.797782,0.298866,0.523663
0,0,0.124569,0.367953,0.921463
0,0,0.546459,0.237166,0.803203
0,0,-0.630318,0.0492815,0.774771
0,0,0.94837,0.139462,0.284859
0,0,-0.749024,0.581968,0.316664
0,0,-0.740597,0.654347,0.152796
0,0,-0.778041,0.107452,0.618956
0,0,-0.995093,-0.0192481,0.0970507
0,0,0.160768,-0.958191,0.236692
0,0,0.991823,0.00677755,0.127439
0,0,-0.545032,-0.73712,0.399492
0,0,0.464243,-0.424889,0.777141
0,0,0.00720967,0.495995,0.868296
0,0,0.263059,0.964566,0.0202895
0,0,-0.711494,0.617993,0.334455
0,0,0.947274,-0.0287923,0.319128
0,0,0.909624,0.387411,0.149993
0,0,0.0664971,-0.514605,0.854845
0,0,-0.819416,0.558513,0.128921
0,0,-0.898108,-0.439683,0.00896513
0,0,0.100849,0.424102,0.899981
0,0,0.528555,0.0169657,0.848729
0,0,0.368605,-0.615709,0.696443
16.4285,24.4853,-0.659907,-0.506259,0.55518
0,0,0.564081,-0.530998,0.632341
0,0,-0.0944936,0.470864,0.87713
0,0,-0.813012,0.576595,0.0809332
0,0,0.469969,-0.0790683,0.879134
0,0,0.343319,0.650076,0.677889
0,0,0.360451,0.451568,0.816187
0,0,-0.432702,-0.179603,0.883466
0,0,0.384509,-0.103389,0.917313
0,0,0.183579,-0.388342,0.903044
0,0,-0.343277,0.658859,0.669377
0,0,0.913891,0.0756445,0.39885
0,0,0.613912,-0.756776,0.224504
0,0,-0.595581,0.699007,0.39582
0,0,0.488341,0.82384,0.287768
0,0,-0.207575,-0.85546,0.474448
0,0,0.58376,0.166939,0.794579
0,0,0.404725,0.231504,0.884649
0,0,-0.0462232,0.373085,0.926645
0,0,-0.866637,0.128111,0.482212
0,0,0.39158,0.474727,0.788225
0,0,0.136469,-0.663562,0.735569
0,0,-0.809046,0.515613,0.282112
0,0,0.0789811,0.538265,0.839067
0,0,-0.486355,0.869751,0.0836198
0,0,0.58324,-0.798147,0.150972
0,0,0.877682,-0.47729,0.0432195
0,0,-0.621581,-0.780719,0.0641507
0,0,0.397628,0.342032,0.851414
0,0,0.0344426,0.358345,0.932954
0,0,-0.221825,-0.103198,0.96961
0,0,-0.963555,0.263518,0.046041
0,0,-0.868432,0.495553,0.0159139
0,0,-0.616356,-0.787327,0.0148774
0,0,-0.29565,0.163516,0.941198
0,0,-0.1591,0.643292,0.748908
0,0,0.207981,-0.701814,0.681323
0,0,0.677317,-0.714323,0.176022
0,0,-0.899475,-0.177662,0.399224
0,0,-0.551186,-0.592798,0.587184
0,0,0.569302,-0.721135,0.394791
0,0,-0.960683,0.252856,0.114685
0,0,0.0133615,-0.886111,0.463281
0,0,-0.770384,-0.612532,0.176955
0,0,0.966471,-0.0200127,0.255996
0,0,0.951697,-0.304435,0.0399058
0,0,-0.963965,0.093064,0.24922
0,0,-0.370386,0.254955,0.893203
0,0,-0.942532,0.0313377,0.332644
0,0,-0.448667,-0.466385,0.762353
0,0,-0.807905,-0.161705,0.566693
0,0,0.83539,0.448323,0.318009
0,0,-0.545937,-0.544354,0.636892
0,0,-0.533467,0.803723,0.263519
0,0,-0.665547,0.397867,0.631465
0,0,0.863262,0.319167,0.391037
0,0,0.0992215,0.804115,0.586135
0,0,-0.206356,-0.367734,0.906746
0,0,0.131671,-0.892286,0.431842
0,0,-0.248663,0.875505,0.414316
0,0,0.566376,-0.184135,0.803314
0,0,0.151764,-0.744686,0.649931
0,0,0.395317,-0.810699,0.431847
0,0,-0.30676,-0.455216,0.835869
0,0,-0.267995,-0.293331,0.91768
0,0,-0.0559855,-0.570701,0.819247
0,0,-0.981505,-0.0621987,0.181051
0,0,-0.0170755,-0.557826,0.829782
0,0,0.619273,-0.655025,0.432948
0,0,-0.342055,0.923645,0.172853
0,0,0.375224,-0.138436,0.916538
7.53277,11.8837,-0.0951962,0.317405,0.9435
0,0,-0.0301944,0.922059,0.38587
0,0,-0.00602568,-0.999183,0.0399545
0,0,0.899756,-0.353011,0.25656
0,0,0.414799,0.282536,0.864937
0,0,0.0452922,-0.142574,0.988747
0,0,-0.991468,0.0630016,0.114114
0,0,0.690043,0.412302,0.594851
0,0,0.3453,-0.0615853,0.936469
0,0,-0.937811,0.162308,0.306867
0,0,-0.126308,0.414443,0.901268
0,0,0.556273,0.0584374,0.828943
0,0,-0.511552,0.313375,0.800069
0,0,0.421257,0.777528,0.466897
0,0,-0.791142,-0.603909,0.0968917
6.0256,8.97563,-0.43935,-0.0443885,0.897219
0,0,-0.825326,-0.360064,0.434961
0,0,-0.0738706,-0.697439,0.712827
0,0,0.350527,-0.653866,0.670514
0,0,0.404833,0.895283,0.185955
0,0,-0.567856,-0.173021,0.804738
0,0,-0.803666,0.575405,0.151758
0,0,0.330169,-0.811739,0.481735
0,0,-0.589395,-0.555441,0.5866
23.5465,35.4724,-0.764514,-0.372641,0.525982
0,0,-0.0070983,0.625176,0.780452
0,0,0.291676,-0.894964,0.337587
0,0,-0.536743,-0.206896,0.817986
0,0,0.531421,0.846169,0.0398611
0,0,-0.133083,0.477849,0.868302
0,0,0.739123,-0.242967,0.628223
0,0,0.460003,-0.301652,0.835107
0,0,-0.249056,0.43712,0.864232
0,0,0.0715849,0.350734,0.933735
0,0,0.0358406,0.944708,0.325949
0,0,0.0206201,0.405797,0.91373
0,0,-0.423431,0.373765,0.825231
0,0,-0.203742,0.749314,0.630094
0,0,0.879159,-0.229147,0.417816
0,0,0.542472,-0.837587,0.064598
0,0,0.687509,-0.022306,0.725833
0,0,0.351443,0.26781,0.897087
0,0,0.82967,-0.0801087,0.552476
0,0,0.535664,-0.689994,0.486798
0,0,0.972385,-0.103373,0.209241
0,0,0.905666,-0.330115,0.266069
15.6233,22.9873,0.151988,-0.484909,0.861256
0,0,0.388116,0.638942,0.664168
0,0,0.305856,-0.943575,0.126957
0,0,0.521913,0.260304,0.812311
0,0,-0.257084,-0.885997,0.385897
0,0,0.402083,0.637512,0.657197
0,0,0.308732,-0.946465,0.0942755
0,0,0.369057,0.0922825,0.924814
0,0,0.0529616,0.805907,0.589669
0,0,0.474361,0.554071,0.684096
0,0,-0.121652,0.897828,0.42321
0,0,0.945003,0.272812,0.180397
0,0,0.462633,0.308669,0.83108
0,0,-0.0410082,-0.732374,0.679667
9.65516,13.2903,-0.337771,0.29518,0.893745
0,0,0.385396,-0.153989,0.909812
0,0,0.222571,0.332134,0.916597
0,0,0.359739,0.747025,0.559054
0,0,0.359705,0.927128,0.105098
0,0,0.588862,0.662019,0.463651
0,0,0.952477,-0.0921408,0.29034
0,0,0.941767,-0.3144,0.119276
0,0,-0.324479,-0.944275,0.0552922
0,0,0.20975,0.384757,0.89887
0,0,-0.68912,-0.0132385,0.724526
0,0,0.373788,-0.820036,0.433385
0,0,-0.419714,-0.553684,0.719218
0,0,-0.663307,-0.166784,0.729525
0,0,-0.38009,0.144357,0.913615
0,0,-0.243177,-0.363641,0.899239
0,0,-0.779096,0.532893,0.330203
0,0,-0.409531,-0.296019,0.862935
0,0,0.894902,0.11768,0.430467
0,0,-0.485027,-0.522392,0.701324
0,0,-0.170745,-0.709498,0.683709
0,0,0.184098,0.800689,0.570093
0,0,-0.0022612,-0.0856349,0.996324
0,0,-0.231987,-0.965839,0.115486
0,0,0.773433,-0.60892,0.176118
0,0,0.0472688,0.919791,0.389552
0,0,0.591341,-0.776067,0.219172
0,0,0.273957,-0.695645,0.664097
0,0,-0.501498,-0.367527,0.783214
0,0,0.467122,-0.883223,0.0414132
0,0,0.326578,0.237865,0.91475
0,0,-0.288488,-0.951179,0.109695
0,0,0.344242,0.351553,0.870579
0,0,-0.908968,0.332433,0.251526
0,0,0.481122,0.581957,0.655627
0,0,0.305414,-0.647004,0.698647
0,0,-0.174439,0.569817,0.803044
0,0,-0.523184,0.833279,0.178675
0,0,-0.534581,-0.538021,0.651733
0,0,-0.339205,-0.843597,0.416275
0,0,-0.873826,0.399108,0.277744
0,0,-0.985491,-0.0827222,0.148204
0,0,0.778135,0.283322,0.560566
0,0,-0.554651,-0.336527,0.760994
0,0,0.909109,0.394756,0.132996
0,0,-0.487143,-0.824816,0.287001
0,0,-0.736837,-0.432205,0.519875
0,0,0.02288,0.0198174,0.999542
0,0,0.542399,0.811452,0.217601
0,0,0.535852,-0.484952,0.691147
0,0,-0.225523,0.468344,0.85428
0,0,-0.373759,-0.42124,0.826354
0,0,0.487022,-0.438274,0.755464
0,0,0.701054,-0.0791793,0.708699
0,0,0.715835,0.681604,0.151645
0,0,0.618346,0.62568,0.475576
0,0,-0.445989,0.0262783,0.894652
0,0,-0.476231,-0.811802,0.337907
0,0,0.35426,0.28547,0.890509
0,0,0.600889,-0.757392,0.255519
0,0,-0.0781547,0.61546,0.784283
0,0,0.0949738,0.960548,0.261394
0,0,0.473407,0.64816,0.596468
0,0,0.956499,-0.267031,0.117493
0,0,-0.456052,0.471751,0.75463
0,0,0.471432,0.5447,0.69358
0,0,-0.36164,0.739021,0.568387
0,0,-0.885703,-0.411313,0.215295
0,0,0.364735,0.929168,0.0601198
0,0,0.351519,0.703004,0.618239
0,0,0.91049,-0.229194,0.344206
0,0,-0.795056,0.151434,0.587327
0,0,0.4427,-0.851904,0.279779
0,0,-0.374348,0.927049,0.0210476
0,0,0.642137,-0.766323,0.020206
0,0,0.760998,0.186361,0.62141
0,0,-0.210569,0.908202,0.361704
0,0,-0.622304,0.549986,0.557004
0,0,-0.295108,0.743827,0.599694
0,0,0.609649,-0.446546,0.654923
0,0,0.931543,0.00978488,0.3635
0,0,0.768938,-0.493062,0.406969
0,0,0.0496544,0.992965,0.107495
0,0,0.690274,0.723261,0.0204067
0,0,0.172357,-0.419267,0.891352
0,0,-0.38311,-0.557484,0.736504
0,0,0.487945,0.868672,0.0855473
0,0,-0.611665,-0.538286,0.579754
0,0,-0.00752121,0.770406,0.637509
0,0,-0.800978,0.580003,0.148427
0,0,0.496074,-0.660735,0.563329
0,0,-0.289393,0.759711,0.582315
0,0,0.55106,0.281377,0.785595
0,0,-0.789987,-0.575065,0.212653
0,0,-0.126289,0.912623,0.388806
0,0,0.717924,0.474614,0.509241
0,0,-0.408311,0.910523,0.0650387
0,0,0.588839,-0.349583,0.728738
0,0,0.701004,-0.665408,0.256565
0,0,0.806481,-0.200016,0.556402
0,0,0.0530283,-0.785864,0.616122
0,0,0.522348,0.135449,0.841906
0,0,-0.304704,0.649676,0.696475
0,0,0.475561,0.82363,0.30899
0,0,0.918119,-0.0243546,0.395556
0,0,-0.721961,-0.0869515,0.686449
0,0,-0.798318,-0.0639821,0.598828
0,0,-0.447957,0.220243,0.866503
0,0,-0.865745,0.324081,0.381389
0,0,-0.868286,0.171822,0.465357
0,0,-0.255555,0.183034,0.94931
0,0,0.912212,0.163152,0.375832
17.6368,25.9243,0.753855,-0.0669663,0.653619
0,0,-0.871336,-0.485078,0.0739817
0,0,-0.374464,0.903028,0.210518
0,0,0.272167,0.545722,0.792536
0,0,0.859965,0.467452,0.204815
0,0,0.910763,-0.268238,0.313941
0,0,0.792938,0.335308,0.508741
0,0,-0.248501,0.549749,0.79751
20.7755,31.4943,0.951929,-0.295961,0.0789828
0,0,0.82654,-0.0307228,0.562038
0,0,0.492827,0.599485,0.630666
0,0,-0.637923,-0.628926,0.444417
0,0,0.194203,-0.491103,0.849178
0,0,-0.321182,0.944169,0.0733933
0,0,0.889591,0.456515,0.0148964
0,0,-0.199347,0.936574,0.288253
0,0,0.362009,0.894417,0.262617
0,0,0.459358,-0.0102523,0.888192
0,0,0.184626,-0.822987,0.53722
0,0,0.698409,0.37865,0.607329
0,0,-0.784833,-0.512868,0.347856
2.41723,3.87993,0.494928,-0.269415,0.826112
0,0,-0.344874,-0.510813,0.787485
0,0,-0.628662,-0.777096,0.0300946
0,0,-0.336427,0.890892,0.30517
6.70114,9.73782,0.0813079,-0.149005,0.985488
0,0,-0.94164,-0.174116,0.288093
0,0,0.37781,0.445981,0.811395
0,0,0.472198,-0.296245,0.830222
0,0,0.660004,0.424828,0.61961
0,0,0.602814,0.484044,0.634284
0,0,0.909772,-0.0258757,0.4143
0,0,0.992292,-0.111006,0.0550877
0,0,-0.336582,-0.216805,0.916356
0,0,0.629778,0.647286,0.429418
0,0,0.686394,0.173312,0.706276
0,0,-0.0499057,0.814705,0.577724
0,0,-0.268175,-0.927454,0.260598
0,0,0.519909,0.729665,0.444167
0,0,0.70306,0.334041,0.627792
0,0,0.616193,0.170518,0.768915
0,0,0.781621,-0.588637,0.206336
0,0,-0.280438,0.931948,0.229844
0,0,0.0297474,-0.818708,0.573439
0,0,0.916735,0.106776,0.384963
0,0,0.0284351,0.999373,0.0210983
0,0,0.874008,-0.0195656,0.485518
0,0,-0.635094,-0.139907,0.759659
0,0,-0.746057,-0.0287197,0.665263
0,0,0.467008,0.613816,0.636501
0,0,-0.594648,-0.335267,0.730746
0,0,-0.0731641,0.889877,0.450294
0,0,0.891641,0.367473,0.26446
0,0,-0.837038,-0.259434,0.481727
0,0,-0.880499,0.47386,0.013322
0,0,-0.430769,0.582596,0.689217
0,0,-0.123414,0.512317,0.849882
0,0,0.424962,0.613806,0.665319
0,0,0.712724,-0.323289,0.622502
0,0,-0.287572,0.952596,0.0993175
0,0,0.404814,-0.509636,0.759208
0,0,-0.697127,-0.0787315,0.712611
0,0,-0.685503,0.0714839,0.724552
0,0,0.601457,0.494016,0.627851
0,0,-0.310211,-0.264263,0.9132
0,0,-0.411687,-0.794106,0.447112
0,0,0.987328,0.154146,0.0377106
0,0,0.035006,-0.99763,0.0592298
0,0,0.840995,0.0796067,0.535154
0,0,0.358266,-0.932295,0.0497149
0,0,0.182428,-0.305247,0.934636
0,0,0.0937428,0.994168,0.0533068
0,0,-0.948367,-0.107298,0.298473
0,0,0.701818,0.240331,0.670591
0,0,0.693286,0.198172,0.69288
0,0,-0.756739,0.451181,0.473056
0,0,0.829756,-0.538926,0.145135
0,0,-0.0489799,-0.778106,0.62622
0,0,0.473942,0.404667,0.782064
0,0,-0.777403,0.580751,0.241604
0,0,0.355207,0.138119,0.924527
0,0,0.499395,0.866001,0.0254447
0,0,0.925602,0.233918,0.297561
0,0,0.845678,-0.0626538,0.530003
0,0,0.119633,-0.979099,0.164478
0,0,-0.136895,-0.363868,0.921336
0,0,0.0081616,-0.920238,0.391275
0,0,-0.509115,-0.00256847,0.860695
5.59475,8.08058,0.260294,0.494521,0.829274
0,0,0.623738,0.778967,0.0645035
0,0,-0.268841,-0.541458,0.796585
0,0,0.0679245,0.963416,0.259262
0,0,0.72371,0.212915,0.656438
0,0,-0.536805,0.837077,0.105561
0,0,0.888158,0.246257,0.387985
0,0,-0.0499405,-0.376038,0.925257
0,0,0.193984,0.90285,0.383708
0,0,0.657968,0.26889,0.703403
0,0,-0.68298,0.191189,0.704972
0,0,0.138244,-0.443615,0.885491
0,0,0.82176,0.453597,0.344907
0,0,0.386604,0.921983,0.0220143
0,0,-0.442409,0.171807,0.880203
0,0,-0.195988,0.975163,0.103182
0,0,0.665984,0.628146,0.402366
0,0,0.217448,0.570085,0.792288
0,0,-0.790892,0.176295,0.586012
0,0,0.404516,0.585439,0.702586
0,0,0.612876,-0.747011,0.2576
0,0,0.877589,0.470207,0.0935093
0,0,0.455254,0.604692,0.653522
0,0,-0.86105,0.191332,0.471152
0,0,0.764903,0.407071,0.499216
0,0,0.0100286,0.643603,0.765294
0,0,-0.927081,0.256577,0.273294
0,0,-0.361927,-0.366567,0.85711
0,0,0.675429,0.676308,0.293944
0,0,0.141776,-0.938976,0.313407
0,0,-0.393783,0.90177,0.178174
0,0,0.454797,0.552878,0.698201
0,0,0.524131,0.13497,0.840875
0,0,-0.740404,0.224147,0.633688
0,0,-0.0500341,0.967157,0.249206
0,0,0.0436404,-0.19508,0.979816
0,0,-0.697257,-0.314545,0.644123
0,0,0.247021,-0.647433,0.720979
0,0,-0.369284,-0.170859,0.913475
0,0,0.905986,-0.0890961,0.413826
0,0,0.149391,-0.950708,0.271731
0,0,0.654491,0.360994,0.664323
0,0,0.399263,-0.21716,0.890747
0,0,0.950559,-0.304604,0.0604423
0,0,-0.703254,-0.214392,0.677842
0,0,-0.379641,0.440969,0.813277
0,0,-0.373467,0.733887,0.56739
0,0,-0.740391,0.215136,0.636818
0,0,-0.80916,-0.105352,0.578067
0,0,-0.301879,0.179368,0.936321
0,0,0.643037,-0.762024,0.0763099
0,0,0.677224,0.657038,0.331162
0,0,0.133947,-0.602219,0.787013
0,0,-0.56438,0.332427,0.755624
0,0,-0.794252,0.560319,0.234958
0,0,0.536558,-0.694896,0.478774
0,0,0.662327,-0.64239,0.385563
0,0,-0.0896045,0.313719,0.945278
0,0,-0.367777,0.899174,0.237121
0,0,-0.072544,-0.989236,0.127079
0,0,0.661686,0.413597,0.625387
0,0,0.663477,0.674643,0.323506
0,0,0.717766,0.374709,0.586861
0,0,-0.583854,0.793915,0.169742
0,0,-0.00574774,-0.792308,0.610095
0,0,-0.288355,0.729392,0.620353
0,0,-0.563298,-0.179776,0.806459
0,0,0.893692,0.301418,0.33236
0,0,0.0318019,0.45651,0.88915
0,0,0.432154,0.84007,0.327911
0,0,-0.690774,-0.575651,0.437559
0,0,-0.633215,-0.35616,0.68716
0,0,-0.462493,-0.110824,0.879669
0,0,0.699024,0.606714,0.378502
21.5174,32.3796,-0.0389655,0.194612,0.980106
0,0,-0.645496,0.689259,0.329025
0,0,-0.0495663,-0.722992,0.689076
0,0,-0.642385,-0.0104112,0.766312
0,0,0.656923,0.753343,0.0304411
0,0,0.95914,-0.105852,0.262385
0,0,0.875226,0.182178,0.448096
0,0,-0.882406,-0.243043,0.402851
0,0,0.146804,-0.974842,0.167728
0,0,-0.176069,0.355241,0.918043
0,0,0.662591,0.00510448,0.748964
0,0,0.76638,0.518228,0.379607
0,0,-0.722844,0.0709143,0.687362
0,0,-0.82539,-0.561766,0.0561222
0,0,0.22663,0.759959,0.609181
0,0,-0.214425,0.349205,0.912183
0,0,-0.168043,-0.542984,0.822758
0,0,0.77526,0.052306,0.629472
0,0,-0.803413,-0.162878,0.572711
0,0,-0.47398,0.622342,0.622923
0,0,-0.439378,-0.814856,0.378096
0,0,0.176658,-0.917213,0.357088
0,0,0.0993621,0.99109,0.088703
0,0,-0.0423382,-0.955108,0.293218
0,0,0.295697,-0.214109,0.930978
0,0,0.7866,-0.0540102,0.615096
0,0,0.0326799,-0.63797,0.769368
0,0,0.240575,-0.822925,0.514702
0,0,0.714273,0.0259812,0.699384
0,0,-0.802805,-0.594093,0.0505718
0,0,0.197883,0.751862,0.628924
0,0,-0.206738,-0.492675,0.845299
0,0,0.887105,0.433729,0.157874
0,0,-0.550409,0.753755,0.359031
0,0,0.491847,0.225665,0.840929
0,0,-0.27676,0.917137,0.286817
0,0,-0.206063,0.789722,0.577821
0,0,0.138073,-0.927087,0.348491
0,0,-0.0460076,0.859573,0.508937
0,0,0.774852,-0.283166,0.565175
0,0,-0.0978419,0.790246,0.604928
0,0,0.467195,-0.783506,0.409691
0,0,0.55219,-0.793011,0.257331
0,0,0.829964,0.437981,0.345445
0,0,0.816816,-0.533173,0.220317
0,0,-0.785902,0.414206,0.45912
0,0,0.342754,0.835032,0.430397
0,0,-0.66281,-0.65772,0.357893
0,0,-0.634148,-0.686948,0.354906
0,0,0.616314,-0.1667,0.769655
0,0,-0.561622,0.16865,0.810023
0,0,0.290996,0.860192,0.418796
0,0,-0.0402119,0.625897,0.778868
0,0,-0.973336,-0.215789,0.0777956
0,0,-0.640487,0.243461,0.728357
0,0,0.690159,0.676138,0.257909
0,0,-0.583611,-0.407427,0.702426
0,0,-0.495825,0.422537,0.758696
0,0,-0.103804,0.34489,0.932886
0,0,-0.395253,-0.837404,0.377532
0,0,0.66707,0.516228,0.537146
0,0,-0.0617082,-0.814968,0.576211
0,0,0.258095,-0.963946,0.0647713
0,0,-0.257663,0.93848,0.229923
6.52924,8.54035,-0.276172,0.198954,0.94029
0,0,-0.597441,0.795062,0.104598
12.1925,17.693,0.551077,0.0292439,0.833942
0,0,-0.798197,-0.391759,0.457609
0,0,0.202596,-0.9574,0.205768
0,0,0.988763,-0.0835379,0.123976
0,0,-0.0351608,0.90998,0.413159
0,0,0.318858,-0.906436,0.276953
0,0,0.636586,0.76719,0.0785994
0,0,-0.730379,0.128994,0.670751
0,0,0.046477,-0.853224,0.51947
0,0,0.769346,0.0605909,0.635952
0,0,-0.749565,-0.288277,0.59586
0,0,-0.0193479,-0.0412263,0.998962
0,0,-0.714012,-0.67817,0.173989
0,0,0.32698,-0.25561,0.909806
0,0,-0.666115,-0.437177,0.60429
0,0,0.0872702,0.716888,0.691705
0,0,0.992927,-0.0772865,0.0901249
0,0,-0.449814,-0.186026,0.873534
0,0,0.858323,0.51223,0.0300389
24.489,32.417,-0.54472,0.0128535,-0.83852
0,0,-0.77485,0.622348,0.110862
0,0,-0.0952337,0.660508,0.744755
0,0,0.655869,0.746034,0.115195
0,0,0.739326,0.311472,0.596978
0,0,0.703059,-0.562251,0.43541
0,0,0.556576,0.808698,0.190345
0,0,0.147852,-0.987627,0.0522708
0,0,-0.110138,0.530122,0.840738
19.0801,29.4396,-0.0449041,-0.546282,0.836397
0,0,0.986414,-0.0324366,0.161042
0,0,-0.925343,-0.286846,0.247911
0,0,0.25331,0.789509,0.559025
0,0,-0.454757,0.834087,0.312242
0,0,0.608749,0.573775,0.547912
0,0,0.432482,0.711196,0.55422
0,0,-0.889147,-0.0766373,0.451158
0,0,-0.757984,-0.570641,0.315957
0,0,-0.792883,-0.274406,0.544094
0,0,-0.241498,-0.297175,0.923778
0,0,-0.83756,0.452419,0.306284
0,0,-0.376556,0.755029,0.536783
0,0,-0.110369,0.972134,0.206818
0,0,-0.563416,-0.473932,0.676721
0,0,0.56755,-0.156933,0.808244
0,0,-0.864584,0.2394,0.441795
0,0,0.490018,-0.622267,0.610463
0,0,0.373566,-0.796464,0.475493
0,0,-0.409791,-0.863772,0.293205
0,0,-0.417436,0.424915,0.80324
0,0,-0.250587,-0.83164,0.495562
0,0,-0.717503,0.358947,0.596948
0,0,-0.728114,0.195879,0.656873
0,0,-0.569252,0.283071,0.771895
0,0,-0.715821,-0.433651,0.547309
0,0,0.277728,-0.849232,0.449079
0,0,-0.938636,0.338556,0.0658908
0,0,0.157154,-0.987407,0.0181636
0,0,-0.818056,-0.349648,0.456651
0,0,-0.783806,0.164956,0.598696
0,0,0.756553,0.586476,0.289263
0,0,0.0688043,0.640025,0.765268
0,0,0.577314,0.683817,0.44621
0,0,-0.0632542,0.127068,0.989875
0,0,0.739156,0.597619,0.310645
0,0,0.264366,0.737152,0.621866
0,0,0.342849,0.734425,0.585726
0,0,0.215626,0.34862,0.912124
0,0,-0.72202,0.557343,0.409945
0,0,0.514453,-0.558431,0.650764
0,0,0.685441,0.624835,0.373834
0,0,-0.477298,0.860912,0.176118
0,0,0.471538,-0.6886,0.550893
0,0,-0.13152,-0.986881,0.0936397
0,0,-0.137949,0.304569,0.942448
11.159,15.7638,0.126514,0.0767153,0.988994
0,0,0.609682,-0.579969,0.540301
0,0,0.687306,0.697366,0.203205
0,0,-0.882148,0.420094,0.212922
0,0,0.560673,0.43725,0.703177
0,0,0.196881,-0.524216,0.828514
0,0,0.473996,-0.078888,0.876986
0,0,-0.677563,0.188221,0.710972
0,0,0.00905817,0.84882,0.528605
0,0,-0.885051,-0.345204,0.31228
0,0,0.229332,-0.143067,0.962776
0,0,-0.0760917,-0.907542,0.41301
0,0,0.363076,-0.19201,0.911761
0,0,-0.835039,-0.271013,0.478813
0,0,-0.808293,-0.180653,0.560381
0,0,-0.753115,-0.167669,0.636164
0,0,-0.651345,0.758565,0.0181365
0,0,0.212322,-0.426685,0.879124
0,0,-0.0494046,0.864131,0.500836
0,0,0.488602,-0.286892,0.823991
0,0,0.173081,-0.339782,0.924441
0,0,-0.33484,-0.686214,0.64575
0,0,0.381471,0.921662,0.0708492
0,0,0.131655,-0.0321158,0.990775
0,0,0.219694,0.351208,0.910158
0,0,-0.924398,0.367936,0.100558
0,0,-0.788517,0.607563,0.0954366
0,0,0.270732,-0.849725,0.452406
0,0,0.453097,0.470765,0.757022
15.1274,21.1577,0.00836203,-0.0632902,0.99796
0,0,-0.0587593,0.806281,0.588607
0,0,0.266118,-0.918375,0.292863
0,0,-0.802322,-0.463278,0.376368
14.0788,22.1844,0.21228,-0.682897,0.698992
0,0,-0.56995,-0.652478,0.499429
0,0,0.628339,0.26583,0.731112
0,0,-0.0137789,-0.929667,0.368143
0,0,-0.340506,-0.508344,0.790975
0,0,-0.439661,0.60861,0.660524
0,0,0.0657167,-0.655434,0.752388
0,0,-0.531989,-0.0942327,0.841492
0,0,0.660318,0.286889,0.694028
0,0,0.1055,-0.199295,0.974244
0,0,-0.774098,0.0858868,0.627212
0,0,0.638431,-0.457526,0.618931
0,0,-0.491201,-0.391298,0.778208
0,0,-0.781673,-0.23374,0.578233
0,0,-0.215999,0.371343,0.903022
0,0,-0.88173,-0.402923,0.245368
0,0,-0.590631,0.730137,0.343591
0,0,-0.862079,-0.0804427,0.500348
0,0,-0.697613,-0.461883,0.547723
0,0,0.959941,-0.167754,0.224437
0,0,0.136548,0.211512,0.96779
0,0,-0.29171,-0.0776966,0.953346
0,0,-0.880124,0.00232719,0.474738
0,0,0.480282,0.575041,0.662311
0,0,-0.451225,-0.64484,0.61691
0,0,-0.92174,-0.359803,0.144698
0,0,0.952906,0.194587,0.232606
0,0,0.551921,-0.808425,0.204528
0,0,-0.955588,0.242168,0.167949
0,0,-0.0439599,0.856572,0.514151
0,0,0.908048,-0.0835827,0.410441
0,0,-0.860748,0.305922,0.406846
0,0,-0.0596614,-0.994035,0.0912962
0,0,0.846492,-0.530776,0.0415723
0,0,0.436734,0.721228,0.537675
0,0,0.0162345,-0.582303,0.81281
0,0,-0.453017,0.737359,0.501075
0,0,0.452057,0.877428,0.16051
0,0,0.719873,-0.223583,0.65711
0,0,0.0289041,-0.464454,0.885125
0,0,-0.617399,0.595493,0.51401
0,0,0.229338,0.784676,0.575923
0,0,-0.428738,0.310547,0.848378
0,0,0.30227,0.0573893,0.951493
0,0,0.733518,0.358218,0.577609
0,0,-0.146862,0.989092,0.0113311
0,0,-0.572134,0.272407,0.7736
0,0,-0.620947,0.703071,0.346577
0,0,0.580561,0.64493,0.497005
0,0,-0.434336,0.68253,0.587797
0,0,-0.847393,0.491933,0.199817
0,0,-0.44877,0.0701923,0.890886
0,0,-0.412636,-0.326464,0.850384
0,0,0.487218,-0.622514,0.61245
0,0,-0.100094,0.882992,0.458592
0,0,0.888034,0.101522,0.448429
0,0,0.472806,0.483329,0.736782
0,0,0.142761,0.638492,0.756272
0,0,0.27597,0.831452,0.482212
4.27947,6.58966,0.598987,0.723778,0.342579
0,0,-0.889513,0.155988,0.429459
0,0,0.759012,0.64859,0.0568525
0,0,-0.80522,0.231762,0.545809
0,0,-0.906287,-0.134828,0.400582
0,0,-0.746167,-0.3265,0.5802
0,0,-0.170475,0.844051,0.508445
0,0,0.422319,0.340668,0.839995
0,0,-0.951257,0.0140555,0.308078
0,0,-0.564321,0.325193,0.758809
0,0,0.884239,0.292916,0.363761
0,0,-0.0386761,0.890927,0.452496
0,0,-0.914378,-0.387398,0.11762
0,0,-0.0802712,0.994235,0.0710856
0,0,0.71318,-0.696698,0.0773723
0,0,0.333768,-0.530253,0.779378
0,0,-0.834983,0.544005,0.0828384
0,0,0.460203,-0.771571,0.439195
0,0,-0.95696,-0.0912998,0.275485
0,0,0.435617,-0.782931,0.444137
0,0,-0.923616,-0.379378,0.0548196
0,0,-0.26431,0.951965,0.154605
0,0,-0.0869726,0.246811,0.965153
0,0,-0.578045,-0.779041,0.242816
0,0,0.198122,-0.696154,0.690013
0,0,-0.325828,-0.722225,0.610105
0,0,-0.369606,0.644482,0.669353
0,0,0.285771,-0.885775,0.365702
0,0,0.0419408,0.624678,0.779755
0,0,0.21285,0.602055,0.769561
0,0,-0.19579,0.790284,0.580619
0,0,0.615531,-0.773374,0.151703
0,0,-0.03882,-0.360174,0.932077
0,0,-0.69182,-0.0457292,0.720621
0,0,-0.547274,0.700143,0.458574
0,0,0.00728411,0.026843,0.999613
0,0,-0.764488,0.448427,0.46311
0,0,-0.964034,0.202771,0.17182
0,0,-0.22805,-0.407006,0.884499
0,0,0.563354,0.147591,0.812926
0,0,-0.17168,0.261175,0.949902
0,0,-0.64863,0.0964973,0.754961
0,0,-0.460264,0.843248,0.277652
0,0,-0.980513,0.132221,0.145301
0,0,-0.103133,-0.35023,0.930969
1.24354,0.797916,0.221722,-0.306154,0.925802
0,0,-0.682117,-0.679059,0.271284
0,0,0.986422,-0.160307,0.0356847
0,0,-0.743888,0.666279,0.0519961
0,0,0.53192,-0.549637,0.644174
0,0,0.470089,-0.547025,0.692661
0,0,0.57871,-0.75294,0.31333
0,0,-0.0274679,0.744552,0.666999
0,0,0.0732064,0.470176,0.879531
0,0,0.142146,-0.969107,0.201558
0,0,-0.308907,-0.707506,0.635619
0,0,-0.791016,-0.432252,0.432956
0,0,0.188406,0.97784,0.0912821
0,0,-0.292639,-0.646022,0.704995
0,0,0.184853,0.806096,0.562174
0,0,0.666978,0.557462,0.494344
0,0,0.696916,-0.125871,0.70602
0,0,0.96334,0.0988171,0.249423
0,0,0.299844,0.953987,0.00129132
0,0,0.402463,0.901347,0.159992
0,0,-0.846231,-0.30961,0.433629
19.0277,23.6549,0.671673,-0.55573,0.489917
0,0,-0.910523,0.13231,0.391715
0,0,-0.0975946,0.480239,0.871691
0,0,0.919175,0.27747,0.279513
0,0,-0.0922853,0.987018,0.131452
0,0,-0.384122,-0.627621,0.677158
0,0,0.902632,-0.426893,0.054928
0,0,0.453043,-0.49499,0.741442
0,0,-0.111758,-0.887181,0.447683
0,0,-0.605427,0.412705,0.680538
0,0,-0.769646,0.606793,0.198615
0,0,0.246961,0.820956,0.514822
0,0,0.932014,-0.038805,0.36034
0,0,-0.53918,-0.524392,0.659012
0,0,-0.715629,0.649819,0.256145
0,0,0.0811799,0.619796,0.780553
1.75934,2.5353,-0.230934,0.0964165,0.96818
0,0,-0.542189,0.711192,0.447478
0,0,0.702706,-0.703705,0.104899
0,0,-0.25263,-0.0728888,0.964813
0,0,-0.230429,-0.698455,0.677542
0,0,-0.511367,-0.236459,0.82619
0,0,0.0834849,0.924479,0.37198
0,0,0.181285,0.729888,0.65909
0,0,0.66338,-0.655566,0.360778
0,0,0.159355,0.760342,0.629672
22.1715,31.1944,0.0140512,-0.133705,0.990921
0,0,0.20837,0.740881,0.638496
0,0,-0.297905,0.8347,0.463172
0,0,0.10367,-0.560305,0.821773
0,0,0.675294,0.0802889,0.733165
0,0,0.00207669,-0.955714,0.294289
0,0,-0.982741,0.168079,0.0772596
0,0,0.553689,-0.782338,0.285265
0,0,-0.401644,-0.377618,0.834318
0,0,-0.983969,0.084388,0.157108
0,0,-0.914244,0.0588315,0.40087
0,0,0.466902,-0.312839,0.827124
0,0,0.599718,0.661347,0.450509
0,0,-0.657123,-0.0584231,0.751516
0,0,0.589004,0.74437,0.314624
0,0,0.591507,-0.439448,0.676022
0,0,0.578873,0.0532705,0.813676
0,0,-0.365843,0.442055,0.818991
0,0,0.257894,-0.964342,0.0594507
0,0,-0.550138,0.0872003,0.830508
0,0,0.93556,0.324946,0.138336
0,0,-0.50945,0.377235,0.773405
0,0,-0.363136,-0.754704,0.546402
0,0,-0.553293,0.804635,0.215474
0,0,0.160019,-0.109242,0.981051
0,0,-0.0847683,-0.326254,0.941474
0,0,-0.181057,-0.861208,0.47491
0,0,0.60828,0.72766,0.317028
0,0,-0.52875,0.133321,0.838242
0,0,-0.61029,-0.317775,0.725648
0,0,-0.705622,-0.605874,0.367443
0,0,0.843629,-0.472377,0.255246
17.6283,25.8091,-0.134171,-0.636901,0.759181
0,0,-0.498406,0.864846,0.0602743
0,0,-0.760553,-0.0298618,0.648588
0,0,-0.389261,-0.496711,0.775728
0,0,0.589859,0.138865,0.795477
0,0,0.240314,-0.967558,0.0779783
0,0,0.127196,0.93539,0.32995
0,0,-0.764097,0.552654,0.33276
0,0,-0.447866,0.327222,0.832071
0,0,0.235608,-0.386136,0.891845
0,0,-0.642559,-0.0225608,0.765904
0,0,-0.802284,-0.192802,0.56495
0,0,0.356468,-0.641026,0.679718
0,0,-0.774062,0.0048161,0.633091
0,0,-0.270705,-0.951867,0.143763
0,0,-0.832478,-0.472888,0.288715
13.0315,17.2921,-0.278369,-0.235627,0.931123
0,0,0.33443,0.290709,0.896463
0,0,-0.0305385,-0.623508,0.78122
10.2046,14.1523,-0.307064,-0.915614,-0.259542
0,0,0.171563,0.594989,0.785209
0,0,0.849019,-0.380772,0.366305
0,0,-0.442517,0.594725,0.671179
0,0,0.504092,0.579169,0.640667
0,0,0.96436,0.0663301,0.256145
0,0,0.00770944,-0.999846,0.0157508
0,0,-0.57717,0.556449,0.597695
0,0,-0.220327,0.749269,0.624541
0,0,-0.560598,0.649769,0.513352
0,0,-0.203233,0.295797,0.933381
0,0,0.735154,-0.622944,0.267374
0,0,-0.722348,-0.220747,0.65535
0,0,0.22581,-0.965326,0.130978
0,0,0.320039,-0.931806,0.171209
0,0,-0.249668,0.19126,0.949255
0,0,-0.344773,0.571759,0.744461
0,0,0.55292,0.832348,0.0384328
0,0,0.260539,0.964352,0.0463072
0,0,-0.401133,0.0365603,0.91529
0,0,-0.94451,-0.323608,0.0563847
0,0,-0.920055,-0.20907,0.331344
0,0,0.467763,0.42781,0.773419
0,0,0.231871,0.545916,0.805116
0,0,0.213157,-0.969849,0.118138
0,0,0.33721,-0.0636471,0.939275
0,0,0.416681,-0.0281514,0.908617
0,0,0.832062,-0.53491,0.146782
0,0,0.923812,0.231155,0.305187
0,0,-0.206196,0.464776,0.861085
0,0,-0.691293,-0.715555,0.100477
0,0,-0.913098,-0.190701,0.360395
0,0,0.108486,0.991307,0.0744372
0,0,0.981293,0.107793,0.159511
0,0,0.549152,-0.775383,0.311789
0,0,0.131101,0.987633,0.085983
0,0,-0.627293,0.424558,0.652881
0,0,0.627054,0.654508,0.422402
0,0,-0.0466343,-0.836871,0.545411
0,0,-0.494614,0.137743,0.858128
0,0,-0.81665,0.542963,0.195638
0,0,0.455551,-0.872993,0.174234
0,0,-0.680841,0.692812,0.23763
0,0,0.358218,0.87357,0.329477
0,0,-0.440453,0.87329,0.208243
0,0,-0.936109,0.348092,0.0503152
0,0,-0.798934,-0.450032,0.398969
0,0,-0.632397,0.750348,0.192486
0,0,0.527445,0.447726,0.722041
0,0,-0.845187,-0.408994,0.344068
0,0,-0.459736,-0.819379,0.342434
0,0,0.705256,0.576326,0.412871
0,0,0.537865,0.0309483,0.842463
0,0,-0.326665,0.897489,0.296317
4.82667,7.84254,-0.303738,-0.26954,0.913833
0,0,-0.00512265,-0.7291,0.684388
0,0,-0.619533,-0.415117,0.666226
0,0,0.802809,0.400591,0.441616
0,0,-0.663452,-0.689849,0.289723
0,0,0.930416,-0.316147,0.185411
0,0,-0.856246,0.0983746,0.507115
0,0,0.686777,0.245725,0.684073
0,0,-0.306803,-0.951772,0.00165384
0,0,0.687865,-0.659167,0.303876
0,0,-0.21542,0.376667,0.900953
0,0,0.676533,-0.720127,0.154015
0,0,-0.00507452,-0.902698,0.430244
0,0,0.614027,0.740212,0.273966
0,0,-0.299889,0.859109,0.414727
0,0,-0.0217159,-0.906652,0.42132
0,0,-0.615682,0.0597612,0.785726
0,0,0.812311,-0.557908,0.169968
0,0,0.346518,-0.473709,0.809645
0,0,-0.322535,0.911602,0.254858
0,0,0.72768,-0.612756,0.30824
0,0,-0.485281,-0.812873,0.322088
0,0,-0.0170712,-0.0885879,0.995922
0,0,0.862091,-0.470107,0.189203
0,0,0.193259,0.592958,0.781698
0,0,0.675241,-0.457981,0.57819
0,0,-0.785749,-0.476077,0.394904
0,0,0.679874,-0.273113,0.680574
0,0,0.590212,0.401672,0.70022
0,0,-0.709808,0.370653,0.59899
0,0,-0.231634,-0.212491,0.949312
0,0,-0.316825,0.948479,0.00315915
0.678312,1.09823,0.174479,-0.322046,0.930507
0,0,-0.897455,0.110057,0.427156
0,0,0.529436,0.848182,0.0168524
0,0,-0.206941,-0.968658,0.137392
0,0,-0.366902,0.438344,0.82051
0,0,-0.904762,0.133018,0.404612
0,0,0.0358654,0.883408,0.467231
0,0,0.87969,-0.444161,0.169903
0,0,0.731969,0.658312,0.175631
0,0,0.608007,-0.541954,0.580184
0,0,0.104103,0.993853,0.0376643
0,0,0.214725,0.455332,0.86404
0,0,-0.432431,0.544128,0.718977
0,0,0.6228,-0.707239,0.334563
19.4342,27.336,-0.304584,-0.693239,0.653183
0,0,0.739934,0.634905,0.222246
0,0,0.716935,0.106754,0.688917
0,0,-0.485544,-0.0646479,0.871818
0,0,0.16923,0.45745,0.872984
0,0,0.869255,-0.34268,0.356322
0,0,-0.657909,0.457811,0.597967
24.1152,37.0477,0.209935,-0.410788,-0.887232
0,0,0.967531,0.112891,0.22614
0,0,0.67611,0.34226,0.652482
0,0,-0.38093,0.155015,0.911517
0,0,-0.70868,0.622194,0.332639
0,0,0.31835,-0.331775,0.888019
0,0,0.359116,0.312107,0.879559
0,0,-0.00721771,-0.981905,0.189237
0,0,0.0245548,-0.998331,0.0522783
0,0,0.907507,0.350286,0.2318
0,0,0.96295,-0.269595,0.00680859
0,0,0.910224,-0.394693,0.125339
0,0,-0.232838,-0.651459,0.722072
0,0,-0.321751,0.72452,0.609546
0,0,0.634932,0.731257,0.249248
0,0,0.934574,-0.0139685,0.355495
0,0,-0.147758,-0.291177,0.94519
0,0,0.45645,-0.889182,0.0317462
0,0,-0.24579,-0.802878,0.543115
0,0,0.989838,-0.14013,0.0241833
0,0,-0.585738,0.788657,0.1869
0,0,0.308907,-0.544516,0.779794
0,0,0.489139,-0.0528659,0.870602
0,0,0.573968,0.743988,0.342116
0,0,0.674256,0.557178,0.484697
0,0,-0.908938,-0.0957397,0.40579
0,0,-0.550337,0.8349,0.0084436
0,0,-0.297225,-0.188777,0.93596
0,0,-0.351415,-0.0488746,0.934943
0,0,-0.0203096,-0.864691,0.501894
0,0,0.450435,-0.34554,0.823231
0,0,0.0350941,0.584814,0.810408
0,0,-0.0915868,-0.947986,0.304851
0,0,-0.599788,0.427901,0.676133
0,0,-0.143007,0.985932,0.0865313
1.59731,2.38581,-0.346451,-0.222324,0.911342
0,0,0.722418,-0.656406,0.217354
0,0,-0.659051,-0.745236,0.101366
0,0,-0.877406,0.463303,0.124536
0,0,0.78154,0.623625,0.0169541
0,0,0.421331,-0.884215,0.201602
0,0,0.220085,0.741773,0.633511
0,0,-0.411644,0.790552,0.453406
0,0,0.715217,0.0750651,0.694859
0,0,0.0320385,-0.487205,0.8727
0,0,-0.107462,-0.970591,0.21542
0,0,-0.301966,-0.432426,0.849603
0,0,-0.267153,0.936868,0.225625
0,0,-0.916385,0.200188,0.346646
0,0,-0.210011,-0.801695,0.559626
0,0,-0.374841,-0.315766,0.871657
0,0,0.0899848,0.905478,0.414745
0,0,0.853119,-0.51869,0.0561165
0,0,0.921006,-0.371471,0.117294
0,0,0.386985,-0.435168,0.81294
0,0,-0.250697,0.727141,0.639075
0,0,0.456076,-0.889322,0.0331903
0,0,-0.579079,0.560153,0.592364
0,0,0.950834,-0.108515,0.290069
0,0,0.577527,-0.761359,0.294612
0,0,0.480183,0.0495048,0.87577
0,0,0.641288,-0.737958,0.210162
17.9998,25.7582,-0.673688,0.680754,0.287607
0,0,-0.902538,-0.419503,0.0971684
0,0,0.0492716,0.699377,0.713052
0,0,-0.680989,0.678058,0.276572
0,0,0.447311,0.887956,0.106987
0,0,0.656524,0.33989,0.673388
0,0,-0.31518,0.88227,0.349658
0,0,-0.798585,0.451682,0.397799
0,0,-0.0695955,-0.742243,0.666507
0,0,-0.692237,0.713497,0.108302
0,0,-0.320231,-0.925949,0.200175
0,0,0.657385,-0.103931,0.746353
0,0,0.362328,-0.704077,0.610733
0,0,0.306667,0.532488,0.788931
0,0,0.370509,-0.564022,0.737972
0,0,0.582451,0.809921,0.0691294
0,0,0.856696,-0.388563,0.339251
0,0,0.712273,0.465737,0.525125
0,0,0.202126,-0.829669,0.520379
0,0,0.13393,0.715074,0.686099
0,0,0.355381,0.319015,0.878598
0,0,-0.546941,-0.80841,0.21755
0,0,-0.0244842,-0.881026,0.472434
0,0,0.233574,0.435872,0.869171
0,0,0.63709,-0.468556,0.612022
0,0,0.430708,0.860953,0.270648
0,0,0.633542,0.769605,0.0795743
0,0,-0.982552,0.152294,0.106762
0,0,0.776666,-0.537265,0.328841
0,0,0.113449,-0.57248,0.812032
0,0,-0.792471,0.295244,0.533686
0,0,-0.6225,0.164484,0.765139
0,0,-0.270945,-0.868598,0.414881
0,0,0.294205,0.927336,0.231282
0,0,-0.203905,-0.917405,0.341748
0,0,-0.966844,0.00215074,0.255358
0,0,-0.000512505,0.948927,0.315497
0,0,0.330018,0.9341,0.136181
0,0,-0.229125,-0.508296,0.830142
0,0,-0.547491,0.56225,0.619781
0,0,-0.0354051,0.463403,0.88544
0,0,0.70317,0.701223,0.117635
0,0,-0.983213,-0.0447968,0.176877
0,0,0.676238,-0.643871,0.357956
0,0,-0.203601,0.798875,0.56599
0,0,0.497983,0.77254,0.393948
0,0,-0.616058,-0.128214,0.777196
0,0,0.491895,-0.237198,0.837721
0,0,-0.335934,-0.688751,0.642472
0,0,-0.651267,0.363685,0.666021
0,0,0.610718,-0.483201,0.627328
0,0,-0.181932,0.932909,0.310776
0,0,-0.737512,-0.415556,0.532342
0,0,0.578887,-0.204777,0.789276
0,0,-0.987143,0.0649369,0.146052
0,0,0.36319,0.283605,0.887503
0,0,0.344887,-0.797164,0.495562
0,0,0.877551,0.188092,0.441051
0,0,0.474439,0.0393432,0.879409
0,0,-0.657382,0.483703,0.577823
0,0,-0.682637,-0.210739,0.699712
0,0,-0.466903,-0.388196,0.794547
0,0,-0.396015,0.852629,0.340874
0,0,-0.567296,0.823268,0.0201166
0,0,0.474176,0.658396,0.584527
0,0,0.346292,0.808242,0.476264
0,0,0.26817,0.827306,0.493609
0,0,0.43772,0.255937,0.861915
0,0,0.325654,0.571848,0.752954
14.3746,20.6639,0.72909,-0.084232,0.679214
6.75446,9.89359,0.283367,-0.39835,0.872365
0,0,0.95722,-0.280841,0.0697037
0,0,-0.896265,-0.411368,0.165787
0,0,0.225867,-0.962355,0.151183
0,0,-0.0604648,-0.432501,0.899604
0,0,0.815686,-0.264946,0.514256
0,0,0.820835,0.0794539,0.565611
0,0,-0.585404,-0.806876,0.0790828
0,0,0.495609,0.846523,0.194347
0,0,-0.881477,-0.470324,0.0423588
0,0,0.39022,0.23488,0.890258
0,0,0.32466,-0.560618,0.761776
7.37333,10.8114,0.129187,0.276346,0.952336
0,0,-0.131883,-0.406596,0.904039
0,0,-0.176006,0.258329,0.949888
0,0,-0.454842,0.514422,0.726973
0,0,0.90256,0.394171,0.173246
0,0,-0.440878,-0.702323,0.5589
16.286,22.7688,0.718139,0.629084,0.297538
0,0,0.0701126,0.944316,0.321484
0,0,0.870756,-0.0758535,0.485829
0,0,-0.311757,-0.321422,0.894145
0,0,-0.989342,-0.0741768,0.1253
0,0,0.33489,-0.092314,0.937724
0,0,0.420216,0.753523,0.505591
0,0,-0.377496,-0.577489,0.723881
0,0,-0.448917,-0.890113,0.0785608
0,0,-0.549674,-0.3544,0.756478
0,0,-0.329458,-0.832023,0.446312
0,0,-0.883731,-0.443693,0.148851
0,0,0.638541,0.520812,0.566587
0,0,-0.155846,-0.118503,0.980647
0,0,0.868543,-0.436929,0.233937
2.05518,2.93801,-0.4703,-0.185078,0.862881
0,0,-0.100092,0.450368,0.887215
0,0,-0.30182,-0.343994,0.889141
0,0,-0.196515,-0.399355,0.895487
0,0,-0.212393,0.951843,0.2211
0,0,0.747801,0.400452,0.529558
0,0,-0.219947,-0.96597,0.136105
0,0,0.809469,0.485843,0.329723
0,0,-0.716022,-0.6571,0.235654
0,0,-0.694732,-0.693364,0.191297
0,0,0.349897,-0.363846,0.863243
0,0,-0.837505,-0.395477,0.377071
0,0,0.639748,-0.548433,0.538464
0,0,-0.350738,0.892137,0.284737
0,0,0.646851,0.697333,0.308725
0,0,0.668639,-0.353296,0.654297
0,0,-0.324529,-0.144506,0.934772
0,0,0.972584,0.227059,0.050249
0,0,0.884203,-0.396717,0.24658
0,0,-0.170173,-0.391163,0.904452
0,0,-0.961466,-0.257133,0.0972867
0,0,-0.201553,-0.129184,0.970921
0,0,-0.766484,0.0276676,0.641668
0,0,0.233544,0.95698,0.172179
0,0,0.017707,-0.563811,0.825714
0,0,-0.159818,-0.355898,0.920758
0,0,-0.233005,-0.694431,0.68079
0,0,-0.501532,0.70466,0.501916
0,0,0.566566,-0.823899,0.0138986
0,0,-0.710668,0.394779,0.582324
0,0,-0.716115,-0.360783,0.597507
0,0,0.926893,-0.0246165,0.374517
0,0,-0.165346,0.577505,0.799467
0,0,0.125197,0.494919,0.859872
0,0,-0.248332,-0.652513,0.715931
0,0,0.741283,-0.602847,0.295086
0,0,0.165098,0.927505,0.335375
0,0,-0.621898,-0.565507,0.541705
0,0,-0.941911,-0.139974,0.305304
0,0,-0.910202,0.263563,0.319478
0,0,0.280026,0.418033,0.864196
0,0,0.476508,-0.845354,0.241489
0,0,-0.715176,-0.359235,0.599561
0,0,-0.439499,0.639273,0.631007
0,0,0.393072,0.737125,0.549673
0,0,0.822775,-0.541409,0.172969
0,0,-0.69074,0.665185,0.283561
0,0,-0.703567,0.1547,0.693586
0,0,-0.812557,-0.278855,0.51185
0,0,0.474819,-0.0562642,0.878283
0,0,0.352768,-0.227203,0.907708
0,0,0.145541,0.277617,0.949603
0,0,-0.975767,-0.113734,0.186933
0,0,0.605337,0.289817,0.741332
0,0,-0.958678,-0.0484722,0.280332
0,0,-0.66955,-0.320923,0.669859
0,0,-0.992335,-0.0431936,0.115785
0,0,-0.254789,0.911452,0.323015
0,0,0.71068,-0.661882,0.238425
0,0,-0.307737,0.622958,0.719181
0,0,0.761358,-0.635775,0.126982
0,0,-0.782245,-0.021453,0.622602
0,0,0.927083,-0.169227,0.334485
0,0,0.828141,-0.281294,0.484825
0,0,0.436112,0.154242,0.886575
0,0,0.3091,0.817086,0.486649
0,0,0.0502355,-0.0699955,0.996282
0,0,-0.806448,0.412678,0.423484
0,0,0.505018,0.618726,0.601776
0,0,0.842919,0.151582,0.516247
0,0,0.916316,-0.335777,0.218219
0,0,0.942035,-0.201293,0.268423
0,0,-0.609711,0.0798478,0.788592
0,0,-0.0403303,0.861663,0.505875
0,0,0.412982,-0.682112,0.603464
0,0,-0.195724,-0.275127,0.941274
0,0,0.0669834,0.772538,0.631425
0,0,-0.685645,-0.333004,0.647302
0,0,-0.561846,0.827194,0.00886658
0,0,-0.181106,0.734719,0.653749
0,0,-0.948567,0.303986,0.0883974
0,0,-0.0875766,0.995683,0.0307409
0,0,-0.543618,0.78981,0.284042
0,0,-0.834092,0.125896,0.537068
0,0,0.108044,0.969861,0.218396
0,0,0.571206,-0.142904,0.808271
0,0,0.436029,0.293532,0.850716
0,0,0.824268,0.480919,0.29883
0,0,0.842465,0.271438,0.465375
0,0,0.420592,0.72386,0.546927
0,0,-0.625948,0.779495,0.024017
0,0,-0.115218,0.972165,0.204009
0,0,-0.187586,-0.232548,0.954323
0,0,-0.150455,0.719044,0.678482
0,0,0.577314,0.727061,0.371605
0,0,0.224876,0.765585,0.602753
0,0,0.776993,0.00528767,0.629486
0,0,-0.256567,0.625759,0.736613
17.4158,25.388,-0.402726,-0.388024,0.829005
0,0,0.771515,-0.561461,0.299209
0,0,-0.755857,-0.578894,0.305879
0,0,-0.873093,0.0979365,0.477616
0,0,-0.0396666,-0.997113,0.0647492
0,0,-0.519531,0.485118,0.703383
0,0,0.847918,0.520103,0.102608
0,0,0.759486,0.61714,0.205715
0,0,-0.276304,0.696423,0.662308
0,0,0.914806,0.283895,0.287285
0,0,0.855211,-0.322748,0.405521
0,0,0.590461,0.648864,0.479929
0,0,0.364066,-0.698117,0.616514
0,0,0.256955,-0.928112,0.26941
0,0,-0.57777,0.150218,0.802257
0,0,-0.864599,-0.494005,0.0917979
0,0,0.819329,0.29299,0.492806
0,0,-0.0898198,-0.988774,0.119408
0,0,0.401484,-0.837041,0.371717
0,0,-0.462413,0.590752,0.6612
0,0,-0.989469,-0.0302845,0.141539
0,0,0.648325,-0.716759,0.256771
0,0,-0.35664,0.921514,0.153686
0,0,0.6553,-0.68793,0.311983
0,0,0.0514422,0.694933,0.717232
0,0,0.585931,0.601265,0.543291
0,0,0.635822,0.703965,0.316487
0,0,0.0171851,0.520023,0.853979
0,0,-0.473312,0.471091,0.744344
0,0,0.579976,0.654701,0.484761
0,0,-0.637352,0.107791,0.762996
0,0,-0.427472,-0.873379,0.233402
0,0,-0.674596,-0.234964,0.699794
0,0,0.915467,0.346588,0.204441
0,0,0.268398,-0.90185,0.33857
0,0,-0.723022,0.520628,0.454077
0,0,-0.324849,-0.83793,0.438573
0,0,0.598242,0.101268,0.794891
0,0,-0.428848,0.179077,0.885449
0,0,0.772922,0.375091,0.511759
0,0,-0.834917,0.250125,0.490256
0,0,0.741056,-0.207437,0.638597
0,0,-0.643083,-0.223311,0.732514
0,0,-0.318107,0.000887326,0.948054
0,0,0.720084,-0.639905,0.268329
0,0,-0.567982,-0.798045,0.201297
0,0,-0.763206,0.646049,0.0117247
0,0,0.548843,0.617814,0.563097
0,0,-0.464999,-0.0767772,0.881976
0,0,-0.57326,0.195412,0.79573
0,0,-0.0177125,0.888509,0.458517
0,0,0.870891,-0.350628,0.344395
0,0,0.418442,-0.719851,0.553824
0,0,0.820788,0.455825,0.344284
0,0,-0.103517,-0.858818,0.501713
0,0,-0.451019,-0.26682,0.851698
0,0,0.144259,0.871066,0.469504
0,0,-0.831102,-0.10353,0.546398
0,0,-0.828864,0.3137,0.463225
0,0,-0.0728059,-0.993739,0.0847476
0,0,-0.161187,-0.955117,0.248535
0,0,-0.0509829,-0.476202,0.877857
0,0,-0.336308,0.917896,0.210628
0,0,0.475736,0.200909,0.856336
0,0,0.75007,-0.638913,0.170836
0,0,0.106697,-0.72327,0.682272
0,0,0.882088,-0.372217,0.288749
0,0,-0.893287,-0.430371,0.12969
0,0,-0.374272,0.662695,0.648657
0,0,0.309123,0.939351,0.148536
0,0,0.176025,0.536256,0.825497
0,0,0.081174,-0.711098,0.698391
0,0,0.720946,-0.126162,0.681411
0,0,0.434947,0.11448,0.893149
0,0,-0.859376,-0.501329,0.100707
0,0,-0.302417,0.586559,0.751327
0,0,0.548943,-0.554457,0.625491
0,0,-0.752512,0.508655,0.418326
0,0,0.515125,-0.495944,0.699061
0,0,0.710946,0.156352,0.685645
0,0,0.473992,0.878992,0.0519962
0,0,-0.855439,0.0589116,0.514543
0,0,-0.843654,-0.0538929,0.534176
0,0,-0.989122,0.143986,0.0301075
0,0,-0.788239,-0.0101587,0.615286
0,0,-0.196029,-0.419967,0.886115
0,0,-0.573002,-0.803137,0.163216
0,0,0.291596,-0.922816,0.25176
0,0,0.356564,0.722442,0.592401
0,0,0.528114,0.498932,0.68714
0,0,-0.947812,-0.30446,0.0946386
0,0,0.878775,0.31782,0.356012
0,0,-0.972134,0.0404155,0.230914
0,0,-0.63393,0.72667,0.264732
0,0,0.549575,0.532877,0.643435
0,0,0.384769,0.880991,0.275333
0,0,-0.593845,0.00686241,0.804551
0,0,0.88751,0.184179,0.422379
0,0,-0.20176,0.896089,0.39537
7.07338,10.5879,-0.271084,-0.838743,0.472254
0,0,-0.832994,0.50981,0.214978
0,0,-0.146564,0.510183,0.847486
0,0,-0.370039,-0.0531198,0.927496
0,0,0.0499357,0.706468,0.705981
0,0,-0.0559191,-0.847963,0.527097
0,0,0.923154,-0.196345,0.330508
0,0,-0.870185,-0.283812,0.402776
0,0,-0.78793,0.611846,0.0693547
0,0,-0.729796,-0.664352,0.161351
0,0,0.0117592,-0.431552,0.902011
0,0,-0.919405,0.0503912,0.39007
0,0,-0.199199,-0.293421,0.935
0,0,-0.562303,0.454049,0.691126
0,0,-0.524173,0.760215,0.383816
0,0,0.646372,0.335925,0.685096
0,0,-0.176633,0.660072,0.730141
0,0,0.696039,-0.00311062,0.717997
0,0,-0.171681,-0.499891,0.848902
0,0,0.873878,0.435118,0.21682
0,0,0.669577,0.188601,0.718398
0,0,-0.435559,0.384121,0.814088
0,0,0.167471,-0.894436,0.414653
0,0,-0.761179,0.445127,0.471666
0,0,-0.896421,-0.176602,0.4065
0,0,0.900986,-0.0355614,0.432388
0,0,0.775923,0.45341,0.438592
0,0,-0.241403,0.962718,0.122059
0,0,-0.399903,0.900577,0.170409
0,0,-0.0110869,-0.108544,0.99403
0,0,-0.455615,-0.872082,0.17857
0,0,-0.511711,-0.841943,0.171125
0,0,0.0109451,0.577466,0.816341
0,0,-0.797168,0.139178,0.587498
0,0,-0.946451,-0.256522,0.196027
0,0,0.487357,-0.725183,0.486408
0,0,-0.0744833,0.337743,0.938287
0,0,-0.60872,0.644084,0.463267
0,0,0.0142781,-0.544465,0.838662
0,0,0.835188,-0.388565,0.389202
0,0,0.234193,-0.309844,0.921493
0,0,-0.669451,0.192985,0.717351
0,0,-0.501281,-0.865232,0.00948487
0,0,-0.535085,-0.63371,0.558655
0,0,-0.722799,-0.65551,0.218788
0,0,-0.864501,0.500964,0.0409029
0,0,0.422948,-0.852236,0.307911
0,0,-0.786843,0.508007,0.350439
0,0,-0.684243,0.660152,0.309856
0,0,0.304019,-0.95175,0.0417553
0,0,-0.86169,0.182676,0.473412
0,0,0.71878,0.353356,0.598744
0,0,-0.838363,-0.482769,0.253144
0,0,0.89373,-0.425191,0.143034
0,0,-0.657919,0.162912,0.735257
0,0,0.625107,0.199223,0.754686
0,0,0.15407,-0.88719,0.434921
0,0,0.592451,-0.804614,0.0399699
0,0,-0.288948,0.41952,0.86053
0,0,-0.936984,-0.308014,0.164887
0,0,-0.655096,0.174618,0.73509
0,0,0.999083,0.00350155,0.0426664
0,0,-0.308498,0.128244,0.942541
0,0,-0.102198,-0.910616,0.400418
0,0,-0.252329,-0.454089,0.854478
0,0,0.712772,0.24841,0.655934
0,0,0.729852,-0.592673,0.340668
0,0,0.465426,0.882307,0.0700965
0,0,0.860474,-0.148716,0.487307
0,0,-0.692645,0.554015,0.461856
0,0,-0.0530021,-0.914111,0.401985
0,0,-0.40256,-0.426589,0.809918
0,0,0.908429,0.414752,0.0523281
0,0,-0.669508,-0.738931,0.075768
0,0,0.779113,0.622173,0.0767008
0,0,-0.0225584,0.985563,0.167798
0,0,0.458807,-0.864113,0.206891
0,0,0.376578,-0.919746,0.11071
0,0,-0.964708,0.140684,0.222588
0,0,-0.645777,0.451924,0.615416
0,0,0.662599,-0.72953,0.169556
0,0,0.888278,0.2929,0.353796
0,0,0.461882,-0.0968767,0.881635
0,0,-0.695922,0.554807,0.45594
0,0,-0.859908,-0.0531087,0.507679
0,0,0.803494,-0.584873,0.111001
0,0,0.669758,-0.713978,0.204109
0,0,-0.670926,-0.343557,0.657135
0,0,-0.231941,-0.879997,0.414497
0,0,-0.367887,-0.82038,0.437762
0,0,0.784655,0.130821,0.605972
0,0,0.341477,-0.842385,0.41687
21.157,30.9807,0.251232,0.299363,0.920469
0,0,-0.0349105,-0.954802,0.295185
0,0,-0.603837,-0.793776,0.0728059
0,0,-0.199623,-0.736629,0.646164
0,0,-0.447128,0.182179,0.875721
0,0,-0.00768576,-0.937448,0.348041
0,0,0.771139,0.461663,0.438419
0,0,0.935664,-0.201887,0.289438
0,0,-0.497699,-0.446484,0.743604
0,0,-0.996622,-0.0386821,0.0724478
0,0,-0.464759,-0.544243,0.698426
0,0,-0.650816,-0.423979,0.629826
0,0,-0.0512068,0.990668,0.12631
0,0,0.0336296,0.278163,0.959945
0,0,-0.689508,0.513547,0.510733
0,0,-0.721956,0.635995,0.272559
0,0,-0.722941,-0.507462,0.468869
0,0,-0.656908,0.48055,0.580985
23.3792,31.8866,0.14893,0.211198,0.966031
0,0,0.186826,0.60618,0.773073
0,0,-0.704484,0.603298,0.373811
0,0,-0.771113,0.502652,0.3908
0,0,-0.816692,-0.0650854,0.573392
0,0,0.145305,-0.38859,0.909882
0,0,-0.206522,-0.808434,0.551166
0,0,-0.838053,0.42539,0.341628
0,0,0.746818,0.381752,0.544544
0,0,0.585893,0.384364,0.713438
0,0,0.419559,0.799245,0.430323
0,0,0.386605,-0.733028,0.559649
0,0,-0.488249,0.492294,0.720596
0,0,-0.707495,0.396444,0.58505
0,0,0.48482,0.87341,0.0458876
0,0,0.332152,0.48625,0.80823
0,0,0.848587,0.438131,0.296548
0,0,0.0793861,-0.926889,0.366844
0,0,0.825845,-0.297354,0.479125
0,0,0.74599,-0.309998,0.589407
0,0,0.737042,-0.108959,0.667006
0,0,0.186388,0.881539,0.433761
0,0,0.681553,-0.504241,0.530308
0,0,-0.445415,0.843789,0.299376
0,0,0.940271,0.128832,0.315108
0,0,-0.943534,-0.330857,0.0166445
0,0,0.835545,-0.529076,0.148131
0,0,-0.842046,0.464042,0.274997
0,0,0.685754,-0.430838,0.586618
0,0,0.781665,0.620116,0.0667569
0,0,0.810597,-0.561283,0.167014
0,0,0.553808,0.53513,0.637913
0,0,-0.201289,-0.812992,0.546375
0,0,0.620058,0.708981,0.335969
0,0,0.83794,0.531998,0.121801
3.54347,5.70612,0.539708,-0.215763,0.813733
0,0,0.390677,0.878744,0.27419
0,0,0.884288,0.203755,0.420142
0,0,-0.32452,-0.570851,0.754199
0,0,-0.822919,-0.209456,0.528141
0,0,-0.54434,-0.668817,0.506337
0,0,0.55589,0.581793,0.593719
0,0,-0.514664,0.151815,0.843844
0,0,-0.702598,-0.697775,0.139519
0,0,0.659455,0.526104,0.536967
0,0,-0.135393,0.614894,0.7769
0,0,-0.678464,0.11376,0.725772
0,0,-0.0642484,-0.682538,0.728021
0,0,-0.584278,-0.780694,0.221668
0,0,0.744282,0.555062,0.371416
0,0,0.146592,-0.981297,0.124767
21.3984,30.3813,0.513824,0.198462,0.834624
0,0,-0.0133227,-0.481486,0.876353
0,0,0.636966,-0.767788,0.069107
0,0,0.13752,0.324505,0.935834
0,0,0.4139,0.51627,0.749768
0,0,0.191114,-0.759924,0.621282
0,0,-0.0218832,-0.996961,0.0747704
0,0,-0.596881,-0.801404,0.0385262
0,0,-0.546341,-0.66053,0.514987
0,0,0.284233,0.329298,0.90043
0,0,-0.0692519,-0.64741,0.758989
0,0,0.131179,0.514463,0.847419
0,0,-0.342571,-0.844713,0.411225
20.4085,30.4756,-0.528324,0.152464,0.835242
0,0,-0.588835,-0.700209,0.403709
0,0,-0.869132,-0.333765,0.364981
0,0,-0.695065,0.267308,0.667406
0,0,0.695347,-0.699104,0.16657
0,0,-0.334699,0.736942,0.587276
0,0,-0.537662,-0.502954,0.676725
0,0,0.372744,0.800633,0.469093
0,0,-0.989092,-0.00842007,0.147055
0,0,0.514457,-0.825107,0.233521
0,0,0.71778,0.459972,0.522703
0,0,0.84321,-0.495557,0.208373
0,0,-0.733056,-0.577139,0.359915
0,0,-0.903659,-0.385756,0.185993
0,0,0.687251,-0.298307,0.662344
0,0,-0.144471,0.636303,0.75779
15.6836,24.5823,-0.647223,-0.624795,0.436732
0,0,-0.971763,0.201343,0.123033
0,0,-0.9523,0.295567,0.0759289
0,0,-0.379049,0.196711,0.904227
0,0,0.138762,0.666267,0.732689
0,0,-0.420845,0.232849,0.876739
0,0,0.256211,-0.37861,0.889387
0,0,-0.334372,0.930336,0.15057
0,0,0.83625,-0.273342,0.475363
0,0,-0.148888,0.0378247,0.98813
0,0,-0.570999,-0.206739,0.794493
0,0,-0.523354,0.426519,0.737687
0,0,0.547467,0.206316,0.810995
0,0,-0.421008,0.546658,0.723822
0,0,-0.257077,0.293705,0.920678
0,0,-0.57516,0.482774,0.660394
0,0,-0.659169,-0.727506,0.190347
0,0,-0.975257,0.198556,0.0972086
0,0,-0.92309,-0.369027,0.10828
0,0,0.137451,0.78418,0.605118
0,0,-0.100526,-0.51636,0.850451
0,0,-0.655794,-0.708593,0.260441
0,0,-0.805553,0.406008,0.431558
0,0,-0.857819,0.386181,0.339132
11.8378,15.4354,-0.75458,-0.0688201,0.652589
0,0,0.667842,-0.391439,0.633058
0,0,0.55326,-0.557997,0.6185
0,0,-0.377914,-0.916939,0.12808
0,0,-0.536831,-0.836535,0.109645
0,0,0.607249,0.771297,0.190658
0,0,-0.467712,0.693525,0.547968
0,0,-0.340652,0.722157,0.602035
0,0,0.318094,-0.48256,0.816059
0,0,0.810406,0.453085,0.371424
0,0,0.55334,0.831514,0.0489861
0,0,0.427666,-0.819926,0.380557
0,0,-0.623035,-0.0747989,0.778609
0,0,-0.222619,0.819633,0.527866
0,0,0.108963,0.944369,0.310313
0,0,-0.463985,0.364764,0.807258
0,0,0.992063,0.0634472,0.108557
0,0,0.139926,0.35543,0.92417
0,0,-0.189244,0.718878,0.668881
0,0,-0.577321,0.683406,0.446829
0,0,0.817846,-0.0712562,0.571008
0,0,-0.570769,0.819579,0.0501332
0,0,-0.0487111,-0.955643,0.290471
0,0,0.483155,0.398844,0.779413
0,0,-0.196948,0.896277,0.397366
0,0,-0.657979,0.318985,0.682138
0,0,-0.923634,-0.177435,0.339731
0,0,0.0967558,-0.889347,0.446879
0,0,-0.436503,0.897764,0.0590276
0,0,0.0928224,0.76753,0.634257
0,0,0.0300509,-0.812562,0.5821
0,0,-0.310044,-0.899285,0.308479
0,0,-0.630968,0.250533,0.734243
0,0,-0.294205,-0.417994,0.859491
0,0,0.305025,-0.354875,0.883755
0,0,0.95414,-0.150031,0.259051
0,0,-0.530671,0.378373,0.758434
0,0,0.0758645,0.485907,0.870712
0,0,-0.777358,-0.0938297,0.622022
0,0,0.518685,-0.788826,0.329727
0,0,0.658438,-0.736734,0.153893
0,0,0.21722,0.973422,0.0725562
0,0,0.830301,-0.151317,0.536379
0,0,-0.505334,-0.186568,0.842514
0,0,0.782942,-0.618741,0.0645174
0,0,0.726192,-0.101442,0.679967
0,0,-0.510584,0.78236,0.356675
0,0,-0.379114,-0.874877,0.301434
0,0,-0.5802,-0.703716,0.410063
0,0,0.398384,0.872691,0.282315
0,0,0.198421,0.934469,0.295629
0,0,-0.45598,-0.733504,0.504039
0,0,0.231865,0.845234,0.481474
0,0,-0.368889,-0.282649,0.885455
0,0,0.0781603,-0.838093,0.539899
0,0,0.313902,0.214663,0.924871
0,0,0.639035,-0.591789,0.491345
22.9353,34.4816,0.38229,-0.598047,0.70441
0,0,-0.750342,-0.639838,0.166113
0,0,-0.318008,0.948081,0.00374322
0,0,0.957255,-0.228578,0.177241
0,0,0.0771361,0.478013,0.874959
0,0,-0.350464,-0.573956,0.7401
0,0,0.913354,-0.0413817,0.405058
0,0,0.250883,-0.237278,0.938486
0,0,0.436619,0.790656,0.429217
0,0,0.0737506,-0.995742,0.0553063
0,0,0.279306,0.366283,0.887595
0,0,-0.3123,0.393986,0.864433
0,0,0.263654,0.939599,0.218266
0,0,-0.368695,0.633446,0.680302
0,0,0.0912605,0.95441,0.284206
0,0,0.795607,-0.584451,0.159457
0,0,0.631169,0.735033,0.247694
0,0,0.246376,-0.23221,0.940945
0,0,0.859465,-0.426522,0.281779
0,0,0.842445,-0.457278,0.284927
0,0,-0.39094,0.82104,0.416003
0,0,-0.924575,0.140731,0.354057
0,0,-0.484237,-0.105982,0.868494
0,0,0.695559,0.678437,0.236476
0,0,0.873502,0.360094,0.327607
0,0,-0.76065,0.184755,0.622316
0,0,-0.583294,0.276728,0.763669
0,0,0.870703,0.465734,0.158012
0,0,0.381297,-0.910798,0.158299
0,0,-0.100429,0.665233,0.739851
0,0,-0.97107,0.00286247,0.238779
0,0,0.665146,0.484368,0.568303
0,0,-0.502498,0.1234,0.855727
0,0,0.587582,-0.225929,0.776984
0,0,-0.996671,-0.043581,0.0688982
0,0,-0.65879,-0.721668,0.21258
0,0,0.537921,-0.318444,0.780534
0,0,-0.0056396,-0.968102,0.250494
0,0,-0.0646816,-0.997154,0.0387287
0,0,0.913771,0.398031,0.0812005
19.3494,28.3495,-0.972804,0.0368505,0.22868
0,0,0.0925861,0.780551,0.618197
0,0,0.050938,0.41996,0.906112
0,0,0.805714,-0.165214,0.568797
0,0,-0.976459,0.189967,0.102175
0,0,0.779717,0.413639,0.470048
0,0,0.208025,0.782164,0.587321
0,0,0.980346,-0.16572,0.107044
0,0,0.243217,-0.652487,0.717709
0,0,0.844729,0.419227,0.332689
0,0,0.390155,0.595273,0.702445
0,0,0.611894,-0.039505,0.789953
0,0,0.160341,-0.948339,0.273758
0,0,-0.898973,0.0639409,0.433312
0,0,-0.521246,-0.667242,0.532063
0,0,-0.828278,-0.405544,0.386638
0,0,-0.492422,0.83929,0.23046
0,0,0.580635,-0.69761,0.419766
0,0,0.97421,0.151115,0.167569
0,0,0.0928028,-0.995665,0.00622908
0,0,0.149755,-0.240434,0.959044
0,0,-0.563943,-0.49524,0.660837
0,0,-0.896218,0.414815,0.157235
0,0,0.800762,0.374357,0.467587
0,0,-0.42298,-0.800148,0.425266
0,0,-0.34245,0.144825,0.928307
0,0,-0.65815,0.314415,0.684092
0,0,-0.352665,0.0225963,0.935477
0,0,0.553122,0.589801,0.588379
0,0,-0.596981,-0.00270796,0.802251
0,0,-0.759053,-0.647029,0.072051
0,0,-0.754357,-0.341296,0.56077
0,0,-0.828898,-0.552799,0.0856838
0,0,0.302561,-0.251527,0.919343
0,0,-0.758188,-0.591757,0.273814
0,0,0.440637,-0.246329,0.863227
0,0,0.81847,-0.52514,0.233098
0,0,0.141152,0.710985,0.688895
0,0,0.391954,-0.894463,0.215194
0,0,0.938318,0.268541,0.217818
0,0,0.223674,0.622115,0.750295
0,0,0.273046,0.910543,0.310416
0,0,-0.982482,-0.164331,0.0878904
0,0,-0.510012,-0.214749,0.832929
0,0,0.706754,0.697683,0.11721
0,0,-0.520532,0.723148,0.453986
23.467,32.8669,0.385209,0.153617,-0.909954
0,0,0.341235,0.464751,0.817046
0,0,0.872872,-0.484088,0.061271
0,0,-0.655604,0.637076,0.405361
0,0,-0.240305,0.772679,0.587554
0,0,0.968027,-0.0731775,0.239934
0,0,0.380169,-0.86625,0.324163
0,0,0.915112,0.344772,0.20905
0,0,-0.0894148,-0.387415,0.917559
0,0,0.5627,0.582512,0.586556
0,0,0.703954,0.282359,0.651707
7.8729,11.7164,0.188305,0.624469,-0.75801
0,0,0.872068,0.480029,0.0952365
0,0,0.19555,-0.916651,0.348585
0,0,0.403217,-0.195451,0.893988
0,0,0.478218,-0.857212,0.191039
0,0,0.300018,-0.853581,0.425898
0,0,-0.213583,-0.417471,0.883233
0,0,-0.745904,-0.0110985,0.665961
0,0,-0.562206,0.578975,0.590518
0,0,-0.94842,-0.28248,0.143893
0,0,-0.877639,0.425709,0.220275
0,0,-0.259734,0.879745,0.398229
0,0,-0.852153,0.296857,0.430943
0,0,0.687421,-0.386545,0.614846
0,0,0.897929,-0.0683051,0.434809
0,0,-0.232687,-0.905494,0.354877
0,0,-0.882112,-0.466953,0.0619058
0,0,0.577746,0.092689,0.810937
0,0,-0.422203,-0.424214,0.801116
0,0,0.762805,-0.610687,0.21258
0,0,0.669645,0.392232,0.630657
0,0,0.479887,0.0230458,0.877028
0,0,0.967014,0.0495246,0.249863
0,0,0.843362,0.532017,0.0754905
0,0,-0.219399,0.731357,0.645741
0,0,0.841651,-0.281818,0.460653
0,0,-0.575905,0.556886,0.598508
0,0,0.370091,-0.829172,0.418934
0,0,0.421841,0.72817,0.540202
0,0,-0.562097,-0.480017,0.673521
0,0,-0.636235,0.733291,0.239768
0,0,0.74178,-0.10521,0.662339
0,0,-0.460223,0.612537,0.642645
0,0,-0.995467,0.0713202,0.0629254
0,0,0.321535,0.934613,0.152029
0,0,0.607363,0.516912,0.603251
0,0,-0.502452,0.86121,0.0765395
0,0,-0.835759,0.3137,0.450665
0,0,-0.703587,-0.00052316,0.710609
0,0,-0.891562,-0.164291,0.422049
0,0,0.48153,-0.149937,0.863509
0,0,-0.402454,0.648278,0.646348
0.860886,1.46366,0.24521,-0.0351503,0.968833
0,0,-0.674434,0.663669,0.323546
0,0,-0.83596,0.54304,0.0792325
0,0,0.951801,0.232302,0.200277
0,0,-0.506378,0.213528,0.835456
0,0,0.835801,0.317855,0.447667
0,0,0.795873,0.475331,0.37503
0,0,-0.910032,0.176733,0.374976
0,0,-0.539802,-0.73163,0.416331
0,0,-0.773568,-0.037496,0.632603
0,0,0.652969,0.691896,0.308078
0,0,-0.910874,0.349317,0.219743
0,0,-0.116285,0.730523,0.672915
0,0,0.257485,0.296308,0.91973
0,0,-0.530484,0.681163,0.504583
0,0,-0.670731,0.61763,0.410675
0,0,-0.0482323,0.631739,0.77368
0,0,-0.0784775,-0.883753,0.461326
0,0,-0.755122,0.406408,0.514415
0,0,0.91441,0.315781,0.253254
0,0,0.42705,0.563713,0.707005
0,0,0.372607,0.295739,0.879604
0,0,-0.413143,0.877046,0.245161
0,0,-0.847816,0.409529,0.336889
0,0,0.655544,-0.626021,0.422328
0,0,-0.42704,-0.149725,0.891751
0,0,0.14778,-0.369988,0.917207
0,0,0.213527,0.976146,0.0393036
0,0,-0.4409,-0.889559,0.119551
0,0,-0.378962,-0.189598,0.905782
0,0,0.437825,0.874587,0.20834
0,0,0.013622,0.997852,0.0640758
0,0,0.554472,-0.197296,0.808477
0,0,-0.879776,-0.382613,0.282138
0,0,0.879635,-0.0916797,0.46673
0,0,0.964136,0.174461,0.200012
0,0,-0.120432,-0.7122,0.691568
0,0,0.563201,-0.738772,0.370163
0,0,0.304084,-0.827523,0.471951
0,0,0.300747,0.616509,0.727646
0,0,0.0549724,-0.997649,0.0409329
0,0,-0.739238,-0.672118,0.0422529
0,0,-0.917304,-0.242095,0.316137
0,0,-0.544591,0.837681,0.0413696
0,0,0.557469,-0.826693,0.0762038
0,0,-0.855684,-0.437923,0.275733
0,0,0.216071,-0.96055,0.175094
0,0,0.121755,0.735309,0.666706
0,0,-0.0772715,-0.952489,0.294606
0,0,-0.643803,-0.706122,0.294803
0,0,0.385694,0.784449,0.485674
0,0,-0.371842,0.714527,0.592608
0,0,0.458987,0.883961,0.0891284
0,0,0.292931,-0.597957,0.746082
0,0,-0.705253,0.623031,0.338307
0,0,-0.0730009,-0.389409,0.918167
0,0,0.683619,0.560383,0.467584
0,0,-0.63626,-0.702299,0.319295
0,0,0.467813,-0.796687,0.382675
0,0,0.508544,-0.505691,0.696893
0,0,0.563792,-0.796198,0.219564
0,0,0.481215,-0.855799,0.189843
20.3852,29.1983,-0.100401,0.994446,0.0315709
0,0,-0.424181,-0.691818,0.584344
0,0,-0.7227,0.327556,0.608614
0,0,-0.0464897,0.977245,0.206954
0,0,0.465858,0.853212,0.234532
0,0,-0.425719,-0.314479,0.848449
0,0,0.426256,0.703825,0.568274
0,0,-0.935126,-0.177494,0.306652
0,0,-0.322931,-0.517163,0.792627
0,0,-0.354875,0.713794,0.60379
0,0,0.0527185,-0.955872,0.289013
0,0,0.37055,-0.559108,0.741681
0,0,0.478619,0.70314,0.52585
0,0,0.027283,-0.807655,0.589024
0,0,-0.845267,0.326998,0.422606
0,0,-0.688722,0.238752,0.684587
0,0,-0.862706,0.269117,0.428153
11.8747,16.4993,-0.192233,0.287808,0.938197
0,0,0.0241843,0.843788,0.536132
0,0,-0.90677,-0.380065,0.182534
0,0,0.604264,-0.579735,0.546601
0,0,-0.12834,-0.878221,0.460713
0,0,0.992232,-0.118296,0.0384814
0,0,-0.199047,-0.652698,0.731003
0,0,0.7588,-0.651322,0.00156229
0,0,0.721231,-0.692645,0.00828697
0,0,-0.0675518,-0.459646,0.885529
0,0,0.342862,0.922168,0.179029
0,0,0.13832,0.639441,0.756296
0,0,-0.357628,-0.925569,0.124193
0,0,0.357379,0.854904,0.376058
0,0,-0.0293415,-0.42356,0.905393
0,0,-0.105744,0.857561,0.503396
0,0,-0.638802,0.674152,0.370743
0,0,0.484683,0.19439,0.852816
0,0,0.979706,-0.197355,0.0350327
0,0,0.301776,0.825576,0.476819
0,0,0.0371491,0.867135,0.496686
0,0,0.665058,-0.597812,0.44757
0,0,0.192612,0.712753,0.67445
0,0,0.108687,0.446986,0.887914
0,0,0.242497,-0.387083,0.889585
0,0,-0.629669,0.316286,0.709563
0,0,-0.117143,0.516969,0.847951
0,0,0.212512,0.439426,0.872779
0,0,0.111246,0.984328,0.136831
0,0,0.264875,-0.588009,0.764256
0,0,0.875654,-0.367499,0.31333
0,0,-0.329298,0.752164,0.570799
0,0,-0.0823798,0.993623,0.0769853
0,0,-0.341885,0.206421,0.916791
0,0,0.0997661,0.271534,0.957244
0,0,0.939828,-0.205404,0.273006
0,0,0.642681,-0.661838,-0.385917
0,0,0.834205,-0.121564,0.537888
0,0,-0.5982,0.718894,0.354046
0,0,0.409202,-0.822775,0.394456
0,0,-0.983489,0.14364,0.110074
0,0,-0.31679,-0.879872,0.354216
0,0,0.185667,-0.365159,0.912243
0,0,-0.858348,0.0954735,0.504106
0,0,-0.039698,-0.314769,0.948338
0,0,0.671827,-0.329023,0.663621
0,0,-0.0956787,-0.740269,0.665468
0,0,-0.478632,-0.358115,0.801663
0,0,-0.195198,-0.975488,0.101589
0,0,-0.859259,-0.14693,0.489986
0,0,0.938341,0.0761867,0.337213
0,0,0.577118,0.406847,0.708103
0,0,-0.0128619,-0.958904,0.28344
0,0,-0.796801,0.067621,0.600446
0,0,-0.0255812,0.747118,0.664199
0,0,-0.770757,-0.389589,0.504137
0,0,0.999756,0.00899374,0.0201738
0,0,-0.837162,-0.307047,0.452638
0,0,-0.742859,0.178407,0.645238
0,0,-0.0725359,-0.116187,0.990575
0,0,-0.957669,0.254199,0.135101
19.5508,27.9077,-0.0300641,-0.221095,0.974789
0,0,-0.83457,-0.412125,0.365577
0,0,-0.0315294,-0.57298,0.818963
0,0,-0.775506,-0.121086,0.61962
0,0,0.0776676,-0.915148,0.395564
0,0,0.137681,-0.679065,0.721051
0,0,-0.963938,-0.251275,0.0876582
0,0,-0.680324,-0.0923428,0.727071
0,0,0.650756,-0.756295,0.0673352
0,0,-0.212148,0.974164,0.0774403
0,0,-0.697953,-0.325242,0.638027
0,0,0.577078,0.7036,0.414642
0,0,-0.965456,-0.114902,0.233864
0,0,-0.368486,-0.308673,0.876892
0,0,-0.411985,0.558653,0.719844
0,0,0.79872,-0.481466,0.360884
0,0,-0.14235,-0.622435,0.769618
0,0,-0.624439,-0.781049,0.00616755
0,0,-0.209383,0.782805,0.585982
0,0,-0.771759,-0.623214,0.12646
0,0,-0.530833,-0.606469,0.591956
0,0,0.0732789,0.56193,0.823933
0,0,0.789656,-0.546971,0.277966
0,0,0.204299,-0.831732,0.516221
0,0,-0.540969,-0.0695842,0.838159
0,0,-0.0836983,-0.422337,0.902566
0,0,-0.0721396,0.681989,0.727796
0,0,0.896928,-0.0903684,0.432843
0,0,-0.444843,-0.199449,0.873118
0,0,0.926489,-0.215614,0.308431
0,0,-0.370961,0.356184,0.857625
0,0,0.339348,-0.683372,0.64641
0,0,0.482667,0.256852,0.837293
0,0,0.0976051,-0.00583443,0.995208
0,0,-0.544766,0.829499,0.12313
0,0,-0.462452,-0.788056,0.406332
0,0,0.389177,-0.19414,0.900473
0,0,-0.275317,-0.865756,0.417932
0,0,0.983985,-0.177037,0.0207595
0,0,0.0477845,0.843621,0.534809
0,0,0.126964,0.972608,0.194713
0,0,0.457248,-0.785844,0.416381
0,0,0.108767,-0.830342,0.546536
0,0,-0.150811,0.850579,0.503758
0,0,0.776097,-0.630613,0.000325893
0,0,0.802863,0.14473,0.578329
0,0,0.727857,-0.544276,0.417119
0,0,0.978511,-0.18709,0.0866781
0,0,-0.668684,-0.481765,0.566361
0,0,0.162837,0.903466,0.396526
0,0,-0.656212,-0.700827,0.27969
0,0,-0.173226,0.769209,0.615069
0,0,-0.548445,-0.427703,0.718525
0,0,0.685384,0.0833478,0.723397
0,0,-0.707061,0.704029,0.0663944
0,0,0.776786,-0.608559,0.162049
0,0,0.124323,0.966214,0.225777
0,0,-0.377951,-0.72844,0.571426
0,0,0.796852,0.165824,0.580972
10.9633,14.848,0.312392,-0.923515,0.222555
0,0,0.928994,0.367955,0.039736
0,0,0.251632,-0.675905,0.692701
0,0,-0.74367,-0.42662,0.514733
0,0,0.576504,-0.202727,0.791546
21.561,31.2337,0.128129,0.218412,0.967409
7.23776,10.0101,0.0827016,0.219906,0.972009
0,0,-0.370388,0.841586,0.393122
0,0,0.0342794,0.128133,0.991164
0,0,0.728655,0.278308,0.625785
0,0,-0.087241,0.765449,0.637555
0,0,0.667305,-0.719345,0.192994
0,0,0.666993,0.400761,0.628101
0,0,-0.212197,-0.738592,0.639886
0,0,0.122589,-0.314618,0.941269
0,0,0.835893,0.123999,0.534703
0,0,0.071786,-0.898517,0.433029
0,0,-0.776621,0.474982,0.413825
0,0,0.702754,-0.0443276,0.710051
22.599,33.8168,-0.566387,0.0115671,0.824058
0,0,-0.177735,0.776028,0.605137
0,0,0.983768,-0.179352,0.00570417
0,0,0.524064,0.160241,0.836469
0,0,0.475476,0.709048,0.520743
0,0,-0.596704,-0.141531,0.789882
0,0,0.656924,-0.747327,0.099765
0,0,0.0507565,-0.997982,0.0381443
0,0,-0.925507,-0.103155,0.364413
0,0,0.0746538,-0.0175534,0.997055
0,0,0.240322,0.315067,0.918139
0,0,-0.82731,-0.29458,0.478311
0,0,0.690917,0.359817,0.627029
0,0,0.435425,-0.836939,0.331569
0,0,-0.905569,0.380253,0.188021
0,0,-0.877822,-0.312434,0.363061
0,0,-0.724476,0.673649,0.146051
0,0,0.578104,0.681969,0.448011
0,0,-0.425865,-0.877157,0.221887
0,0,-0.173885,-0.981674,0.0779749
0,0,0.456677,-0.854464,0.247663
0,0,-0.655169,-0.743539,0.133805
0,0,0.755888,-0.243269,0.607827
0,0,0.684599,-0.184783,0.70511
0,0,-0.485663,0.786072,0.382389
0,0,0.824617,0.551013,0.128031
0,0,-0.904222,0.297275,0.306612
0,0,0.948536,-0.31567,0.0251462
0,0,0.963782,-0.21587,0.156603
0,0,0.51296,-0.858182,0.0198731
0,0,-0.363117,0.765163,0.531668
0,0,-0.587838,-0.591572,0.551805
0,0,-0.779346,-0.545723,0.307907
0,0,-0.822527,-0.564016,0.073039
0,0,0.594088,-0.591454,0.545199
0,0,-0.197515,-0.926905,0.319115
0,0,-0.848473,-0.52344,0.0781277
0,0,-0.585563,-0.0507679,0.809036
0,0,-0.791754,0.296188,0.534226
0,0,0.324141,0.716955,0.617177
0,0,-0.565301,-0.819741,0.0919729
0,0,-0.163253,0.523999,0.835927
0,0,0.72841,-0.430953,0.532634
0,0,0.070316,0.406454,0.910961
0,0,-0.841619,-0.0522362,0.53754
0,0,0.470632,-0.749391,0.465746
0,0,-0.462368,0.73303,0.498882
0,0,-0.409286,-0.902396,0.134782
0,0,0.735592,-0.529799,0.422157
0,0,0.0843561,-0.533009,0.841894
0,0,-0.47317,0.384055,0.792851
0,0,0.0940851,0.381294,0.919654
0,0,0.443993,0.282785,0.850237
0,0,0.281432,0.959413,0.0179806
0,0,-0.169537,0.501509,0.848379
0,0,-0.914559,-0.119581,0.38637
0,0,0.0615215,0.394873,0.916673
0,0,0.0794642,-0.607158,0.790597
0,0,-0.196466,0.110358,0.97428
21.5849,32.6712,0.440125,0.103411,0.891962
0,0,0.588045,0.649111,0.482554
0,0,0.811054,0.474997,0.341422
0,0,0.499097,-0.00226079,0.866543
0,0,0.726688,-0.660306,0.189526
0,0,-0.625871,-0.182737,0.758216
13.3364,18.662,0.324009,0.681192,-0.656503
0,0,-0.622872,0.425327,0.656603
0,0,0.923045,-0.0270258,0.383743
0,0,0.299955,-0.90896,0.289515
0,0,0.0158888,-0.851422,0.52424
0,0,-0.10933,-0.970324,0.215683
0,0,-0.500261,0.271189,0.822311
0,0,0.797839,0.43026,0.422291
0,0,-0.315362,-0.67842,0.663546
0,0,-0.760813,-0.431851,0.484427
0,0,0.81285,-0.436275,0.385926
0,0,0.022794,0.969143,0.245445
0,0,0.19681,-0.71137,0.674698
0,0,0.311681,-0.882573,0.352021
0,0,0.372779,-0.812573,0.448064
0,0,-0.770934,0.128969,0.623721
0,0,0.42404,-0.852376,0.306017
0,0,-0.117389,-0.982026,0.147799
0,0,-0.336592,0.877034,0.342809
0,0,-0.126284,-0.541337,0.831268
0,0,0.185935,0.979288,0.0801493
0,0,0.533693,0.769076,0.3517
0,0,-0.880389,0.438705,0.180147
0,0,0.665013,0.667574,0.334819
0,0,-0.668063,-0.24404,0.702949
0,0,-0.225932,-0.827693,0.513692
0,0,-0.494314,-0.465644,0.73405
0,0,-0.636363,-0.407485,0.65498
0,0,0.198947,-0.882602,0.42595
0,0,0.232944,0.49558,0.836742
22.3057,29.1839,0.435701,0.786028,-0.438548
0,0,0.97602,0.0531699,0.211087
0,0,0.458549,-0.590334,0.664258
0,0,-0.492977,-0.224054,0.840698
0,0,0.301331,-0.877479,0.373136
0,0,-0.397174,-0.877077,0.270164
0,0,-0.245877,-0.891312,0.38093
0,0,0.521862,0.407669,0.74931
0,0,0.900373,-0.0478801,0.432477
0,0,-0.751485,-0.657184,0.0581428
0,0,0.0164554,0.99842,0.0537313
0,0,0.912502,-0.389231,0.125851
0,0,-0.0365412,-0.904588,0.424717
0,0,-0.336738,0.693926,0.636455
0,0,0.348654,-0.93449,0.0718987
0,0,0.119757,-0.992366,0.0294714
0,0,0.247301,0.918809,0.307625
0,0,0.192052,0.475211,0.858656
0,0,0.553696,-0.525186,0.64622
0,0,-0.00366113,-0.708336,0.705866
0,0,-0.119826,0.432352,0.893708
0,0,0.471353,0.105227,0.875645
0,0,0.164658,0.579278,0.798326
0,0,-0.0907874,0.0787977,0.992748
0,0,-0.513628,-0.645859,0.564847
0,0,0.0499168,-0.9575,0.284082
0,0,-0.517962,-0.855016,0.0257386
0,0,0.0960855,-0.36111,0.92756
0,0,-0.725615,0.555681,0.405834
0,0,0.77457,-0.0624725,0.629396
0,0,0.506774,0.0164495,0.861922
0,0,-0.0115935,-0.570527,0.821197
0,0,-0.091569,-0.719676,0.688245
0,0,-0.583791,-0.773014,0.248269
0,0,0.510998,0.802599,0.30776
0,0,0.0592229,-0.216058,0.974583
0,0,0.426071,0.867202,0.257727
0,0,-0.752974,0.533133,0.385745
0,0,-0.468851,-0.416314,0.779013
0,0,-0.784242,-0.159469,0.599611
0,0,0.0764507,-0.923943,0.374812
0,0,0.3821,-0.918884,0.0982476
0,0,-0.242397,0.124109,0.962206
24.1146,34.7245,0.751873,-0.122045,0.647914
0,0,0.981234,-0.160492,0.106878
0,0,-0.90033,-0.38769,0.197742
0,0,0.756907,0.649917,0.0685547
0,0,0.0725051,-0.886967,0.456105
0,0,-0.707501,0.26113,0.656699
0,0,0.147291,-0.315561,0.937404
0,0,0.22019,0.839614,0.496552
0,0,-0.126827,-0.536216,0.834498
0,0,0.30244,0.755303,0.581418
0,0,-0.982658,-0.166734,0.0811332
0,0,-0.56887,-0.707546,0.419244
0,0,-0.0553628,-0.923951,0.378483
16.6195,24.0426,-0.771412,-0.461579,0.438028
0,0,-0.756233,0.646074,0.103442
0,0,-0.0780015,0.771389,0.631566
0,0,0.333816,0.628932,0.702148
0,0,0.699071,-0.711852,0.0675723
0,0,-0.822474,0.395055,0.409229
0,0,-0.304518,-0.706395,0.638964
0,0,0.649519,0.674817,0.350352
0,0,0.769703,0.381557,0.511832
0,0,-0.273167,0.735876,0.619569
0,0,0.546217,0.565264,0.618162
0,0,0.294557,-0.425716,0.855571
0,0,0.908013,-0.264763,0.324674
0,0,0.136141,-0.951357,0.27638
0,0,0.528951,0.843505,0.0933245
0,0,0.647354,-0.74831,0.144793
0,0,0.962655,0.116327,0.244466
0,0,-0.785925,-0.157077,0.598038
0,0,0.00621067,0.429794,0.902906
0,0,-0.752536,-0.62403,0.210418
0,0,-0.778573,0.543637,0.3135
0,0,0.783925,-0.0748855,0.616323
0,0,-0.81223,0.369424,0.451452
0,0,-0.916297,0.39884,0.036424
0,0,-0.330842,0.303123,0.893678
0,0,-0.780823,-0.37201,0.50192
0,0,0.29485,0.350837,0.888806
0,0,-0.74559,0.215097,0.630737
0,0,-0.162604,-0.240326,0.956976
0,0,0.0418844,-0.827821,0.559426
0,0,-0.00339663,-0.5163,0.856401
0,0,-0.634752,0.338636,0.694561
0,0,-0.362986,0.312409,0.877862
0,0,0.374348,-0.761021,0.529821
0,0,-0.333308,-0.84797,0.412132
0,0,-0.988776,0.0394091,0.144111
0,0,-0.0741172,-0.996647,0.0346503
0,0,0.233375,0.853132,0.466585
0,0,-0.858052,0.512763,0.0286386
0,0,-0.822482,-0.337712,0.457684
0,0,0.015784,0.725788,0.687737
0,0,0.99492,0.0761953,0.0657935
0,0,-0.861155,-0.177985,0.476164
0,0,0.765394,-0.541235,0.34819
0,0,-0.368813,-0.766666,0.525548
0,0,-0.138522,-0.605887,0.783398
0,0,0.162379,-0.561943,0.811082
0,0,0.68383,0.462982,0.563937
0,0,-0.442523,-0.803719,0.397755
0,0,-0.782169,0.598034,0.174834
0,0,-0.534737,-0.797177,0.280293
0,0,0.241643,-0.507991,0.826773
0,0,-0.231419,0.350264,0.907613
0,0,-0.793485,-0.344768,0.501514
0,0,-0.0667684,0.506883,0.859425
0,0,-0.908365,-0.159712,0.386478
0,0,0.637805,-0.495828,0.589372
0,0,0.842799,0.326134,0.428166
0,0,-0.790671,0.461762,0.402014
0,0,-0.924907,-0.301827,0.231188
0,0,-0.0433063,0.796025,0.603712
0,0,0.428019,0.655791,0.621882
0,0,-0.220414,0.0782306,0.972264
0,0,0.0859387,-0.638373,0.764915
0,0,0.752856,-0.452772,0.477708
0,0,-0.671437,-0.672512,0.311287
0,0,0.973669,-0.183871,0.13476
23.6597,33.6875,0.415048,-0.0719254,-0.906952
0,0,-0.37918,-0.706543,0.597511
0,0,0.382779,-0.504092,0.774191
0,0,0.616767,-0.138317,0.774898
0,0,-0.477998,0.554269,0.681398
0,0,-0.148519,-0.67777,0.720118
0,0,-0.43568,0.283743,0.854209
0,0,0.395556,-0.918259,0.0183169
0,0,0.909381,0.384016,0.15987
0,0,0.282901,0.959071,0.0121943
0,0,-0.667233,0.117655,0.735498
0,0,-0.241051,-0.482433,0.842112
0,0,-0.835009,0.17627,0.521238
0,0,0.117165,0.950102,0.289101
0,0,0.395154,0.795617,0.45918
0,0,-0.66371,0.41806,0.620254
0,0,-0.787983,0.348547,0.507541
0,0,0.505084,-0.131992,0.852917
0,0,0.40379,0.235857,0.883926
0,0,-0.712564,0.16964,0.68079
0,0,0.638498,-0.764707,0.0868567
0,0,-0.0974506,0.833672,0.543594
0,0,-0.218105,-0.975736,0.0192378
0,0,-0.988069,-0.113793,0.103786
0,0,-0.948532,-0.259889,0.180955
0,0,0.389582,-0.685216,0.61539
0,0,0.668016,-0.705307,0.237268
0,0,0.293855,0.541331,0.787788
0,0,0.86467,-0.501886,0.0213687
0,0,-0.840982,0.408473,0.354822
0,0,-0.603974,-0.640294,0.474594
0,0,0.614237,0.627387,0.478642
0,0,-0.860508,0.496117,0.115735
0,0,0.644885,-0.153092,0.74879
0,0,0.919333,0.383079,0.0898794
0,0,0.579667,0.633929,0.511976
0,0,0.950331,-0.31049,0.0216237
0,0,-0.32816,-0.897767,0.293811
0,0,-0.745006,-0.145142,0.651076
0,0,-0.919029,-0.374683,0.122464
0,0,-0.831662,-0.376073,0.408543
0,0,0.68274,0.720118,0.123679
0,0,-0.113912,-0.0179893,0.993328
0,0,0.354017,0.0762349,0.932127
22.8299,34.5405,-0.355972,-0.479731,-0.801962
0,0,0.739367,0.665869,0.0997739
0,0,-0.992952,0.110415,0.0430763
0,0,-0.776159,-0.499268,0.385109
0,0,0.022345,0.544125,0.838707
0,0,0.120978,-0.478401,0.869769
0,0,0.589434,0.223431,0.776302
0,0,0.3826,-0.391363,0.83693
0,0,-0.979338,-0.0696225,0.189866
0,0,0.379995,0.234914,0.894662
0,0,0.451065,-0.892152,0.0245843
0,0,0.505881,-0.473527,0.721011
0,0,0.0567771,0.844042,0.533264
0,0,-0.677365,-0.471441,0.56473
0,0,-0.165486,-0.0329015,0.985663
0,0,0.367692,0.1804,0.912282
0,0,0.355006,0.495233,0.792915
0,0,-0.0145201,-0.754296,0.656374
0,0,0.879553,-0.432888,0.197471
0,0,-0.0821954,-0.905294,0.416758
0,0,0.229066,-0.739051,0.633507
0,0,-0.00758748,-0.999012,0.04379
0,0,-0.841135,0.464996,0.276172
0,0,0.0559749,-0.667279,0.742702
0,0,0.451954,-0.891255,0.0374562
0,0,-0.319702,0.947224,0.0236117
0,0,-0.717524,-0.639505,0.276031
0,0,0.00906597,0.871502,0.490309
0,0,-0.296987,0.395664,0.86905
0,0,0.729186,0.494194,0.47335
0,0,0.328364,0.403357,0.854096
0,0,0.498882,0.824257,0.267802
0,0,-0.877967,-0.241212,0.413511
0,0,-0.661289,0.0134038,0.750011
0,0,-0.465116,-0.0769307,0.881901
0,0,-0.441592,-0.261612,0.858228
0,0,0.454845,-0.211185,0.865169
0,0,-0.780744,-0.54712,0.301825
0,0,0.566058,-0.633841,0.52709
0,0,0.0915724,0.415191,0.905114
0,0,-0.609635,-0.667955,0.426827
0,0,0.179198,-0.780252,0.599245
0,0,-0.955682,-0.105942,0.274679
0,0,0.157905,0.858377,0.488113
0,0,0.341626,0.926145,0.159835
0,0,-0.396427,0.162392,0.90359
0,0,-0.541391,-0.592169,0.596851
0,0,-0.829024,-0.265481,0.492177
0,0,-0.71873,0.187846,0.669434
0,0,0.461682,-0.685625,0.562822
0,0,-0.54744,-0.172012,0.818976
0,0,-0.37319,0.729379,0.573355
0,0,0.0640324,-0.906667,0.416958
0,0,0.747359,0.299255,0.593213
0,0,-0.421152,-0.824255,0.378464
0,0,0.835621,0.548622,0.0274335
0,0,-0.0303522,0.451214,0.891899
0,0,-0.566328,-0.288088,0.77219
0,0,-0.313801,-0.849077,0.424967
0,0,0.815991,-0.576927,0.0362668
0,0,-0.935096,0.274765,0.22383
0,0,0.104858,0.388598,0.915421
0,0,0.595511,0.735979,0.322028
0,0,-0.868802,0.422759,0.257793
0,0,-0.997872,0.0647865,0.00737244
0,0,0.0375394,0.802484,0.595491
0,0,-0.0873837,0.845511,0.52676
0,0,-0.88498,0.0511549,0.46281
0,0,-0.421567,0.769392,0.479913
0,0,-0.930366,-0.322461,0.174463
0,0,0.47211,-0.212081,0.855648
1.79846,2.61649,0.371622,-0.188518,0.909042
0,0,-0.972565,0.185266,0.140688
0,0,-0.253877,-0.761263,0.596679
0,0,0.738444,-0.3568,0.572184
0,0,-0.703858,0.450607,0.549124
0,0,0.490609,0.425234,0.760578
0,0,-0.942196,0.0141872,0.334761
0,0,-0.689439,0.352494,0.632789
0,0,0.257083,-0.37632,0.890108
0,0,-0.316137,-0.626841,0.712129
0,0,0.87226,-0.259557,0.414478
0,0,0.269339,0.784118,0.559121
0,0,0.838201,0.154641,0.522978
8.19233,14.0997,-0.378477,-0.332434,0.863853
0,0,-0.271312,-0.693756,0.667152
0,0,-0.461674,-0.750148,0.473429
0,0,0.729196,0.611008,0.308129
0,0,-0.337625,0.940571,0.0365476
0,0,-0.241884,-0.32827,0.913089
0,0,-0.487208,0.864953,0.120352
0,0,0.153793,0.826477,0.541556
0,0,0.65525,-0.422391,0.626285
0,0,0.253086,-0.629781,0.734386
0,0,0.155604,0.385566,0.909465
0,0,0.701156,0.522353,0.485312
0,0,-0.453331,-0.624463,0.636032
0,0,0.938878,0.289434,0.186377
0,0,-0.337062,-0.369392,0.86599
0,0,0.762876,0.341219,0.549172
0,0,-0.410488,-0.847742,0.335906
0,0,0.284036,0.767764,0.574336
0,0,-0.638104,0.522939,0.565118
0,0,0.67548,0.416685,0.608359
0,0,-0.300009,-0.871484,0.387957
0,0,0.525282,-0.840277,0.134213
0,0,0.675483,-0.126901,0.726374
0,0,-0.522599,-0.129645,0.842664
0,0,-0.480964,-0.747297,0.458498
0,0,-0.577821,-0.390784,0.716527
0,0,-0.145772,0.67994,0.718632
0,0,-0.47606,-0.818749,0.320963
0,0,0.179215,0.919497,0.349867
0,0,-0.860097,-0.352622,0.368633
0,0,0.565335,-0.347424,0.748126
0,0,0.661262,0.694362,0.28389
0,0,0.246748,0.22666,0.9422
0,0,-0.0723004,-0.997132,0.0223603
0,0,0.291126,0.91446,0.281084
0,0,0.24427,0.631772,0.735661
0,0,-0.0318492,0.929626,0.367125
0,0,-0.400131,-0.838533,0.369807
0,0,-0.262941,-0.721266,0.64081
0,0,-0.840725,-0.123811,0.527117
0,0,-0.544248,-0.567888,0.617492
0,0,-0.393382,0.14005,0.908645
0,0,-0.579453,0.792253,0.191229
0,0,0.804123,0.590965,0.0643939
0,0,0.157824,0.971518,0.176759
0,0,-0.57525,-0.653183,0.492381
0,0,-0.669894,-0.641329,0.374085
0,0,0.356953,-0.105272,0.928172
0,0,-0.753443,0.639117,0.154444
0,0,0.209563,0.974993,0.0739758
0,0,0.630432,-0.759346,0.161085
0,0,0.148934,-0.884485,0.44216
12.2304,16.7846,-0.31479,-0.764356,0.562732
0,0,0.686034,-0.726227,0.0441672
0,0,-0.452764,0.717364,0.529522
0,0,-0.117239,0.707937,0.696477
0,0,-0.558254,0.725072,0.403265
0,0,-0.695665,-0.271026,0.665278
0,0,0.420634,0.861672,0.283881
0,0,0.96656,-0.159558,0.200757
0,0,-0.156561,-0.762882,0.627296
0,0,0.165219,0.9351,0.313514
0,0,0.253737,0.911917,0.322529
0,0,-0.447197,-0.85,0.278415
0,0,0.997935,-0.0586679,0.0261587
0,0,-0.569423,-0.694898,0.439174
0,0,0.13822,0.613955,0.777145
0,0,0.0123425,-0.993276,0.115111
0,0,0.721749,-0.157477,0.674003
0,0,0.341621,0.0716834,0.9371
0,0,-0.802884,-0.481619,0.351312
0,0,0.418245,0.566352,0.710153
0,0,-0.238804,-0.970776,0.0238047
0,0,-0.537254,-0.831613,0.140636
0,0,0.30258,0.131477,0.944012
0,0,-0.903323,0.40206,0.149514
0,0,-0.997407,0.0352718,0.0627333
0,0,0.211807,-0.807836,0.550036
8.72826,12.6632,0.41833,-0.574747,0.703325
0,0,0.513415,0.481365,0.710417
0,0,0.30501,0.94992,0.0679718
0,0,-0.270371,-0.862592,0.427592
0,0,-0.407532,-0.198303,0.8914
0,0,0.213991,-0.881331,0.421265
0,0,0.332085,0.860099,0.387233
0,0,-0.680295,0.00150276,0.732937
0,0,-0.933299,-0.297945,0.200454
0,0,0.121185,-0.960842,0.249191
0,0,-0.800611,-0.0508454,0.597023
0,0,-0.292021,-0.947431,0.130759
0,0,0.623639,-0.419639,0.659529
0,0,0.403402,0.0804621,0.911478
0,0,0.51201,0.531594,0.674725
0,0,0.932708,-0.138572,0.332946
0,0,-0.242736,-0.782959,0.57276
0,0,-0.563278,0.250664,0.787328
0,0,-0.671056,-0.100754,0.734529
0,0,0.978138,0.195056,0.0721091
15.1316,20.0284,0.777519,-0.0129297,0.628727
0,0,-0.118311,0.987981,0.0994775
0,0,-0.698429,0.522764,0.488788
0,0,0.27912,-0.658379,0.69902
0,0,-0.725512,-0.320555,0.608997
0,0,0.617158,0.781971,0.0873973
0,0,0.191777,-0.371107,0.908571
0,0,0.895627,0.372186,0.243579
0,0,-0.319691,-0.488473,0.811907
0,0,0.55841,0.686961,0.46504
0,0,-0.740991,0.580018,0.338395
0,0,-0.816363,-0.520087,0.251119
0,0,0.7132,-0.688454,0.131823
0,0,-0.696697,0.522809,0.491207
0,0,-0.904061,-0.124145,0.408976
0,0,0.520449,0.48442,0.703186
0,0,-0.823825,0.287548,0.488496
0,0,0.102402,-0.674552,0.731091
0,0,-0.658463,0.553774,0.509667
0,0,-0.474376,-0.244405,0.845715
0,0,0.620418,0.192599,0.760255
0,0,-0.724767,0.688869,0.0131559
0,0,0.426568,-0.720962,0.546127
0,0,-0.940049,0.185023,0.286485
0,0,-0.561003,-0.794217,0.233444
0,0,-0.721584,-0.357931,0.592624
0,0,0.249931,-0.811725,0.52786
0,0,0.515228,-0.0324257,0.85644
0,0,-0.927245,0.130228,0.35108
0,0,0.637004,-0.539815,0.550296
0,0,-0.948231,-0.168705,0.269066
0,0,0.432003,0.0222236,0.901598
0,0,0.515429,0.856389,0.0304945
0,0,-0.266786,-0.446102,0.854294
0,0,0.226856,0.168213,0.959292
0,0,0.541934,0.825465,0.157847
0,0,0.710187,-0.597056,0.373038
0,0,0.0936452,-0.975141,0.200823
0,0,0.599537,0.56657,0.565292
0,0,-0.191678,0.921723,0.337173
0,0,0.442021,0.822762,0.357324
0,0,-0.314743,-0.749615,0.582249
0,0,-0.199838,0.96414,0.174638
0,0,-0.037523,0.385174,0.922081
0,0,0.607245,0.0778545,0.790691
0,0,0.155615,-0.658016,0.736749
0,0,0.514931,0.535499,0.669393
0,0,0.618764,-0.78438,0.0433454
0,0,0.266091,0.117228,0.956793
0,0,0.518602,0.0325587,0.854395
0,0,0.386074,0.451209,0.804585
0,0,0.816465,-0.504284,0.281217
0,0,-0.460853,0.371178,0.806127
0,0,-0.803509,0.443411,0.397191
0,0,0.250632,-0.610796,0.751074
0,0,-0.505932,0.70128,0.502235
21.2992,29.799,0.492644,-0.798851,0.345165
0,0,0.882516,-0.139372,0.449156
0,0,-0.973661,0.00579325,0.227926
0,0,-0.834783,0.0259253,0.549968
0,0,0.969568,0.00862643,0.244671
0,0,0.737926,-0.0846041,0.669558
0,0,-0.204611,0.928511,0.309841
0,0,0.837543,0.14212,0.527565
0,0,-0.292214,-0.927089,0.234769
0,0,0.936728,-0.329521,0.118135
0,0,-0.795018,-0.430918,0.426914
0,0,0.59706,0.448365,0.665198
0,0,-0.409011,-0.632177,0.658075
0,0,-0.605553,0.734455,0.306401
0,0,0.295048,-0.291709,0.909864
0,0,-0.832008,-0.0439331,0.553022
0,0,0.975175,0.151133,0.161839
0,0,0.764999,0.643575,0.0242592
0,0,-0.765525,-0.584083,0.26985
0,0,-0.118869,-0.262523,0.957576
0,0,-0.634973,-0.589658,0.499112
0,0,-0.253703,0.770141,0.58525
0,0,0.509125,-0.674748,0.534329
0,0,-0.391237,0.557315,0.732348
0,0,0.858893,0.504576,0.0877797
0,0,0.488934,-0.0588837,0.870331
0,0,-0.735515,-0.665468,0.127157
0,0,0.568653,-0.770643,0.287652
0,0,0.254776,0.965097,0.0606385
0,0,-0.72332,-0.59954,0.342578
0,0,-0.132142,-0.0308137,0.990752
0,0,0.315827,-0.00217042,0.948814
0,0,-0.0934619,-0.937157,0.336157
0,0,-0.818964,-0.542502,0.187057
7.93599,11.4417,-0.106422,-0.243684,0.963998
0,0,0.332417,0.276269,0.901762
0,0,-0.0678166,-0.0722414,0.995079
0,0,-0.959943,0.143407,0.240716
0,0,-0.0759028,0.867941,0.490834
0,0,0.0977489,-0.966237,-0.238392
0,0,0.551936,0.832231,0.0525232
0,0,0.73564,-0.557387,0.384907
0,0,0.676027,-0.282669,0.680504
0,0,-0.761865,-0.196333,0.617264
0,0,0.0544039,0.599568,0.798472
0,0,-0.763664,-0.261509,0.590279
0,0,0.622996,0.782123,0.0126555
0,0,0.417872,-0.90306,0.0993266
0,0,0.200753,0.470708,0.859147
20.6855,29.8686,-0.156575,0.284041,0.945941
0,0,0.0789671,0.892349,0.444385
0,0,0.509215,0.852622,0.117197
0,0,0.0434469,-0.570038,0.820469
0,0,-0.608023,-0.353545,0.710854
0,0,0.592326,0.722914,0.355732
0,0,-0.675617,0.736858,0.0241393
0,0,0.249295,-0.73455,0.631101
0,0,-0.838167,-0.445635,0.31446
0,0,0.21432,0.606933,0.76531
0,0,-0.652154,0.75608,0.0551267
0,0,-0.221818,0.934815,0.27734
0,0,0.613852,-0.732618,0.294034
0,0,0.163079,-0.869641,0.465973
0,0,-0.860749,0.435852,0.262951
0,0,0.130355,0.158492,0.978718
0,0,-0.185858,-0.971059,0.150004
0,0,0.190951,0.908914,0.370692
0,0,0.101089,-0.604346,0.790283
0,0,-0.96687,-0.246291,0.0671129
0,0,0.0224909,0.965811,0.258269
0,0,-0.563584,0.783152,0.262766
0,0,-0.80436,-0.42803,0.412062
0,0,-0.680033,-0.68434,0.263123
0,0,-0.550756,0.761737,0.341211
0,0,0.617718,0.0785467,0.782467
0,0,0.91591,-0.0823385,0.392847
0,0,0.110736,0.964096,0.241363
0,0,0.995537,0.0908682,0.0254788
0,0,-0.0498913,-0.895704,0.441842
0,0,-0.750193,0.399591,0.526818
0,0,-0.367772,0.673252,0.641463
0,0,0.203159,-0.00684876,0.979122
0,0,-0.70783,-0.0157861,0.706207
0,0,-0.327102,-0.193358,0.924996
0,0,0.288272,-0.956897,0.0353182
23.3344,31.2254,0.508514,0.692462,0.511771
0,0,0.471924,0.870375,0.140483
0,0,-0.404513,0.0482218,0.91326
0,0,0.18515,0.47341,0.861163
0,0,0.0320351,0.990173,0.136131
0,0,-0.989623,0.14291,0.0149652
0,0,0.204811,-0.810828,0.548279
0,0,-0.172107,0.978819,0.110875
0,0,-0.187532,-0.945148,0.267447
0,0,0.0839425,0.471722,0.877743
0,0,0.298708,-0.836867,0.458723
0,0,-0.181121,0.981628,0.0600144
23.7059,34.5933,0.603914,0.0300697,0.796482
0,0,-0.742435,0.149708,0.652976
0,0,0.353393,0.912958,0.204014
0,0,-0.725638,0.145711,0.672472
0,0,-0.763601,0.065384,0.64237
0,0,0.570905,-0.781603,0.251325
0,0,0.356332,0.606734,0.710564
0,0,0.838075,0.543155,0.0511072
0,0,0.387967,0.254359,0.88588
0,0,-0.757942,0.25681,0.599644
0,0,0.293819,0.744561,0.599416
0,0,0.27979,-0.304976,0.910334
0,0,0.483008,-0.535218,0.692997
0,0,-0.814974,0.336101,0.472074
0,0,0.17878,0.338724,0.923744
0,0,-0.390465,0.457935,0.798644
0,0,0.473341,-0.604479,0.640745
0,0,0.600348,0.786735,0.143633
0,0,-0.825535,-0.174657,0.536644
0,0,-0.235382,-0.856233,0.459849
0,0,-0.733098,-0.281036,0.619343
0,0,-0.545198,-0.192453,0.815917
0,0,0.328667,-0.193394,0.924433
0,0,0.238182,-0.668258,0.70477
0,0,0.329319,0.0647096,0.941999
0,0,-0.85666,-0.116232,0.502616
0,0,-0.850943,-0.328029,0.410234
0,0,-0.889097,0.427149,0.164471
0,0,-0.163134,0.662753,0.730853
0,0,0.432969,0.83516,0.339184
0,0,0.705545,0.704118,0.0801536
0,0,-0.00123969,-0.635676,0.771955
0,0,0.24063,0.0694092,0.968132
0,0,0.650843,0.725045,0.225195
0,0,0.12576,-0.567566,0.813667
0,0,-0.533507,0.590462,0.605578
0,0,0.337009,-0.38445,0.859432
0,0,-0.0144445,-0.900539,0.434535
0,0,-0.26107,0.865405,0.427687
0,0,-0.726246,-0.299889,0.618574
0,0,0.513441,0.848326,0.129312
0,0,0.58979,-0.618908,0.518749
0,0,0.754505,-0.24868,0.607355
0,0,-0.473535,-0.461497,0.75019
20.5166,30.4304,0.971778,-0.07506,0.223637
0,0,0.690207,-0.710686,0.13616
0,0,-0.868921,-0.340066,0.359626
0,0,0.0793064,-0.868281,0.489692
0,0,0.245758,0.929453,0.275173
0,0,0.255851,0.845176,0.469274
0,0,-0.310004,0.776378,0.548758
0,0,-0.848654,-0.312226,0.426967
0,0,-0.530092,-0.784362,0.322149
0,0,-0.834438,-0.535418,0.130542
0,0,0.636395,-0.455306,0.622654
0,0,-0.570332,-0.517145,0.638187
0,0,-0.312806,0.738995,0.596691
0,0,-0.201616,0.512926,0.834421
0,0,-0.475869,-0.494302,0.727471
0,0,0.25793,0.405748,0.876836
0,0,0.613515,-0.0367952,0.788826
12.0001,18.6445,-0.389092,0.817894,0.42386
0,0,0.489341,-0.602813,0.630208
0,0,0.499115,-0.404535,0.766313
0,0,-0.0161914,0.818842,0.57379
0,0,0.0412816,0.971221,0.234576
0,0,-0.618183,0.0237536,0.785675
7.35254,10.3512,0.0269895,-0.132553,0.990808
0,0,-0.19605,0.60534,0.771445
0,0,-0.527499,-0.662332,0.532035
0,0,-0.252118,-0.799292,0.545499
0,0,0.420542,0.273494,0.86507
0,0,-0.698006,-0.488174,0.523902
0,0,-0.236878,-0.71749,0.655055
0,0,-0.993359,0.0274637,0.111734
0,0,0.509632,-0.807958,0.295768
0,0,-0.812336,-0.490758,0.315068
0,0,0.407115,0.87299,0.268599
0,0,-0.472687,-0.19843,0.858599
0,0,-0.935,-0.208068,0.287199
0,0,-0.668527,-0.0467129,0.74222
0,0,0.647425,-0.0279031,0.761618
0,0,-0.034256,0.230291,0.972519
0,0,0.987141,0.155855,0.0355203
0,0,0.630493,0.651186,0.422416
0,0,-0.813432,0.568419,0.123402
0,0,-0.725191,-0.253816,0.640059
0,0,-0.103941,-0.770512,0.628893
0,0,0.809536,-0.563768,0.163756
0,0,-0.958456,0.111543,0.262528
16.0684,24.7381,0.128979,-0.582335,0.802652
0,0,0.682424,-0.38195,0.623227
0,0,0.254643,0.94741,0.193832
0,0,-0.600285,0.65561,0.458075
0,0,0.994973,-0.000928961,0.100139
0,0,0.574446,0.405672,0.710944
0,0,-0.782817,-0.463891,0.414732
0,0,-0.29214,0.907916,0.30057
0,0,-0.489058,0.75079,0.444
0,0,0.258952,0.344769,0.902263
0,0,0.0149947,0.991417,0.129876
0,0,0.722249,-0.019321,0.691363
0,0,-0.754934,0.149401,0.638556
0,0,-0.629523,0.382388,0.676373
0,0,0.0464958,0.81174,0.582166
0,0,0.56115,-0.819573,0.115805
0,0,0.00402227,-0.600691,0.799471
0,0,0.878375,-0.267737,0.395947
0,0,0.810867,-0.566952,0.145117
0,0,0.278655,0.00543289,0.960376
0,0,0.540233,0.488111,0.68549
0,0,-0.626649,-0.349622,0.696474
0,0,-0.730199,-0.214708,0.648621
0,0,0.457033,-0.467181,0.756877
0,0,-0.164688,-0.9792,0.118512
0,0,0.380369,-0.609763,0.695348
0,0,-0.465449,0.747044,0.474639
0,0,-0.602927,0.678125,0.420269
0,0,0.450196,-0.887028,0.102489
0,0,-0.730275,-0.607979,0.311544
0,0,-0.82403,-0.0408539,0.565071
0,0,0.697574,-0.571771,0.43182
0,0,0.0227025,-0.876776,0.480364
0,0,0.452123,0.194064,0.870589
0,0,-0.595684,-0.296217,0.746603
0,0,-0.655257,-0.554005,0.513534
0,0,0.982833,0.127254,0.133586
0,0,0.199438,0.0491333,0.978678
5.94111,9.48952,0.45156,0.437982,0.777345
0,0,0.918652,0.282551,0.276122
0,0,-0.23705,-0.0728381,0.968763
0,0,-0.922367,-0.139176,0.360373
0,0,-0.0582196,-0.89124,0.44978
0,0,-0.564614,0.821969,0.0746866
23.8384,30.9405,0.391962,-0.326374,0.860143
0,0,0.0636257,-0.924162,0.376666
0,0,0.207982,0.463832,0.861164
0,0,0.0210342,-0.963371,0.267346
0,0,-0.293785,-0.668869,0.682865
0,0,0.995567,0.084199,0.0419209
0,0,0.71236,0.687083,0.143039
0,0,0.729026,0.676973,0.101133
0,0,0.297623,-0.542768,0.785381
0,0,-0.911417,-0.377145,0.164564
0,0,0.283139,-0.920235,0.270186
0,0,0.890538,-0.33976,0.302499
0,0,-0.610846,0.577376,0.54176
0,0,0.854653,-0.395798,0.336025
0,0,0.32695,0.820002,0.469787
0,0,0.591929,-0.0240929,0.80563
14.3799,18.9468,-0.287619,0.137497,0.947824
0,0,0.99768,0.0188401,0.0654198
0,0,-0.87467,0.472718,0.10719
0,0,-0.373436,0.927287,0.026163
0,0,0.813463,0.0608221,0.578427
0,0,-0.996925,0.0596911,0.050764
0,0,0.0617736,-0.487613,0.870872
0,0,0.700492,-0.576185,0.421096
0,0,-0.330714,0.925697,0.183614
0,0,-0.915969,-0.127776,0.380361
0,0,-0.386982,0.749468,0.537162
0,0,-0.683997,0.0138517,0.729354
0,0,-0.713111,0.470577,0.519644
18.8387,27.401,0.911186,-0.106407,0.398016
0,0,-0.580752,0.402545,0.707591
0,0,0.373702,0.154228,0.914637
0,0,0.650504,-0.633483,0.41898
0,0,-0.0365197,0.329177,0.943562
0,0,-0.652139,-0.316706,0.688775
0,0,-0.743702,0.654843,0.13449
0,0,0.510033,0.790189,0.339806
0,0,0.369156,-0.837405,0.403084
0,0,-0.490376,-0.868584,0.0713584
0,0,-0.592378,0.690736,0.414695
0,0,-0.971423,0.160481,0.174881
0,0,-0.285435,-0.86965,0.402785
0,0,0.23648,-0.453977,0.859059
0,0,0.164418,-0.672224,0.72186
0,0,0.528624,-0.265746,0.806186
24.2875,36.7985,-0.137015,-0.561723,-0.815901
0,0,-0.630106,-0.226489,0.742744
0,0,0.468197,0.487313,0.737101
0,0,0.962673,-0.254904,0.0910254
0,0,0.690608,0.624334,0.365057
0,0,0.700073,0.611022,0.369527
0,0,0.911121,0.235248,0.338404
0,0,0.951176,-0.218631,0.217865
0,0,-0.512233,0.563734,0.647936
0,0,-0.508963,0.827828,0.235917
0,0,0.913307,0.214303,0.34633
0,0,0.969652,-0.173218,0.172543
0,0,0.979346,-0.136317,0.149325
0,0,-0.0905064,0.470469,0.877763
0,0,0.182477,-0.550549,0.814615
0,0,-0.204542,-0.0824573,0.975379
0,0,0.764187,-0.604651,0.224533
0,0,-0.998082,-0.00943943,0.0611858
0,0,-0.841336,-0.473036,0.261518
0,0,-0.282823,0.906685,0.312942
0,0,-0.733352,0.325626,0.596794
0,0,0.388636,0.872114,0.297288
0,0,-0.149113,0.368379,0.917639
0,0,0.658241,0.0647784,0.750015
0,0,0.550997,0.287742,0.783331
0,0,0.719482,0.349579,0.600117
0,0,0.928609,-0.156694,0.336351
0,0,-0.153931,0.955222,0.2527
0,0,-0.798527,-0.370159,0.474697
0,0,0.908567,-0.292464,0.298279
0,0,-0.928068,-0.177599,0.327336
0,0,-0.33266,-0.14194,0.932304
0,0,-0.302127,0.69783,0.649425
0,0,-0.0522409,-0.589275,0.806242
0,0,-0.452938,-0.764678,0.458383
0,0,-0.109765,-0.914077,0.390403
0,0,-0.40581,0.566676,0.717075
0,0,-0.578583,-0.319387,0.750489
0,0,-0.988052,0.0951687,0.121226
0,0,0.423976,0.0478754,0.904407
0,0,-0.379645,0.183232,0.906805
0,0,-0.489796,-0.597292,0.635092
0,0,-0.892948,-0.227635,0.388363
0,0,0.500619,-0.820519,0.275915
0,0,-0.757522,-0.649949,0.0610395
0,0,-0.55594,0.141466,0.819096
0,0,0.0551869,0.997867,0.0348791
0,0,0.887124,0.28109,0.36606
0,0,-0.84759,0.530584,0.00849871
0,0,0.334673,-0.740122,0.583278
0,0,-0.826893,-0.170296,0.535955
0,0,-0.267883,-0.741509,0.615145
0,0,0.812717,-0.226698,0.536749
0,0,-0.747832,-0.39243,0.535486
0,0,0.173617,0.891972,0.417425
0,0,-0.867267,-0.274384,0.415404
0,0,-0.961554,-0.200554,0.187596
0,0,0.996768,0.0537691,0.059678
0,0,-0.765678,0.261321,0.587749
0,0,-0.30257,0.861126,0.40855
0,0,0.195474,-0.688945,0.697957
0,0,-0.211859,-0.551263,0.806985
0,0,-0.488917,0.11089,0.865254
0,0,0.877096,0.123492,0.464168
0,0,0.952034,0.0494046,0.301978
0,0,-0.811181,0.336751,0.478105
0,0,-0.944574,0.243985,0.219663
0,0,0.527468,0.468376,0.708802
0,0,0.422145,0.689378,0.588686
0,0,0.308065,-0.518942,0.797368
0,0,-0.76984,-0.638181,0.00843382
0,0,0.238957,0.968537,0.0695417
0,0,0.600571,0.402191,0.691055
0,0,-0.242999,-0.860984,0.446831
0,0,0.612281,0.68511,0.394633
0,0,-0.527303,-0.337417,0.779809
0,0,-0.0825066,0.580366,0.810165
0,0,0.335814,-0.912161,0.234928
0,0,0.915823,-0.237918,0.323516
0,0,0.456721,0.889609,0.00157749
0,0,-0.271443,0.867213,0.417444
0,0,0.868957,0.108203,0.482913
0,0,0.184961,0.422747,0.887172
0,0,0.794646,0.398227,0.458206
0,0,0.716645,-0.564673,0.409345
0,0,-0.0506285,-0.510101,0.858623
0,0,0.866743,-0.345648,0.359562
0,0,0.804656,0.14308,0.576244
0,0,0.558452,0.354956,0.749758
0,0,0.910836,-0.239015,0.336527
0,0,0.191144,-0.538511,0.820652
0,0,0.0517469,-0.822595,0.566268
0,0,-0.333377,0.633103,0.698599
0,0,0.49289,-0.474992,0.729001
0,0,0.900487,0.40885,0.148209
0,0,-0.252666,0.682213,0.686108
0,0,-0.87799,0.16338,0.449933
0,0,-0.896693,0.155946,0.414273
0,0,0.580504,0.331822,0.743579
0,0,-0.198499,0.203036,0.95884
0,0,-0.684398,-0.678791,0.266163
0,0,0.264831,0.812774,0.518906
0,0,-0.450592,0.0597405,0.890729
0,0,-0.242325,0.584005,0.774736
0,0,-0.29622,0.406735,0.864188
0,0,0.214298,0.564645,0.797027
0,0,0.785899,0.591034,0.181773
0,0,0.0546866,0.529208,0.846728
0,0,-0.350692,0.533364,0.769765
0,0,0.388508,0.579219,0.716636
0,0,-0.523834,-0.570969,0.632133
0,0,-0.219056,0.734179,0.642647
0,0,-0.412512,-0.462827,0.784618
0,0,-0.428314,0.549173,0.717604
0,0,0.383109,0.921354,0.0658428
0,0,0.953466,0.153144,0.259709
0,0,-0.498386,0.59992,0.625866
0,0,0.836911,-0.363843,0.408899
0,0,-0.119719,0.984792,0.125908
0,0,0.712767,0.640123,0.286714
0,0,0.402154,0.866235,0.296493
0,0,-0.938881,0.344158,0.00752734
0,0,0.821338,0.512414,0.250671
0,0,0.827365,-0.0923561,0.55402
0,0,0.739603,0.0172605,0.672822
0,0,-0.0358153,0.151665,0.987783
0,0,0.15328,-0.883806,0.442032
0,0,0.721511,0.206213,0.660983
0,0,0.637306,0.742798,0.205164
0,0,-0.122427,-0.666165,0.735687
0,0,0.593773,-0.507319,0.624549
0,0,-0.752265,0.567261,0.335131
0,0,0.730268,-0.289388,0.61884
0,0,0.277582,-0.700172,0.657805
0,0,0.653366,-0.576335,0.490868
0,0,-0.766538,0.236666,0.596999
0,0,0.771228,-0.520741,0.366109
0,0,-0.355716,0.760221,0.543627
0,0,0.447387,0.889361,0.0942399
0,0,0.734065,0.175454,0.656022
0,0,-0.283842,0.656482,0.698902
0,0,0.435023,-0.561968,0.703524
0,0,-0.0507512,-0.210958,0.976177
0,0,0.865694,0.46724,0.179615
0,0,0.254934,0.433024,0.86458
0,0,0.30279,0.428891,0.8511
0,0,0.42236,-0.822281,0.3814
0,0,0.0426109,-0.667856,0.74307
0,0,0.649587,0.621156,0.438408
0,0,-0.373505,-0.287074,0.88209
0,0,0.657597,0.73461,0.167074
0,0,0.0507858,0.836533,0.545557
0,0,0.217643,0.931322,0.292013
0,0,0.651892,0.607574,0.453751
0,0,0.815339,0.555227,0.16415
0,0,0.656872,0.279779,0.700173
0,0,0.440479,-0.0477164,0.896494
0,0,0.743388,0.542343,0.391455
0,0,0.346571,-0.752032,0.560657
0,0,-0.228145,-0.796238,0.560317
0,0,-0.633643,-0.642437,0.431012
0,0,-0.531133,-0.704903,0.470117
0,0,0.5852,-0.0670872,0.808109
0,0,0.0624742,-0.636844,0.768457
0,0,-0.296546,0.756355,0.583085
0,0,0.929558,0.330753,0.162861
0,0,-0.345447,-0.846378,0.405351
0,0,-0.477443,0.809716,0.341187
0,0,0.703847,0.626159,0.335445
0,0,0.141098,-0.780758,0.608694
0,0,-0.223209,0.576862,0.785753
0,0,-0.243381,0.314545,0.917511
0,0,-0.029741,0.982922,0.181604
0,0,0.269883,0.717855,0.641753
0,0,-0.435844,0.796403,0.419263
0,0,-0.457914,0.149484,0.876339
0,0,0.449316,-0.879365,0.157582
0,0,0.828552,0.32463,0.456199
0,0,0.507482,0.208731,0.835998
0,0,0.790611,-0.500825,0.352292
0,0,-0.591577,-0.761976,0.263495
0,0,-0.868496,0.353397,0.347598
0,0,-0.585181,-0.757081,0.290501
0,0,0.128889,-0.16301,0.978169
0,0,-0.537022,0.820186,0.197237
0,0,-0.509001,-0.833479,0.215014
0,0,-0.012229,-0.892732,0.450423
0,0,0.997929,-0.0163102,0.0622247
0,0,-0.607329,-0.562865,0.560655
21.0317,29.1085,-0.251587,0.45177,0.855925
0,0,-0.814336,-0.57807,0.0518839
0,0,-0.783577,0.597607,0.169921
0,0,0.976978,-0.0440641,0.208741
0,0,0.134382,0.686943,0.714178
17.9061,24.9671,0.881693,0.411081,0.231581
0,0,0.932168,-0.359525,0.0424783
0,0,0.647735,-0.0171517,0.761673
0,0,0.331494,0.941351,0.0630036
0,0,0.986509,-0.140266,0.0844076
0,0,0.535975,0.376696,0.755534
22.1259,30.0724,-0.781215,-0.409643,0.471057
0,0,0.181669,0.504431,0.844124
0,0,0.109952,0.9063,0.408082
0,0,-0.669494,0.738242,0.0823172
0,0,-0.859589,0.0712625,0.505992
0,0,0.369741,-0.664537,0.649371
0,0,-0.47947,-0.876971,0.0321079
0,0,-0.418145,0.907625,0.0370384
0,0,-0.315494,0.0974352,0.943912
0,0,0.664891,0.457261,0.590619
0,0,-0.639251,-0.669658,0.378043
0,0,0.49261,0.479224,0.726415
0,0,0.243612,0.961189,0.129498
0,0,-0.578386,0.588771,0.56464
0,0,0.320756,-0.335876,0.885609
0,0,-0.240341,0.930241,0.277285
0,0,-0.522626,-0.308717,0.794705
0,0,-0.289474,0.564885,0.772729
22.3221,32.5208,-0.542212,-0.23878,0.805599
0,0,0.776128,0.115226,0.619958
0,0,-0.231783,-0.517431,0.823736
0,0,-0.185925,-0.881581,0.433874
0,0,-0.096998,-0.709436,0.698063
0,0,-0.303334,0.882618,0.35913
0,0,0.981868,0.0105513,0.18927
0,0,0.237745,0.713249,0.659358
0,0,-0.302501,0.930096,0.208364
0,0,0.544396,0.815361,0.197026
0,0,0.545997,0.82694,0.134379
0,0,-0.228847,-0.726437,0.648011
0,0,-0.983446,0.0803542,0.162411
0,0,-0.865569,0.479186,0.145505
0,0,-0.0553641,0.498748,0.864977
0,0,0.569162,-0.0458567,0.820946
0,0,-0.106557,-0.88643,0.45043
0,0,0.586642,0.804736,0.0908367
0,0,-0.688587,0.0435844,0.723843
0,0,0.0869151,0.968364,0.233917
0,0,-0.0763814,0.977869,0.194777
0,0,-0.529115,-0.459614,0.713297
0,0,0.644749,-0.390675,0.657017
0,0,-0.690796,0.511787,0.510759
0,0,0.23551,0.515416,0.823942
0,0,-0.731792,0.635758,0.245543
0,0,-0.522938,-0.709139,0.472925
0,0,-0.449701,0.853316,0.263857
0,0,-0.249934,0.576349,0.778045
0,0,-0.207918,-0.962661,0.173359
0,0,0.325944,-0.132525,0.936054
0,0,-0.817079,-0.259794,0.514673
0,0,0.973744,0.042188,0.223703
0,0,0.883071,0.390687,0.259904
0,0,-0.960999,-0.249481,0.119331
0,0,-0.580355,0.504269,0.639453
0,0,0.76034,-0.516273,0.394139
13.797,21.0341,-0.497896,-0.493509,0.713126
0,0,0.479308,-0.777097,0.407902
0,0,-0.856279,-0.513134,0.0589949
0,0,0.193316,-0.131144,0.972332
0,0,0.452331,-0.575854,0.68102
0,0,-0.975832,0.0598283,0.210171
0,0,0.546227,-0.816532,0.186846
0,0,0.778174,0.111487,0.618074
0,0,0.0344691,-0.172165,0.984465
0,0,0.938296,0.259084,0.229079
0,0,-0.187303,-0.84047,0.508456
0,0,-0.119797,0.935991,0.331013
0,0,0.763561,-0.587733,0.26748
0,0,-0.129181,-0.812384,0.568634
0,0,-0.284515,-0.838961,0.463893
0,0,0.0348398,0.997348,0.0639047
0,0,0.864915,0.473127,0.16755
0,0,0.922366,-0.310364,0.230034
0,0,0.108475,0.850822,0.514136
0,0,-0.715322,0.367725,0.594216
0,0,-0.761937,0.114992,0.637361
0,0,-0.822031,0.56887,0.0255312
0,0,0.39513,0.636974,0.661919
0,0,-0.395375,-0.813537,0.426422
0,0,0.509777,0.202323,0.836178
0,0,-0.906082,-0.0314689,0.42193
0,0,0.169496,0.935198,0.310928
0,0,-0.135366,-0.975472,0.173581
0,0,-0.543632,0.223059,0.809141
0,0,-0.738079,-0.136196,0.660825
0,0,-0.563526,-0.343174,0.751445
0,0,0.340495,-0.892094,0.297036
0,0,0.811721,-0.490315,0.317333
0,0,0.0411204,-0.950591,0.30771
0,0,-0.788682,0.16402,0.592518
0,0,0.187289,0.491558,0.850467
0,0,0.1897,-0.434043,0.880693
0,0,-0.224958,0.969733,0.094934
0,0,0.889684,-0.232241,0.3931
0,0,0.987221,0.118059,0.107038
0,0,-0.960685,0.0988501,0.259448
0,0,0.223086,-0.611225,0.759366
0,0,0.123648,-0.680923,0.721841
0,0,0.560675,-0.632375,0.534551
0,0,-0.660181,-0.423803,0.620122
0,0.00060174,0.082887,0.246508,0.96559
0,0,-0.538898,0.211162,0.815475
0,0,-0.011017,-0.926101,0.377114
0,0,-0.247547,0.380387,0.891081
22.5767,32.3768,-0.433153,0.750467,0.499176
0,0,-0.125382,-0.595279,0.793676
0,0,0.548826,0.830591,0.0943861
0,0,-0.0234229,0.690367,0.72308
0,0,0.87311,-0.479044,0.0905311
0,0,0.0103825,-0.999263,0.0369477
0,0,-0.36301,-0.781732,0.507069
0,0,-0.680102,-0.538073,0.497935
0,0,0.038826,-0.918573,0.393339
0,0,0.269906,-0.93087,0.246236
0,0,0.41066,-0.38462,0.826696
0,0,-0.495342,0.237226,0.835679
0,0,0.230896,0.808385,0.54148
0,0,0.966366,0.204333,0.156159
0,0,-0.292063,-0.0412575,0.955509
0,0,-0.629687,-0.0899644,0.771622
0,0,-0.278625,0.367624,0.887254
16.4045,25.2232,-0.39949,-0.489366,0.775196
0,0,0.112629,-0.352681,0.928941
0,0,-0.639871,0.641495,0.423141
0,0,0.367834,0.726078,0.580956
0,0,-0.0585201,-0.238861,0.969289
0,0,-0.704102,0.473013,0.529622
0,0,0.499621,0.69866,0.512107
0,0,-0.165743,0.981525,0.0955971
0,0,0.259775,0.962724,0.0753648
0,0,0.137696,-0.883789,0.447165
0,0,0.597816,-0.776648,0.198577
0,0,-0.840627,-0.435247,0.322345
0,0,-0.809208,0.536615,0.239221
0,0,0.64323,0.639307,0.421357
0,0,-0.0931137,0.978594,0.183532
0,0,0.10106,-0.628409,0.77129
14.7763,22.0276,0.261009,0.1176,0.958146
0,0,-0.251813,-0.470123,0.845916
0,0,-0.226252,-0.310964,0.923099
0,0,0.535893,0.740704,0.405187
0,0,-0.898241,-0.365404,0.244217
0,0,0.459404,-0.729386,0.506897
0,0,-0.60985,0.0905243,0.78733
0,0,-0.144616,-0.671933,0.726356
0,0,-0.192178,-0.105259,0.975699
0,0,0.957922,-0.182528,0.221516
0,0,-0.747693,0.63216,0.203298
0,0,-0.452811,-0.571788,0.684121
0,0,-0.753275,0.650749,0.0954092
0,0,0.647964,-0.407825,0.64329
0,0,0.0730762,0.813433,0.577049
0,0,-0.137197,-0.596114,0.791091
0,0,0.186006,0.220758,0.957428
0,0,0.019324,-0.882835,0.469286
0,0,-0.830691,0.315068,0.459005
0,0,-0.667132,-0.0707039,0.741577
0,0,-0.817266,0.536767,0.209658
0,0,-0.59683,-0.777142,0.199608
0,0,-0.47234,-0.85858,0.199337
0,0,0.512175,0.448154,0.73269
0,0,-0.55043,0.471363,0.68909
0,0,0.879454,-0.475258,0.026281
0,0,0.598257,0.0726266,0.798006
0,0,-0.984746,0.0909853,0.148311
0,0,0.843691,-0.536613,0.0152363
0,0,0.441479,-0.761215,0.475024
0,0,-0.814244,0.355438,0.458988
0,0,0.123033,-0.795004,0.593996
0,0,0.745371,-0.36423,0.558354
0,0,0.380015,0.24091,0.893057
0,0,0.856458,0.488145,0.16791
0,0,-0.913646,0.0446251,0.404054
0,0,0.303051,-0.504291,0.80861
0,0,-0.982548,-0.0364984,0.182394
0,0,-0.834342,-0.472363,0.284158
0,0,0.0750334,0.711896,0.698265
0,0,-0.633492,0.724048,0.272841
0,0,-0.480824,-0.075653,0.873547
0,0,0.636229,-0.622527,0.455711
0,0,0.703185,-0.147959,0.695441
0,0,0.998463,-0.00844453,0.0547835
0,0,-0.418736,0.701577,0.576585
0,0,-0.147594,0.428781,0.89127
0,0,0.762825,-0.203679,0.613688
0,0,-0.798962,-0.547069,0.249752
0,0,0.685628,-0.484101,0.543654
0,0,0.937407,-0.100173,0.333517
0,0,0.647929,0.758538,0.069348
0,0,0.876326,0.167417,0.451691
0,0,0.66702,-0.446244,0.596616
0,0,0.313255,-0.332009,0.889742
0,0,0.710841,0.678636,0.184818
0,0,-0.863901,0.0176406,0.503353
0,0,-0.322558,0.565555,0.759015
0,0,0.150152,-0.82792,0.540373
0,0,0.399871,-0.881316,0.251765
0,0,0.920093,-0.375418,0.111762
0,0,0.954004,-0.133853,0.268252
0,0,0.957499,0.151066,0.245715
0,0,-0.227913,-0.858182,0.459977
0,0,-0.175868,-0.165079,0.970474
0,0,0.550138,-0.822956,0.141746
3.3101,4.88099,-0.0636519,0.175823,0.982362
0,0,0.962224,-0.108734,0.249603
0,0,-0.550722,-0.371111,0.747651
0,0,0.986105,0.121951,0.112801
0,0,-0.600308,0.796157,0.0759204
0,0,0.604832,0.224784,0.76397
0,0,0.108133,-0.976864,0.184511
0,0,-0.118911,0.662446,0.739611
20.2601,29.4533,-0.71351,0.233435,0.660615
0,0,0.757788,0.615523,0.21654
0,0,0.495662,0.852192,0.167596
0,0,0.733602,0.490035,0.470843
0,0,-0.150166,0.988428,0.021432
0,0,-0.950656,0.139778,0.276976
0,0,0.856956,-0.484989,0.174388
0,0,-0.626812,0.765815,0.143647
0,0,0.5493,0.579361,0.602172
0,0,0.670456,0.703265,0.236448
0,0,0.257179,-0.954728,0.14951
0,0,-0.676634,0.731173,0.0869056
0,0,0.475408,-0.421944,0.771978
0,0,0.845252,0.534366,0.00119394
0,0,0.302105,0.254212,0.918754
0,0,0.975859,-0.131087,0.174688
0,0,-0.340764,0.574261,0.744382
0,0,-0.523961,-0.725306,0.446538
0,0,0.37713,0.922796,0.0788673
0,0,0.176777,0.984251,0.000540574
0,0,-0.781188,-0.485086,0.392984
0,0,-0.18093,0.797193,0.575976
0,0,-0.758751,0.0269109,0.650824
0,0,0.697022,-0.346012,0.628041
0,0,0.754888,-0.584841,0.296825
0,0,0.571982,-0.645188,0.506527
0,0,-0.953453,0.294418,0.0651599
0,0,0.622905,-0.781089,0.0434675
0,0,-0.362274,0.358857,0.86022
0,0,0.891846,0.315583,0.324064
0,0,-0.967012,-0.25337,0.0263048
0,0,0.888101,-0.0183994,0.45928
0,0,-0.608121,-0.563281,0.559377
0,0,0.552573,0.529205,0.643898
0,0,0.148739,-0.81628,0.558179
0,0,0.420663,-0.905703,0.0523837
0,0,0.0408708,0.803313,0.594154
0,0,-0.845322,0.519734,0.12372
0,0,-0.586792,-0.732533,0.345066
0,0,0.680064,0.338777,0.650187
0,0,0.678175,0.168723,0.71527
0,0,-0.409346,-0.472362,0.780583
0,0,-0.326655,-0.369521,0.869914
0,0,-0.624968,-0.159564,0.764169
0,0,-0.0715946,0.826018,0.559078
0,0,0.211089,0.720126,0.660954
0,0,-0.190329,-0.962936,0.191127
0,0,-0.747426,-0.316744,0.583976
12.1304,16.1508,0.08485,-0.279097,0.956507
0,0,0.66113,0.168719,0.731055
0,0,0.153892,-0.198211,0.968003
0,0,0.920751,-0.152122,0.359273
0,0,-0.611679,-0.63892,0.466508
0,0,0.735003,0.632789,0.243614
15.2035,22.5531,0.824546,-0.0302885,0.564984
0,0,0.726293,0.684615,0.0616535
0,0,0.735141,0.0185204,0.677661
0,0,-0.198161,-0.952021,0.233212
0,0,-0.226555,-0.973712,0.0236126
0,0,0.476677,-0.862306,0.170903
0,0,0.666425,-0.615001,0.421488
0,0,0.306868,-0.915365,0.260652
21.5142,31.6534,-0.876804,0.00169469,0.480846
0,0,-0.074896,0.994859,0.0681681
0,0,-0.548681,0.0722015,0.832908
0,0,0.545409,0.833375,0.089528
0,0,0.131643,0.134837,0.982084
0,0,0.701999,-0.699203,0.135326
0,0,-0.989241,0.0703668,0.128262
0,0,0.672897,-0.537155,0.5086
0,0,0.0335832,-0.998306,0.0475193
0,0,0.285727,-0.904747,0.3159
0,0,-0.696365,-0.385862,0.605133
0,0,0.344193,0.894291,0.285962
0,0,-0.824445,-0.565451,0.0235531
0,0,0.391903,-0.550508,0.737125
0,0,-0.920444,-0.0836774,0.381812
0,0,0.127279,0.331094,0.934974
0,0,0.230864,-0.269154,0.935018
0,0,0.434111,0.793587,0.426342
0,0,-0.968095,0.176112,0.178262
0,0,-0.540761,-0.784569,0.303362
0,0,0.292728,0.917112,0.270584
0,0,-0.958487,0.282926,0.0354282
0,0,0.64471,0.738894,0.19592
0,0,-0.496284,-0.390396,0.775431
0,0,-0.0566055,-0.354632,0.933291
0,0,-0.232313,0.756133,0.611795
0,0,-0.148948,0.987099,0.0587378
0,0,0.659245,0.0362726,0.751052
0,0,0.963848,0.237895,0.120014
0,0,0.367686,0.397132,0.840889
0,0,0.560841,-0.817409,0.131528
0,0,-0.347775,0.700006,0.623734
0,0,-0.400482,-0.302967,0.864769
0,0,0.595082,-0.00460227,0.803652
0,0,0.868185,-0.362136,0.339281
0,0,-0.657425,-0.0533649,0.751628
0,0,-0.82932,0.178306,0.529562
0,0,0.852578,0.478928,0.20914
0,0,-0.911183,0.130261,0.390869
0,0,-0.519218,0.742728,0.42281
22.8355,33.6164,0.584155,-0.268625,0.765901
0,0,-0.958826,-0.0806749,0.272293
0,0,-0.948963,0.148934,0.278008
0,0,0.870918,0.167369,0.462048
0,0,-0.770228,-0.637258,0.0255209
0,0,-0.527979,0.0301927,0.84872
0,0,-0.150628,0.156418,0.976138
0,0,-0.406351,-0.469749,0.783719
0,0,-0.0718438,0.976446,0.20345
0,0,0.618196,0.114252,0.777676
0,0,-0.417611,-0.876202,0.240565
0,0,-0.759856,-0.19324,0.620707
0,0,-0.494937,-0.7774,0.388184
0,0,0.0204838,-0.525476,0.850562
0,0,-0.605528,-0.772414,0.191605
0,0,0.765723,-0.250823,0.592246
0,0,0.811645,-0.282017,0.511565
0,0,-0.153693,0.424467,0.892304
0,0,-0.173657,-0.667156,0.724394
0,0,-0.978305,-0.205195,0.0285281
0,0,-0.593452,0.773862,0.22125
0,0,0.637508,0.181239,0.748823
0,0,0.291591,-0.838024,0.461183
0,0,0.668965,0.550929,0.498961
0,0,-0.978228,0.0152683,0.206969
0,0,0.83534,-0.237279,0.495889
0,0,-0.681134,-0.716945,0.14848
0,0,-0.914618,-0.391069,0.102658
0,0,0.039594,-0.905932,0.421569
0,0,-0.39496,0.540614,0.742794
0,0,-0.176689,0.962535,0.205688
0,0,-0.340957,-0.487142,0.804015
0,0,0.270198,0.826034,0.494632
0,0,-0.922162,-0.382007,0.0607266
17.4667,24.5853,0.191772,-0.472872,0.860009
0,0,0.804917,0.166518,0.569544
0,0,0.620162,0.318619,0.716855
0,0,-0.702913,0.705096,0.0935512
0,0,0.42523,0.0349203,0.904411
0,0,0.399447,-0.300117,0.86624
0,0,0.78888,0.497393,0.360927
0,0,-0.424947,0.828741,0.364156
0,0,0.508649,0.152215,0.847412
0,0,-0.35523,-0.907137,0.225644
0,0,0.900798,-0.416064,0.124315
0,0,-0.118284,0.864752,0.488071
0,0,-0.989024,0.13943,0.0488996
0,0,0.594164,0.587016,0.549892
0,0,-0.982152,-0.187266,0.0176041
0,0,-0.790611,0.108242,0.602675
0,0,-0.896457,-0.0350558,0.441742
0,0,-0.743215,0.255542,0.618329
0,0,0.70472,-0.562181,0.432808
0,0,0.894365,-0.267593,0.358475
0,0,-0.784814,-0.552362,0.281005
0,0,-0.925318,0.200832,0.321641
0,0,-0.539885,0.559246,0.629101
0,0,-0.00222315,0.520008,0.854159
0,0,0.22605,-0.344099,0.911316
0,0,-0.263813,0.385744,0.884084
0,0,0.148982,-0.986977,0.0606775
0,0,-0.149976,0.572756,0.805889
0,0,-0.157512,0.382272,0.910526
21.3538,30.4235,-0.496495,0.0587407,-0.86605
0,0,-0.860213,-0.287769,0.420978
0,0,-0.839964,-0.459767,0.288228
0,0,-0.371177,0.438578,0.81846
0,0,0.00383399,-0.30564,0.95214
0,0,0.784809,-0.086681,0.613646
0,0,0.385419,-0.0690923,0.920151
0,0,-0.265182,-0.888239,0.375114
0,0,-0.173829,-0.475432,0.862408
10.5411,15.6394,-0.240015,-0.277139,0.930369
0,0,-0.123178,-0.121086,0.98497
0,0,0.123976,-0.920866,0.369642
0,0,0.556528,-0.770426,0.310998
0,0,0.264319,-0.717299,0.644684
23.5341,31.9296,-0.997703,0.0509293,-0.0446573
0,0,-0.0818984,-0.68001,0.728615
0,0,0.0238312,-0.765743,0.642705
0,0,0.494389,0.0450114,0.868075
0,0,0.827591,-0.555922,0.0777414
0,0,-0.653776,0.261943,0.709903
0,0,-0.912838,0.314141,0.26085
0,0,0.574344,0.7951,0.194792
0,0,-0.626092,0.365339,0.688866
0,0,0.912555,-0.0886255,0.399235
0,0,0.637649,-0.482771,0.60028
0,0,0.824218,0.282758,0.490625
0,0,0.584626,-0.807416,0.0793207
0,0,0.689094,0.617458,0.379334
0,0,-0.943559,0.0500817,0.327395
0,0,-0.0904453,0.216001,0.972195
0,0,-0.283108,0.363144,0.88768
0,0,0.252296,-0.432617,0.865557
0,0,-0.46729,0.717369,0.516742
0,0,0.5468,0.835971,0.0465043
0,0,0.519614,0.245095,0.818492
0,0,-0.635334,0.593388,0.494207
16.272,22.8185,0.0489155,0.156791,0.98642
0,0,0.8119,-0.540922,0.219593
0,0,-0.751844,0.3357,0.567483
0,0,-0.0420152,-0.913298,0.405119
0,0,-0.814277,0.46678,0.345065
0,0,-0.53736,0.818678,0.202509
0,0,-0.503641,-0.577532,0.642496
23.1937,35.5642,0.475555,0.452863,0.754163
0,0,-0.877728,0.442727,0.183264
2.89537,4.39887,-0.0100988,-0.399217,0.916801
0,0,-0.166302,-0.867082,0.469588
0,0,-0.65265,0.124452,0.747369
0,0,0.331329,-0.606855,0.72246
0,0,0.747944,-0.517376,0.415814
0,0,-0.384928,-0.654904,0.650331
0,0,0.318755,0.921566,0.221613
0,0,0.806114,0.39266,0.442717
0,0,-0.0340089,-0.593433,0.804165
0,0,-0.0201771,0.703616,0.710294
0,0,-0.0161627,-0.523993,0.851569
0,0,-0.181632,-0.929028,0.322362
0,0,0.58532,-0.543196,0.601946
0,0,-0.975473,0.198817,0.0944682
0,0,0.810126,0.361253,0.461728
0,0,-0.295357,-0.699146,0.651122
0,0,0.361346,-0.119072,0.924798
0,0,-0.66271,0.0585652,0.746583
0,0,0.431607,0.562425,0.705261
0,0,-0.128841,0.981112,0.144286
0,0,-0.521648,0.852269,0.039006
0,0,0.0497476,-0.440628,0.89631
0,0,-0.679502,-0.398835,0.615798
0,0,0.462625,0.225413,0.857419
0,0,0.948207,0.225085,0.224142
0,0,-0.122072,0.321331,0.939066
0,0,-0.630569,0.424521,0.649742
0,0,0.413959,0.872587,0.259287
0,0,0.928944,-0.370221,0.000414867
0,0,-0.053716,0.27861,0.958901
0,0,-0.659955,-0.335172,0.672398
0,0,0.928365,-0.118324,0.352333
0,0,0.7067,0.654398,0.268957
0,0,-0.959532,-0.109612,0.259391
0,0,0.178451,0.550065,0.815833
0,0,-0.597361,0.670961,0.439285
0,0,0.456829,0.543521,0.704196
0,0,-0.218299,-0.97588,0.00212235
0,0,-0.205086,-0.419355,0.884353
0,0,-0.891184,-0.114975,0.43883
0,0,-0.7929,-0.0175752,0.609099
0,0,0.370738,-0.249903,0.894484
0,0,0.1701,0.948289,0.26798
0,0,-0.737515,-0.31399,0.597899
0,0,0.779639,-0.536068,0.323718
11.4082,15.8539,-0.691037,-0.270768,0.670189
8.41577,12.9839,-0.258599,-0.298956,0.918559
0,0,-0.880075,-0.199966,0.430676
20.3645,27.9,0.367285,-0.276274,0.88813
0,0,-0.947624,-0.315503,0.0496609
0,0,-0.68095,-0.588494,0.435869
0,0,0.693745,-0.642826,0.324798
0,0,-0.0368914,-0.995599,0.0861499
0,0,0.664263,0.744159,0.0705841
0,0,0.45618,0.366606,0.810864
0,0,-0.742352,0.255822,0.619248
0,0,0.897408,0.198668,0.393941
0,0,-0.152515,0.366437,0.917858
0,0,0.362073,-0.157091,0.918817
0,0,-0.16949,0.723239,0.669476
0,0,0.695116,0.41438,0.587455
0,0,0.70463,-0.580728,0.407739
0,0,0.531558,0.0931303,0.841887
0,0,-0.0717412,-0.890822,0.448653
13.6179,18.8842,0.225253,0.112909,0.967736
0,0,-0.0795057,0.356219,0.931014
0,0,0.439622,-0.275467,0.854898
0,0,-0.694257,-0.145386,0.70489
0,0,0.850649,0.100514,0.516036
0,0,0.0354539,-0.144901,0.988811
0,0,-0.730662,0.217687,0.647105
0,0,0.271034,0.914383,0.300741
0,0,-0.360656,-0.281185,0.889304
0,0,0.645886,0.669172,0.367478
0,0,0.629183,0.777235,0.00581377
0,0,-0.125285,-0.908694,0.398219
0,0,0.892596,0.352469,0.281138
0,0,0.209021,0.954558,0.212436
0,0,-0.811498,0.237824,0.533771
0,0,0.931189,-0.358857,0.0641002
0,0,-0.400465,0.221083,0.889241
0,0,0.358113,0.248027,0.900132
0,0,-0.48205,0.864426,0.142813
0,0,-0.18623,0.837831,0.513184
0,0,-0.816603,-0.536539,0.212802
0,0,-0.342087,-0.595467,0.726908
0,0,-0.128999,0.985535,0.109913
0,0,0.992852,-0.108873,0.0488966
0,0,-0.128061,-0.0313177,0.991272
0,0,-0.32628,0.457748,0.827048
0,0,0.0624164,-0.296846,0.952883
0,0,0.692492,-0.316704,0.648192
0,0,-0.567824,0.799217,0.197048
0,0,0.347133,0.759057,0.550755
0,0,0.0119103,-0.931499,0.363549
0,0,0.120138,0.959905,0.253278
0,0,-0.725454,-0.473914,0.49912
0,0,0.30646,0.276448,0.910856
0,0,0.764755,0.189114,0.615944
0,0,0.989451,0.0593854,0.132134
9.46622,14.7816,-0.987136,-0.0336621,-0.156296
0,0,-0.970333,-0.0387806,0.238643
0,0,0.964214,0.245797,0.0993775
0,0,-0.984799,-0.141353,0.100949
0,0,0.670676,0.707941,0.221392
0,0,0.920312,0.310558,0.237863
0,0,0.175621,0.622749,0.762457
0,0,0.947755,-0.31489,0.0510387
0,0,-0.382317,0.9126,0.144894
0,0,-0.571612,0.371128,0.731795
0,0,0.090502,0.832457,0.546648
6.63656,10.038,0.638911,-0.243981,0.729566
0,0,0.390112,0.552085,0.736895
0,0,-0.15272,-0.849776,0.504536
1.13304,1.46736,0.63862,-0.433117,0.636062
0,0,-0.706744,0.592608,0.386432
0,0,0.79113,0.112626,0.60119
0,0,-0.762779,-0.431576,0.481571
0,0,0.698346,-0.626192,0.346694
0,0,-0.566163,0.821423,0.0687312
0,0,-0.605842,0.789096,0.101406
0,0,0.388328,0.571284,0.723074
0,0,0.268489,0.947347,0.174491
0,0,-0.91858,-0.0666143,0.389581
0,0,0.453203,0.638605,0.621925
0,0,0.769956,0.254405,0.585188
0,0,0.186292,-0.98094,0.0552423
0,0,-0.470516,-0.882383,0.00382023
0,0,0.535203,0.795589,0.283895
0,0,0.250403,0.754152,0.607085
0,0,0.148997,0.499906,0.853167
0,0,-0.199379,0.977777,0.0648082
0,0,0.640832,-0.307253,0.703513
0,0,0.894781,0.0506653,0.443621
21.4435,31.9761,0.110276,0.976906,-0.183015
0,0,0.437417,0.633249,0.638485
0,0,-0.157718,-0.886274,0.435481
0,0,0.513274,-0.794915,0.323512
18.6575,25.9933,-0.0102589,-0.216323,0.976268
0,0,0.208728,-0.953303,0.218282
0,0,-0.247741,0.894205,0.372856
0,0,-0.422444,0.853075,0.306275
0,0,-0.901378,0.0850515,0.424598
0,0,0.497974,0.692044,0.522587
0,0,-0.70802,-0.64706,0.28288
0,0,-0.502448,-0.81566,0.286783
0,0,-0.144989,-0.946011,0.2899
0,0,0.481982,-0.45022,0.751662
0,0,0.0680893,0.997562,0.0152877
0,0,-0.121781,-0.92397,0.362559
0,0,0.642472,-0.467466,0.607211
0,0,-0.894392,0.397739,0.204611
0,0,0.896586,-0.315836,0.310453
0,0,-0.686847,0.397977,0.608157
0,0,-0.00901269,0.563692,0.825936
0,0,-0.245462,-0.414305,0.876413
0,0,0.300982,-0.132156,0.944428
0,0,-0.159719,0.906435,0.39098
0,0,-0.757279,0.651972,0.0382131
0,0,0.712239,0.60345,0.358558
0,0,-0.598189,-0.774413,0.206045
0,0,0.574096,-0.178304,0.799138
0,0,0.274351,0.215057,0.937274
0,0,0.474174,-0.202645,0.856793
0,0,0.919046,-0.0316811,0.392875
0,0,-0.822465,-0.534288,0.19516
0,0,0.193848,-0.495883,0.846477
0,0,0.776175,-0.43753,0.454003
0,0,-0.76452,0.518675,0.382735
0,0,0.178993,-0.926248,0.331702
0,0,0.47632,-0.731618,0.487703
0,0,0.820507,-0.300576,0.486232
0,0,-0.0377075,0.289339,0.956484
0,0,0.95195,-0.175745,0.250808
0,0,-0.94632,0.243979,0.212019
0,0,0.864294,0.190088,0.465684
0,0,-0.196737,-0.969029,0.149256
0,0,-0.598416,-0.785749,0.156515
0,0,-0.688779,-0.724932,0.00749394
0,0,0.0468918,-0.979345,0.196685
0,0,0.784292,0.248178,0.568589
0,0,-0.140878,-0.609456,0.780203
0,0,-0.895455,-0.165865,0.413097
0,0,0.834838,-0.415496,0.361122
0,0,0.561478,-0.548431,0.61965
0,0,-0.168592,-0.932064,0.320678
0,0,0.232901,-0.579868,0.780711
0,0,0.327862,0.489931,0.807759
0,0,-0.0145639,0.927822,0.37274
0,0,0.570803,-0.0240614,0.820735
0,0,-0.604828,-0.115923,0.787874
0,0,-0.404771,0.73008,0.550586
0,0,-0.561585,0.407956,0.719857
0,0,-0.708639,0.339337,0.618613
0,0,0.745473,0.0412902,0.665255
0,0,0.648541,-0.738576,0.18412
0,0,-0.542208,0.787102,0.294076
0,0,0.347982,-0.0140947,0.937395
0,0,0.355853,-0.910833,0.209171
3.70027,5.9636,-0.123284,-0.172125,0.97733
0,0,0.835237,0.0586755,0.54675
0,0,0.267578,0.961101,0.06846
0,0,-0.147546,0.983194,0.107518
0,0,0.730687,0.290722,0.61772
0,0,0.445648,0.449581,0.774128
12.2214,18.3998,0.365627,0.617899,0.696073
0,0,-0.160804,0.497108,0.852658
0,0,-0.665674,0.709145,0.23236
0,0,-0.22113,0.917804,0.329753
0,0,-0.23076,-0.934358,0.271523
0,0,0.179826,-0.91382,0.364135
0,0,-0.544192,-0.0838245,0.834762
0,0,-0.275732,0.708138,0.650009
0,0,0.857457,0.449012,0.251307
0,0,-0.0933226,-0.185506,0.978202
0,0,0.978537,-0.0826036,0.188789
0,0,-0.247177,-0.8156,0.523163
0,0,-0.234934,0.709427,0.664469
0,0,-0.982062,-0.148211,0.116567
0,0,-0.547324,-0.782596,0.296616
0,0,-0.481812,0.577411,0.659131
0,0,0.879906,-0.296344,0.371411
0,0,0.733075,0.678966,0.0400729
0,0,0.877241,0.255846,0.40619
0,0,0.646433,-0.75159,0.131289
0,0,-0.0632217,-0.591381,0.80391
0,0,-0.199918,-0.942562,0.267601
0,0,-0.186173,0.887989,0.420493
0,0,0.532654,0.495216,0.686324
0,0,-0.745201,-0.644254,0.172085
0,0,-0.426494,0.15211,0.891609
0,0,0.598856,-0.742342,0.3005
0,0,-0.6646,0.596027,0.45062
0,0,0.777807,0.0398711,0.627237
0,0,-0.55173,0.683588,0.47781
0,0,0.513034,-0.85767,0.0346272
0,0,0.157518,0.803175,0.574542
0,0,-0.753271,-0.29604,0.587319
0,0,0.365901,0.277662,0.888268
0,0,0.581898,-0.714669,0.388126
0,0,0.908559,0.184684,0.374717
0,0,-0.859862,-0.400951,0.316031
0,0,0.0749489,0.689331,0.720559
0,0,-0.644734,0.746183,0.165919
0,0,0.584628,-0.2222,0.78028
0,0,-0.496367,-0.864843,0.0752687
0,0,-0.956242,0.264576,0.124907
0,0,-0.56221,0.812386,0.154752
0,0,0.807225,-0.589624,0.027045
0,0,-0.0637097,0.530061,0.845563
0,0,0.625791,-0.766861,0.142511
0,0,-0.250548,0.212167,0.944569
0,0,0.315569,-0.170347,0.933487
0,0,-0.428012,0.152617,0.890794
0,0,-0.352474,0.112973,0.928977
0,0,0.144431,-0.64951,0.746509
0,0,-0.108302,-0.55445,0.82514
0,0,0.946315,0.201878,0.252453
0,0,0.0538055,0.969471,0.239229
0,0,-0.456533,0.274101,0.846432
0,0,-0.137046,-0.680217,0.720085
0,0,-0.725165,0.0819774,0.683678
0,0,0.806389,0.58437,0.0908228
0,0,0.0787591,-0.359136,0.929956
0,0,-0.42714,-0.900855,0.0775312
0,0,0.0294936,0.992597,0.11782
0,0,-0.0753815,-0.354167,0.932139
0,0,0.627171,0.778191,0.0327893
0,0,-0.153231,-0.870421,0.467854
0,0,-0.565867,-0.380602,0.731394
0,0,0.983576,-0.17918,0.0217616
0,0,0.662022,0.715076,0.224485
0,0,-0.0402189,-0.671698,0.739732
0,0,0.507953,0.752342,0.419481
0,0,-0.195763,-0.971599,0.132935
0,0,0.982447,0.186397,0.0073299
0,0,0.990584,0.0784592,0.112193
0,0,-0.0520485,0.988736,0.140331
0,0,-0.488349,-0.650022,0.582226
0,0,0.00568745,-0.544296,0.838874
0,0,0.28213,-0.806557,0.519489
0,0,-0.578288,0.514995,0.632742
0,0,-0.591913,0.805684,0.0226435
0,0,0.984625,0.0129074,0.174206
0,0,0.366625,0.659473,0.656264
0,0,0.231951,-0.960603,0.153102
0,0,0.545466,-0.785682,0.291841
0,0,0.468504,-0.0155701,0.883324
0,0,0.530753,0.362191,0.766236
0,0,0.14083,0.0979913,0.985172
0,0,0.0926456,-0.888833,0.448769
0,0,-0.822952,0.549607,0.143811
0,0,-0.0265035,0.718952,0.694555
0,0,0.0408617,-0.976767,0.210371
0,0,0.645485,-0.177944,0.742755
0,0,-0.0259264,0.846179,0.532268
0,0,0.377085,-0.670349,0.639093
0,0,0.355014,-0.24279,0.902784
0,0,0.311164,0.169023,0.935205
0,0,-0.220414,-0.921663,0.319303
0,0,-0.687171,0.464378,0.558703
0,0,-0.633518,0.342167,0.693957
0,0,-0.88007,-0.211099,0.425339
0,0,-0.431389,0.831778,0.349354
0,0,-0.738252,-0.414487,0.53215
0,0,0.967615,0.203325,0.149599
0,0,0.623889,0.284432,0.727915
0,0,0.0776355,0.705136,0.704809
0,0,0.502107,0.807642,0.309198
0,0,-0.453842,0.874611,0.170535
0,0,0.343723,0.925795,0.15735
0,0,0.0288053,0.863609,0.503339
0,0,0.0375575,0.170923,0.984568
0,0,0.371544,0.73266,0.570232
0,0,0.904157,-0.3689,0.215435
0,0,-0.463791,-0.648388,0.603731
0,0,0.963937,-0.134603,0.229581
0,0,-0.933003,0.346692,0.096484
0,0,-0.834582,-0.251943,0.489896
0,0,-0.00978225,0.791737,0.610784
0,0,0.646565,0.742758,0.173965
0,0,0.101891,0.945048,0.31065
0,0,-0.605702,0.27365,0.747155
0,0,-0.303959,-0.217104,0.927618
0,0,-0.803725,-0.00929559,0.594928
0,0,0.900204,-0.0444086,0.433199
0,0,0.616582,0.472017,0.630101
0,0,-0.482835,-0.575161,0.660349
0,0,-0.103433,0.279699,0.9545
0,0,-0.0735205,0.928811,0.363186
0,0,-0.536911,-0.247304,0.806578
0,0,0.215638,0.942847,0.254047
0,0,0.798055,-0.221096,0.560558
0,0,-0.733101,0.563177,0.381306
0,0,0.764809,-0.638045,0.0892538
0,0,-0.482594,-0.553336,0.678912
0,0,0.208869,-0.951384,0.22637
0,0,-0.0598757,-0.852713,0.518936
0,0,0.773539,-0.628987,0.0775405
0,0,0.760534,-0.568551,0.313589
0,0,-0.504904,-0.520653,0.688471
0,0,-0.988964,0.147783,0.0105147
0,0,0.0171631,0.944195,0.328941
0,0,0.867955,-0.026611,0.49593
0,0,-0.670881,0.00895895,0.741511
0,0,-0.813603,-0.0497127,0.579291
0,0,0.214875,0.237774,0.947255
0,0,-0.547526,-0.759621,0.350984
0,0,0.821049,-0.0162956,0.570625
0,0,-0.500809,-0.253708,0.82754
0,0,-0.459323,-0.878478,0.131525
0,0,-0.233064,0.350219,0.907209
0,0,0.748582,-0.639291,0.175875
0,0,-0.256832,0.108435,0.960354
0,0,0.393639,-0.87211,0.290641
0,0,0.0825643,-0.472823,0.877281
0,0,-0.506433,0.831295,0.229071
0,0,0.496502,0.852988,0.160928
0,0,-0.893487,0.344623,0.287951
0,0,-0.41339,0.115423,0.903209
0,0,-0.998441,-0.0133715,0.0541841
0,0,-0.573151,-0.719028,0.393062
0,0,0.711892,-0.53511,0.454826
0,0,0.572073,-0.815514,0.0875739
0,0,0.122168,0.493775,0.860965
0,0,-0.225883,-0.143343,0.963551
0,0,-0.241448,0.692719,0.67959
0,0,-0.281693,-0.95623,0.0792106
0,0,0.914801,0.257248,0.311389
0,0,-0.95819,0.21993,0.183037
0,0,0.418603,-0.710654,0.565458
0,0,-0.593591,-0.704625,0.388785
0,0,-0.940944,0.261304,0.215279
0,0,-0.829012,0.462186,0.314838
0,0,-0.909371,0.26933,0.317026
0,0,0.620702,-0.757667,0.201668
0,0,0.617215,-0.0366121,0.785942
20.9488,30.4968,-0.694498,0.667216,-0.269248
0,0,0.956369,-0.268521,0.115128
0,0,-0.162854,0.929349,0.331344
0,0,0.410328,-0.245239,0.878344
0,0,0.484814,0.312285,0.816966
0,0,0.234048,-0.54693,0.803796
0,0,0.714496,0.262842,0.64839
0,0,0.990522,-0.121216,0.0645936
0,0,-0.813379,-0.39557,0.426544
14.1234,18.6669,-0.650358,0.112391,0.751268
0,0,0.126996,-0.830893,0.541746
0,0,-0.647908,0.487757,0.585071
7.63636,10.3125,0.237984,-0.164088,0.957308
0,0,0.374057,0.156646,0.914081
0,0,0.866392,-0.488193,0.105035
0,0,-0.352194,-0.496024,0.793674
0,0,0.758392,-0.642411,0.110223
0,0,0.395095,0.492666,0.775358
0,0,-0.425436,-0.900818,0.086781
0,0,0.613551,0.783545,0.0980437
20.1945,26.4853,0.860081,-0.256762,0.440834
0,0,-0.245195,-0.637597,0.730307
0,0,-0.750903,0.0676352,0.656941
0,0,-0.38725,0.835271,0.390333
0,0,-0.912677,-0.282456,0.295364
0,0,0.986259,-0.149568,0.0701665
0,0,-0.23734,0.251177,0.938392
0,0,-0.453775,-0.308694,0.83594
0,0,0.353751,0.325802,0.876763
0,0,0.303548,-0.833237,0.462142
0,0,-0.599965,0.0537744,0.798217
0,0,0.75892,-0.35741,0.544332
0,0,0.277849,-0.350263,0.894492
0,0,-0.0732655,0.357613,0.930991
0,0,-0.193115,-0.317574,0.92836
0,0,0.248669,-0.888412,0.38586
0,0,0.980544,-0.146826,0.130293
2.97544,3.38821,0.0242856,0.0114508,0.999639
0,0,0.511873,-0.183024,0.839338
0,0,-0.0187743,0.997213,0.072203
0,0,-0.977728,-0.190056,0.0890319
0,0,0.304248,-0.602948,0.737487
0,0,0.20648,-0.90888,0.362359
0,0,-0.162667,0.498975,0.851213
0,0,0.0870746,0.97556,0.201744
0,0,0.644659,-0.0557751,0.762433
0,0,-0.080432,0.819626,0.567224
0,0,-0.0083055,0.865591,0.500683
0,0,0.163515,-0.699532,0.695642
0,0,0.509997,0.856841,0.0756721
0,0,-0.798925,-0.38716,0.460246
0,0,0.0376292,-0.593113,0.80424
0,0,-0.802927,-0.591178,0.0762638
0,0,-0.590921,0.79635,0.128992
0,0,0.635649,0.398274,0.661307
0,0,0.475391,0.870464,0.127653
0,0,-0.84835,-0.351029,0.396333
0,0,0.27822,-0.561351,0.77941
0,0,0.897636,-0.394263,0.19699
0,0,-0.137396,-0.313664,0.939541
0,0,0.937613,0.223795,0.26608
0,0,-0.0487591,-0.566929,0.822323
0,0,-0.873542,-0.36685,0.319914
0,0,-0.710954,-0.449169,0.541102
0,0,0.877481,0.383875,0.287518
0,0,-0.00369109,-0.520328,0.853959
0,0,-0.308102,-0.921125,0.237914
0,0,-0.768291,0.239668,0.593539
0,0,-0.909227,-0.409006,0.0775915
0,0,-0.204596,-0.680865,0.703252
0,0,0.300878,-0.889947,0.342735
0,0,0.145341,-0.826544,0.543785
0,0,0.464729,0.458769,0.757336
0,0,-0.239819,0.968237,0.0707435
0,0,-0.121561,0.815849,0.565344
0,0,0.500198,0.848156,0.17445
0,0,-0.838619,-0.342196,0.423817
0,0,-0.766946,0.612403,0.191719
0,0,0.390493,0.912322,0.123221
0,0,-0.349827,0.482195,0.803187
0,0,0.727283,-0.666774,0.162699
0,0,-0.570382,-0.703596,0.423811
0,0,-0.236443,0.517921,0.822102
0,0,0.71821,0.286482,0.634116
0,0,0.0631969,0.462971,0.884118
0,0,0.263774,-0.227596,0.937349
0,0,-0.159903,-0.689888,0.706035
0,0,0.851384,0.476635,0.219009
0,0,0.128131,-0.106242,0.98605
0,0,0.486443,0.165612,0.857873
0,0,0.0653325,0.844099,0.532192
0,0,-0.71586,-0.68529,0.133872
0,0,0.754897,0.552282,0.353715
0,0,-0.918663,-0.0372983,0.393278
0,0,-0.0794828,-0.709397,0.700313
0,0,-0.0765899,0.850121,0.520988
0,0,0.711087,0.00460411,0.703089
0,0,-0.237888,-0.872759,0.426265
0,0,0.122425,0.549113,0.826733
0,0,0.585988,-0.806904,0.0743188
0,0,-0.0712694,0.893168,0.444041
0,0,0.165903,-0.68263,0.711682
0,0,0.136194,0.406456,0.903463
0,0,-0.623289,0.725726,0.29126
0,0,-0.0298525,0.331759,0.942892
0,0,-0.327496,0.330121,0.885306
0,0,0.375334,-0.90583,0.196459
0,0,0.101668,0.956263,0.274272
0,0,-0.932048,-0.315011,0.179038
0,0,0.857996,-0.298324,0.418145
0,0,0.437351,0.0573212,0.897462
0,0,-0.567396,-0.822878,0.0305514
0,0,0.933487,-0.0809911,0.349346
0,0,0.0174623,0.956208,0.292165
0,0,0.780705,-0.0242123,0.62443
0,0,-0.789142,-0.194219,0.582695
0,0,0.461144,0.772154,0.437178
0,0,-0.348173,0.0847204,0.933594
0,0,0.294717,0.583832,0.756493
0,0,0.258374,0.0798536,0.962739
0,0,-0.629951,0.0797591,0.772528
0,0,0.492154,0.868511,0.0589344
0,0,0.34947,0.894713,0.278137
0,0,0.899263,-0.193865,0.392101
0,0,-0.0898609,-0.995489,0.0304293
0,0,-0.414739,-0.647957,0.638861
0,0,-0.436147,-0.354595,0.827066
0,0,-0.224209,-0.393257,0.891672
0,0,0.595852,-0.786541,0.162216
0,0,-0.346145,0.937748,0.0285105
0,0,-0.677796,-0.0879112,0.729975
0,0,-0.424814,0.818997,0.385716
0,0,-0.36047,-0.376536,0.853394
0,0,0.211827,0.903915,0.371575
0,0,0.914233,-0.367922,0.169741
0,0,-0.523569,-0.834728,0.170598
0,0,-0.596127,-0.0202124,0.802636
0,0,-0.704002,-0.610676,0.362568
0,0,-0.548326,0.485358,0.681003
0,0,0.0691612,-0.996594,0.0449096
0,0,0.830784,0.524515,0.186234
0,0,-0.192227,0.342096,0.919793
0,0,0.571891,0.0740526,0.81698
0,0,0.720876,0.361333,0.591419
0,0,0.515074,0.03226,0.856538
0,0,-0.105308,-0.893698,0.436136
0,0,-0.547706,0.117003,0.828449
0,0,-0.639947,0.605352,0.473304
0,0,0.837348,-0.482573,0.25685
0,0,-0.88201,-0.342464,0.323693
0,0,-0.119592,0.816855,0.56431
0,0,0.476058,-0.106946,0.872887
0,0,-0.559938,-0.793646,0.237899
0,0,0.921506,0.202549,0.331363
0,0,-0.906416,0.0556483,0.418704
18.507,27.0476,-0.5718,0.752379,0.327063
0,0,-0.510247,0.804656,0.303607
0,0,0.625261,0.545375,0.558225
0,0,-0.0887122,-0.79322,0.602438
0,0,0.390138,-0.727334,0.564604
0,0,-0.912804,0.268098,0.308078
0,0,-0.539085,0.743549,0.39563
0,0,0.659461,0.712859,0.238627
0,0,0.013342,0.986453,0.163499
0,0,0.925267,0.370287,0.0822699
0,0,-0.263519,0.176043,0.948455
0,0,0.0801936,-0.959083,0.271532
0,0,0.565844,-0.811893,0.143703
0,0,-0.553018,0.832695,0.0281053
0,0,-0.243109,-0.00106013,0.969998
0,0,0.058328,-0.7397,0.670404
0,0,-0.724968,-0.0705158,0.685163
0,0,-0.173461,0.120885,0.977394
0,0,0.891606,-0.167769,0.420585
0,0,-0.0110744,0.906683,0.421668
0,0,-0.577569,0.746882,0.329517
0,0,0.864177,-0.213603,0.455601
0,0,0.702523,-0.659202,0.268169
0,0,-0.271432,-0.553612,0.787298
0,0,-0.0390449,-0.463591,0.885189
12.4289,17.7091,-0.526403,-0.447726,0.722801
0,0,0.395943,-0.889638,0.227536
0,0,0.626413,-0.587646,0.512132
0,0,-0.358997,0.0988619,0.928088
0,0,-0.158669,0.955861,0.247292
0,0,0.343492,-0.870407,0.352711
0,0,0.49241,-0.80753,0.324697
0,0,0.793612,0.0885847,0.601941
0,0,-0.365634,-0.633761,0.681659
0,0,0.916775,-0.28487,0.27995
0,0,-0.196163,0.843713,0.499668
0,0,0.35838,-0.897945,0.255458
0,0,0.927016,0.331641,0.175085
0,0,-0.949246,0.164774,0.267923
0,0,0.527294,-0.025871,0.849289
0,0,0.50629,0.110007,0.855318
0,0,-0.617373,0.706326,0.346344
0,0,0.865692,0.26821,0.422659
0,0,-0.311469,0.568413,0.761507
0,0,0.670491,-0.735268,0.0991104
0,0,0.115047,0.958196,0.261963
0,0,-0.352699,-0.175039,0.91922
0,0,-0.0146991,0.997005,0.0759263
0,0,0.652219,-0.704439,0.279959
0,0,0.147011,-0.975883,0.161368
0,0,-0.911495,-0.184528,0.367595
0,0,-0.218102,-0.967401,0.128714
0,0,0.312308,0.723027,0.616194
0,0,0.79512,-0.59708,0.106205
0,0,0.251879,0.382099,0.889133
0,0,0.5237,-0.819418,0.233009
0,0,-0.205805,0.819669,0.534591
0,0,-0.156893,-0.699725,0.696972
0.102882,0.160251,-0.623344,0.621647,-0.474338
0,0,0.61911,0.0661456,0.782513
0,0,0.533049,-0.156489,0.831487
0,0,0.421884,-0.866108,0.268088
0,0,-0.206696,0.954457,0.215146
0,0,0.7232,0.0685196,0.687231
0,0,-0.908435,0.403385,0.109662
0,0,0.0129599,-0.983327,0.181386
0,0,-0.407813,0.89648,0.173239
0,0,0.272431,-0.882648,0.383032
0,0,0.591116,-0.776723,0.217446
0,0,0.411656,-0.649282,0.639509
0,0,-0.446813,0.783847,0.43121
0,0,-0.492197,0.453087,0.743273
0,0,-0.751196,0.217869,0.623087
0,0,0.118491,-0.590972,0.797942
0,0,0.804676,-0.487371,0.339066
0,0,-0.711394,-0.693006,0.116883
0,0,-0.640469,0.677489,0.361673
0,0,0.194788,-0.65114,0.733535
0,0,0.355994,-0.821649,0.445154
0,0,0.442083,-0.665747,0.601118
0,0,0.695228,-0.611227,0.378232
23.264,31.9794,0.535962,0.814706,0.221357
0,0,0.205021,0.490963,0.846712
0,0,-0.44996,0.781267,0.432618
0,0,0.966121,-0.256012,0.0326828
0,0,0.254584,-0.0819687,0.96357
0,0,0.601814,-0.769351,0.214287
0,0,0.58274,-0.286305,0.760555
0,0,-0.779479,0.566758,0.266828
0,0,-0.479152,-0.823179,0.304613
0,0,0.151607,-0.221114,0.963392
0,0,-0.58172,0.719658,0.379069
0,0,-0.130157,0.660918,0.739085
0,0,-0.163755,-0.350795,0.922024
0,0,-0.298956,-0.55311,0.777621
0,0,-0.562996,-0.000578469,0.82646
0,0,0.831961,0.0451486,0.552993
0,0,-0.528526,0.599362,0.601186
0,0,-0.665321,-0.705499,0.244168
0,0,0.762153,-0.456141,0.45941
0,0,0.442119,-0.883233,0.156301
0,0,-0.861041,0.0550142,0.505551
0,0,0.051227,0.793091,0.606945
0,0,0.823171,0.351221,0.446132
0,0,-0.154039,-0.679257,0.717553
0,0,0.38718,-0.0637602,0.919797
0,0,0.355757,-0.642075,0.6791
0,0,-0.914459,-0.329332,0.235168
0,0,0.39551,-0.676574,0.621144
0,0,0.446252,0.612272,0.652673
0,0,-0.606332,-0.15542,0.779875
0,0,0.738766,0.117655,0.663613
0,0,0.92771,0.328224,0.177832
0,0,-0.946692,-0.123197,0.297654
0,0,-0.126499,0.893983,0.429874
0,0,0.224554,-0.49273,0.840709
0,0,-0.805732,0.554024,0.209413
0,0,0.538067,0.338144,0.772103
0,0,0.943177,-0.296338,0.150333
0,0,-0.0646222,0.622265,0.780135
0,0,-0.563588,-0.767308,0.305951
0,0,0.585406,0.751664,0.303812
0,0,0.38921,-0.832376,0.394546
0,0,0.0576866,0.656677,0.751963
0,0,-0.105244,0.574545,0.811678
17.1235,24.5397,-0.00539012,0.314695,0.949177
0,0,0.480746,0.871244,0.0990838
0,0,0.0672543,-0.0781941,0.994667
0,0,-0.236059,0.347711,0.907399
0,0,0.184177,-0.911471,0.367832
0,0,-0.169522,0.73166,0.660254
0,0,-0.357389,0.499232,0.789329
0,0,-0.508264,0.788512,0.346291
0,0,-0.829358,-0.335974,0.446415
0,0,0.615225,-0.683454,0.392923
0,0,-0.507889,-0.538055,0.672715
0,0,-0.186391,0.929498,0.318265
0,0,0.0739876,-0.942282,0.326543
0,0,-0.186195,0.671594,0.717142
0,0,0.0124784,0.952096,0.305546
0,0,-0.227865,-0.362381,0.903747
0,0,0.809702,-0.437529,0.39109
0,0,0.435634,-0.424852,0.793551
0,0,-0.0968582,-0.459566,0.882846
0,0,0.994448,-0.056555,0.0887352
0,0,-0.478179,-0.553247,0.682102
0,0,-0.429285,0.508622,0.746336
0,0,-0.841788,-0.43,0.326334
0,0,0.095614,-0.159742,0.982517
0,0,0.629406,0.133659,0.765495
0,0,-0.550453,-0.774664,0.311283
0,0,0.622355,0.760802,0.183998
0,0,0.463132,0.354556,0.81228
0,0,-0.321592,0.324382,0.889581
0,0,-0.0381519,0.502858,0.863527
0,0,0.811132,0.541878,0.220075
0,0,0.667904,-0.744246,0.00177187
0,0,0.614539,-0.0497702,0.787315
0,0,-0.22793,0.770579,0.595194
0,0,0.0299702,-0.385325,0.922294
0,0,0.0810203,0.894396,0.439876
0,0,0.865332,-0.465137,0.186677
0,0,0.53489,-0.829351,0.161462
0,0,0.954609,0.272626,0.119985
0,0,-0.512382,0.811274,0.281601
0,0,-0.543944,-0.428502,0.721464
0,0,0.564456,-0.823551,0.0561562
0,0,-0.368879,0.218165,0.903511
0,0,0.740197,-0.286619,0.608242
0,0,-0.111257,-0.00919068,0.993749
0,0,0.683771,-0.244341,0.687572
0,0,-0.527442,-0.579908,0.620896
0,0,-0.478387,0.877941,0.0191301
0,0,0.705452,-0.0490422,0.707059
0,0,-0.0552951,0.640645,0.765844
0,0,0.0605921,0.58245,0.810605
0,0,-0.818123,-0.292123,0.495317
0,0,0.00516631,-0.925017,0.379892
0,0,-0.572486,0.811167,0.119449
0,0,-0.610384,0.0673981,0.789233
0,0,-0.0218143,0.609151,0.792754
0,0,0.0590777,0.955033,0.290553
0,0,0.829546,-0.535039,0.159959
0,0,-0.0845699,-0.104642,0.990908
0,0,-0.0213361,-0.993186,0.11457
0,0,0.75199,-0.589752,0.294453
0,0,0.137011,-0.870852,0.472065
0,0,-0.830109,-0.205808,0.518229
0,0,0.464595,-0.057794,0.883635
0,0,-0.676229,-0.258811,0.689733
0,0,-0.160541,0.952005,0.2606
0,0,-0.806545,0.232204,0.543661
0,0,0.296743,0.723034,0.623831
0,0,-0.293067,-0.949616,0.11109
0,0,0.714656,-0.663656,0.22097
0,0,-0.524038,0.297591,0.798012
0,0,-0.775969,-0.614919,0.140522
0,0,-0.785509,0.618832,0.00478518
0,0,0.402263,0.143055,0.904279
0,0,0.397611,0.0909943,0.913031
0,0,-0.268388,0.17527,0.947232
0.624024,1.05108,-0.498348,0.106285,0.860437
0,0,0.572054,-0.159826,0.804494
0,0,-0.442425,0.775293,0.450756
0,0,0.416835,-0.793931,0.442631
0,0,0.546008,0.833136,0.0880906
0,0,0.455566,-0.783498,0.4226
0,0,0.00237094,-0.985538,0.16944
0,0,-0.0999789,0.706605,0.70051
0,0,-0.795974,0.311607,0.518967
0,0,-0.3425,0.937059,0.0679278
0,0,-0.139629,-0.832952,0.535439
0,0,0.436624,-0.437419,0.786145
0,0,0.535923,0.782549,0.316864
0,0,-0.364297,0.740012,0.565393
0,0,0.546318,0.752165,0.368489
0,0,0.771721,0.272177,0.574775
0,0,-0.968188,0.0182107,0.24956
0,0,-0.319199,0.610495,0.72485
0,0,-0.207032,0.462399,0.862163
0,0,0.0793485,-0.154254,0.98484
0,0,-0.0584851,0.945554,0.320166
0,0,-0.370419,0.726499,0.578782
0,0,-0.850236,0.385479,0.358475
0,0,-0.523236,0.363766,0.770648
0,0,0.868135,-0.48938,0.0827585
0,0,0.336898,0.713186,0.614708
0,0,-0.97656,-0.0830363,0.198586
0,0,-0.164947,-0.986301,0.00182514
0,0,-0.292619,-0.806368,0.51395
0,0,-0.451803,-0.865301,0.217091
0,0,-0.880055,-0.301376,0.366981
0,0,0.242907,-0.943965,0.223442
0,0,0.401151,-0.789969,0.463709
0,0,-0.52501,0.475729,0.705724
0,0,0.887061,0.42833,0.172207
0,0,0.104607,-0.791602,0.602017
0,0,-0.0682356,-0.0528103,0.996271
0,0,0.0164768,-0.717415,0.696451
0,0,0.866291,0.475386,0.153456
0,0,0.986853,-0.0332569,0.158164
0,0,-0.226259,-0.947707,0.225075
0,0,-0.592002,-0.348019,0.726923
0,0,-0.0661223,-0.870673,0.487397
0,0,-0.459411,0.843676,0.277762
0,0,-0.934616,-0.0642079,0.349815
0,0,0.590381,-0.558111,0.583063
0,0,-0.0148624,0.975773,0.218279
0,0,-0.588441,-0.287269,0.755787
0,0,-0.479457,0.225047,0.848219
0,0,0.3824,-0.336102,0.860701
0,0,0.591302,0.623568,0.511396
0,0,-0.27088,-0.933395,0.235368
0,0,-0.770477,-0.0886468,0.631274
0,0,-0.503466,-0.511885,0.696057
0,0,-0.504974,-0.419278,0.754458
0,0,-0.820783,-0.270108,0.503345
0,0,0.632151,0.750516,0.192643
0,0,0.552775,-0.02092,0.833068
0,0,-0.897689,0.287834,0.333627
0,0,0.532561,0.765183,0.361766
0,0,-0.00314003,0.960945,0.27672
0,0,0.193777,0.664838,0.721416
0,0,0.176451,-0.921634,0.345623
0,0,0.137441,-0.325116,0.935633
0,0,0.757335,0.565865,0.325946
0,0,-0.388104,0.692998,0.607561
0,0,0.0564962,0.932705,0.356187
0,0,0.565034,0.482655,0.669164
0,0,-0.768791,0.30835,0.56025
0,0,-0.623293,0.24188,0.74364
0,0,0.236548,0.841715,0.485347
0,0,-0.988663,0.11635,0.0949147
0,0,0.241346,0.910927,0.334611
0,0,-0.876564,0.0908121,0.472641
0,0,-0.931638,0.129261,0.33962
0,0,0.181201,-0.870926,0.456787
0,0,0.844667,0.0085232,0.535224
0,0,0.238995,-0.493402,0.836323
0,0,0.787779,-0.266906,0.555127
0,0,-0.164173,0.917938,0.361161
0,0,-0.191406,0.962168,0.193899
0,0,0.96612,-0.0837606,0.244123
0,0,-0.35968,-0.877323,0.317702
0,0,0.484369,0.495194,0.721228
0,0,0.797704,-0.543995,0.260265
0,0,-0.526778,-0.79586,0.298516
0,0,0.289028,-0.379288,0.878979
0,0,0.58222,0.810005,0.0700852
0,0,-0.297319,-0.886945,0.353453
0,0,-0.984329,-0.176122,0.0087725
0,0,0.78068,0.137316,0.609658
0,0,-0.51664,0.757664,0.398784
0,0,-0.123055,0.938189,0.323509
0,0,0.531269,-0.597098,0.601021
0,0,-0.438838,0.255238,0.861553
0,0,-0.480792,0.804423,0.348916
0,0,0.192457,-0.976605,0.0959289
0,0,-0.579019,-0.487699,0.653365
0,0,0.0869951,0.458253,0.884554
0,0,-0.156933,-0.776651,0.61007
0,0,-0.277547,-0.905374,0.32135
0,0,-0.648013,-0.0189467,0.761394
0,0,0.170459,0.67775,0.715261
0,0,0.00687162,-0.98273,0.184916
0,0,-0.998858,0.0413595,0.0239099
0,0,-0.660567,-0.715865,0.226247
0,0,0.545498,-0.825562,0.144499
0,0,-0.84539,-0.405731,0.347418
0,0,0.295617,0.15086,0.94332
0,0,-0.847887,-0.122054,0.515937
0,0,-0.549368,0.773982,0.314876
0,0,-0.0748086,-0.984925,0.155968
0,0,-0.540424,-0.444128,0.714627
0,0,-0.551066,0.805745,0.217028
0,0,-0.147085,0.393721,0.907386
0,0,0.937981,0.34558,0.0276651
0,0,0.538551,0.734668,0.412583
0,0,-0.64852,0.715763,0.259047
0,0,0.0163466,0.131683,0.991157
0,0,-0.362492,-0.0884206,0.927783
0,0,-0.577631,-0.811521,0.088188
0,0,0.268702,0.639089,0.720669
0,0,-0.143991,0.564821,0.812554
0,0,-0.038299,-0.888931,0.456436
0,0,0.755528,-0.288043,0.588395
0,0,-0.204124,-0.884125,0.420306
0,0,-0.586338,0.471757,0.658523
0,0,-0.384121,0.547528,0.743414
0,0,0.759229,-0.0211754,0.650479
0,0,-0.282531,-0.892775,0.350897
0,0,-0.660945,0.446013,0.603509
0,0,0.496522,0.590927,0.635823
0,0,0.0501741,-0.981701,0.183699
0,0,-0.720308,-0.0632734,0.690763
0,0,-0.769483,0.368075,0.521936
0,0,-0.0126227,-0.476414,0.87913
0,0,0.882781,0.380798,0.275119
0,0,0.958776,-0.0200813,0.283451
0,0,0.658376,0.162451,0.73495
0,0,0.648397,0.149392,0.7465
0,0,-0.901881,0.431037,0.0285824
0,0,-0.498204,-0.864106,0.071507
0,0,0.873694,-0.312825,0.372558
0,0,-0.962704,-0.191619,0.191006
0,0,-0.843514,-0.1311,0.520861
0,0,-0.208585,-0.703417,0.679483
0,0,-0.591657,0.459845,0.662181
0,0,0.556108,0.462758,0.690361
0,0,-0.787329,0.539477,0.298459
0,0,-0.776119,0.630418,0.0145493
0,0,0.275397,-0.956131,0.099846
0,0,0.639852,0.768302,0.0173549
0,0,-0.855877,-0.209631,0.47279
0,0,0.674595,-0.708173,0.208358
0,0,-0.818555,0.219373,0.530888
0,0,-0.403969,0.808213,0.428485
0,0,0.284146,-0.3355,0.898165
0,0,-0.459441,0.516351,0.722701
0,0,0.809297,-0.582024,0.0792879
0,0,0.549064,-0.167973,0.818727
0,0,0.178115,0.791656,0.584428
0,0,0.559865,-0.274238,0.781886
0,0,-0.736441,-0.422227,0.528563
0,0,-0.656861,0.740058,0.144386
0,0,0.716384,-0.598454,0.358673
0,0,-0.37323,0.662532,0.649423
0,0,0.0909285,0.985802,0.141163
0,0,0.614929,-0.787215,0.0464303
0,0,0.193511,-0.775879,0.60047
0,0,-0.913909,0.0560818,0.402027
0,0,0.761187,-0.632851,0.141754
0,0,0.278652,-0.951907,0.12738
0,0,-0.576091,-0.394609,0.715823
0,0,0.149227,-0.199805,0.968406
0,0,0.162213,-0.754324,0.636146
0,0,0.138491,0.25157,0.957879
0,0,-0.507328,0.363673,0.781255
13.2917,18.2473,0.391268,-0.629969,-0.670856
0,0,0.640151,0.385966,0.664257
0,0,-0.669802,0.636663,0.382132
0,0,-0.205574,0.855625,0.47502
0,0,0.185002,0.476684,0.859388
0,0,-0.70892,-0.563112,0.424661
0,0,-0.10443,-0.33509,0.936381
0,0,0.722672,-0.483493,0.493943
0,0,-0.540738,0.817201,0.19946
0,0,-0.351345,0.857488,0.37586
0,0,0.622791,0.590453,0.513319
0,0,0.324124,-0.00213488,0.946012
0,0,0.778388,0.235839,0.581801
0,0,0.828611,-0.496048,0.259501
0,0,0.0193327,0.915903,0.400934
0,0,-0.118198,0.785434,0.607554
0,0,-0.319079,-0.946962,0.038097
0,0,0.703457,0.457799,0.543662
0,0,-0.893463,-0.43731,0.102392
0,0,0.188899,0.781202,0.595013
0,0,0.206271,-0.675308,0.708104
0,0,-0.343832,-0.287469,0.893947
0,0,0.047041,0.979209,0.197323
0,0,-0.0995723,0.964667,0.243933
0,0,0.875775,0.186113,0.445398
0,0,0.779552,0.0299675,0.625621
0,0,-0.471937,0.854876,0.215552
0,0,0.424821,0.899007,0.106367
0,0,0.554595,0.822932,0.123322
0,0,0.528416,-0.33522,0.780003
0,0,-0.289108,0.581698,0.760292
0,0,0.0250973,0.425298,0.904705
0,0,0.886844,0.239189,0.395343
0,0,-0.92581,-0.377989,0.000365217
0,0,0.606972,0.132117,0.783664
0,0,0.801076,-0.462182,0.380349
0,0,-0.795709,-0.443185,0.412838
0,0,0.398912,0.916518,0.0294033
0,0,0.417018,-0.226985,0.880099
0,0,0.582891,-0.169464,0.794683
0,0,-0.590564,0.556136,0.584762
0,0,-0.314615,0.943454,0.104457
0,0,0.679889,-0.398397,0.615655
0,0,-0.606331,0.735201,0.303056
0,0,-0.809312,0.532975,0.246882
0,0,0.0563428,0.90055,0.431086
0,0,-0.957002,-0.108456,0.269043
0,0,-0.221844,0.687991,0.69098
0,0,-0.447189,0.332686,0.830266
0,0,0.537805,-0.0563367,0.841185
0,0,0.891969,-0.0340872,0.450811
0,0,-0.425967,-0.0736929,0.901732
0,0,-0.985191,0.100523,0.138902
0,0,-0.116211,-0.464426,0.877954
0,0,0.148992,-0.701524,0.696897
0,0,0.461636,0.350843,0.81474
0,0,-0.609834,0.727969,0.31331
0,0,0.590081,0.0590127,0.805184
0,0,-0.786623,-0.592956,0.172127
0,0,-0.87522,0.0396774,0.482095
0,0,-0.452873,0.0800437,0.887975
0,0,-0.443124,0.821461,0.358948
0,0,-0.611564,-0.572362,0.546252
0,0,0.551293,0.795521,0.25144
0,0,0.871762,0.15995,0.463084
0,0,0.876024,-0.376743,0.301077
0,0,-0.503721,0.6353,0.585371
0,0,-0.143073,-0.340541,0.92928
0,0,0.237558,-0.841606,0.485042
0,0,-0.0023071,0.661521,0.749923
0,0,0.347757,-0.876591,0.332646
0,0,0.274108,-0.587372,0.761485
0,0,-0.35674,-0.897632,0.25883
0,0,0.377232,0.475574,0.794685
0,0,-0.57014,0.676755,0.465772
0,0,0.354147,0.724718,0.59107
0,0,-0.859723,-0.062051,0.506977
0,0,0.457742,0.0998789,0.883457
0,0,-0.591646,-0.75507,0.282532
0,0,-0.816504,0.431701,0.383349
0,0,-0.493373,-0.82706,0.26936
0,0,0.391493,0.510454,0.765617
0,0,-0.7011,0.00777013,0.713021
0,0,-0.908802,0.405354,0.0988302
0,0,-0.77939,-0.626529,0.00347024
0,0,0.272626,0.320482,0.907175
0,0,0.0302093,0.960554,0.276449
0,0,0.871877,0.416689,0.257294
0,0,-0.409952,-0.884376,0.223201
0,0,0.0409752,-0.936837,0.347358
0,0,0.0890206,0.401154,0.911675
0,0,-0.90693,-0.0623417,0.416643
0,0,0.37197,-0.00104827,0.928244
0,0,-0.7153,-0.460153,0.525933
0,0,-0.457908,-0.772372,0.440183
0,0,0.738193,-0.674483,0.012005
0,0,-0.777738,-0.275572,0.564963
0,0,-0.920727,-0.379943,0.0889094
0,0,-0.0798934,0.989139,0.123374
0,0,0.242078,0.921817,0.30274
0,0,0.190118,0.86433,0.465606
0,0,0.00619362,-0.99031,0.138739
0,0,-0.0685491,-0.868941,0.490146
0,0,0.265257,0.821473,0.504797
0,0,0.322369,-0.687075,0.651157
0,0,-0.112436,0.685451,0.719385
0,0,-0.322566,-0.799113,0.507316
0,0,-0.72314,-0.0541437,0.688576
0,0,0.866078,-0.110246,0.487601
0,0,-0.190812,-0.860419,0.472514
0,0,0.735081,-0.451929,0.505388
0,0,-0.288767,0.66537,0.688402
0,0,-0.904151,-0.41981,0.0791825
0,0,-0.753241,0.519775,0.403066
0,0,-0.793733,0.604072,0.0713141
0,0,0.175846,-0.704103,0.68798
0,0,0.795427,0.36392,0.484623
0,0,0.439517,0.176086,0.880806
0,0,0.488314,0.386083,0.782617
0,0,0.710143,0.704053,0.00246031
0,0,0.63173,0.461598,0.622772
0,0,0.339659,0.910155,0.237169
0,0,-0.204986,0.808847,0.551133
0,0,0.946162,-0.307596,0.100808
0,0,0.931644,0.249088,0.264566
0,0,0.153896,-0.953054,0.260778
0,0,-0.528705,-0.395723,0.750915
0,0,-0.828229,0.353427,0.434886
0,0,-0.942315,-0.30702,0.13335
0,0,0.927828,0.296003,0.226976
0,0,0.613414,0.400744,0.680534
0,0,-0.606261,0.245685,0.756364
0,0,-0.434585,-0.808396,0.397028
0,0,-0.0480045,0.828327,0.558184
0,0,-0.811439,-0.140227,0.567365
0,0,0.38865,0.654634,0.648386
0,0,-0.883093,0.457111,0.105816
0,0,0.386013,-0.649207,0.655381
0,0,-0.0173872,-0.516999,0.85581
0,0,-0.847959,-0.465943,0.25271
0,0,-0.238213,0.812585,0.531941
0,0,0.891953,-0.0919998,0.442668
0,0,-0.722907,-0.69034,0.0289001
0,0,-0.480233,-0.680827,0.553038
0,0,0.934425,0.291185,0.20509
0,0,0.746132,0.259944,0.612957
0,0,-0.389931,-0.788371,0.475842
0,0,-0.453192,-0.868365,0.201392
0,0,0.19436,-0.96662,0.166941
20.2102,30.0668,-0.237041,0.495559,0.835603
0,0,-0.642098,0.753507,0.141201
0,0,0.711739,0.0143688,0.702297
0,0,-0.0280197,-0.858699,0.511714
0,0,-0.834923,-0.21011,0.508681
0,0,-0.538329,0.842666,0.0107826
0,0,0.279568,0.485471,0.828348
0,0,0.815665,0.566418,0.117731
0,0,0.0255015,0.672899,0.739295
0,0,-0.72046,0.469247,0.510632
0,0,0.967272,-0.0201103,0.252944
0,0,0.0405409,-0.899584,0.434862
6.52715,9.42515,-0.285982,0.149301,0.946532
0,0,-0.0902876,-0.650126,0.754443
0,0,0.436553,0.770793,0.464003
0,0,-0.935719,0.311168,0.166144
0,0,-0.663573,-0.640522,0.386527
0,0,-0.962981,0.170196,0.209047
0,0,-0.478525,0.785427,0.392579
0,0,-0.911614,-0.0446615,0.408614
0,0,0.0507545,0.941803,0.33231
0,0,-0.668408,-0.357296,0.652357
0,0,-0.815437,0.312724,0.487099
0,0,0.164546,0.981964,0.0931189
0,0,0.472184,0.881298,0.0188733
0,0,0.817957,0.324615,0.474944
0,0,0.810958,0.5184,0.271311
0,0,0.534405,0.82772,0.171146
0,0,-0.99046,0.0996754,0.0951501
0,0,-0.81667,0.557968,0.147382
0,0,0.681434,0.297835,0.668537
0,0,-0.189888,0.351429,0.916755
0,0,0.0958711,0.438587,0.893561
0,0,-0.841796,0.472061,0.261798
0,0,0.595813,-0.0312775,0.802514
0,0,0.436499,0.564804,0.700332
0,0,-0.456161,0.5194,0.722593
0,0,0.50486,0.266077,0.82117
0,0,-0.71997,-0.676093,0.156655
0,0,-0.157823,0.950605,0.267285
0,0,-0.604226,-0.558657,0.568167
0,0,0.562137,-0.382636,0.733206
0,0,0.770507,0.208705,0.602297
0,0,-0.55216,-0.0133769,0.833631
0,0,0.837541,-0.319205,0.443433
0,0,0.800011,0.599668,0.0195363
0,0,0.370352,0.0544294,0.927295
0,0,0.0689562,0.646563,0.759738
0,0,-0.803749,0.47997,0.351591
0,0,0.728872,0.115349,0.674863
0,0,0.82589,-0.323764,0.461609
0,0,-0.303423,-0.876173,0.374507
0,0,-0.922639,0.0444725,0.383091
0,0,0.900598,0.120942,0.417489
0,0,-0.972283,0.0340677,0.231311
0,0,0.812609,0.47236,0.341384
0,0,0.409668,-0.298204,0.862117
0,0,0.30466,0.784023,0.540823
0,0,-0.404369,-0.447519,0.797629
0,0,-0.730918,-0.519658,0.442396
0,0,0.161885,-0.86868,0.468176
0,0,-0.55788,0.00258225,0.829918
0,0,-0.654187,0.582118,0.482885
0,0,0.808609,0.566989,0.157084
0,0,-0.874734,-0.18061,0.44969
0,0,0.10319,-0.448179,0.887968
0,0,0.473659,-0.161708,0.865735
0,0,0.349017,0.676194,0.648806
0,0,0.157997,-0.915082,0.371029
0,0,-0.854808,-0.455657,0.248355
0,0,-0.996967,0.0759966,0.0168002
0,0,0.127916,-0.781752,0.610329
0,0,-0.858792,0.502014,0.102266
0,0,0.585739,0.0190071,0.810277
0,0,0.41533,-0.0857113,0.905624
0,0,-0.364498,-0.287938,0.885569
0,0,0.21904,0.374783,0.900866
0,0,-0.306077,0.40819,0.860057
0,0,-0.431479,-0.502126,0.749463
0,0,-0.965853,-0.226375,0.126025
0,0,0.392469,0.877384,0.275981
0,0,-0.228568,-0.928837,0.29158
0,0,-0.43317,0.672205,0.60042
0,0,-0.70847,-0.133331,0.693031
0,0,-0.0812253,-0.993654,0.0778107
0,0,0.964454,-0.238419,0.113948
10.9691,16.1274,-0.452211,-0.104635,0.885752
0,0,0.448377,0.253049,0.857277
0,0,0.208296,-0.868524,0.449755
0,0,0.389915,-0.8824,0.263318
0,0,-0.124202,0.415128,0.901245
0,0,-0.69202,0.670315,0.26793
0,0,0.855188,-0.421354,0.301851
0,0,-0.77839,-0.627553,0.0169384
0,0,0.733908,-0.0492166,0.677464
0,0,0.158055,-0.896194,0.414553
0,0,-0.797307,0.525875,0.296238
0,0,-0.76684,0.228173,0.599912
0,0,0.246527,-0.61671,0.747591
0,0,0.326195,0.5333,0.780505
0,0,-0.599364,-0.800469,0.00341656
0,0,0.843377,-0.390191,0.369413
0,0,-0.918979,-0.375857,0.119203
0,0,-0.589045,-0.787018,0.183383
0,0,-0.0764176,0.984207,0.159676
0,0,0.900972,0.11944,0.417112
0,0,-0.465234,-0.883756,0.0503301
0,0,0.618158,0.242048,0.747859
0,0,-0.582805,-0.795132,0.16764
1.47082,2.00279,-0.0923119,0.589559,0.802433
0,0,-0.406491,0.609397,0.680735
0,0,-0.98168,0.113175,0.153283
0,0,0.951005,0.0528686,0.304623
0,0,-0.251806,0.292859,0.922403
0,0,0.971665,0.039429,0.233051
0,0,-0.864173,0.254009,0.434378
0,0,-0.779245,-0.377651,0.500157
0,0,0.756732,-0.566151,0.326849
0,0,-0.849284,0.455161,0.267479
0,0,0.437416,-0.88212,0.174734
0,0,0.746916,0.65988,0.0816969
0,0,0.863495,-0.504357,0.000364522
0,0,-0.168646,-0.603891,0.779022
0,0,0.891884,-0.3198,0.319798
0,0,0.853733,0.448656,0.264288
0,0,0.288273,-0.570639,0.768941
0,0,0.41546,0.0306559,0.909095
0,0,-0.651411,-0.37143,0.661591
0,0,0.923177,0.328919,0.19889
0,0,0.150105,0.923032,0.354233
5.78028,7.61111,-0.342945,0.0881256,0.935213
23.821,34.4599,0.685034,-0.152098,0.712456
0,0,0.208079,-0.501961,0.839487
0,0,-0.159256,-0.107025,0.981419
0,0,-0.136635,0.940066,0.312419
21.6527,29.469,0.442898,-0.894836,-0.055763
0,0,-0.763931,-0.602631,0.23075
21.147,31.9897,0.683253,0.499974,0.532157
0,0,-0.214789,-0.781625,0.5856
0,0,0.743859,-0.572116,0.345482
0,0,0.792731,0.475001,0.382035
0,0,0.14584,0.989069,0.0217469
0,0,-0.393641,-0.590569,0.704468
0,0,0.0108979,-0.996751,0.0798024
0,0,0.242096,-0.967639,0.0711588
0,0,0.41788,-0.128654,0.899347
0,0,0.442967,0.87724,0.185015
0,0,-0.802854,0.0966934,0.588283
0,0,0.360525,-0.90054,0.243002
0,0,-0.745483,0.410592,0.525042
0,0,0.634196,-0.548558,0.544866
0,0,-0.370163,0.776557,0.509842
0,0,-0.212611,-0.926001,0.311959
0,0,-0.0312059,-0.841463,0.539413
0,0,-0.641035,0.665085,0.383061
0,0,-0.199333,0.854585,0.479532
0,0,0.0175857,-0.0552053,0.99832
7.84943,11.2331,0.186874,-0.580097,0.792821
0,0,-0.0425039,-0.95534,0.292437
0,0,-0.116748,-0.904229,0.410778
0,0,-0.376241,0.334732,0.863943
0,0,0.381285,0.764324,0.52003
0,0,0.0529274,-0.732532,0.678672
0,0,0.359195,-0.141378,0.922492
0,0,-0.0396641,-0.782725,0.621103
0,0,0.656633,0.223651,0.720287
15.3652,21.8746,0.274944,0.335092,0.901176
0,0,0.12538,0.986544,0.104929
0,0,-0.400517,0.593112,0.69843
0,0,-0.467031,-0.808743,0.357516
0,0,-0.775644,0.283992,0.563672
0,0,0.590321,-0.677576,0.438648
0,0,0.895791,-0.03701,0.442932
0,0,0.457456,-0.0717447,0.886334
0,0,0.372782,0.925427,0.0679536
0,0,0.338326,-0.557075,0.758421
0,0,-0.3357,-0.388583,0.858084
0,0,0.165105,0.827916,0.535999
0,0,0.389647,-0.609439,0.690478
0,0,-0.880112,-0.132893,0.455788
0,0,-0.476462,0.840463,0.25808
0,0,-0.724305,-0.138078,0.675512
0,0,0.504214,-0.0752113,0.860298
0,0,0.381299,0.198285,0.902936
0,0,-0.815062,0.485041,0.316874
0,0,0.810915,-0.445714,0.379151
0,0,-0.634358,0.257884,0.728756
0,0,-0.496964,0.603162,0.623877
0,0,-0.758266,0.208448,0.617724
0,0,-0.400841,0.313326,0.860903
0,0,0.567397,0.745866,0.348918
0,0,0.909864,0.398585,0.115227
0,0,0.0491989,-0.481782,0.874909
0,0,0.449189,-0.893105,0.0243219
0,0,-0.993436,-0.114313,0.00426308
0,0,-0.705652,-0.0972786,0.701849
0,0,-0.206294,-0.881326,0.425097
0,0,0.692502,0.49374,0.525987
0,0,0.498236,0.863422,0.0791455
0,0,0.898283,-0.0280398,0.438522
0,0,0.303289,0.819064,0.486981
0,0,0.874129,0.485137,0.0232421
0,0,0.925044,0.367763,0.0951022
0,0,-0.830712,-0.374064,0.412303
0,0,-0.658601,0.432273,0.615942
0,0,-0.872218,0.342739,0.348949
0,0,-0.431465,-0.86166,0.267169
0,0,0.0500516,0.998744,0.00211051
0,0,0.421175,0.651429,0.631072
0,0,0.475024,0.433361,0.765866
0,0,0.642116,-0.158246,0.750097
0,0,0.177277,-0.646503,0.742029
0,0,-0.0257567,0.671885,0.740207
0,0,-0.52648,0.459418,0.715369
0,0,-0.443108,-0.0800856,0.892884
0,0,0.21609,0.875009,0.433203
0,0,-0.759607,-0.625938,0.17663
0,0,-0.674537,0.733828,0.0805999
0,0,-0.658668,-0.599943,0.45412
0,0,-0.792399,-0.478269,0.378634
0,0,0.462847,-0.727696,0.506192
0,0,-0.74474,0.0461246,0.665759
0,0,0.0479676,-0.715433,0.697033
0,0,-0.711805,-0.625823,0.318873
0,0,-0.132503,-0.295987,0.945957
0,0,-0.331449,0.248938,0.910039
0,0,0.275395,-0.35198,0.894577
0,0,-0.283207,0.930918,0.23062
0,0,0.495275,0.373825,0.784192
0,0,-0.294721,-0.797517,0.526408
0,0,0.69588,0.123901,0.707389
0,0,0.593037,-0.740916,0.3152
0,0,-0.480319,0.819051,0.313767
24.489,35.8094,0.365391,0.515952,-0.774779
0,0,0.167317,-0.00211384,0.985901
0,0,-0.988022,-0.0438952,0.147939
0,0,-0.0146714,0.816642,0.576959
0,0,0.40019,0.258958,0.879084
0,0,0.164715,0.937244,0.307316
0,0,0.0288361,-0.980836,0.192689
0,0,0.972735,-0.0944577,0.211811
0,0,0.0627407,0.962304,0.26464
0,0,0.193838,-0.763078,0.616554
0,0,0.732929,0.580464,0.35479
0,0,0.393603,-0.373954,0.839783
0,0,0.267929,0.759512,0.592753
0,0,-0.565932,0.824331,0.0141109
0,0,-0.479319,-0.285781,0.829809
0,0,0.639569,0.477769,0.602237
15.2438,22.159,0.132232,0.216171,0.96736
0,0,-0.237152,-0.782051,0.576328
0,0,0.19127,0.243893,0.950754
0,0,-0.36361,0.389009,0.846439
0,0,0.629872,-0.168307,0.758244
0,0,0.548961,-0.534818,0.642349
0,0,-0.370298,0.722158,0.584267
21.6318,33.1035,0.986722,0.122763,-0.106342
18.068,25.7763,0.308563,-0.192017,0.931621
0,0,-0.633906,0.04536,0.772079
0,0,-0.0650102,-0.777128,0.625976
0,0,0.422439,0.0008612,0.906391
0,0,-0.203941,-0.962856,0.176964
0,0,0.887327,0.384233,0.254982
0,0,0.465995,0.585762,0.663123
0,0,-0.314446,-0.556824,0.768811
0,0,-0.611353,-0.598585,0.517633
0,0,-0.704176,-0.70599,0.0755945
0,0,-0.473164,0.315762,0.822441
0,0,-0.462469,-0.786452,0.40941
0,0,0.439196,-0.869803,0.224832
0,0,0.566997,-0.365281,0.738298
0,0,-0.598121,0.651587,0.466569
0,0,-0.878243,-0.201977,0.433468
0,0,0.174299,0.752329,0.635312
0,0,0.0550027,-0.775691,0.628712
0,0,0.444411,0.86971,0.214716
0,0,0.931237,-0.231679,0.281286
0,0,-0.534476,-0.770676,0.346978
0,0,-0.538099,-0.763818,0.356415
0,0,0.426898,0.69628,0.57702
0,0,-0.832893,-0.242914,0.497275
0,0,0.497533,-0.278455,0.821537
0,0,-0.149139,0.0201948,0.98861
0,0,-0.690806,-0.661776,0.291271
0,0,-0.793935,0.282023,0.538638
0,0,0.565762,0.789332,0.238471
0,0,-0.127861,0.14852,0.980609
0,0,-0.210124,-0.517011,0.829788
0,0,0.173123,-0.703312,0.689479
0,0,-0.0269373,0.72721,0.685886
0,0,-0.934883,0.0430848,0.352332
0,0,0.299696,0.949427,0.0936536
0,0,0.266963,0.0595805,0.961863
0,0,-0.676902,0.0714555,0.732596
0,0,-0.584718,0.620216,0.522913
0,0,0.511282,0.34527,0.787007
0,0,-0.0911029,-0.634525,0.767514
0,0,0.32514,0.837147,0.439851
0,0,0.398653,0.487545,0.776773
0,0,-0.0161009,-0.402807,0.915143
0,0,0.904418,-0.426425,0.0137958
0,0,-0.255875,0.912152,0.320166
0,0,0.849754,0.14472,0.506926
0,0,-0.969707,0.229424,0.0838624
0,0,-0.200906,-0.908356,0.366777
0,0,0.500461,0.0204597,0.865517
0,0,-0.776876,0.629641,0.00402918
0,0,0.591308,-0.677144,0.437985
0,0,0.82971,0.463032,0.31174
0,0,-0.747616,0.634931,0.194765
0,0,-0.73815,-0.273518,0.616703
17.6596,24.0121,-0.643117,-0.050358,0.76411
0,0,0.612934,-0.58691,0.529007
0,0,0.686468,0.126792,0.716021
0,0,-0.481947,0.691811,0.537702
0,0,-0.318756,0.931382,0.175845
0,0,0.695408,-0.495491,0.520477
0,0,-0.988564,0.149141,0.022306
0,0,-0.0269651,0.56291,0.826078
0,0,0.150072,0.761419,0.63065
0,0,0.370993,0.898477,0.234739
0,0,-0.466727,0.481364,0.741926
0,0,-0.58176,0.67791,0.449436
0,0,0.451262,0.854544,0.257133
10.077,14.5968,0.196723,-0.363075,0.910756
0,0,0.977708,-0.0335592,0.20727
0,0,-0.333873,0.899899,0.280554
0,0,0.178373,-0.977847,0.109535
0,0,0.441319,0.344395,0.828631
0,0,-0.66003,0.395792,0.638521
0,0,0.840546,0.081085,0.535637
0,0,-0.541741,-0.677034,0.498139
20.9864,31.6314,0.316575,0.412431,0.854214
0,0,-0.68112,0.68797,0.250546
0,0,-0.161907,0.985304,0.0544216
0,0,-0.140127,-0.853129,0.502529
0,0,0.602485,0.51927,0.606111
0,0,-0.769496,-0.630492,0.101766
0,0,0.44432,0.804054,0.395066
0,0,0.631731,0.0683478,0.772169
0,0,0.866485,0.143802,0.478042
0,0,-0.981257,-0.120445,0.150427
0,0,-0.604811,0.196547,0.771734
0,0,-0.743823,-0.170845,0.646172
0,0,-0.610326,-0.210642,0.763631
0,0,0.815864,-0.316536,0.483912
0,0,-0.117647,-0.765919,0.632082
0.596622,0.922903,0.335004,-0.238774,0.91146
0,0,0.176469,0.875261,0.450308
0,0,-0.585076,0.228514,0.778118
0,0,-0.749947,-0.141659,0.646152
0,0,-0.330891,-0.823485,0.460851
0,0,0.94079,-0.33716,0.0351679
0,0,0.332563,-0.872696,0.357497
0,0,-0.221539,-0.596339,0.771557
0,0,-0.322897,0.325737,0.888613
0,0,0.293667,-0.370413,0.881223
0,0,0.206808,0.0776973,0.975292
0,0,-0.443053,0.818697,0.365295
0,0,0.468388,-0.875599,0.118061
0,0,-0.0372187,0.956002,0.290989
0,0,-0.518327,-0.689803,0.505478
0,0,-0.753935,-0.162209,0.636608
0,0,0.253188,0.277721,0.926697
0,0,0.847462,0.253722,0.466297
0,0,-0.812789,0.464055,0.352174
0,0,0.415578,-0.810964,0.411865
0,0,0.96537,-0.208524,0.156778
0,0,0.441729,-0.864372,0.240283
0,0,0.274677,0.448179,0.850699
0,0,0.188818,0.96382,0.188146
0,0,-0.967733,0.102524,0.230179
0,0,-0.287578,0.195131,0.937669
0,0,0.0163563,-0.896429,0.442886
0,0,0.149462,0.208514,0.966532
0,0,-0.43035,0.268048,0.861945
0,0,0.380835,0.897298,0.223204
0,0,0.94975,0.266777,0.16372
0,0,0.82989,-0.253209,0.497159
0,0,-0.516068,-0.16893,0.839724
0,0,0.713034,0.558367,0.424038
0,0,0.23374,-0.939354,0.250959
0,0,0.098243,-0.974481,0.201827
0,0,0.489584,0.747708,0.448599
0,0,0.467727,-0.42856,0.773025
0,0,-0.119447,0.932315,0.341352
16.057,25.3151,-0.188188,-0.225564,0.95588
0,0,0.659009,0.279173,0.698405
0,0,-0.585486,-0.336376,0.737603
24.1259,34.9152,-0.998377,0.0147596,-0.0550058
22.8637,30.6093,0.514959,-0.387423,0.76467
0,0,-0.59794,0.652326,0.465767
0,0,-0.304099,-0.68874,0.65815
0,0,-0.521235,-0.805577,0.281708
0,0,0.291767,0.325259,0.899488
0,0,-0.465623,-0.684835,0.560532
0,0,-0.429172,-0.879795,0.204383
0,0,0.191358,0.87965,0.435428
0,0,-0.330615,-0.434392,0.837853
0,0,0.813715,0.111229,0.570523
0,0,-0.0177335,0.868787,0.494868
0,0,0.849646,-0.235313,0.471942
0,0,-0.417217,0.287578,0.862107
0,0,0.550014,-0.326866,0.768533
0,0,0.134561,-0.99037,0.0325738
0,0,-0.496072,-0.733865,0.464062
0,0,0.736977,-0.551526,0.390749
0,0,-0.286777,-0.95474,0.0789331
0,0,0.806924,-0.387446,0.445824
0,0,0.387763,0.174586,0.905074
0,0,-0.994377,-0.102314,0.027314
0,0,0.648163,-0.677315,0.348036
0,0,0.0835894,0.654716,0.751239
0,0,0.0950919,0.977553,0.188008
0,0,0.750637,0.2146,0.624893
0,0,0.156213,-0.367309,0.916887
0,0,0.353482,-0.93535,0.0130799
0,0,-0.959449,-0.275715,0.0586478
0,0,0.344152,-0.921897,0.17795
0,0,0.244209,0.714026,0.656147
0,0,-0.863749,0.106146,0.492616
0,0,0.50386,-0.827104,0.249048
0,0,0.542467,0.304401,0.782988
0,0,0.864299,-0.284081,0.415073
0,0,-0.205175,-0.7402,0.640318
0,0,-0.469026,0.410217,0.782136
0,0,-0.220013,-0.845562,0.486434
0,0,0.884634,0.0721883,0.460664
0,0,0.164206,0.986424,0.00187004
0,0,-0.875619,0.378005,0.300673
0,0,-0.479169,0.809751,0.338675
0,0,-0.152705,0.87432,0.460702
0,0,0.741372,0.312055,0.594129
0,0,-0.482367,-0.734948,0.476627
0,0,-0.365036,0.90666,0.211461
0,0,0.917472,-0.174123,0.357668
0,0,-0.608117,-0.238283,0.757242
0,0,0.563533,-0.811448,0.154864
0,0,0.240317,0.970663,0.00779219
0,0,-0.564796,0.815343,0.127362
0,0,0.521203,0.792594,0.316452
0,0,0.135121,-0.989031,0.0596649
0,0,0.557433,-0.00144909,0.83022
0,0,0.304448,0.672111,0.674966
0,0,-0.241247,0.664703,0.707085
0,0,-0.833672,0.0046952,0.55224
0,0,0.570186,0.175258,0.802604
0,0,0.562,-0.819832,0.109686
0,0,-0.258532,-0.953852,0.152735
0,0,-0.671748,-0.39095,0.629215
0,0,0.637613,0.764847,0.0919704
0,0,0.633476,0.0919413,0.76828
0,0,0.293057,-0.322949,0.899901
0,0,-0.230776,0.938921,0.255284
0,0,-0.669278,0.732134,0.126676
0,0,0.745044,-0.53269,0.401436
0,0,-0.461289,0.842705,0.277599
13.1991,18.3095,-0.0840838,0.329661,0.940347
0,0,0.411342,-0.909163,0.064965
0,0,-0.647328,-0.642355,0.4103
0,0,-0.860848,0.508822,0.00640426
0,0,0.345202,0.897511,0.274427
0,0,0.267568,0.8824,0.387012
0,0,-0.377656,-0.577228,0.724005
0,0,-0.90246,0.0322734,0.429563
0,0,-0.798431,-0.0504018,0.599973
0,0,0.00526016,-0.923047,0.384652
0,0,-0.408239,-0.481999,0.775253
0,0,0.814816,-0.578067,0.0437444
0,0,0.430472,0.46565,0.773216
0,0,-0.276758,-0.370362,0.8867
0,0,-0.725823,-0.277405,0.629466
0,0,0.842879,0.2772,0.46121
0,0,0.0313811,0.0271732,0.999138
0,0,-0.588025,-0.280168,0.758771
0.152415,0.244435,-0.164519,0.051567,0.985025
0,0,-0.0286961,0.950373,0.309787
0,0,-0.992449,-0.112494,0.0488906
23.8108,35.4472,0.724514,-0.0790081,-0.684717
0,0,-0.783904,-0.609486,0.118414
0,0,0.00124739,0.142473,0.989798
0,0,-0.632814,-0.511349,0.581437
0,0,0.133895,-0.985263,0.106441
0,0,-0.597227,0.802061,0.00417676
0,0,-0.598303,0.488622,0.635045
0,0,0.169542,0.705808,0.687816
0,0,0.830682,-0.00265044,0.55674
0,0,0.966287,-0.167272,0.195728
0,0,-0.682749,0.219439,0.696922
0,0,0.451879,0.220244,0.864464
0,0,0.0151825,-0.999119,0.039135
0,0,-0.46941,-0.127856,0.873675
0,0,0.583728,-0.5777,0.570548
0,0,-0.801846,-0.119607,0.585437
0,0,-0.587863,0.76426,0.265186
0,0,0.753911,-0.494535,0.432498
0,0,-0.887431,0.367833,0.277786
0,0,-0.231521,-0.725049,0.648615
0,0,-0.51127,-0.775557,0.37029
0,0,0.0975581,-0.896152,0.432891
0,0,0.711181,-0.457654,0.533643
0,0,-0.754853,0.653968,0.0502252
0,0,-0.565454,-0.791699,0.231244
0,0,0.298124,-0.353486,0.886662
0,0,0.859203,-0.0350803,0.510431
0,0,-0.525397,-0.573568,0.628473
0,0,0.509785,-0.85597,0.0862246
0,0,0.702333,0.132612,0.699387
0,0,0.57486,0.517671,0.633682
0,0,0.198734,-0.719646,0.665293
0,0,-0.481055,0.341341,0.80751
0,0,-0.0383067,0.995438,0.0873778
0,0,-0.768036,0.0761147,0.635867
0,0,0.128559,-0.990584,0.0470683
0,0,0.608767,-0.779524,0.147461
0,0,0.402973,-0.416378,0.81501
0,0,-0.915153,0.0475823,0.400288
0,0,-0.871282,0.292045,0.394434
0,0,0.273907,0.0223849,0.961496
0,0,0.112175,-0.666651,0.736881
0,0,0.110582,0.818583,0.563643
0,0,-0.638651,-0.248145,0.728388
0,0,-0.361926,-0.863318,0.351698
0,0,-0.383971,-0.53447,0.752933
0,0,-0.467244,0.642319,0.607544
0,0,-0.821468,-0.00461937,0.570236
0,0,-0.0492268,0.931013,0.361651
18.0366,26.5907,-0.444154,0.477199,0.758293
0,0,0.388891,-0.083441,0.917497
0,0,-0.654585,-0.705573,0.271449
0,0,0.419196,0.665011,0.61809
0,0,0.309372,-0.772769,0.554181
0,0,-0.427709,-0.891732,0.147914
0,0,-0.558569,0.385213,0.734583
0,0,0.395621,-0.339044,0.853542
0,0,0.340474,0.939853,0.0274398
0,0,-0.0679341,0.321915,0.944328
0,0,-0.921941,-0.34541,0.175262
0,0,0.181613,0.964565,0.191395
0,0,0.45485,0.882124,0.122343
0,0,-0.969857,-0.163153,0.180992
0,0,0.931307,0.26399,0.25095
0,0,0.269542,-0.832309,0.484365
0,0,0.966196,-0.0886576,0.242086
0,0,0.495251,0.255021,0.830476
0,0,-0.99129,0.101711,0.0836583
0,0,-0.874262,0.436099,0.213271
0,0,-0.937331,0.32821,0.117
0,0,-0.0884745,0.61644,0.782415
0,0,-0.233312,-0.259254,0.937205
0,0,-0.277035,-0.766344,0.579627
0,0,0.64895,0.209798,0.731333
0,0,0.487786,-0.866147,0.108874
0,0,0.800498,0.256971,0.541451
0,0,0.0896708,-0.0848006,0.992355
0,0,0.733835,0.561925,0.38174
0,0,-0.1096,-0.0841471,0.990408
0,0,0.835561,0.52822,0.151068
0,0,-0.548132,-0.825015,0.137487
0,0,-0.997101,-0.0756582,0.00808301
0,0,0.562626,0.506216,0.653604
0,0,-0.456627,-0.236767,0.857574
0,0,-0.811032,-0.213156,0.544785
0,0,0.269845,0.0680171,0.960499
0,0,-0.967368,-0.027407,0.251889
0,0,-0.252232,-0.898907,0.358253
0,0,0.500812,0.084185,0.861452
0,0,-0.507452,-0.857946,0.0801266
0,0,0.360888,0.758924,0.542029
0,0,-0.833319,0.307459,0.4594
0,0,0.49214,-0.135208,0.859951
0,0,0.862847,0.478165,0.163871
0,0,0.350377,0.234472,0.906785
22.688,29.9502,-0.0502708,0.512635,0.857133
20.4472,30.3057,-0.252058,0.266285,0.930354
19.9785,28.7613,0.0424957,-0.981339,-0.187533
0,0,-0.782159,-0.547107,0.298161
0,0,0.476672,0.719258,0.505423
0,0,0.628963,-0.493503,0.600716
0,0,-0.225272,-0.607616,0.761614
0,0,0.000472946,0.8307,0.55672
0,0,0.512552,-0.599693,0.614539
0,0,0.892881,0.412453,0.180681
0,0,0.319877,-0.946624,0.0397816
8.69752,12.3635,0.0177736,-0.141522,0.989776
16.5809,25.2989,-0.0357335,-0.141715,0.989262
0,0,-0.791277,-0.591155,0.156257
0,0,-0.335777,0.777973,0.531048
0,0,0.539666,0.841859,0.005903
0,0,0.640697,-0.0509324,0.766102
0,0,-0.0222251,-0.515538,0.856578
0,0,0.310583,-0.418708,0.853359
0,0,-0.020296,-0.73713,0.675446
0,0,-0.887621,0.460426,0.011684
0,0,0.437328,-0.238846,0.867005
0,0,0.163195,0.166781,0.972395
0,0,0.668365,-0.0295612,0.743246
0,0,-0.7157,0.118604,0.688264
0,0,-0.994442,-0.104169,0.0152988
0,0,0.420062,-0.771716,0.477495
0,0,-0.453246,-0.580977,0.676043
0,0,0.00578053,0.999172,0.0402688
0,0,-0.124674,-0.776943,0.617103
21.0441,28.5098,0.036455,-0.476415,-0.878465
0,0,0.15227,0.506618,0.848617
0,0,0.460138,-0.324858,0.826281
0,0,0.801139,0.144311,0.580818
0,0,-0.167886,0.92557,0.339316
0,0,0.380364,-0.896748,0.226199
0,0,-0.319172,-0.578863,0.750364
0,0,-0.834265,0.500419,0.231481
0,0,-0.798183,0.576519,0.174729
0,0,0.520311,-0.669413,0.530248
0,0,-0.353818,-0.550223,0.756351
0,0,-0.625692,0.778528,0.0490191
1.30008,1.41173,0.152264,0.294373,0.943483
0,0,-0.745917,-0.217263,0.629606
0,0,-0.335606,-0.940155,0.058969
0,0,-0.682969,0.201549,0.702091
0,0,-0.932452,-0.292927,0.211487
0,0,-0.552222,0.732597,0.397935
0,0,-0.378327,0.114588,0.918552
0,0,0.955002,0.101916,0.27854
0,0,0.796669,0.051604,0.602208
0,0,0.37073,0.539176,0.756207
0,0,-0.339273,0.893297,0.294812
0,0,0.917319,-0.333837,0.216977
0,0,0.735954,0.67127,0.0881374
0,0,0.765684,0.258536,0.588971
0,0,0.993512,0.112146,0.018899
23.4044,33.2821,-0.565316,-0.319031,0.760682
0,0,0.0245047,-0.586367,0.809675
0,0,-0.0566475,0.983989,0.168986
0,0,-0.4171,-0.327452,0.847823
0,0,-0.42433,0.509916,0.748285
0,0,0.305933,-0.93073,0.200366
0,0,-0.777758,0.24944,0.576951
0,0,-0.384537,-0.48778,0.78371
0,0,0.0375143,0.996043,0.0805643
0,0,-0.124392,-0.273345,0.953839
0,0,-0.40131,-0.811781,0.424219
0,0,0.285758,-0.730768,0.619936
0,0,0.777543,-0.249586,0.577177
0,0,0.4343,-0.813409,0.386974
0,0,-0.582877,-0.808747,0.0786359
0,0,-0.465377,-0.802332,0.373748
0,0,0.0267168,0.989036,0.145236
0,0,0.300392,0.884758,0.356325
0,0,0.545935,-0.663316,0.511827
0,0,0.298456,-0.93823,0.175069
0,0,-0.807697,0.581353,0.0982616
0,0,-0.881723,0.238769,0.406883
0,0,-0.81403,0.547125,0.194959
0,0,0.653719,-0.596274,0.465949
0,0,-0.302357,-0.16199,0.939329
0,0,-0.788072,-0.582424,0.199312
0,0,-0.0646236,-0.733238,0.676895
0,0,0.524261,-0.538644,0.659555
0,0,0.733089,-0.534851,0.420137
0,0,-0.36741,0.805863,0.464322
0,0,-0.889004,-0.0944533,0.448052
0,0,0.316689,-0.467599,0.825263
0,0,0.390189,-0.879036,0.27395
5.76143,7.74126,-0.14464,0.0460377,0.988413
0,0,0.532214,0.562629,0.632611
0,0,-0.83214,-0.288968,0.47333
0,0,-0.165165,0.833786,0.526803
0,0,0.898989,0.211758,0.383377
0,0,0.21106,-0.966642,0.14511
0,0,0.550576,-0.452155,0.701728
0,0,0.643372,0.602335,0.47251
0,0,0.172222,0.522765,0.834899
0,0,0.643901,-0.759911,0.0890268
23.5798,31.2573,0.634197,0.020829,0.772891
0,0,-0.19128,0.532353,0.824629
0,0,0.809895,0.57442,0.118788
0,0,-0.109227,-0.820762,0.560731
0,0,0.150868,0.0159804,0.988425
0,0,0.189242,0.974611,0.119667
0,0,0.321945,0.649972,0.688395
0,0,0.510734,-0.467369,0.721608
0,0,0.336145,-0.568634,0.750774
0,0,-0.81281,0.000216248,0.582529
0,0,-0.844285,-0.468818,0.259602
0,0,-0.334295,0.934542,0.121973
0,0,-0.917983,-0.197923,0.343707
0,0,0.507934,-0.448017,0.73572
0,0,-0.0821065,-0.985668,0.147367
0,0,0.283056,0.584056,0.760761
0,0,-0.209725,0.955526,0.207329
0,0,0.321789,-0.78959,0.522493
0,0,0.901331,0.320908,0.290896
0,0,-0.91912,0.318491,0.231908
12.3861,16.79,-0.184148,-0.94367,0.274912
0,0,-0.267187,0.160189,0.950237
0,0,0.661485,-0.698962,0.271827
0,0,-0.270352,-0.627958,0.729779
0,0,-0.640297,-0.765596,0.0623051
0,0,-0.393976,-0.777924,0.489507
0,0,-0.891385,-0.417977,0.175295
0,0,-0.412766,-0.151595,0.898133
0,0,-0.139964,-0.512261,0.847348
23.0284,33.5226,-0.355136,0.0134688,-0.934718
0,0,0.923482,-0.372705,0.0909513
0,0,0.139586,0.86895,0.474807
0,0,-0.869764,0.492173,0.0357222
0,0,0.109426,-0.617746,0.778727
0,0,-0.619358,0.680652,0.39129
12.0375,17.9877,0.58495,0.802737,-0.115959
0,0,0.556896,0.704128,0.440534
0,0,0.182086,-0.973531,0.138136
0,0,0.52007,0.825323,0.219928
0,0,0.910094,0.133898,0.392173
0,0,-0.399853,-0.262299,0.878246
0,0,-0.384952,0.163637,0.908314
0,0,0.944609,-0.328028,0.0105728
0,0,-0.881737,-0.28816,0.373501
0,0,-0.35149,0.773673,0.527147
0,0,0.848481,-0.0582505,0.526011
0,0,0.74114,-0.58415,0.330877
0,0,-0.83495,0.210977,0.508278
24.1072,34.3698,0.235296,0.935937,-0.262025
0,0,-0.0705073,0.40896,0.909824
0,0,0.550394,0.732191,0.401202
0,0,0.19338,-0.790677,0.580891
0,0,0.819269,-0.567929,0.0790889
0,0,0.339578,0.940032,0.0320445
0,0,-0.187945,0.324141,0.927151
0,0,0.364876,0.235274,0.900839
0,0,0.782657,-0.617354,0.0795133
0,0,-0.324522,0.516424,0.792459
0,0,-0.930715,-0.357384,0.0777579
0,0,0.532255,-0.290772,0.795083
0,0,-0.854032,-0.00989205,0.520126
0,0,0.878429,-0.407999,0.248795
0,0,0.539004,0.83319,0.123572
0,0,-0.445911,-0.224109,0.866567
0,0,0.256102,0.125297,0.958495
0,0,0.680922,-0.388631,0.620734
0,0,0.170047,0.926807,0.334832
0,0,0.820605,0.512936,0.252
0,0,0.44912,0.882207,0.141428
0,0,0.488715,-0.586482,0.645908
0,0,0.370273,-0.480084,0.795247
0,0,0.579643,0.329924,0.745093
0,0,0.249828,-0.792068,0.556969
0,0,0.00543943,0.90088,0.434034
0,0,0.086618,0.467017,0.879995
0,0,-0.723355,-0.0320765,0.68973
0,0,0.977847,0.0419882,0.205066
0,0,0.51804,0.835629,0.182644
0,0,-0.396114,-0.878196,0.268077
0,0,-0.0369117,-0.783117,0.620778
0,0,-0.853144,0.520414,0.0362568
0,0,-0.620547,0.741736,0.254457
0,0,0.782836,-0.45524,0.424175
0,0,-0.560462,0.822774,0.0944744
0,0,0.750657,0.631062,0.195639
0,0,-0.0706065,0.970519,0.230449
0,0,-0.343668,-0.497997,0.796173
0,0,-0.977428,0.203507,0.0567402
0,0,0.476924,0.37237,0.796168
0,0,0.79856,-0.567051,0.201879
0,0,-0.0502135,0.708859,0.703561
0,0,-0.555531,0.450607,0.698812
0,0,0.414576,-0.257949,0.872691
0,0,-0.808675,-0.519733,0.275539
0,0,0.812132,0.441948,0.380951
0,0,0.465394,-0.0761909,0.881818
0,0,0.755847,0.0061229,0.654719
0,0,-0.510906,-0.858812,0.0376449
0,0,-0.517382,-0.614545,0.595526
0,0,-0.555035,0.00013453,0.831827
0,0,-0.244329,0.328554,0.912335
0,0,0.0556259,-0.858891,0.509128
0,0,0.52252,-0.386768,0.759857
0,0,-0.776021,-0.617383,0.128952
0,0,0.143434,0.976641,0.159997
0,0,0.957191,-0.104637,0.269881
0,0,0.193089,-0.685269,0.702227
0,0,0.797734,0.270682,0.538842
0,0,0.811066,-0.248508,0.529543
0,0,-0.264417,0.734477,0.625002
0,0,0.149668,0.389449,0.908806
0,0,0.428539,0.488771,0.759906
0,0,-0.328384,0.930316,0.16333
0,0,0.209456,0.88802,0.409326
0,0,-0.418273,-0.451886,0.787938
0,0,0.805603,-0.272444,0.526098
0,0,0.434179,0.668673,0.603627
0,0,-0.101431,0.620801,0.777379
14.0113,18.1107,-0.500104,-0.178488,0.847371
0,0,-0.757972,-0.407015,0.509723
0,0,0.69129,-0.494548,0.526821
0,0,-0.622074,-0.204037,0.755905
0,0,-0.756942,0.0254349,0.652987
0,0,0.774358,-0.628534,0.0729048
0,0,0.655092,0.140849,0.742305
0,0,0.394704,0.641512,0.657778
0,0,0.279587,0.761765,0.584418
0,0,-0.999086,-0.0424336,0.0052288
0,0,-0.572374,-0.474843,0.668515
0,0,-0.76797,-0.606814,0.204933
0,0,-0.315435,-0.852071,0.417704
0,0,0.702028,-0.665962,0.252293
0,0,0.934255,-0.326628,0.143115
0,0,0.538461,0.799834,0.265188
0,0,0.348212,0.915282,0.202501
0,0,-0.419178,0.581961,0.696858
0,0,0.695112,0.0570745,0.716633
0,0,0.465391,0.0223892,0.884822
0,0,0.958393,-0.144278,0.246307
0,0,-0.841249,0.216559,0.495381
0,0,-0.322708,0.906217,0.273185
0,0,0.0659717,-0.187162,0.980111
0,0,-0.343014,0.832744,0.434602
0,0,-0.854278,0.413645,0.314813
0,0,0.0922114,0.988681,0.118354
0,0,-0.83617,0.3851,0.390535
0,0,-0.802444,0.556976,0.214151
0,0,0.0241444,-0.908029,0.418211
0,0,0.64635,-0.0242233,0.762657
0,0,-0.150885,0.988275,0.0233661
0,0,0.267437,-0.788533,0.553799
0,0,0.154705,0.968443,0.195409
0,0,0.172946,-0.984928,0.00252846
0,0,-0.3905,-0.691066,0.608225
0,0,-0.884728,0.459436,0.0785743
0,0,0.494281,-0.384014,0.779884
0,0,0.508002,-0.848496,0.148287
0,0,0.532881,0.738062,0.413887
0,0,0.871745,0.488332,0.039903
0,0,0.838185,-0.544259,0.0350301
0,0,0.583801,-0.402747,0.704962
0,0,-0.159188,0.837303,0.523051
0,0,0.524366,0.73715,0.426204
0,0,0.551974,0.823027,0.133982
0,0,-0.870569,-0.067541,0.487389
0,0,0.666845,0.0211108,0.744898
0,0,0.547277,-0.715902,0.433557
0,0,-0.394449,0.672075,0.626678
0,0,-0.521922,0.575211,0.629864
0,0,-0.368012,0.747643,0.552809
0,0,0.890752,-0.31635,0.326318
0,0,0.571261,0.759544,0.311052
0,0,0.692413,-0.428713,0.580319
0,0,-0.152759,0.873314,0.462587
0,0,0.400617,-0.874711,0.272739
0,0,0.564078,0.703564,0.432221
0,0,0.0962227,0.980177,0.173186
24.1896,32.1771,-0.137801,-0.905873,0.400506
0,0,0.0362058,0.370237,0.928231
0,0,0.614225,-0.788933,0.0176844
0,0,-0.690967,0.239723,0.68198
0,0,0.918784,0.163099,0.359492
0,0,0.569635,-0.664865,0.483188
0,0,0.120269,-0.857025,0.501043
0,0,-0.949325,0.10275,0.297025
0,0,-0.394108,0.88393,0.251686
0,0,0.4402,0.313974,0.841216
0,0,0.857214,0.494342,0.144255
0,0,-0.504616,-0.372942,0.778638
0,0,-0.911707,0.28397,0.296903
0,0,0.631459,-0.756752,0.169072
0,0,0.852406,0.00755189,0.522825
0,0,0.313613,0.94748,0.0626719
12.4912,18.0291,0.249568,0.0352989,0.967714
0,0,0.256864,0.837949,0.481521
0,0,0.893086,0.377644,0.244504
0,0,-0.385005,-0.802404,0.455981
0,0,-0.309153,0.688926,0.655595
0,0,0.142673,0.983087,0.114823
0,0,0.91811,-0.386877,0.0860282
0,0,0.223512,0.522525,0.822806
0,0,-0.596187,0.798089,0.0872632
0,0,-0.361412,0.333538,0.870709
0,0,0.45966,0.524139,0.716932
0,0,-0.996892,-0.0538551,0.0574933
0,0,-0.038668,-0.993322,0.108701
0,0,0.992025,0.124374,0.0204222
0,0,0.815203,0.254722,0.520154
0,0,0.981843,-0.0046347,0.189637
0,0,0.768501,0.457029,0.447806
0,0,0.930965,-0.252701,0.263526
0,0,0.856857,-0.271104,0.438519
0,0,-0.740706,-0.54239,0.396443
0,0,0.232566,-0.427119,0.873775
0,0,-0.045238,0.439514,0.897096
0,0,-0.819847,0.114645,0.560988
0,0,-0.76399,-0.521128,0.380454
0,0,-0.692176,0.721349,0.0234005
0,0,-0.662159,0.700404,0.266422
0,0,-0.235123,-0.350183,0.906691
4.10765,7.09938,-0.711082,0.135359,0.689957
0,0,-0.810448,-0.343744,0.474356
0,0,0.986399,-0.0821284,0.142383
0,0,0.456002,0.723065,0.518883
0,0,0.122045,0.956382,0.265404
0,0,-0.806467,0.429313,0.406572
0,0,-0.801398,0.254658,0.541213
0,0,-0.531789,-0.0337608,0.846204
0,0,-0.0809665,-0.934925,0.345486
0,0,-0.35934,-0.298298,0.884247
0,0,-0.980866,-0.00832111,0.194505
0,0,-0.913641,0.275956,0.29851
0,0,0.434706,-0.63627,0.637331
0,0,0.0165092,0.903819,0.427597
0,0,-0.00460455,0.746206,0.665699
0,0,-0.477186,0.469891,0.742628
0,0,-0.434221,-0.125011,0.89209
0,0,-0.254322,-0.916562,0.308601
0,0,-0.0598998,0.861984,0.503384
0,0,0.894451,0.126385,0.428934
0,0,-0.915181,-0.397991,0.0636197
0,0,-0.891795,-0.114452,0.437723
0,0,-0.964143,0.258818,0.0586605
0,0,0.602824,0.797177,0.0333316
0,0,-0.865998,0.021336,0.499592
0,0,0.870969,-0.409903,0.27091
0,0,-0.434942,-0.578552,0.690002
0,0,-0.284346,0.616908,0.733875
0,0,-0.539377,0.481648,0.690715
0,0,-0.960407,0.23599,0.148077
0,0,-0.725036,0.665423,0.177584
0,0,-0.177592,-0.202947,0.96295
0,0,-0.0282023,-0.52366,0.851461
0,0,-0.116459,-0.163327,0.979674
0,0,0.390933,-0.130076,0.911181
0,0,0.319279,-0.461066,0.827936
0,0,-0.563336,-0.600331,0.567675
0,0,0.466003,0.816444,0.340969
0,0,-0.5497,0.414285,0.725395
0,0,0.206451,-0.97841,0.00958121
0,0,-0.434585,-0.401854,0.806008
0,0,-0.814027,-0.00301098,0.580819
0,0,0.365387,0.322383,0.873248
0,0,0.520525,0.693527,0.49807
0,0,-0.892229,-0.0976484,0.440899
0,0,-0.14127,-0.906409,0.398077
0,0,-0.61771,-0.59533,0.513825
0,0,0.438445,0.586217,0.68126
0,0,-0.354671,-0.919836,0.16766
0,0,0.533888,-0.365752,0.762357
0,0,0.37705,-0.924048,0.0630012
0,0,0.348589,-0.208962,0.913685
0,0,0.996676,0.0735095,0.0351299
0,0,-0.711655,-0.193904,0.675239
0,0,-0.751123,0.272457,0.601316
0,0,-0.798892,0.600331,0.0370628
0,0,-0.343054,-0.921111,0.184035
0,0,0.00250732,-0.401011,0.91607
0,0,-0.630875,0.774713,0.0426161
0,0,0.369551,0.897623,0.24022
0,0,0.993716,0.0607087,0.0940348
0,0,0.609054,-0.257422,0.750192
0,0,-0.0677799,0.470588,0.879746
0,0,-0.473752,-0.832967,0.285877
0,0,-0.283081,0.18439,0.941204
0,0,0.496107,-0.771711,0.397921
0,0,-0.468103,-0.46201,0.753277
0,0,-0.4079,0.890254,0.202646
0,0,0.974138,0.0975069,0.203831
0,0,0.289821,0.873595,0.390942
0,0,-0.15577,-0.423781,0.89227
0,0,-0.810275,0.202727,0.549869
0,0,-0.947948,-0.259029,0.185197
0,0,-0.125685,-0.586555,0.800098
0,0,-0.00296346,0.777858,0.628433
0,0,-0.889582,-0.38659,0.243293
0,0,-0.537592,0.260182,0.80206
0,0,0.604077,-0.735473,0.306872
0,0,-0.55831,-0.798266,0.225967
0,0,0.623062,-0.295921,0.724034
0,0,-0.859153,0.360697,0.362979
0,0,-0.52913,-0.825005,0.198467
0,0,-0.0500083,0.735505,0.675671
0,0,-0.897449,0.435407,0.0707568
0,0,-0.391953,0.00159314,0.919984
0,0,-0.920841,-0.389864,0.00754651
0,0,-0.443652,0.73282,0.515895
0,0,-0.273259,-0.0504333,0.960617
0,0,0.0701011,-0.920183,0.385162
0,0,-0.631458,0.751155,0.192423
0,0,-0.0993169,-0.497815,0.861578
0,0,0.498071,0.628564,0.597355
0,0,-0.237583,-0.719299,0.652811
0,0,-0.970914,0.165461,0.17306
0,0,-0.763645,-0.643935,0.0468393
0,0,-0.0466682,-0.0738475,0.996177
0,0,0.692146,-0.443775,0.569208
0,0,-0.294663,-0.198163,0.934829
0,0,0.234294,0.0568712,0.970501
0,0,-0.98642,0.0609315,0.152519
0,0,-0.701358,-0.454489,0.549124
0,0,0.727973,0.140969,0.670957
5.72902,8.27206,-0.209894,0.18187,0.96066
0,0,-0.317549,0.838871,0.442106
0,0,0.738174,0.20214,0.643613
0,0,-0.341518,-0.478819,0.808763
0,0,-0.895595,0.393968,0.206635
0,0,0.0486152,-0.618359,0.784391
13.828,20.302,0.372441,0.825155,0.424744
0,0,-0.385203,0.922561,0.022342
0,0,-0.114915,0.771306,0.626004
0,0,-0.781746,-0.274835,0.559767
0,0,0.290898,0.906433,0.306198
0,0,0.616235,-0.784259,0.072061
0,0,0.628466,0.245867,0.737957
0,0,-0.675687,-0.649819,0.348113
0,0,0.323421,-0.57338,0.752752
0,0,0.920228,0.287751,0.265293
0,0,-0.322613,0.302149,0.89701
0,0,0.374104,-0.646074,0.665308
0,0,0.169045,-0.712463,0.681044
0,0,0.486666,0.662146,0.569842
16.155,21.3888,0.263505,-0.11252,0.958073
0,0,0.439022,-0.20366,0.87509
0,0,0.325817,0.920036,0.217664
0,0,0.607195,-0.775838,0.171431
0,0,-0.508082,0.238038,0.827763
0,0,0.645144,0.614182,0.454499
0,0,0.985204,-0.0715675,0.155725
0,0,-0.981993,-0.0520824,0.181596
0,0,-0.623894,-0.742316,0.244382
0,0,0.53876,0.144244,0.830019
0,0,-0.504812,-0.498562,0.7047
0,0,-0.117346,-0.782291,0.611761
0,0,0.0557189,-0.898956,0.43448
0,0,0.964354,-0.263651,0.0225814
0,0,-0.349078,0.446821,0.823708
0,0,-0.103558,0.476167,0.873236
0,0,-0.565881,0.0311391,0.823899
0,0,-0.528603,0.501908,0.684593
0,0,0.328262,-0.365322,0.871082
0,0,-0.768586,0.0607462,0.636856
0,0,-0.966126,0.255809,0.0340812
0,0,-0.264507,0.923273,0.278573
0,0,0.494594,0.866635,0.0657299
0,0,-0.727672,0.173289,0.663675
0,0,0.0505922,-0.454585,0.889266
0,0,0.341033,-0.612543,0.713083
0,0,-0.751814,0.574226,0.324099
0,0,0.279227,-0.91585,0.288532
0,0,-0.051689,0.798734,0.59946
0,0,0.6128,0.110472,0.782478
0,0,0.841117,0.360403,0.403277
0,0,0.931493,-0.0812715,0.354565
0,0,-0.789438,0.368392,0.490993
0,0,-0.747963,-0.322134,0.580328
0,0,-0.9004,-0.00372502,0.435048
0,0,0.484621,-0.306225,0.819371
0,0,-0.956247,-0.129336,0.262418
0,0,0.758031,-0.634278,0.151924
0,0,0.292655,0.125857,0.947899
0,0,-0.663571,-0.662635,0.347259
0,0,0.291723,-0.502241,0.814034
0,0,-0.924525,-0.0792006,0.372801
0,0,-0.303872,-0.565545,0.766695
0,0,-0.918436,0.157136,0.363021
0,0,0.1026,0.6274,0.771908
0,0,0.0267643,0.220441,0.975033
0,0,0.721673,0.217123,0.657302
0,0,-0.8542,0.483923,0.190162
0,0,0.20974,-0.9743,0.0821441
0,0,-0.615565,-0.787545,0.0292195
0,0,0.927825,-0.230892,0.292966
0,0,0.680496,-0.732732,0.00528841
0,0,-0.598367,0.322728,0.733351
0,0,0.816332,-0.312325,0.485855
0,0,-0.917545,0.141857,0.371466
0,0,-0.557802,-0.55676,0.615529
0,0,0.419796,-0.013367,0.90752
0,0,0.15178,0.513637,0.844476
0,0,0.728555,-0.631251,0.265951
0,0,-0.406815,-0.66285,0.628594
0,0,0.229454,-0.34189,0.911297
0,0,0.299179,0.811392,0.50213
0,0,0.0396907,0.818634,0.572942
0,0,0.425183,0.6762,0.601642
0,0,0.587261,-0.643349,0.491147
0,0,0.624427,-0.296735,0.722523
8.87156,12.7091,0.771581,0.104788,0.627441
0,0,-0.179753,0.954789,0.236785
0,0,-0.970593,-0.177184,0.162956
0,0,-0.595539,-0.756054,0.271507
0,0,-0.831258,-0.537148,0.143116
0,0,0.841956,0.108546,0.528515
0,0,0.994934,0.0680678,0.0739754
0,0,-0.0486561,0.948409,0.313293
0,0,-0.322679,0.193929,0.926429
0,0,-0.465803,0.847704,0.253822
0,0,0.572862,-0.270974,0.773564
0,0,-0.804279,0.583157,0.114295
0,0,-0.37488,0.61841,0.690677
0,0,0.181935,-0.580062,0.793995
0,0,0.393132,-0.281661,0.87528
0,0,0.0964161,-0.659464,0.745527
0,0,0.0603569,-0.874417,0.481406
0,0,0.613304,-0.468155,0.636151
0,0,-0.807453,-0.379697,0.451498
0,0,-0.713135,0.580334,0.393256
0,0,0.467071,0.51515,0.718655
0,0,-0.796231,-0.593006,0.119833
0,0,-0.16162,-0.736113,0.65728
0,0,-0.0328393,-0.274192,0.961114
0,0,0.495884,-0.786722,0.367651
0,0,0.95752,0.0833064,0.276072
0,0,-0.84878,-0.490748,0.196822
0,0,-0.706635,-0.212472,0.674925
0,0,-0.0693577,-0.964081,0.256394
0,0,0.221681,-0.756594,0.615161
0,0,0.764454,0.57047,0.300289
0,0,0.700224,0.37949,0.60471
0,0,0.241624,0.624071,0.74307
23.2399,31.6517,-0.48766,-0.0558899,0.871243
0,0,-0.205462,-0.380314,0.901746
0,0,-0.0771647,-0.40818,0.909634
0,0,0.792361,-0.277478,0.543296
0,0,-0.462842,0.322653,0.825635
0,0,-0.010473,0.727783,0.685727
0,0,0.914689,0.299058,0.271861
0,0,-0.118433,0.990057,0.0759062
0,0,0.973465,0.150661,0.172245
0,0,0.729917,-0.570293,0.376812
0,0,-0.0762886,0.970133,0.230266
0,0,0.0351657,0.43153,0.901413
0,0,0.94202,0.212364,0.259808
0,0,0.477883,0.874063,0.0874193
0,0,-0.42143,-0.879005,0.223039
0,0,0.919876,-0.378028,0.104515
0,0,-0.932881,-0.0670879,0.353881
0,0,0.958991,0.203727,0.197055
0,0,0.74094,-0.670314,0.0410883
18.4478,26.6468,0.779242,-0.128262,0.613458
0,0,0.32718,0.897412,0.295982
0,0,-0.610128,0.264757,0.746758
0,0,-0.599417,0.794095,0.10056
0,0,0.517666,-0.270346,0.811748
0,0,0.352682,0.549886,0.757127
0,0,-0.629226,-0.718292,0.296869
0,0,0.216337,0.28255,0.934539
0,0,0.109247,0.792444,0.600082
0,0,-0.564159,-0.0451467,0.824431
0,0,0.597565,0.73871,0.311808
0,0,0.706614,0.696038,0.12739
0,0,-0.796185,0.52313,0.304012
0,0,0.943392,-0.330567,0.0271337
0,0,0.0583194,-0.963439,0.261504
0,0,0.713007,0.167265,0.680914
0,0,0.879291,-0.476214,0.00828074
0,0,-0.931898,-0.359156,0.0507261
0,0,0.559218,0.163823,0.812673
0,0,0.715425,0.632486,0.296864
0,0,-0.187832,-0.2471,0.950611
0,0,0.218856,0.947821,0.231812
0,0,-0.0242676,0.970677,0.23916
0,0,-0.464111,-0.630301,0.622352
0,0,0.0405841,-0.658661,0.751344
0,0,0.724188,-0.367142,0.583746
0,0,-0.387349,0.537882,0.748761
0,0,0.463825,0.853791,0.236447
0,0,0.149105,-0.960782,0.233806
0,0,-0.538356,0.564728,0.625504
0,0,-0.194731,-0.341309,0.919559
0,0,-0.234137,-0.524522,0.81857
0,0,0.182358,0.197914,0.963107
0,0,-0.93627,-0.0752452,0.343127
23.1868,33.4656,-0.777037,-0.568688,-0.269829
0,0,-0.807031,-0.553184,0.206613
0,0,-0.316648,0.0849614,0.94473
0,0,0.00967126,0.652281,0.757915
0,0,0.420315,-0.844579,0.331694
0,0,0.533688,-0.816873,0.218848
0,0,-0.59645,-0.712364,0.369845
0,0,0.0157541,-0.346405,0.937953
0,0,0.986808,-0.000440647,0.161895
0,0,0.668043,-0.117805,0.734739
0,0,-0.444382,-0.279774,0.851029
0,0,0.444709,-0.871049,0.208582
0,0,0.855358,0.0387205,0.516588
0,0,-0.543993,-0.676962,0.495776
0,0,-0.791922,0.407231,0.454997
0,0,0.0946928,0.315004,0.944355
0,0,-0.0537597,0.739766,0.670713
0,0,-0.0115185,-0.95818,0.285934
0,0,-0.904693,0.0670095,0.420762
0,0,0.539517,0.84188,0.0126332
0,0,0.683776,0.627809,0.371896
0,0,0.218721,-0.955197,0.199397
0,0,-0.508131,-0.392927,0.766428
0,0,-0.905391,0.169777,0.389156
0,0,-0.913046,-0.0212471,0.407302
0,0,-0.785597,0.617818,0.0337419
19.7817,29.5755,-0.347371,0.454942,0.819976
0,0,-0.833007,-0.11564,0.541043
0,0,0.497019,0.860425,0.112432
0,0,0.942899,0.113402,0.313179
0,0,0.998695,-0.0470143,0.0199705
0,0,-0.195787,0.604805,0.771932
0,0,-0.606295,-0.776754,0.170469
0,0,0.257809,-0.882964,0.392312
0,0,-0.0387304,-0.765531,0.642232
23.9065,34.0906,0.733877,0.0980259,-0.672172
0,0,-0.895562,0.443354,0.0375036
0,0,0.937906,0.320314,0.133156
22.1116,32.2415,0.317115,-0.586583,0.745224
0,0,0.278314,-0.877086,0.391487
0,0,0.713834,0.569143,0.408065
0,0,-0.997982,0.0634898,0.00120617
0,0,-0.356287,-0.5466,0.757818
0,0,-0.659613,0.129935,0.740289
0,0,0.0373903,0.779422,0.625383
0,0,0.487599,0.486208,0.725155
0,0,-0.393142,0.90852,0.141533
0,0,0.990331,0.123846,0.0625013
0,0,-0.931012,-0.348248,0.109268
0,0,-0.390439,-0.682345,0.618031
0,0,0.861223,-0.330887,0.385756
0,0,-0.489146,-0.139095,0.861039
0,0,-0.808995,-0.540636,0.23074
0,0,0.36847,-0.362173,0.85619
0,0,0.942239,-0.234748,0.238911
0,0,0.429147,-0.895953,0.114458
0,0,0.325344,-0.540013,0.776232
9.34941,14.4543,-0.324245,0.00599774,0.945954
0,0,-0.521208,-0.711003,0.472034
0,0,-0.489185,-0.835203,0.251265
0,0,0.542211,-0.317266,0.778042
0,0,-0.743474,0.548271,0.382943
0,0,0.0454937,0.981181,0.187656
0,0,-0.696223,0.258178,0.669789
0,0,-0.667088,-0.68719,0.287685
0,0,-0.435494,-0.519594,0.735096
0,0,-0.446913,-0.518688,0.728857
0,0,0.546323,0.474591,0.690141
0,0,-0.190043,-0.658771,0.727945
0,0,0.688084,-0.658919,0.303917
0,0,-0.832661,0.361297,0.419691
0,0,-0.584784,0.801106,0.127503
0,0,0.85373,-0.497213,0.154677
0,0,0.705914,0.673201,0.220198
0,0,0.922766,0.118365,0.366733
0,0,-0.519044,0.724212,0.453994
0,0,0.753052,0.57688,0.31642
0,0,-0.579293,-0.38387,0.719072
0,0,-0.869853,0.423381,0.253187
0,0,0.690116,0.331116,0.643508
0,0,0.892833,0.108113,0.43722
0,0,0.8862,0.0544053,0.460097
0,0,-0.428851,-0.0483379,0.902081
0,0,-0.647016,-0.74257,0.17309
0,0,0.826509,-0.429716,0.363631
0,0,0.852965,0.465936,0.235275
0,0,0.0215112,-0.878482,0.477291
0,0,0.219653,-0.38592,0.896001
0,0,0.210804,-0.0495131,0.976274
0,0,0.0143707,0.969846,0.243294
0,0,0.904318,-0.409363,0.120956
0,0,-0.977268,0.211584,0.0134149
0,0,-0.68934,-0.66179,0.294694
0,0,-0.449406,-0.805898,0.385439
0,0,0.679941,0.634411,0.3677
0,0,0.173842,0.948244,0.265729
0,0,0.783695,0.267594,0.560549
0,0,0.992996,0.0531493,0.105523
0,0,-0.199781,-0.315615,0.927618
0,0,0.612288,-0.166064,0.772998
0,0,0.818378,-0.377742,0.433092
0,0,0.686165,-0.726788,0.0309279
0,0,0.00151822,-0.353795,0.935322
0,0,-0.796893,-0.596213,0.0974207
0,0,-0.393121,0.72251,0.568714
0,0,-0.309056,-0.951007,0.00834328
0,0,0.168467,-0.272726,0.947227
0,0,-0.383508,0.790302,0.477854
0,0,-0.577561,0.777546,0.248689
0,0,-0.918649,-0.371045,0.135686
0,0,-0.211721,0.615817,0.75891
0,0,0.343495,0.35435,0.86974
0,0,0.778536,-0.00235223,0.627595
19.5602,24.2623,0.77448,-0.629183,-0.0656475
0,0,0.924153,0.372941,0.0828021
0,0,-0.0182946,-0.766538,0.641939
0,0,0.812591,0.569207,0.125298
0,0,0.407405,0.204731,0.890004
22.2728,31.3676,0.204442,0.914744,-0.348492
0,0,0.864483,0.412491,0.287261
0,0,-0.927389,0.243223,0.284238
0,0,-0.352492,0.926878,0.129026
0,0,0.742813,0.470371,0.476424
0,0,0.575331,-0.236133,0.783094
0,0,0.120055,-0.79789,0.590727
0,0,-0.28523,-0.562792,0.775828
0,0,0.956475,-0.290335,0.0293322
0,0,0.850642,-0.177968,0.494708
0,0,-0.563286,0.820274,0.0992987
0,0,-0.537756,0.831991,0.136414
0,0,-0.323973,0.723934,0.609066
0,0,0.46168,-0.878044,0.126058
0,0,-0.62828,-0.479831,0.612394
0,0,0.468937,-0.537602,0.700772
0,0,-0.561095,0.743544,0.36375
0,0,0.264206,0.272863,0.925063
0,0,0.245972,-0.8881,0.388298
0,0,0.906087,-0.207393,0.368773
0,0,-0.23237,-0.831581,0.504457
0,0,-0.933612,0.35653,0.0354246
0,0,-0.0983692,-0.110024,0.989049
0,0,-0.715909,0.25015,0.651842
0,0,0.00339315,0.999586,0.028568
0,0,-0.345943,0.919331,0.187493
0,0,0.860887,-0.355335,0.364157
0,0,-0.855701,-0.423013,0.298053
2.47024,4.14365,-0.251,0.339326,0.906563
0,0,0.823784,0.460665,0.330405
0,0,0.893847,0.433049,0.116218
0,0,-0.106896,-0.886077,0.451044
0,0,0.019881,-0.632202,0.774548
0,0,-0.461897,0.797201,0.388743
0,0,0.451668,-0.302665,0.839279
6.32664,7.50001,-0.46771,0.654527,-0.594005
0,0,-0.779938,0.522508,0.344502
0,0,-0.606188,0.761507,0.229442
0,0,0.314386,0.800791,0.509799
0,0,0.592894,0.802667,0.0648298
0,0,0.0861375,0.973182,0.213298
0,0,0.93354,0.355073,0.0492504
0,0,-0.520125,-0.526896,0.672198
0,0,-0.259611,0.909561,0.324501
0,0,0.289761,-0.682945,0.670541
0,0,-0.938369,-0.208451,0.275703
0,0,-0.313647,-0.31886,0.894401
0,0,0.933527,0.281697,0.221751
0,0,-0.533866,-0.537998,0.652339
0,0,-0.489747,0.623978,0.608933
0,0,0.273647,-0.708723,0.650253
0,0,-0.592157,0.0220605,0.805521
0,0,-0.32831,-0.708366,0.624844
0,0,0.348192,0.664293,0.66142
0,0,0.153293,-0.777651,0.609721
0,0,-0.134258,0.958233,0.252517
0,0,-0.681035,-0.670188,0.295023
0,0,0.866713,0.359849,0.345424
0,0,-0.454639,0.429227,0.780428
0,0,-0.755604,0.654614,0.0233258
0,0,0.379147,-0.270336,0.884967
0,0,0.334484,-0.406233,0.85035
0,0,-0.655558,0.627387,0.420272
0,0,-0.65721,0.550807,0.514478
0,0,-0.552312,0.362699,0.750601
0,0,0.784376,0.36332,0.502746
0,0,-0.801093,-0.590137,0.0999405
0,0,-0.360068,-0.789114,0.497644
0,0,-0.922778,-0.0461768,0.382556
0,0,-0.187079,0.406046,0.894499
0,0,-0.389406,0.224882,0.893192
0,0,-0.058347,0.995734,0.0714775
0,0,-0.64395,0.68243,0.345857
0,0,0.0599022,-0.996741,0.0540353
0,0,-0.691794,-0.239356,0.681271
0,0,0.952789,-0.20476,0.2242
0,0,-0.984304,-0.040125,0.17186
0,0,0.455065,0.517192,0.724864
0,0,-0.9103,-0.177983,0.373733
0,0,-0.629062,0.368467,0.684481
0,0,0.463504,0.259921,0.847116
0,0,0.355319,0.65376,0.668092
0,0,-0.715242,-0.00380938,0.698867
0,0,-0.67387,-0.721412,0.159577
21.7932,32.3327,0.318428,-0.00207081,0.947945
0,0,-0.0439779,0.967918,0.247387
0,0,0.537754,-0.200555,0.8189
0,0,0.93219,-0.336979,0.132163
0,0,-0.989479,-0.131942,0.0593451
0,0,0.560504,0.133683,0.817291
0,0,0.86513,0.184953,0.466201
0,0,0.348952,-0.702973,0.619727
0,0,0.968027,0.15346,0.198426
0,0,0.721605,0.589513,0.362989
0,0,-0.797562,-0.586838,0.139699
0,0,-0.318547,0.534049,0.783147
0,0,-0.563053,-0.060624,0.824194
0,0,0.756317,0.302178,0.580235
0,0,0.174062,-0.755236,0.631919
0,0,0.927957,0.260766,0.266266
0,0,0.0422826,-0.816514,0.575776
0,0,0.854227,-0.140497,0.500557
0,0,-0.168032,0.884354,0.435527
0,0,-0.624414,-0.00759733,0.781056
0,0,0.058997,-0.240899,0.968755
0,0,0.917597,0.362815,0.162425
0,0,-0.911798,0.217651,0.348214
0,0,0.455396,0.33281,0.825743
0,0,-0.482316,-0.7298,0.484523
0,0,-0.662973,-0.434932,0.609345
0,0,-0.672931,-0.419936,0.608948
0,0,-0.0201299,0.290007,0.956813
0,0,0.677094,-0.68448,0.270243
0,0,0.328783,-0.261532,0.90747
0,0,-0.296533,-0.911987,0.283458
0,0,0.758689,-0.61137,0.224985
0,0,-0.792185,0.263315,0.550552
0,0,0.13714,-0.590644,0.795193
0,0,-0.561916,-0.178318,0.807745
0,0,0.582224,-0.26319,0.769251
0,0,-0.895063,-0.031506,0.444826
0,0,-0.325243,0.311271,0.892932
0,0,0.891579,0.146118,0.428646
0,0,0.748882,0.255661,0.611403
0,0,0.213875,0.098162,0.971917
0,0,0.283756,0.292136,0.913312
0,0,0.459559,0.605345,0.649894
0,0,-0.120512,-0.430386,0.894564
0,0,0.911584,-0.0733722,0.404514
0,0,-0.633256,-0.428713,0.644354
0,0,-0.322828,0.895006,0.307809
0,0,-0.529024,0.698723,0.48158
0,0,0.733678,0.616866,0.284944
0,0,-0.60973,0.189201,0.769697
0,0,-0.772842,-0.540536,0.33247
0,0,0.426312,-0.447523,0.786118
0,0,0.347268,-0.63932,0.686057
0,0,-0.175707,-0.750287,0.637336
0,0,-0.242877,-0.473556,0.846614
0,0,0.140592,0.989476,0.0342267
0,0,0.161173,-0.898082,0.409232
0,0,-0.740108,-0.225167,0.633672
1.70205,2.42699,-0.0550649,0.0895479,0.994459
0,0,0.253124,0.764801,0.592459
0,0,0.540522,0.252368,0.802587
0,0,0.593037,-0.753278,0.284392
0,0,-0.0878897,0.173496,0.980905
0,0,0.268139,-0.08345,0.959759
0,0,-0.175723,0.868595,0.463319
0,0,-0.955079,-0.25329,0.153847
0,0,0.854111,-0.197827,0.480998
0,0,0.621497,0.323465,0.713521
0,0,0.844461,-0.0877227,0.528384
0,0,0.568662,0.761747,0.310427
0,0,-0.57634,-0.646288,0.500144
0,0,0.821013,-0.546015,0.166749
0,0,0.0511219,0.617914,0.784582
0,0,-0.567946,0.773493,0.281329
0,0,-0.331518,-0.717836,0.612215
0,0,0.118689,0.607961,0.785046
0,0,0.804723,-0.56342,0.187027
0,0,-0.667061,0.365232,0.649334
0,0,-0.800315,-0.23547,0.551408
0,0,0.0660338,-0.848916,0.524387
0,0,0.347231,-0.612854,0.709817
0,0,0.128196,-0.970024,0.206442
0,0,-0.229205,-0.960536,0.157596
16.0089,25.4142,0.48273,0.872839,0.0715742
0,0,-0.789117,0.267158,0.553101
0,0,-0.651306,0.271026,0.708763
0,0,0.513221,-0.493246,0.702362
0,0,-0.986195,0.124792,0.10884
0,0,-0.085776,0.984916,0.150275
0,0,0.472103,-0.686181,0.55342
0,0,-0.216415,-0.52246,0.824742
0,0,0.852827,0.5058,0.129815
0,0,-0.370601,-0.380098,0.847456
0,0,-0.184191,0.794653,0.578446
0,0,-0.72421,-0.106062,0.681374
0,0,0.645229,0.088065,0.758897
0,0,0.57604,0.225678,0.785651
0,0,0.631035,-0.357709,0.688359
0,0,0.901093,-0.10965,0.419534
0,0,-0.717521,0.335357,0.610491
0,0,0.189594,0.949954,0.248279
0,0,-0.190126,-0.370806,0.909041
0,0,0.952567,-0.30096,0.0451446
0,0,-0.382595,-0.758071,0.528157
0,0,-0.671501,0.64221,0.369666
0,0,-0.127989,0.857151,0.498909
0,0,0.343769,-0.936621,0.0675521
0,0,0.918652,0.389284,0.0673481
0,0,0.416108,-0.898492,0.139878
0,0,0.0432935,-0.980924,0.189511
0,0,-0.756927,-0.615657,0.21915
0,0,-0.568579,0.538596,0.621797
0,0,0.769129,-0.0141675,0.638936
0,0,-0.445722,-0.0985519,0.88973
0,0,0.682981,-0.669743,0.291516
0,0,0.693781,0.720067,0.0131226
0,0,0.743515,0.667019,0.0476558
0,0,-0.528808,0.694795,0.487465
0,0,0.479904,0.406997,0.777204
0,0,-0.395804,0.42735,0.812841
0,0,-0.53197,0.0404988,0.845794
0,0,-0.393888,0.80873,0.436816
0,0,0.644449,-0.264159,0.717569
0,0,-0.523978,-0.846195,0.0969552
0,0,0.99253,-0.0871641,0.0853613
0,0,0.292969,0.367888,0.882512
0,0,-0.749918,-0.658496,0.0632832
0,0,-0.100879,0.775003,0.623854
0,0,0.674974,0.396995,0.621937
0,0,-0.223266,-0.931839,0.286056
0,0,-0.588296,-0.249484,0.769198
0,0,0.577277,-0.816255,0.021897
0,0,-0.714282,0.698495,0.0436591
0,0,-0.962666,-0.232335,0.138906
0,0,0.929698,-0.32709,0.169333
0,0,0.0524345,-0.9941,0.0949483
0,0,-0.468399,0.875775,0.116704
0,0,0.967165,-0.191948,0.166579
0,0,0.300065,-0.740588,0.601241
0,0,0.774492,0.217996,0.593835
0.0269533,0.0664844,-0.47454,0.103658,0.874109
0,0,0.851354,0.426705,0.305155
0,0,-0.156225,0.831369,0.53331
0,0,0.966228,0.240236,0.0932239
0,0,0.495316,-0.769389,0.403365
0,0,-0.457393,0.887214,0.0603577
0,0,-0.0943431,-0.724552,0.682732
0,0,0.53466,0.643413,0.547867
0,0,0.689807,-0.662272,0.292512
0,0,-0.225807,0.311196,0.92313
0,0,0.587166,0.510743,0.627995
0,0,-0.160701,0.629196,0.760452
0,0,-0.466058,-0.884388,0.0254409
0,0,-0.648027,-0.541879,0.53519
0,0,0.292937,0.112927,0.949439
0,0,0.244875,0.96944,0.0149295
0,0,0.207926,0.809001,0.549804
0,0,-0.33177,0.602673,0.72575
0,0,0.503282,0.688455,0.522242
0,0,0.368233,0.460761,0.80753
0,0,0.949298,-0.00184452,0.314373
0,0,-0.884283,-0.466605,0.0180125
0,0,-0.183681,0.573718,0.798191
0,0,0.953733,-0.121691,0.274927
0,0,0.0692943,-0.858692,0.507786
0,0,-0.293102,0.919441,0.262144
0,0,0.378153,-0.245162,0.89269
0,0,0.444047,-0.730535,0.518788
0,0,0.397357,-0.121407,0.909597
0,0,-0.436515,-0.104356,0.893624
0,0,-0.19564,0.37516,0.906079
0,0,0.274332,-0.641169,0.71669
0,0,0.121382,-0.990871,0.0586667
0,0,0.00402291,-0.812911,0.582374
0,0,-0.433488,-0.862825,0.260042
0,0,0.176209,-0.74343,0.645183
0,0,-0.458278,-0.281917,0.842914
0,0,-0.549434,0.649327,0.525829
0,0,0.491788,0.177709,0.852387
0,0,0.565238,-0.596613,0.569701
0,0,-0.665263,-0.541163,0.514362
0,0,-0.426081,-0.250129,0.86942
0,0,-0.572492,-0.589662,0.569694
0,0,-0.448348,-0.852408,0.269044
0,0,0.405686,-0.343371,0.847062
0,0,0.858928,0.511103,0.0318741
0,0,-0.697874,0.36766,0.614652
21.083,30.4003,0.225218,0.973705,0.034282
0,0,-0.192413,0.908783,0.370258
0,0,0.998001,0.0133238,0.0617731
0,0,0.998143,-0.0111836,0.0598807
0,0,-0.141939,0.982239,0.122717
0,0,0.254459,-0.00238236,0.967081
0,0,0.787434,0.599755,0.142274
0,0,-0.603339,-0.432716,0.66988
0,0,-0.461542,-0.775028,0.431638
0,0,0.822159,-0.159305,0.546512
0,0,-0.265099,0.0301736,0.963749
0,0,-0.549611,-0.693247,0.466195
0,0,-0.0876891,0.986773,0.136341
0,0,-0.13663,-0.973672,0.182471
0,0,0.108698,-0.781453,0.614423
0,0,0.462161,-0.820062,0.3375
0,0,0.368795,-0.773953,0.514769
0,0,0.694495,-0.658346,0.290271
0,0,0.611574,-0.65227,0.447795
0,0,-0.134266,0.804798,0.578164
0,0,-0.889515,0.456883,0.00447808
0,0,0.170051,0.813407,0.556284
0,0,-0.992533,-0.0855041,0.0869951
0,0,-0.273628,-0.854366,0.441799
0,0,-0.230401,-0.589806,0.773979
0,0,0.088284,0.409966,0.907818
0,0,-0.0976524,0.990148,0.100351
0,0,-0.174247,-0.347199,0.921461
0,0,0.31338,0.492974,0.811646
0,0,-0.00318116,-0.966763,0.255656
0,0,-0.417834,0.556254,0.718329
0,0,-0.173327,-0.0704176,0.982344
0,0,-0.380477,-0.175788,0.907929
0,0,0.119832,0.955329,0.27016
0,0,0.00405003,-0.932523,0.361088
0,0,-0.902782,0.195619,0.383037
0,0,-0.699259,0.251715,0.669086
0,0,-0.0269043,0.582911,0.812091
0,0,-0.820254,-0.377218,0.429988
0,0,0.349015,-0.919824,0.179201
0,0,0.945126,-0.249407,0.211027
0,0,0.716188,0.666173,0.20806
0,0,0.956909,0.016889,0.289895
0,0,-0.410045,-0.487259,0.771001
0,0,-0.861994,0.499392,0.0870278
0,0,-0.894757,0.435629,0.0981699
0,0,0.190068,0.41189,0.891191
0,0,-0.251251,-0.677099,0.691672
0,0,-0.820534,0.318026,0.474956
0,0,-0.945783,0.212843,0.245342
0,0,0.058777,0.597229,0.799914
0,0,0.492178,-0.780563,0.385334
0,0,0.362564,0.875329,0.319915
0,0,0.699775,-0.674646,0.234881
0,0,0.574707,-0.646247,0.502072
0,0,0.821385,-0.556068,0.126943
0,0,0.451657,0.496337,0.741387
0,0,0.42621,-0.650568,0.628575
0,0,0.399003,0.366701,0.840433
0,0,-0.963101,0.220205,0.154743
0,0,0.163031,-0.767676,0.619753
0,0,-0.107582,-0.298725,0.948256
0,0,0.664243,0.0769752,0.743543
0,0,-0.855135,0.0599038,0.514933
0,0,-0.128337,-0.650625,0.748476
10.0306,14.5859,0.731702,-0.0139835,0.681481
0,0,0.171103,0.362584,0.91611
0,0,-0.936206,0.12203,0.329586
0,0,-0.295977,0.93975,0.171076
0,0,-0.897219,-0.262655,0.354979
0,0,0.472439,0.713515,0.517395
0,0,0.272824,-0.925211,0.263727
0,0,-0.160637,-0.588107,0.79267
0,0,0.968642,0.0734577,0.237354
0,0,0.806079,0.0633034,0.588413
0,0,-0.0660838,-0.971655,0.226981
0,0,-0.244032,-0.316858,0.916542
0,0,-0.695415,0.226493,0.681981
0,0,-0.916307,-0.255753,0.308176
0,0,0.386279,-0.900483,0.199795
0,0,-0.0306971,0.767188,0.640688
0,0,0.333972,-0.842415,0.422847
0,0,-0.150038,0.543322,0.826008
0,0,0.500803,-0.809528,0.306368
0,0,0.177843,0.973586,0.143185
0,0,0.0617256,0.267548,0.961566
0,0,-0.464468,-0.361234,0.808566
0,0,0.0283687,-0.123786,0.991903
0,0,-0.348544,0.631214,0.692883
0,0,0.693207,-0.12164,0.710399
0,0,0.962261,-0.232606,0.141237
0,0,0.718647,-0.672363,0.177411
0,0,0.265748,-0.897932,0.35085
0,0,-0.0116015,-0.731005,0.682273
0,0,0.0451426,0.977668,0.205251
0,0,-0.856242,0.389896,0.338867
0,0,-0.657289,0.658631,0.3663
0,0,-0.499904,-0.711118,0.494376
0,0,0.135628,0.697103,0.704026
0,0,0.947024,-0.298946,0.117377
0,0,-0.0805334,-0.648413,0.757018
0,0,0.0790986,0.014416,0.996763
0,0,-0.242162,-0.868068,0.433377
0,0,-0.136973,-0.906238,0.399964
0,0,0.830264,-0.452693,0.325163
0,0,-0.463029,0.885887,0.0284417
0,0,0.305185,0.946516,0.104735
0,0,0.455911,-0.214692,0.863743
0,0,0.669595,-0.0431602,0.741472
0,0,0.523803,-0.802291,0.286285
0,0,-0.73033,0.0518551,0.681123
0,0,-0.193326,-0.962924,0.188155
0,0,0.0595098,-0.992215,0.109398
0,0,0.531808,-0.235404,0.81349
0,0,0.668215,-0.739329,0.0829537
0,0,0.192472,-0.946043,0.260688
0,0,-0.810533,0.48028,0.335212
0,0,-0.51347,-0.851534,0.106011
0,0,-0.871518,-0.26879,0.410133
0,0,-0.840889,-0.280118,0.463077
0,0,0.833359,0.549273,0.0617348
0,0,0.12617,-0.431445,0.893273
0,0,0.190798,-0.408574,0.89256
0,0,0.429252,-0.274061,0.860601
0,0,0.521261,-0.84888,0.0876862
0,0,-0.367578,-0.918478,0.145896
0,0,0.10977,-0.0550454,0.992432
0,0,-0.196359,-0.704503,0.681996
0,0,-0.792967,0.09825,0.601291
0,0,0.798101,0.598702,0.0677534
0,0,0.0515129,-0.62286,0.780636
0,0,0.217212,0.245546,0.944736
0,0,-0.748932,-0.475129,0.461902
0,0,0.00430028,0.744033,0.668129
0,0,0.973116,0.220656,0.0660031
0,0,0.692308,-0.589465,0.416221
0,0,0.00417205,-0.461381,0.887192
0,0,0.245338,-0.480518,0.841969
0,0,0.436705,0.893618,0.103616
0,0,0.178716,0.938263,0.296181
0,0,0.970614,0.169784,0.170532
0,0,0.662935,0.318933,0.677346
0,0,0.431416,0.287138,0.855238
0,0,0.635416,0.0375812,0.771255
0,0,-0.19499,0.674168,0.712374
0,0,0.357303,-0.530667,0.768587
0,0,-0.13701,-0.989907,0.0362374
0,0,-0.944588,0.326423,0.0346691
0,0,-0.0926069,-0.840176,0.534348
0,0,0.0789711,-0.597321,0.798104
0,0,0.901296,0.349276,0.256266
0,0,-0.717473,0.277391,0.638973
0,0,0.612576,0.74673,0.259124
0,0,0.575615,-0.512604,0.637107
0,0,0.679185,-0.618758,0.394774
0,0,0.733513,-0.490616,0.470376
0,0,0.549596,0.537682,0.639408
0,0,-0.448238,-0.201935,0.870807
0,0,0.888791,0.382688,0.252193
0,0,-0.737641,0.668942,0.0916677
16.8774,27.0683,0.0180012,-0.207521,0.978065
0,0,0.360941,0.769231,0.527261
0,0,0.386726,-0.0321102,0.921635
0,0,-0.51362,0.655751,0.55334
0,0,0.61433,-0.24815,0.749012
0,0,-0.554347,0.394724,0.732729
0,0,-0.802962,0.214138,0.556235
0,0,0.426159,-0.665363,0.612928
0,0,0.706513,-0.685984,0.173969
19.338,28.0975,0.69765,0.639196,0.323595
0,0,-0.841676,-0.288827,0.456245
0,0,0.0365788,-0.510996,0.858804
0,0,0.396663,0.262542,0.879619
0,0,-0.856885,0.0398984,0.51396
0,0,-0.600036,0.39531,0.695476
0,0,0.518523,-0.73102,0.443557
0,0,-0.549098,0.786257,0.283357
0,0,-0.717417,-0.539648,0.44056
0,0,0.880558,0.42247,0.214796
0,0,0.658146,-0.0342829,0.752109
20.1915,26.9974,0.1603,0.363512,0.917694
0,0,0.389271,-0.801044,0.454749
0,0,0.107486,-0.808759,0.578235
0,0,-0.797607,-0.258292,0.545077
0,0,-0.699766,-0.641743,0.313838
0,0,-0.963355,-0.209929,0.166966
0,0,0.0751054,0.995144,0.0636257
0,0,0.487412,0.404842,0.773649
0,0,-0.78172,0.607254,0.141972
0,0,-0.0161306,0.639945,0.768251
0,0,-0.721328,-0.690462,0.0542991
0,0,-0.655701,0.695758,0.293218
0,0,0.546751,0.320095,0.773694
0,0,-0.0660108,0.463287,0.883747
0,0,-0.0888058,-0.958165,0.27209
0,0,0.855016,0.0199441,0.518219
0,0,0.536077,0.42327,0.730386
0,0,0.264173,0.644845,0.717208
0,0,-0.70215,0.71064,0.0444424
0,0,-0.837764,0.489949,0.241042
0,0,0.527231,-0.555707,0.64282
0,0,0.451739,0.888328,0.0824909
0,0,-0.064256,-0.684268,0.726394
0,0,0.0534287,-0.0121827,0.998497
0,0,0.853642,-0.458407,0.247303
0,0,0.539555,0.420878,0.729207
0,0,-0.678509,-0.11223,0.725968
0,0,0.622573,-0.0108932,0.782486
0,0,0.461026,0.887299,0.0124631
0,0,-0.755962,-0.164328,0.633654
0,0,-0.975591,-0.00880835,0.219419
18.2544,27.072,-0.078167,-0.0543416,0.995458
0,0,-0.715644,0.300228,0.630648
0,0,0.594255,-0.0944508,0.798712
0,0,0.518406,0.0907921,0.850301
0,0,-0.751379,-0.472703,0.460414
0,0,0.329951,0.0825222,0.940384
0,0,-0.442416,0.846639,0.295753
0,0,0.729324,0.0648165,0.681091
0,0,0.581695,0.247912,0.774707
0,0,-0.510448,-0.673717,0.534368
0,0,-0.229045,-0.314023,0.921373
0,0,-0.0350735,-0.994351,0.100175
0,0,-0.435843,0.534096,0.724418
0,0,0.799261,-0.218027,0.560042
0,0,0.463529,-0.799526,0.381967
0,0,0.412449,-0.845985,0.337927
0,0,0.58375,-0.145675,0.798758
0,0,-0.664734,-0.688414,0.290198
0,0,-0.804265,-0.301228,0.512269
0,0,0.292374,0.318745,0.90162
0,0,0.029,0.776401,0.629572
0,0,-0.540748,0.418372,0.729765
0,0,0.58087,-0.712551,0.393523
0,0,0.546828,0.836496,0.0354022
0,0,-0.288416,-0.42283,0.859087
0,0,0.725023,0.683911,0.0812845
0,0,0.437848,0.877339,0.19638
0,0,0.548007,-0.49128,0.677003
0,0,0.579683,0.782581,0.227012
0,0,-0.825561,0.554047,0.10715
0,0,-0.955356,0.194351,0.222537
0,0,0.166624,-0.983859,0.0652485
0,0,0.587432,0.318697,0.743879
0,0,0.708196,-0.21456,0.672623
0,0,0.770543,-0.0850365,0.63169
0,0,0.345197,0.288946,0.892944
0,0,-0.975192,-0.0781748,0.207099
0,0,-0.467814,0.678562,0.566308
0,0,0.468603,0.0452097,0.882251
0,0,-0.594236,-0.0757411,0.800717
0,0,0.0721793,0.717272,0.693045
0,0,-0.493856,0.453069,0.742182
0,0,-0.180193,0.699805,0.691233
0,0,0.513337,0.288997,0.808063
0,0,0.276554,-0.324875,0.904419
0,0,0.621711,0.474159,0.623416
8.35931,13.2647,0.0183482,-0.286074,0.958032
0,0,0.516839,0.0506821,0.854581
0,0,0.683369,0.545645,0.485055
0,0,-0.416401,0.909165,0.00543624
0,0,-0.837373,-0.478341,0.264567
0,0,0.0440624,0.12161,0.991599
0,0,-0.29834,0.784093,0.544235
0,0,-0.618263,-0.516464,0.592465
0,0,-0.315486,-0.667553,0.67442
0,0,-0.0176606,-0.450442,0.892631
0,0,0.305047,0.456037,0.836048
0,0,0.891488,0.450945,0.0435711
0,0,-0.309756,0.864649,0.395517
0,0,0.917506,0.171418,0.358886
0,0,-0.197111,0.394845,0.897354
0,0,-0.0988994,-0.486936,0.86782
0,0,-0.205767,0.483959,0.850555
0,0,-0.625683,-0.58446,0.516651
0,0,-0.522398,0.582741,0.622505
0,0,0.956649,-0.288747,0.0380575
0,0,0.339427,-0.215373,0.915644
0,0,0.901654,-0.200799,0.383013
0,0,-0.333994,0.462912,0.821073
0,0,-0.168407,0.368986,0.91405
0,0,-0.774164,-0.619406,0.130406
0,0,0.227124,-0.571851,0.78829
0,0,-0.679823,0.435314,0.590206
1.43345,2.00831,0.332497,0.2435,0.911127
0,0,-0.835212,0.489189,0.251226
0,0,-0.991755,-0.00391538,0.12809
0,0,0.0473029,-0.504498,0.862116
0,0,0.504904,-0.404905,0.762315
0,0,-0.39197,-0.499384,0.772642
0,0,-0.923254,-0.2556,0.286829
0,0,-0.943492,0.104158,0.314601
0,0,0.360774,-0.586953,0.724795
0,0,0.931309,0.335531,0.141712
0,0,0.993027,-0.10364,0.0561835
0,0,0.870206,-0.492609,0.00879843
0,0,-0.745707,0.659953,0.0915549
0,0,-0.49677,0.0778716,0.864381
0,0,-0.673484,0.275329,0.686012
0,0,-0.219308,-0.92689,0.304596
0,0,0.379221,-0.780014,0.497765
0,0,0.281307,-0.627404,0.726107
0,0,0.876281,0.416171,0.242763
0,0,-0.365258,0.442037,0.819262
0,0,0.239778,-0.35711,0.902762
0,0,-0.461535,0.65956,0.593267
0,0,0.141217,0.297433,0.944241
0,0,-0.530557,-0.0779939,0.844054
0,0,-0.353789,-0.35967,0.863406
0,0,-0.0252929,0.972085,0.233262
0,0,0.982395,0.081381,0.168157
0,0,0.717611,-0.0797276,0.691866
0,0,0.157579,0.792536,0.589114
0,0,0.6469,-0.0427312,0.761377
0,0,-0.0972509,-0.955196,0.279542
6.73402,10.6081,0.590483,-0.730911,0.342197
10.9916,16.4923,-0.501348,-0.763462,0.407156
0,0,0.848083,0.44424,0.2888
0,0,-0.0485839,0.908638,0.414748
0,0,-0.691614,0.199691,0.694114
0,0,0.806236,0.558479,0.195152
0,0,-0.294245,-0.466606,0.834086
0,0,0.229403,0.693204,0.683259
0,0,0.334666,-0.942256,0.0123293
0,0,-0.573498,-0.462259,0.676326
0,0,0.575188,-0.738037,0.352789
0,0,-0.794829,0.0794706,0.601607
0,0,-0.18958,-0.117193,0.974846
0,0,-0.0602472,0.580744,0.811854
0,0,0.0347367,-0.880219,0.473295
0,0,-0.732747,-0.15151,0.66342
0,0,-0.929083,0.254199,0.268679
0,0,-0.163123,-0.96956,0.182602
0,0,-0.416791,-0.75327,0.508793
0,0,0.45815,0.790297,0.406853
0,0,0.0988895,-0.457534,0.883676
0,0,-0.690888,-0.192475,0.696869
0,0,-0.621894,0.0512754,0.781421
0,0,0.179561,-0.459026,0.870088
0,0,-0.25614,-0.652095,0.713558
0,0,-0.498376,0.0290553,0.866474
0,0,-0.207166,0.91322,0.350873
0,0,0.736686,0.0570608,0.673824
0,0,-0.488063,0.269607,0.830124
0,0,0.621292,0.71539,0.319708
0,0,0.30722,0.873312,0.378076
0,0,0.6597,0.160452,0.734201
0,0,-0.995726,-0.0741342,0.0550786
0,0,0.923877,-0.338742,0.178059
0,0,0.427007,0.319304,0.845996
0,0,0.833999,0.551665,0.0105819
0,0,0.27717,0.746901,0.604414
0,0,0.850191,-0.204737,0.485034
0,0,0.0178281,-0.963177,0.268278
0,0,0.383337,-0.401539,0.831756
0,0,0.563194,-0.376076,0.735785
0,0,-0.248137,0.766768,0.592026
0,0,0.828301,0.487403,0.276324
0,0,0.563885,-0.114869,0.817826
0,0,-0.952597,-0.0738929,0.295125
0,0,0.111483,0.295988,0.948664
17.8731,26.1259,0.0543797,0.175892,0.982906
0,0,0.571968,0.0240551,0.819923
0,0,-0.158292,0.719372,0.676349
0,0,-0.791113,0.537609,0.291748
0,0,-0.445175,0.258782,0.857235
0,0,-0.144276,0.969577,0.197751
0,0,0.292581,0.331063,0.897103
0,0,-0.704452,-0.518948,0.484191
0,0,0.470759,0.576022,0.66827
0,0,-0.87755,0.406085,0.254953
0,0,0.893166,0.16154,0.419713
0,0,0.156589,0.827724,0.538844
0,0,-0.572889,0.139396,0.807692
0,0,-0.716574,0.682333,0.144716
8.11818,11.8366,-0.803925,-0.537622,0.254297
0,0,-0.522354,0.292515,0.800988
0,0,-0.0899059,-0.187447,0.978152
0,0,-0.86184,-0.287538,0.417795
0,0,-0.587929,-0.104352,0.802153
0,0,0.195161,0.569906,0.798198
0,0,-0.198863,0.915915,0.348646
0,0,0.855739,-0.397184,0.331597
0,0,0.557815,-0.173651,0.811596
0,0,-0.875125,-0.454268,0.166726
0,0,-0.0756981,-0.976483,0.201868
0,0,0.653728,0.752862,0.076413
0,0,0.628956,0.722773,0.286379
0,0,-0.392154,-0.797771,0.458015
0,0,-0.423716,-0.253929,0.869474
0,0,0.0920653,0.924812,0.369117
0,0,-0.116813,0.986083,0.118299
0,0,-0.601763,-0.511818,0.613127
0,0,-0.973317,-0.225855,0.040555
0,0,-0.554783,-0.831915,0.0115783
0,0,0.986115,-0.0298182,0.163365
0,0,0.453173,-0.364826,0.813349
0,0,0.167269,0.958987,0.228834
16.3633,22.9035,0.19801,0.838426,0.507773
0,0,0.093,-0.514785,0.85226
0,0,0.751172,-0.65983,0.0191064
0,0,0.537899,0.740848,0.402255
0,0,0.894548,0.375616,0.242273
0,0,-0.70613,0.549444,0.446646
0,0,0.805936,-0.0148212,0.591818
0,0,-0.167074,-0.676371,0.717363
0,0,-0.258516,0.651669,0.71309
0,0,-0.541836,-0.516052,0.663403
0,0,-0.776404,0.0857886,0.62437
0,0,-0.911289,0.0411314,0.409707
0,0,-0.373703,-0.90361,0.209368
0,0,0.0892216,0.959607,0.266822
0,0,-0.935873,-0.28555,0.206404
0,0,0.838487,0.478853,0.260076
0,0,-0.929619,-0.31442,0.192221
0,0,-0.151265,0.515889,0.843195
0,0,0.424296,0.883672,0.197727
0,0,-0.0696322,-0.106302,0.991893
0,0,0.568537,0.802801,0.179657
0,0,-0.476483,-0.762907,0.436963
0,0,0.340947,0.887042,0.311306
0,0,-0.573881,-0.302954,0.760841
0,0,0.665049,0.65014,0.367462
0,0,-0.947116,-0.312702,0.0720346
0,0,0.226889,-0.971217,0.0725191
0,0,0.952181,0.163352,0.2582
0,0,0.979323,0.131888,0.153404
0,0,0.567423,-0.71054,0.416131
0,0,-0.653099,-0.183789,0.734632
0,0,-0.206645,-0.623862,0.75372
0,0,-0.0969917,-0.735126,0.670957
0,0,-0.346717,-0.873305,0.342237
0,0,-0.427247,0.19021,0.8839
0,0,-0.320645,-0.5577,0.765609
0,0,-0.57399,-0.295516,0.763679
0,0,-0.52325,-0.566944,0.636226
0,0,-0.341648,-0.144948,0.928583
0,0,0.616316,0.787462,0.00756515
0,0,0.412948,-0.197157,0.889159
0,0,0.128447,0.562399,0.816828
0,0,0.0242346,0.352574,0.93547
0,0,-0.773888,0.448109,0.447543
0,0,0.610833,0.660502,0.436601
0,0,-0.218173,-0.915812,0.337178
0,0,0.687072,0.724036,0.0608611
0,0,0.101226,-0.253967,0.961901
0,0,0.673001,0.719678,0.170684
0,0,-0.0179584,-0.36978,0.928946
0,0,0.941033,0.190448,0.27962
0,0,-0.956877,0.28998,0.0172342
22.1171,28.5556,-0.514403,0.143411,0.845472
0,0,0.1083,-0.991794,0.0679419
0,0,0.172125,0.891113,0.419869
0,0,0.543362,0.829606,0.128498
0,0,0.723953,-0.637457,0.263705
0,0,-0.0165401,-0.23291,0.972358
0,0,-0.784204,-0.268597,0.559356
23.5799,33.2412,0.212897,0.608295,0.764626
0,0,0.254916,0.0835168,0.96335
0,0,-0.575747,-0.794416,0.193439
0,0,-0.817051,-0.282402,0.502669
0,0,-0.775525,-0.597174,0.204804
0,0,-0.571477,0.808948,0.137903
0,0,-0.503206,0.291241,0.813611
0,0,-0.332973,0.0392109,0.942121
0,0,0.340502,0.183545,0.922155
0,0,-0.450641,0.541867,0.709438
0,0,0.305434,0.406324,0.861169
0,0,-0.0890279,0.623296,0.776902
0,0,-0.878257,0.281941,0.386231
0,0,-0.323846,-0.187305,0.927384
0,0,-0.342373,0.599811,0.723193
0,0,-0.355019,-0.419986,0.835208
0,0,0.251229,-0.870576,0.423061
0,0,0.287992,-0.784868,0.548674
0,0,-0.264582,-0.942192,0.205597
0.454649,0.759673,-0.180413,-0.0907045,0.9794
0,0,-0.827328,0.487504,0.27905
0,0,0.425225,0.0584224,0.9032
0,0,0.626816,-0.304848,0.717056
0,0,0.525062,0.119088,0.842691
0,0,-0.643183,0.105748,0.758375
0,0,0.394666,-0.818035,0.418399
0,0,-0.544191,0.797088,0.261738
0,0,-0.132172,-0.688544,0.713048
0,0,0.975422,-0.220113,0.0100783
0,0,-0.948637,0.0769077,0.306877
0,0,-0.972475,0.227213,0.0516432
0,0,-0.902821,0.42484,0.0665176
0,0,0.650844,0.739741,0.170836
0,0,-0.151083,-0.27193,0.950383
0,0,0.692687,0.491953,0.527416
0,0,-0.386329,0.231678,0.892791
0,0,0.881223,-0.446845,0.154192
0,0,-0.125134,-0.452003,0.883196
0,0,0.760355,0.0887368,0.643417
0,0,-0.846026,-0.262626,0.463969
0,0,0.376014,0.382273,0.844086
0,0,-0.920753,-0.387821,0.0425254
0,0,0.462677,-0.737004,0.492703
0,0,-0.658168,0.0843547,0.748131
0,0,-0.947844,0.0201803,0.318094
0,0,-0.832696,-0.53997,0.122678
0,0,-0.507339,0.857491,0.0855315
0,0,0.148368,0.852466,0.501287
0,0,-0.62355,-0.753565,0.208148
0,0,0.0896581,-0.936431,0.339202
0,0,-0.828634,0.511019,0.228529
0,0,-0.850721,0.454465,0.264073
0,0,0.621253,-0.555504,0.552684
0,0,0.662706,-0.300603,0.6859
0,0,0.613916,-0.788666,0.0333649
0,0,0.509254,0.00576724,0.860597
0,0,-0.929784,0.230822,0.286746
0,0,-0.672895,-0.731139,0.112465
17.4058,24.2357,-0.276934,-0.659936,0.698421
0,0,-0.742196,0.614489,0.267485
0,0,-0.601037,-0.183391,0.777896
0,0,0.387234,0.847728,0.362501
0,0,0.201799,-0.54826,0.811596
0,0,0.535021,-0.763132,0.362468
0,0,-0.133674,0.912442,0.386756
0,0,0.440815,-0.820204,0.364619
0,0,0.129698,-0.43964,0.88876
0,0,0.497005,0.753177,0.430942
0,0,0.137711,-0.708974,0.691659
0,0,0.356568,-0.931679,0.0695174
0,0,-0.0225993,0.669479,0.742487
0,0,-0.617531,0.10119,0.78001
0,0,0.300286,0.510517,0.80573
0,0,-0.882818,-0.437972,0.169745
0,0,-0.906051,-0.161018,0.391338
0,0,-0.774594,0.12655,0.619669
0,0,0.719259,-0.406279,0.563563
0,0,0.864318,-0.333011,0.376904
0,0,-0.7185,0.215416,0.661327
0,0,0.423698,0.484316,0.765453
0,0,-0.64729,0.604649,0.464127
0,0,0.857399,0.234518,0.458113
0,0,0.504595,0.860991,0.0638602
0,0,-0.13322,0.486037,0.863725
0,0,0.247438,0.963539,0.101813
0,0,0.596406,0.415752,0.686622
0,0,0.589079,0.323136,0.740655
0,0,-0.781438,-0.404365,0.475229
0,0,0.408731,-0.88017,0.24133
0,0,-0.946039,-0.0430882,0.321177
0,0,-0.0670906,0.480592,0.874374
0,0,-0.0491637,-0.994037,0.0973279
0,0,0.0824916,-0.0935993,0.992187
0,0,-0.944927,0.177016,0.275278
0,0,-0.757911,-0.531729,0.377936
0,0,-0.65905,0.25282,0.708333
11.5131,16.972,0.445928,-0.779462,-0.439985
0,0,0.934155,0.341876,0.102346
0,0,-0.515174,0.325884,0.792714
0,0,0.0684864,-0.805067,0.589217
0,0,0.172672,-0.857063,0.485414
0,0,0.142638,-0.859238,0.491288
0,0,-0.945024,-0.124884,0.302214
0,0,0.28898,-0.869274,0.401065
0,0,-0.969674,0.226432,0.0919851
0,0,-0.66004,-0.0735292,0.747623
0,0,-0.432551,0.833704,0.343274
0,0,0.536869,-0.248644,0.806194
0,0,0.153093,-0.936418,0.315727
0,0,-0.782632,0.618673,0.0687856
0,0,0.374226,0.152138,0.914773
0,0,0.249551,0.517881,0.818244
0,0,-0.571746,0.809179,0.135412
0,0,-0.899965,-0.332167,0.282361
0,0,0.884361,0.447468,0.13296
0,0,0.175511,0.479938,0.859567
0,0,-0.637938,0.580089,0.50649
0,0,-0.753576,0.315391,0.576759
0,0,-0.104636,-0.0267046,0.994152
0,0,0.305055,0.920294,0.244952
0,0,-0.537405,0.282456,0.794616
0,0,0.141426,0.985457,0.0941983
0,0,-0.201337,-0.647314,0.735152
0,0,0.996931,0.0430636,0.0653733
0,0,-0.971803,0.235384,0.0139126
0,0,0.210085,0.936104,0.28209
0,0,0.802915,-0.145091,0.578166
0,0,0.857055,-0.505595,0.0991516
0,0,0.338669,-0.758513,0.556742
0,0,-0.681033,-0.525652,0.509788
17.3941,24.3748,-0.146546,-0.729507,0.668089
0,0,-0.705857,-0.211464,0.676054
0,0,-0.8605,0.484695,0.156879
0,0,0.73932,-0.271693,0.616108
0,0,0.439557,-0.253116,0.861813
0,0,0.7309,0.176393,0.659295
0,0,0.848572,0.142918,0.509411
0,0,0.208229,0.338739,0.917549
0,0,0.845079,-0.499709,0.190086
0,0,-0.700465,-0.650167,0.294334
0,0,-0.097911,0.444522,0.890401
0,0,-0.258872,-0.58834,0.766055
0,0,0.326975,-0.922005,0.207351
0,0,0.439014,-0.892524,0.103289
0,0,0.513359,0.380976,0.768973
0,0,0.873942,-0.14968,0.462408
0,0,0.913341,-0.0271137,0.406292
0,0,0.538961,0.841728,0.0318626
0,0,-0.860134,-0.468228,0.202316
0,0,-0.865918,0.500182,0.00184346
0,0,-0.785495,-0.587993,0.193034
0,0,0.726782,-0.459026,0.510963
0,0,-0.169656,0.942529,0.287847
0,0,-0.335045,0.912385,0.235158
0,0,-0.573475,0.0871794,0.814571
0,0,-0.992759,-0.100674,0.0655248
0,0,-0.549649,-0.835265,0.0147944
0,0,-0.264049,0.882075,0.390155
0,0,0.721162,0.580703,0.377769
0,0,0.337609,-0.884062,0.323193
0,0,0.114169,-0.547986,0.82866
0,0,0.544311,-0.837748,0.0436329
0,0,0.330728,0.107493,0.937584
0,0,0.169283,-0.859405,0.482458
0,0,-0.969097,-0.232559,0.0822697
0,0,-0.715168,-0.619289,0.324061
0,0,-0.543751,-0.667569,0.508612
0,0,-0.260291,0.893071,0.366979
0,0,-0.0830767,0.836937,0.540957
0,0,-0.495427,-0.615976,0.612476
0,0,0.484191,-0.302939,0.820846
0,0,0.984085,0.0310794,0.174962
23.6354,34.1102,0.782647,-0.620218,-0.0528582
0,0,0.292276,0.927999,0.231069
0,0,0.33998,-0.232773,0.91117
0,0,-0.828849,0.554312,0.0758108
0,0,0.329645,0.244265,0.911959
0,0,-0.135662,-0.796266,0.589539
0,0,-0.374214,-0.568036,0.733007
0,0,0.0077345,-0.722154,0.691689
0,0,0.9493,0.0636517,0.30786
0,0,0.696674,-0.646818,0.310277
0,0,-0.910949,-0.21521,0.351933
0,0,-0.901535,-0.106433,0.419412
0,0,0.484766,-0.647677,0.587807
0,0,-0.467761,-0.504886,0.725458
0,0,-0.342178,-0.916408,0.207632
0,0,0.210855,0.461214,0.861871
0,0,-0.872989,-0.469126,0.133462
0,0,0.718833,0.104441,0.687292
0,0,0.0209919,0.325441,0.945329
0,0,0.670682,0.663941,0.330709
0,0,-0.930365,-0.074729,0.358939
0,0,-0.353167,-0.8247,0.44175
16.724,24.9586,-0.739494,0.572878,0.353496
0,0,-0.31951,0.613759,0.721951
0,0,-0.593734,0.626747,0.504647
0,0,0.732255,-0.663471,0.153653
0,0,-0.768904,-0.62071,0.153318
0,0,-0.384012,0.309654,0.869856
0,0,0.89877,-0.0856943,0.429964
0,0,0.602936,-0.786916,0.131266
0,0,-0.043521,-0.0211056,0.99883
0,0,0.101615,-0.829859,0.548642
0,0,0.226592,-0.968185,0.10618
0,0,-0.928366,-0.128346,0.348804
0,0,0.588358,0.25333,0.767892
0,0,-0.691421,-0.301086,0.656722
0,0,-0.641763,0.480269,0.597898
0,0,-0.270818,0.590808,0.760002
0,0,-0.978941,0.188248,0.0789754
0,0,-0.379389,-0.913305,0.148117
0,0,-0.418939,0.0665484,0.905572
0,0,-0.672658,0.537251,0.508815
0,0,-0.681401,0.638866,0.357133
0,0,0.493899,-0.378985,0.782582
0,0,-0.188565,0.712853,0.675488
0,0,-0.971679,0.156124,0.177383
0,0,0.554602,-0.787209,0.269665
0,0,-0.331314,0.941981,0.0538739
0,0,0.312482,-0.657466,0.685634
0,0,0.381494,-0.436648,0.81474
0,0,-0.160868,-0.940184,0.300293
0,0,0.057345,-0.835078,0.547135
0,0,0.448593,-0.683191,0.576207
0,0,0.027912,-0.681918,0.730896
0,0,0.0626584,0.547324,0.834572
0,0,-0.750633,-0.645606,0.140513
0,0,0.838226,0.290314,0.461622
0,0,-0.462533,-0.841772,0.278357
0,0,0.767279,0.633796,0.0979085
0,0,0.45505,-0.866649,0.20457
0,0,0.659876,-0.415151,0.62627
0,0,0.0639282,0.983615,0.168566
0,0,0.714543,0.567791,0.408707
0,0,0.74427,0.118043,0.657365
0,0,-0.653774,-0.747432,0.118006
0,0,0.367165,0.265523,0.891452
0,0,0.0498131,0.975395,0.214763
0,0,0.739463,-0.370095,0.562339
0,0,0.381387,-0.458428,0.802738
0,0,0.885889,0.42498,0.185992
0,0,-0.113512,0.944235,0.309089
0,0,0.44582,-0.822168,0.353956
0,0,-0.0238431,0.97264,0.231093
0,0,-0.61575,-0.00826234,0.787898
0,0,0.430354,-0.246595,0.868324
0,0,-0.679483,0.16469,0.714968
0,0,0.541938,-0.474538,0.693626
0,0,0.516586,-0.849432,0.107722
0,0,-0.578848,0.360364,0.731487
0,0,-0.632328,-0.757883,0.160548
0,0,-0.705368,0.132043,0.696434
0,0,0.639761,-0.765942,0.0635492
0,0,-0.840823,0.0941736,0.533055
0,0,0.250941,-0.320354,0.913456
0,0,0.502618,0.63261,0.58922
0,0,-0.13732,0.97742,0.160605
0,0,-0.561474,0.827137,0.0243047
0,0,0.0786727,0.976552,0.200389
0,0,-0.982241,-0.00116577,0.187619
0,0,-0.487018,0.777527,0.397825
0,0,0.773504,-0.514614,0.36995
12.5077,19.6711,0.725559,0.00997056,0.688088
0,0,-0.315743,0.384032,0.867655
0,0,-0.474676,-0.514547,0.71409
0,0,-0.441816,-0.130861,0.88751
0,0,-0.563406,-0.70112,-0.43704
0,0,0.994432,-0.10537,0.00159313
0,0,0.341643,0.924753,0.167665
0,0,0.0539674,-0.821697,0.567363
0,0,-0.509215,0.379861,0.772273
0,0,0.709328,0.434505,0.55503
0,0,-0.0146441,0.489215,0.87204
0,0,0.521705,-0.758689,0.390148
0,0,-0.383394,-0.605946,0.697022
0,0,0.0120374,0.684027,0.729357
0,0,-0.873388,-0.45892,0.163051
0,0,-0.855841,-0.387029,0.34314
0,0,0.165683,-0.278948,0.945906
0,0,-0.143137,-0.161022,0.976516
0,0,0.0256876,-0.0214973,0.999439
0,0,-0.803003,0.577957,0.145435
0,0,0.777674,-0.449688,0.439322
0,0,0.0888506,-0.0762611,0.993121
0,0,0.930247,-0.000290807,0.366935
0,0,-0.870181,-0.127609,0.475921
0,0,0.107389,0.0830294,0.990744
0,0,-0.136323,-0.849516,0.509645
0,0,0.39856,-0.916916,0.0203764
0,0,0.880864,0.310567,0.357249
0,0,0.656877,0.298127,0.692555
0,0,0.14436,0.927917,0.343701
23.1758,33.4013,0.222901,-0.61811,0.753827
0,0,-0.629852,0.246002,0.736729
0,0,0.678527,0.723958,0.12444
0,0,-0.360259,-0.62606,0.691565
0,0,0.0754755,-0.52057,0.850476
0,0,-0.0910639,0.992941,0.0760007
0,0,-0.534606,0.299785,0.790143
0,0,0.585514,-0.317444,0.745924
0,0,0.758737,0.451417,0.469618
0,0,-0.766306,0.438405,0.469656
0,0,-0.988207,-0.0872913,0.125805
0,0,0.0666583,-0.280985,0.957394
0,0,0.341918,-0.336519,0.877409
0,0,0.971102,-0.144116,0.190241
0,0,-0.725838,0.54244,0.422987
0,0,0.002929,-0.953591,0.301091
0,0,0.683864,0.691034,0.234101
0,0,0.674672,-0.336659,0.65687
0,0,-0.336565,0.934138,0.118785
0,0,-0.414992,-0.812551,0.40932
0,0,-0.717375,-0.508642,0.476084
4.6659,6.83851,0.563467,0.252409,0.786635
0,0,-0.374083,-0.539263,0.754492
0,0,0.736307,-0.450045,0.505285
0,0,0.371014,-0.859739,0.350996
0,0,0.165434,0.790522,0.589667
0,0,-0.733442,-0.233191,0.638502
0,0,0.829882,0.143804,0.539088
0,0,0.163243,-0.90147,0.400879
0,0,-0.804545,-0.0158589,0.59368
0,0,0.650382,-0.150663,0.744516
0,0,0.281042,0.845299,0.454405
0,0,-0.45689,-0.888577,0.0410175
0,0,0.949838,0.154255,0.272053
0,0,-0.239598,-0.499668,0.832421
0,0,0.0667139,-0.123915,0.990048
0,0,-0.575817,-0.204064,0.791703
0,0,-0.166874,-0.0157633,0.985852
0,0,-0.0426988,0.998739,0.0264105
0,0,-0.698846,0.579739,0.418947
15.4693,22.4798,-0.190834,0.051563,0.980267
0,0,-0.953464,0.29747,0.0491641
0,0,-0.920876,-0.0276911,0.388872
0,0,0.367982,-0.662779,0.652161
0,0,-0.13883,-0.984247,0.109471
0,0,-0.270458,-0.541295,0.796148
0,0,0.572815,0.81968,0.00281724
0,0,-0.525768,0.435252,0.730838
0,0,0.627826,0.76591,0.138623
0,0,0.797624,-0.586019,0.142751
0,0,0.973257,-0.168619,0.156006
0,0,-0.28769,0.602062,0.74482
0,0,0.671432,0.670324,0.315983
0,0,0.966278,0.0404247,0.25431
0,0,-0.224803,-0.185007,0.95668
0,0,0.116379,-0.727748,0.675898
20.0751,31.2278,-0.703087,-0.294181,0.6474
0,0,0.125926,0.578582,0.805844
0,0,-0.698532,0.701124,0.143105
11.7379,14.7963,0.117565,0.12148,0.985607
0,0,-0.377524,-0.867147,0.324858
0,0,-0.63135,0.775485,0.00449701
0,0,-0.91401,0.405615,0.00786707
0,0,0.808877,-0.071468,0.583619
0,0,0.880383,0.474218,0.00663979
0,0,-0.595983,0.74429,0.301391
0,0,0.801006,0.063802,0.595247
0,0,-0.721156,-0.558371,0.410069
0,0,-0.633969,-0.44794,0.630423
0,0,-0.170323,0.705091,0.688358
0,0,0.663957,-0.420751,0.618167
0,0,0.346772,0.373865,0.860218
0,0,0.984014,0.154087,0.089298
0,0,0.627757,-0.730208,0.26966
0,0,-0.332993,-0.804532,0.491776
0,0,-0.42688,0.354882,0.831764
0,0,-0.776781,0.260333,0.573444
0,0,-0.187192,-0.908525,0.373553
0,0,0.653707,0.311266,0.689769
0,0,0.699355,0.566952,0.43528
0,0,-0.210484,-0.967905,0.137317
0,0,-0.262658,0.954081,0.144016
0,0,0.724675,-0.637549,0.261491
0,0,0.133793,-0.987953,0.0777768
0,0,0.585961,-0.384266,0.713435
0,0,-0.889576,0.413742,0.193577
0,0,0.856049,-0.267382,0.442366
0,0,-0.668713,-0.435528,0.602609
0,0,0.0547837,-0.880508,0.470855
0,0,0.388263,0.65831,0.644888
0,0,-0.110728,-0.905323,0.410037
0,0,-0.41203,-0.874572,0.255646
0,0,0.0371123,0.83307,0.551922
0,0,-0.31403,0.626355,0.713488
0,0,0.682388,0.0381517,0.729994
0,0,-0.146272,-0.771089,0.619699
0,0,0.139806,0.595336,0.79122
0,0,0.460795,0.264117,0.847296
0,0,-0.457796,-0.722699,0.517811
0,0,0.652322,0.734658,0.186422
0,0,-0.547913,-0.730358,0.407882
0,0,0.238623,-0.964551,0.1127
0,0,0.488047,0.845875,0.21519
0,0,-0.176301,0.930083,0.322278
0,0,0.00941759,-0.684921,0.728557
0,0,0.41677,0.125017,0.900374
0,0,-0.549275,0.835074,0.0308066
0,0,-0.581808,0.0371428,0.812478
0,0,-0.532573,0.280006,0.798726
0,0,0.88909,0.239758,0.389916
0,0,0.241004,0.970223,0.0241851
0,0,-0.769353,-0.53597,0.347609
0,0,-0.871067,-0.453964,0.187506
0,0,-0.29105,-0.468537,0.834124
0,0,0.71662,-0.238211,0.655524
0,0,0.589918,-0.789844,0.16776
0,0,-0.953498,-0.224084,0.201563
0,0,-0.700124,0.131509,0.701807
0,0,0.378003,-0.909796,0.17142
0,0,0.13545,-0.692231,0.708851
0,0,-0.633098,-0.772906,0.0424555
0,0,-0.718366,-0.695573,0.0113339
0,0,-0.527484,-0.744454,0.409327
0,0,-0.920646,-0.138841,0.364876
0,0,-0.203673,-0.978431,0.0344918
0,0,-0.0599662,-0.547902,0.834391
0,0,-0.532253,-0.808599,0.250749
0,0,-0.783235,-0.0151508,0.621541
0,0,-0.69593,0.466244,0.546167
0,0,-0.238567,-0.752707,0.61361
0,0,0.147763,-0.650252,0.74521
0,0,0.853885,-0.267024,0.446743
0,0,-0.354838,-0.69959,0.620213
0,0,-0.628421,0.675027,0.386557
0,0,-0.777085,0.250249,0.577507
0,0,0.297629,-0.904982,0.304015
0,0,-0.211643,0.808466,0.549173
0,0,0.0386068,0.661715,0.748761
0,0,0.887178,-0.402293,0.225998
0,0,-0.175847,-0.602771,0.778296
0,0,-0.436234,-0.672363,0.59802
0,0,0.568002,0.105621,0.816222
0,0,-0.351737,0.923681,0.151971
0,0,-0.722568,0.672226,0.161267
0,0,0.082192,0.0154116,0.996497
0,0,-0.933172,-0.325262,0.152952
0,0,-0.0246262,0.998573,0.047388
12.3758,19.1848,-0.42301,0.869489,0.255051
0,0,-0.422613,-0.866274,0.266398
0,0,0.716343,-0.443734,0.538473
0,0,0.722005,-0.691285,0.028888
0,0,-0.342169,0.832854,0.435057
0,0,0.740089,0.49299,0.457416
0,0,-0.635399,-0.568657,0.522395
0,0,0.219648,0.638701,0.737439
0,0,0.340202,-0.562261,0.753741
0,0,0.229752,0.3607,0.903941
0,0,0.485668,0.749632,0.449643
0,0,-0.927269,0.118845,0.355032
0,0,-0.578971,-0.739209,0.344039
0,0,-0.939679,-0.126268,0.317898
0,0,-0.728496,-0.208919,0.652415
0,0,0.0233264,-0.247864,0.968514
0,0,0.0298581,-0.93697,0.348133
0,0,0.408348,-0.147895,0.900766
0,0,0.69269,0.42338,0.583892
0,0,0.14765,-0.977002,0.153842
0,0,-0.578453,-0.504263,0.641179
0,0,-0.51682,-0.804022,0.294017
0,0,0.0426842,0.619629,0.783733
0,0,0.483025,-0.0457869,0.874408
0,0,0.481229,-0.516787,0.70806
0,0,0.112921,0.739244,0.663903
0,0,-0.724583,0.484286,0.490353
0,0,0.0439799,-0.957364,0.285517
0,0,0.600756,0.209785,0.771416
0,0,-0.268607,0.646612,0.713963
0,0,0.194216,0.46297,0.864834
0,0,0.716852,0.0507754,0.695374
0,0,0.757041,-0.378363,0.532664
0,0,0.770813,-0.625663,0.119969
0,0,-0.145258,-0.748066,0.647532
0,0,-0.863062,-0.427621,0.268822
0,0,-0.78729,-0.312174,0.531716
0,0,0.822366,-0.312572,0.475408
0,0,-0.619785,0.781241,0.0743583
0,0,-0.248928,-0.867845,0.429976
0,0,0.79294,-0.0760074,0.60454
0,0,0.321133,0.855106,0.407022
0,0,-0.0204398,0.733392,0.679499
0,0,0.543115,0.680439,0.491965
0,0,0.635186,0.569758,0.521454
0,0,-0.565836,0.754548,0.332395
0,0,0.261679,0.962058,0.0772555
0,0,-0.0296454,0.356819,0.933703
0,0,-0.0702968,0.859333,0.506561
0,0,-0.312746,0.879048,0.359811
0,0,0.596729,0.802382,0.0098503
0,0,-0.928051,-0.197683,0.315663
0,0,-0.289751,0.801785,0.522671
0,0,0.4374,0.668949,0.600989
0,0,-0.126471,-0.919377,0.372494
0,0,0.147612,0.0275619,0.988661
0,0,0.659597,-0.664064,0.352067
0,0,-0.18305,0.81489,0.549952
0,0,0.860563,-0.507265,0.0459765
0,0,-0.764096,0.0668968,0.641625
0,0,0.493566,0.303372,0.815081
23.0273,33.1221,0.387844,-0.191193,-0.901677
0,0,-0.973627,-0.226506,0.0272955
0,0,-0.784485,0.433539,0.443426
0,0,0.151875,0.6119,0.776217
0,0,0.155343,-0.856719,0.491834
0,0,-0.35483,-0.530994,0.769507
20.8133,29.206,0.864506,0.35544,0.355376
0,0,-0.52974,-0.835915,0.143599
0,0,-0.368962,-0.867314,0.334115
0,0,-0.52049,-0.843611,0.131948
0,0,-0.0263808,0.988858,0.146509
0,0,0.296291,0.788009,0.539679
0,0,-0.0988839,0.598774,0.79479
0,0,0.287151,0.952533,0.101122
0,0,0.361749,-0.060599,0.930304
0,0,0.0253348,-0.96687,0.254009
0,0,-0.875824,0.482015,0.0243777
0,0,0.809982,0.535641,0.238784
0,0,0.532292,-0.842019,0.0875741
0,0,0.947959,-0.316251,0.0368617
0,0,-0.0121693,0.729615,0.68375
0,0,-0.312144,-0.948203,0.0589755
0,0,-0.0196636,0.925861,0.377352
0,0,0.033499,-0.74511,0.6661
0,0,-0.995226,-0.0634293,0.0741694
0,0,0.685906,-0.162956,0.70921
0,0,0.259986,0.805366,0.532722
0,0,0.723082,0.674185,0.150424
0,0,-0.44443,-0.476299,0.758697
0,0,0.914279,-0.0679313,0.399348
0,0,-0.328198,0.847719,0.416724
0,0,0.3614,-0.804878,0.470703
0,0,-0.979219,-0.0239283,0.201388
0,0,-0.344818,0.818252,0.459961
0,0,0.439977,0.886854,0.141106
0,0,-0.788369,0.0123568,0.615078
0,0,0.0742184,0.996742,0.031581
0,0,0.883254,0.271539,0.382267
0,0,0.330886,-0.846993,0.416074
0,0,0.705321,0.689729,0.163693
0,0,-0.474882,0.678226,0.5608
0,0,0.355605,-0.734176,0.578386
0,0,-0.929873,0.2561,0.2641
0,0,0.772778,-0.602948,0.198161
0,0,0.259094,-0.743258,0.616796
0,0,0.874212,0.454331,0.171277
0,0,-0.036822,-0.579423,0.814195
0,0,-0.172144,-0.655705,0.735131
0,0,-0.450217,0.857949,0.247444
0,0,-0.022086,0.902613,0.429885
0,0,0.241708,0.92397,0.296405
0,0,-0.741207,-0.358859,0.567302
0,0,0.0137833,0.982986,0.183161
0,0,-0.903903,-0.233249,0.358545
0,0,-0.250425,0.495749,0.831577
0,0,-0.866158,-0.370145,0.335802
5.68282,9.11787,-0.0720169,0.573766,0.815847
0,0,-0.603805,0.142937,0.784212
0,0,0.224418,-0.544344,0.808286
0,0,-0.945665,0.0811002,0.314864
0,0,-0.639182,-0.597246,0.484503
0,0,0.80643,-0.398702,0.436701
0,0,-0.614689,0.118461,0.779823
0,0,0.314845,-0.836415,0.448646
0,0,0.00954788,0.651209,0.758839
0,0,0.0284302,-0.966971,0.253295
0,0,0.740104,0.604572,0.294513
0,0,0.267832,-0.24742,0.931155
0,0,-0.505377,0.835246,0.216699
0,0,-0.613981,0.0573758,0.787233
0,0,-0.923232,0.20538,0.324748
0,0,-0.791403,0.458619,0.404165
0,0,-0.875645,-0.467661,0.120577
0,0,-0.673963,-0.536685,0.507684
0,0,-0.727801,0.623062,0.28653
0,0,-0.789283,0.400124,0.46576
0,0,-0.564548,-0.624702,0.539475
0,0,0.926852,-0.0917352,0.364047
0,0,-0.810165,0.583959,0.0512309
0,0,-0.704144,-0.46594,0.535799
0,0,-0.334425,-0.939794,0.0703388
23.5412,33.5517,-0.788244,-0.00756619,0.615316
0,0,-0.27703,-0.956295,0.0935639
21.937,31.1392,-0.945051,-0.148456,0.291272
0,0,-0.5117,0.126775,0.84976
0,0,0.372541,-0.888931,0.266486
0,0,0.329786,0.893494,0.304812
0,0,0.905712,0.392084,0.16111
0,0,0.346975,0.815198,0.463745
0,0,0.377049,-0.769548,0.515392
0,0,0.0575979,0.513974,0.85587
0,0,0.658292,0.69296,0.294038
0,0,-0.031846,0.508085,0.860718
0,0,-0.629253,-0.192682,0.752937
0,0,-0.924798,-0.266497,0.271528
0,0,0.406474,0.864436,0.295854
0,0,-0.217324,-0.237685,0.946718
0,0,-0.410503,0.430005,0.804104
18.5546,24.6491,-0.156,0.315347,0.936067
0,0,0.768457,0.571323,0.28821
0,0,0.12153,-0.747448,0.653109
0,0,-0.382782,-0.737935,0.555814
0,0,-0.870599,-0.46638,0.156675
0,0,0.0497105,0.37299,0.926503
0,0,0.270323,-0.766746,0.58226
0,0,0.688864,0.406539,0.60016
0,0,0.633664,0.76998,0.0748339
0,0,-0.936481,-0.284894,0.204546
0,0,0.884064,0.342759,0.317723
0,0,0.990221,0.139423,0.00487151
0,0,-0.044764,0.635109,0.771125
0,0,-0.145394,0.710098,0.688928
0,0,0.871912,-0.489074,0.0240003
0,0,0.851988,-0.463186,0.24408
0,0,-0.290389,0.465408,0.836104
14.6635,19.9296,-0.585975,-0.680697,0.439643
0,0,0.910687,-0.0675011,0.407545
0,0,-0.0727659,-0.990378,0.117712
0,0,-0.929604,0.367365,0.0296581
0,0,0.136187,-0.861931,0.488394
0,0,0.457568,-0.729582,0.508274
0,0,0.822713,0.544225,0.164202
0,0,-0.766507,0.607622,0.207997
0,0,-0.331847,-0.671752,0.662289
0,0,-0.551414,-0.423491,0.718747
0,0,-0.338176,0.811038,0.477341
0,0,0.347294,0.787871,0.508573
0,0,0.937249,0.34825,0.016912
0,0,-0.63295,0.761828,0.137815
0,0,0.109951,0.989599,0.0927654
0,0,-0.948009,0.309578,0.0737578
0,0,-0.414219,0.88658,0.205911
0,0,0.693944,-0.0218156,0.719698
23.219,33.4556,-0.0368404,-0.084498,0.995742
0,0,-0.211757,-0.0225859,0.977061
0,0,0.480443,0.608082,0.631989
0,0,0.046869,0.916376,0.397564
0,0,0.502935,0.587381,0.634066
0,0,-0.850882,0.354126,0.388065
0,0,0.203696,0.960404,0.190083
0,0,0.906307,-0.232573,0.35287
0,0,-0.930013,0.274168,0.244759
0,0,0.637472,-0.610485,0.470041
0,0,-0.435758,-0.475245,0.764367
0,0,-0.300241,-0.452144,0.839894
0,0,0.343127,-0.793531,0.502567
0,0,0.335902,0.38935,0.857658
0,0,-0.586335,-0.682445,0.43644
0,0,-0.900131,-0.410699,0.145225
0,0,0.675391,-0.737296,0.0155453
0,0,0.73668,-0.525914,0.425108
0,0,-0.593278,0.0659528,0.802291
0,0,0.0512825,-0.944116,0.3256
0,0,-0.263182,-0.946993,0.184227
0,0,-0.292829,0.428071,0.854989
0,0,0.710725,0.676299,0.193623
0,0,-0.774479,-0.474253,0.418647
0,0,-0.880125,-0.474725,0.00397864
0,0,-0.729765,0.479542,0.487321
0,0,-0.779227,0.625018,0.0464596
0,0,-0.999154,-0.00307543,0.0410037
0,0,-0.35807,0.420337,0.833728
0,0,-0.951776,-0.30459,0.0367117
0,0,0.30199,0.189054,0.934377
0,0,0.33974,-0.747039,0.57141
0,0,-0.773246,0.581841,0.252094
0,0,-0.279216,-0.401299,0.872352
0,0,-0.218188,0.572702,0.790194
0,0,-0.218272,0.2891,0.932083
0,0,0.194245,-0.597825,0.777736
0,0,-0.870342,-0.228915,0.436007
0,0,-0.768621,0.600858,0.219525
0,0,-0.510411,-0.493862,0.703975
0,0,0.775257,-0.42479,0.467471
0,0,-0.458563,0.152137,0.875542
0,0,0.302534,-0.424202,0.853537
0,0,-0.0168031,-0.993383,0.113614
24.0938,34.1985,-0.983823,-0.140914,0.110617
0,0,0.288648,0.771714,0.566692
0,0,0.938493,-0.248701,0.23954
0,0,-0.269448,0.552783,0.788561
0,0,-0.532096,-0.81273,0.237369
0,0,0.200243,0.0206022,0.97953
0,0,0.0526874,0.561924,0.825509
0,0,-0.753888,-0.473665,0.455296
0,0,0.0448074,-0.316333,0.947589
0,0,0.542426,0.840094,0.0039624
0,0,-0.490244,-0.482109,0.726108
0,0,-0.757109,-0.473511,0.450082
0,0,0.760355,-0.518001,0.391835
0,0,0.884485,0.323276,0.336422
0,0,0.950872,-0.0014211,0.30958
0,0,0.314455,-0.877597,0.361858
0,0,-0.587163,-0.118426,0.800759
0,0,0.10572,-0.98343,0.147268
0,0,-0.990542,-0.132225,0.0366559
0,0,0.641768,0.39796,0.655562
0,0,0.457814,0.41905,0.784094
0,0,-0.341369,-0.266705,0.901297
0,0,0.431138,0.885329,0.174104
0,0,0.297273,0.677519,0.672753
0,0,-0.582994,0.797906,0.153179
0,0,0.690842,0.65194,0.312587
0,0,0.732085,0.632439,0.253126
0,0,0.00723051,0.764147,0.645002
0,0,-0.72185,0.651792,0.232593
0,0,0.707253,-0.381659,0.595088
0,0,-0.304983,0.368218,0.878294
0,0,0.00588358,-0.984133,0.177333
0,0,-0.593828,-0.615375,0.518345
0,0,-0.440453,-0.63945,0.630162
0,0,-0.385876,-0.0223824,0.922279
0,0,-0.894894,0.220961,0.387739
0,0,0.0136776,-0.045438,0.998874
0,0,0.0393485,-0.638471,0.768639
0,0,0.353801,-0.368193,0.859802
0,0,0.0563324,-0.995276,0.0790757
0,0,0.8175,0.14012,0.558624
0,0,0.394445,0.384525,0.834598
0,0,0.312075,-0.497762,0.809223
0,0,-0.349511,-0.257355,0.900894
0,0,0.2131,0.444706,0.869957
0,0,-0.0607675,0.433002,0.899342
0,0,-0.717238,-0.46482,0.519146
21.5523,29.1649,0.0493587,0.373034,0.926504
0,0,0.235714,0.892645,0.384218
0,0,-0.885976,0.384653,0.259015
0,0,-0.683574,-0.66057,0.310441
0,0,-0.787499,-0.555239,0.267498
0,0,-0.350904,-0.739713,0.574187
0,0,-0.146807,0.374639,0.915475
0,0,0.482199,0.143453,0.864237
0,0,-0.174627,-0.497465,0.849726
0,0,-0.966706,0.199989,0.159636
0,0,-0.314398,-0.0688139,0.946794
0,0,0.996084,0.0883058,0.00436423
0,0,0.764278,-0.200015,0.613086
0,0,0.0717,-0.995384,0.0637895
0,0,0.725077,0.508025,0.464945
0,0,0.39833,0.867642,0.297542
0,0,0.249192,-0.496881,0.831271
0,0,0.920764,-0.390066,0.00648841
0,0,-0.770165,-0.587267,0.248924
0,0,-0.150084,0.0410594,0.98782
0,0,0.444644,-0.894695,0.0425816
0,0,-0.715834,0.0963612,0.691589
0,0,-0.549203,0.445259,0.707192
0,0,-0.109264,-0.876326,0.469164
0,0,0.15987,0.768087,0.620068
0,0,0.940413,0.202725,0.272994
0,0,-0.661282,-0.661439,0.353843
0,0,-0.740543,-0.522795,0.422233
18.851,28.3175,-0.685977,0.504283,0.524532
0,0,0.617452,0.786103,0.0281991
0,0,0.626139,0.11187,0.771644
0,0,-0.881198,-0.459476,0.111231
0,0,0.595138,-0.355202,0.720862
0,0,0.834549,0.402736,0.375941
0,0,-0.386745,0.232834,0.89231
0,0,-0.368231,-0.159806,0.915897
0,0,-0.513829,0.458067,0.725365
0,0,-0.625831,-0.278051,0.728713
0,0,0.461887,0.87425,0.14949
0,0,-0.424761,0.790507,0.441222
0,0,0.830577,0.336956,0.443398
8.02303,10.5205,0.312908,-0.0277379,0.949378
0,0,-0.198089,0.803982,0.560691
0,0,-0.774241,-0.399819,0.490608
0,0,-0.589665,-0.807548,0.0127216
0,0,0.723924,0.294709,0.623763
0,0,0.976009,-0.131545,0.173503
0,0,-0.988069,0.0409766,0.148461
18.6838,24.4145,0.985709,-0.0437279,0.16268
0,0,0.133181,-0.98377,0.120248
0,0,0.396965,-0.462086,0.793029
0,0,-0.728171,-0.339457,0.59543
0,0,0.656685,0.73692,0.160355
0,0,-0.225601,-0.286662,0.93109
0,0,-0.843677,0.365411,0.3933
0,0,-0.0251325,0.889531,0.456183
0,0,-0.238168,0.875372,0.420714
0,0,0.491791,0.86647,0.0858536
0,0,0.856462,-0.259636,0.446164
0,0,-0.727683,-0.683592,0.0563858
0,0,0.998224,0.0445612,0.0395384
0,0,-0.643524,0.166398,0.74712
0,0,0.197169,-0.741399,0.641445
0,0,-0.429477,-0.119891,0.895084
0,0,-0.657225,0.705181,0.266037
0,0,0.414165,0.87997,0.232638
0,0,-0.65373,0.0918442,0.751134
0,0,-0.501945,-0.847242,0.173874
0,0,0.612112,-0.522493,0.593565
0,0,-0.15281,-0.345766,0.925794
0,0,0.494031,0.824836,0.274917
0,0,0.569149,0.61547,0.545221
0,0,-0.832557,0.553674,0.0171789
0.147651,0.0538884,0.48531,0.0582405,0.8724
0,0,0.417223,0.352378,0.837708
0,0,0.548297,-0.836239,0.00863297
0,0,0.806878,0.38584,0.447298
0,0,-0.749598,-0.602488,0.274063
0,0,0.967815,0.0837618,0.237315
0,0,0.333241,-0.418699,0.844773
0,0,-0.457584,0.427184,0.779828
0,0,-0.229065,-0.0447932,0.97238
0,0,-0.429175,0.870071,0.242457
0,0,-0.226338,-0.235747,0.94509
0,0,0.316161,-0.621533,0.716756
0,0,0.648516,0.751505,0.121107
0,0,-0.69848,-0.516,0.495853
0,0,0.641844,-0.754444,0.137295
0,0,0.417162,-0.537341,0.732967
0,0,0.3305,-0.916036,0.227262
0,0,-0.363524,0.716865,0.59494
0,0,-0.378468,0.880238,0.286257
0,0,-0.967061,-0.177465,0.182479
0,0,0.192905,-0.738314,0.646281
0,0,0.896474,-0.12743,0.424377
0,0,-0.715327,0.410063,0.565824
0,0,0.939273,0.241464,0.243848
0,0,-0.592256,-0.801268,0.0848696
0,0,-0.122925,-0.966192,0.226635
0,0,0.958768,-0.280822,0.0436268
0,0,-0.892819,0.435008,0.116797
0,0,0.134737,0.990834,0.00964597
0,0,0.152858,0.495238,0.855204
0,0,0.0864885,0.19976,0.97602
0,0,0.853038,-0.378747,0.358996
0,0,-0.060289,0.393957,0.917149
0,0,-0.275447,-0.94531,0.174694
0,0,-0.925811,-0.240652,0.291481
0,0,0.0233496,-0.945658,0.324323
0,0,-0.830507,-0.505648,0.233619
0,0,0.37636,0.530135,0.75981
0,0,0.859952,-0.332628,0.387092
0,0,-0.925231,-0.283705,0.251909
0,0,-0.694451,-0.454986,0.557428
0,0,-0.169287,0.158015,0.972817
0,0,0.980605,0.163706,0.107769
0,0,-0.630019,0.235778,0.739922
0,0,-0.171926,-0.91676,0.360545
12.462,18.4604,-0.105839,-0.392786,0.913519
0,0,-0.686411,0.451102,0.570392
0,0,-0.738277,-0.111797,0.665168
0,0,0.0662166,0.459423,0.885746
0,0,0.348125,0.502345,0.791491
0,0,-0.415751,-0.80914,0.415263
0,0,-0.502387,-0.852498,0.144411
0,0,-0.593062,-0.75871,0.269513
0,0,0.376537,-0.750489,0.543126
0,0,-0.769952,-0.388532,0.506178
0,0,0.49656,-0.321895,0.806109
0,0,-0.692794,-0.720534,0.0294406
0,0,0.986421,-0.0815028,0.142587
0,0,0.0668125,0.97128,0.228366
0,0,-0.313728,-0.51975,0.794629
0,0,0.223987,-0.723594,0.652872
0,0,-0.677941,-0.644116,0.354273
0,0,0.231173,-0.942859,0.239951
0,0,0.787684,0.301916,0.537029
0,0,0.342763,0.933949,0.101259
0,0,0.463973,-0.261514,0.846368
0,0,-0.146213,0.455414,0.878191
0,0,0.00199128,-0.293639,0.955914
0,0,-0.323193,-0.946123,0.0199642
0,0,-0.577156,0.321059,0.750874
0,0,-0.117168,0.719925,0.68409
0,0,-0.778057,-0.366681,0.510071
0,0,-0.472608,0.522407,0.709742
0,0,-0.510857,-0.857238,0.0645665
0,0,0.737897,-0.521403,0.42854
0,0,-0.475574,0.861442,0.178177
0,0,-0.703252,0.586759,0.401435
0,0,0.037115,0.670599,0.740891
0,0,-0.794215,-0.116005,0.596461
0,0,0.633035,-0.696085,0.338723
0,0,0.388061,0.182658,0.903352
0,0,0.222633,0.172042,0.959602
0,0,0.6474,-0.55151,0.526032
0,0,-0.317654,-0.844831,0.430531
0,0,0.210059,-0.784812,0.583049
0,0,0.356206,0.296443,0.886137
0,0,0.162583,0.969387,0.183997
0,0,-0.108907,-0.518685,0.848
0,0,0.241938,0.897516,0.36869
0,0,-0.672729,-0.5955,0.439107
0,0,0.52912,-0.775024,0.345498
0,0,-0.245888,0.91493,0.320067
0,0,0.123936,0.984099,0.127237
0,0,0.699607,0.643186,0.311225
0,0,0.571655,0.689277,0.445092
0,0,-0.50062,0.850945,0.158971
0,0,0.4968,0.285827,0.819446
0,0,0.366671,-0.316666,0.8748
0,0,0.478773,-0.00549064,0.877921
0,0,0.933224,-0.115794,0.340125
0,0,-0.74932,0.364356,0.552959
0,0,-0.880248,-0.428768,0.203277
0,0,0.368951,0.748112,0.551546
0,0,-0.830984,-0.434018,0.347986
0,0,-0.765164,-0.617149,0.183441
0,0,-0.322862,0.916633,0.235678
0,0,0.746192,0.147803,0.649116
0,0,0.203084,0.319691,0.925502
0,0,0.599694,-0.773913,0.203533
0,0,0.399444,-0.292145,0.868962
0,0,-0.934901,-0.178117,0.306977
0,0,0.364399,-0.760654,0.537233
0,0,0.727438,-0.385576,0.567596
0,0,-0.138322,0.418981,0.897397
0,0,-0.411293,0.549655,0.72713
0,0,-0.77262,0.632225,0.0578695
4.14754,5.74688,0.328593,0.15532,0.931613
0,0,0.124459,-0.288113,0.949474
0,0,-0.245618,-0.822821,0.512482
0,0,0.307178,0.531227,0.789582
0,0,-0.0897452,0.340326,0.936015
0,0,0.828169,-0.292557,0.478066
0,0,-0.13049,0.987846,0.084456
0,0,0.15313,-0.46669,0.871064
0,0,0.641614,-0.720809,0.262235
0,0,0.16403,0.519785,0.838402
0,0,-0.214562,-0.440948,0.871509
0,0,-0.848572,-0.273417,0.452955
0,0,0.94602,0.184882,0.266205
0,0,-0.250762,0.828327,0.500992
0,0,0.411468,0.885964,0.213921
0,0,-0.515652,0.271676,0.812585
0,0,0.60795,-0.259221,0.750468
0,0,-0.495851,-0.581405,0.645058
0,0,-0.844132,0.444249,0.300141
0,0,0.943459,-0.148215,0.29651
0,0,0.98948,-0.0413565,0.138633
0,0,-0.471042,0.798057,0.375799
0,0,-0.785081,-0.502895,0.361585
0,0,0.991108,-0.123628,0.049203
0,0,0.595855,-0.344772,0.72532
0,0,-0.550328,-0.751057,0.364763
0,0,0.675363,0.091798,0.73175
0,0,0.225231,-0.618771,0.752591
0,0,0.657652,0.733268,0.172662
0,0,-0.770489,-0.563599,0.297829
0,0,-0.321556,0.208178,0.923723
0,0,-0.658344,0.0869845,0.747675
0,0,-0.254482,-0.766132,0.590152
0,0,-0.369191,0.311737,0.87551
0,0,-0.0198547,-0.786722,0.616988
0,0,-0.583692,-0.18329,0.791018
0,0,-0.34951,0.482401,0.803201
0,0,0.739784,0.650582,0.171649
0,0,0.0849951,0.384644,0.919143
0,0,-0.305447,0.736829,0.603147
0,0,-0.161015,-0.863843,0.477336
0,0,0.860032,0.367661,0.353794
0,0,-0.0716179,0.84412,0.53135
0,0,-0.505193,-0.0634038,0.860674
0,0,-0.677747,-0.637303,0.366748
0,0,0.877458,0.261342,0.402204
0,0,-0.373564,-0.807561,0.456393
0,0,-0.907451,-0.123103,0.401719
0,0,-0.128671,0.130705,0.983036
0,0,0.258105,0.315208,0.91325
0,0,0.0794162,0.858579,0.506494
0,0,-0.895985,0.174313,0.408442
0,0,-0.924808,0.357618,0.129766
0,0,0.455244,-0.684625,0.569246
0,0,-0.379958,0.852587,0.358786
8.21393,11.5438,0.0420246,0.849342,0.526168
0,0,-0.453806,-0.338417,0.824338
0,0,-0.201176,0.594668,0.778395
0,0,0.555279,0.588242,0.587909
0,0,0.211491,-0.412358,0.886134
0,0,-0.966938,0.130368,0.21917
0,0,-0.348681,-0.0423486,0.936284
0,0,0.910979,0.399232,0.103594
0,0,-0.512197,0.776777,0.366432
0,0,0.368878,0.176333,0.912598
0,0,-0.333439,0.581775,0.74186
8.91359,14.2232,0.799113,-0.601176,-0.00229249
0,0,-0.0737333,-0.923948,0.375344
0,0,0.682086,-0.258065,0.684223
0,0,0.738743,0.535779,0.408899
0,0,0.256514,0.747185,0.613119
0,0,-0.169445,0.639873,0.749567
0,0,-0.847159,-0.469527,0.248731
0,0,0.528247,-0.481294,0.699508
0,0,0.791861,0.0324116,0.609841
0,0,0.628011,-0.777389,0.0356269
0,0,-0.214734,-0.970645,0.108342
0,0,-0.392241,-0.118459,0.912203
0,0,0.99749,0.00213866,0.0707783
15.8598,24.0757,-0.428597,-0.19817,0.881495
0,0,0.770906,-0.498604,0.396357
0,0,0.424775,0.0489678,0.903973
0,0,0.966248,0.0445722,0.253728
0,0,0.738532,-0.562174,0.372197
0,0,0.892867,0.272039,0.358864
0,0,0.824812,0.325329,0.462434
0,0,-0.702444,0.228854,0.673943
0,0,-0.137032,0.567593,0.811826
0,0,-0.990941,-0.0407468,0.127969
0,0,0.854401,-0.39664,0.335671
0,0,-0.978428,-0.177929,0.104972
0,0,-0.606724,-0.543772,0.579825
0,0,-0.586462,0.775303,0.23445
0,0,-0.242675,0.94215,0.231218
0,0,-0.0144813,-0.81515,0.579069
0,0,0.264514,-0.934771,0.237141
0,0,0.904375,-0.415345,0.0979498
0,0,0.463836,-0.439841,0.769023
0,0,-0.643949,0.740476,0.192418
0,0,0.342629,0.382451,0.858101
0,0,-0.481305,0.0341045,0.875889
0,0,0.696621,-0.651713,0.299981
0,0,0.631881,-0.177153,0.754549
0,0,-0.184122,0.32261,0.928451
0,0,-0.00535295,-0.135258,0.990796
0,0,0.558793,-0.632657,0.536187
0,0,0.635482,0.403636,0.65821
0,0,-0.107017,-0.980443,0.165161
0,0,0.437128,0.497233,0.749452
0,0,-0.197189,0.979426,0.0429196
0,0,0.512275,0.396721,0.7617
0,0,-0.55163,0.815109,0.176924
0,0,0.251011,0.562549,0.787739
0,0,0.349279,-0.535408,0.768988
0,0,0.805883,0.245756,0.538662
0,0,-0.984426,0.160586,0.0715337
0,0,-0.908889,-0.273712,0.314648
0,0,-0.927722,-0.367529,0.0652189
0,0,0.900297,0.434792,0.0205343
0,0,-0.167662,-0.98515,0.0370009
0,0,-0.0350846,0.460264,0.887089
0,0,-0.809155,-0.379394,0.448697
0,0,0.843468,0.536016,0.0353397
0,0,-0.0312175,0.314264,0.948822
0,0,-0.670379,-0.742007,0.00432867
0,0,-0.0303811,-0.840723,0.540613
0,0,-0.575698,0.353905,0.737105
0,0,-0.768903,0.630713,0.104834
0,0,-0.0248957,-0.82205,0.568871
0,0,-0.406103,0.78463,0.468441
0,0,0.00346263,0.999434,0.0334757
0,0,0.801961,-0.114877,0.586226
0,0,-0.605086,-0.212798,0.767195
0,0,0.866282,0.107537,0.487844
0,0,0.518276,0.0728923,0.852101
0,0,0.98589,-0.100143,0.134132
0,0,-0.779396,0.218453,0.587214
0,0,0.741329,-0.633793,0.220765
0,0,0.968604,0.0337782,0.246305
0,0,-0.519029,0.854318,0.0273733
0,0,0.944069,-0.11185,0.310198
0,0,0.134857,-0.743117,0.655432
0,0,-0.0708125,-0.860883,0.503852
0,0,-0.985546,0.0449037,0.163347
0,0,-0.958308,-0.284022,0.0312492
0,0,-0.490715,-0.871102,0.0195034
0,0,-0.472286,-0.65005,0.595299
0,0,0.981846,-0.125924,0.141853
0,0,-0.245351,-0.367793,0.896956
0,0,-0.942205,0.282111,0.180729
19.8712,27.6859,-0.0978759,-0.463515,0.880667
0,0,-0.834438,-0.38991,0.389465
0,0,-0.304718,0.853452,0.422808
0,0,-0.834509,0.071656,0.546316
0,0,-0.438161,-0.608538,0.661586
0,0,-0.806683,-0.587814,0.0611288
0,0,-0.662083,0.225917,0.714568
0,0,-0.34523,0.0388007,0.937716
0,0,0.677913,0.213349,0.703503
0,0,0.734759,-0.485596,0.47363
0,0,-0.923186,0.265567,0.277851
0,0,0.578731,0.62874,0.519382
0,0,0.797128,-0.552499,0.243582
0,0,-0.939114,0.276085,0.204553
0,0,-0.485542,0.874113,0.0132421
0,0,0.0645075,0.543417,0.836981
0,0,0.483167,-0.0988036,0.869935
0,0,0.553984,-0.462704,0.692103
0,0,-0.468284,-0.693088,0.548032
0,0,0.345985,0.863651,0.366609
0,0,-0.508749,-0.100784,0.854995
0,0,0.0250221,0.988331,0.150253
0,0,0.599542,-0.613217,0.514309
0,0,-0.805299,0.513432,0.296447
0,0,-0.0775144,0.535186,0.841171
0,0,0.436951,-0.354749,0.826576
20.6248,29.3075,0.886746,-0.444697,0.126195
0,0,0.843125,-0.535583,0.0478692
0,0,-0.517674,-0.288813,0.805357
0,0,0.161697,-0.973649,0.160817
0,0,0.755921,-0.573129,0.316396
0,0,0.56264,0.0884444,0.821958
0,0,-0.431814,0.810549,0.395661
0,0,-0.268645,-0.689326,0.6728
0,0,0.7737,0.633522,0.00616247
0,0,0.159774,-0.922499,0.351379
0,0,-0.786936,-0.579657,0.211494
0,0,0.124267,0.984772,0.12158
6.16719,8.6656,0.368735,-0.420046,0.829214
0,0,0.253574,0.584018,0.771119
0,0,-0.624457,0.0686172,0.778039
0,0,-0.392597,-0.43232,0.811768
0,0,-0.578227,0.541237,0.610505
0,0,0.255534,0.809701,0.528286
0,0,-0.212679,-0.103237,0.971653
0,0,-0.210767,-0.688998,0.69344
0,0,-0.642541,0.317359,0.697442
0,0,0.654674,-0.136013,0.743574
0,0,-0.488028,0.707707,0.510861
0,0,-0.691138,-0.37039,0.620596
0,0,0.685503,0.532068,0.496981
0,0,0.777229,-0.595298,0.2038
0,0,-0.38262,0.837806,0.389464
0,0,0.074459,-0.993017,0.0915044
0,0,0.708913,0.303502,0.636654
0,0,-0.24571,-0.180974,0.9523
0,0,0.618619,0.0677997,0.78276
0,0,0.275092,0.722858,0.633877
0,0,-0.999303,0.0370477,0.00465808
0,0,-0.395258,-0.880452,0.261869
0,0,-0.0879906,0.497643,0.862907
0,0,0.512937,-0.69051,0.509991
0,0,0.682762,0.687584,0.247112
0,0,-0.834491,-0.0315397,0.550119
0,0,-0.831992,-0.540969,0.123047
0,0,0.305739,0.783648,0.540758
0,0,-0.332393,0.818629,0.46836
0,0,0.75888,-0.398197,0.515306
0,0,-0.469733,0.489076,0.734953
0,0,0.785695,-0.359138,0.503689
0,0,-0.658589,-0.729526,0.184533
0,0,0.260106,0.961914,0.0840632
0,0,0.0743246,-0.496005,0.865133
0,0,-0.627662,0.534387,0.566102
0,0,0.844367,0.535471,0.017777
0,0,-0.776696,0.349068,0.524303
0,0,-0.261227,-0.103483,0.959714
0,0,0.853591,0.15383,0.497713
0,0,0.862568,-0.505775,0.0130053
0,0,-0.819391,-0.54795,0.168372
0,0,-0.274091,0.165401,0.947374
0,0,0.418877,0.767496,0.485275
0,0,0.827746,-0.557757,0.061179
0,0,0.900689,-0.378383,0.213506
0,0,-0.469481,-0.161612,0.868026
0,0,0.264932,-0.860163,0.43581
0,0,-0.781839,-0.536718,0.317272
0,0,-0.409595,0.637033,0.653009
0,0,-0.0407103,0.998807,0.0269522
0,0,-0.456608,0.889621,0.00917655
0,0,0.329143,-0.9016,0.280681
0,0,-0.301325,-0.949848,0.0836116
0,0,-0.326531,0.280571,0.902584
20.1237,29.9135,0.962711,0.0783845,-0.258926
0,0,0.356111,0.924786,0.133997
0,0,-0.710141,0.70278,0.0424254
0,0,-0.552022,0.386284,0.738956
0,0,-0.72189,-0.691294,0.0314064
0,0,-0.706017,0.67966,0.199005
0,0,0.746113,-0.0573719,0.663343
0,0,0.500427,-0.622701,0.601511
0,0,-0.0504014,-0.881031,0.470366
0.806471,1.34584,0.156365,-0.124538,0.979816
0,0,-0.702019,-0.697519,0.143655
0,0,-0.858048,0.222236,0.462995
0,0,0.557459,0.653668,0.511818
1.45029,2.60692,0.229105,0.577306,0.783727
0,0,0.70169,0.669519,0.243671
0,0,-0.302351,0.938583,0.166271
0,0,0.935012,-0.131922,0.329163
0,0,0.668245,0.65421,0.3542
0,0,0.136692,-0.465232,0.874571
0,0,-0.499131,0.298769,0.813392
0,0,-0.696301,0.13181,0.705543
0,0,-0.790193,0.598952,0.12981
0,0,-0.458129,0.871638,0.174257
0,0,-0.527029,0.848476,0.0482623
0,0,0.678048,0.334776,0.654351
0,0,-0.612457,-0.551223,0.566612
0,0,0.167564,0.11374,0.979278
0,0,0.663803,-0.190638,0.723203
0,0,0.420733,0.899652,0.116664
0,0,0.753684,-0.609006,0.247127
0,0,0.457106,0.593543,0.66239
0,0,0.931598,-0.362778,0.0227382
0,0,-0.334977,0.934044,0.123902
0,0,-0.809975,-0.0632732,0.583041
0,0,0.156325,-0.558228,0.814827
0,0,-0.464384,0.667722,0.581803
0,0,-0.612924,-0.383886,0.69062
0,0,-0.534202,-0.00846937,0.845314
0,0,0.897526,0.219117,0.382667
0,0,-0.699492,0.670535,0.247171
0,0,-0.610479,-0.767923,0.193931
0,0,-0.365906,0.135453,0.920742
0,0,-0.257801,0.863606,0.43327
0,0,-0.175451,0.968365,0.177441
0,0,-0.707919,0.646465,0.284489
0,0,-0.0922984,-0.984455,0.149428
0,0,-0.42537,-0.204591,0.881591
0,0,0.981459,0.136232,0.134832
0,0,-0.513062,0.432473,0.741441
0,0,0.841428,-0.496033,0.214358
0,0,-0.813409,-0.451901,0.366268
0,0,-0.0147688,0.0962491,0.995248
0,0,-0.644889,0.434922,0.628459
0,0,-0.369997,0.438607,0.818979
0,0,-0.932017,-0.34549,0.109459
0,0,0.658879,0.16117,0.734781
0,0,0.592068,0.0607295,0.803596
0,0,-0.593252,-0.68673,0.420065
0,0,0.530144,-0.200412,0.823883
0,0,-0.210223,-0.0259349,0.977309
0,0,0.336838,-0.0336592,0.940961
0,0,-0.905118,-0.131646,0.404266
0,0,0.439397,0.826899,0.350954
0,0,0.424346,0.0338477,0.904867
0,0,-0.298655,0.72635,0.619048
0,0,-0.668284,-0.712777,0.212947
0,0,-0.0487138,0.421744,0.905405
0,0,-0.481951,-0.166237,0.860284
0,0,0.288537,0.821617,0.491622
0,0,-0.155195,-0.294916,0.942836
0,0,0.365085,0.682989,0.632645
0,0,0.603172,0.576674,0.551027
0,0,0.57995,0.614334,0.535025
0,0,-0.643165,0.502653,0.577649
0,0,0.508302,0.595312,0.62228
0,0,-0.887574,-0.354613,0.294046
0,0,-0.58013,0.272896,0.767448
0,0,0.759992,-0.647744,0.0532848
0,0,0.514189,0.734246,0.443275
0,0,-0.348724,-0.231491,0.908187
0,0,-0.792671,0.51448,0.327083
0,0,0.277493,-0.684743,0.673888
0,0,0.20085,-0.606603,0.769215
0,0,-0.913043,-0.397587,0.0909789
0,0,-0.882258,-0.470502,0.0157548
0,0,-0.349407,0.596742,0.722367
0,0,-0.926371,0.0335056,0.375119
0,0,0.480522,0.790514,0.379718
0,0,-0.181949,0.617648,0.765118
0,0,0.819904,0.553555,0.146062
0,0,0.16594,-0.213546,0.962737
0,0,-0.270546,-0.169702,0.947632
0,0,0.721092,-0.689603,0.0668914
0,0,0.748413,0.663185,0.00798924
0,0,-0.722494,0.676698,0.141711
0,0,0.9024,0.12435,0.412566
0,0,-0.358787,0.645567,0.674177
0,0,-0.582424,0.450123,0.676884
0,0,-0.701156,0.387929,0.59824
0,0,0.804247,-0.103121,0.58528
0,0,0.482577,0.660744,0.574923
0,0,-0.496616,0.842872,0.207216
0,0,-0.864612,0.193663,0.463617
23.4449,34.5242,0.58494,0.352476,0.730484
0,0,0.338301,-0.287796,0.89595
0,0,0.475773,0.864449,0.162383
0,0,-0.480837,-0.661209,0.575846
0,0,-0.704893,-0.0738375,0.70546
0,0,0.961591,0.0181729,0.273883
0,0,-0.492806,-0.698011,0.519541
0,0,0.410186,-0.508688,0.756957
0,0,0.989645,0.143518,0.00223956
0,0,0.494961,-0.780553,0.381773
0,0,0.765005,-0.49388,0.41334
0,0,-0.937451,-0.0850928,0.337556
0,0,-0.202293,0.569733,0.796543
0,0,-0.430956,-0.899656,0.0699694
0,0,-0.363443,0.606236,0.70738
0,0,-0.358496,-0.770864,0.526545
0,0,0.558052,0.678555,0.47764
0,0,0.148238,0.981179,0.123746
0,0,-0.753858,-0.429038,0.497619
0,0,0.655129,-0.681035,0.327105
0,0,-0.55436,-0.0930783,0.827056
0,0,-0.658219,-0.337138,0.673116
0,0,0.770259,-0.589012,0.24447
0,0,0.702299,0.471709,0.533167
0,0,0.668752,0.0784087,0.739339
0,0,-0.486975,-0.613859,0.621316
0,0,0.508327,-0.264299,0.819603
0,0,-0.652365,0.695573,0.300997
0,0,0.75851,-0.51712,0.396547
0,0,-0.933511,0.319658,0.162407
0,0,0.885212,0.389215,0.254778
19.5882,26.5812,-0.438607,0.8859,-0.151012
0,0,0.00471649,0.913709,0.406341
0,0,0.490984,-0.860668,0.13485
0,0,0.230123,0.778065,0.584515
0,0,-0.32436,-0.850746,0.413548
0,0,0.550713,0.397049,0.734212
0,0,-0.249578,0.777682,0.576994
0,0,0.00456258,-0.74689,0.664932
0,0,0.342641,-0.328728,0.880077
0,0,0.293575,0.391639,0.872028
0,0,-0.742085,0.0284013,0.669704
0,0,-0.949322,0.281693,0.139412
0,0,0.15523,-0.707481,0.689474
0,0,-0.207493,0.68344,0.699898
0,0,0.643769,0.385636,0.660943
0,0,0.574141,0.00305113,0.818751
0,0,-0.740315,0.596259,0.310497
0,0,-0.257556,-0.392798,0.882822
0,0,-0.994707,0.0339892,0.0969665
0,0,0.609391,-0.0948009,0.787182
0,0,0.586702,-0.524834,0.61671
0,0,0.405094,0.831273,0.380637
0,0,-0.906502,-0.263877,0.329579
0,0,-0.157827,0.578463,0.800294
0,0,-0.322692,0.360742,0.875063
4.42027,7.6341,-0.0743161,0.496255,0.86499
0,0,-0.0374795,0.362734,0.931139
0,0,-0.390654,0.914867,0.102019
0,0,0.171868,0.642526,0.746741
0,0,0.291645,-0.387727,0.874421
0,0,-0.202366,0.933192,0.296986
0,0,0.350644,0.438847,0.827323
0,0,-0.873773,-0.474915,0.104766
0,0,0.397607,0.746732,0.533198
0,0,0.850915,-0.414895,0.32219
0,0,-0.867665,0.354213,0.348842
0,0,0.470608,-0.628201,0.61959
0,0,-0.191152,-0.822718,0.535347
0,0,0.751369,-0.639856,0.161336
0,0,0.586272,-0.681219,0.438436
0,0,-0.238113,0.637581,0.732661
0,0,0.888977,-0.0841325,0.450157
0,0,-0.186667,0.979354,0.0775972
0,0,0.703576,-0.351257,0.617737
0,0,0.325042,0.260089,0.909231
0,0,-0.0159486,0.367907,0.929726
0,0,0.441042,-0.588536,0.677574
0,0,-0.31488,-0.276314,0.908021
0,0,-0.968608,-0.201855,0.145096
0,0,-0.951786,0.17353,0.252964
0,0,-0.710188,0.332508,0.620541
0,0,-0.542603,-0.492372,0.680552
0,0,-0.990391,-0.0747223,0.116374
0,0,-0.984067,-0.0923418,0.151935
0,0,0.499304,0.665131,0.555244
0,0,-0.741494,-0.26449,0.616629
0,0,-0.786444,-0.608249,0.107418
0,0,0.868092,0.480608,0.124229
0,0,-0.410825,-0.905202,0.108775
0,0,-0.470136,0.836664,0.281008
0,0,-0.751782,-0.312896,0.580448
0,0,0.230047,-0.38327,0.894529
0,0,-0.547827,0.421322,0.722754
0,0,-0.474789,-0.784983,0.397967
0,0,0.279173,-0.937853,0.206142
0,0,-0.905799,-0.421807,0.0400878
4.03288,4.9185,0.160771,0.102173,0.981689
0,0,0.564979,-0.82407,0.0413086
0,0,0.687052,0.722435,0.0777637
0,0,-0.99675,0.0706028,0.0387839
16.0154,23.7262,-0.703654,-0.330499,0.629
0,0,-0.68965,-0.724018,0.0134324
0,0,-0.848677,0.0530791,0.526241
0,0,-0.520174,-0.752612,0.403726
0,0,0.76319,0.492675,0.418107
0,0,-0.0256037,-0.827601,0.560733
0,0,0.775829,0.630702,0.017458
0,0,0.630579,-0.00494023,0.776109
0,0,0.716039,-0.672486,0.187217
0,0,0.714507,-0.202297,0.669743
0,0,0.103336,0.307176,0.946026
0,0,0.542605,0.833714,0.102479
0,0,0.739787,0.388445,0.549386
0,0,-0.847643,-0.195337,0.4933
0,0,0.0871185,0.958987,0.26973
0,0,0.819079,-0.116239,0.561782
0,0,0.884151,0.181197,0.430633
0,0,0.232175,0.513237,0.826246
0,0,0.766386,0.475471,0.43195
0,0,0.358022,0.766438,0.533285
0,0,-0.783456,-0.563973,0.261019
0,0,0.703546,0.293437,0.647239
0,0,0.248603,0.853437,0.458085
0,0,-0.7515,-0.644546,0.140742
0,0,-0.205702,0.948611,0.240464
0,0,-0.953304,0.226142,0.200177
0,0,-0.997737,-0.00731763,0.0668337
0,0,-0.317011,-0.683024,0.658014
0,0,0.503649,-0.654636,0.563728
0,0,0.123278,0.889243,0.44051
0,0,0.261828,0.71595,0.647195
0,0,-0.231605,-0.531114,0.815032
0,0,0.0527939,0.823931,0.564226
0,0,0.866381,0.466679,0.177748
0,0,-0.936663,-0.272418,0.220117
21.0341,30.8484,0.535353,-0.65374,0.534809
0,0,0.0538232,0.354204,0.933618
0,0,-0.387607,0.910522,0.143909
0,0,-0.666416,0.744713,0.0359563
0,0,0.681488,0.459546,0.569553
0,0,-0.450189,0.398122,0.799268
21.2049,30.5985,-0.453935,-0.111668,0.88401
0,0,0.44669,-0.114343,0.887352
0,0,0.530963,-0.231161,0.815256
22.7225,33.2017,0.169183,-0.0634857,0.983538
0,0,-0.657519,-0.143638,0.739619
0,0,-0.913864,-0.250438,0.319583
19.6214,28.5438,0.151403,0.116868,0.981539
0,0,-0.508567,-0.760074,0.404534
0,0,-0.743279,-0.0348303,0.668074
0,0,0.180159,-0.976316,0.119792
0,0,0.721981,0.26108,0.640765
0,0,-0.885822,-0.0399426,0.462302
0,0,0.20365,0.958437,0.199815
0,0,-0.749759,0.352042,0.560293
0,0,-0.565589,0.755854,0.32984
0,0,-0.149241,-0.97962,0.134435
0,0,0.361015,-0.882178,0.302376
0,0,-0.0669715,0.995927,0.0603607
0,0,0.757188,0.652013,0.0393096
0,0,0.949067,0.290861,0.121129
0,0,-0.846528,-0.0727897,0.527344
0,0,-0.576136,-0.103025,0.810835
0,0,0.540122,-0.632044,0.555687
0,0,0.490983,0.831772,0.259017
0,0,0.278485,-0.959928,0.0313806
0,0,0.0917341,-0.908344,0.40804
0,0,0.591163,-0.453366,0.667072
0,0,-0.591976,-0.0327806,0.805289
0,0,-0.494286,-0.712938,0.497394
0,0,0.558884,-0.544508,0.625428
0,0,0.990415,-0.069692,0.119252
0,0,-0.796772,0.448229,0.405271
0,0,-0.934904,-0.265184,0.235863
0,0,0.656242,-0.357362,0.664559
0,0,0.283021,0.947552,0.148475
0,0,-0.435459,0.401999,0.805464
0,0,0.94744,-0.166322,0.273301
0,0,0.591484,-0.730947,0.340387
0,0,0.957984,0.274404,0.0834791
0,0,-0.640946,-0.726518,0.247711
0,0,-0.419594,0.640855,0.642843
0,0,0.265799,0.830845,0.488924
0,0,-0.982734,0.113052,0.146468
11.2684,16.806,0.198484,-0.0179781,0.979939
0,0,0.968923,0.0502553,0.242203
0,0,0.850023,-0.102878,0.516602
0,0,0.827688,-0.110024,0.550297
0,0,-0.448372,0.866971,0.217539
0,0,-0.423119,-0.84446,0.328416
0,0,-0.911302,-0.232606,0.339739
0,0,-0.0974141,0.625843,0.773841
0,0,0.0469212,-0.874938,0.481957
0,0,-0.116909,-0.124788,0.985272
0,0,0.505471,-0.702295,0.501279
0,0,-0.0342419,-0.869382,0.492953
0,0,-0.111532,-0.849707,0.515323
0,0,-0.0107987,0.354416,0.935025
0,0,0.230747,-0.637141,0.735396
0,0,0.0487139,-0.432697,0.900222
0,0,-0.810237,-0.192132,0.553716
0,0,-0.345078,-0.596647,0.724523
0,0,0.0435501,-0.72162,0.690919
0,0,0.438433,-0.805881,0.39791
0,0,0.513988,-0.847716,0.131129
0,0,-0.0163481,0.958694,0.283968
0,0,-0.925881,-0.163326,0.340689
0,0,0.576463,-0.00280307,0.817118
0,0,-0.98471,-0.173205,0.0186027
0,0,-0.546848,0.305497,0.779506
0,0,0.113081,-0.239738,0.964229
21.3586,31.0374,-0.271302,0.182566,0.945021
0,0,0.710481,0.384252,0.589548
0,0,-0.450678,-0.0183094,0.892499
20.9691,31.8901,0.513136,0.608561,0.605264
0,0,0.199247,0.294123,0.934769
0,0,-0.258269,0.801102,0.539938
0,0,-0.259334,-0.698035,0.667453
0,0,0.693372,0.543754,0.472829
0,0,-0.705207,0.414292,0.575366
0,0,-0.366979,0.331532,0.869145
0,0,-0.951476,0.154374,0.266201
0,0,0.805606,-0.589679,0.0572446
0,0,-0.785166,-0.550917,0.282851
0,0,-0.968934,0.152081,0.195036
0,0,0.724856,0.299304,0.620484
0,0,-0.0482989,0.928878,0.367222
0,0,0.933264,-0.240266,0.267003
0,0,-0.750281,-0.497249,0.435686
0,0,0.502123,0.815348,0.288238
0,0,-0.603597,-0.240143,0.760265
0,0,-0.336517,-0.757927,0.558842
0,0,-0.469241,-0.846039,0.253042
0,0,0.603257,-0.751551,0.266933
0,0,0.988178,-0.0335051,0.149605
0,0,-0.223643,-0.819172,0.528149
0,0,0.578783,-0.810564,0.089426
0,0,-0.427871,-0.0540962,0.90222
0,0,-0.914947,-0.394188,0.0865379
0,0,-0.2402,-0.889412,0.38891
0,0,0.875877,0.404333,0.263353
0,0,0.296694,0.953824,0.0468278
0,0,0.739004,-0.582498,0.338482
0,0,0.441722,0.338172,0.830976
0,0,-0.243767,-0.78712,0.566586
0,0,0.386473,0.676823,0.626538
0,0,-0.347062,-0.518018,0.781797
21.5766,34.0696,-0.282903,-0.224369,0.932537
0,0,-0.55053,-0.771037,0.320029
0,0,-0.978004,-0.0696481,0.196613
0,0,0.285,-0.41716,0.862991
0,0,-0.149186,0.735728,0.660642
0,0,-0.864463,0.422821,0.271893
0,0,-0.0761018,-0.974464,0.211256
0,0,-0.554506,0.629602,0.544173
0,0,-0.918704,0.0449692,0.392378
0,0,-0.0898088,-0.749887,0.655442
0,0,0.111785,-0.92259,0.36923
0,0,0.562398,-0.538785,0.627231
0,0,-0.973514,-0.118179,0.195715
0,0,-0.408937,-0.556101,0.723548
0,0,-0.10682,0.384244,0.917031
0,0,0.252154,0.0871678,0.963753
0,0,-0.0839225,0.381336,0.920619
0,0,-0.170348,-0.972351,0.159736
0,0,0.698284,-0.271436,0.662361
0,0,0.363004,-0.133982,0.922105
0,0,-0.941558,0.336039,0.0233661
0,0,0.328937,0.525236,0.78481
0,0,0.364578,0.399456,0.841141
0,0,-0.256359,0.862342,0.436631
0,0,-0.388563,-0.41704,0.821643
0,0,-0.746884,-0.510292,0.426341
0,0,0.85512,0.171441,0.489263
0,0,-0.581544,-0.235878,0.778568
0,0,0.467163,0.873613,0.136232
0,0,0.231927,-0.486595,0.842279
0,0,-0.327294,-0.476849,0.815778
0,0,-0.222,-0.171703,0.959809
0,0,0.216294,-0.418731,0.881976
17.5629,25.0864,0.337778,-0.154699,-0.928426
0,0,0.670152,0.727311,0.148038
0,0,-0.861455,-0.408079,0.302269
0,0,0.706028,0.671396,0.22528
0,0,-0.0913065,-0.975343,0.200919
0,0,-0.17341,0.719827,0.672144
0,0,0.71497,-0.205261,0.668346
0,0,0.188751,-0.866489,0.462136
0,0,0.931168,-0.207646,0.299683
0,0,0.962892,-0.153404,0.22205
0,0,0.257617,0.893002,0.369026
0,0,-0.614314,-0.228917,0.755126
0,0,-0.0304665,-0.988584,0.147561
0,0,0.974793,-0.222213,0.0199888
0,0,0.817813,0.41819,0.395347
0,0,-0.555415,0.571826,0.603763
0,0,0.18276,0.89023,0.417241
0,0,-0.0857943,0.911243,0.402833
0,0,-0.367762,0.184284,0.911477
0,0,0.034213,0.996994,0.0695198
0,0,0.859436,-0.387886,0.333038
0,0,0.672673,-0.277423,0.685965
0,0,0.314191,0.93372,0.171611
0,0,0.305904,-0.494357,0.813654
0,0,-0.442054,-0.895689,0.0482666
0,0,0.641598,0.336356,0.68936
0,0,0.623243,0.340287,0.704111
0,0,-0.942045,-0.0176916,0.335021
0,0,-0.272065,-0.728331,0.6289
0,0,-0.113718,0.787111,0.606238
0,0,-0.836667,0.437299,0.329785
0,0,0.185334,-0.960486,0.207649
0,0,0.532982,0.0242976,0.845778
0,0,0.827779,0.558758,0.0507087
0,0,-0.959664,0.194984,0.202551
0,0,-0.915277,-0.242539,0.321627
0,0,0.33934,0.385654,0.857974
0,0,-0.995403,-0.0656017,0.0697737
0,0,-0.907706,-0.0369299,0.417979
0,0,-0.191289,-0.274211,0.942452
0,0,-0.405453,-0.614896,0.676395
0,0,0.231463,0.681397,0.694351
0,0,0.489555,-0.269118,0.829404
0,0,-0.49655,0.827116,0.263282
0,0,-0.867322,-0.133926,0.479392
0,0,-0.0736037,0.830982,0.551409
0,0,-0.0135341,-0.583103,0.812285
0,0,-0.317873,0.102811,0.942543
0,0,0.761747,-0.48537,0.429136
0,0,0.794068,0.335698,0.506717
0,0,-0.393645,0.684025,0.614128
0,0,0.932182,0.359996,0.0379482
0,0,-0.317336,0.513101,0.797512
0,0,0.0532946,-0.976156,0.210425
0,0,0.881101,-0.333604,0.335216
0,0,0.838205,0.18417,0.513316
0,0,0.348809,0.763482,0.543533
0,0,0.395804,-0.635052,0.663361
0,0,0.816652,-0.469657,0.335414
0,0,-0.879796,0.0115137,0.475212
0,0,0.539789,-0.517389,0.664031
0,0,0.0785681,-0.9745,0.210181
0,0,0.873333,0.0020354,0.48712
18.2291,25.999,0.459803,0.110913,0.881067
0,0,0.494122,0.862392,0.110112
0,0,-0.0912216,-0.937433,0.336002
0,0,0.720043,-0.648988,0.24567
0,0,-0.77983,-0.264198,0.567507
0,0,-0.733445,-0.0473151,0.678101
0,0,-0.0603485,0.812721,0.579519
0,0,0.889316,-0.308775,0.337306
0,0,0.837548,-0.325933,0.438499
0,0,-0.303727,0.104493,0.947012
0,0,0.818448,-0.355584,0.451336
0,0,-0.703746,0.696485,0.140177
0,0,-0.279086,-0.838155,0.468623
0,0,0.347628,0.654557,0.67135
0,0,-0.822794,0.548166,0.150079
0,0,-0.784557,-0.576686,0.227825
0,0,-0.129278,-0.779457,0.612972
0,0,0.133714,-0.828994,0.543037
0,0,-0.353083,-0.920792,0.165752
0,0,0.805435,0.467991,0.363675
0,0,-0.637882,0.669286,0.381003
0,0,-0.502339,-0.85793,0.107758
0,0,0.92429,-0.374982,0.0712434
0,0,0.304716,0.911741,0.275458
0,0,-0.654245,-0.0268651,0.755806
0,0,0.713641,0.168636,0.679911
0,0,0.491602,-0.822708,0.285445
23.1638,33.7588,-0.518722,-0.445059,0.729966
0,0,-0.80577,-0.400751,0.436043
0,0,0.254826,-0.643483,0.721799
0,0,0.54868,-0.63435,0.544564
0,0,0.318112,-0.944508,0.0819068
0,0,0.718517,0.479331,0.503959
0,0,0.829536,0.52226,0.197776
0,0,0.574673,-0.272034,0.771848
0,0,0.00442741,-0.614804,0.788667
0,0,-0.0150106,0.929115,0.369487
0,0,0.501469,-0.259884,0.825221
0,0,-0.606107,-0.301929,0.735849
0,0,-0.227182,0.947851,0.223532
0,0,0.293781,-0.828321,0.47705
0,0,-0.96534,0.0443789,0.257194
0,0,-0.79695,-0.602591,0.0418863
0,0,-0.872328,-0.487231,0.0406245
0,0,0.764775,0.523757,0.37523
0,0,-0.456078,-0.152582,0.876762
0,0,0.840521,0.00992408,0.541689
0,0,-0.475737,-0.00780161,0.879553
0,0,-0.250987,-0.197843,0.947557
0,0,-0.0850333,0.936969,0.338907
0,0,-0.414165,-0.551797,0.72387
0,0,0.165219,-0.742622,0.649011
0,0,-0.242144,0.947779,0.20756
0,0,0.246159,0.682612,0.688075
0,0,-0.263481,-0.317746,0.910832
0,0,0.100097,-0.581526,0.807346
0,0,0.180783,0.399994,0.898511
0,0,0.576142,-0.503385,0.643944
8.39304,11.2915,-0.153127,0.494399,0.855641
0,0,-0.62815,-0.581871,0.516579
0,0,-0.0611533,0.616915,0.78465
0,0,-0.194314,-0.735136,0.649475
0,0,0.281928,-0.955052,0.0916094
0,0,0.0347373,0.71495,0.698312
0,0,-0.918947,-0.381222,0.101023
0,0,-0.583221,0.717449,0.380946
0,0,0.764511,0.0360638,0.643601
0,0,-0.385546,0.801061,0.457882
0,0,-0.978518,0.160317,0.129621
0,0,0.776395,-0.46345,0.427112
0,0,0.65837,-0.153868,0.7368
0,0,0.761073,0.048701,0.646835
0,0,-0.927028,-0.193041,0.321487
0,0,-0.622107,-0.319881,0.714603
0,0,-0.961471,-0.0896289,0.259886
0,0,0.61113,0.710564,0.348738
0,0,-0.372901,-0.782146,0.499191
0,0,-0.285568,0.486699,0.825576
0,0,-0.746909,0.497554,0.441098
0,0,-0.0524156,0.780243,0.623276
0,0,-0.707762,-0.685787,0.169617
0,0,0.352463,0.645033,0.678014
0,0,-0.932782,0.00986998,0.360305
0,0,0.131473,-0.370612,0.919436
0,0,-0.215091,0.245829,0.945148
0,0,-0.261157,-0.706661,0.657592
0,0,-0.108898,0.41599,0.902825
0,0,0.138171,0.627942,0.765896
0,0,-0.423206,-0.382431,0.821367
0,0,-0.517447,0.688338,0.50837
0,0,0.39814,-0.497405,0.770761
0,0,0.333253,-0.93799,0.0954828
0,0,-0.921219,0.19782,0.334996
0,0,-0.0462574,0.673629,0.737621
0,0,0.96706,0.188965,0.170551
0,0,-0.164914,-0.844535,0.509474
0,0,0.674964,0.328986,0.660449
0,0,-0.207389,0.943888,0.257033
0,0,0.438005,0.772176,0.460322
0,0,0.454106,0.856976,0.24368
0,0,-0.243095,-0.493859,0.83487
0,0,-0.630217,0.0855544,0.771691
0,0,-0.761089,0.452913,0.464342
0,0,0.0218348,0.997631,0.0652298
0,0,-0.309793,0.720704,0.620172
0,0,0.616378,0.107801,0.780036
0,0,0.374064,0.926514,0.0405827
0,0,0.807092,-0.291356,0.513531
0,0,0.497148,0.242619,0.833054
0,0,-0.887749,-0.415815,0.197481
15.0836,23.3896,0.392722,0.873963,0.286284
0,0,0.259153,-0.458217,0.850222
0,0,0.687954,-0.565134,0.455349
0,0,-0.844636,-0.253695,0.471412
0,0,-0.953566,-0.197381,-0.227492
0,0,-0.976095,0.14879,0.158429
0,0,-0.65796,0.0807459,0.748712
0,0,-0.273939,0.960864,0.0411924
0,0,-0.286175,-0.683302,0.671716
0,0,0.665451,0.733169,0.140139
0,0,-0.0508361,-0.886207,0.460493
0,0,-0.819865,-0.231889,0.523496
0,0,0.659011,0.0630615,0.749485
0,0,0.964986,0.253552,0.0671853
0,0,-0.660002,-0.747594,0.074167
0,0,0.620986,0.732873,0.277981
0,0,-0.0270085,-0.762422,0.646517
7.58213,10.8263,0.576805,-0.551608,0.602515
0,0,-0.188709,0.205867,0.960212
0,0,0.826995,-0.522282,0.208089
10.74,15.8059,-0.465355,-0.885082,0.00860134
14.0536,20.2277,0.396258,-0.260947,0.880277
0,0,-0.380162,0.324397,0.866166
0,0,-0.819253,-0.550133,0.161794
0,0,-0.477866,0.478377,0.736749
0,0,-0.849762,-0.514627,0.114296
0,0,0.464771,-0.021007,0.885182
0,0,-0.0563438,0.998084,0.0255681
0,0,0.0644038,0.997684,0.0218848
0,0,0.227158,-0.889255,0.397019
0,0,0.85714,0.503498,0.108635
0,0,0.283173,0.510651,0.811818
0,0,-0.807011,-0.348765,0.476547
0,0,0.105279,-0.984007,0.143688
0,0,0.783528,0.528216,0.32722
0,0,0.990034,0.136651,0.034033
0,0,-0.362715,-0.863604,0.35018
0,0,-0.298641,-0.333928,0.894039
0,0,0.301574,0.455229,0.837746
0,0,-0.347108,-0.590727,0.728394
0,0,0.494244,-0.859379,0.13111
0,0,0.762512,0.421009,0.491251
0,0,0.845494,0.43597,0.308335
0,0,0.0527665,-0.944463,0.324353
0,0,0.741886,-0.409629,0.530856
0,0,-0.892397,0.0589842,0.447379
0,0,-0.675859,-0.718299,0.16511
0,0,0.687999,0.0780477,0.721502
0,0,-0.324042,0.584983,0.7435
0,0,-0.765473,-0.642912,0.0267471
0,0,-0.407599,-0.71757,0.564762
0,0,0.588412,-0.799375,0.121534
0,0,-0.571606,0.820057,0.0278042
22.9873,35.1776,-0.951805,-0.303278,-0.0457155
0,0,0.478605,-0.419258,0.771466
0,0,-0.482267,-0.738162,0.471737
0,0,-0.14185,-0.963826,0.225652
0,0,-0.735923,0.629191,0.250073
0,0,-0.786007,-0.36238,0.500873
0,0,0.998021,-0.0290045,0.055797
0,0,0.969508,0.195099,0.14829
0,0,0.913775,0.125442,0.386366
0,0,-0.76336,-0.157528,0.626471
0,0,-0.522085,0.098159,0.847226
0,0,-0.838951,-0.26904,0.473053
0,0,-0.805307,0.570531,0.161168
0,0,0.868641,-0.0539339,0.492497
0,0,-0.76343,-0.521719,0.380767
0,0,0.427498,0.692418,0.581208
0,0,0.640732,-0.224938,0.734074
0,0,0.366737,-0.659308,0.656367
0,0,0.811646,0.400704,0.425049
0,0,-0.228819,0.785836,0.574546
0,0,0.193287,0.067799,0.978797
0,0,0.302783,-0.211568,0.92928
0,0,0.0952395,0.792206,0.602776
0,0,0.299184,0.951324,0.0739688
0,0,0.690598,-0.409868,0.595888
0,0,-0.656216,-0.648748,0.385365
0,0,-0.782027,-0.539576,0.311916
0,0,0.944097,0.292243,0.152563
0,0,0.694073,-0.330173,0.639725
0,0,0.857242,0.187003,0.479757
0,0,-0.343988,-0.795553,0.498766
0,0,-0.604575,0.694485,0.390102
0,0,-0.811993,0.298974,0.50128
0,0,-0.144809,-0.982871,0.113998
0,0,0.710407,-0.489752,0.505436
0,0,-0.818781,-0.483097,0.310185
0,0,0.129953,0.508118,0.851427
0,0,-0.674033,-0.625574,0.392856
0,0,0.543915,0.792235,0.276621
0,0,-0.052663,0.674404,0.736482
0,0,0.269407,-0.769472,0.579079
0,0,-0.98897,0.126456,0.0771224
0,0,-0.483253,0.0814931,0.87168
0,0,-0.785321,-0.525841,0.326743
0,0,-0.0092178,-0.266771,0.963716
0,0,0.687701,0.518048,0.50862
0,0,-0.213893,0.733748,0.644875
0,0,-0.0579035,0.805982,0.589101
0,0,0.87096,-0.225037,0.436791
0,0,-0.350914,-0.930314,0.106656
0,0,0.143489,-0.97437,0.173247
0,0,0.927243,0.148452,0.343777
8.75125,12.6403,0.204238,-0.43032,0.879268
0,0,-0.868928,-0.0667224,0.490421
0,0,-0.632044,-0.683376,0.365401
0,0,0.714249,-0.291436,0.636328
0,0,0.889377,-0.441824,0.117473
0,0,0.689841,-0.370876,0.621748
0,0,-0.127736,-0.893365,0.430793
0,0,-0.407494,0.728824,0.55024
0,0,0.865293,-0.475834,0.157636
0.924414,1.60296,-0.7002,0.634765,0.326791
0,0,0.322169,-0.572515,0.753946
0,0,-0.451761,0.0791927,0.888617
0,0,-0.690191,0.710161,0.13895
0,0,0.597826,0.778766,0.190072
0,0,-0.866832,-0.231752,0.441467
0,0,-0.806301,-0.52069,0.280643
0,0,-0.235456,0.461511,0.855317
0,0,0.0596304,0.994455,0.0866184
0,0,0.997472,0.0566874,0.0428433
0,0,-0.00524304,-0.826102,0.563496
0,0,-0.880104,0.425118,0.211404
0,0,0.0585847,-0.677042,0.733609
0,0,0.485406,0.873877,0.0268304
0,0,0.263698,0.190978,0.945511
6.66147,11.3756,0.0791267,-0.187427,0.979086
0,0,-0.324264,-0.479836,0.815237
0,0,0.602513,-0.54559,0.582503
0,0,-0.670055,-0.517232,0.532445
0,0,0.184794,0.712298,0.677114
0,0,-0.290099,0.946907,0.1386
0,0,-0.62021,0.109642,0.776735
8.6006,11.776,0.391059,0.010216,0.920309
0,0,-0.92189,-0.20049,0.331546
0,0,0.52623,0.137867,0.839091
0,0,-0.0769781,0.566722,0.820305
0,0,0.294172,-0.88553,0.359583
23.3766,33.2821,0.496387,0.434864,0.751328
0,0,0.0904538,0.952868,0.289588
0,0,0.497499,-0.0613445,0.865293
0,0,-0.694522,-0.167036,0.699813
0,0,-0.0984381,-0.785355,0.611169
0,0,-0.18512,-0.175968,0.966833
0,0,-0.875725,-0.445875,0.185207
0,0,0.794069,0.0652513,0.604315
0,0,0.981017,0.105692,0.16259
0,0,0.394067,0.181684,0.900945
0,0,-0.2481,0.956613,0.152769
0,0,-0.362944,-0.931221,0.0331467
16.509,24.6511,-0.663139,-0.640087,0.387988
0,0,0.606517,-0.782899,0.138584
0,0,-0.72701,-0.640567,0.247247
0,0,0.555063,0.423037,0.716201
0,0,-0.581385,-0.733907,0.351243
0,0,0.36369,-0.852152,0.376254
0,0,0.957151,-0.285525,0.0483477
0,0,-0.32156,-0.637225,0.700388
14.3004,20.9768,0.0957626,-0.63649,0.765317
0,0,-0.900775,-0.398728,0.172104
0,0,-0.613331,-0.207326,0.762129
0,0,-0.138255,0.55496,0.820308
0,0,-0.926615,-0.375591,0.0177505
0,0,-0.943652,-0.177053,0.279595
0,0,0.339733,-0.515822,0.786454
0,0,0.674906,0.732055,0.092716
0,0,0.0434351,-0.211639,0.976382
0,0,0.0725179,0.234678,0.969364
0,0,-0.835955,-0.229938,0.498305
0,0,-0.837604,-0.0281491,0.545552
0,0,-0.906426,0.0443283,0.420032
0,0,0.685272,0.469929,0.556389
0,0,0.52972,0.848141,0.00734106
0,0,-0.395321,0.418695,0.817567
0,0,0.846454,0.450617,0.283653
0,0,0.468366,-0.386168,0.794674
0,0,0.743125,-0.322805,0.586142
0,0,-0.363695,-0.920019,0.145914
0,0,0.90496,-0.393655,0.161506
18.209,27.4127,0.331049,-0.432809,0.838501
0,0,-0.0312757,0.648511,0.760563
0,0,0.901146,0.350473,0.255156
0,0,0.659954,-0.647363,0.38129
0,0,0.292883,0.407491,0.864969
0,0,-0.549775,0.211777,0.808021
0,0,0.10898,0.99034,0.0857273
0,0,-0.46552,0.536299,0.704041
0,0,0.0619144,0.617573,0.784073
0,0,0.218954,0.679872,0.699881
0,0,0.0905393,0.00177059,0.995891
0,0,0.749384,-0.281505,0.599316
0,0,0.293661,-0.433676,0.851873
0,0,0.877694,-0.103977,0.467806
0,0,0.242381,0.749283,0.616301
0,0,-0.656721,-0.302827,0.690661
0,0,-0.0319562,0.314504,0.948718
0,0,-0.399415,-0.454946,0.795922
0,0,-0.404185,0.577163,0.709589
0,0,0.560663,0.822951,0.0917007
0,0,-0.83886,-0.491418,0.234141
0,0,0.255498,-0.563768,0.785421
0,0,-0.191709,-0.0914511,0.977182
0,0,0.70621,0.706323,0.048727
0,0,0.441828,0.434488,0.784862
0,0,-0.562314,0.826755,0.0166798
0,0,0.398757,-0.687448,0.606966
0,0,-0.072163,-0.981813,0.175601
0,0,0.483457,0.245784,0.840155
0,0,-0.904806,-0.383461,0.18516
15.0896,20.12,-0.271778,-0.728694,0.628604
0,0,-0.60593,0.649222,0.459739
0,0,-0.384368,0.530509,0.755527
0,0,-0.500728,0.278827,0.819468
0,0,0.64003,-0.327894,0.694872
0,0,0.807797,-0.576257,0.124066
0,0,-0.592032,-0.590678,0.548268
0,0,-0.256956,0.889448,0.377964
0,0,0.138996,0.753957,0.642051
0,0,0.734474,-0.659492,0.160057
0,0,-0.480501,0.218663,0.849297
0,0,-0.957527,0.255431,0.133781
0,0,-0.0171605,0.992913,0.117597
0,0,0.23416,-0.916956,0.323048
0,0,-0.130672,-0.299207,0.945199
0,0,-0.811207,0.350779,0.467864
0,0,0.401385,-0.736352,0.544679
0,0,-0.458288,-0.253228,0.851967
0,0,0.0535538,-0.21563,0.975006
0,0,0.985517,0.0748447,0.152163
0,0,-0.924335,-0.188882,0.331553
0,0,0.752386,0.507123,0.420406
0,0,0.373864,0.926841,0.0345275
0,0,-0.711278,-0.330592,0.620316
0,0,0.976648,-0.179143,0.118599
0,0,-0.822274,-0.4441,0.355865
0,0,-0.482875,0.730785,0.482478
0,0,-0.606889,-0.412823,0.679164
0,0,-0.462284,0.74519,0.480609
2.78849,4.19769,0.174945,-0.275518,0.945243
0,0,-0.411483,-0.676725,0.610512
0,0,-0.266163,-0.575644,0.77317
0,0,-0.773465,-0.596678,0.213838
0,0,0.519464,-0.844555,0.129938
0,0,-0.19781,-0.870513,0.450643
0,0,-0.429169,-0.287082,0.856387
0,0,-0.950921,-0.148983,0.271209
0,0,0.862277,0.296999,0.410207
0,0,0.263598,0.905871,0.331533
0,0,0.661881,0.725315,0.189291
0,0,-0.371958,-0.923004,0.0985428
0,0,0.596238,0.474232,0.647769
0,0,0.0951049,-0.993747,0.0585005
0,0,-0.82786,0.557812,0.0591031
0,0,-0.653868,0.321914,0.68471
0,0,0.329006,0.0277689,0.943919
0,0,0.268675,0.917786,0.292374
0,0,-0.777088,0.357008,0.518343
0,0,-0.53858,-0.830912,0.139701
0,0,-0.417077,-0.867847,0.269978
0,0,-0.835786,-0.371851,0.403967
0,0,0.412746,-0.579501,0.702722
0,0,0.85533,-0.12799,0.502025
0,0,-0.179815,-0.832158,0.524575
0,0,0.21915,-0.630285,0.744791
0,0,-0.576769,-0.493771,0.65079
0,0,-0.298691,0.00568397,0.954333
0,0,-0.926143,-0.344491,0.153572
0,0,-0.203008,0.978974,0.0199543
0,0,0.249124,-0.349049,0.903384
0,0,0.00544803,-0.857866,0.513845
0,0,0.981296,0.0149544,0.191924
0,0,0.22015,0.370986,0.902166
0,0,-0.224255,-0.715757,0.661363
0,0,0.556192,0.452529,0.697042
0,0,-0.322923,0.932692,0.160642
0,0,-0.287714,-0.57998,0.762131
0,0,-0.664603,-0.320987,0.674737
0,0,-0.94941,-0.146716,0.277661
0,0,0.590593,-0.751424,0.294213
0,0,0.148682,0.572076,0.806612
0,0,-0.60412,-0.0812256,0.792743
0,0,-0.157709,-0.114796,0.98079
0,0,-0.102527,0.786778,0.608661
0,0,0.903247,0.372168,0.213626
0,0,0.500483,0.729558,0.466115
0,0,-0.41007,-0.829178,0.379878
0,0,-0.806568,0.502613,0.311173
0,0,0.0590686,0.799748,0.597423
0,0,-0.431227,-0.205308,0.878574
0,0,0.297244,-0.0311504,0.954293
0,0,0.528001,-0.760522,0.377919
0,0,0.658885,-0.456412,0.597962
0,0,-0.664433,-0.399628,0.631527
7.33431,11.7488,-0.412179,-0.223425,0.883283
0,0,0.304981,-0.838698,0.451189
0,0,-0.973108,0.104253,0.205406
0,0,0.0138357,-0.874927,0.484057
0,0,-0.229612,0.736555,0.636212
0,0,0.579033,0.572442,0.580543
0,0,0.844082,-0.365449,0.392394
0,0,-0.388363,-0.641335,0.661713
0,0,0.563341,-0.125512,0.816636
0,0,0.900958,-0.36104,0.240676
0,0,-0.823415,0.243828,0.512383
0,0,0.721577,0.651714,0.233659
0,0,0.525905,-0.285754,0.801104
0,0,0.249857,-0.68292,0.686434
5.94397,8.47927,0.240346,-0.231413,0.942699
0,0,-0.0984544,0.724175,0.682552
0,0,-0.0932682,-0.430697,0.897664
0,0,-0.249553,0.960825,0.120577
0,0,0.567583,0.823091,0.0192661
0,0,0.432239,0.440638,0.786771
0,0,-0.2266,0.840255,0.492569
0,0,-0.710074,-0.313655,0.630409
0,0,-0.933635,0.174454,0.312875
0,0,-0.955864,0.22121,0.193364
7.33119,10.0676,0.256118,-0.495615,0.829921
0,0,0.653763,0.755529,0.0420732
0,0,0.798182,0.552499,0.240106
0,0,0.368563,-0.508721,0.778052
0,0,0.0599557,0.670083,0.739861
0,0,-0.205082,0.550387,0.80933
0,0,0.958007,0.271755,0.0914976
0,0,0.835793,0.212511,0.50625
0,0,0.286817,0.846709,0.44813
19.6416,27.4419,-0.789525,-0.39421,0.47037
0,0,-0.13544,0.0534905,0.989341
0,0,0.142178,0.521629,0.841242
0,0,-0.906389,0.214588,0.363883
0,0,0.321964,0.735376,0.59629
0,0,0.169439,0.917551,0.359708
0,0,-0.817899,0.518987,0.248383
0,0,-0.754761,0.655871,0.013008
0,0,-0.690884,0.148469,0.707556
0,0,-0.655399,0.67881,0.331163
0,0,-0.482646,-0.761704,0.432273
0,0,0.133997,0.939587,0.314994
0,0,0.599121,0.800591,0.0104123
0,0,-0.906236,0.2263,0.357106
0,0,-0.21909,-0.334059,0.916736
0,0,0.560951,0.766138,0.313633
0,0,-0.511129,0.783506,0.353363
0,0,-0.271869,-0.909748,0.31376
0,0,0.685282,-0.620062,0.381984
0,0,-0.964404,-0.16259,0.208542
0,0,-0.574588,0.8055,0.144978
0,0,0.933595,0.271091,0.234329
0,0,0.569241,-0.00268892,0.822166
0,0,-0.401043,-0.805368,0.436517
0,0,0.74333,0.577232,0.338028
0,0,-0.486848,0.417328,0.767344
0,0,-0.804511,0.549781,0.224728
0,0,0.652226,0.569351,0.500441
0,0,-0.862036,0.18341,0.472498
0,0,0.745721,0.414891,0.521311
0.107012,0.119345,-0.00298465,-0.0808576,0.996721
0,0,0.51436,0.0283132,0.857107
0,0,-0.267154,0.77474,0.573068
0,0,0.905994,0.417911,0.0672672
0,0,-0.00353494,-0.00766014,0.999964
0,0,0.0976355,0.828793,0.550972
0,0,0.514572,0.793751,0.324307
0,0,-0.788518,0.305172,0.533956
22.0417,33.8075,-0.502176,0.620584,0.602242
0,0,0.274967,0.948711,0.156014
0,0,-0.430869,0.62058,0.655158
0,0,-0.77642,0.0883559,0.623992
0,0,-0.0729994,0.445396,0.892353
0,0,-0.495862,-0.827048,0.264787
0,0,0.145805,0.0380057,0.988583
14.1851,21.0436,-0.951957,0.0879633,-0.293327
0,0,-0.0138284,0.195217,0.980663
0,0,-0.838672,-0.409608,0.358959
0,0,-0.327493,0.049685,0.943547
0,0,0.298899,0.427349,0.853248
0,0,-0.600022,-0.469525,0.647703
18.2561,25.3322,0.0308109,0.343478,0.938655
0,0,-0.00845202,0.513738,0.857906
0,0,-0.685038,-0.491064,0.538125
10.9873,16.593,-0.95374,0.066706,-0.293139
0,0,-0.319367,0.813668,0.485745
0,0,0.330919,-0.444128,0.832612
0,0,0.765825,-0.295629,0.571066
0,0,-0.188986,0.98147,0.0316471
0,0,-0.60703,0.65575,0.448895
0,0,-0.151694,0.399505,0.904093
0,0,0.897795,-0.33084,0.290706
0,0,-0.445655,0.886557,0.124127
0,0,0.554523,-0.583987,0.592843
0,0,-0.765859,-0.606556,0.213423
0,0,-0.299162,0.237133,0.924267
0,0,0.215172,0.823695,0.524622
0,0,-0.842691,0.530448,0.0921829
0,0,-0.725985,0.162677,0.668193
0,0,-0.920086,0.349976,0.175952
0,0,-0.707964,-0.692867,0.136828
0,0,-0.697089,0.715868,0.0400013
0,0,0.552442,0.656115,0.514121
0,0,0.229896,-0.943577,0.238351
0,0,-0.440211,0.88348,0.160241
0,0,0.311959,-0.38529,0.868466
0,0,-0.538049,0.28016,0.794993
0,0,0.794894,-0.0425057,0.605257
0,0,0.529579,-0.492247,0.690825
0,0,-0.675753,0.322133,0.663015
0,0,-0.30503,-0.0702622,0.949747
0,0,-0.245856,0.962426,0.115284
0,0,-0.0332811,0.250362,0.96758
0,0,0.458365,0.252922,0.852017
0,0,0.710827,-0.0296959,0.702739
0,0,-0.547397,0.461669,0.698011
0,0,0.433039,-0.554351,0.710755
0,0,0.0381319,0.522853,0.85157
0,0,-0.244092,-0.893695,0.376468
0,0,-0.753564,0.649746,0.0998562
0,0,0.797501,-0.514508,0.315077
0,0,-0.127864,-0.886641,0.44443
0,0,-0.0111363,0.580027,0.814521
0,0,-0.592032,0.46704,0.656789
0,0,-0.00458779,-0.30851,0.95121
0,0,-0.844103,0.308244,0.43872
0,0,0.599511,-0.736398,0.313535
0,0,-0.687709,0.209457,0.695114
0,0,0.513165,0.435479,0.739608
0,0,-0.31561,-0.327422,0.89061
0,0,-0.950566,0.303277,0.0666855
0,0,0.583001,0.257774,0.770495
0,0,0.741661,0.499421,0.447792
0,0,-0.0283962,-0.98228,0.185254
0,0,0.182577,-0.679934,0.71018
0,0,-0.568243,-0.822844,0.00526641
0,0,-0.804053,0.0760306,0.589676
0,0,-0.820808,0.0885704,0.564296
0,0,-0.218719,-0.304115,0.927187
0,0,0.502755,0.640837,0.580143
0,0,-0.385027,-0.91214,0.140555
0,0,0.183773,0.893556,0.409615
0,0,0.84783,-0.245796,0.469859
0,0,0.152635,-0.935881,0.317536
0,0,-0.835361,0.535759,0.123025
0,0,0.615424,0.559263,0.555408
0,0,0.904766,-0.234547,0.355508
0,0,0.936927,0.230379,0.262858
0,0,0.644995,-0.202664,0.736824
0,0,-0.371525,0.594536,0.713089
0,0,0.122387,-0.724856,0.677942
0,0,-0.624594,0.745905,0.231317
2.5644,3.99948,-0.153484,0.0154824,0.98803
0,0,-0.488864,-0.83009,0.268257
0,0,-0.782108,0.605221,0.148372
0,0,-0.419957,-0.825795,0.376429
0,0,-0.00258948,-0.913042,0.407856
0,0,0.820312,-0.413108,0.395512
0,0,0.969083,0.0306308,0.244825
0,0,0.385095,0.906887,0.171049
0,0,0.508174,0.801911,0.314163
0,0,-0.00794678,-0.664571,0.747182
0,0,-0.520521,0.853638,0.0189735
0,0,0.842112,0.506464,0.185313
0,0,0.384923,0.218506,0.89671
0,0,0.891644,-0.384481,0.239052
0,0,0.49898,0.436622,0.748585
0,0,0.161026,-0.0890573,0.982924
0,0,-0.218724,-0.972913,0.0748307
0,0,0.66762,0.198317,0.717603
0,0,-0.231556,0.14571,0.961848
0,0,-0.638641,0.0921325,0.763969
0,0,0.876895,0.459998,0.139489
0,0,-0.702871,-0.0436554,0.709976
0,0,-0.190178,-0.859434,0.474559
0,0,-0.904461,-0.422117,0.0613854
0,0,0.05454,0.995012,0.0835203
5.05194,6.97584,0.188368,-0.315716,0.929968
0,0,0.372256,0.907738,0.193488
6.32469,8.45382,0.711304,-0.396838,0.580143
0,0,-0.01016,0.119566,0.992774
0,0,-0.516128,0.798775,0.309144
0,0,-0.618337,-0.483169,0.619844
0,0,0.645696,-0.625095,0.438558
0,0,-0.00759438,-0.937085,0.349019
0,0,0.846278,0.440952,0.298956
0,0,0.428048,-0.810768,0.399287
0,0,-0.210811,-0.379439,0.90088
0,0,0.45133,0.891541,0.0381595
0,0,-0.235299,0.94918,0.209025
0,0,-0.974147,-0.152792,0.166407
0,0,-0.186977,-0.421944,0.887132
0,0,-0.360345,-0.89916,0.248318
0,0,-0.485801,-0.508963,0.710601
0,0,0.487823,-0.787704,0.376232
0,0,-0.215641,0.38602,0.896932
0,0,0.193843,-0.47544,0.858127
0,0,-0.205646,0.665524,0.717487
0,0,0.237205,-0.28634,0.928301
0,0,0.834469,-0.172438,0.52338
0,0,0.435518,0.824989,0.360163
0,0,0.769826,-0.279561,0.573771
0,0,0.550719,-0.723699,0.415895
0,0,0.557972,-0.316895,0.766971
0,0,0.852845,0.414102,0.31808
0,0,-0.638579,0.738016,0.218057
0,0,0.32157,-0.938836,0.123204
0,0,-0.413671,0.835463,0.361771
0,0,0.371234,-0.155695,0.915393
0,0,0.0160261,0.562386,0.826719
0,0,0.349631,-0.573695,0.740697
0,0,-0.427143,-0.889505,0.162264
0,0,-0.954551,0.087072,0.285046
0,0,0.516839,-0.314054,0.796396
0,0,-0.95395,-0.139107,0.265761
0,0,0.396441,0.890486,0.223313
0,0,-0.259831,0.784751,0.56272
0,0,-0.604591,0.401146,0.68815
0,0,-0.594157,-0.707988,0.381746
0,0,-0.0913957,0.34724,0.933312
0,0,-0.89319,0.303977,0.331375
0,0,-0.343116,-0.421062,0.83963
0,0,-0.269833,-0.955706,0.117538
0,0,0.567351,-0.363304,0.739002
0,0,-0.636281,-0.128721,0.760643
0,0,0.303567,-0.877181,0.372023
0,0,0.572152,0.811405,0.119433
0,0,-0.635352,0.327861,0.699167
0,0,-0.270045,0.812499,0.516644
0,0,-0.575453,-0.767965,0.281218
0,0,0.598562,-0.0303325,0.800502
0,0,-0.642041,0.652432,0.402635
0,0,0.441097,0.882865,0.161193
0,0,-0.596172,-0.702905,0.387947
0,0,-0.163759,0.90379,0.395406
0,0,-0.216179,0.904528,0.367553
0,0,0.978902,0.0593358,0.195528
0,0,-0.970453,-0.0932028,0.222562
0,0,0.468131,0.421501,0.776653
0,0,0.301373,-0.343236,0.889586
0,0,-0.363115,-0.0792966,0.928364
0,0,0.807922,0.0439973,0.587644
0,0,0.640326,0.673259,0.369737
0,0,-0.236923,0.412053,0.879818
0,0,-0.269693,0.841415,0.46828
0,0,-0.384077,-0.193512,0.902794
0,0,0.429784,-0.462853,0.775276
0,0,0.270181,-0.37834,0.885359
0,0,-0.75409,-0.646051,0.11818
0,0,-0.406496,0.497649,0.766228
0,0,-0.312232,0.891763,0.32752
0,0,0.253403,-0.662867,0.704553
0,0,-0.903854,-0.045348,0.425431
0,0,0.414375,0.555028,0.721275
0,0,-0.482852,-0.824559,0.294885
0,0,0.224494,0.305032,0.925504
0,0,-0.77875,-0.557016,0.288585
0,0,-0.169148,-0.943994,0.283308
0,0,0.415667,-0.452338,0.789057
0,0,0.918574,0.195467,0.343533
0,0,-0.616196,0.475683,0.627716
0,0,-0.530958,0.828047,0.180059
0,0,-0.16595,0.300844,0.939124
0,0,-0.439037,-0.00481053,0.898456
0,0,0.903423,-0.291243,0.314649
0,0,0.436038,-0.583082,0.685483
0,0,-0.648916,-0.627668,0.430047
0,0,-0.347332,0.0198531,0.937532
0,0,0.168889,-0.329441,0.928948
0,0,-0.871055,-0.0335628,0.490038
0,0,-0.371304,0.285628,0.883487
10.7329,16.4636,-0.245259,-0.955332,-0.164888
0,0,0.434586,-0.785974,0.43975
0,0,0.859423,-0.508097,0.0568367
0,0,-0.7854,-0.41065,0.463156
0,0,-0.688549,-0.235983,0.68572
0,0,0.656485,-0.607941,0.446581
0,0,0.648416,-0.323131,0.689306
0,0,0.594681,0.446711,0.668434
0,0,-0.249563,-0.731753,0.634237
0,0,-0.871373,0.454242,0.185399
0,0,-0.759104,0.577523,0.300379
0,0,-0.493377,0.203509,0.845673
11.8088,17.974,0.652206,-0.61112,0.448508
0,0,0.166831,0.366721,0.91525
0,0,-0.543733,-0.561909,0.623388
0,0,-0.553665,0.542176,0.632061
0,0,-0.0386876,-0.543077,0.838791
0,0,-0.083598,0.725317,0.683321
0,0,0.571466,0.815012,0.0958171
0,0,-0.334344,0.285084,0.898299
0,0,-0.0429175,-0.853499,0.519324
0,0,-0.615327,0.761991,0.201848
0,0,-0.978407,0.0754325,0.192429
0,0,0.112136,0.544422,0.831282
0,0,-0.871147,0.0435363,0.489089
0,0,0.934602,0.280138,0.219185
0,0,-0.861523,-0.350681,0.367153
0,0,-0.745876,-0.00882672,0.666027
0,0,-0.214685,-0.784698,0.581515
0,0,0.980558,0.182169,0.0729473
0,0,0.239133,-0.4123,0.879104
0,0,-0.241966,0.895454,0.37365
0,0,0.124566,0.967592,0.219655
0,0,-0.729312,0.534662,0.426896
0,0,-0.343464,0.672687,0.655381
0,0,0.240119,0.105134,0.965034
0,0,0.499417,0.701639,0.508218
0,0,-0.899953,0.0988779,0.424627
0,0,-0.414689,-0.18916,0.890085
0,0,0.971419,-0.0848165,0.221702
0,0,-0.304751,0.416318,0.856625
0,0,-0.253239,0.952471,0.169321
0,0,-0.392263,0.74889,0.534128
0,0,0.898962,0.431082,0.0776953
0,0,-0.863485,0.458951,0.209182
0,0,-0.439917,0.0891021,0.893607
0,0,-0.379686,-0.255708,0.889074
0,0,-0.583762,-0.328515,0.742496
0,0,0.0963447,0.825019,0.556831
0,0,0.0749335,-0.356816,0.931164
0,0,-0.22679,0.628628,0.743904
0,0,0.927347,0.0361755,0.372451
0,0,-0.559987,-0.659711,0.501194
0,0,0.403976,0.854072,0.327664
0,0,-0.757296,0.553443,0.346705
0,0,0.812655,0.565524,0.140623
0,0,0.269981,-0.57777,0.770254
0,0,-0.120797,0.890658,0.438334
0,0,0.543599,0.815927,0.196885
0,0,-0.950036,0.158819,0.268714
0,0,0.528966,0.839582,0.123683
0,0,0.693036,-0.553207,0.462237
0,0,0.674617,0.702362,0.22711
0,0,-0.593074,-0.789562,0.157656
0,0,0.632034,0.760853,0.147094
0,0,-0.921571,-0.374062,0.103851
0,0,-0.12836,-0.89297,0.431427
0,0,-0.519637,-0.00427443,0.854376
0,0,0.893548,0.203959,0.399965
0,0,-0.628743,-0.584319,0.513083
0,0,0.424706,-0.692635,0.582994
0,0,0.650715,-0.690392,0.316115
0,0,0.960337,-0.193828,0.200459
0,0,-0.619901,0.31685,0.717864
0,0,-0.0868101,0.553116,0.828569
0,0,-0.51856,0.667065,0.534901
0,0,-0.223979,-0.438321,0.870464
0,0,0.839865,0.532125,0.107097
0,0,-0.508997,-0.342927,0.789509
0,0,-0.61068,0.0903977,0.7867
0,0,0.0175717,-0.581234,0.813547
0,0,-0.830498,-0.138064,0.53964
0,0,-0.823891,-0.370629,0.428764
0,0,-0.282498,-0.796227,0.534993
0,0,-0.478521,0.857804,0.187589
0,0,-0.458179,-0.302779,0.835701
0,0,-0.241785,0.295579,0.924215
0,0,0.547957,-0.590766,0.592232
0,0,0.509247,0.777487,0.369027
0,0,-0.837353,-0.333974,0.432782
0,0,0.974428,0.217075,0.0580435
0,0,-0.293326,-0.791691,0.535896
0,0,-0.953022,-0.29309,0.0764634
0,0,-0.840382,-0.541769,0.0156308
0,0,0.861522,-0.323757,0.391101
0,0,-0.871492,-0.488402,0.0443321
0,0,0.652669,0.685683,0.322277
0,0,-0.179419,-0.393245,0.901758
0,0,-0.517638,-0.00389924,0.855591
0,0,-0.408039,0.775942,0.48106
0,0,-0.569866,0.249104,0.783071
0,0,-0.475778,-0.871239,0.120742
0,0,-0.554687,-0.119104,0.82349
0,0,0.0174383,0.854299,0.519489
0,0,0.972928,-0.23067,0.0142008
0,0,-0.946086,-0.0284347,0.322664
0,0,0.632966,-0.774146,0.00720327
0,0,0.619664,0.641946,0.451578
0,0,-0.801608,-0.595886,0.0484244
0,0,-0.636378,0.092803,0.765774
0,0,-0.221121,-0.37677,0.899527
0,0,0.387361,-0.625219,0.677534
7.9438,12.45,0.0734063,-0.654513,0.752479
0,0,0.339056,0.940748,0.00590226
0,0,0.536286,0.740673,0.404722
0,0,-0.166708,-0.78054,0.602466
0,0,0.442499,0.816391,0.37108
19.1994,28.0808,-0.272888,-0.366428,0.889529
0,0,0.361573,-0.276559,0.890382
0,0,-0.799283,0.593096,0.096868
0,0,-0.57941,0.769248,0.269335
0,0,-0.79778,0.247859,0.549648
0,0,-0.168519,0.681048,0.712584
0,0,-0.0458503,-0.979507,0.19612
0,0,0.0843549,0.203248,0.975487
0,0,0.634475,0.181639,0.751298
0,0,-0.879422,-0.36336,0.30755
0,0,-0.857857,-0.268016,0.438462
0,0,-0.734985,-0.567499,0.371137
0,0,-0.767891,0.57527,0.281794
0,0,0.762721,0.328584,0.557036
0,0,-0.232515,0.955842,0.179732
0,0,0.982346,-0.118413,0.144828
0,0,-0.648536,-0.222205,0.728029
0,0,-0.571588,0.0709363,0.817468
0,0,0.660376,-0.3407,0.669199
0,0,0.0939891,-0.994548,0.045179
0,0,0.533084,-0.523841,0.664389
0,0,0.726389,0.655059,0.207983
0,0,0.727769,0.358422,0.584711
0,0,-0.93039,0.362069,0.0572748
0,0,-0.337619,0.393659,0.855012
0,0,0.654702,0.572569,0.493488
0,0,-0.115097,0.563295,0.8182
0,0,-0.496403,0.866809,0.0471804
0,0,0.693868,0.327719,0.641209
0,0,0.661809,0.114017,0.740951
0,0,0.805939,0.25446,0.534521
0,0,-0.837797,0.420907,0.347756
0,0,-0.371124,-0.614333,0.69632
0,0,-0.501924,-0.849166,0.164282
0,0,0.0394835,-0.997869,0.0519539
0,0,-0.259251,-0.581252,0.771321
0,0,0.693934,0.0299153,0.719417
0,0,-0.667999,0.699378,0.254261
0,0,0.101248,-0.568117,0.816696
0,0,-0.703795,-0.22716,0.673105
0,0,-0.649196,-0.751573,0.116976
0,0,0.306422,-0.222416,0.925547
0,0,0.0573995,-0.923498,0.379286
0,0,-0.250635,0.96596,0.0640637
0,0,0.641879,-0.470407,0.605565
0,0,0.89197,-0.0372387,0.450558
0,0,-0.168357,-0.534682,0.828113
0,0,0.0425804,-0.972308,0.229793
0,0,0.878847,-0.422423,0.221781
0,0,0.323539,0.873281,0.364285
0,0,0.510207,-0.534259,0.673985
0,0,0.900296,0.173655,0.399137
0,0,-0.107453,-0.883742,0.455471
0,0,0.968566,-0.221427,0.113362
0,0,-0.978094,-0.131869,0.16107
0,0,-0.778759,-0.533436,0.330123
0,0,0.0459103,-0.737657,0.673613
0,0,0.120967,0.302908,0.945312
0,0,-0.278472,0.940221,0.196054
0,0,0.516634,-0.518567,0.681306
0,0,-0.324944,0.929849,0.172602
0,0,-0.812508,0.511751,0.27918
0,0,-0.5106,-0.437573,0.740147
0,0,-0.526736,0.780684,0.336276
0,0,-0.679382,-0.0960391,0.727473
0,0,0.75674,-0.621239,0.203484
0,0,-0.195116,0.736401,0.647799
0,0,0.783727,-0.618122,0.0608053
10.5765,13.3728,0.202374,0.0468427,0.978187
0,0,-0.992167,0.0285057,0.121622
0,0,0.341605,0.543277,0.766914
0,0,-0.456445,-0.772232,0.441946
0,0,-0.0465482,-0.964883,0.258523
0,0,0.0237004,-0.51484,0.856959
0,0,-0.878567,0.474739,0.052373
0,0,0.914287,-0.0156056,0.404767
0,0,0.791622,-0.610226,0.0309777
0,0,-0.713761,0.522606,0.466292
0,0,-0.510426,-0.150842,0.846588
0,0,-0.597725,0.764094,0.242661
0,0,0.664574,0.120371,0.737463
0,0,-0.417131,0.691888,0.589316
0,0,-0.969894,-0.224654,0.0940036
0,0,0.327761,0.532463,0.78042
0,0,-0.187456,0.363352,0.912598
0,0,0.439754,0.657189,0.612143
0,0,-0.647325,-0.708577,0.280871
0,0,0.323303,-0.903253,0.282152
0,0,0.162582,0.51145,0.843793
0,0,0.525462,0.771167,0.359431
0,0,0.33173,-0.711755,0.619161
0,0,0.963495,-0.203093,0.174447
0,0,-0.710625,-0.537713,0.453737
0,0,0.555217,0.74194,0.375844
0,0,-0.302903,-0.531756,0.790877
0,0,0.712748,-0.648234,0.267922
0,0,0.757862,0.0836567,0.647029
0,0,-0.516812,0.736251,0.436852
0,0,0.263653,0.433885,0.861528
0,0,0.802211,0.456164,0.385191
0,0,-0.287619,0.315374,0.904331
0,0,0.333187,0.057455,0.941109
0,0,-0.476747,0.493251,0.72761
0,0,-0.155067,0.287585,0.945118
0,0,-0.73951,0.638908,0.211945
0,0,-0.128442,0.622131,0.772305
0,0,-0.684139,0.314203,0.658203
0,0,-0.663132,-0.744325,0.0789733
0,0,0.421909,0.753891,0.503628
0,0,0.730804,0.679231,0.0676064
0,0,-0.836502,0.530097,0.138787
0,0,-0.539522,0.469835,0.698693
0,0,0.316555,-0.881018,0.351569
0,0,0.332943,0.831632,0.444451
0,0,0.0573878,-0.899963,0.432172
0,0,0.704822,-0.708884,0.0266456
0,0,0.828261,-0.559934,0.0214079
0,0,-0.914854,-0.393157,0.0920286
0,0,-0.754141,0.490562,0.436601
0,0,-0.997438,0.0217449,0.0681466
0,0,-0.704865,0.708426,0.0360281
0,0,0.445222,0.0115021,0.895346
0,0,-0.792271,-0.496595,0.354541
0,0,-0.829232,-0.406246,0.383847
0,0,0.346188,0.697544,0.627365
0,0,-0.245216,0.3048,0.920308
0,0,-0.167026,0.983793,0.0652234
0,0,0.611224,-0.281465,0.739718
0,0,0.538426,-0.120046,0.834078
0,0,-0.620259,-0.782893,0.0485548
0,0,-0.0426086,-0.101083,0.993965
0,0,-0.618531,0.430918,0.657061
0,0,0.155304,0.190646,0.969296
0,0,0.0723943,0.960824,0.267536
0,0,0.670931,-0.0441829,0.740202
0,0,-0.476435,-0.778425,0.408735
0,0,0.0787787,0.17729,0.981001
0,0,0.602755,-0.767914,0.216783
0,0,-0.541956,0.741771,0.395043
0,0,-0.607493,-0.677217,0.415126
18.8395,26.813,0.0464622,-0.202149,0.978252
0,0,0.935835,-0.352357,0.00753629
0,0,-0.710256,0.259595,0.654329
0,0,-0.59055,-0.728578,0.347022
0,0,0.816462,0.57717,0.0162518
0,0,0.449183,-0.775405,0.443827
0,0,-0.237507,0.85159,0.467317
0,0,-0.0964891,-0.697473,0.710085
0,0,-0.539213,0.607571,0.583186
0,0,0.406464,-0.679974,0.610264
11.1475,16.4672,0.142015,-0.357332,0.923117
0,0,-0.937512,0.347877,0.00723307
0,0,-0.911356,0.244684,0.330999
0,0,-0.779192,0.555275,0.29074
0,0,0.825888,-0.310071,0.470918
0,0,-0.528534,-0.509578,0.678957
0,0,-0.527259,-0.738372,0.420482
0,0,0.571289,0.663441,0.483193
0,0,0.377792,-0.817647,0.434428
0,0,0.902354,0.345495,0.257664
0,0,0.148742,-0.777459,0.611092
0,0,-0.194416,-0.890199,0.412004
0,0,-0.648838,-0.577909,0.495006
0,0,0.386799,-0.90771,0.16263
0,0,-0.264754,-0.359544,0.894781
0,0,0.73743,0.140956,0.660551
0,0,0.518152,0.728331,0.448388
0,0,0.0295816,-0.646245,0.762557
0,0,-0.747542,-0.393191,0.535333
0,0,-0.508911,-0.764063,0.396506
0,0,-0.501185,-0.487153,0.715189
0,0,0.563546,0.826081,0.00238399
0,0,0.619815,-0.659126,0.42589
0,0,0.236575,0.956906,0.168415
0,0,0.437582,-0.452202,0.777197
0,0,-0.65197,-0.228274,0.723067
0,0,-0.796747,-0.0549166,0.601813
0,0,-0.244501,-0.61133,0.752658
13.1561,19.4733,0.228774,0.601954,0.765058
0,0,-0.191489,-0.453391,0.870499
0,0,0.742062,0.0669585,0.666979
0,0,0.487095,-0.555877,0.673602
0,0,-0.646245,-0.579684,0.496321
0,0,-0.904518,-0.39698,0.155735
0,0,0.140031,0.537524,0.83154
0,0,-0.140832,0.679033,0.720473
0,0,-0.214356,-0.842837,0.493636
0,0,-0.645988,0.588126,0.486628
0,0,0.899653,-0.435216,0.0348194
0,0,0.226996,0.895274,0.383349
0,0,0.390798,0.86573,0.312711
0,0,0.805726,0.553901,0.209759
0,0,-0.50169,-0.458127,0.733776
0,0,0.135309,0.432684,0.891334
0,0,0.21213,-0.388902,0.896525
0,0,0.729958,0.663988,0.162115
0,0,-0.494222,-0.76162,0.419141
0,0,0.586825,-0.0687449,0.80679
0,0,0.51317,-0.831822,0.211494
0,0,-0.665106,-0.507126,0.548139
0,0,0.450207,-0.539927,0.711191
0,0,-0.524369,-0.610839,0.593223
0,0,-0.362673,0.583147,0.726917
0,0,-0.740943,-0.666607,0.0814724
0,0,-0.558047,-0.716383,0.418783
0,0,0.75098,-0.175745,0.636508
0,0,0.3451,-0.230871,0.909728
0,0,-0.568628,-0.820679,0.0561094
0,0,-0.456106,-0.390447,0.799699
0,0,-0.857587,0.225745,0.462151
0,0,-0.948813,-0.255336,0.185896
0,0,0.180462,0.892673,0.413
0,0,0.642572,0.524378,0.558685
0,0,0.875234,0.433323,0.214936
0,0,0.0297964,0.82029,0.571171
0,0,0.150587,0.731275,0.665252
0,0,0.54127,-0.418465,0.729324
0,0,0.173182,-0.98453,0.0266104
0,0,-0.218542,0.96321,0.156413
0,0,-0.322235,-0.388596,0.863226
19.0349,26.3114,0.0157312,-0.200875,0.979491
0,0,-0.887454,-0.0800319,0.453895
0,0,0.754994,0.563019,0.336145
0,0,-0.523129,0.799599,0.29492
0,0,-0.0362696,0.96139,0.272789
12.7567,18.0389,-0.287129,0.306376,0.907574
0,0,-0.198098,0.917506,0.344877
0,0,-0.450955,-0.839406,0.303376
0,0,0.183479,0.521657,0.833192
0,0,0.268109,0.932377,0.242469
0,0,-0.161399,-0.574738,0.802263
19.9426,29.3427,0.971968,-0.234707,-0.0138199
0,0,0.587048,0.788077,0.185227
0,0,-0.337641,-0.330346,0.881402
0,0,-0.589736,-0.780786,0.206362
0,0,0.0864709,-0.99429,0.0625261
0,0,-0.600764,0.730506,0.32472
0,0,-0.162786,0.597325,0.785305
0,0,0.445521,-0.561678,0.697158
0,0,0.797167,0.466808,0.382905
0,0,-0.70343,-0.468796,0.534244
0,0,-0.796407,0.582145,0.163839
0,0,0.869483,0.360467,0.337733
0,0,0.966674,0.248851,0.0601264
0,0,0.913037,-0.397018,0.093484
0,0,0.664058,-0.69468,0.276489
0,0,-0.553645,-0.0717941,0.829652
0,0,-0.0289236,0.306016,0.951587
0,0,-0.510276,-0.355711,0.782999
0,0,-0.685721,-0.612054,0.393925
0,0,-0.560549,0.753564,0.343404
0,0,-0.932751,-0.327527,0.150668
0,0,-0.941398,-0.209706,0.264182
0,0,-0.189572,0.477464,0.857957
0,0,-0.21519,-0.34571,0.913333
0,0,0.00393155,0.975506,0.219938
0,0,0.127792,0.913854,0.38541
0,0,-0.44738,-0.088586,0.889946
0,0,0.294539,-0.948412,0.117313
16.1943,23.2863,0.204124,0.978867,0.0123534
0,0,0.715246,0.0909143,0.692935
0,0,-0.34258,-0.279483,0.896955
0,0,0.451188,-0.298474,0.841037
0,0,0.852521,0.244724,0.461864
0,0,0.973088,-0.0733559,0.218448
0,0,0.785095,-0.441552,0.434347
0,0,0.194651,0.565118,0.801719
0,0,-0.810183,-0.125549,0.572575
0,0,-0.491311,-0.739717,0.459817
0,0,-0.578686,-0.794761,0.182966
6.14041,8.22224,-0.498715,0.866759,0.0034672
0,0,-0.153118,-0.957465,0.244571
0,0,-0.18757,-0.5654,0.803206
0,0,0.367113,0.800231,0.474192
0,0,-0.19502,0.880391,0.432294
0,0,0.971862,-0.153406,0.17875
0,0,-0.973095,-0.209615,0.0956472
0,0,-0.123293,0.534926,0.835854
0,0,0.163592,0.809645,0.56366
0,0,-0.635032,0.675732,0.374328
0,0,-0.654737,-0.583824,0.480071
0,0,0.586673,-0.474677,0.656122
0,0,0.560995,0.79394,0.2344
0,0,0.538917,0.831709,0.133526
0,0,0.995153,0.0904283,0.0386309
0,0,-0.145906,-0.983511,0.106854
0,0,-0.967233,-0.106443,0.230499
0,0,-0.765158,0.642551,0.0407646
0,0,-0.701562,-0.552884,0.449589
0,0,0.26342,-0.963911,0.0385478
0,0,0.503179,0.862097,0.059994
0,0,-0.157654,-0.339224,0.927401
0,0,0.172318,-0.937761,0.301514
0,0,0.0385709,0.976466,0.212193
0,0,0.417276,0.374253,0.82814
0,0,0.652025,0.603748,0.458641
0,0,0.504545,0.233931,0.83109
0,0,0.480078,-0.732909,0.482047
0,0,-0.962844,-0.269552,0.0165205
0,0,-0.626738,-0.504507,0.593862
24.5383,33.7634,-0.389332,-0.693919,0.605721
0,0,-0.503144,0.863944,0.0211453
0,0,-0.542154,-0.320446,0.776778
0,0,0.973536,0.164716,0.158417
0,0,0.563173,0.80131,0.201838
0,0,-0.753645,0.215276,0.621028
0,0,0.985511,0.0495071,0.162223
0,0,0.40697,0.434584,0.803438
0,0,0.0323453,-0.552391,0.832957
0,0,0.602564,0.798064,0.00329009
0,0,-0.875189,-0.314451,0.367647
0,0,0.255445,-0.948797,0.185829
0,0,-0.150214,0.927745,0.341651
0,0,-0.248773,0.490134,0.835393
0,0,0.765581,-0.561137,0.31466
0,0,0.836086,-0.531371,0.136404
0,0,0.178701,0.727017,0.662958
0,0,0.265468,0.452402,0.851387
0,0,-0.330921,0.588026,0.738049
0,0,-0.819646,0.51824,0.244148
0,0,0.0538848,0.0892983,0.994546
0,0,-0.550908,0.51326,0.658077
0,0,-0.0143589,0.449645,0.893092
0,0,-0.184558,-0.78035,0.597488
0,0,0.0975184,-0.485563,0.868746
0,0,-0.790702,0.31504,0.524919
0,0,0.676909,0.712308,0.185506
0,0,-0.337591,-0.187936,0.922341
0,0,-0.880476,-0.378962,0.284869
0,0,0.261915,-0.724214,0.637898
0,0,-0.578614,-0.520096,0.628257
0,0,-0.0437848,0.30796,0.950391
0,0,-0.328487,-0.23669,0.914371
7.09298,10.6416,0.388765,0.0809105,0.917777
0,0,0.536171,-0.688998,0.48765
0,0,0.711442,-0.433817,0.55286
3.3104,5.16682,-0.38741,-0.0993655,0.916537
0,0,-0.793104,0.34357,0.502937
0,0,-0.270862,0.909157,0.316334
0,0,-0.514939,-0.0354126,0.856495
0,0,-0.975177,0.0491714,0.215898
0,0,-0.982485,-0.155278,0.103016
0,0,-0.98877,0.109485,0.101724
0,0,-0.730752,0.191226,0.655312
0,0,-0.820132,0.225656,0.525798
0,0,0.934115,0.0129981,0.356737
0,0,0.0799005,0.975357,0.205657
0,0,-0.872851,-0.312924,0.374445
0,0,0.0448059,0.615294,0.787023
0,0,-0.50932,-0.518329,0.68697
0,0,-0.871136,0.0800684,0.48447
0,0,0.502849,-0.764898,0.402583
0,0,0.927786,-0.0955619,0.360667
0,0,-0.821426,0.363425,0.439524
0,0,-0.918084,0.339858,0.204005
5.49972,6.83368,-0.180526,-0.313399,0.932304
0,0,-0.584354,0.29548,0.755792
0,0,-0.954323,-0.268925,0.130179
0,0,-0.202773,-0.727823,0.655101
0,0,0.800106,-0.380313,0.463888
0,0,-0.0558014,-0.703374,0.708627
0,0,0.254666,-0.531916,0.807595
0,0,0.252245,-0.507228,0.82407
0,0,-0.291061,-0.235836,0.927181
0,0,-0.132066,0.96931,0.207355
0,0,0.997271,-0.0574052,0.0464285
0,0,0.944087,0.328892,0.0229963
0,0,0.787823,-0.53586,0.303626
0,0,0.539711,0.722886,0.431448
0,0,0.300533,-0.845391,0.441581
0,0,0.282773,0.787476,0.547651
0,0,-0.552087,0.816815,0.167374
0,0,0.116925,-0.799179,0.589612
0,0,-0.184955,0.307652,0.93335
0,0,0.983553,-0.161627,0.080627
0,0,0.581908,0.749515,0.315612
0,0,-0.226154,0.787945,0.57271
0,0,0.232732,0.767733,0.59701
0,0,0.3784,0.386093,0.841277
0,0,0.784501,0.416349,0.459577
0,0,-0.129687,-0.454802,0.8811
0,0,0.789603,-0.0423335,0.612157
0,0,0.774689,-0.553421,0.305911
0,0,-0.0903161,0.0841413,0.992352
0,0,0.592113,-0.723243,0.355419
0,0,-0.498662,-0.747794,0.438338
23.7639,33.368,0.751932,-0.392282,0.529824
0,0,-0.15962,-0.454115,0.876528
0,0,0.979854,0.16296,0.115453
0,0,0.558622,-0.650628,0.514417
0,0,0.340972,0.933403,0.111791
0,0,0.615551,-0.778659,0.121598
0,0,-0.135519,0.971969,0.192124
0,0,0.558752,-0.808655,0.184049
0,0,-0.317761,-0.948171,0.000268661
0,0,0.769981,0.153858,0.619239
0,0,-0.81673,-0.521574,0.246805
0,0,0.747398,-0.0595586,0.661702
0,0,-0.263076,0.820014,0.5083
6.21948,8.68088,0.0191639,-0.442507,0.89656
0,0,-0.0905815,0.212642,0.972922
0,0,-0.678353,-0.27407,0.681706
0,0,-0.404672,-0.313812,0.858931
0,0,0.21898,-0.69759,0.682214
0,0,0.249327,-0.83043,0.498219
0,0,-0.605691,0.669977,0.429266
0,0,-0.641346,0.573019,0.51022
0,0,0.933414,-0.313699,0.174158
0,0,-0.0396774,-0.997037,0.065899
0,0,0.804206,0.206694,0.557252
0,0,-0.929217,-0.33705,0.151505
0,0,-0.98168,0.151213,0.11593
0,0,0.962968,-0.200117,0.180682
0,0,0.736489,-0.190671,0.649021
0,0,-0.762064,0.257507,0.594094
0,0,-0.94893,-0.187183,0.253957
0,0,0.514762,-0.568369,0.641854
0,0,0.463051,0.8696,0.171404
0,0,0.737039,-0.631396,0.241066
0,0,-0.216173,-0.921095,0.323811
0,0,-0.590351,0.102248,0.800644
23.6272,34.973,0.803399,0.122579,0.582688
0,0,0.822354,-0.564238,0.073276
0,0,-0.986565,0.114861,0.116173
0,0,-0.12312,0.992331,0.010976
0,0,0.515716,-0.180012,0.837635
0,0,0.195501,-0.86399,0.464005
3.28804,4.67653,0.40571,-0.665436,0.626574
0,0,0.651067,0.470547,0.595565
0,0,-0.211308,-0.739407,0.639239
0,0,0.0814495,0.772588,0.629662
0,0,-0.931475,-0.345099,0.115158
0,0,0.296795,-0.233612,0.925926
0,0,-0.194109,-0.293169,0.936148
0,0,0.55092,0.748511,0.369077
0,0,0.654691,-0.701958,0.280418
0,0,0.433252,0.277211,0.857582
0,0,-0.901315,-0.389041,0.190469
0,0,0.0231889,-0.681631,0.731328
0,0,-0.472104,-0.847004,0.244341
0,0,-0.895506,0.196961,0.399093
0,0,-0.304762,-0.786612,0.536994
0,0,0.0545922,-0.183967,0.981415
0,0,-0.177326,0.982721,0.0530587
0,0,-0.816659,-0.576893,0.0161806
0,0,-0.073992,-0.853424,0.515938
0,0,-0.30735,0.487265,0.817379
0,0,0.6138,-0.72628,0.309464
0,0,-0.416121,0.643576,0.642381
0,0,0.972809,-0.0543445,0.225145
0,0,0.859754,0.47168,0.195809
0,0,0.262756,0.639172,0.722785
0,0,-0.0736657,-0.870105,0.48733
0,0,-0.201365,-0.351032,0.914455
0,0,0.749516,-0.507313,0.425276
0,0,-0.630573,0.699721,0.335809
0,0,-0.23314,0.767744,0.596837
0,0,0.667877,-0.369311,0.646181
0,0,-0.758058,-0.535708,0.371974
0,0,-0.605172,-0.521909,0.601147
0,0,0.637861,0.380724,0.669464
0,0,0.0843345,-0.895778,0.436428
0,0,0.557753,0.136235,0.81875
0,0,-0.829295,0.279628,0.483816
0,0,-0.67712,0.357288,0.643315
0,0,-0.322171,0.114841,0.93969
0,0,0.818914,-0.538174,0.19937
0,0,0.624351,0.775863,0.090682
0,0,-0.150749,0.491643,0.857649
0,0,0.382918,0.345072,0.856913
0,0,-0.991747,-0.112168,0.0621041
0,0,-0.931858,0.214306,0.292769
0,0,0.310876,-0.725103,0.614477
0,0,-0.508534,-0.0331284,0.860405
0,0,0.896062,0.403076,0.186016
0,0,-0.840655,-0.540434,0.0350835
0,0,0.940407,-0.185115,0.28525
0,0,0.820161,0.162841,0.54847
0,0,-0.839035,0.40207,0.366551
0,0,0.355853,-0.933214,0.0497961
0,0,-0.478163,0.609676,0.632184
0,0,0.560224,-0.18745,0.806853
0,0,0.946655,0.0188417,0.321698
0,0,-0.689084,0.419984,0.590573
0,0,-0.777579,0.37843,0.502156
0,0,-0.799522,0.600202,0.0228511
0,0,-0.981692,-0.0231069,0.189067
0,0,-0.436971,-0.898811,0.0345578
0,0,0.608818,-0.124593,0.783465
0,0,-0.404006,-0.773289,0.488675
0,0,0.549475,0.68877,0.47294
0,0,0.17974,0.982271,0.0532605
0,0,-0.620686,0.541139,0.567378
0,0,-0.776077,-0.465679,0.425262
0,0,-0.586863,0.188271,0.787493
0,0,-0.54685,-0.82973,0.111817
0,0,0.720805,0.160318,0.674343
0,0,-0.916099,-0.343307,0.207129
0,0,0.154475,-0.983226,0.0969751
0,0,-0.00651947,0.972685,0.232039
0,0,-0.493934,-0.670764,0.553268
0,0,-0.842565,0.014277,0.538405
0,0,0.298058,-0.38924,0.871581
0,0,0.0621212,0.0177212,0.997911
0,0,0.0181657,-0.421422,0.906683
0,0,0.688941,0.417007,0.592846
0,0,0.663656,-0.676506,0.319219
0,0,-0.889998,0.433994,0.139831
0,0,-0.425704,0.904268,0.0327865
0,0,0.497301,0.488636,0.716887
0,0,-0.758938,0.266693,0.594044
0,0,0.333247,-0.425526,0.841353
0,0,-0.872777,-0.257354,0.414763
0,0,0.786863,-0.58912,0.183802
0,0,0.586631,-0.67697,0.444495
0,0,0.686416,0.341228,0.642181
0,0,0.244662,-0.899961,0.360848
0,0,-0.481625,-0.812827,0.327644
0,0,-0.634111,-0.758572,0.149903
0,0,0.79023,-0.0444808,0.611194
0,0,-0.832821,0.493721,0.250297
0,0,-0.787184,0.250114,0.563724
0,0,-0.329327,0.917373,0.22354
0,0,-0.782045,-0.551077,0.291068
0,0,0.440089,0.0880237,0.89363
0,0,0.241817,-0.890908,0.384458
5.06774,7.19033,-0.109987,0.418571,0.9015
0,0,0.869965,-0.414356,0.26734
0,0,-0.231498,-0.767937,0.597229
0,0,0.388575,-0.265088,0.882462
0,0,0.290128,-0.657281,0.695563
0,0,-0.135522,-0.870707,0.472761
0,0,-0.183616,0.979017,0.0883747
0,0,0.675758,-0.650162,0.347332
0,0,0.820787,-0.351814,0.450039
0,0,-0.514022,-0.857262,0.0297031
0,0,-0.218691,-0.811762,0.541496
0,0,0.230272,0.579048,0.782098
0,0,0.716651,0.694466,0.064259
0,0,0.472771,-0.862314,0.181389
0,0,0.484755,-0.560604,0.671369
0,0,0.45348,0.720261,0.524957
0,0,-0.54785,0.685075,0.480138
0,0,-0.436277,0.744492,0.505365
0,0,0.681939,0.726984,0.0803332
0,0,0.0371508,0.250978,0.96728
0,0,-0.561648,-0.664675,0.492706
0,0,0.824009,-0.208829,0.526687
0,0,-0.32925,-0.183888,0.926164
0,0,-0.662664,-0.00220461,0.748913
7.06506,11.9054,0.200017,0.323939,0.924693
0,0,-0.532449,-0.384896,0.753892
0,0,-0.100552,0.875263,0.473079
0,0,-0.158024,0.971752,0.175289
0,0,-0.0308358,-0.348246,0.936896
0,0,-0.443218,0.825283,0.349952
0,0,-0.506975,0.219935,0.833429
0,0,-0.933869,-0.312118,0.17456
0,0,-0.832939,-0.551571,0.0445154
0,0,0.65977,-0.561665,0.499235
0,0,0.148634,-0.810872,0.566034
0,0,-0.00274543,0.98999,0.141114
0,0,0.0114053,-0.826791,0.562393
0,0,-0.659885,0.444034,0.606123
0,0,0.847934,-0.341963,0.405053
0,0,0.0194931,0.775309,0.631281
0,0,0.639141,-0.604171,0.475895
0,0,-0.981781,-0.051034,0.183034
0,0,0.195308,0.406568,0.892501
0,0,0.613287,0.789352,0.028325
0,0,-0.955676,-0.292992,0.0289612
0,0,-0.181218,-0.983443,0.000540607
0,0,-0.076166,0.905948,0.416482
0,0,0.715988,-0.429933,0.550018
0,0,-0.776758,0.593326,0.211215
0,0,-0.271617,0.785372,0.556251
0,0,-0.161232,0.826902,0.538737
0,0,-0.618433,-0.680463,0.393079
0,0,-0.867646,0.495492,0.0409771
0,0,0.9008,-0.225664,0.370993
0,0,0.30162,-0.835545,0.459227
0,0,0.125403,0.572199,0.81047
0,0,-0.708953,-0.555622,0.434362
0,0,-0.329597,0.60339,0.726145
0,0,-0.359238,0.147481,0.921519
0,0,0.883402,-0.417298,0.213222
0,0,0.873067,-0.463783,0.15053
0,0,-0.268437,-0.53075,0.803894
0,0,-0.834468,-0.211568,0.508825
0,0,0.270002,0.291032,0.917823
0,0,-0.865885,-0.0540718,0.497312
0,0,-0.199435,-0.959526,0.198835
0,0,0.388835,0.486832,0.782178
0,0,-0.918465,-0.386508,0.0838609
0,0,0.441727,-0.490516,0.75118
0,0,-0.561543,0.468694,0.681906
0,0,0.0367246,0.424241,0.904804
0,0,0.789598,-0.275363,0.548371
0,0,0.919089,0.20886,0.334146
0,0,0.693481,0.712093,0.109579
0,0,0.60954,-0.637038,0.471852
0,0,0.321202,0.621976,0.714125
0,0,-0.0842544,0.791592,0.605213
0,0,0.990963,-0.103466,0.0853638
0,0,-0.932573,0.356676,0.0555859
0,0,-0.268349,0.920955,0.282544
0,0,0.497436,-0.787468,0.363938
0,0,0.644909,-0.534037,0.546715
0,0,0.734062,0.297956,0.610225
0,0,0.814005,-0.0969035,0.572717
0,0,-0.955399,-0.0733458,0.286064
0,0,-0.875034,0.320399,0.36285
0,0,-0.761084,-0.607859,0.226403
0,0,-0.178305,-0.253037,0.950883
0,0,0.538608,-0.705182,0.461108
19.3619,26.964,-0.10298,0.828082,0.551067
0,0,-0.860736,0.425993,0.278683
0,0,0.913909,0.401268,0.0612706
0,0,-0.841208,-0.540612,0.0103882
0,0,-0.130095,0.974399,0.183361
0,0,0.595244,-0.10622,0.796493
0,0,-0.90384,0.413521,0.109882
0,0,0.2541,-0.954509,0.156034
6.93193,9.52887,-0.934979,0.105849,0.338542
0,0,-0.391638,-0.480692,0.784573
0,0,0.144625,0.232502,0.961783
0,0,0.286106,-0.944993,0.158527
0,0,-0.620531,-0.382507,0.684565
0,0,-0.149284,0.890062,0.430701
0,0,0.793751,-0.608219,0.00543393
0,0,0.418398,-0.494347,0.761948
0,0,0.447356,-0.585333,0.676208
0,0,0.523709,-0.16733,0.835302
0,0,0.849794,-0.0210122,0.526696
0,0,-0.152503,-0.163302,0.974718
0,0,0.346984,-0.302697,0.887681
0,0,-0.249986,-0.277134,0.927741
0,0,0.686416,0.134013,0.714754
0,0,-0.103589,-0.950367,0.293379
0,0,0.101812,0.932535,0.346429
0,0,-0.303145,0.668443,0.679181
0,0,0.98191,-0.0742095,0.174198
0,0,0.390291,-0.898136,0.202544
0,0,0.950053,-0.105803,0.293606
0,0,0.847806,0.217577,0.483616
0,0,0.911659,0.238603,0.334584
0,0,0.538794,0.231907,0.809889
0,0,0.770981,0.451067,0.449585
0,0,-0.946886,0.0561167,0.316635
0,0,-0.0512799,0.963851,0.26146
0,0,0.468451,-0.472769,0.746353
0,0,-0.314562,0.266252,0.911132
0,0,-0.937692,-0.135713,0.319867
0,0,-0.675222,-0.264905,0.688404
12.7766,19.4405,0.634997,-0.530916,0.561166
0,0,0.720724,0.673928,0.162414
0,0,0.174079,0.841019,0.512234
0,0,0.493021,0.214174,0.843244
0,0,0.214343,-0.892525,0.396807
0,0,0.213783,0.840245,0.498283
0,0,0.665314,-0.594574,0.451486
0,0,0.720358,-0.149595,0.677278
0,0,-0.417378,-0.4858,0.76798
0,0,0.733105,-0.348046,0.584312
0,0,0.729828,0.315903,0.606265
0,0,0.608415,0.785319,0.114477
0,0,-0.447445,0.11696,0.88663
0,0,0.842889,0.216108,0.492783
0,0,-0.744404,-0.520017,0.418862
21.8206,33.2085,-0.0138788,0.410124,0.911924
0,0,0.0978934,0.747738,0.656738
0,0,0.654344,-0.643923,0.39648
0,0,-0.432165,-0.840277,0.327365
0,0,0.422975,0.904591,0.0529732
0,0,-0.239704,0.854663,0.460536
0,0,0.922219,-0.298364,0.245949
0,0,0.576325,0.779738,0.244658
0,0,0.560231,0.639878,0.52602
0,0,0.195118,-0.974282,0.112712
0,0,0.189335,-0.96531,0.1798
0,0,0.13358,-0.9804,0.14482
0,0,-0.289842,-0.914527,0.28219
0,0,0.680985,-0.0848793,0.727362
9.78108,14.0215,0.283627,-0.571962,0.769685
15.5023,21.6194,-0.534373,0.753756,0.382488
0,0,0.776276,-0.0382593,0.629231
23.5876,31.6818,-0.441769,-0.662163,0.605293
0,0,0.169074,0.451138,0.876293
0,0,-0.291958,0.53574,0.792302
0,0,0.376747,0.920285,0.105529
0,0,-0.906544,0.309497,0.287036
0,0,-0.883421,0.32182,0.340588
0,0,-0.742646,-0.167087,0.648505
0,0,0.318567,-0.946971,0.0419717
0,0,-0.0421196,-0.453087,0.890471
0,0,0.297087,-0.467479,0.832588
0,0,0.882124,0.222157,0.415336
0,0,-0.330445,-0.73531,0.591714
0,0,0.830379,0.391954,0.396034
0,0,0.0958122,-0.328704,0.93956
0,0,-0.289626,-0.875932,0.385823
0,0,-0.402996,0.730315,0.551575
0,0,0.368554,-0.927972,0.0550959
0,0,0.963081,-0.251167,0.0969009
0,0,-0.383709,-0.44189,0.810864
0,0,-0.0336029,0.592803,0.804646
0,0,-0.421744,0.319857,0.848424
0,0,-0.465878,-0.836932,0.287232
0,0,0.392869,-0.790748,0.469438
0,0,-0.338477,0.747732,0.571253
0,0,-0.30981,0.938432,0.152848
0,0,0.307164,0.951138,0.0314093
0,0,0.0298424,-0.0774032,0.996553
0,0,0.8126,-0.104663,0.573347
0,0,0.372466,0.392777,0.84083
0,0,0.0938489,-0.961256,0.259191
0,0,-0.779849,-0.613129,0.126127
0,0,-0.681741,0.602327,0.415248
0,0,0.215253,-0.0979067,0.971638
0,0,0.371635,-0.321174,0.871054
0,0,0.337764,0.336523,0.879015
0,0,-0.986506,0.0668603,0.149451
0,0,-0.975046,-0.220185,0.028363
0,0,0.429455,-0.811205,0.396881
0,0,0.106631,-0.412654,0.904625
0,0,0.82949,-0.345811,0.438589
0,0,-0.0630026,0.868605,0.491483
16.091,22.7978,0.0560118,-0.191065,0.979978
0,0,-0.740514,-0.408191,0.533872
0,0,-0.536586,0.320236,0.78072
0,0,-0.44998,-0.796323,0.404213
0,0,0.739305,-0.109467,0.664414
0,0,-0.891082,0.266308,0.367496
0,0,0.507114,0.133953,0.851406
2.42729,4.46359,-0.319362,-0.944976,-0.0709151
0,0,0.291377,-0.0935954,0.952019
0,0,-0.438414,0.889775,0.12686
0,0,-0.437473,0.732793,0.521184
0,0,0.815124,-0.558696,0.153077
0,0,0.676682,0.240206,0.695991
0,0,-0.889491,0.318383,0.327778
0,0,-0.628253,-0.769355,0.115718
0,0,-0.233075,0.744197,0.625977
0,0,0.702184,0.388209,0.596852
0,0,-0.527097,0.849791,0.00497144
0,0,-0.805979,-0.414297,0.422796
0,0,-0.260118,0.780233,0.568837
0,0,0.445593,0.855059,0.26518
0,0,-0.77275,-0.628772,0.0866226
4.65429,6.18151,0.437438,-0.0361725,0.898521
0,0,0.087471,-0.904546,0.417307
0,0,-0.271094,-0.218106,0.937517
0,0,0.191319,-0.632608,0.750469
0,0,-0.367761,0.928382,0.0534621
0,0,0.629444,0.0375704,0.776137
0,0,0.693817,0.674374,0.252662
0,0,-0.564473,-0.425597,0.707274
0,0,0.436272,-0.899411,0.0269673
0,0,-0.987519,0.155632,0.0241961
0,0,-0.603119,0.0792371,0.793706
0,0,-0.505102,0.854846,0.118786
0,0,0.130528,0.625903,0.7689
0,0,-0.280435,0.792988,0.540857
0,0,0.285316,0.687133,0.668164
0,0,0.211762,0.886464,0.411508
0,0,-0.287546,-0.115912,0.950727
0,0,-0.994508,0.02689,0.101146
0,0,-0.469017,0.737038,0.486619
0,0,-0.20589,-0.631218,0.747779
0,0,-0.558629,-0.669558,0.489516
0,0,0.421469,0.49727,0.758345
0,0,0.869473,0.478989,0.120774
0,0,-0.892716,-0.399573,0.208324
0,0,-0.331514,0.376524,0.86506
0,0,0.845168,-0.432,0.31475
0,0,-0.832678,-0.162325,0.529432
0,0,-0.739726,-0.490853,0.460292
0,0,0.506666,0.35007,0.787871
0,0,0.0462757,0.635176,0.77098
0,0,-0.504406,-0.762051,0.406021
0,0,-0.408904,0.561385,0.719475
0,0,-0.794183,0.592922,0.133106
0,0,0.927019,0.0348023,0.373396
0,0,0.744237,0.248911,0.619803
0,0,-0.641885,-0.176866,0.746125
0,0,-0.0717419,-0.997423,0.00051031
0,0,-0.178867,0.972504,0.149138
15.3741,22.3525,0.244681,-0.100011,0.964432
0,0,0.342761,-0.419505,0.840553
0,0,-0.671861,0.0856202,0.735712
0,0,0.871576,-0.431029,0.233599
0,0,0.113522,0.396988,0.910776
0,0,0.348938,0.891385,0.289268
0,0,-0.757307,0.498167,0.422276
0,0,0.17898,0.766935,0.61626
0,0,-0.361064,-0.883695,0.297853
0,0,0.61091,-0.366183,0.701925
0,0,0.617404,0.644526,0.450997
0,0,-0.48404,-0.830731,0.274938
22.0733,33.4602,0.0751844,-0.426102,0.901546
0,0,-0.24299,-0.851552,0.464559
0,0,-0.376433,0.278689,0.883533
0,0,0.795696,0.368791,0.480479
0,0,0.45068,0.866545,0.214446
0,0,-0.483558,-0.52446,0.700794
0,0,0.522662,-0.680113,0.514073
0,0,-0.253494,-0.484038,0.837525
0,0,0.295973,0.4254,0.85524
0,0,-0.431626,0.900211,0.0576171
0,0,-0.687416,-0.660529,0.301927
0,0,-0.582804,-0.597307,0.550966
0,0,-0.267763,0.898132,0.348801
0,0,-0.30639,-0.859134,0.409896
0,0,-0.9177,0.348934,0.189928
0,0,-0.712192,0.0294313,0.701367
0,0,-0.0887311,-0.0366414,0.995381
0,0,-0.566454,0.418149,0.710128
0,0,0.11923,0.834272,0.538308
0,0,0.100819,-0.749212,0.654612
0,0,-0.0217828,-0.80649,0.590846
0,0,0.772854,0.634152,0.0234205
0,0,0.576128,0.815172,0.0597545
0,0,-0.125037,0.406386,0.905106
0,0,-0.807425,-0.184563,0.560358
0,0,-0.506383,-0.549673,0.664406
0,0,0.197624,0.959397,0.201253
0,0,0.675257,0.524873,0.518206
0,0,-0.540653,-0.703643,0.461065
0,0,0.595781,-0.799469,0.0767761
0,0,0.931326,-0.0097997,0.364055
0,0,-0.227077,0.891914,0.391058
0,0,0.00798272,-0.651567,0.758549
0,0,0.474135,-0.107138,0.873909
0,0,0.779975,0.044646,0.624216
0,0,0.733706,-0.667035,0.129384
0,0,-0.93862,0.263957,0.22208
0,0,-0.339013,-0.940317,0.0295672
0,0,-0.739264,0.497814,0.453508
0,0,-0.011764,-0.995772,0.091103
0,0,-0.850917,0.482565,0.207538
0,0,0.493672,0.74162,0.454188
0,0,0.293273,-0.711897,0.638117
0,0,-0.190294,-0.767306,0.612396
0,0,0.756729,0.270722,0.595039
0,0,0.751807,-0.596939,0.28009
0,0,-0.227286,-0.758508,0.610743
0,0,-0.683011,0.678193,0.271201
0,0,-0.365563,-0.923997,0.11222
0,0,-0.154227,0.980029,0.125527
0,0,-0.426827,0.829838,0.359426
0,0,-0.574798,-0.251921,0.778552
0,0,0.589687,-0.238232,0.771696
0,0,-0.221207,-0.544684,0.808942
0,0,-0.103468,0.993251,0.0524103
0,0,0.499038,-0.864684,0.0573001
0,0,0.796157,-0.393132,0.45998
0,0,-0.921637,0.387688,0.0168239
19.3023,27.7935,-0.209614,-0.168183,0.963211
0,0,-0.457687,-0.720165,0.521426
0,0,-0.496015,0.840686,0.217294
0,0,-0.752617,-0.203828,0.626117
0,0,0.222093,0.73439,0.641362
0,0,0.749592,0.5442,0.376773
0,0,0.412525,-0.589856,0.694185
0,0,-0.65061,0.321356,0.688068
0,0,-0.245413,-0.968037,0.0517342
0,0,0.00357858,0.959897,0.28033
0,0,-0.565599,-0.735389,0.373231
10.9966,16.1582,-0.403961,-0.197338,0.893237
0,0,-0.607046,0.748655,0.26648
0,0,0.982602,0.159971,0.0943575
0,0,-0.285503,-0.462424,0.839436
0,0,0.5062,-0.149425,0.849372
0,0,-0.895585,0.158221,0.415805
0,0,-0.250664,-0.419759,0.872336
0,0,-0.748553,-0.340388,0.569038
0,0,-0.650259,0.0975596,0.753422
0,0,-0.943797,0.023115,0.329718
0,0,0.946152,-0.240639,0.216539
0,0,-0.494898,-0.538106,0.682289
0,0,-0.993955,-0.0658665,0.0878406
0,0,-0.845051,-0.534677,0.00292526
0,0,0.323692,-0.30261,0.896466
0,0,0.361026,0.932553,0.00234816
0,0,-0.398685,0.633127,0.663476
0,0,0.517653,0.344,0.78339
0,0,0.419048,-0.00805568,0.907928
0,0,0.123221,0.396511,0.909723
0,0,-0.763341,-0.198021,0.614897
0,0,0.699746,0.680519,0.217372
0,0,-0.593028,-0.479291,0.646992
0,0,-0.0297964,0.996108,0.0829478
0,0,-0.592855,-0.451316,0.666961
0,0,-0.464443,-0.612119,0.640002
0,0,-0.361361,0.464547,0.808464
0,0,-0.681613,0.484169,0.548621
0,0,0.877414,0.461095,0.132425
0,0,0.0114456,-0.987658,0.156205
0,0,-0.0613599,0.0320855,0.9976
0,0,0.0461997,0.965972,0.254489
0,0,0.762627,0.0673153,0.643326
0,0,0.107543,0.823515,0.557008
0,0,0.787669,0.491903,0.370957
0,0,-0.0904564,-0.980712,0.173266
0,0,-0.271031,-0.915081,0.298612
0,0,-0.430915,0.158571,0.888351
0,0,-0.281655,-0.113173,0.952818
0,0,-0.175727,0.03183,0.983924
0,0,0.125081,0.624504,0.770941
0,0,-0.742435,-0.196528,0.640443
0,0,0.487908,0.850177,0.197848
0,0,0.506919,-0.200909,0.838253
0,0,0.298458,0.427003,0.853576
0,0,0.85509,-0.340015,0.391421
0,0,0.792812,0.133779,0.594603
9.11775,14.0337,-0.472479,-0.565836,0.675717
0,0,0.281572,-0.945908,0.161166
0,0,-0.103995,-0.5163,0.85007
0,0,0.580105,-0.154723,0.799712
0,0,0.092906,0.640053,0.762693
0,0,-0.735091,0.40068,0.546897
0,0,-0.840872,0.164247,0.51571
0,0,-0.7012,-0.655838,0.279636
0,0,-0.208767,-0.357486,0.910286
0,0,0.0837881,-0.390219,0.916902
0,0,0.362755,-0.182883,0.913763
0,0,-0.162394,0.98167,0.0997637
0,0,0.350311,-0.263872,0.898696
0,0,0.260612,-0.924424,0.278428
0,0,-0.409745,0.557371,0.722113
0,0,0.546126,-0.422477,0.723367
0,0,0.864108,-0.00913076,0.503224
0,0,0.803686,0.252044,0.539039
0,0,-0.340077,0.443599,0.829197
0,0,-0.444193,-0.0937928,0.891008
0,0,-0.60062,0.637229,0.482902
0,0,0.461205,-0.553857,0.693204
0,0,-0.292339,0.927752,0.23198
0,0,-0.938879,0.234066,0.252426
0,0,0.362382,0.928279,0.0835265
0,0,-0.994075,0.0548223,0.0938609
0,0,0.665386,-0.47293,0.57758
0,0,-0.0339618,-0.801682,0.596785
0,0,0.562619,-0.478575,0.674111
0,0,-0.0471923,0.715086,0.697442
0,0,0.640789,-0.220933,0.73524
0,0,0.689533,-0.695846,0.200854
0,0,0.259176,-0.220621,0.940295
0,0,0.634575,-0.283207,0.719102
0,0,-0.207179,0.84032,0.500939
0,0,-0.0430815,-0.840496,0.540102
0,0,0.502061,0.316924,0.80467
0,0,-0.421912,-0.710597,0.563065
18.0727,26.3028,-0.899844,0.0701285,-0.430537
0,0,-0.0809731,0.550021,0.831216
0,0,-0.467469,-0.578269,0.668639
0,0,-0.333994,0.218062,0.917004
0,0,0.340582,-0.581104,0.739136
0,0,0.852664,-0.254283,0.456404
0,0,-0.181155,0.660938,0.728247
0,0,-0.906086,0.0544843,0.41957
0,0,-0.921026,0.106649,0.374616
11.8649,18.306,-0.083858,0.161772,0.983259
0,0,0.709633,-0.178594,0.681561
0,0,0.780795,0.261689,0.567343
0,0,0.139074,-0.935061,0.326067
0,0,-0.588116,0.343532,0.732192
0,0,-0.809103,-0.399586,0.43091
0,0,-0.85327,-0.431914,0.292198
0,0,-0.925246,0.326481,0.193209
0,0,-0.828043,-0.498436,0.256722
0,0,0.19926,0.936366,0.288986
0,0,-0.72708,-0.666656,0.16409
0,0,0.508916,-0.535751,0.673777
0,0,-0.927384,0.323314,0.188223
0,0,-0.468509,-0.0883243,0.879033
0,0,-0.538723,-0.780873,0.31625
0,0,0.562815,0.728303,0.390914
0,0,-0.54089,-0.814933,0.208141
0,0,-0.167148,-0.981496,0.0934217
0,0,0.620997,0.0268221,0.783354
0,0,0.675704,-0.0425613,0.735944
0,0,-0.0707028,-0.853598,0.516113
0,0,-0.428281,-0.109084,0.897037
0,0,-0.660142,0.608251,0.44073
0,0,0.556594,-0.648399,0.519405
0,0,-0.623472,-0.291598,0.725433
0,0,0.197,-0.652294,0.731918
0,0,-0.266001,-0.959969,0.0877671
0,0,0.551469,0.795608,0.250779
0,0,-0.716602,-0.175675,0.674996
0,0,0.953014,-0.302914,0.00266335
0,0,-0.629622,0.0222574,0.776583
0,0,-0.608484,-0.607814,0.510205
0,0,-0.391392,-0.527811,0.753809
0,0,0.530061,-0.643375,0.552362
0,0,0.19853,-0.143078,0.969595
0,0,0.072733,0.828117,0.555817
0,0,-0.490103,0.816841,0.304254
0,0,-0.768499,0.580941,0.268174
0,0,0.705537,-0.564973,0.427812
0,0,0.327508,-0.571732,0.752238
0,0,-0.121507,-0.828071,0.547297
0,0,-0.858704,0.32668,0.394852
0,0,0.749732,0.123461,0.650123
0,0,-0.446646,0.894701,0.00420601
0,0,0.389613,-0.920445,0.0313339
0,0,0.587687,-0.338389,0.734926
0,0,7.26112e-06,-0.967277,0.253723
0,0,-0.438744,-0.898397,0.0196633
0,0,0.00218032,0.854842,0.518884
0,0,0.834013,0.435822,0.33835
0,0,0.664796,0.444268,0.60056
0,0,0.711761,-0.161563,0.683589
15.7658,23.0383,-0.404151,0.404646,0.820319
0,0,-0.939135,-0.257924,0.22694
0,0,-0.727704,0.674377,0.125148
0,0,0.432849,0.414083,0.800735
0,0,-0.244604,-0.551165,0.797738
0,0,0.539414,0.815459,0.209901
0,0,0.0771849,-0.953975,0.289782
0,0,0.946711,0.022155,0.321321
0,0,0.952076,0.0996767,0.289165
0,0,-0.931475,-0.0172357,0.363397
0,0,-0.855532,0.507641,0.101814
0,0,-0.628738,-0.50738,0.589283
0,0,-0.00533668,0.639111,0.769096
0,0,-0.137719,-0.389082,0.91085
0,0,0.0910715,0.00422806,0.995835
0,0,-0.842466,-0.0973921,0.529874
0,0,-0.691505,0.6982,0.185306
0,0,-0.715362,0.634315,0.293089
0,0,-0.794552,0.600378,0.0907396
0,0,0.90286,-0.0728075,0.423725
0,0,0.325341,-0.626304,0.708446
0,0,-0.943323,0.320896,0.0846641
0,0,-0.173725,0.92562,0.336225
0,0,0.63954,0.116651,0.759856
0,0,-0.218694,0.0950419,0.971154
0,0,-0.437043,-0.866139,0.242478
0,0,0.676573,0.736332,0.00801919
0,0,-0.315593,-0.852737,0.416221
0,0,0.576424,0.797415,0.178507
0,0,0.958805,0.177976,0.2214
0,0,-0.136167,0.691428,0.709497
0,0,-0.986813,0.138348,0.0840296
0,0,-0.952537,0.257908,0.161729
0,0,-0.740651,-0.491734,0.457858
0,0,-0.994598,-0.0708464,0.0758594
0,0,-0.0127493,0.942058,0.335208
19.8682,28.6212,-0.380193,0.843452,-0.379528
23.7769,35.2705,-0.388372,0.210544,0.897128
0,0,-0.793852,0.320068,0.517065
0,0,-0.505164,0.846834,0.166378
0,0,0.228575,-0.96659,0.11601
0,0,0.908909,0.133284,0.395119
0,0,0.872754,-0.407449,0.268858
0,0,0.600388,0.797423,0.0604227
0,0,-0.644362,0.711264,0.280893
0,0,0.699423,0.688588,0.191454
0,0,0.591213,0.375844,0.713588
0,0,0.277687,-0.953938,0.113546
0,0,-0.649744,-0.613939,0.448233
0,0,-0.689085,-0.657945,0.30376
0,0,0.0299415,0.978085,0.206043
0,0,0.629242,0.768824,0.113856
0,0,0.438503,-0.735037,0.517142
0,0,-0.319113,-0.512223,0.797367
0,0,-0.653498,0.214176,0.725995
0,0,0.918085,0.328518,0.221799
0,0,-0.517133,0.823687,0.232623
0,0,0.585881,-0.80955,0.0370411
0,0,0.405254,-0.790555,0.459121
0,0,0.868846,-0.31098,0.385225
0,0,-0.303072,-0.952161,0.039216
0,0,0.484896,0.598091,0.638094
0,0,-0.667493,-0.733763,0.12667
0,0,-0.438518,-0.710439,0.550434
0,0,-0.461902,-0.766184,0.446776
0,0,-0.651769,-0.145979,0.744236
0,0,-0.719545,0.546466,0.428521
0,0,0.558747,0.825903,0.0754032
0,0,-0.643901,0.688804,0.333077
0,0,-0.0698028,-0.854877,0.514113
0,0,0.803637,-0.349099,0.481972
0,0,0.780784,-0.595414,0.189363
0,0,0.338421,0.152045,0.92863
0,0,-0.92653,0.227209,0.299865
0,0,0.886898,-0.461946,0.00414022
0,0,0.979618,-0.0708338,0.187968
0,0,0.788134,-0.529924,0.313091
0,0,-0.283203,-0.87912,0.383333
0,0,-0.989117,0.00989863,0.146797
0,0,-0.877335,0.465465,0.116729
0,0,-0.272553,-0.410636,0.870111
0,0,-0.323633,0.720055,0.613827
0,0,0.462385,-0.822738,0.33061
0,0,-0.606658,0.532427,0.590328
0,0,0.754693,0.65555,0.0263261
0,0,-0.877922,0.341632,0.335471
0,0,-0.817597,0.0336264,0.574807
0,0,0.402234,0.806,0.434249
0,0,0.994572,0.0450589,0.0937931
0,0,0.257207,-0.907754,0.331403
0,0,0.272465,0.906604,0.322231
0,0,0.502664,0.802002,0.32268
0,0,-0.287348,0.725162,0.625756
0,0,-0.0955331,0.550066,0.829639
0,0,-0.881631,0.0640171,0.467577
10.183,14.745,-0.70644,0.572162,-0.416621
0,0,0.255237,-0.535975,0.804727
0,0,-0.0882595,-0.688751,0.719606
0,0,0.925633,0.0290886,0.377304
0,0,0.00140565,0.899821,0.436257
0,0,-0.717954,-0.60537,0.34361
0,0,0.656013,0.329636,0.678961
0,0,0.785655,-0.0513326,0.616532
0,0,0.477733,0.85848,0.186503
0,0,0.519017,-0.727112,0.449366
0,0,-0.295643,-0.953677,0.0556288
0,0,0.684988,0.71272,0.151066
0,0,0.0751511,0.883306,0.462734
0,0,0.443173,0.636658,0.631082
0,0,-0.246836,0.969039,0.00598467
0,0,0.834785,-0.186945,0.517866
0,0,0.210903,-0.165636,0.963371
0,0,-0.0219482,0.86644,0.498798
0,0,0.533929,0.378422,0.75612
0,0,-0.0258064,-0.834304,0.550701
0,0,0.12751,0.543537,0.829644
0,0,0.980894,-0.13054,0.14424
0,0,0.165975,-0.872811,0.45897
0,0,0.510163,-0.227503,0.829443
0,0,0.535617,-0.514395,0.669711
0,0,-0.345709,0.206973,0.915231
0,0,-0.112189,-0.759335,0.640956
0,0,-0.851596,-0.482056,0.205927
0,0,0.189856,0.981317,0.0311552
0,0,0.936059,-0.151259,0.31767
0,0,-0.426423,-0.683432,0.592523
0,0,0.876843,-0.300067,0.37564
0,0,0.789447,-0.376237,0.484994
0,0,0.422826,-0.837248,0.346746
0,0,-0.580404,0.813753,0.0306153
0,0,0.845496,-0.416638,0.33399
0,0,-0.415306,0.30065,0.858563
0,0,0.588544,-0.690428,0.420626
0,0,0.226584,-0.418278,0.879604
0,0,0.831522,-0.380422,0.404785
0,0,-0.532626,-0.500751,0.682318
0,0,-0.00742051,0.773352,0.633934
17.5996,27.23,-0.0643354,0.150207,0.986559
0,0,0.352162,-0.92668,0.131325
0,0,0.820537,-0.517545,0.242624
0,0,0.855831,-0.053088,0.514525
0.744455,0.939032,-0.0550181,-0.0539759,0.997025
0,0,0.832242,-0.454153,0.317991
0,0,-0.624191,0.367237,0.689581
0,0,-0.245758,-0.840573,0.482742
0,0,0.779555,0.485122,0.396169
0,0,0.0823392,-0.860388,0.502944
0,0,0.414355,-0.213478,0.884724
0,0,-0.460162,0.855641,0.236917
0,0,-0.825793,0.00710803,0.563928
0,0,0.520894,0.822499,0.228396
0,0,-0.687979,0.493703,0.531923
0,0,0.254395,0.930911,0.262084
0,0,-0.40027,0.907617,0.126551
0,0,0.408167,0.863947,0.294951
0,0,0.637071,0.77007,0.0336639
0,0,0.876133,0.446945,0.180643
0,0,-0.767555,-0.196729,0.610047
17.8442,23.9696,0.243973,-0.255786,0.935441
0,0,0.802469,0.465487,0.373316
0,0,0.437146,-0.512051,0.739396
0,0,-0.777143,-0.234104,0.584161
0,0,-0.747727,0.591006,0.302682
0,0,0.925479,0.240565,0.292603
0,0,0.637133,-0.766695,0.0789942
0,0,-0.517754,0.274077,0.81044
0,0,-0.398606,-0.678787,0.616734
0,0,-0.238761,0.313713,0.919009
0,0,-0.460301,0.244038,0.853562
0,0,0.801558,0.011927,0.597798
0,0,-0.748161,-0.595934,0.291751
0,0,0.746902,0.613722,0.255895
0,0,-0.954896,0.292397,0.0517505
0,0,-0.276426,0.508018,0.815786
0,0,-0.240748,0.0473948,0.96943
0,0,0.195437,0.646822,0.737174
0,0,-0.946262,0.313853,0.0780098
0,0,-0.468017,0.535213,0.703212
0,0,-0.115494,-0.37897,0.918174
0,0,0.0971317,0.641011,0.761361
0,0,-0.51437,0.843046,0.157154
0,0,-0.937912,-0.332746,0.0979826
0,0,-0.483382,-0.0614818,0.873248
0,0,-0.964486,0.23131,0.127528
0,0,-0.192576,0.85239,0.486154
0,0,0.832012,0.048819,0.552605
0,0,0.320988,-0.911241,0.25808
0,0,0.846977,-0.402634,0.347152
0,0,0.623741,-0.723632,0.295472
0,0,-0.0778933,0.74314,0.664587
0,0,-0.794107,-0.142176,0.590915
0,0,-0.315571,0.947926,0.0430236
0,0,0.413307,-0.297469,0.860633
0,0,-0.0888141,-0.972179,0.216751
0,0,0.802694,-0.166702,0.572619
0,0,-0.218419,-0.340684,0.914455
0,0,-0.501318,-0.852208,0.149742
0,0,-0.915373,0.212039,0.342245
0,0,-0.844373,-0.248542,0.474616
0,0,0.105026,0.991842,0.072241
0,0,-0.683261,-0.651857,0.328993
0,0,0.620287,0.780571,0.0771588
0,0,0.788363,-0.320403,0.525191
0,0,-0.717846,0.695401,0.0333929
0,0,0.190908,-0.315923,0.92938
0,0,0.0595346,0.106569,0.992521
0,0,0.519482,-0.57556,0.631561
0,0,-0.758919,-0.650934,0.0180867
0,0,-0.716178,0.664603,0.213054
0,0,0.598187,-0.529356,0.601627
0,0,0.141967,-0.942343,0.303043
0,0,-0.653994,0.574911,0.491699
0,0,-0.581516,0.100973,0.807244
0,0,0.991989,-0.074914,0.101715
0,0,0.222099,0.93061,0.290926
0,0,-0.880823,0.389771,0.268754
0,0,0.574083,0.816425,0.0622852
0,0,-0.671328,-0.739766,0.0454428
0,0,0.761449,-0.0756926,0.643791
0,0,0.0823789,-0.280805,0.956223
0,0,-0.654309,0.0208536,0.75594
0,0,-0.508626,0.857647,0.0757767
0,0,0.862396,-0.506202,0.00567482
0,0,0.273658,0.306078,0.911827
0,0,0.87118,-0.490606,0.0187325
0,0,-0.853014,0.223395,0.471658
0,0,0.0228545,0.964942,0.261468
0,0,0.738112,-0.0627272,0.671756
20.6434,30.8131,-0.109787,-0.0610902,0.992076
0,0,-0.0801619,-0.872587,0.481835
0,0,-0.748188,-0.607106,0.26765
0,0,-0.799587,-0.580126,0.155288
0,0,-0.248121,0.738267,0.627214
0,0,-0.5791,-0.480598,0.658536
0,0,0.00767333,0.57089,0.820991
0,0,0.0905783,0.988964,0.117238
0,0,0.890928,0.365596,0.269418
0,0,-0.804396,0.0095584,0.594016
9.68914,13.3163,0.0969494,-0.25535,0.961976
0,0,-0.991588,0.0939388,0.089041
0,0,0.931051,0.299393,0.208588
0,0,0.6922,-0.710762,0.125209
0,0,0.888554,0.405846,0.213919
0,0,-0.669344,-0.0981569,0.73644
0,0,0.646545,-0.102765,0.755923
0,0,-0.325085,0.945309,0.026656
0,0,0.570823,0.780924,0.253613
0,0,-0.973023,-0.0955423,0.209995
0,0,0.988897,-0.139632,0.0508496
0,0,-0.94499,-0.00821723,0.326995
0,0,-0.688801,0.391137,0.610381
0,0,-0.942461,-0.196756,0.270287
0,0,0.525365,0.198668,0.827359
0,0,-0.461633,0.850934,0.250613
0,0,-0.519722,0.10335,0.848061
0,0,0.612877,0.730741,0.300665
0,0,-0.595578,-0.574545,0.561413
0,0,0.530117,-0.228669,0.816509
0,0,-0.769195,0.637971,0.036492
0,0,0.0347695,0.812758,0.581563
0,0,-0.313173,-0.465107,0.828009
0,0,0.381169,-0.54308,0.74818
0,0,-0.441183,0.891949,0.0989179
0,0,-0.819789,0.474989,0.319893
0,0,-0.826373,0.557795,0.0772832
0,0,-0.637249,-0.767716,0.0672758
0,0,-0.448552,-0.813154,0.370921
0,0,0.603497,-0.619107,0.502492
0,0,-0.58093,-0.442336,0.683271
0,0,-0.0127689,-0.459702,0.887981
0,0,0.0300688,-0.961893,0.271769
0.837614,0.700811,-0.104462,0.0524889,0.993143
0,0,-0.809786,-0.540432,0.228431
0,0,-0.299546,0.95408,0.00186059
0,0,-0.336786,-0.94055,0.0440492
5.09518,7.88948,-0.131846,0.590219,0.796403
0,0,-0.279311,0.189927,0.94123
0,0,-0.288531,0.879692,0.37801
0,0,-0.219429,-0.502412,0.836321
0,0,0.247665,0.806648,0.536638
0,0,0.0417903,-0.0402456,0.998316
0,0,-0.841617,-0.380644,0.383133
0,0,-0.0391371,-0.930469,0.364274
0,0,0.789523,-0.61309,0.0278423
0,0,0.313424,0.948435,0.0472808
0,0,-0.071424,-0.996126,0.0512939
0,0,0.810587,-0.565305,0.152903
0,0,0.48238,0.73238,0.48055
0,0,-0.329031,0.922608,0.201328
0,0,-0.62524,-0.654324,0.425365
0,0,-0.235334,-0.971223,0.036664
0,0,-0.22382,0.512779,0.828832
0,0,0.363833,0.389201,0.846255
0,0,-0.650479,0.566791,0.505594
0,0,0.840117,0.37163,0.395087
0,0,0.668257,-0.495037,0.555312
0,0,0.639581,-0.573079,0.512363
0,0,0.243264,-0.918383,0.312081
0,0,0.239768,0.28166,0.929074
0,0,0.592345,-0.516815,0.618086
0,0,-0.512863,0.629517,0.583678
0,0,-0.930261,-0.321965,0.175935
0,0,0.484044,0.804261,0.34477
0,0,0.547771,0.550143,0.63031
2.19678,2.71358,-0.330366,-0.233152,0.914603
0,0,0.39434,-0.728079,0.56071
0,0,-0.23221,-0.604555,0.761966
0,0,0.360577,-0.926435,0.108181
0,0,-0.0455988,0.756682,0.652191
0,0,0.0022638,0.996556,0.0828872
0,0,0.442911,-0.061556,0.89445
0,0,-0.824212,-0.512098,0.241724
0,0,0.884653,0.416755,0.209057
0,0,0.355867,0.0448631,0.933459
0,0,0.277153,0.584924,0.762267
0,0,-0.398663,0.914046,0.0747565
0,0,0.578773,-0.799311,0.161628
0,0,0.626444,-0.761664,0.165638
0,0,-0.759343,-0.406935,0.507743
0,0,-0.551176,0.432637,0.713464
0,0,0.237389,0.307402,0.921494
0,0,-0.481834,-0.85138,0.207335
0,0,0.482401,-0.823672,0.298083
0,0,0.858101,0.512913,0.024143
0,0,-0.771908,0.0965667,0.628357
0,0,0.446344,0.161462,0.880174
0,0,0.655063,-0.449169,0.607569
0,0,0.572402,0.788366,0.225468
0,0,0.38068,-0.924463,0.0212394
0,0,-0.332613,-0.37591,0.864905
0,0,-0.752811,-0.104579,0.649876
0,0,-0.930535,-0.175809,0.321242
0,0,0.0419624,0.992388,0.115782
0,0,0.833574,-0.491591,0.251976
0,0,-0.317807,0.916493,0.24298
0,0,-0.53197,0.841583,0.0935226
0,0,0.742642,0.492363,0.45394
0,0,-0.108466,-0.990096,0.08914
0,0,0.836321,-0.521411,0.169404
0,0,0.263361,-0.156683,0.951888
0,0,-0.775322,-0.0535025,0.629295
0,0,0.782036,-0.568234,0.255987
0,0,0.677318,-0.612295,0.407842
0,0,-0.644766,-0.764316,0.009883
0,0,-0.153162,0.937392,0.31279
0,0,0.00846939,-0.681976,0.731326
0,0,0.699215,0.562562,0.44116
0,0,-0.112605,-0.962491,0.246843
0,0,0.866146,0.168129,0.470663
0,0,-0.74023,0.667914,0.077131
0,0,-0.672724,0.675554,0.301778
0,0,-0.642075,0.707611,0.295004
0,0,-0.480212,0.623736,0.616726
0,0,0.0695558,-0.740642,0.66829
0,0,-0.490561,-0.049733,0.869986
0,0,-0.833951,0.282996,0.473751
0,0,-0.407626,-0.367399,0.835978
0,0,0.5067,-0.650892,0.565326
0,0,0.410983,0.762839,0.499169
0,0,0.818283,0.0429619,0.573209
0,0,-0.71775,0.695102,0.0408321
0,0,-0.322266,-0.888385,0.326982
14.6603,19.6672,0.338773,0.0628264,0.938768
0,0,0.585714,-0.356156,0.728074
0,0,-0.601311,0.308958,0.736865
0,0,0.855008,-0.493026,0.160896
0,0,0.523849,0.539758,0.658972
0,0,-0.077757,0.576602,0.813317
0,0,0.918134,0.174234,0.35591
0,0,-0.0902032,-0.982141,0.165111
0,0,0.230822,0.843178,0.485563
0,0,0.786059,-0.618066,0.0103252
0,0,-0.935367,0.329841,0.127649
0,0,0.572065,0.0336635,0.819517
0,0,-0.661922,0.74558,0.0772634
16.3953,24.1283,-0.170059,0.613392,0.771252
0,0,-0.440306,-0.85126,0.285459
0,0,-0.473996,0.605274,0.639509
0,0,0.538032,-0.570318,0.620693
0,0,-0.992856,0.108125,0.0504662
0,0,-0.0465877,-0.988398,0.144565
0,0,0.0864986,0.443162,0.892259
0,0,0.570563,-0.573492,0.587848
0,0,-0.321277,-0.107509,0.940863
0,0,-0.434603,0.592691,0.678113
0,0,0.698237,-0.650456,0.298951
0,0,0.483786,0.790449,0.375689
0,0,0.934266,-0.043789,0.353878
0,0,-0.812373,0.381539,0.440996
0,0,-0.536966,-0.0782365,0.839968
0,0,0.830263,-0.554138,0.0599513
0,0,0.838601,-0.541514,0.059255
0,0,0.800288,-0.553235,0.231237
0,0,0.84192,0.371341,0.391505
0,0,0.620895,-0.316853,0.717003
0,0,-0.84758,0.106719,0.519826
0,0,0.471178,0.560805,0.680801
0,0,0.99695,-0.00561844,0.0778425
0,0,0.151606,0.941118,0.302178
0,0,-0.434461,-0.815441,0.382493
0,0,0.894118,-0.429416,0.127102
0,0,0.774359,-0.477256,0.415445
0,0,0.299753,0.945594,0.126495
0,0,-0.813772,0.0273244,0.580541
0,0,0.897659,0.171514,0.405946
0,0,0.138638,-0.851113,0.506346
0,0,-0.400247,-0.158867,0.902532
0,0,-0.805949,-0.0416499,0.590518
0,0,-0.366812,-0.765698,0.528351
0,0,0.553196,-0.752688,0.35698
0,0,0.958691,0.0303799,0.282823
0,0,0.62366,0.650151,0.433996
0,0,-0.927075,-0.205716,0.313388
0,0,-0.930902,-0.0829726,0.355722
0,0,-0.477754,-0.877552,0.0406782
0,0,-0.867288,0.0622095,0.493904
0,0,-0.985161,0.166325,0.0423494
0,0,0.556843,-0.774277,0.3007
0,0,0.5593,-0.827218,0.0537908
0,0,-0.914494,0.0556173,0.40076
0,0,0.798269,-0.389268,0.459606
0,0,0.47409,-0.122845,0.871864
0,0,0.893821,-0.192904,0.404811
0,0,0.211655,-0.843854,0.493065
0,0,-0.706869,-0.641452,0.29812
0,0,0.101026,0.951981,0.289008
0,0,0.605778,-0.214778,0.766096
0,0,0.327746,-0.816813,0.474761
0,0,0.448179,-0.703038,0.552152
0,0,0.947025,0.074476,0.312406
0,0,0.0599234,-0.512542,0.856569
0,0,0.793703,-0.466405,0.390514
0,0,-0.979292,0.201092,0.0234285
0,0,-0.963034,0.0465987,0.26532
0,0,0.636123,-0.724372,0.265769
0,0,-0.832468,-0.41704,0.364794
0,0,0.245077,0.283134,0.927239
0,0,0.869579,0.461083,0.176737
0,0,-0.558241,0.215094,0.801312
0,0,-0.718116,-0.262632,0.644464
0,0,0.510146,-0.32436,0.796581
0,0,0.783934,0.386188,0.486114
0,0,-0.576529,-0.779769,0.244077
0,0,-0.77357,-0.363321,0.519219
0,0,-0.273061,-0.460579,0.844574
0,0,-0.46525,-0.318544,0.825876
0,0,0.471981,-0.537266,0.698984
0,0,0.749165,-0.1581,0.643239
4.24359,4.32951,-0.0938421,0.0976611,0.990786
0,0,-0.788431,0.244851,0.564291
0,0,-0.0224258,-0.91694,0.398395
0,0,0.124314,-0.612224,0.780851
0,0,0.63798,-0.707813,0.303285
0,0,-0.514112,-0.64661,0.563546
0,0,-0.92538,0.0761367,0.371314
0,0,0.0555538,-0.732065,0.678965
0,0,-0.585924,0.791646,0.173173
0,0,0.971925,-0.0113438,0.235019
0,0,-0.478434,-0.477678,0.736834
0,0,-0.131782,0.504834,0.853098
0,0,0.34033,-0.108822,0.933988
0,0,-0.100718,0.552809,0.827199
0,0,-0.0786777,-0.533806,0.841939
0,0,0.580153,0.499147,0.643641
0,0,0.859355,-0.47091,0.199383
0,0,-0.912952,-0.330915,0.238777
0,0,-0.935242,0.101937,0.339016
0,0,-2.70777e-05,0.493344,0.869835
0,0,0.44565,0.694055,0.565407
0,0,-0.308646,0.726818,0.613574
0,0,-0.659889,-0.169408,0.732016
0,0,0.77512,-0.438239,0.455121
0,0,-0.806823,0.020538,0.590436
0,0,-0.147871,-0.865666,0.478285
0,0,-0.648311,-0.323794,0.689094
0,0,-0.274184,0.39564,0.876523
0,0,0.742225,0.609625,0.278314
0,0,0.104632,-0.986402,0.126744
0,0,-0.832237,0.53195,0.156241
0,0,0.662755,-0.493341,0.563356
0,0,-0.0316391,-0.240804,0.970058
0,0,0.343038,0.443906,0.827812
0,0,0.135642,0.581807,0.801936
0,0,-0.702953,-0.141243,0.697071
0,0,-0.748081,0.56728,0.344338
0,0,0.0523004,0.464904,0.883815
0,0,-0.855286,0.297544,0.424208
0,0,-0.55317,-0.599046,0.578918
0,0,-0.63858,0.483582,0.598634
0,0,0.921038,0.281253,0.269418
0,0,-0.124495,0.836482,0.533665
0,0,0.405446,-0.853135,0.328289
0,0,0.523408,0.457843,0.718626
0,0,-0.403036,0.857451,0.319907
0,0,-0.0836031,-0.983518,0.160319
0,0,-0.777697,0.563026,0.279623
0,0,-0.632295,-0.131999,0.7634
11.0174,16.4269,0.0807815,0.148119,0.985665
0,0,0.555684,0.217957,0.802316
23.6515,32.2648,0.425167,0.0559397,0.903385
0,0,0.886017,0.456306,0.0822114
0,0,-0.94633,-0.0432347,0.320298
0,0,-0.540453,-0.775862,0.325498
0,0,0.837088,-0.514355,0.186341
0,0,-0.622085,-0.626872,0.469087
0,0,-0.4102,0.253999,0.875911
0,0,0.949267,0.245905,0.196019
0,0,-0.904824,0.412041,0.107312
0,0,0.799101,0.47346,0.370504
0,0,-0.774184,0.620859,0.123182
0,0,-0.00300373,0.272968,0.962018
0,0,0.533897,-0.0919129,0.840539
0,0,-0.406589,-0.908952,0.0921512
0,0,-0.652907,-0.443317,0.614152
0,0,-0.625749,0.530848,0.571523
0,0,0.284445,0.633991,0.719129
0,0,-0.40479,0.674742,0.617145
0,0,0.971919,0.150971,0.180502
0,0,-0.880847,0.333423,0.336061
0,0,-0.845481,-0.311155,0.433988
0,0,-0.544268,0.095058,0.833508
0,0,-0.685218,0.149044,0.712925
0,0,-0.290202,-0.696368,0.656395
0,0,-0.93082,0.274093,0.241757
0,0,0.669378,-0.0503217,0.741216
0,0,0.0278734,0.894233,0.446733
0,0,0.341438,0.530857,0.775636
0,0,0.408014,0.910089,0.0725488
0,0,-0.700394,-0.552034,0.452445
0,0,0.280438,0.932919,0.22587
0,0,0.473079,0.847383,0.241119
0,0,0.585161,-0.796256,0.1535
16.4611,23.5759,0.852452,-0.276326,0.443813
0,0,-0.54305,-0.801866,0.249214
0,0,0.143513,0.754567,0.640338
0,0,-0.137726,-0.388487,0.911103
0,0,0.223013,0.450353,0.86455
0,0,-0.572819,0.35049,0.740969
0,0,0.714497,0.664439,0.219122
0,0,-0.763753,-0.332615,0.553216
0,0,-0.961977,-0.168835,0.214699
0,0,-0.943783,0.330408,0.0101733
0,0,-0.881614,0.449434,0.144104
0,0,-0.0596968,0.303607,0.950926
0,0,0.441439,-0.801045,0.4043
0,0,0.116267,-0.694815,0.709728
0,0,0.0261853,0.345199,0.938164
0,0,-0.687603,-0.693289,0.215759
0,0,-0.301457,0.801987,0.515694
0,0,-0.830832,-0.554238,0.050382
0,0,-0.69343,-0.662887,0.282374
0,0,0.135441,0.695033,0.706106
0,0,-0.0403691,0.979385,0.197929
0,0,-0.651258,0.00930774,0.7588
0,0,-0.704434,-0.277134,0.653429
0,0,0.789786,-0.500624,0.35442
0,0,-0.184551,0.569064,0.801316
0,0,-0.632018,-0.765942,0.117834
0,0,-0.736142,-0.309628,0.601852
0,0,-0.0497783,0.788002,0.613657
0,0,-0.263558,0.886641,0.380005
0,0,-0.578347,0.804325,0.136293
0,0,-0.438047,-0.806699,0.396677
0,0,0.535583,-0.838131,0.103375
0,0,0.317768,0.619683,0.717647
0,0,0.155204,-0.224114,0.962125
0,0,-0.818801,-0.521803,0.239345
0,0,-0.909243,-0.366154,0.19801
0,0,-0.983116,-0.0664502,0.170491
0,0,-0.0398794,-0.976863,0.210115
0,0,-0.557748,0.00943216,0.829957
0,0,0.64054,-0.762035,0.0949311
0,0,0.533251,-0.837962,0.116031
0,0,0.170696,-0.846853,0.503689
0,0,-0.913108,-0.0412103,0.40563
10.4075,14.7233,-0.318522,-0.904384,0.283959
0,0,-0.909743,-0.0920509,0.404838
0,0,0.448214,-0.74773,0.489902
0,0,0.333957,-0.86843,0.366471
0,0,0.587368,-0.796598,0.142934
0,0,-0.821619,0.255212,0.509714
0,0,0.906922,0.368573,0.204075
0,0,-0.814848,-0.0918546,0.572351
0,0,0.15326,-0.821807,0.548766
0.382092,0.630999,0.0274302,0.377714,0.925516
0,0,-0.684037,0.0182601,0.729219
0,0,0.933947,0.0222173,0.356721
0,0,0.650305,0.398757,0.646604
0,0,-0.894388,0.394536,0.210739
0,0,0.654799,0.574076,0.491605
0,0,0.353347,0.197166,0.914479
0,0,0.356279,0.156438,0.921191
0,0,-0.354762,0.916413,0.185286
0,0,-0.0382096,-0.837038,0.545809
0,0,-0.351218,-0.492858,0.796075
0,0,0.977723,0.0321444,0.207423
0,0,0.368887,0.00196073,0.929472
0,0,0.930237,-0.192384,0.312487
0,0,-0.081482,0.902153,0.423651
0,0,0.464882,0.22291,0.856852
0,0,-0.382676,-0.775283,0.50249
0,0,-0.312568,-0.742235,0.59278
0,0,0.926634,0.260499,0.27109
0,0,-0.85137,0.158537,0.500035
0,0,0.574582,0.27839,0.769646
0,0,-0.695242,-0.717003,0.0504396
0,0,-0.769148,-0.536151,0.347783
0,0,-0.712895,-0.226883,0.663555
0,0,-0.76253,-0.294363,0.576107
0,0,0.0290167,0.630831,0.775377
0,0,0.0274343,-0.721681,0.691682
0,0,0.445393,0.430274,0.785168
0,0,-0.926476,-0.211809,0.311094
0,0,-0.494256,0.608667,0.620674
0,0,0.903527,-0.372772,0.211376
0,0,0.720627,-0.481199,0.499144
0,0,-0.800041,0.563756,0.205214
0,0,-0.0922324,0.466782,0.87955
0,0,0.394755,-0.669104,0.629657
0,0,-0.621806,0.173269,0.763764
0,0,0.735689,0.636677,0.231092
0,0,-0.0616417,-0.994606,0.0834174
0,0,0.0295045,0.912759,0.407432
0,0,0.851225,0.117357,0.511511
0,0,-0.664504,0.548337,0.507702
0,0,0.941632,-0.333984,0.0422373
0,0,-0.49794,-0.512907,0.699273
0,0,-0.338976,0.939801,0.0432425
0,0,0.589855,0.069085,0.804549
0,0,-0.702571,-0.21222,0.679232
0,0,-0.294968,-0.951383,0.0886766
0,0,0.0721046,0.245169,0.966795
0,0,-0.0207475,-0.128303,0.991518
0,0,0.927817,0.345628,0.140347
0,0,0.93195,0.259875,0.252852
0,0,0.966343,0.209221,0.149693
0,0,0.411714,0.294955,0.86226
0,0,-0.323585,-0.232117,0.917286
0,0,0.410534,0.642182,0.647351
0,0,0.654161,0.622673,0.429362
0,0,0.857704,-0.107776,0.502721
0,0,-0.578065,-0.812538,0.0749822
0,0,-0.180675,-0.977389,0.109849
0,0,0.982658,0.0342862,0.182228
0,0,-0.0978829,0.309192,0.945949
0,0,-0.558741,0.790762,0.250009
0,0,0.209886,-0.831916,0.513676
0,0,0.537567,0.836496,0.10628
0,0,0.574345,0.806662,0.139372
0,0,-0.243366,0.969742,0.0193176
0,0,-0.446094,-0.517543,0.730171
0,0,0.00950669,-0.790221,0.612748
0,0,-0.478785,0.771647,0.41872
0,0,0.941215,-0.280971,0.187535
0,0,-0.125638,-0.0730705,0.989382
0,0,-0.274513,0.663398,0.696093
0,0,0.743369,-0.580883,0.331628
0,0,-0.121707,-0.915994,0.382286
0,0,-0.13031,-0.2751,0.952544
0,0,-0.544629,-0.368973,0.753152
0,0,-0.519859,-0.77505,0.359228
0,0,-0.463295,0.884951,0.047118
0,0,-0.524352,0.193915,0.829127
0,0,0.123377,0.800132,0.586998
0,0,-0.933168,0.0280613,0.358344
0,0,0.495789,-0.439569,0.748981
0,0,0.252797,-0.897279,0.361918
0,0,-0.92845,0.350085,0.124183
0,0,0.522086,0.594261,0.611784
0,0,-0.690901,-0.494872,0.527027
0,0,-0.736098,-0.676777,0.0115015
0,0,-0.72671,-0.648233,0.227345
0,0,0.897706,-0.384576,0.215001
0,0,-0.431523,-0.749835,0.501533
0,0,-0.328089,-0.513778,0.79271
0,0,-0.691383,-0.663806,0.285223
0,0,-0.515919,-0.724623,0.456891
0,0,0.836012,-0.454015,0.308147
5.27291,7.71161,0.187377,-0.0368088,0.981598
0,0,0.956038,0.293054,0.0104772
22.8132,32.2054,-0.170889,0.967123,-0.188333
0,0,0.995553,-0.0919578,0.0204307
0,0,-0.837864,-0.334106,0.431692
0,0,-0.304538,-0.933778,0.187923
0,0,-0.951067,-0.11952,0.284931
0,0,-0.238682,0.690083,0.68324
0,0,0.956995,0.263692,0.120939
14.6953,19.9282,-0.000218902,-0.439845,0.898073
0,0,-0.604057,0.435689,0.667301
0,0,0.44876,-0.43086,0.782926
0,0,-0.926091,-0.374156,0.0486058
0,0,-0.0113599,0.437807,0.898997
0,0,-0.417788,0.471532,0.776602
0,0,-0.171246,-0.523673,0.83453
0,0,0.626459,-0.768802,0.128425
0,0,0.0719332,-0.987362,0.141214
0,0,-0.589037,0.76126,0.271142
0,0,-0.644294,-0.634887,0.426385
0,0,-0.868279,-0.42337,0.258554
0,0,0.286304,-0.856506,0.429451
0,0,0.690074,0.284848,0.665327
0,0,0.488015,-0.810554,0.323795
0,0,-0.18667,-0.37119,0.9096
0,0,0.207574,-0.823473,0.52802
0,0,0.0795448,-0.874586,0.478301
0,0,0.256861,0.90359,0.342853
0,0,-0.078679,0.628136,0.774116
0,0,0.62854,-0.146494,0.763856
0,0,0.232692,-0.89483,0.380963
0,0,-0.952592,0.228017,0.201437
0,0,0.381961,0.605431,0.698254
0,0,0.00219687,-0.825309,0.564678
20.8543,28.476,-0.957559,-0.218982,-0.187421
0,0,-0.717,0.523299,0.46051
0,0,0.189084,-0.946258,0.262382
0,0,-0.692834,0.487865,0.531007
0,0,0.768051,0.00932929,0.64032
0,0,0.298636,0.218385,0.929045
0,0,-0.670453,-0.640629,0.374283
0,0,-0.451876,-0.600048,0.660114
0,0,-0.0408056,-0.546219,0.836648
0,0,0.0157494,-0.817072,0.576321
22.8045,34.2328,-0.757485,-0.415501,0.503562
0,0,0.529281,0.0155198,0.848304
0,0,-0.798642,0.0435191,0.600231
0,0,-0.105453,0.482437,0.86956
0,0,0.949833,-0.0127955,0.312494
0,0,0.53718,0.372297,0.756857
0,0,0.354485,0.396004,0.847066
0,0,-0.0121649,-0.861199,0.508123
0,0,0.818446,-0.511138,0.262458
0,0,-0.927029,0.346879,0.142449
0,0,0.855068,-0.143419,0.498286
21.9753,32.5099,-0.881366,-0.273552,-0.38518
0,0,-0.600916,0.570495,0.559853
0,0,0.611926,0.783818,0.105717
0,0,0.827465,0.0628709,0.557986
0,0,0.102336,-0.885691,0.452856
0,0,0.416654,0.337719,0.844006
0,0,0.60464,-0.709277,0.362403
0,0,-0.345186,-0.520185,0.781188
0,0,-0.241391,0.450111,0.859727
0,0,-0.916487,-0.353026,0.188213
0,0,0.512247,0.709741,0.483602
0,0,0.53249,0.0130866,0.846335
0,0,0.183911,-0.175074,0.967226
0,0,-0.246863,0.599377,0.76145
0,0,0.956992,-0.00264503,0.290102
0,0,0.757165,0.652898,0.0206139
0,0,-0.973887,-0.192144,0.120929
0,0,-0.959621,-0.147567,0.239483
0,0,-0.487164,0.429759,0.760249
0,0,-0.470591,-0.842993,0.260591
0,0,0.59699,0.779681,0.188944
0,0,-0.599716,0.0207181,0.799945
0,0,-0.784958,0.534596,0.313127
0,0,0.0216941,0.596453,0.802355
0,0,0.19969,-0.879175,0.432638
0,0,0.222289,0.968997,0.10785
0,0,0.101298,0.978982,0.177013
0,0,0.890776,0.276512,0.360638
0,0,-0.0539331,-0.930894,0.361286
0,0,-0.0764497,-0.236002,0.968741
0,0,0.12529,-0.854489,0.504134
0,0,-0.666345,0.0333811,0.744896
0,0,0.853308,0.432178,0.291697
0,0,-0.965458,0.249244,0.0759486
0,0,-0.796124,0.184735,0.576247
0,0,-0.46557,0.107863,0.878414
0,0,0.847543,-0.509564,0.148374
0,0,-0.610103,0.602557,0.51449
0,0,-0.261965,0.336653,0.904455
0,0,-0.902021,-0.281822,0.327007
0,0,-0.749788,-0.660324,0.0423034
0,0,-0.110506,-0.840878,0.529824
0,0,0.995271,0.0412489,0.087945
0,0,0.628226,-0.725718,0.280473
0,0,0.927271,0.154779,0.3409
17.5839,25.0753,-0.764855,0.421014,0.48759
0,0,-0.354358,-0.220451,0.908753
0,0,-0.87728,0.314054,0.362973
0,0,-0.216959,-0.50608,0.834753
0,0,-0.463201,-0.881286,0.0936949
0,0,0.74328,-0.535702,0.400698
0,0,0.283517,0.430827,0.856742
0,0,0.360573,-0.262533,0.895021
0,0,-0.0111476,-0.942852,0.333025
0,0,0.432364,0.735596,0.521497
0,0,0.445081,-0.893991,0.0517982
0,0,-0.726037,0.398479,0.560432
0,0,0.0288182,-0.155739,0.987378
0,0,-0.54796,0.711287,0.44024
0,0,-0.437707,0.396227,0.807104
0,0,-0.278328,0.736151,0.61694
0,0,0.246357,-0.355154,0.901761
0,0,-0.786338,0.0896954,0.611251
0,0,0.166738,-0.932809,0.319477
0,0,-0.875674,0.459926,0.147185
0,0,-0.376949,-0.83493,0.401001
0,0,-0.119238,-0.0667898,0.990617
0,0,-0.817246,-0.384413,0.429343
0,0,-0.692944,-0.273346,0.667166
0,0,-0.486635,-0.367805,0.792405
0,0,-0.16155,0.885282,0.436093
0,0,0.704379,-0.00518044,0.709805
0,0,0.277433,0.274234,0.920775
0,0,0.988345,0.15153,0.0146108
0,0,0.862952,-0.248481,0.439967
9.14086,11.7292,-0.147557,0.115558,0.98228
0,0,0.998659,-0.0508845,0.009512
0,0,0.162316,-0.77266,0.613719
0,0,0.879529,0.240593,0.41054
0,0,0.608118,-0.75605,0.242034
0,0,-0.0976693,0.907266,0.409059
0,0,-0.345959,-0.673946,0.65277
0,0,-0.958754,0.273009,0.0790967
19.5558,26.9362,0.222769,0.0645904,0.972729
0,0,-0.465095,-0.108009,0.878647
0,0,0.664804,-0.243022,0.706382
0,0,-0.848665,0.417778,0.324391
0,0,-0.563211,0.417319,0.713188
0,0,-0.671726,0.342447,0.656898
0,0,0.751,0.587367,0.301661
0,0,-0.875578,0.27554,0.396789
0,0,-0.233574,0.845721,0.479791
0,0,0.984398,0.131799,0.116571
0,0,-0.604428,-0.636145,0.479569
0,0,0.208666,-0.653378,0.727706
0,0,0.514148,-0.673819,0.530678
0,0,0.404444,0.913311,0.0478304
0,0,-0.300177,0.158605,0.940605
0,0,-0.868078,0.335521,0.365877
0,0,0.0239935,0.87851,0.477121
0,0,-0.675179,-0.726836,0.125866
0,0,0.971625,0.185216,0.147105
0,0,-0.321071,-0.854397,0.408557
0,0,0.57884,-0.576226,0.576982
0,0,0.447599,0.254019,0.857397
0,0,-0.317564,0.846034,0.428229
0,0,0.442582,0.369372,0.81712
0,0,0.291707,0.953919,0.0703194
0,0,-0.450864,0.243835,0.858642
0,0,0.797677,0.310286,0.51714
0,0,-0.191696,-0.496948,0.846342
0,0,-0.0609882,0.334682,0.940356
0,0,-0.385786,0.673629,0.630391
0,0,0.23907,0.474665,0.847077
0,0,-0.753567,-0.657186,0.0155896
0,0,-0.749064,0.646626,0.144149
0,0,0.933695,-0.33126,0.135941
0,0,-0.425941,0.307598,0.850857
0,0,-0.235552,0.945666,0.224123
0,0,-0.268396,-0.516269,0.813284
0,0,0.000188526,0.90561,0.424112
0,0,-0.63692,0.720522,0.27419
0,0,-0.204066,-0.851727,0.482617
23.5038,31.6827,0.314391,-0.361429,0.877797
0,0,0.188467,-0.474955,0.859592
0,0,0.595812,0.051169,0.801492
0,0,-0.99775,-0.0553094,0.037895
0,0,-0.469035,-0.640552,0.608029
0,0,0.424585,0.0743014,0.902334
0,0,-0.590883,0.778021,0.213402
0,0,0.605634,-0.655566,0.451045
0,0,-0.0180351,-0.618931,0.785238
0,0,0.634451,0.366311,0.680653
0,0,0.387161,-0.285812,0.876595
0,0,0.373465,-0.866767,0.330513
1.6461,1.935,-0.370098,-0.883043,-0.288551
0,0,0.58248,0.582423,0.56701
0,0,-0.597661,0.387769,0.701738
0,0,-0.653871,-0.635094,0.411228
0,0,-0.403176,0.280224,0.871162
0,0,0.555998,0.24509,0.794227
0,0,-0.421721,-0.903361,0.0780434
10.3199,15.4813,0.585397,-0.8105,-0.0199778
0,0,-0.718822,0.657605,0.225503
0,0,0.0319963,-0.65467,0.755237
0,0,0.311866,0.428147,0.848192
0,0,-0.373389,-0.718649,0.586621
0,0,-0.472722,0.750894,0.461185
0,0,0.92951,0.301214,0.212792
0,0,-0.880547,-0.473581,0.0189055
0,0,0.569605,-0.296954,0.766399
13.7589,20.4561,-0.739456,-0.22122,0.635819
0,0,0.946755,0.0411395,0.319316
0,0,-0.184393,-0.944619,0.271465
0,0,-0.536793,0.114502,0.835908
0,0,-0.932367,0.356805,0.0581557
0,0,0.177613,0.798686,0.574939
0,0,-0.538969,-0.643606,0.5434
0,0,-0.897194,-0.436841,0.0649118
0,0,0.522202,-0.839089,0.152431
0,0,-0.246549,-0.81952,0.517301
0,0,0.552345,-0.808634,0.202549
0,0,-0.941832,0.316928,0.111846
0,0,-0.47602,-0.346157,0.808443
0,0,-0.894244,-0.38454,0.229034
0,0,-0.739667,-0.543945,0.396254
0,0,-0.826099,0.0892438,0.556414
0,0,0.995888,0.0855058,0.0299329
0,0,-0.633903,0.7321,0.249394
0,0,-0.91347,0.21755,0.343867
0,0,0.584894,0.64474,0.492148
0,0,-0.95103,-0.299548,0.0762398
0,0,-0.0988402,-0.933998,0.343334
0,0,0.691491,-0.587642,0.420139
0,0,0.991095,-0.118806,0.0601304
0,0,0.389643,-0.394787,0.832058
0,0,-0.879378,-0.451953,0.149774
0,0,-0.236006,-0.424263,0.874244
0,0,-0.606505,0.756725,0.243965
0,0,-0.685522,0.534407,0.494438
0,0,0.81596,-0.193665,0.544705
0,0,-0.127,-0.890532,0.436834
0,0,-0.173871,-0.0520435,0.983392
0,0,-0.083084,0.902682,0.422211
0,0,0.288973,0.861638,0.417223
0,0,-0.366118,0.903525,0.222711
0,0,0.242356,0.937625,0.249243
0,0,-0.0749317,-0.991688,0.104599
0,0,-0.808134,0.270825,0.523042
0,0,-0.772407,0.610727,0.174355
0,0,0.0796952,0.878103,0.471789
0,0,0.0649821,0.863533,0.500088
7.56087,10.3634,0.0262321,0.418422,0.907874
0,0,-0.738375,0.132436,0.661259
0,0,-0.34126,-0.933344,0.1114
0,0,0.0905018,0.866571,0.490779
0,0,0.242863,-0.711578,0.659298
0,0,0.0467243,0.550826,0.833311
0,0,-0.341986,0.332548,0.878896
0,0,0.214444,-0.960567,0.176986
0,0,-0.149799,0.339857,0.928471
0,0,0.855156,-0.238474,0.460259
0,0,0.658728,0.707926,0.25479
0,0,0.869333,-0.103675,0.483231
0,0,0.352483,-0.77132,0.529926
0,0,-0.37742,0.401684,0.834388
0,0,-0.799926,-0.468805,0.374621
0,0,0.387267,-0.895092,0.220984
0,0,0.45554,-0.813618,0.36126
0,0,0.118609,-0.119319,0.985746
0,0,0.370681,-0.895799,0.245233
0,0,-0.742572,-0.610306,0.275887
0,0,-0.645293,0.510987,0.567882
0,0,0.223674,-0.388723,0.893792
0,0,-0.935094,0.00285769,0.354387
0,0,-0.15573,0.649578,0.744175
0,0,-0.624463,0.249569,0.740109
0,0,-0.812484,-0.0305638,0.582182
0,0,0.954478,-0.295208,0.0427065
0,0,-0.161363,0.183966,0.969597
0,0,0.080149,0.854818,0.5127
0,0,-0.0145853,-0.92916,0.369389
0,0,-0.618561,-0.114261,0.777385
0,0,0.501556,-0.421619,0.755433
0,0,0.188173,0.82262,0.536552
0,0,0.00785985,-0.455768,0.890064
0,0,-0.685351,0.0300166,0.727594
0,0,0.250916,0.154093,0.955666
0,0,-0.801917,0.0706319,0.593245
0,0,0.440128,-0.654103,0.615172
0,0,-0.791594,-0.0774959,0.606114
0,0,-0.0804668,0.356999,0.930633
0,0,0.973981,0.204783,0.0970821
0,0,0.601763,0.772591,0.202445
0,0,-0.948496,-0.0631714,0.310427
0,0,0.10988,-0.671721,0.73261
0,0,-0.527724,0.3249,0.784823
0,0,0.551001,-0.754062,0.357476
0,0,0.535925,-0.428283,0.72757
0,0,0.695289,0.416289,0.585899
0,0,-0.222238,0.243364,0.944131
0,0,0.725126,0.345825,0.595481
0,0,-0.643364,0.76556,0.000271113
0,0,0.368072,0.55552,0.745601
0,0,0.493817,0.83891,0.228856
0,0,0.428367,-0.839784,0.333564
0,0,0.953865,0.288602,0.0827669
0,0,0.523218,0.101118,0.846178
0,0,0.528754,0.559437,0.638318
0,0,-0.171666,-0.943599,0.28311
0,0,0.352993,0.832176,0.427644
0,0,-0.891654,-0.233681,0.387745
0,0,-0.868096,0.187312,0.4597
0,0,-0.916471,-0.0113733,0.399939
0,0,-0.148279,-0.461616,0.874599
0,0,-0.143658,-0.237294,0.960757
23.9194,31.7975,0.0421104,-0.0349895,0.9985
0,0,0.415464,-0.240484,0.877244
0,0,-0.187588,-0.742713,0.642797
0,0,0.966981,0.215633,0.135831
18.231,27.7604,0.192669,-0.333729,0.922769
0,0,0.814878,-0.350877,0.461366
0,0,0.158586,0.489916,0.857224
0,0,0.11817,0.962847,0.242822
0,0,0.0198424,0.994477,0.103063
15.8006,24.3082,0.0276292,-0.645328,0.763406
0,0,-0.909411,-0.117293,0.399015
0,0,-0.954959,-0.133329,0.265099
0,0,-0.404048,0.667169,0.625804
0,0,0.0828078,0.656717,0.749577
0,0,-0.197301,-0.610995,0.766654
23.7469,34.9338,-0.517554,-0.787011,0.335786
0,0,-0.111189,0.832589,0.542617
0,0,0.197927,0.8743,0.443199
0,0,-0.123906,0.697725,0.705569
0,0,0.80115,0.148563,0.57973
0,0,0.625339,-0.439079,0.645106
0,0,-0.746307,-0.43332,0.505233
0,0,-0.30971,-0.709962,0.632482
0,0,-0.725157,0.612405,0.314813
0,0,0.0520435,0.984414,0.167992
0,0,0.443056,-0.567999,0.693598
0,0,-0.285334,0.262453,0.921793
0,0,0.373965,-0.0494465,0.926124
0,0,-0.354994,-0.891914,0.280123
0,0,0.94714,-0.320463,0.0151604
0,0,-0.78248,-0.433556,0.446938
0,0,0.416375,-0.0310418,0.908663
0,0,0.352514,0.14518,0.924476
0,0,0.995638,0.0387061,0.0848899
0,0,-0.494332,0.862575,0.1077
0,0,-0.469783,0.0995798,0.877147
0,0,0.87356,0.161305,0.45921
0,0,-0.984984,0.0350098,0.169057
0,0,0.67739,0.618173,0.398754
0,0,0.689606,0.706932,0.157132
0,0,0.607892,-0.219645,0.763036
0,0,-0.410414,0.668075,0.620674
0,0,-0.128313,0.864058,0.486763
0,0,-0.471008,-0.641047,0.605979
0,0,0.951286,0.0734125,0.299442
0,0,-0.523045,0.819196,0.23525
0,0,0.591555,0.764762,0.255346
0,0,-0.954147,-0.108405,0.279019
0,0,-0.259884,-0.963703,0.0611388
0,0,-0.583414,-0.806888,0.0925193
0,0,0.462997,-0.717244,0.520764
0,0,0.198096,-0.974194,0.108189
0,0,-0.387995,-0.885201,0.25667
0,0,-0.0447479,0.984242,0.171073
0,0,0.747507,-0.65492,0.110965
0,0,-0.989412,-0.104243,0.10098
0,0,0.406686,0.905568,0.120637
0,0,0.560964,0.0506149,0.826292
0,0,-0.00767356,-0.952705,0.3038
0,0,0.445885,0.832595,0.328591
0,0,-0.191475,0.868036,0.458096
11.2971,16.94,-0.0405596,0.431674,0.901117
0,0,-0.703592,0.0454156,0.709151
0,0,0.496091,0.539275,0.680497
0,0,0.781958,-0.456972,0.423932
0,0,-0.444435,0.693879,0.566577
0,0,0.696688,-0.0679799,0.714146
0,0,-0.908709,0.288929,0.301277
0,0,0.0179895,0.0257096,0.999508
0,0,-0.589524,-0.788168,0.176784
0,0,-0.581334,-0.578235,0.572447
0,0,-0.228994,0.721478,0.653476
0,0,-0.086258,-0.793902,0.601897
0,0,-0.686939,-0.695459,0.210837
0,0,0.525672,0.363378,0.769172
0,0,-0.865692,-0.463778,0.188381
0,0,0.418487,0.769862,0.481852
0,0,0.346638,0.936722,0.0489264
0,0,-0.246251,0.0100141,0.969154
0,0,-0.170609,-0.350286,0.920974
0,0,0.252937,0.552669,0.79409
0,0,0.873508,0.360422,0.327231
3.30778,5.27662,0.204386,0.628143,0.750775
0,0,0.911083,-0.267759,0.313421
0,0,-0.359929,0.761068,0.539654
0,0,0.977219,-0.130499,0.167373
0,0,-0.974913,-0.198544,0.10062
0,0,-0.651771,0.100047,0.751788
0,0,-0.10176,-0.913972,0.392809
0,0,-0.425627,-0.538397,0.727303
0,0,-0.698531,-0.661598,0.272658
0,0,-0.918195,0.393234,0.0477991
0,0,0.0729838,-0.934622,0.348074
0,0,0.0896755,-0.747251,0.658464
0,0,-0.611687,0.0148072,0.790962
0,0,-0.569383,-0.77702,0.26841
0,0,-0.840096,0.531921,0.106296
0,0,0.990083,-0.122269,0.0691829
0,0,-0.0402706,0.168079,0.984951
0,0,-0.06678,0.776177,0.626969
0,0,0.401052,0.599424,0.692711
0,0,-0.700788,0.554472,0.44884
0,0,-0.805302,0.44904,0.387108
0,0,0.51646,0.592397,0.618332
0,0,-0.960173,-0.0996817,0.261021
0,0,-0.743908,0.604772,0.284344
0,0,0.957351,0.158144,0.241805
0,0,0.946913,-0.237419,0.216766
0,0,-0.469282,-0.520385,0.713424
0,0,0.620349,-0.478741,0.621268
0,0,-0.993062,-0.0476895,0.107489
0,0,0.746999,0.457102,0.482752
0,0,-0.954364,0.130703,0.268526
0,0,-0.768073,-0.601594,0.219429
0,0,0.121277,0.985665,0.117285
0,0,-0.8745,-0.147586,0.462026
0,0,0.212851,-0.971888,0.100638
0,0,0.56046,0.771678,0.30066
0,0,-0.897796,-0.106102,0.42744
0,0,0.0685896,0.776766,0.626043
0,0,-0.643256,0.0809745,0.761357
0,0,-0.311099,-0.435592,0.844676
0,0,-0.701228,0.545874,0.458587
0,0,0.135224,-0.889393,0.436685
0,0,0.402852,-0.890313,0.212257
0,0,-0.563098,-0.397533,0.724492
0,0,0.0710187,0.680774,0.729043
0,0,0.751661,-0.552261,0.360573
0,0,-0.722937,0.585338,0.367071
0,0,-0.122705,-0.0471496,0.991323
0,0,-0.151814,0.959291,0.238146
0,0,-0.507296,0.330297,0.795962
0,0,-0.318667,-0.768225,0.555231
0,0,-0.0885746,-0.629726,0.771751
0,0,0.291154,0.433388,0.85288
0,0,-0.623372,0.616515,0.480953
0,0,-0.814004,0.173327,0.554396
0,0,-0.179094,-0.965196,0.190585
0,0,0.914718,0.242818,0.323002
0,0,0.736498,0.626922,0.254047
0,0,-0.390733,-0.698983,0.598958
0,0,0.0179147,-0.967491,0.252269
0,0,-0.495978,0.816431,0.295712
0,0,-0.280062,-0.959974,0.00397931
0,0,-0.826947,-0.513777,0.228455
0,0,-0.362293,-0.929515,0.0688915
0,0,-0.395228,0.380859,0.835907
0,0,-0.370011,0.463265,0.805281
0,0,-0.199633,-0.929185,0.311067
0,0,0.51209,0.0313483,0.85836
0,0,-0.0219304,-0.971642,0.235436
0,0,0.665833,-0.270354,0.695396
0,0,-0.819567,-0.000974849,0.572983
0,0,0.322147,-0.693837,0.644058
0,0,0.290141,-0.955794,0.0477098
0,0,0.513826,0.394727,0.761691
0,0,0.143691,-0.89648,0.419138
0,0,-0.746401,-0.665098,0.0230425
3.68508,5.2789,0.39693,-0.617392,0.679172
0,0,0.787159,-0.541497,0.295233
0,0,0.393394,0.0305323,0.918863
0,0,-0.669491,0.206672,0.71349
0,0,0.316767,-0.625147,0.713337
0,0,0.470023,0.116011,0.874997
0,0,0.55562,0.470515,0.685494
0,0,0.96088,-0.276563,0.0149449
0,0,0.249526,-0.967776,0.0338487
0,0,0.397284,0.486858,0.777904
0,0,-0.397486,-0.82276,0.406289
23.1114,34.9277,-0.664136,-0.167441,0.72862
0,0,0.857231,0.143306,0.494589
0,0,0.366318,0.358131,0.858809
0,0,-0.379945,-0.299909,0.875041
0,0,0.763482,0.463912,0.449312
0,0,-0.794574,0.348715,0.497041
0,0,0.132145,-0.881321,0.453663
0,0,-0.370983,-0.922462,0.10694
0,0,-0.973464,0.221939,0.0557807
0,0,0.178355,-0.572862,0.800012
0,0,-0.317448,0.695028,0.645107
0,0,-0.948792,0.26542,0.171307
0,0,0.465591,0.300186,0.832534
0,0,-0.818495,0.55031,0.165003
0,0,-0.0159357,0.954211,0.29871
0,0,-0.399843,-0.866016,0.300236
0,0,-0.93332,-0.27803,0.227184
0,0,-0.845152,-0.528415,0.08059
17.3075,24.7996,-0.432842,0.121029,0.893308
0,0,-0.33204,0.870559,0.363149
0,0,-0.173229,-0.726952,0.664479
0,0,-0.993919,0.0282199,0.106433
0,0,-0.333365,0.862921,0.379782
0,0,-0.551738,-0.185138,0.813209
0,0,-0.998187,0.0151552,0.058255
0,0,0.982782,0.141346,0.118996
0,0,-0.892528,0.239694,0.382022
0,0,0.062522,0.700137,0.711266
0,0,0.46726,-0.88406,0.0102672
0,0,-0.0773034,-0.975834,0.204381
0,0,-0.299092,-0.441104,0.846151
0,0,0.409007,0.695592,0.590648
22.1219,32.8725,-0.193993,-0.384876,0.902351
0,0,0.314595,-0.718774,0.619995
0,0,0.809192,-0.374462,0.452754
0,0,0.926459,-0.124949,0.355051
0,0,-0.621836,0.529654,0.576876
0,0,0.190744,-0.885005,0.424714
0,0,0.880674,0.452662,0.139681
0,0,0.7096,0.0250164,0.70416
0,0,0.320846,0.837249,0.442801
0,0,0.741585,-0.303546,0.598257
17.58,25.4574,-0.216893,-0.686618,0.693912
0,0,0.915282,0.200777,0.349209
0,0,-0.571347,-0.688415,0.446819
0,0,-0.162476,0.762098,0.626744
0,0,-0.0109911,0.916511,0.399858
0,0,-0.0139686,-0.693246,0.720565
0,0,0.45088,-0.495653,0.742317
0,0,-0.629815,0.774358,0.0608488
0,0,0.470628,-0.269871,0.840047
0,0,0.355577,0.152314,0.922153
0,0,0.687034,0.204659,0.697208
0,0,-0.799659,0.596572,0.0681687
0,0,0.489605,-0.602609,0.630198
0,0,0.827427,-0.379496,0.413941
0,0,-0.854012,0.155603,0.496438
0,0,0.149232,0.348675,0.925287
8.00388,11.4457,0.483117,0.0990768,0.869932
0,0,0.355235,0.405154,0.842412
0,0,-0.113723,0.96961,0.216618
0,0,-0.477228,-0.876856,0.0581077
0,0,-0.876609,0.428349,0.219257
0,0,-0.80629,0.3766,0.456145
0,0,-0.114325,0.563556,0.818129
0,0,-0.517818,0.74502,0.420488
0,0,-0.54127,-0.378426,0.75088
0,0,-0.191756,-0.601484,0.77553
0,0,0.370194,-0.245743,0.895861
0,0,-0.281628,-0.90614,0.315588
0,0,-0.350655,0.826114,0.441108
0,0,0.039038,0.965281,0.258281
0,0,0.580518,0.813989,0.0205195
0,0,-0.56476,0.371862,0.736726
0,0,0.536562,0.585849,0.607357
22.3359,32.0132,0.264519,-0.114575,0.95755
0,0,0.911357,0.384509,0.146905
0,0,0.328986,-0.534167,0.778738
0,0,0.451322,-0.506236,0.73487
0,0,-0.449442,-0.875054,0.179675
0,0,-0.30686,0.798214,0.518354
9.00949,13.837,0.270777,0.328517,0.904852
1.09481,1.45239,0.0661072,0.381659,0.921936
0,0,-0.469395,0.848092,0.24578
0,0,-0.722279,-0.357724,0.591901
0,0,-0.5762,0.798091,0.176193
0,0,0.316698,-0.382547,0.867963
0,0,0.582727,0.764706,0.275052
0,0,-0.207149,0.977316,0.0440743
0,0,0.620457,0.551562,0.557506
0,0,0.482214,-0.446917,0.753482
0,0,-0.365815,-0.117752,0.923208
0,0,0.223031,-0.966478,0.127188
0,0,0.987793,-0.146941,0.0517092
0,0,-0.630232,0.299926,0.716137
0,0,-0.0451942,-0.346375,0.937007
0,0,0.814212,-0.325432,0.480783
0,0,-0.548064,0.836006,0.0268123
0,0,0.267179,-0.558092,0.785588
0,0,-0.127966,-0.977493,0.167724
0,0,0.866739,0.303378,0.395886
0,0,0.507361,0.807758,0.300187
0,0,-0.117654,-0.671178,0.7319
0,0,-0.269851,-0.944012,0.189795
0,0,0.634833,-0.609516,0.474843
0,0,-0.965604,0.0575674,0.253565
0,0,0.147957,0.567097,0.810253
0,0,-0.0412282,0.662364,0.748047
0,0,0.530095,-0.799305,0.283038
0,0,0.440596,0.852671,0.280761
0,0,0.253522,0.470771,0.845045
0,0,-0.423846,-0.12073,0.897652
0,0,-0.510236,0.601749,0.614458
0,0,-0.994709,0.0816416,0.0623537
0,0,-0.782126,-0.414366,0.465382
0,0,-0.182624,0.960023,0.212145
0,0,0.461735,-0.882582,0.0886008
0,0,-0.108893,-0.447392,0.887684
0,0,-0.461818,-0.587978,0.664083
0,0,-0.994151,-0.0424776,0.0992897
0,0,0.296369,-0.941622,0.15973
0,0,-0.164484,0.542248,0.823961
21.1971,30.0145,0.0373631,0.0239628,0.999014
3.70034,5.28723,-0.00784134,-0.23659,0.971578
0,0,0.11459,0.499923,0.858456
0,0,-0.0122651,0.490282,0.871478
0,0,-0.949336,0.310364,0.0493389
0,0,0.642594,-0.537354,0.54619
0,0,0.429039,0.176359,0.885902
0,0,0.934462,-0.345426,0.0863784
0,0,-0.434273,0.40184,0.806183
0,0,0.490877,-0.818525,0.298424
0,0,0.109051,0.812576,0.572563
0,0,-0.987871,-0.0896925,0.126749
0,0,0.980356,-0.0897842,0.175614
0,0,0.0329611,0.668544,0.742942
0,0,-0.54454,-0.536817,0.644441
0,0,0.292567,0.547426,0.784047
0,0,0.356875,-0.88589,0.296376
0,0,-0.594061,-0.20102,0.778899
0,0,0.404382,0.6916,0.598469
0,0,-0.984715,-0.101873,0.141276
0,0,-0.436902,0.469155,0.76747
0,0,0.844455,-0.0933585,0.527428
0,0,0.573611,-0.0501955,0.817589
0,0,-0.256843,-0.907864,0.331384
0,0,0.317716,-0.122946,0.940181
24.5217,33.4485,-0.496146,0.210376,0.842366
0,0,-0.50687,0.478719,0.716876
0,0,0.529162,0.822354,0.209096
0,0,0.419275,-0.613982,0.668756
0,0,-0.159521,0.800377,0.577884
0,0,-0.789161,0.0222678,0.613783
0,0,0.717502,-0.68582,0.121826
0,0,0.0407024,0.287745,0.956842
0,0,0.73779,-0.666181,0.108945
0,0,-0.246326,0.948052,0.201297
0,0,-0.43282,-0.351164,0.830271
0,0,0.919611,-0.0752458,0.385557
0,0,-0.935971,0.283461,0.208826
0,0,-0.0701476,-0.928228,0.365339
0,0,0.422328,0.7501,0.508909
0,0,-0.527556,0.799113,0.288276
0,0,-0.690568,0.449227,0.566842
0,0,-0.761758,-0.433534,0.481428
0,0,-0.434191,-0.695993,0.571902
0,0,0.051401,-0.373045,0.926388
0,0,-0.127922,0.51448,0.847907
0,0,-0.727858,0.356332,0.585875
0,0,-0.420952,-0.0416642,0.906126
0,0,0.972518,-0.0175827,0.232164
0,0,0.546234,-0.19215,0.815295
0,0,-0.00743827,-0.917226,0.398299
0,0,0.306223,0.79787,0.51926
0,0,0.164467,0.98549,0.0419609
0,0,-0.028097,-0.679154,0.733458
0,0,-0.495987,-0.0706154,0.865454
0,0,0.309273,0.237081,0.920947
0,0,-0.840763,0.249745,0.480359
0,0,-0.0898697,-0.631065,0.770506
0,0,0.984763,0.00671316,0.17377
0,0,-0.0186988,-0.60317,0.797394
0,0,-0.228242,-0.793851,0.563653
0,0,-0.167303,-0.94931,0.266122
0,0,0.799298,-0.088237,0.594421
0,0,0.544345,0.838528,0.0236595
0,0,0.0910773,0.988914,0.117279
0,0,0.659667,-0.13454,0.739418
0,0,-0.108766,0.244743,0.963468
0,0,0.661677,0.0985983,0.743277
7.92217,11.1681,0.101717,-0.165041,0.981028
0,0,0.063655,0.638647,0.766863
0,0,-0.0767089,0.990927,0.110358
18.9771,27.0389,0.0313222,0.153664,0.987627
0,0,-0.349048,-0.647263,0.677655
0,0,-0.96194,0.272211,0.0239342
0,0,-0.46354,-0.00261731,0.886072
0,0,0.729211,0.182046,0.659629
5.51854,6.71153,0.0844193,-0.24891,0.96484
0,0,0.193739,-0.563575,0.803024
0,0,-0.98112,0.186122,0.0525661
0,0,-0.325426,0.741109,0.587244
0,0,0.490937,-0.8301,0.264414
0,0,0.792927,-0.222142,0.56738
0,0,0.756155,0.0758965,0.649977
0,0,0.569563,0.164865,0.805244
0,0,0.689212,0.186261,0.70021
0,0,-0.895404,-0.321026,0.308535
0,0,0.747157,0.457007,0.482599
0,0,0.687874,-0.392222,0.610731
0,0,-0.0943314,-0.80869,0.580622
0,0,0.133916,0.639474,0.75706
0,0,-0.142176,0.739284,0.658214
0,0,-0.526925,-0.134367,0.839223
0,0,-0.930205,-0.257621,0.26144
0,0,0.791186,0.537049,0.292578
0,0,-0.0597833,-0.361432,0.93048
0,0,-0.579944,-0.314455,0.751521
0,0,0.918834,-0.325035,0.223822
0,0,-0.115576,-0.96471,0.236594
0,0,-0.720409,-0.384579,0.577157
0,0,-0.0754696,-0.907471,0.413281
0,0,-0.483324,0.14126,0.863969
0,0,0.104109,0.820414,0.562212
0,0,-0.49233,-0.866668,0.0806053
0,0,0.313095,0.29801,0.901755
0,0,-0.54764,-0.196606,0.813288
0,0,0.921582,0.330028,0.204374
0,0,0.512404,-0.4765,0.714416
0,0,0.312989,0.929926,0.19307
0,0,-0.15534,0.559879,0.813882
0,0,0.288244,0.956567,0.0435384
0,0,-0.864048,-0.222634,0.451502
0,0,-0.731545,0.624978,0.272477
0,0,0.606318,0.405765,0.68391
0,0,-0.989564,-0.0581045,0.131856
0,0,-0.170198,-0.619671,0.766186
0,0,0.718135,-0.507322,0.476347
0,0,0.284098,-0.405414,0.868866
0,0,-0.745952,-0.216061,0.629978
0,0,0.0372857,0.019864,0.999107
0,0,0.517706,-0.655756,0.549512
0,0,-0.961202,-0.106787,0.254337
0,0,-0.80182,0.596758,0.0310629
23.3839,29.8724,-0.263927,-0.208991,0.941629
0,0,0.331186,-0.816099,0.473601
0,0,0.764043,0.6399,0.0822589
0,0,-0.44611,-0.194937,0.87349
0,0,-0.416471,0.851044,0.319806
0,0,-0.250904,-0.457001,0.853344
0,0,-0.652629,-0.709141,0.266822
0,0,0.629034,-0.768871,0.114693
0,0,-0.81745,0.502883,0.280864
0,0,0.68309,-0.66181,0.308861
0,0,-0.559649,-0.406607,0.722124
0,0,0.74239,0.285498,0.606093
0,0,-0.413909,-0.248784,0.875663
0,0,0.412161,0.44913,0.792721
0,0,0.430503,-0.194471,0.88139
0,0,-0.591591,-0.59935,0.539259
0,0,0.533524,0.812398,0.235289
0,0,0.222233,-0.584099,0.780667
0,0,0.433563,-0.0563044,0.899363
0,0,0.938019,0.346123,0.0178728
0,0,0.897902,0.357994,0.256148
0,0,-0.282791,-0.680627,0.675852
0,0,0.443503,0.61705,0.650042
0,0,0.714344,-0.699458,0.0217214
0,0,0.0686641,-0.966748,0.246341
0,0,-0.830409,0.310641,0.462519
0,0,0.896688,-0.0114593,0.442516
0,0,0.145584,-0.309853,0.939572
11.4182,13.6817,-0.266062,-0.123313,0.956036
0,0,-0.0274413,0.675017,0.737292
0,0,0.870552,-0.487729,0.0652667
0,0,-0.623464,-0.229882,0.747293
0,0,0.321735,-0.0989675,0.941643
0,0,0.938698,0.315378,0.139219
0,0,-0.482462,0.875029,0.0394355
0,0,0.394604,0.168912,0.903192
0,0,-0.810769,-0.583966,0.0404714
0,0,0.0179757,-0.996722,0.0788859
0,0,-0.338032,0.657541,0.673331
0,0,0.792168,0.258274,0.552959
0,0,-0.909547,0.379696,0.168983
0,0,0.000465657,-0.9998,0.0199837
0,0,0.126008,0.091769,0.987776
0,0,0.0304271,0.23769,0.970864
0,0,0.0918782,-0.899477,0.4272
0,0,-0.433198,0.52344,0.733723
0,0,0.305843,0.24807,0.919196
0,0,-0.911194,-0.339554,0.233298
0,0,-0.563181,0.103423,0.819836
0,0,0.0247665,-0.775428,0.630951
0,0,0.606758,0.116171,0.786352
0,0,0.830241,0.554394,0.0578635
0,0,0.263126,0.798177,0.541921
0,0,0.923348,-0.0247126,0.383169
0,0,0.0254485,0.909828,0.414204
0,0,-0.484323,-0.855666,0.18239
0,0,-0.828055,-0.554873,0.0802584
0,0,0.181735,0.983252,0.0137113
0,0,-0.00461049,0.0957506,0.995395
0,0,0.0883384,0.985363,0.145798
0,0,0.288123,-0.255983,0.922745
0,0,0.267933,-0.808699,0.523658
0,0,0.355418,-0.22056,0.908312
0,0,0.79337,-0.199071,0.57527
0,0,-0.958143,-0.0932019,0.270693
0,0,-0.988595,-0.0986443,0.113795
0,0,-0.769544,0.625821,0.127081
0,0,0.453098,-0.795023,0.403287
0,0,-0.340064,-0.939262,0.0463088
0,0,-0.92473,0.354516,0.138536
0,0,0.0594504,-0.342393,0.937674
0,0,0.422032,-0.137949,0.896024
0,0,-0.11668,-0.778833,0.616284
0,0,0.678247,-0.734427,0.0244448
0,0,-0.382266,0.716987,0.582926
0,0,0.637895,0.19363,0.745384
0,0,0.188052,0.977609,0.0944358
0,0,0.313539,-0.939056,0.140951
0,0,-0.340059,0.731129,0.591447
0,0,-0.249637,0.300495,0.920535
0,0,-0.808385,-0.575719,0.122726
0,0,0.925575,-0.116236,0.360278
0,0,0.33623,-0.617189,0.711356
0,0,-0.5299,-0.832994,0.159146
0,0,0.363611,0.576411,0.731804
0,0,0.109847,0.608007,0.786296
0,0,-0.720676,-0.29508,0.627339
0,0,0.263035,0.67981,0.684595
0,0,-0.690528,-0.459597,0.558517
0,0,0.925088,0.23378,0.299263
0,0,0.75581,-0.523823,0.392886
0,0,-0.874265,0.321677,0.363573
3.95066,5.29318,0.091426,-0.0675949,0.993515
0,0,0.077434,-0.650639,0.755429
0,0,-0.0224657,0.996559,0.0797894
0,0,-0.245959,-0.499027,0.830949
0,0,0.747137,-0.636323,0.192038
0,0,-0.538442,0.58265,0.608769
0,0,0.530207,0.0874396,0.843347
0,0,0.249794,-0.803312,0.540641
0,0,0.135916,-0.804445,0.578268
0,0,0.849796,-0.19577,0.489408
0,0,-0.375994,-0.924575,0.0615635
0,0,0.261752,0.699681,0.66478
0,0,-0.146331,0.62765,0.764619
0,0,-0.459858,-0.256195,0.850232
0,0,0.020958,0.565391,0.824557
0,0,0.17365,-0.0333867,0.984241
0,0,-0.160826,0.45535,0.875666
0,0,0.718902,-0.67836,0.151679
0,0,0.648952,-0.699268,0.29981
0,0,-0.791926,-0.0360694,0.609551
0,0,0.694085,0.274634,0.665448
0,0,0.945366,-0.264768,0.190213
0,0,-0.042492,-0.468649,0.882362
0,0,-0.920707,-0.325549,0.215212
0,0,-0.123604,0.520219,0.845041
0,0,-0.264577,0.105,0.958631
0,0,-0.201369,-0.972847,0.114105
0,0,-0.0234989,0.0924989,0.995435
0,0,-0.715665,0.685643,0.133108
0,0,0.630241,-0.433903,0.643836
0,0,0.914688,-0.210948,0.344742
0,0,-0.961256,0.230552,0.151103
0,0,-0.0703732,0.741753,0.666971
0,0,0.541697,-0.441975,0.714999
0,0,-0.254663,0.469312,0.845514
0,0,0.0662832,0.820243,0.568162
0,0,-0.790309,-0.337731,0.511223
0,0,-0.366865,0.46794,0.804017
0,0,-0.34345,0.845626,0.408606
0,0,0.739671,0.334173,0.584137
0,0,0.207949,-0.977135,0.0443222
0,0,-0.175767,0.200064,0.963888
10.1439,15.1806,-0.240706,0.172892,0.955075
0,0,0.433995,-0.169627,0.884802
0,0,0.139076,0.990276,0.00332862
0,0,-0.654221,-0.672043,0.34692
0,0,0.929863,-0.366208,0.0353005
0,0,0.644653,0.735272,0.20928
0,0,-0.213154,-0.917182,0.336664
0,0,-0.651536,0.124289,0.748367
0,0,-0.877402,0.343976,0.334434
0,0,-0.820113,-0.55133,0.153136
0,0,0.895491,-0.311549,0.317858
0,0,0.70658,0.494274,0.506397
0,0,0.218116,-0.962244,0.162822
0,0,-0.698017,-0.669388,0.254347
0,0,-0.322473,-0.12085,0.938832
0,0,-0.669526,-0.466815,0.57777
0,0,-0.111364,-0.925575,0.361814
0,0,0.294677,-0.747423,0.595419
0,0,0.901695,-0.197007,0.384883
0,0,0.877393,0.376407,0.297489
0,0,-0.924032,0.155476,0.349273
0,0,0.492715,0.851792,0.177995
0,0,0.189226,-0.61751,0.763463
0,0,-0.813716,0.0387282,0.57997
0,0,0.787727,-0.574835,0.221476
0,0,0.347223,-0.83308,0.430597
0,0,0.00421652,0.974422,0.224686
0,0,0.605226,0.687496,0.401311
0,0,0.246474,-0.837606,0.487512
22.2174,31.276,-0.610434,-0.125662,0.782035
0,0,0.405868,-0.469062,0.78438
0,0,0.15917,-0.671618,0.723598
0,0,0.751126,0.510634,0.418405
0,0,0.156306,-0.942524,0.295327
0,0,0.481687,0.157884,0.862003
0,0,0.944243,0.0790753,0.319613
0,0,0.691931,-0.265876,0.671224
0,0,-0.563311,0.354095,0.746524
0,0,0.2595,0.858292,0.442714
0,0,0.976319,0.215871,0.0141479
0,0,-0.772986,0.530623,0.347753
0,0,-0.898296,0.10794,0.425925
0,0,0.237544,0.388913,0.890123
0,0,0.478487,-0.753217,0.451347
0,0,-0.670764,0.426483,0.606785
0,0,0.348731,0.768387,0.536626
0,0,0.852006,-0.507892,0.127012
0,0,0.73658,0.266008,0.621844
0,0,-0.302519,-0.146124,0.941876
0,0,0.577959,-0.657375,0.483551
0,0,-0.974032,0.211529,0.0807333
0,0,0.0866001,-0.0942312,0.991777
0,0,-0.163594,0.984454,0.0639387
0,0,-0.762789,0.154573,0.627901
0,0,0.504017,-0.70446,0.499703
0,0,-0.705713,0.413633,0.575219
0,0,0.639119,-0.767492,0.0498323
0,0,-0.899638,-0.373826,0.225625
0,0,0.0611679,-0.549015,0.833571
0,0,-0.616779,0.0945641,0.781436
0,0,-0.975019,0.210339,0.0713886
0,0,0.0165989,0.62171,0.783072
0,0,0.539027,0.196905,0.81895
0,0,-0.672092,-0.313549,0.670805
0,0,0.75366,0.605035,0.256767
0,0,0.247997,-0.329953,0.910839
0,0,-0.531826,0.339225,0.775943
0,0,0.306123,0.950481,0.0536056
0,0,-0.502939,0.538657,0.675944
0,0,-0.903617,0.257318,0.342437
0,0,-0.872056,0.487055,0.0479148
0,0,0.881386,0.440805,0.169853
0,0,-0.164672,0.909641,0.38136
0,0,-0.376155,0.924789,0.0572012
0,0,-0.272831,0.545676,0.792339
0,0,-0.393576,0.897061,0.200944
0,0,-0.0910499,-0.786449,0.610907
0,0,-0.871995,-0.434663,0.225148
0,0,-0.787405,-0.57037,0.233819
0,0,0.671339,0.523239,0.524904
0,0,-0.121296,-0.9849,0.123527
0,0,0.0318163,-0.997622,0.0611396
0,0,0.989356,0.0698822,0.127635
0,0,-0.0504171,0.853894,0.517999
0,0,-0.481547,0.823437,0.300106
0,0,-0.602616,-0.649272,0.464005
0,0,-0.625975,0.313985,0.713841
0,0,-0.00129487,0.0322305,0.99948
0,0,-0.974639,-0.203003,0.0941777
0,0,0.149319,-0.897153,0.415717
0,0,0.724025,0.0107894,0.68969
0,0,0.473332,-0.656907,0.586882
0,0,-0.675964,0.581914,0.45216
0,0,-0.587031,0.433494,0.683724
0,0,0.9391,0.225597,0.259224
0,0,0.770227,-0.553444,0.316939
0,0,-0.0927535,0.72365,0.683906
0,0,-0.371019,-0.747757,0.55064
0,0,0.741227,0.50759,0.439244
0,0,-0.330607,-0.335015,0.882306
0,0,0.961249,0.12374,0.246352
0,0,-0.799142,0.578984,0.16171
0,0,-0.607471,0.648971,0.458056
0,0,0.0646,0.459532,0.885809
0,0,-0.208968,0.524861,0.825139
0,0,0.862592,-0.101594,0.495594
0,0,0.0362173,0.63623,0.770649
0,0,-0.0471939,-0.0805142,0.995636
0,0,0.867833,0.401324,0.292923
0,0,0.499075,0.0621995,0.864324
0,0,-0.365284,-0.659605,0.656878
0,0,-0.872339,0.421289,0.248073
0,0,0.910607,-0.098548,0.401352
0,0,-0.949748,-0.308269,0.0543071
0,0,0.711289,-0.217096,0.668533
0,0,-0.956176,-0.0362435,0.29054
0,0,-0.627203,-0.743977,0.230467
0,0,0.528299,0.591543,0.609078
0,0,-0.573351,-0.341291,0.744842
0,0,-0.44675,0.259414,0.856223
0,0,-0.0659098,0.901447,0.427843
0,0,0.985945,-0.117353,0.118917
0,0,0.301366,0.825836,0.476628
0,0,0.74988,-0.362981,0.553105
0,0,0.500372,0.865811,0.00064105
0,0,-0.83072,-0.42971,0.353912
0,0,-0.314097,0.270234,0.910119
0,0,-0.656737,-0.0787684,0.749994
0,0,-0.389087,0.917457,0.0829723
0,0,0.630172,-0.435802,0.642619
0,0,-0.311651,-0.754738,0.577273
0,0,-0.312755,-0.441272,0.841108
0,0,-0.416904,0.159982,0.894761
12.6165,19.5153,-0.212977,-0.0164681,0.976918
0,0,-0.0700914,-0.528348,0.84613
0,0,0.527422,-0.30906,0.791396
0,0,-0.0433585,-0.955862,0.290598
0,0,0.888541,0.329236,0.319528
0,0,0.173054,0.0995678,0.979867
0,0,0.463207,0.846363,0.262885
0,0,0.433443,-0.219659,0.874001
0,0,0.612551,0.734651,0.291667
0,0,0.917599,0.146321,0.369597
0,0,0.586737,-0.0458458,0.808479
0,0,0.113127,-0.993568,0.00499626
0,0,0.956465,-0.0751394,0.282008
0,0,-0.456147,-0.131774,0.880094
0,0,0.62818,-0.70786,0.322992
0,0,0.12177,0.846955,0.517532
0,0,-0.572534,0.151794,0.805707
0,0,0.982983,-0.00255137,0.183681
0,0,0.491854,0.18374,0.85107
0,0,0.599843,-0.776102,0.194561
0,0,-0.0701202,0.740983,0.667853
18.1391,24.8337,-0.26927,0.0243494,0.962757
0,0,-0.0675686,0.997547,0.0182701
0,0,-0.473351,0.480356,0.738375
0,0,0.389735,-0.106,0.914806
0,0,-0.361334,-0.897013,0.254571
0,0,-0.640759,-0.640576,0.42319
0,0,0.779944,-0.604805,0.16093
0,0,-0.941018,-0.1741,0.290128
0,0,0.296852,-0.896061,0.330082
0,0,-0.953427,0.154214,0.259221
0,0,-0.496373,0.221056,0.839492
0,0,0.463571,0.398929,0.791175
0,0,0.253436,0.865114,0.432837
0,0,0.92466,0.249061,0.288051
0,0,-0.454916,0.401004,0.79514
0,0,-0.988844,-0.148766,0.00754126
0,0,-0.0706696,-0.640002,0.765116
0,0,0.4242,0.246529,0.871366
0,0,-0.776347,-0.59682,0.20271
0,0,-0.697659,0.330192,0.635802
0,0,0.753378,-0.657412,0.0152041
0,0,0.953767,0.131551,0.270228
0,0,-0.816675,0.575708,0.0400265
0,0,0.282969,0.783312,0.55349
0,0,-0.207306,0.766596,0.607746
0,0,0.279624,-0.684823,0.672925
0,0,0.468507,0.00789788,0.883424
0,0,-0.788519,-0.477975,0.387012
0,0,0.677926,0.546487,0.491699
0,0,0.567016,0.821351,0.0622474
0,0,0.924368,-0.359066,0.1289
0,0,0.281411,0.763582,0.581163
0,0,-0.367683,-0.33405,0.867882
0,0,0.904507,0.405485,0.132094
0,0,-0.743754,0.219484,0.631393
0,0,-0.870622,-0.488423,0.058821
0,0,-0.603442,-0.797118,0.0214519
0,0,-0.177386,-0.958478,0.223278
0,0,-0.995866,0.0778381,0.0468119
0,0,-0.819173,0.0444783,0.571819
0,0,0.564909,-0.677723,0.470712
0,0,0.429807,-0.460309,0.776776
0,0,0.165892,0.893863,0.416519
0,0,-0.779596,0.0309904,0.625516
0,0,-0.615007,-0.726285,0.307045
14.6669,20.0735,0.324645,0.256326,0.910441
0,0,-0.987317,-0.152197,0.0451722
0,0,-0.0138343,0.462902,0.886301
0,0,0.641445,-0.74376,0.188067
0,0,0.498049,-0.761769,0.414312
0,0,-0.414371,-0.224814,0.881904
0,0,-0.9414,0.0500806,0.333553
0,0,-0.49047,-0.262525,0.830975
0,0,0.738463,0.320678,0.593159
0,0,0.672171,0.696232,0.251887
0,0,-0.78527,0.592191,0.180722
0,0,0.0502368,0.159582,0.985906
0,0,-0.658386,0.438474,0.611775
0,0,0.595092,0.794033,0.124009
0,0,-0.0898877,0.40058,0.911842
0,0,0.528603,-0.754824,0.388355
0,0,-0.432205,-0.571529,0.697534
0,0,-0.806703,0.276687,0.522182
0,0,-0.180068,0.926741,0.329738
0,0,0.873987,0.434581,0.217452
0,0,-0.448457,0.891148,0.0688631
0,0,-0.356184,-0.913339,0.197345
0,0,0.750837,-0.49416,0.438236
0,0,0.397018,0.146116,0.906105
0,0,0.303963,0.949451,0.0784153
0,0,-0.884851,-0.142827,0.443439
0,0,-0.843191,-0.36603,0.393764
0,0,-0.532221,-0.126337,0.837126
0,0,0.0768,-0.678558,0.730521
11.3538,16.5611,-0.173668,0.333202,0.926723
0,0,-0.25677,0.719501,0.645281
0,0,0.809557,0.582539,0.072569
0,0,0.483315,-0.799924,0.355709
0,0,0.113627,0.975298,0.189429
0,0,-0.30222,0.610506,0.732083
0,0,0.966615,0.256161,0.00608544
0,0,-0.00184197,-0.378471,0.925611
0,0,0.0395632,0.604346,0.795739
0,0,0.148381,0.971731,0.183634
0,0,-0.598858,0.590315,0.5412
0,0,0.813316,0.572382,0.104385
0,0,0.610339,0.422497,0.670061
0,0,-0.0958565,0.157588,0.982842
0,0,-0.865096,-0.494433,0.0845205
0,0,-0.626168,0.742081,0.239227
0,0,-0.519592,0.653209,0.550766
0,0,0.0475969,0.995174,0.0858136
0,0,-0.381091,-0.33087,0.863305
0,0,-0.480029,-0.847391,0.226938
0,0,0.582555,0.0262459,0.812367
0,0,0.176085,-0.947042,0.268525
0,0,-0.869179,0.492723,0.0418645
0,0,0.679759,0.552882,0.481922
0,0,0.674897,-0.631356,0.381975
0,0,0.0946834,-0.944143,0.315642
0,0,0.223302,0.871342,0.436921
0,0,0.150127,-0.466165,0.871867
0,0,0.330493,-0.782085,0.528316
0,0,0.805222,-0.567151,0.17308
0,0,-0.816676,0.443894,0.368779
0,0,0.259757,-0.791152,0.553718
0,0,-0.466253,-0.710626,0.526896
0,0,-0.22768,0.469836,0.852887
0,0,-0.0774868,-0.113565,0.990504
0,0,0.518135,-0.854844,0.0278762
0,0,-0.750933,-0.310574,0.582789
0,0,-0.266059,0.963625,0.0252808
0,0,0.242103,0.878929,0.410937
0,0,-0.934597,-0.300683,0.19005
0,0,0.483176,0.422236,0.76698
0,0,0.725718,-0.556015,0.405192
0,0,-0.945129,0.0246782,0.325764
0,0,0.662528,-0.731218,0.16241
0,0,-0.779439,0.567153,0.266106
0,0,0.751769,0.339982,0.565027
0,0,-0.557988,0.672504,0.486197
0,0,-0.59311,0.0430093,0.803972
0,0,-0.758793,-0.648039,0.0654135
0,0,0.940037,0.338318,0.0432632
14.398,22.5169,0.144087,0.0288671,0.989144
0,0,0.134265,0.576747,0.805814
0,0,-0.659152,0.645614,0.385617
0,0,-0.245265,0.0980618,0.964484
9.94122,15.04,-0.415317,0.584295,0.697217
0,0,-0.0845437,0.301267,0.949784
0,0,-0.307829,-0.746071,0.59044
0,0,-0.751018,-0.197711,0.629986
0,0,0.325346,-0.540201,0.776101
0,0,-0.284304,-0.626768,0.725488
0,0,-0.659504,0.455719,0.597808
0,0,-0.0538238,-0.551964,0.832129
0,0,0.367625,-0.0496418,0.928648
0,0,0.589257,-0.794135,0.148748
0,0,0.773055,0.311313,0.552693
0,0,-0.965196,0.154686,0.210878
0,0,0.993704,0.0168472,0.110767
0,0,0.953181,0.268964,0.138217
0,0,0.293993,-0.343143,0.892088
0,0,0.527319,0.846195,0.0767371
0,0,-0.637263,-0.151796,0.755549
0,0,0.785479,-0.604603,0.132205
0,0,-0.390377,0.150194,0.908321
0,0,-0.159891,-0.134206,0.977969
0,0,-0.529329,0.0271457,0.847982
0,0,-0.419389,0.0799149,0.904283
0,0,0.0503328,0.998732,0.000229196
0,0,0.766421,-0.641619,0.0303925
0,0,-0.0126099,-0.539349,0.841988
0,0,0.588132,0.808382,0.0248795
0,0,0.396367,0.0727348,0.915207
0,0,0.729923,0.650036,0.211342
0,0,0.913656,-0.229088,0.335784
0,0,0.667468,0.120154,0.734881
0,0,0.754879,-0.405845,0.515216
0,0,0.935713,-0.229659,0.267767
0,0,0.608393,0.413156,0.677614
0,0,-0.332376,-0.559333,0.759389
0,0,-0.468446,-0.643196,0.605687
0,0,-0.904407,0.338761,0.259401
12.1213,17.3814,0.0354741,0.15013,0.98803
0,0,0.411753,0.524548,0.745191
0,0,0.12199,0.881653,0.455858
0,0,0.417183,0.90539,0.0789099
0,0,0.153239,-0.305284,0.939851
0,0,0.747216,-0.329557,0.577114
0,0,-0.672708,0.408212,0.617112
0,0,0.690038,0.669341,0.275373
0,0,-0.318651,0.828174,0.461075
0,0,0.32417,-0.759931,0.563399
0,0,0.3768,-0.23027,0.897217
0,0,-0.346576,-0.837905,0.421664
0,0,0.529404,0.803716,0.27161
0,0,-0.966529,0.227687,0.118236
0,0,-0.51098,0.36605,0.777758
0,0,0.581183,0.42726,0.692586
0,0,-0.945062,-0.32506,0.0345439
0,0,-0.0765359,-0.867147,0.492137
0,0,0.806063,-0.342344,0.482766
0,0,-0.541247,-0.776442,0.322785
0,0,0.0202594,-0.0408348,0.99896
0,0,0.620306,0.695868,0.361924
0,0,0.0622334,-0.403723,0.912762
0,0,0.647239,0.395691,0.651545
0,0,-0.23096,-0.0123992,0.972884
0,0,-0.781032,-0.295849,0.549966
0,0,-0.313559,-0.504378,0.80454
0,0,-0.291488,0.151386,0.944519
0,0,-0.642595,-0.426622,0.636447
0,0,0.445848,-0.468637,0.762626
0,0,-0.278208,0.36004,0.890489
0,0,-0.500916,0.390445,0.772422
0,0,-0.378244,-0.750379,0.542091
0,0,-0.596413,-0.0671219,0.799866
0,0,-0.237018,0.57792,0.780917
0,0,-0.0186056,0.749232,0.662047
0,0,-0.766142,-0.603977,0.219632
0,0,0.366144,0.410728,0.83501
0,0,-0.374964,0.926636,0.0273448
0,0,-0.0748944,-0.483538,0.872113
0,0,0.391804,-0.917878,0.0631667
0,0,-0.108325,0.536926,0.836646
0,0,0.936975,0.0231462,0.348628
0,0,-0.363348,-0.913292,0.184051
0,0,0.614251,-0.749617,0.246515
0,0,-0.131727,0.631263,0.764301
0,0,-0.664292,0.743575,0.0762345
0,0,-0.893022,-0.334612,0.30091
15.329,21.7718,-0.430145,-0.433889,0.791654
0,0,0.700961,0.0955008,0.706776
0,0,-0.281202,0.1628,0.945739
0,0,0.676135,0.632808,0.377353
0,0,0.370516,-0.925127,0.0828183
0,0,0.916699,-0.123065,0.380155
0,0,-0.231647,0.773973,0.589326
0,0,0.967055,-0.253756,0.0203299
0,0,0.599664,-0.688109,0.408546
0,0,-0.901191,0.137388,0.411071
0,0,-0.135036,-0.87607,0.46289
0,0,0.576439,0.81233,0.0885309
0,0,0.911635,-0.403174,0.0798209
0,0,0.641898,0.240453,0.728114
0,0,-0.720398,0.341984,0.603385
0,0,-0.161739,0.977249,0.137203
0,0,0.32411,-0.946006,0.00506718
0,0,-0.832083,-0.235893,0.501988
0,0,0.842248,0.490952,0.222676
0,0,-0.608433,0.736597,0.295355
0,0,0.991627,-0.0428176,0.12183
0,0,0.530117,-0.0689545,0.845116
0,0,-0.644867,0.0540314,0.762383
0,0,0.64478,0.673382,0.361685
0,0,0.408586,0.275375,0.870187
0,0,-0.984943,0.158757,0.0684398
0,0,0.512167,-0.3563,0.781496
0,0,-0.12968,0.346489,0.929047
0,0,-0.971054,-0.0793684,0.225286
0,0,0.450746,0.88099,0.143824
0,0,0.987902,-0.129102,0.0859195
0,0,0.36219,0.55511,0.748779
0,0,0.355033,0.354437,0.865058
0,0,0.827648,0.168271,0.535428
0,0,-0.613216,-0.116587,0.781264
0,0,0.742884,-0.63963,0.197474
0,0,0.460143,0.499981,0.73368
0,0,-0.563252,0.253259,0.786516
0,0,0.26015,-0.198554,0.944933
0,0,0.579556,0.765757,0.278803
0,0,-0.82431,-0.233971,0.515529
0,0,0.290744,-0.852427,0.434553
0,0,-0.700474,0.598754,0.388368
0,0,-0.365172,0.519599,0.772442
0,0,0.365046,0.750093,0.551454
0,0,-0.828226,-0.544467,0.132653
0,0,0.666476,-0.343922,0.661458
0,0,-0.981769,-0.159225,0.103817
0,0,-0.336755,-0.588381,0.735122
0,0,0.638878,-0.574238,0.511943
0,0,-0.682624,-0.710232,0.172032
0,0,-0.572496,-0.80891,0.13384
0,0,-0.577249,-0.306923,0.756691
0,0,-0.6069,-0.208184,0.767028
0,0,-0.673311,0.0375515,0.738405
0,0,0.942792,0.0239162,0.332521
0,0,0.53335,0.605196,0.590995
0,0,0.908283,-0.417578,0.025506
0,0,0.471004,-0.876831,0.0965572
0,0,0.50183,0.251658,0.827547
0,0,-0.441555,-0.871783,0.21219
0,0,0.759759,0.623502,0.184422
0,0,-0.370082,0.839403,0.398047
0,0,0.673819,-0.729948,0.114649
0,0,0.840951,-0.533454,0.0907071
0,0,-0.165673,-0.739155,0.652842
0,0,0.281589,-0.533561,0.797509
0,0,0.480347,-0.839304,0.254629
0,0,0.99225,0.100491,0.0730883
0,0,0.499594,-0.0345012,0.865572
0,0,-0.136273,-0.986668,0.0889718
0,0,-0.959649,-0.164626,0.227974
0,0,0.14655,0.500492,0.853248
0,0,0.0784169,0.788983,0.60939
0,0,-0.511279,-0.849319,0.131341
0,0,-0.452093,0.888888,0.0740926
0,0,0.805857,-0.570004,0.16028
0,0,-0.570534,-0.820084,0.0442036
0,0,0.890017,-0.227853,0.394907
0,0,-0.373384,0.762108,0.528939
0,0,-0.515294,-0.395644,0.760222
0,0,0.828122,-0.333434,0.450596
0,0,0.424142,0.710003,0.562137
0,0,0.203109,0.437933,0.875763
0.230831,0.468683,-0.347114,0.352482,0.869062
0,0,-0.481018,0.778913,0.402388
0,0,-0.442776,0.890773,0.102336
0,0,-0.660505,-0.738991,0.132761
0,0,0.0634562,-0.782705,0.61915
0,0,0.0700365,0.409517,0.90961
0,0,0.751194,-0.0146187,0.65992
0,0,-0.646016,0.194367,0.738164
0,0,0.802761,0.519024,0.29358
0,0,-0.274907,0.25223,0.927797
0,0,0.823757,0.551741,0.130404
0,0,-0.0675577,0.791926,0.606868
0,0,0.614356,-0.788994,0.00747611
0,0,0.885281,-0.229514,0.404477
0,0,0.946823,-0.259179,0.190666
0,0,-0.368687,-0.420001,0.829258
0,0,-0.421538,-0.694352,0.58325
0,0,0.730505,0.0580027,0.680439
0,0,-0.68475,-0.268185,0.677639
0,0,0.0131259,-0.862052,0.506651
0,0,0.124821,-0.623127,0.772096
0,0,-0.27342,0.68398,0.676323
0,0,-0.939435,0.224726,0.258768
0,0,0.47725,-0.289428,0.829738
0,0,0.813676,0.580447,0.0318272
0,0,0.806532,0.58605,0.0777828
0,0,-0.505198,-0.740811,0.44269
0,0,-0.406598,0.450015,0.795087
0,0,-0.649476,-0.43492,0.62372
0,0,-0.796798,0.439814,0.414339
0,0,0.0635701,0.996696,0.0505559
0,0,-0.356498,0.764581,0.536959
0,0,-0.959159,0.0374568,0.280375
0,0,-0.493126,0.279879,0.823708
0,0,-0.964824,-0.189192,0.182542
0,0,-0.386309,-0.338832,0.85788
0,0,-0.791652,0.219592,0.570145
0,0,-0.964642,0.139646,0.223527
0,0,0.332985,0.672859,0.660592
0,0,-0.756195,0.350475,0.552572
0,0,0.084937,0.685562,0.723042
0,0,-0.350124,-0.0200119,0.93649
0,0,-0.438683,-0.443408,0.781631
0,0,-0.320823,-0.475477,0.819143
0,0,0.6036,0.037512,0.796404
0,0,0.819828,-0.179494,0.54375
0,0,-0.798598,0.593096,0.102365
0,0,-0.91535,-0.232784,0.328551
0,0,-0.704617,-0.268347,0.65689
0,0,0.903767,0.188036,0.384509
0,0,-0.150769,-0.986338,0.0663823
0,0,-0.526097,-0.404357,0.748142
0,0,0.838905,-0.520207,0.16007
0,0,0.495107,-0.446331,0.745424
0,0,-0.693522,0.136193,0.707445
0,0,0.685447,0.656135,0.315673
0,0,-0.491394,-0.767238,0.412162
0,0,0.177035,-0.389055,0.904043
0,0,-0.655999,-0.702984,0.274735
0,0,-0.09315,0.913419,0.396218
0,0,0.489535,0.291342,0.821873
0,0,0.380118,-0.551272,0.742704
0,0,-0.67204,0.548747,0.497231
0,0,0.974453,0.134369,0.17996
0,0,-0.751837,-0.0663988,0.655997
0,0,-0.147706,-0.512336,0.845988
13.4408,19.2668,-0.108003,-0.831033,0.545637
0,0,0.209751,-0.0438456,0.976771
0,0,0.739134,-0.673554,0.00249765
0,0,-0.77236,0.117316,0.624257
0,0,-0.881251,0.272859,0.385934
0,0,0.199793,-0.595955,0.777766
0,0,-0.951705,0.0763375,0.297373
0,0,-0.487227,-0.666454,0.564314
0,0,-0.699939,0.445674,0.558086
0,0,0.617724,-0.737203,0.273768
0,0,0.322291,-0.804464,0.498966
0,0,-0.738633,0.66956,0.0781721
0,0,-0.629714,0.123941,0.766876
0,0,-0.752466,-0.497427,0.431696
0,0,-0.617907,-0.740147,0.265282
0,0,0.811969,-0.580897,0.0571409
0,0,0.225308,-0.884729,0.408032
0,0,-0.0498148,0.56937,0.820571
0,0,0.470813,-0.374686,0.798715
0,0,-0.912693,0.361275,0.190978
0,0,0.0432335,-0.202605,0.978306
0,0,0.508468,-0.782359,0.359686
0,0,0.700627,0.652216,0.289372
0,0,0.0694377,0.964494,0.254814
0,0,-0.429772,-0.897452,0.09938
0,0,-0.848066,-0.11454,0.517364
0,0,0.596115,-0.728223,0.338138
0,0,-0.913397,0.374073,0.160544
0,0,0.866522,-0.158964,0.473148
0,0,-0.637728,0.572857,0.514916
0,0,0.586288,0.439433,0.680562
0,0,-0.428277,-0.872045,0.236889
0,0,-0.452456,0.730509,0.511507
0,0,0.519635,0.824438,0.224235
0,0,-0.93911,0.320091,0.124958
0,0,-0.699924,0.710909,0.0686692
0,0,0.332999,0.621054,0.709509
0,0,0.881348,-0.334311,0.333858
0,0,-0.903006,-0.299752,0.307782
0,0,0.681613,-0.0966054,0.725308
0,0,-0.751432,-0.658206,0.0459881
0,0,-0.31978,-0.323582,0.890526
0,0,-0.278679,0.953091,0.118132
0,0,0.26893,0.700668,0.660864
0,0,0.903887,-0.425618,0.0428761
0,0,-0.521431,-0.350912,0.777798
0,0,-0.870104,-0.474838,0.132091
0,0,0.252457,-0.0760658,0.964614
0,0,0.544454,0.208188,0.812544
0,0,0.304882,-0.907368,0.289362
0,0,0.0152035,0.874668,0.484484
0,0,0.0669507,0.517141,0.853278
0,0,0.820263,0.0480283,0.569967
0,0,0.365359,0.777945,0.511189
0,0,0.388096,0.917184,0.0903014
0,0,0.205536,-0.499666,0.84148
0,0,-0.0527655,-0.806219,0.58926
0,0,0.647041,-0.760347,0.0566709
0,0,-0.53372,-0.833401,0.143479
0,0,0.909563,0.195097,0.366921
0,0,0.82094,0.511181,0.254463
0,0,-0.568146,-0.221197,0.792642
0,0,0.347083,0.482922,0.80394
0,0,0.261352,0.820807,0.507909
20.1022,28.204,0.730516,-0.186794,0.656852
0,0,-0.906294,0.410238,0.101666
0,0,-0.273895,0.764245,0.583876
0,0,-0.32872,0.91142,0.247499
0,0,0.913484,0.0474511,0.404099
0,0,-0.777523,-0.328855,0.536015
0,0,0.374036,0.467349,0.801051
0,0,0.0681975,-0.702447,0.708461
0,0,0.833823,0.227005,0.503198
0,0,-0.30316,0.910039,0.282707
0,0,-0.690573,0.475104,0.54533
0,0,0.225862,-0.96804,0.109021
0,0,-0.626088,0.373045,0.684727
0,0,-0.0297173,-0.435613,0.899643
0,0,-0.678349,-0.732861,0.0525101
0,0,-0.0801431,-0.480208,0.873486
0,0,-0.986469,-0.100122,0.129823
0,0,0.254524,-0.937455,0.237478
0,0,-0.204679,-0.142384,0.968418
0,0,-0.289535,0.945849,0.14676
0,0,-0.716869,-0.229637,0.658305
0,0,0.880895,0.145442,0.450412
0,0,0.415137,-0.457748,0.786212
0,0,-0.868404,0.44428,0.220204
0,0,-0.276235,-0.24403,0.929593
0,0,0.352156,0.935182,0.0377032
0,0,0.684205,0.000375016,0.72929
0,0,-0.958294,0.202064,0.202096
13.6296,21.1559,0.443105,-0.241573,0.863308
0,0,0.43303,0.803384,0.408728
0,0,-0.497507,0.65376,0.570163
0,0,0.901715,-0.166332,0.399054
0,0,-0.937713,-0.299828,0.175492
0,0,0.309132,0.47434,0.824281
0,0,-0.865201,0.353315,0.355803
0,0,0.409829,-0.0938204,0.907325
0,0,0.51455,-0.0836137,0.853374
0,0,-0.178006,-0.737735,0.6512
0,0,0.633445,0.447595,0.631194
0,0,-0.915558,0.348193,0.201286
0,0,0.10227,-0.523894,0.845622
0,0,-0.520887,0.35788,0.774983
0,0,0.817052,-0.262007,0.513594
0,0,-0.566952,-0.571586,0.593173
0,0,0.94515,-0.325998,0.0204335
0,0,0.454003,-0.633324,0.626723
0,0,0.229358,0.704721,0.671389
0,0,-0.535927,-0.105364,0.837664
0,0,-0.0107781,0.17048,0.985302
0,0,-0.300587,-0.637582,0.709321
0,0,-0.469593,0.273109,0.839579
0,0,0.0430119,-0.586983,0.808456
0,0,-0.479635,-0.754956,0.447205
0,0,0.0260699,-0.87091,0.490751
0,0,0.134762,0.937116,0.321951
0,0,-0.344205,-0.663522,0.664275
0,0,-0.392346,0.585211,0.709643
0,0,0.49304,0.0745623,0.866806
0,0,-0.126375,0.567758,0.813437
0,0,0.648324,0.448554,0.615204
0,0,0.639644,0.710933,0.292285
0,0,-0.576997,-0.750938,0.321196
0,0,-0.380984,0.304234,0.873094
0,0,-0.616629,-0.642838,0.454454
0,0,-0.728622,0.280091,0.625028
0,0,0.244941,-0.0546271,0.967998
0,0,0.326058,0.941362,0.086737
0,0,-0.501458,-0.823459,0.265434
0,0,-0.898604,0.252994,0.358476
0,0,0.466545,0.839156,0.27956
0,0,0.46266,0.615282,0.638258
0,0,-0.243011,0.381598,0.891812
0,0,0.78741,-0.0222979,0.616026
0,0,0.306974,0.34126,0.88843
0,0,0.955133,0.282563,0.0887662
0,0,0.857476,0.438085,0.269846
0,0,0.692058,-0.283294,0.663928
0,0,0.494546,0.587875,0.640178
0,0,0.244941,-0.583627,0.774199
0,0,0.304986,-0.0614452,0.950373
0,0,-0.274746,0.727762,0.628393
0,0,-0.782791,0.277526,0.556971
0,0,-0.102055,0.776447,0.621864
0,0,0.870814,-0.487076,0.0666379
0,0,-0.595333,0.124046,0.793846
0,0,-0.466024,-0.746677,0.474653
0,0,-0.755176,0.655257,0.0186418
0,0,-0.753199,-0.164163,0.636979
0,0,-0.98607,0.0698664,0.150945
0,0,0.397284,-0.905774,0.147445
0,0,0.680185,-0.503003,0.533232
0,0,0.744882,-0.385901,0.544271
0,0,-0.135685,0.81501,0.563337
0,0,0.0923132,0.862396,0.497746
0,0,0.942092,-0.246533,0.22734
0,0,-0.869101,-0.390116,0.304094
0,0,-0.516999,-0.842435,0.151706
0,0,0.498967,0.866621,7.07536e-06
0,0,0.328693,-0.29612,0.896813
0,0,-0.544002,0.339908,0.767153
0,0,-0.46825,-0.860592,0.200307
0,0,-0.468991,0.859203,0.204493
0,0,-0.121423,-0.749789,0.650441
0,0,0.674668,0.733914,0.0786897
0,0,0.664352,-0.363483,0.653082
0,0,0.908321,-0.411157,0.0768318
0,0,-0.635043,0.313962,0.705796
0,0,0.215164,0.868041,0.447448
0,0,-0.877512,-0.156895,0.453162
0,0,0.521327,-0.748301,0.4102
0,0,-0.77536,0.215258,0.5937
0,0,-0.388713,-0.14909,0.909216
0,0,0.520082,-0.438738,0.732819
0,0,0.363996,-0.0857217,0.927448
20.3753,26.9816,-0.0978526,0.0827331,0.991756
0,0,-0.801935,0.0821059,0.591742
0,0,-0.546771,0.32995,0.769529
0,0,0.49896,0.830831,0.246492
0,0,-0.576948,0.573744,0.581333
0,0,0.474923,0.591629,0.651478
0,0,0.315347,-0.94851,0.029747
0,0,-0.398657,-0.356658,0.844907
0,0,-0.458627,-0.857847,0.231861
0,0,0.229385,0.921838,0.312404
0,0,0.33149,0.455495,0.82622
0,0,-0.594751,-0.476024,0.647821
0,0,0.526414,-0.793925,0.304254
0,0,-0.937891,-0.189386,0.290678
0,0,-0.0481786,0.807657,0.587682
0,0,0.614769,0.172789,0.769547
0,0,-0.00540317,-0.763523,0.645758
0,0,-0.231271,0.495999,0.836958
0,0,-0.448731,0.0418566,0.892686
0,0,-0.412233,-0.242815,0.878126
20.3306,27.4587,0.286893,-0.0695622,0.955434
0,0,0.882921,0.128939,0.451471
0,0,0.0929206,0.11025,0.989551
0,0,-0.0468942,0.459514,0.886932
0,0,-0.0126594,-0.971315,0.237461
0,0,0.23924,0.481101,0.84339
0,0,0.867678,-0.250927,0.42915
0,0,0.26322,-0.913308,0.310779
0,0,0.838472,0.229715,0.494161
0,0,0.445331,-0.578092,0.683732
0,0,-0.364419,0.215473,0.905963
0,0,0.237735,-0.932291,0.272609
0,0,0.0385668,0.812586,0.581564
0,0,0.704371,-0.646138,0.293883
0,0,-0.656225,0.0906813,0.749097
0,0,-0.8851,0.197781,0.421285
0,0,-0.753154,-0.655917,0.0503249
0,0,-0.354728,-0.410623,0.839974
0,0,0.166352,-0.507967,0.845161
0,0,-0.709124,-0.177004,0.682505
0,0,0.513651,0.141467,0.846256
0,0,-0.383207,-0.0976638,0.918485
0,0,-0.82858,-0.559004,0.0311538
10.172,13.8889,0.497233,-0.0557235,0.865826
20.3732,26.1388,0.322516,-0.572515,-0.753797
0,0,-0.363054,0.832524,0.418444
0,0,0.676604,0.238679,0.696591
0,0,-0.629482,-0.551568,0.547289
0,0,-0.773706,-0.00320327,0.633537
0,0,-0.634292,0.17113,0.753915
0,0,-0.511763,-0.480054,0.712493
0,0,-0.109528,-0.979312,0.17015
0,0,0.0961903,0.9433,0.317699
0,0,0.856241,-0.240755,0.457043
0,0,0.529828,-0.768841,0.358003
0,0,0.404455,-0.873564,0.270744
16.5769,23.3307,-0.0680753,0.439518,0.89565
0,0,0.877057,-0.451823,0.163176
15.9252,24.0394,0.561409,-0.154379,0.813011
0,0,0.0982498,0.285733,0.953259
0,0,-0.57929,-0.430087,0.692421
0,0,0.0318796,-0.408998,0.911978
0,0,0.448543,0.679801,0.580241
0,0,-0.18736,0.981824,0.030311
0,0,0.0766112,0.996442,0.0351165
0,0,0.40779,-0.689942,0.598069
0,0,0.865648,-0.0806846,0.494108
0,0,0.191802,0.848355,0.493464
0,0,-0.796213,0.601268,0.0672363
0,0,-0.13616,-0.844469,0.518009
0,0,0.806712,0.186405,0.560775
0,0,0.243239,-0.942529,0.229074
0,0,0.0900156,-0.648224,0.75611
0,0,0.0842449,-0.348462,0.933529
0,0,0.57564,-0.425558,0.69824
0,0,-0.699736,-0.0700211,0.710962
0,0,0.361193,0.790135,0.495203
0,0,0.827196,0.488575,0.277562
0,0,-0.41934,-0.895446,0.149435
14.4985,20.7059,-0.348324,-0.202257,0.915294
0,0,-0.842467,-0.532486,0.0819045
0,0,0.457481,-0.713719,0.530393
0,0,0.746485,-0.205422,0.6329
0,0,0.20118,-0.954784,0.218893
0,0,-0.0815289,0.327276,0.941405
0,0,-0.583203,-0.20811,0.785216
0,0,0.232974,0.787423,0.570691
0,0,-0.213037,0.683511,0.698161
22.3326,29.1493,-0.217722,0.164022,0.96213
0,0,-0.841581,-0.263236,0.471644
0,0,0.65291,-0.437923,0.618007
0,0,0.441434,-0.562973,0.698712
0,0,-0.120635,0.992517,0.0188977
0,0,0.728793,-0.640397,0.242389
0,0,0.994935,-0.0179632,0.0989049
0,0,-0.0351587,-0.702829,0.71049
0,0,0.730192,-0.257508,0.632858
1.47785,2.306,0.061916,0.0827822,0.994642
0,0,-0.32541,-0.197584,0.924699
0,0,0.641927,0.750454,0.157319
0,0,0.837578,-0.354744,0.415476
0,0,-0.817461,0.0379801,0.574731
0,0,-0.0126774,0.184879,0.98268
0,0,-0.2875,-0.701283,0.652339
0,0,-0.143622,0.0157576,0.989507
0,0,-0.21528,-0.109569,0.970386
0,0,0.154132,0.768575,0.620915
0,0,-0.429936,-0.249153,0.8678
0,0,-0.663182,-0.634935,0.396293
0,0,-0.737503,0.259227,0.623611
0,0,0.0154242,-0.537269,0.84327
0,0,-0.746793,0.0346757,0.664152
0,0,-0.549432,-0.799654,0.242235
0,0,0.929695,0.366211,0.0394556
0,0,0.0615197,0.569784,0.819489
0,0,0.296176,-0.14063,0.944724
0,0,-0.579067,-0.275356,0.767372
0,0,-0.950477,-0.273321,0.14795
0,0,-0.281568,-0.588794,0.757655
0,0,-0.459085,0.266703,0.847414
12.5286,18.6367,0.125602,0.278675,0.952137
0,0,-0.445262,-0.856884,0.259791
0,0,0.551519,-0.679156,0.484329
0,0,0.516538,-0.11819,0.848068
0,0,0.598607,-0.476247,0.644095
0,0,-0.766278,-0.26836,0.583782
0,0,0.351384,-0.915015,0.198184
0,0,-0.51789,-0.783424,0.343566
0,0,0.226258,0.640422,0.733939
0,0,-0.23913,-0.893896,0.379166
0,0,0.752403,0.576557,0.318547
0,0,-0.619705,0.207159,0.757001
0,0,0.424509,-0.330447,0.842969
0,0,-0.173558,-0.503745,0.846238
0,0,-0.668143,-0.601372,0.438106
0,0,0.249519,0.824197,0.50837
0,0,0.67464,0.363901,0.642213
0,0,0.382134,-0.69675,0.607053
0,0,0.246872,0.48131,0.841067
0,0,0.31934,-0.176763,0.931009
0,0,0.168492,-0.405526,0.89842
0,0,0.161419,0.778754,0.606207
0,0,0.156529,0.981042,0.114263
0,0,-0.0577256,0.548096,0.834421
0,0,0.188821,0.612727,0.767406
0,0,0.593149,-0.212372,0.776578
0,0,-0.476712,0.427346,0.768193
0,0,0.548206,0.206349,0.810488
0,0,-0.0338228,-0.00446356,0.999418
0,0,-0.0702519,-0.921232,0.382617
0,0,0.35639,0.690097,0.629883
0,0,0.839354,-0.485629,0.244232
0,0,-0.75255,-0.22615,0.618486
0,0,0.782762,0.517417,0.345778
0,0,0.0399967,-0.687712,0.724881
0,0,-0.88759,0.404093,0.221117
0,0,-0.288867,-0.898659,0.330102
0,0,-0.388104,-0.892636,0.229296
0,0,0.420728,-0.379524,0.823984
0,0,-0.130533,0.970591,0.202274
0,0,0.983481,-0.0746766,0.16489
0,0,-0.516309,0.754325,0.405486
0,0,0.290924,0.120648,0.949109
0,0,0.243014,0.730302,0.638438
0,0,0.506364,0.836248,0.210438
10.422,15.2943,-0.0815101,0.204083,0.975554
0,0,-0.580116,-0.266397,0.769739
0,0,-0.220879,0.975299,0.00190041
0,0,0.646516,-0.762577,0.0222229
15.7498,21.0879,0.194142,0.0152731,0.980855
0,0,0.643296,0.0440366,0.76435
0,0,-0.363372,0.815433,0.450588
0,0,0.761222,-0.565812,0.316856
0,0,-0.184327,-0.591464,0.78498
0,0,0.474118,-0.857693,0.198932
0,0,0.587784,0.470684,0.658002
0,0,0.657517,0.562111,0.501699
0,0,-0.239623,-0.562117,0.791584
0,0,0.166609,0.257172,0.951895
0,0,-0.792017,0.266445,0.549287
0,0,-0.391675,-0.0102502,0.920047
0,0,-0.509403,-0.652075,0.561522
0,0,-0.45367,-0.425675,0.782933
0,0,-0.700753,0.197902,0.685405
0,0,0.106679,0.401482,0.909633
0,0,-0.280407,-0.805429,0.522164
0,0,0.0808008,-0.994881,0.0606943
0,0,0.693176,0.685729,0.221995
0,0,-0.33317,-0.941721,0.0464741
0,0,0.730442,0.568905,0.377892
0,0,0.54315,0.0766829,0.836127
0,0,0.499074,-0.339286,0.797377
0,0,-0.0623614,-0.997621,0.0293868
0,0,0.196317,0.892043,0.407087
0,0,0.462445,0.823762,0.327965
0,0,0.911368,0.133671,0.389281
0,0,0.495064,-0.00614541,0.868835
0,0,-0.86538,-0.164796,0.473245
0,0,0.981381,-0.117096,0.152248
0,0,0.310111,-0.887027,0.342072
0,0,-0.629037,-0.626748,0.459891
0,0,-0.512932,0.67759,0.527041
0,0,-0.602539,0.213295,0.769059
14.7236,21.4631,-0.102737,0.367695,0.924254
0,0,-0.317265,-0.647702,0.692694
0,0,-0.748982,-0.290552,0.595488
0,0,0.300762,0.791647,0.531824
0,0,0.86783,0.118433,0.48254
0,0,-0.751327,-0.21066,0.625404
0,0,0.480785,0.699233,0.529074
0,0,0.352114,-0.850069,0.391661
20.7098,29.2635,0.4795,0.374138,0.793789
0,0,0.123471,-0.884961,0.448998
0,0,0.293976,-0.65787,0.693387
0,0,-0.970729,0.0735445,0.228642
0,0,0.0218759,0.376366,0.926213
0,0,0.0816034,0.989753,0.117176
0,0,-0.350825,-0.278164,0.894173
0,0,-0.232982,-0.338919,0.911512
0,0,-0.676496,-0.211249,0.705498
0,0,-0.06464,0.536717,0.841283
0,0,-0.0379092,-0.181471,0.982665
0,0,0.225841,0.830989,0.508383
0,0,-0.705974,-0.607958,0.3633
0,0,0.794764,0.351401,0.49484
0,0,-0.510811,0.854623,0.0932244
0,0,-0.270046,0.301916,0.914287
0,0,-0.591743,-0.656935,0.4672
0,0,-0.0563718,0.946267,0.318437
0,0,-0.0933375,-0.672785,0.733927
0,0,-0.891131,-0.349877,0.288914
0,0,0.953874,0.219043,0.205291
0,0,0.605988,0.670048,0.428736
0,0,0.821927,0.560824,0.0995578
0,0,0.187047,0.921561,0.340203
0,0,0.977762,-0.137543,0.158315
0,0,-0.0524707,-0.628278,0.776217
0,0,0.778278,-0.304425,0.549189
0,0,-0.611233,-0.676305,0.411103
0,0,0.340045,-0.772981,0.535602
0,0,0.673908,-0.34497,0.653333
0,0,0.972479,0.0266831,0.231456
0,0,0.371132,-0.740791,0.559902
0,0,-0.233914,0.967308,0.0979755
0,0,0.791708,-0.230915,0.565576
0,0,-0.653664,-0.723178,0.22302
0,0,0.0274857,-0.555546,0.831031
0,0,0.185348,-0.728075,0.659964
0,0,-0.435803,0.865997,0.245204
0,0,-0.227588,-0.29445,0.928172
0,0,0.771448,0.617432,0.153771
0,0,-0.51354,-0.422427,0.746881
0,0,-0.968388,-0.23142,0.0931128
0,0,-0.309085,-0.65536,0.68918
0,0,0.515312,0.833181,0.200657
18.1891,25.6856,-0.718621,-0.120191,0.684937
0,0,-0.223986,0.297192,0.928174
0,0,0.080359,-0.414053,0.906699
0,0,-0.170666,0.636764,0.751934
0,0,-0.342847,-0.37725,0.860313
0,0,0.498517,-0.805249,0.321021
0,0,-0.0121466,-0.844025,0.536167
0,0,0.50881,0.593782,0.623326
0,0,0.120635,-0.684701,0.718771
0,0,-0.168226,-0.971169,0.168911
0,0,-0.75886,-0.510686,0.404142
0,0,-0.31768,-0.948185,0.00496738
0,0,-0.0256242,-0.991319,0.12896
0,0,-0.556386,0.0269657,0.830486
0,0,-0.396674,0.497179,0.771662
0,0,-0.923993,0.353033,0.146984
0,0,0.16242,0.965486,0.203608
0,0,0.14418,-0.734065,0.663597
0,0,-0.272289,0.201562,0.940867
0,0,0.698053,-0.266008,0.664802
0,0,-0.691283,-0.0636632,0.719774
0,0,0.0230927,0.973954,0.225565
0,0,0.458073,-0.108509,0.882267
0,0,-0.862325,-0.500823,0.0746476
0,0,-0.162549,-0.249967,0.954513
0,0,0.931981,0.362408,0.00847789
0,0,0.931636,-0.00825028,0.363299
0,0,0.0751168,0.721826,0.687986
0,0,-0.701882,0.711969,0.021505
0,0,-0.575574,0.261107,0.774944
0,0,-0.762545,0.594305,0.255591
0,0,0.365326,0.881525,0.299083
0,0,-0.298682,-0.895255,0.330618
0,0,-0.48932,-0.104696,0.865797
0,0,0.991518,-0.0631082,0.113616
0,0,0.509517,0.259842,0.820289
0,0,-0.876783,0.289934,0.383652
0,0,-0.773052,-0.166925,0.611986
0,0,-0.883522,-0.468048,0.0178792
0,0,0.15729,0.337636,0.928042
0,0,0.379335,-0.914312,0.141908
0,0,0.610318,0.259452,0.748463
0,0,-0.338629,0.657467,0.673103
0,0,0.272291,0.805554,0.526251
0,0,0.203305,0.287798,0.935863
0,0,-0.391941,-0.895214,0.212072
0,0,-0.411266,0.698989,0.585042
0,0,0.103197,-0.239606,0.96537
0,0,-0.658577,-0.671651,0.339354
0,0,-0.238053,0.699005,0.674332
0,0,0.408966,0.82872,0.38206
0,0,-0.809863,0.517193,0.276828
0,0,0.91208,-0.392023,0.120115
0,0,0.450843,-0.890154,0.0660754
0,0,-0.298681,0.831251,0.468841
0,0,0.511192,-0.856733,0.068489
0,0,-0.224124,-0.914066,0.338011
0,0,-0.473172,-0.509647,0.718587
0,0,-0.882993,0.456339,0.109898
0,0,0.333854,0.804156,0.491808
0,0,0.318172,-0.730198,0.60463
0,0,-0.103234,0.793441,0.599828
0,0,0.600198,-0.4234,0.678598
0,0,-0.722439,-0.373849,0.581652
0,0,-0.523252,-0.848085,0.0834191
0,0,0.0583288,0.712538,0.699205
0,0,0.0567204,-0.495112,0.866976
0,0,0.742088,-0.598661,0.301515
0,0,0.729399,0.463744,0.50291
0,0,0.768353,-0.0453412,0.638418
0,0,-0.420019,0.758574,0.498146
0,0,0.392084,-0.14103,0.909055
0,0,-0.661456,0.6842,0.307157
0,0,0.266251,-0.417473,0.868807
0,0,0.136211,-0.704674,0.696334
0,0,0.0805168,0.497417,0.863767
0,0,-0.44849,0.511848,0.732713
0,0,0.00741951,0.692713,0.721175
0,0,-0.541401,-0.0527186,0.83911
0,0,0.290943,-0.907495,0.302993
0,0,-0.992053,-0.0888703,0.0890636
0,0,-0.651692,0.317492,0.688837
0,0,-0.158236,-0.763343,0.626314
0,0,-0.294492,0.453049,0.84144
0,0,0.627733,0.500246,0.596411
0,0,-0.823696,0.388226,0.413287
0,0,0.44369,0.708909,0.548258
0,0,-0.924874,-0.284427,0.252406
0,0,-0.0278593,0.737881,0.674356
0,0,-0.116871,-0.874108,0.471463
0,0,0.830932,0.255443,0.494268
0,0,-0.254846,-0.827669,0.500017
0,0,-0.840217,0.0139084,0.542072
0,0,0.575738,0.750376,0.324749
0,0,-0.446342,-0.892968,0.0581944
0,0,0.246311,0.348369,0.904417
0,0,0.22968,-0.79273,0.564647
0,0,0.335113,-0.925113,0.17851
0,0,0.410345,0.0768604,0.908685
0,0,0.646201,0.762618,0.0289647
0,0,0.915357,0.350262,0.198591
0,0,0.144824,0.559995,0.81574
0,0,-0.543552,0.182877,0.819212
0,0,-0.359994,0.55751,0.748055
0,0,0.508809,0.774919,0.374984
0,0,-0.17134,0.939262,0.297372
0,0,0.694507,0.694638,0.187449
0,0,0.636273,-0.70287,0.31801
0,0,0.752043,-0.482572,0.44895
0,0,0.552592,0.449136,0.702082
0,0,-0.553144,0.805345,0.213194
0,0,-0.400204,-0.280405,0.872473
0,0,0.0278887,0.111056,0.993423
0,0,-0.192619,0.497566,0.84577
0,0,-0.541929,-0.84011,0.0229946
0,0,0.733121,-0.229665,0.640147
0,0,-0.389927,-0.78271,0.485099
0,0,-0.542455,0.198508,0.816295
0,0,0.560917,-0.440581,0.7009
0,0,0.561257,-0.551825,0.616831
0,0,0.0992324,0.73265,0.673333
0,0,-0.634109,-0.0287369,0.77271
0,0,0.529025,-0.835618,0.147905
0,0,0.77348,-0.564916,0.287401
0,0,0.69035,-0.266776,0.672494
0,0,-0.0439512,-0.993764,0.10248
23.8022,34.7628,0.0310729,-0.632111,0.774254
0,0,-0.321769,-0.0466066,0.94567
6.60108,9.25561,-0.34663,-0.196555,0.917177
0,0,0.53013,-0.0284823,0.847438
0,0,0.610372,-0.760749,0.220698
0,0,-0.364714,0.265337,0.892513
0,0,-0.750713,0.198459,0.630114
0,0,0.898901,0.0609716,0.433889
0,0,0.698008,0.708691,0.102673
0,0,0.254228,-0.934735,0.248271
0,0,0.783775,-0.139651,0.60514
0,0,-0.545164,-0.365411,0.7545
0,0,-0.839701,0.469604,0.272718
0,0,-0.531851,0.31478,0.786161
0,0,0.806791,0.579528,0.115047
0,0,-0.224051,0.39872,0.889282
0,0,0.118878,-0.9929,0.00411488
0,0,-0.125775,-0.967917,0.217524
0,0,-0.0801368,0.995284,0.0546593
0,0,-0.927797,-0.0173634,0.372682
0,0,-0.989234,-0.145604,0.0146945
0,0,0.415368,-0.289569,0.862334
0,0,0.376236,0.033676,0.925912
0,0,0.4553,-0.746326,0.485488
0,0,-0.996689,-0.0407905,0.0703412
0,0,0.802616,0.259397,0.537141
0,0,-0.652853,0.631065,0.418974
0,0,-0.953803,-0.268627,0.134534
0,0,-0.553434,-0.697593,0.455054
0,0,0.639796,-0.616302,0.459165
0,0,0.518301,0.520585,0.678495
0,0,0.461466,-0.18707,0.86721
0,0,0.00319973,0.553831,0.832623
0,0,-0.693226,-0.19061,0.695058
0,0,-0.974172,0.0462309,0.221025
0,0,-0.701994,0.0883437,0.706682
0,0,0.556153,0.504983,0.660065
0,0,0.144071,-0.510076,0.847977
0,0,-0.909533,-0.191676,0.368795
0,0,0.570103,0.461575,0.679655
0,0,-0.802384,-0.551828,0.227301
0,0,-0.93462,-0.0487791,0.352287
0,0,0.471229,-0.0253465,0.881647
0,0,0.171128,0.853187,0.492734
0,0,0.662202,-0.223775,0.715132
0,0,0.468406,0.559612,0.683688
0,0,-0.93949,-0.298811,0.167543
0,0,-0.690963,0.452389,0.563839
0,0,0.450594,-0.634668,0.627823
0,0,0.281724,0.579767,0.764527
0,0,-0.335793,0.885048,0.322387
0,0,-0.57189,0.686396,0.449224
0,0,-0.233193,-0.439433,0.867479
0,0,-0.180114,0.785951,0.591472
0,0,0.922781,-0.219894,0.316419
0,0,-0.0996094,0.953889,0.283149
0,0,-0.728074,-0.305292,0.613763
0,0,0.274546,0.209215,0.938538
0,0,-0.621661,0.783103,0.0169634
0,0,-0.586918,0.751944,0.30018
0,0,-0.222188,0.953776,0.202345
0,0,0.85481,-0.0213311,0.518502
0,0,0.523759,0.410232,0.746583
0,0,0.310175,-0.900387,0.305114
0,0,-0.523977,-0.619448,0.584579
0,0,0.660786,0.612668,0.433589
0,0,0.435954,-0.865196,0.24775
0,0,0.91473,0.400233,0.0555257
0,0,0.403824,-0.4512,0.79583
0,0,-0.487477,-0.804782,0.338662
0,0,-0.271426,0.585847,0.763617
0,0,-0.494623,-0.533612,0.686007
0,0,0.26463,-0.804444,0.531827
0,0,0.390079,0.0776154,0.917504
0,0,-0.496374,-0.867678,0.0273356
0,0,0.181182,-0.934547,0.306259
0,0,0.77472,0.632274,0.00619727
0,0,0.49674,0.657132,0.566946
0,0,-0.00785438,0.982412,0.186562
0,0,-0.0670081,-0.49624,0.865596
0,0,0.212843,0.966845,0.141094
0,0,0.896063,-0.421505,0.139299
0,0,-0.461351,0.184199,0.867886
0,0,0.842972,-0.105334,0.527544
0,0,-0.946101,0.106347,0.305914
0,0,-0.853442,-0.495197,0.162532
0,0,0.113272,-0.367552,0.923079
15.9541,21.9194,0.240894,-0.363943,0.899731
0,0,0.214927,0.435365,0.874222
0,0,-0.21006,0.855221,0.473785
0,0,0.512785,0.620905,0.592898
0,0,-0.978745,0.0020496,0.20507
0,0,0.0252203,-0.963098,0.267967
0,0,0.619521,-0.431157,0.655971
0,0,0.844168,0.184501,0.503329
0,0,0.875217,-0.470621,0.111855
0,0,-0.565395,-0.451121,0.69052
0,0,-0.0741934,0.995091,0.0654893
0,0,-0.448255,-0.670488,0.591197
0,0,-0.128452,-0.977971,0.164537
0,0,0.300627,0.810239,0.503126
0,0,-0.866749,0.311062,0.389854
0,0,-0.305738,0.772451,0.556636
0,0,-0.28063,0.564126,0.776536
0,0,0.125206,-0.00861162,0.992093
0,0,0.322571,-0.249404,0.913097
0,0,-0.459438,0.519115,0.720719
0,0,0.140819,0.393902,0.908301
21.1353,31.8798,0.141621,0.195775,0.970369
0,0,0.860644,-0.485902,0.152285
0,0,-0.597998,-0.738163,0.312274
0,0,-0.499499,-0.25155,0.82899
0,0,-0.123304,-0.742995,0.657841
0,0,-0.831312,0.050679,0.553491
0,0,-0.395881,0.43405,0.809246
0,0,0.00186295,0.690819,0.723025
0,0,0.740366,0.294067,0.60447
0,0,0.896708,-0.0840168,0.434575
0,0,-0.976956,-0.0323095,0.210982
0,0,0.858574,-0.170716,0.483431
0,0,0.742357,-0.444218,0.501574
0,0,-0.453473,0.400509,0.796213
0,0,0.957744,0.147141,0.247133
0,0,0.781329,-0.613235,0.116052
0,0,0.573639,-0.81793,0.0439152
0,0,-0.451821,-0.87573,0.170161
0,0,0.918144,0.0544099,0.392494
0,0,-0.209079,-0.974164,0.0853889
0,0,0.117412,-0.576572,0.808566
0,0,-0.704823,0.0559375,0.707175
0,0,0.10944,-0.837955,0.534653
0,0,0.744057,0.607668,0.277703
0,0,0.370835,-0.913167,0.16914
0,0,0.193336,-0.813279,0.548816
0,0,0.116288,-0.485683,0.866365
0,0,0.537078,-0.377347,0.754424
0,0,-0.00396454,0.755162,0.655526
0,0,0.330661,-0.459869,0.824126
0,0,0.874152,-0.214829,0.435553
0,0,-0.0551564,0.525944,0.848729
0,0,-0.169531,-0.58897,0.790173
0,0,-0.0715493,0.99715,0.0239434
0,0,-0.755572,-0.641359,0.133303
0,0,-0.247359,-0.823968,0.509794
0,0,-0.509185,0.82436,0.24731
0,0,-0.73833,-0.673692,0.0317515
18.346,25.7646,0.0444325,-0.0246498,0.998708
0,0,0.452618,-0.814817,0.362229
0,0,-0.783364,-0.514348,0.34898
0,0,0.278792,0.344576,0.896405
23.8397,30.4198,0.930536,-0.366201,0.00026032
0,0,-0.157575,0.919267,0.36072
0,0,-0.641445,0.734806,0.220475
0,0,-0.556862,0.241722,0.794654
0,0,0.645072,0.724173,0.243834
0,0,-0.429253,0.144192,0.8916
0,0,0.253466,0.962121,0.100386
0,0,0.726985,-0.59277,0.346578
0,0,0.642693,0.41822,0.641901
0,0,-0.605449,0.787163,0.117497
0,0,0.0475737,-0.791725,0.609023
0,0,-0.0116046,-0.942362,0.334392
0,0,-0.343158,0.882856,0.320636
0,0,0.373039,-0.35773,0.856079
0,0,0.85553,-0.466449,0.224709
0,0,0.393043,0.0689785,0.916929
0,0,-0.298345,-0.912748,0.279073
0,0,-0.773731,-0.267606,0.574219
11.6805,18.4542,-0.215723,0.63322,-0.743301
0,0,-0.330232,-0.729638,0.598812
0,0,0.208725,-0.696833,0.686191
0,0,-0.477937,-0.29752,0.826473
0,0,0.288866,0.732381,0.616583
0,0,0.585121,-0.798615,0.140883
0,0,0.998316,0.0387211,0.0432018
0,0,0.467824,-0.718814,0.514245
21.0346,28.2447,-0.0348924,0.0566615,0.997784
0,0,0.0855023,-0.643043,0.761042
0,0,0.548069,-0.76128,0.346515
0,0,-0.360647,-0.923102,0.133477
0,0,0.858472,-0.342453,0.381774
0,0,-0.487668,-0.543911,0.682891
0,0,0.462912,0.818574,0.340072
0,0,-0.0108452,-0.729242,0.68417
0,0,0.82938,0.463017,0.31264
0,0,-0.203739,0.55131,0.809041
0,0,0.21923,0.381689,0.897915
0,0,-0.0145655,-0.825724,0.563887
0,0,0.630742,0.77441,0.0495382
0,0,-0.575297,0.599706,0.556225
0,0,-0.983136,0.173034,0.0591892
0,0,0.431802,0.884018,0.179049
0,0,0.473406,-0.171859,0.863916
0,0,0.119943,0.598353,0.792204
0,0,0.192317,-0.514791,0.835466
0,0,0.823069,0.238802,0.515298
0,0,-0.30696,0.891923,0.332037
0,0,-0.101341,0.0410708,0.994004
0,0,0.812069,-0.490704,0.315838
0,0,-0.523612,-0.759089,0.386799
0,0,0.213144,0.760777,0.613015
0,0,-0.808636,0.485407,0.332398
17.1089,23.9611,-0.727479,-0.657983,0.194507
0,0,0.127879,-0.984288,0.121756
0,0,-0.367143,0.894867,0.25381
0,0,0.109887,0.981292,0.158086
0,0,0.578556,0.738306,0.346666
0,0,0.57319,0.48428,0.661004
0,0,0.933746,-0.337834,0.118262
0,0,-0.713308,-0.436681,0.54818
0,0,-0.81625,0.506034,0.278686
0,0,0.3933,-0.840349,0.372998
0,0,-0.540825,0.20718,0.815221
0,0,-0.873875,0.387457,0.293632
0,0,-0.27832,0.902435,0.328859
0,0,0.963855,-0.0488031,0.261919
0,0,0.397624,0.901355,0.17162
0,0,-0.29905,-0.954233,0.00290742
0,0,-0.0794681,-0.811698,0.578646
0,0,0.206197,-0.974476,0.0887704
0,0,-0.970414,0.240632,0.0198334
0,0,-0.990188,0.110458,0.0855917
0,0,0.513148,-0.349327,0.783996
0,0,0.844292,-0.51111,0.161051
0,0,-0.680537,-0.514405,0.521783
0,0,0.109344,-0.335819,0.935558
0,0,-0.528443,-0.211552,0.822189
22.4898,30.404,-0.0869256,-0.809302,-0.580926
0,0,-0.760974,-0.629702,0.156183
0,0,0.967517,0.155804,0.199086
0,0,-0.992234,-0.0964106,0.0785899
0,0,-0.0713356,0.989531,0.125459
0,0,-0.180122,0.613184,0.769131
0,0,0.520131,-0.650791,0.553114
0,0,0.611293,0.413437,0.674826
0,0,-0.0139816,0.871799,0.489665
0,0,-0.86432,-0.326177,0.382832
0,0,0.673448,-0.718239,0.17493
0,0,0.769349,-0.511679,0.382475
0,0,0.459958,-0.115451,0.880403
0,0,-0.761508,0.647996,0.0143824
0,0,0.88982,0.169672,0.423595
0,0,-0.243666,0.602617,0.759921
0,0,-0.54582,0.822409,0.160386
0,0,0.310414,0.923135,0.226858
2.17012,3.4731,0.277278,-0.26963,0.92218
0,0,-0.88239,-0.297772,0.364307
0,0,0.809273,0.264002,0.524768
0,0,-0.746678,0.645237,0.161681
0,0,-0.750504,0.66044,0.0237394
0,0,0.449798,0.28032,0.847999
0,0,-0.372423,0.44174,0.81619
0,0,0.343251,-0.0523983,0.937781
0,0,0.0576011,-0.973315,0.222127
0,0,-0.00617146,0.982925,0.183902
0,0,0.90173,-0.429388,0.050091
0,0,-0.834038,-0.490206,0.253137
0,0,-0.900182,0.360158,0.244864
23.3117,35.3742,0.0202825,-0.105033,0.994262
0,0,-0.0998065,0.713589,0.693419
0,0,-0.552168,0.592514,0.586547
0,0,0.381659,0.686042,0.619422
0,0,-0.156008,-0.693302,0.703558
0,0,0.123067,0.446204,0.886429
0,0,-0.305768,-0.621108,0.721616
0,0,0.607718,-0.776403,0.166963
0,0,0.517304,-0.705541,0.484364
0,0,0.220506,0.95387,0.203739
0,0,0.925328,0.0154383,0.378853
0,0,0.262351,-0.788598,0.556134
0,0,0.348634,0.473166,0.809054
0,0,0.00167045,0.437275,0.899326
0,0,-0.35493,-0.155042,0.921947
0,0,0.767772,-0.638855,0.048896
0,0,-0.536452,-0.771586,0.34187
0,0,-0.656488,-0.69985,0.281485
0,0,0.771157,0.617717,0.154087
0,0,-0.0381272,-0.766325,0.641321
0,0,0.862746,-0.48709,0.135696
0,0,0.463575,-0.868996,0.173043
0,0,0.836782,0.330223,0.436747
0,0,-0.0881397,-0.77446,0.626453
0,0,0.355476,0.933741,0.0420052
0,0,0.53856,-0.0885676,0.837919
0,0,0.4182,-0.749515,0.513162
0,0,-0.917031,-0.311899,0.248543
0,0,-0.8023,-0.593442,0.0643544
0,0,-0.407636,-0.889969,0.204422
0,0,-0.311125,-0.949951,0.0281914
0,0,-0.811663,-0.48627,0.323643
0,0,0.170134,-0.887644,0.427951
5.36037,8.1883,0.519888,-0.741015,0.424986
0,0,0.939586,0.220674,0.261688
0,0,-0.0935411,0.981944,0.164424
0,0,-0.0766175,-0.448115,0.890687
0,0,0.544364,0.825048,0.151538
0,0,0.71068,0.279227,0.645729
0,0,0.918593,0.0224858,0.394564
0,0,-0.414316,0.0233424,0.909834
0,0,0.00814658,0.830923,0.556328
0,0,-0.812318,0.353846,0.463607
0,0,0.597515,-0.770241,0.222943
0,0,0.375645,0.768722,0.517646
0,0,0.60791,-0.777387,0.161601
0,0,-0.529837,0.121682,0.839325
0,0,0.93832,0.302797,0.166942
14.5577,21.7721,-0.1929,0.362883,0.91165
0,0,-0.482187,0.50362,0.716842
0,0,-0.238736,0.371524,0.897204
0,0,-0.452025,0.857727,0.244903
0,0,0.551648,-0.338549,0.762279
0,0,0.970724,0.108197,0.214449
0,0,0.57177,0.629721,0.525862
0,0,-0.203022,0.691633,0.693128
0,0,0.384958,0.654836,0.650382
0,0,0.824378,-0.114965,0.554242
0,0,-0.691331,0.712562,0.119651
0,0,-0.407282,0.841412,0.355172
0,0,0.729349,-0.460272,0.506162
0,0,-0.671676,0.0755054,0.736987
0,0,0.74478,0.663899,0.0673904
0,0,0.819312,-0.572622,0.0288357
0,0,0.35197,0.167576,0.920889
0,0,0.627611,-0.0448065,0.777237
0,0,0.199581,-0.979768,0.0148855
0,0,0.277111,0.889289,0.363833
0,0,0.715704,0.686508,0.128356
0,0,0.203687,0.977757,0.050024
0,0,-0.368311,-0.467173,0.803801
0,0,0.229932,-0.230423,0.945535
0,0,0.553938,0.826827,0.0975202
0,0,0.505642,0.858075,0.0896313
0,0,0.854327,0.313385,0.414626
0,0,0.556676,0.575532,0.599062
0,0,-0.904017,0.253017,0.344581
0,0,0.912213,0.0718454,0.403367
0,0,0.454079,-0.648757,0.610678
0,0,0.650042,0.0267905,0.759426
0,0,0.307798,-0.798379,0.517543
0,0,-0.319933,0.0598612,0.945547
0,0,0.430615,0.896666,0.102767
0,0,0.508481,-0.0387115,0.860203
0,0,-0.688078,-0.720343,0.0874902
24.2441,36.7658,0.258233,0.181961,0.948792
0,0,-0.0377047,-0.9151,0.40146
0,0,0.605611,-0.186598,0.773574
0,0,-0.881393,0.458302,0.114482
0,0,-0.988483,0.0528942,0.141786
0,0,0.0718163,0.193451,0.978478
0,0,0.237788,0.280937,0.929802
6.85912,9.49132,0.04649,-0.361698,0.931136
0,0,-0.470672,0.182491,0.863229
0,0,0.0211054,-0.101949,0.994566
0,0,0.416117,-0.490726,0.765529
0,0,-0.770639,0.632728,0.0759652
0,0,0.599046,0.538508,0.592582
0,0,0.608648,-0.646115,0.460525
0,0,0.820672,0.351409,0.450565
0,0,0.26779,-0.382001,0.884513
0,0,-0.900757,0.420693,0.107951
0,0,-0.716114,0.689582,0.107974
0,0,-0.877314,0.456292,0.148722
0,0,0.843417,0.537259,0.000688876
0,0,-0.998951,0.0455079,0.00502438
0,0,-0.089987,-0.989849,0.110007
0,0,-0.946478,-0.316981,0.0608452
0,0,-0.975696,0.216923,0.0310192
0,0,-0.990893,-0.126115,0.0471824
0,0,-0.0888114,-0.053086,0.994633
0,0,0.868227,0.491878,0.0651027
0,0,0.45331,-0.814076,0.363029
0,0,0.0932988,-0.773283,0.627159
0,0,-0.219359,-0.778908,0.587523
0,0,-0.259094,0.885356,0.386024
0,0,0.937661,-0.0614142,0.342082
0,0,-0.699814,0.527829,0.481307
0,0,0.655922,-0.321586,0.682897
0,0,0.475681,0.875139,0.0886536
0,0,-0.621456,0.714135,0.322188
0,0,-0.785874,0.341079,0.515816
0,0,0.442327,-0.426675,0.788857
0,0,0.561162,-0.648048,0.514909
0,0,-0.635677,0.28989,0.715457
0,0,0.57233,0.167238,0.802789
0,0,-0.129335,-0.988117,0.0830489
0,0,0.0639995,-0.948612,0.309901
0,0,0.866891,0.453678,0.206581
18.3364,25.4217,0.0264712,-0.064014,0.997598
0,0,-0.0549259,-0.863628,0.501129
0,0,0.935097,0.333204,0.120704
0,0,-0.884601,-0.111373,0.452854
0,0,-0.536002,-0.300234,0.789026
0,0,0.639171,0.134666,0.757183
0,0,-0.640609,-0.126499,0.757375
0,0,0.983504,0.161434,0.0815992
0,0,0.023435,0.100884,0.994622
0,0,0.71693,-0.696664,0.0259171
0,0,0.350217,-0.915653,0.197302
0,0,0.0963652,0.948177,0.302777
0,0,0.615538,-0.309511,0.724787
0,0,0.271873,0.413469,0.868981
0,0,-0.657942,-0.46696,0.590814
0,0,-0.777933,0.445142,0.443474
0,0,0.613684,0.78922,0.0228717
0,0,0.718751,-0.692536,0.0615702
0,0,-0.67656,0.715069,0.175904
0,0,0.938425,-0.0542656,0.341196
0,0,-0.00828683,-0.277225,0.960769
0,0,-0.248654,-0.54255,0.802378
0,0,-0.0331309,-0.999388,0.0112274
0,0,0.991675,0.0929787,0.0890784
0,0,0.718848,-0.666499,0.197575
0,0,0.387028,0.815775,0.429791
0,0,0.472842,0.793508,0.383101
0,0,-0.234367,0.851646,0.468798
0,0,-0.9953,0.0585674,0.0771273
0,0,-0.944667,-0.0371143,0.325924
0,0,0.382568,-0.919167,0.0936661
0,0,-0.604614,-0.75556,0.252134
0,0,-0.643339,0.53529,0.547338
0,0,0.373182,0.297222,0.87886
0,0,0.476693,-0.831002,0.286703
0,0,0.580126,-0.767264,0.273421
0,0,0.626007,0.779622,0.0174585
0,0,0.831461,0.473878,0.290022
0,0,-0.0471212,-0.357226,0.932829
0,0,0.383744,-0.248231,0.88945
0,0,0.8401,-0.00574954,0.542401
0,0,0.584427,0.45819,0.669707
0,0,-0.727698,-0.456646,0.511791
0,0,0.437332,-0.244277,0.865488
0,0,0.208692,-0.688398,0.694663
0,0,-0.609431,0.359816,0.706489
0,0,0.483658,-0.834759,0.26316
0,0,-0.984288,-0.174403,0.0275888
0,0,0.477439,-0.878662,0.00245564
0,0,0.74403,0.464153,0.480606
0,0,-0.892279,-0.394531,0.219506
0,0,0.791219,-0.545638,0.276138
0,0,0.634552,0.118803,0.763695
0,0,-0.581577,-0.492909,0.647154
0,0,-0.986843,0.126795,0.100316
0,0,0.884621,0.214837,0.413873
0,0,-0.177229,-0.969372,0.170025
0,0,0.969197,0.234413,0.0755558
0,0,-0.266723,0.868783,0.417223
0,0,-0.751412,0.40741,0.519035
0,0,0.243575,-0.353339,0.903229
0,0,-0.012752,0.871822,0.489657
0,0,0.631758,-0.434209,0.642141
0,0,0.637704,0.460756,0.617282
0,0,0.400034,-0.804448,0.43913
0,0,-0.685866,-0.120798,0.717632
0,0,0.436834,-0.837423,0.32848
0,0,-0.834699,-0.481969,0.266427
0,0,0.368535,-0.924143,0.100701
0,0,-0.0258367,0.854899,0.51815
0,0,-0.496682,0.0832018,0.863935
0,0,0.446885,-0.142829,0.883116
19.7515,26.511,-0.0363269,0.0581613,-0.997646
0,0,-0.961333,0.273749,0.0299896
0,0,0.764926,0.0862676,0.638316
0,0,0.98518,-0.160128,0.0614736
0,0,-0.761205,-0.643723,0.0786676
17.1833,23.9942,-0.707695,0.256505,0.65831
0,0,0.514792,-0.844003,0.150494
0,0,0.414525,0.362832,0.834579
0,0,-0.00921714,-0.327789,0.944706
0,0,0.236199,0.543567,0.805447
0,0,0.884069,-0.282338,0.372433
0,0,-0.409963,0.256039,0.875428
0,0,-0.508663,-0.471982,0.720066
0,0,0.604771,-0.589265,0.535742
0,0,0.373564,0.901226,0.219639
0,0,0.202881,-0.387341,0.899337
0,0,-0.349451,0.0849203,0.933098
0,0,-0.608046,0.549149,0.573338
0,0,0.402003,-0.80381,0.438502
0,0,0.78739,0.563282,0.25046
0,0,-0.500737,0.0804964,0.861848
0,0,-0.794724,0.138221,0.591024
0,0,-0.654877,-0.314717,0.687087
0,0,-0.881044,-0.239799,0.407748
0,0,0.890966,0.37496,0.256095
0,0,-0.83453,-0.12587,0.536392
0,0,-0.0214871,-0.748601,0.662672
0,0,-0.177537,0.982428,0.0575791
0,0,-0.493809,0.248627,0.833269
0,0,0.910742,0.275199,0.30792
0,0,0.0145061,0.463831,0.885805
0,0,0.927576,0.222164,0.300409
0,0,-0.0857579,0.313184,0.945812
0,0,-0.955498,0.0307908,0.293388
0,0,-0.498475,-0.292605,0.81603
0,0,0.145611,-0.808997,0.569493
0,0,-0.500824,-0.559995,0.659985
0,0,-0.332043,-0.485961,0.808449
0,0,0.614158,0.699165,0.36603
0,0,-0.707588,0.4511,0.543901
0,0,-0.716528,-0.555177,0.422334
0,0,0.532195,0.420834,0.73462
0,0,0.0250701,0.901319,0.432431
0,0,0.837175,-0.158709,0.523403
0,0,0.175666,-0.68901,0.703141
0,0,0.31816,0.597423,0.736111
0,0,-0.680228,-0.670958,0.295136
0,0,-0.91281,0.214,0.347823
0,0,-0.465133,-0.744266,0.479292
0,0,-0.40572,0.722117,0.560302
0,0,0.0491465,-0.715987,0.696381
0,0,-0.426502,0.215302,0.878488
0,0,-0.387228,-0.91205,0.134977
0,0,-0.88282,-0.371292,0.287698
0,0,-0.66138,0.122653,0.739954
0,0,-0.666707,0.745301,0.0053539
0,0,-0.331831,-0.679153,0.654705
0,0,-0.406551,-0.758887,0.508731
0,0,0.384525,0.894712,0.227225
0,0,-0.342558,-0.58709,0.733471
0,0,-0.206429,-0.906037,0.369437
0,0,0.663526,0.741388,0.100385
0,0,0.31469,-0.111523,0.94262
0,0,-0.344687,0.923954,0.165832
0,0,0.907353,0.0618732,0.415792
0,0,0.771965,-0.633234,0.0555491
0,0,0.907289,0.289548,0.304941
0,0,-0.599146,-0.291457,0.745705
0,0,-0.238949,0.895826,0.374698
0,0,-0.389764,0.571754,0.721929
0,0,0.913535,0.405169,0.0359379
0,0,0.136287,0.525407,0.839865
0,0,-0.568245,0.305389,0.764091
0,0,0.271491,-0.961899,0.0322992
0,0,-0.237791,0.755315,0.610699
0,0,0.221228,-0.692706,0.686452
0,0,0.879771,-0.447222,0.161231
0,0,0.937238,-0.227096,0.264597
0,0,-0.531266,0.677643,0.508485
0,0,-0.819461,-0.500955,0.278439
0,0,-0.692898,0.452146,0.561656
0,0,-0.855755,0.267251,0.443012
0,0,0.0528981,0.995963,0.0725265
0,0,0.8845,-0.324358,0.335337
0,0,-0.811289,-0.468083,0.350297
0.72951,1.08125,0.241398,-0.340164,0.908854
0,0,-0.453514,-0.871907,0.184672
0,0,-0.729288,-0.295881,0.616922
0,0,-0.349619,0.907611,0.2324
0,0,-0.403831,0.599511,0.691019
0,0,0.462721,0.411549,0.785186
0,0,-0.457518,0.569065,0.683259
0,0,0.312997,-0.0544307,0.948193
0,0,-0.531626,0.609145,0.588487
0,0,0.71772,0.002761,0.696326
0,0,-0.82399,0.503988,0.258913
0,0,0.251995,0.697858,0.670442
0,0,0.459783,0.444278,0.768906
0,0,-0.632463,-0.762426,0.136737
0,0,-0.238483,0.505749,0.829062
0,0,0.566684,0.353488,0.744255
0,0,0.802708,0.197685,0.562655
0,0,0.420134,0.600996,0.67992
0,0,0.892723,-0.152081,0.424167
0,0,-0.961554,-0.158253,0.224433
0,0,0.479768,0.150062,0.864468
0,0,0.0377682,0.922194,0.384879
0,0,-0.135162,-0.544002,0.828126
0,0,-0.195076,0.435105,0.878993
0,0,0.546503,-0.418771,0.725235
0,0,-0.519716,-0.509956,0.685449
10.9252,13.2843,0.0648539,0.103422,0.992521
0,0,0.34353,-0.894535,0.285998
0,0,0.643998,0.316301,0.696578
0,0,-0.787411,0.596872,0.154037
0,0,-0.757008,-0.140165,0.638194
0,0,0.761668,0.458086,0.458278
0,0,-0.747332,0.406297,0.525755
0,0,0.0304182,0.896401,0.442198
0,0,0.843656,-0.104093,0.526697
1.88934,2.99212,-0.623166,0.160054,0.765537
0,0,-0.356803,-0.00397529,0.934171
0,0,-0.766596,0.220561,0.603061
0,0,-0.10228,-0.964931,0.241757
0,0,0.00924984,-0.429811,0.902872
0,0,-0.417158,-0.382534,0.824407
0,0,-0.252229,0.854461,0.454176
0,0,-0.466134,0.228641,0.854659
0,0,0.387758,0.682662,0.619368
0,0,0.00888043,-0.806662,0.590946
0,0,-0.174412,-0.961195,0.213742
0,0,-0.234374,-0.721356,0.651702
0,0,-0.670255,-0.603442,0.43199
0,0,-0.482283,-0.854961,0.190907
0,0,0.179972,0.498,0.848296
0,0,-0.615556,0.598166,0.513116
0,0,-0.727341,-0.187287,0.660226
0,0,0.772207,0.302127,0.558941
0,0,0.90694,-0.0235532,0.420602
0,0,-0.977581,-0.209021,0.0254123
0,0,0.820176,0.556509,0.132698
0,0,0.728717,0.679182,0.0876541
0,0,-0.623753,-0.54775,0.557585
0,0,-0.437016,0.857529,0.271406
0,0,-0.111632,0.573889,0.811289
0,0,-0.424062,-0.348673,0.835822
0,0,0.413872,0.813909,0.407753
0,0,-0.932327,0.246635,0.264457
0,0,-0.234404,0.972124,0.0053817
0,0,0.327681,0.330582,0.885065
0,0,0.660703,-0.486543,0.571618
0,0,-0.635799,-0.18193,0.750107
0,0,-0.124919,-0.990469,0.0580245
0,0,0.843951,0.533412,0.0567377
0,0,-0.534568,-0.799251,0.274654
0,0,-0.838966,-0.124452,0.529761
0,0,0.455455,0.876888,0.153714
0,0,0.452558,0.674345,0.583481
0,0,-0.269615,-0.809006,0.522319
0,0,0.988003,-0.0189862,0.15326
0,0,0.558242,-0.644773,0.522143
0,0,0.133798,-0.00378832,0.991001
0,0,-0.172166,0.963941,0.202922
0,0,0.679425,-0.540024,0.496745
0,0,-0.771654,0.309004,0.555938
0,0,-0.265909,-0.963903,0.0135266
0,0,0.649262,0.370922,0.663984
0,0,0.748951,0.0699575,0.658923
0,0,-0.70651,0.497539,0.503288
0,0,0.649675,-0.132255,0.748619
0,0,0.908304,-0.0546626,0.414724
0,0,-0.982917,-0.183503,0.0141468
0,0,0.431824,-0.453914,0.779417
0,0,-0.928764,-0.177473,0.325424
0,0,0.467869,0.0755642,0.880561
0,0,-0.389358,0.90434,0.174841
0,0,-0.2352,-0.971829,0.0151511
0,0,-0.305397,-0.809335,0.501706
0,0,-0.851754,0.24599,0.462607
0,0,-0.254876,0.0834182,0.963369
0,0,0.513516,0.800083,0.31011
0,0,0.664947,-0.742103,0.0844312
0,0,0.99634,0.030389,0.0799006
0,0,0.149376,0.616221,0.773278
0,0,0.0722586,-0.668602,0.740101
0,0,-0.6131,0.100125,0.783634
0,0,0.109951,0.874997,0.471477
0,0,0.616292,0.0360661,0.786691
17.4676,24.8152,-0.552843,0.126869,-0.823571
0,0,0.300247,-0.715624,0.630662
0,0,0.288693,0.74892,0.596469
0,0,0.806233,-0.503801,0.310116
0,0,-0.729135,0.237074,0.641996
0,0,-0.454639,0.190095,0.870154
0,0,0.631885,-0.657565,0.410281
0,0,-0.666039,-0.00972209,0.745854
0,0,-0.350963,0.902388,0.250041
0,0,0.333834,0.619799,0.710214
0,0,0.0580267,0.795899,0.602642
0,0,0.881967,0.202293,0.425689
0,0,-0.838392,-0.245819,0.48649
0,0,-0.952774,-0.017962,0.303149
0,0,-0.70652,0.387449,0.59221
0,0,-0.432134,0.260966,0.863225
0,0,0.206014,0.976024,0.0702497
0,0,-0.0782808,-0.844699,0.529487
0,0,-0.987532,0.010779,0.157048
0,0,-0.183435,-0.303416,0.935035
0,0,0.873026,0.472572,0.12042
3.84074,4.94496,0.0422865,0.0913757,0.994918
0,0,0.0235745,0.987408,0.15643
0,0,0.167049,0.780238,0.602763
0,0,0.572687,-0.304926,0.760953
0,0,0.317165,0.947172,0.0476568
0,0,-0.654243,-0.409825,0.635618
0,0,0.473542,0.860035,0.189993
14.5028,21.2956,-0.0408203,0.421258,0.906022
0,0,-0.550994,-0.812199,0.191673
0,0,0.325302,-0.945604,0.00343361
2.84987,2.61678,-0.975084,-0.219959,-0.0288064
0,0,0.570467,0.684196,0.454359
0,0,-0.579771,-0.802386,0.141571
0,0,0.177833,0.89107,0.417576
0,0,0.959869,0.280166,0.0126158
0,0,0.281385,0.877092,0.389271
0,0,0.39104,-0.868004,0.306034
0,0,0.389169,-0.67603,0.625725
0,0,0.189611,-0.197841,0.961721
0,0,0.410785,-0.649492,0.639856
0,0,-0.639021,0.3014,0.707679
0,0,0.428339,0.877128,0.21719
0,0,0.441084,-0.297564,0.8467
0,0,0.649511,-0.0348197,0.759555
0,0,0.924414,-0.0274715,0.380401
0,0,-0.943679,0.3067,0.124115
0,0,-0.467324,-0.139374,0.873031
0,0,0.449826,0.733375,0.509723
0,0,0.913845,0.366353,0.17514
0,0,0.540931,0.175942,0.822459
0,0,0.350827,-0.0837207,0.93269
0,0,-0.0262182,-0.574488,0.818093
0,0,-0.338493,-0.888655,0.309379
0,0,0.965492,0.260242,0.00995189
0,0,-0.0810181,-0.780921,0.619353
0,0,0.231672,-0.608252,0.759182
0,0,-0.838475,-0.525228,0.145241
0,0,0.795935,-0.604668,0.0293847
0,0,-0.978406,0.0569473,0.198692
0,0,-0.674196,-0.655205,0.340831
0,0,-0.696387,0.46879,0.543398
0,0,0.508203,-0.627999,0.589362
0,0,0.856472,0.46354,0.227127
0,0,-0.135159,0.563682,0.814859
0,0,-0.0245754,0.911771,0.409964
0,0,-0.262427,-0.779951,0.568162
0,0,-0.573668,0.0907431,0.814046
0,0,-0.627814,0.467999,0.621954
0,0,0.0107675,-0.339893,0.940402
0,0,-0.35708,0.933969,0.0139904
0,0,0.967458,-0.250903,0.0327642
0,0,0.259956,-0.764783,0.589517
0,0,-0.319093,0.928733,0.18877
0,0,0.0764486,0.823856,0.56162
0,0,0.395576,0.685164,0.611613
0,0,-0.732703,0.674476,0.0907079
0,0,0.266125,-0.478183,0.83697
0,0,0.275214,-0.799056,0.534572
0,0,-0.733204,0.0485192,0.678276
0,0,0.291351,0.377515,0.878975
0,0,0.714263,-0.69725,0.0605854
0,0,-0.842459,0.507385,0.181174
0,0,-0.369726,0.924769,0.0900225
0,0,0.881107,-0.464883,0.0867973
22.3213,34.089,0.12138,-0.608394,0.784298
0,0,0.842657,-0.514376,0.159208
0,0,-0.710097,-0.611209,0.349551
0,0,0.0300339,-0.739443,0.672549
0,0,-0.636168,-0.714228,0.291837
0,0,0.413777,0.721175,0.555604
0,0,-0.909447,-0.0515406,0.412613
22.2852,33.4492,-0.827149,-0.212396,0.520301
0,0,-0.9933,-0.0962158,0.0640132
0,0,-0.321897,-0.869796,0.373948
0,0,0.9845,0.150622,0.0898523
0,0,-0.846361,-0.514576,0.137421
0,0,0.975013,0.160979,0.153087
0,0,-0.674346,0.438922,0.593805
0,0,-0.152097,-0.821942,0.548887
0,0,-0.502635,0.443999,0.74177
0,0,-0.928034,-0.20936,0.308092
0,0,0.48055,0.798714,0.362116
0,0,-0.576629,-0.816644,0.0242993
0,0,-0.306214,-0.758097,0.575779
0,0,0.177442,0.682455,0.709063
0,0,-0.707542,-0.624669,0.330413
0,0,0.601337,-0.798983,0.00433753
0,0,0.60732,-0.506446,0.612107
0,0,0.94295,-0.222512,0.247658
0,0,-0.699924,-0.690768,0.181513
0,0,0.699587,0.559877,0.443978
0,0,0.0360371,0.915838,0.399928
0,0,0.595103,0.727454,0.341561
0,0,-0.973377,0.228938,0.0111614
0,0,-0.867585,0.0975519,0.487626
0,0,0.0617031,0.983606,0.169445
12.724,17.7514,-0.0929204,0.488914,0.867369
0,0,-0.501202,-0.488437,0.714301
0,0,0.371184,0.910666,0.18141
0,0,-0.710193,-0.356232,0.607227
0,0,-0.0507578,0.883543,0.465591
0,0,0.0485628,0.789692,0.611579
0,0,0.648016,-0.677748,0.347466
0,0,-0.122115,0.721383,0.681685
0,0,-0.864167,-0.0292159,0.502356
0,0,0.712652,-0.620688,0.326914
0,0,-0.154054,0.524432,0.8374
0,0,-0.562917,-0.565632,0.602648
14.2585,20.4412,-0.471724,-0.00752389,0.881714
0,0,-0.867194,0.172411,0.467171
3.43077,4.84545,0.0310372,-0.272083,0.961773
0,0,0.733362,-0.0513722,0.677894
0,0,0.404943,-0.461082,0.789572
0,0,-0.106175,0.520136,0.847458
0,0,-0.0486401,-0.351532,0.934911
0,0,0.979908,0.178254,0.0894796
0,0,-0.516282,0.595438,0.615553
0,0,0.574175,-0.234931,0.784303
0,0,0.259115,0.936801,0.235082
0,0,0.491298,0.466411,0.735586
0,0,0.311466,0.107751,0.944129
0,0,-0.53475,0.20672,0.819335
0,0,-0.761999,0.48778,0.425943
0,0,-0.0277734,0.680609,0.73212
0,0,-0.710833,0.378347,0.592934
0,0,-0.897681,0.243172,0.367472
0,0,0.808279,-0.449773,0.379985
0,0,0.128179,-0.966733,0.221353
0,0,0.524368,0.732188,0.43467
0,0,-0.750809,0.659906,0.0284657
0,0,-0.924174,0.0765127,0.374231
0,0,-0.119419,-0.344954,0.930992
0,0,0.6781,0.70857,0.195217
0,0,-0.798829,-0.0481997,0.599624
0,0,-0.148573,-0.595223,0.789706
0,0,-0.459655,0.354599,0.814234
0,0,0.118996,-0.43586,0.892113
0,0,0.441795,0.352952,0.824768
0,0,-0.340341,0.671041,0.65869
0,0,0.0658631,-0.401876,0.913322
0,0,-0.337252,0.913971,0.225649
0,0,-0.240758,-0.649653,0.721101
0,0,-0.671753,-0.727503,0.139597
0,0,0.698312,-0.00010764,0.715793
0,0,0.932218,0.351967,0.0841942
0,0,-0.678662,0.734266,0.0164767
0,0,0.00127607,0.957051,0.289918
0,0,0.0183246,0.592072,0.805677
0,0,-0.458033,-0.232041,0.858116
0,0,0.543725,0.838508,0.0355944
0,0,0.454303,-0.752453,0.47689
0,0,-0.449118,0.703608,0.550663
0,0,0.3446,-0.754482,0.558576
0,0,-0.695902,-0.643864,0.318057
0,0,-0.536646,0.659726,0.526092
0,0,0.110199,0.0408486,0.99307
0,0,0.867634,0.252167,0.428512
0,0,0.327051,-0.257967,0.909115
0,0,-0.401125,-0.108813,0.909538
0,0,-0.603814,0.781092,0.159072
0,0,-0.932983,-0.0624426,0.354463
0,0,0.458425,0.381432,0.802718
0,0,-0.774572,0.0577462,0.629844
0,0,0.477376,-0.312584,0.82122
0,0,-0.0824613,-0.747021,0.659666
0,0,-0.137954,0.812879,0.565859
0,0,-0.911927,-0.320861,0.255806
0,0,-0.93633,0.350751,0.0160973
0,0,-0.821645,-0.375003,0.42927
0,0,-0.721871,-0.539237,0.433734
0,0,-0.52684,-0.53691,0.658913
0,0,-0.0339887,0.307816,0.950839
0,0,0.846556,-0.123174,0.517852
0,0,-0.620114,-0.549864,0.55956
0,0,-0.891956,0.379898,0.245136
0,0,-0.0625835,0.336634,0.939554
0,0,-0.280018,0.228825,0.932325
0,0,-0.241702,-0.392928,0.887236
0,0,-0.600699,0.796593,0.0678308
0,0,-0.688942,0.385327,0.613907
0,0,0.605992,0.635758,0.478106
0,0,-0.922555,0.247983,0.295629
0,0,0.732162,0.535181,0.421331
0,0,-0.807348,0.155663,0.569173
0,0,-0.449927,0.619762,0.643009
0,0,-0.887452,-0.439852,0.137691
0,0,0.90739,0.135471,0.397858
0,0,-0.239991,0.862577,0.445382
0,0,0.494488,0.309607,0.812173
0,0,-0.337508,0.933136,0.123877
0,0,-0.03364,0.717838,0.695396
0,0,-0.485748,0.658452,0.574882
0,0,-0.737346,-0.635894,0.227946
0,0,0.347254,0.876036,0.334626
0,0,0.610561,-0.782307,0.123334
0,0,-0.138965,-0.881055,0.45214
0,0,0.213281,0.276841,0.936947
0,0,0.285929,0.347193,0.893141
0,0,-0.913931,-0.327594,0.23961
0,0,0.634722,0.765797,0.103357
0.131964,0.222516,-0.385812,-0.0473293,0.921363
0,0,-0.457397,-0.642338,0.614972
0,0,-0.413969,0.0843013,0.906379
0,0,-0.591345,-0.77202,0.233017
0,0,0.956168,0.0645133,0.285624
0,0,-0.312116,0.732853,0.604574
0,0,-0.292529,-0.404542,0.866471
0,0,-0.196783,-0.934416,0.29689
0,0,0.623532,0.599153,0.502219
0,0,-0.919219,-0.0763852,0.386266
0,0,-0.740224,0.340078,0.580014
0,0,-0.0824854,0.671708,0.73621
0,0,0.561248,0.824803,0.06856
5.04665,7.88109,0.330688,-0.196715,0.923011
0,0,-0.627165,0.659395,0.414562
0,0,-0.608142,-0.791534,0.0603086
0,0,-0.0102206,0.997488,0.0700877
0,0,0.452389,-0.87952,0.147608
0,0,0.673514,-0.620853,0.401149
0,0,-0.917277,0.171269,0.359541
0,0,0.664078,0.709022,0.23725
0,0,0.522156,-0.545643,0.655459
0,0,-0.555238,0.0955216,0.826188
0,0,-0.942318,0.211405,0.259509
0,0,-0.958174,0.133003,0.253402
0,0,-0.870371,0.345498,0.350835
0,0,-0.584197,0.13377,0.800512
0,0,-0.625173,0.612167,0.48416
0,0,0.989217,-0.139748,0.043823
0,0,-0.994684,-0.102413,0.0107584
0,0,-0.00890731,0.998611,0.051921
0,0,-0.218098,-0.373794,0.901505
0,0,-0.201289,-0.872031,0.446143
0,0,-0.19207,-0.911656,0.363307
0,0,0.0428162,0.986115,0.16045
0,0,-0.501586,0.440495,0.744564
0,0,0.256607,-0.966487,0.0074121
0,0,-0.606582,-0.740808,0.288551
0,0,0.415087,-0.501273,0.759229
0,0,0.692135,-0.0591399,0.719342
0,0,0.491921,-0.159324,0.855938
0,0,-0.393955,-0.654618,0.645194
0,0,-0.725911,-0.672434,0.144516
0,0,-0.275857,-0.516784,0.810455
0,0,-0.903842,0.413509,0.109913
0,0,0.0813607,0.46443,0.881864
0,0,-0.896476,-0.290237,0.334802
0,0,-0.312999,-0.662172,0.680853
0,0,0.815942,-0.577083,0.034825
0,0,-0.750417,0.603322,0.269958
0,0,0.0664737,0.466095,0.882234
0,0,0.753152,0.587141,0.296694
0,0,-0.125457,-0.671965,0.729879
0,0,-0.320766,0.829289,0.45759
0,0,-0.763323,-0.628053,0.151288
0,0,-0.28784,0.301342,0.909033
0,0,-0.868378,0.295307,0.398389
0,0,-0.78826,-0.591473,0.169723
0,0,0.560368,-0.580233,0.591031
0,0,-0.454256,0.249809,0.85513
0,0,0.290885,-0.888876,0.353956
0,0,0.662961,0.375317,0.647781
9.8567,13.0508,-0.467569,-0.204477,0.859982
0,0,-0.73239,0.239895,0.637224
0,0,-0.864891,-0.481279,0.142597
0,0,0.382423,-0.589016,0.711908
0,0,-0.372683,-0.894937,0.245346
0,0,-0.222921,0.477412,0.849932
0,0,0.441742,-0.614415,0.653726
6.71702,9.96489,-0.213562,-0.938197,0.272356
0,0,-0.539552,0.00384239,0.841944
0,0,-0.193308,-0.528681,0.826516
0,0,0.918935,-0.344754,0.191581
0,0,-0.311999,0.739784,0.596135
0,0,-0.554367,0.0546669,0.830475
0,0,-0.208225,-0.653118,0.728066
0,0,0.81633,-0.0072245,0.57754
0,0,0.1762,0.695912,0.696175
0,0,0.439203,0.898193,0.0187211
0,0,-0.928743,0.275225,0.24837
0,0,-0.445292,-0.28419,0.849088
0,0,0.766652,-0.54685,0.336452
0,0,-0.0338088,-0.912906,0.406767
0,0,-0.545814,0.251009,0.799426
0,0,-0.709269,-0.111112,0.696126
0,0,-0.855597,-0.259994,0.447613
0,0,-0.330301,0.435304,0.837503
0,0,-0.689541,0.438411,0.57648
0,0,-0.768539,0.509369,0.387156
0,0,0.892333,-0.0560567,0.447883
0,0,-0.810053,-0.114915,0.574986
4.43666,6.84912,-0.603798,0.635564,0.481129
0,0,-0.727651,0.33086,0.600878
0,0,-0.995309,0.0498908,0.0828878
0,0,0.838052,0.423284,0.344237
0,0,-0.733765,-0.559473,0.385458
0,0,0.813827,0.464471,0.349216
0,0,0.0938863,0.663173,0.742554
0,0,0.563951,0.552787,0.613502
0,0,-0.486862,0.161402,0.858437
23.636,33.3654,-0.143237,0.926076,-0.349094
0,0,-0.607691,-0.585534,0.536527
0,0,-0.75389,0.53076,0.387226
0,0,-0.539388,-0.13279,0.831521
0,0,0.381217,-0.457884,0.803128
0,0,0.405047,0.113429,0.907232
0,0,0.128996,-0.786777,0.603607
0,0,0.323433,0.324533,0.888858
0,0,0.317539,0.821367,0.47384
0,0,0.471934,0.669027,0.574179
0,0,0.540193,-0.491353,0.683201
0,0,-0.410808,0.423577,0.807354
0,0,-0.296547,0.737914,0.606253
0,0,-0.788493,0.297084,0.538535
0,0,0.155848,-0.534149,0.830901
0,0,0.877123,0.114303,0.466465
0,0,-0.391779,0.919019,0.043747
0,0,0.193023,-0.795389,0.574542
0,0,0.360344,-0.188973,0.913478
0,0,-0.727283,-0.605725,0.322734
0,0,0.458126,-0.40307,0.792247
0,0,-0.361851,-0.659998,0.658382
0,0,-0.83724,-0.0705398,0.542267
0,0,0.792104,0.403771,0.457755
0,0,0.702478,0.589861,0.398232
0,0,-0.270984,0.928485,0.253935
0,0,-0.274681,0.845257,0.458357
0,0,-0.806324,0.507381,0.303983
0,0,-0.486666,-0.820591,0.299644
0,0,-0.130155,0.116106,0.984672
0,0,0.0254777,0.394462,0.918559
0,0,0.686049,-0.666453,0.291851
0,0,0.749422,0.263231,0.607516
0,0,-0.938634,-0.344028,0.0247322
0,0,-0.943456,0.0926968,0.318274
0,0,-0.380581,-0.776677,0.501926
0,0,-0.0347306,0.994244,0.101354
0,0,-0.750996,-0.277528,0.599152
0,0,-0.536445,-0.206713,0.818228
0,0,0.698672,0.371758,0.611272
0,0,-0.911955,-0.410238,0.00657851
0,0,0.733507,-0.209577,0.646564
0,0,-0.613051,0.673884,0.41237
0,0,-0.591113,-0.59914,0.540016
0,0,0.354952,0.866882,0.350035
0,0,-0.435748,0.678985,0.59085
0,0,0.583606,0.0389284,0.811103
0,0,0.313789,-0.348071,0.883393
0,0,0.631321,0.771086,0.0828221
0,0,-0.262772,0.593497,0.760731
0,0,0.837977,-0.524759,0.149738
0,0,0.00913016,0.460969,0.887369
21.8667,28.2919,-0.00734602,0.0272705,0.999601
0,0,-0.780586,-0.439641,0.444299
0,0,-0.688064,-0.479278,0.544849
0,0,0.547721,0.74906,0.372709
0,0,-0.305666,0.877964,0.36844
0,0,-0.634902,0.187399,0.74952
0,0,0.267325,-0.797967,0.540173
0,0,-0.693014,-0.634168,0.342875
0,0,-0.281902,0.176531,0.943063
0,0,0.783771,-0.62085,0.0157516
0,0,-0.472207,-0.877714,0.0814782
0,0,0.612747,-0.763834,0.202727
0,0,-0.648234,0.647831,0.400135
0,0,0.724643,-0.368229,0.582494
0,0,0.42723,0.883695,0.191198
0,0,-0.976054,0.0527776,0.21103
0,0,-0.14094,0.749862,0.646408
0,0,0.332747,-0.553074,0.763799
0,0,-0.0875252,0.996144,0.00606466
0,0,-0.346621,-0.935145,0.073204
0,0,-0.463324,0.85754,0.22351
0,0,-0.627447,0.728141,0.275901
0,0,-0.939991,0.242356,0.240168
0,0,-0.606343,-0.562978,0.561608
0,0,0.386234,-0.745503,0.543183
0,0,0.968916,0.233681,0.0812095
0,0,-0.77818,0.121587,0.61616
0,0,0.803336,-0.578724,0.140465
0,0,-0.997244,-0.0417021,0.0613628
0,0,-0.2104,0.956921,0.200083
0,0,0.857001,-0.251037,0.450034
0,0,-0.777552,0.383355,0.498449
0,0,0.976229,-0.0899976,0.197176
0,0,0.933358,-0.289792,0.211811
0,0,0.830637,-0.087978,0.54982
0,0,0.807558,-0.200435,0.554686
0,0,0.621434,-0.663095,0.417283
0,0,-0.249101,-0.933341,0.258503
0,0,0.986751,0.0113566,0.161844
0,0,-0.184047,0.421793,0.887816
0,0,0.046499,-0.37953,0.92401
0,0,0.528539,0.336557,0.779343
0,0,0.101748,0.543978,0.832907
0,0,-0.702352,0.701917,0.11838
0,0,0.529441,-0.411809,0.741691
0,0,0.784681,0.614476,0.0818231
0,0,0.815569,0.574634,0.0681391
0,0,0.948598,0.151424,0.277907
0,0,0.321865,0.437439,0.839672
0,0,0.840559,0.435876,0.321673
12.8351,18.3516,0.574398,-0.109974,0.811155
0,0,-0.518382,0.841016,0.154828
0,0,-0.224007,-0.637965,0.736765
13.754,20.3651,0.119375,-0.778241,0.616515
0,0,0.971075,0.0753811,0.226562
0,0,0.973295,0.219018,0.0687538
0,0,0.132203,0.809256,0.572387
0,0,0.69663,-0.628454,0.346052
0,0,-0.274692,-0.542651,0.793772
0,0,-0.867079,-0.142153,0.477458
0,0,0.56192,0.80662,0.183328
0,0,-0.590924,0.670505,0.44859
24.1607,35.5312,-0.781261,0.550623,0.294017
0,0,0.435349,-0.862575,0.257752
0,0,-0.549326,-0.521885,0.652592
0,0,-0.958559,-0.145938,0.244678
0,0,0.594837,-0.795121,0.118119
0,0,0.527297,-0.0373432,0.84886
0,0,0.804686,0.585572,0.0979046
0,0,-0.756676,0.100375,0.646039
0,0,-0.830719,0.509475,0.224368
0,0,0.280911,0.936673,0.209126
0,0,0.397027,0.685919,0.609824
0,0,0.219643,-0.658356,0.719947
0,0,-0.61272,0.342201,0.712371
0,0,-0.953842,0.227148,0.196439
0,0,-0.719663,0.654375,0.232118
0,0,-0.131323,0.886639,0.443426
0,0,-0.744216,0.445176,0.497956
0,0,0.742362,0.669942,0.00873118
0,0,0.408217,-0.578858,0.705891
0,0,-0.844409,-0.137628,0.517718
0,0,0.705528,-0.00692002,0.708648
0,0,-0.125489,0.981817,0.142436
0,0,-0.801076,-0.107452,0.58884
0,0,0.178451,0.532654,0.827306
0,0,0.954914,0.116598,0.273026
0,0,0.601395,-0.729046,0.326827
0,0,0.759732,0.593819,0.264925
0,0,-0.97102,0.0470052,0.23433
0,0,-0.79997,0.09297,0.592793
0,0,0.806603,-0.590911,0.0146764
0,0,0.634802,0.649958,0.417829
0,0,0.895475,0.444388,0.0253739
0,0,-0.621627,-0.263169,0.737782
0,0,0.383259,0.900099,0.207206
0,0,0.404698,0.904922,0.131663
0,0,-0.232382,-0.660718,0.713758
0,0,0.670445,-0.655778,0.347071
0,0,-0.427381,0.102511,0.898241
0,0,-0.988393,0.0416569,0.146096
0,0,0.654803,-0.697124,0.291977
0,0,-0.62489,0.0239181,0.780346
0,0,0.378991,-0.874164,0.303652
0,0,-0.182919,0.934991,0.303862
8.1426,12.6768,0.0361016,0.318664,0.94718
0,0,-0.259219,0.062459,0.963797
0,0,-0.95651,0.213999,0.198226
0,0,0.402615,-0.484232,0.776801
0,0,-0.552193,-0.122043,0.824735
0,0,-0.682347,-0.218349,0.697657
0,0,0.287167,-0.24764,0.925316
0,0,-0.365242,0.792235,0.488837
0,0,-0.610126,-0.776146,0.159197
0,0,0.89899,0.20954,0.384591
0,0,-0.591705,0.000908587,0.806154
0,0,-0.465623,0.74928,0.470929
0,0,-0.349798,0.0759381,0.933742
0,0,0.395739,0.270056,0.877759
0,0,0.295303,0.218483,0.930087
0,0,-0.457486,0.886466,0.0698866
0,0,-0.63585,-0.516308,0.573691
0,0,0.0916188,-0.896409,0.433656
0,0,0.998783,-0.0492598,0.00232005
0,0,-0.3939,0.309021,0.865649
0,0,-0.899522,0.0458715,0.434461
0,0,0.0549398,0.956914,0.285126
0,0,-0.441091,-0.636772,0.632425
0,0,-0.198815,0.7246,0.65987
0,0,0.640987,0.426747,0.637983
0,0,-0.695823,-0.0502145,0.716456
0,0,-0.611179,-0.212776,0.762356
0,0,0.4283,0.601044,0.674762
0,0,0.408694,-0.706583,0.577676
0,0,-0.446815,-0.386991,0.806594
0,0,0.137584,0.0705713,0.987973
0,0,0.680178,0.295433,0.670878
0,0,0.247287,-0.908681,0.336375
0,0,-0.419672,0.552233,0.720357
0,0,0.852614,-0.377049,0.361777
10.0181,15.1996,0.31074,-0.21672,0.925458
0,0,0.17091,-0.962357,0.211326
0,0,-0.295392,-0.741505,0.602423
0,0,-0.612299,0.74383,0.267968
0,0,0.566427,0.389317,0.726356
0,0,0.367532,0.726641,0.580442
0,0,0.975914,0.21712,0.0212155
0,0,-0.442551,-0.756317,0.481802
0,0,0.396049,0.859915,0.322013
0,0,-0.76133,0.203589,0.615571
0,0,0.253957,-0.443874,0.85935
0,0,0.688389,0.711142,0.142822
0,0,0.608142,-0.780918,0.142583
0,0,0.335689,0.316091,0.887355
0,0,-0.69795,0.0394952,0.715056
0,0,0.66015,-0.343416,0.668033
0,0,-0.700302,-0.694424,0.165385
0,0,-0.147767,-0.895655,0.419484
0,0,0.557225,0.653906,0.511769
0,0,-0.917001,-0.247792,0.312582
0,0,0.116313,0.74327,0.658803
0,0,0.749043,0.351085,0.561848
0,0,0.280497,-0.91554,0.288286
0,0,-0.829784,-0.482807,0.279924
0,0,-0.258929,-0.107947,0.959845
0,0,0.707484,-0.368256,0.603203
0,0,-0.855818,0.501021,0.128656
0,0,0.245724,0.347307,0.904985
0,0,-0.942342,-0.22739,0.245532
0,0,0.846204,-0.0131873,0.532696
0,0,0.0816051,0.829351,0.552736
0,0,0.596899,0.279024,0.752235
0,0,-0.251561,-0.279057,0.926738
0,0,0.581636,-0.667984,0.464216
20.6787,30.7863,-0.309076,0.159209,0.937616
0,0,-0.976781,-0.0140877,0.213779
0,0,0.029697,0.830243,0.55661
0,0,-0.233385,-0.693168,0.681945
0,0,-0.193354,0.162985,0.967497
0,0,0.705784,-0.61171,0.357324
0,0,-0.970906,-0.232423,0.057637
0,0,0.0649077,0.908892,0.411949
0,0,-0.216166,0.482057,0.849054
0,0,-0.165911,-0.973189,0.159298
0,0,-0.506538,0.00679851,0.862191
0,0,-0.116999,0.719386,0.684686
0,0,-0.940684,0.33916,0.00918079
0,0,-0.186273,0.559039,0.807947
17.4743,26.7534,-0.393425,-0.315739,0.863439
0,0,0.194481,0.977094,0.0863925
0,0,-0.387097,-0.684984,0.617214
0,0,-0.838111,-0.107678,0.534767
0,0,-0.142977,-0.616215,0.774491
0,0,0.185111,-0.742411,0.643863
0,0,-0.940469,-0.30106,0.157737
0,0,-0.635773,0.710648,0.301283
0,0,0.218918,0.185103,0.958025
0,0,0.534195,0.576288,0.618488
0,0,-0.648392,-0.372699,0.66384
0,0,-0.108546,-0.824012,0.556078
0,0,0.810528,-0.452635,0.371706
0,0,-0.0249493,-0.105315,0.994126
0,0,0.524137,-0.845186,0.104605
0,0,0.131412,-0.748061,0.650489
0,0,0.761586,-0.1701,0.625342
0,0,-0.950892,-0.20496,0.23194
0,0,-0.715703,-0.688688,0.116092
0,0,-0.938342,0.284726,0.196074
0,0,0.614917,0.696731,0.369383
0,0,0.751432,-0.0737957,0.65567
0,0,-0.451538,0.891939,0.0236102
0,0,-0.968256,0.248912,0.02288
0,0,-0.18103,0.88926,0.420053
0,0,-0.27462,-0.713876,0.644178
0,0,0.985116,0.0563816,0.162382
0,0,0.839438,0.437311,0.32265
0,0,-0.600543,0.179079,0.779281
0,0,0.729766,0.202645,0.652975
0,0,0.762347,0.544966,0.349055
0,0,0.622965,-0.502691,0.599347
0,0,-0.794571,0.500053,0.344389
0,0,-0.342764,-0.302239,0.889474
0,0,-0.162465,-0.445363,0.880487
20.8609,29.0758,0.514052,-0.261331,0.81698
0,0,0.513685,0.754751,0.408018
0,0,-0.735129,0.576779,0.356246
0,0,0.480833,0.838626,0.255944
22.3093,32.4662,0.591682,-0.452365,0.667292
0,0,-0.769486,-0.617689,0.162329
0,0,-0.30452,-0.317961,0.897869
0,0,0.521292,-0.570351,0.634786
8.6001,12.6134,0.426663,-0.0735514,0.901415
0,0,0.890223,0.450115,0.0699944
0,0,0.775038,-0.484451,0.405739
0,0,-0.0811499,-0.957406,0.277106
0,0,0.14768,-0.91791,0.368283
0,0,-0.54978,-0.716281,0.429747
0,0,0.648412,-0.236966,0.72347
0,0,-0.801968,0.576362,0.157017
0,0,0.869416,0.0833279,0.487003
0,0,0.830198,0.0701299,0.55304
0,0,0.0210613,-0.299802,0.953769
0,0,0.280119,-0.659131,0.697911
0,0,0.817118,-0.333034,0.470539
0,0,0.129294,0.795629,0.591825
0,0,-0.280018,-0.697429,0.659684
0,0,-0.0846334,-0.677208,0.730908
0,0,0.0582013,-0.696408,0.715282
0,0,-0.0446265,0.831873,0.553169
0,0,-0.642404,-0.676235,0.360588
0,0,-0.937836,0.216146,0.271559
0,0,0.45785,0.786473,0.414529
0,0,-0.854957,-0.501299,0.133221
0,0,0.240973,0.963048,0.120294
0,0,-0.724578,0.655184,0.213824
0,0,-0.972573,0.232591,0.00191082
0,0,-0.170131,0.845002,0.506979
0,0,-0.870927,0.483099,0.0900083
0,0,0.38831,-0.921347,0.0183254
0,0,0.756989,-0.297048,0.582005
0,0,0.653405,-0.274438,0.70551
0,0,0.884298,0.446211,0.137525
0,0,-0.238505,0.967872,0.0796226
0,0,-0.350872,-0.878326,0.324703
0,0,0.656908,0.433703,0.616745
0,0,-0.90187,-0.269309,0.337792
0,0,-0.467457,-0.777299,0.421059
0,0,0.683993,0.606196,0.405809
0,0,0.0201758,-0.943921,0.329553
0,0,-0.248432,-0.786528,0.565381
0,0,-0.424104,0.28714,0.858887
0,0,0.320968,0.30207,0.897627
0,0,0.380107,-0.295068,0.876615
0,0,-0.856962,0.462248,0.22791
0,0,-0.125884,-0.437635,0.890297
0,0,0.244339,-0.967735,0.0615476
0,0,-0.407105,-0.773333,0.486026
0,0,0.122639,-0.965497,0.229727
0,0,0.427883,0.776683,0.462256
0,0,0.177937,0.982395,0.0569037
0,0,-0.465608,0.238953,0.852122
0,0,-0.272958,-0.472149,0.838194
0,0,-0.947909,0.10309,0.3014
0,0,0.31893,-0.200437,0.926342
0,0,0.102915,-0.929273,0.354767
0,0,0.0654452,-0.505085,0.860585
0,0,0.288181,0.869058,0.402106
0,0,0.138472,-0.165803,0.976389
0,0,0.3649,-0.814624,0.450818
0,0,0.286308,-0.907005,0.30882
0,0,0.0859201,-0.504624,0.859053
0,0,-0.34091,0.937038,0.0757586
0,0,-0.681766,-0.653314,0.329205
0,0,0.0421404,0.991969,0.119254
0,0,0.0523784,-0.850076,0.524049
0,0,-0.247073,0.967377,0.0560129
0,0,0.324215,0.837759,0.439368
0,0,0.807057,0.0680415,0.586541
0,0,-0.225809,0.676367,0.701098
0,0,-0.342556,0.257613,0.903488
0,0,-0.96626,0.0202931,0.256766
0,0,-0.83999,0.29762,0.453695
0,0,0.698676,-0.577219,0.422694
0,0,0.362111,-0.857187,0.366204
0,0,-0.721171,0.619992,0.309066
0,0,-0.51313,-0.640913,0.570902
0,0,0.951984,0.177865,0.24918
0,0,0.247568,0.294456,0.923042
0,0,0.888511,-0.445595,0.109515
0,0,0.999865,-0.00104193,0.0163986
0,0,-0.709451,0.235179,0.664358
0,0,0.519083,-0.814965,0.257653
0,0,-0.176236,-0.496249,0.850105
0,0,0.557847,0.486763,0.672211
0,0,-0.522702,-0.660413,0.539108
0,0,0.838822,-0.166566,0.518299
0,0,-0.0506052,0.790725,0.610076
0,0,0.301956,-0.941819,0.147648
0,0,-0.144444,-0.50589,0.850418
0,0,0.232427,0.939369,0.252119
0,0,0.55582,0.828127,0.0725928
0,0,0.977402,0.201461,0.0640205
0,0,0.587839,0.738056,0.331239
0,0,0.302609,0.81208,0.498953
0,0,0.302741,0.787727,0.536502
0,0,0.468382,0.757163,0.455327
0,0,0.276568,-0.952001,0.131165
0,0,-0.033,-0.774555,0.631645
0,0,0.453042,-0.73093,0.510386
0,0,-0.665376,-0.717124,0.207383
0,0,0.38041,-0.607062,0.697685
0,0,-0.473312,0.731418,0.490921
0,0,-0.329917,0.000534212,0.94401
0,0,-0.988867,-0.0673954,0.132664
0,0,-0.339535,0.411781,0.845667
0,0,-0.171403,-0.854401,0.49053
0,0,0.452807,0.472214,0.756293
0,0,0.190186,0.959056,0.20986
0,0,0.215889,-0.949153,0.22913
0,0,0.0183111,-0.70201,0.711932
0,0,-0.630293,-0.768684,0.108883
0,0,0.569545,0.240578,0.785965
0,0,-0.521964,-0.646341,0.556594
0,0,0.41236,0.824646,0.387193
0,0,-0.442967,-0.540824,0.715045
0,0,0.750095,-0.155298,0.642838
0,0,-0.805421,-0.219066,0.550733
0,0,-0.669949,0.462021,0.581124
0,0,0.210033,0.818052,0.535423
0,0,0.585738,-0.676335,0.446634
0,0,-0.96931,-0.227849,0.0923182
0,0,0.433529,0.0427995,0.900123
0,0,0.647399,-0.467487,0.601939
21.933,30.6246,-0.739861,0.0157433,0.672576
0,0,0.139453,0.915962,0.376252
0,0,-0.185905,0.569184,0.800917
0,0,-0.621617,-0.416136,0.663644
0,0,0.38883,-0.890485,0.236322
0,0,-0.0208347,-0.944445,0.328008
0,0,-0.844981,0.283225,0.453642
0,0,0.299495,-0.935113,0.189385
0,0,0.538628,0.719958,0.437654
0,0,0.923435,-0.116694,0.365581
0,0,0.874924,-0.405478,0.264755
0,0,-0.250845,-0.903863,0.346568
0,0,0.512857,0.382091,0.768755
0,0,-0.282681,0.108564,0.95305
0,0,0.0373764,0.999301,0.000786744
0,0,-0.153448,0.0435617,0.987196
0,0,-0.823002,-0.562574,0.0786032
0,0,-0.400684,-0.915716,0.0302748
0,0,0.304552,0.642372,0.703282
0,0,0.109684,0.609669,0.785031
0,0,0.85702,-0.45973,0.232735
0,0,0.725113,0.0854703,0.683305
0,0,0.369775,-0.478951,0.796161
0,0,0.117257,-0.369137,0.921948
0,0,0.406421,0.688178,0.601027
0,0,-0.921812,-0.199417,0.332408
0,0,0.571474,0.734257,0.366447
0,0,-0.965328,0.0720208,0.250908
0,0,-0.406783,0.84146,0.35563
0,0,0.57171,0.531561,0.624972
0,0,0.606704,0.167164,0.777153
0,0,-0.906244,0.419916,0.0489186
0,0,0.737286,0.450424,0.503515
0,0,0.277565,-0.938754,0.2042
0,0,-0.969069,-0.246377,0.0143075
0,0,0.746204,0.48262,0.458538
0,0,-0.716558,-0.379251,0.585418
0,0,-0.283112,0.456738,0.843349
0,0,0.0265899,-0.207298,0.977917
0,0,-0.464403,-0.332666,0.82077
0,0,0.941144,0.023318,0.337201
0,0,0.605156,0.671476,0.427675
0,0,0.867757,-0.467227,0.169403
0,0,-0.749592,-0.0191926,0.661622
0,0,0.764563,-0.0650351,0.641259
0,0,0.760507,0.55417,0.338415
0,0,-0.333916,0.614528,0.714742
0,0,-0.838055,-0.161496,0.521137
0,0,0.583243,-0.576733,0.57202
0,0,0.339874,0.382623,0.859119
0,0,-0.518191,-0.572341,0.635534
0,0,0.612972,0.261737,0.745493
0,0,0.423736,0.883839,0.198181
0,0,0.481328,-0.862282,0.157456
0,0,-0.0452103,-0.970031,0.238737
0,0,0.157759,0.232453,0.959728
0,0,0.527748,-0.655611,0.540052
0,0,-0.731947,0.681202,0.0147807
0,0,-0.420779,-0.891263,0.1691
0,0,0.952169,-0.0112684,0.305366
0,0,-0.82182,0.461339,0.334334
0,0,-0.291614,0.952183,0.09115
0,0,-0.91046,-0.301507,0.28312
0,0,0.997005,-0.0110794,0.0765408
0,0,0.444946,-0.781838,0.436752
0,0,0.866405,-0.498845,0.0222612
21.3282,31.3789,0.191783,0.927412,-0.321133
0,0,-0.330047,0.484135,0.810359
0,0,0.511795,0.730534,0.45209
0,0,0.222418,0.970937,0.0883812
0,0,0.0648824,-0.467255,0.881739
0,0,0.100323,0.985268,0.138497
0,0,-0.485919,-0.127656,0.864631
0,0,0.65193,-0.683367,0.328627
0,0,0.549745,0.801118,0.236623
0,0,0.907637,-0.129352,0.399329
0,0,0.595084,0.781574,0.187126
0,0,0.969168,0.246385,0.00261193
0,0,0.444944,0.893773,0.0565199
0,0,-0.608722,-0.681876,0.405589
0,0,-0.848089,0.516178,0.119601
0,0,0.456277,-0.359908,0.813804
0,0,-0.284008,-0.767458,0.574759
0,0,-0.0222818,-0.75115,0.659755
0,0,0.528794,0.821915,0.211735
0,0,0.0422321,-0.999087,0.00637685
0,0,-0.922796,0.0449895,0.382654
0,0,-0.598925,-0.784093,0.162745
0,0,0.384502,-0.873634,0.298198
0,0,0.735139,0.634304,0.239226
0,0,0.133441,0.853286,0.504079
0,0,0.245806,-0.289904,0.924951
15.921,21.1523,0.592515,0.391413,0.704075
0,0,-0.510492,-0.209475,0.833977
0,0,-0.148585,-0.795425,0.587556
0,0,0.738007,0.345996,0.579338
0,0,0.735503,-0.640789,0.220056
0,0,-0.72731,0.422612,0.540758
0,0,-0.990677,-0.0869082,0.104911
0,0,-0.087511,0.753185,0.651962
0,0,-0.130549,-0.986208,0.101741
0,0,0.421371,0.906574,0.0238764
0,0,-0.19239,0.96843,0.158523
0,0,-0.243983,-0.656416,0.713856
0,0,0.891836,-0.449924,0.046869
0,0,-0.9852,0.140442,0.0982699
0,0,-0.454172,-0.156217,0.877111
0,0,-0.759024,-0.237568,0.606171
0,0,-0.393931,0.846438,0.358276
0,0,0.93509,0.0363507,0.35254
0,0,-0.770818,-0.298152,0.562979
0,0,0.19774,0.635139,0.746657
0,0,-0.801017,0.514618,0.305844
0,0,-0.207398,0.947287,0.244201
0,0,0.288391,-0.921647,0.25961
0,0,0.908142,0.153462,0.389522
0,0,-0.0501754,-0.77514,0.629794
0,0,-0.888813,0.169757,0.425669
0,0,0.137041,-0.898605,0.416809
0,0,-0.427769,0.586753,0.687557
0,0,0.951629,0.138032,0.274497
0,0,-0.130551,-0.544723,0.828392
0,0,-0.427728,0.174982,0.886809
0,0,-0.768296,0.560976,0.308265
0,0,0.0107865,0.999147,0.0398626
0,0,0.0665619,0.895924,0.439191
0,0,0.0946085,-0.443263,0.891385
9.38736,13.3954,-0.17462,0.382285,0.907395
0,0,-0.228511,0.949396,0.215477
0,0,-0.33134,0.782682,0.5269
0,0,-0.207941,-0.914693,0.346551
0,0,0.985372,-0.0467725,0.16387
0,0,0.611532,0.789338,0.0545406
0,0,-0.74663,-0.582068,0.322087
0,0,-0.362131,-0.59324,0.718977
0,0,-0.904063,-0.358596,0.232551
0,0,-0.200081,-0.82219,0.53289
0,0,0.810456,-0.333674,0.481479
0,0,0.916578,0.0322009,0.398557
0,0,0.885044,-0.460284,0.0695362
0,0,-0.920185,-0.009275,0.391373
0,0,0.935089,0.144851,0.32346
0,0,-0.891756,-0.0109891,0.452384
0,0,-0.448707,-0.502796,0.738822
0,0,0.302485,0.329922,0.894234
0,0,0.290666,-0.913706,0.283998
0,0,-0.487348,0.870626,0.067099
0,0,0.0896223,-0.917147,0.388341
0,0,0.833573,-0.00371796,0.552396
0,0,-0.238308,-0.814471,0.529005
0,0,0.897719,0.412596,0.154483
0,0,0.167474,0.461498,0.87119
0,0,-0.421144,0.534919,0.732461
0,0,-0.234782,0.190476,0.953203
0,0,-0.403812,-0.854224,0.32747
0,0,0.319309,-0.858314,0.40167
19.3763,26.1069,0.158504,0.00863711,0.987321
0,0,0.610988,-0.739935,0.281406
0,0,0.393075,-0.54492,0.740645
0,0,-0.466454,0.853748,0.231375
0,0,-0.14484,-0.86386,0.48246
0,0,0.34605,0.0809668,0.934716
0,0,0.118731,-0.420436,0.89952
0,0,0.464058,-0.0260816,0.885421
24.3485,34.5956,0.412099,-0.342432,-0.844343
0,0,-0.66499,-0.745555,0.0440075
0,0,-0.703893,0.6652,0.249084
0,0,-0.611474,0.326178,0.720907
0,0,0.15053,0.447171,0.881691
0,0,-0.147071,0.932711,0.329273
0,0,0.680596,0.627325,0.378487
0,0,-0.545785,0.822112,0.162023
0,0,-0.756374,-0.645994,0.102904
0,0,0.924703,-0.0171483,0.380304
0,0,0.984626,0.143318,0.0998524
0,0,-0.783473,0.522357,0.336621
0,0,0.544784,-0.764589,0.344405
0,0,0.906286,-0.0765218,0.41568
0,0,0.682092,-0.704878,0.194671
0,0,-0.40025,-0.497104,0.769862
0,0,0.995537,0.0937849,0.0104761
0,0,-0.513726,-0.597809,0.615394
0,0,-0.687083,-0.725752,0.0346589
0,0,0.279958,-0.85166,0.443057
0,0,0.252027,-0.816841,0.518896
0,0,-0.266898,-0.922066,0.280284
0,0,0.69945,0.0397022,0.713578
0,0,0.337681,-0.94089,0.0264254
0,0,-0.637368,-0.739252,0.217416
0,0,-0.796103,-0.603156,0.0492328
0,0,-0.978203,-0.13768,0.155446
0,0,0.791733,-0.470692,0.389368
0,0,-0.41663,-0.35152,0.838363
0,0,-0.0615065,0.920766,0.385237
0,0,-0.3175,0.536433,0.781942
0,0,-0.317889,-0.821133,0.474011
0,0,0.149528,0.737375,0.658726
0,0,0.799184,0.343216,0.493465
0,0,0.0697673,0.99018,0.121147
0,0,0.610516,0.758477,0.227997
0,0,-0.682317,-0.366508,0.632547
0,0,0.212894,0.399315,0.891753
0,0,-0.102938,0.986303,0.128883
0,0,0.53156,0.058378,0.845006
0,0,0.0339132,0.265646,0.963474
0,0,-0.317745,-0.0227372,0.947904
0,0,-0.880142,0.165219,0.445032
0,0,-0.168016,0.79097,0.588335
0,0,-0.184873,-0.982724,0.00863305
0,0,0.971482,-0.0083043,0.236968
0,0,0.858417,0.511009,0.0446127
0,0,-0.474552,-0.0687764,0.877537
0,0,0.892327,-0.403722,0.201895
0,0,-0.633366,0.357057,0.686555
0,0,-0.748363,0.554062,0.364647
0,0,0.134214,0.898197,0.418603
0,0,-0.411216,-0.191925,0.891104
0,0,-0.586369,0.574902,0.570666
0,0,0.524916,0.17659,0.832634
0,0,-0.631218,0.760684,0.151406
0,0,-0.600281,0.757033,0.257999
0,0,0.743629,-0.396754,0.538147
0,0,0.601204,-0.227064,0.766157
0,0,-0.631861,-0.697801,0.33738
0,0,0.48468,-0.721404,0.494632
0,0,0.441706,0.783171,0.437652
0,0,0.949595,0.208284,0.234281
0,0,-0.766662,-0.441562,0.466103
0,0,0.408191,0.838388,0.361228
0,0,0.712264,-0.693629,0.107513
0,0,-0.41775,0.548552,0.724276
0,0,0.375367,0.737032,0.562035
0,0,-0.482477,0.587238,0.649898
0,0,0.976273,0.0553479,0.209353
0,0,-0.703883,0.598647,0.382323
0,0,-0.242062,-0.221368,0.94467
0,0,-0.646216,0.63017,0.430454
0,0,-0.633833,0.176422,0.753081
0,0,0.972791,0.0924418,0.212445
0,0,-0.199212,-0.914201,0.352917
0,0,0.654789,0.283755,0.700525
0,0,0.999765,-0.00609165,0.0207861
23.5363,33.732,0.570196,0.609735,0.550545
0,0,0.833654,-0.260594,0.486941
0,0,0.296675,-0.952252,0.0721138
0,0,-0.0678277,0.992026,0.106228
0,0,-0.0765454,0.555533,0.827964
0,0,-0.224032,0.974253,0.0253211
0,0,0.0815379,0.764928,0.638934
0,0,-0.468873,0.164171,0.867874
0,0,0.828038,0.559304,0.0391489
0,0,0.0618927,0.335675,0.939942
20.2625,26.1435,-0.0405852,0.771826,0.634537
0,0,0.264891,0.550036,0.792019
0,0,0.634938,0.342271,0.692607
0,0,-0.305864,-0.947062,0.0975722
0,0,0.208654,-0.264007,0.941681
0,0,-0.664175,-0.451522,0.595818
0,0,0.981141,0.191797,0.0240038
0,0,-0.700748,-0.656995,0.278046
0,0,-0.557247,-0.730232,0.395269
0,0,-0.730315,-0.674141,0.110338
0,0,0.914874,0.398355,0.0657248
0,0,-0.196984,-0.65271,0.731551
0,0,-0.496794,-0.787687,0.364342
0,0,-0.284235,-0.936995,0.203104
0,0,0.199833,0.707841,0.677516
0,0,0.702055,0.488643,0.518022
0,0,-0.943087,-0.0575674,0.327525
0,0,0.36454,-0.746425,0.556741
0,0,-0.621195,0.430905,0.654552
0,0,-0.970835,0.237535,0.0324977
0,0,-0.267677,0.836112,0.478817
0,0,0.387525,0.442994,0.808443
0,0,0.266605,0.698111,0.664502
0,0,0.585353,-0.800589,0.128136
0,0,0.44291,0.391621,0.806513
0,0,-0.689375,0.179864,0.70172
0,0,0.557454,0.676646,0.481035
0,0,0.807503,-0.443794,0.388569
0,0,0.690938,0.451829,0.564318
0,0,0.488047,0.848316,0.205355
0,0,0.964872,-0.193863,0.177308
0,0,0.512114,-0.775395,0.369462
0,0,0.097137,-0.993444,0.0602743
0,0,0.172489,-0.95838,0.227498
0,0,0.219582,0.975558,0.00840317
0,0,0.976123,-0.217215,0.00095422
0,0,-0.792257,0.422626,0.440132
0,0,0.873215,-0.0558009,0.48413
0,0,0.820873,0.0818994,0.565209
0,0,0.00223312,0.742357,0.670001
0,0,0.86197,0.035293,0.505729
0,0,0.0711708,0.567567,0.820246
0,0,0.973201,0.0202777,0.229059
0,0,-0.731734,-0.0620323,0.678761
0,0,0.393647,0.853805,0.340675
0,0,-0.0651857,0.686992,0.723735
0,0,0.56319,-0.805909,0.18256
0,0,0.286508,0.913751,0.28805
0,0,0.933674,0.332035,0.134186
0,0,-0.478654,-0.505322,0.718011
0,0,0.687842,-0.613405,0.388081
0,0,-0.852683,0.0889373,0.514803
0,0,0.218397,-0.603246,0.767071
0,0,0.369901,-0.435069,0.820907
0,0,-0.0378939,-0.907712,0.417879
0,0,-0.492514,-0.583593,0.645639
0,0,-0.285934,-0.956446,0.0587601
0,0,0.138695,0.792236,0.594244
0,0,-0.233375,-0.117238,0.965293
0,0,-0.133783,-0.976341,0.169882
0,0,-0.851458,-0.229865,0.471361
0,0,0.880068,0.312533,0.357495
0,0,0.995284,-0.0888007,0.039036
0,0,-0.204532,0.766016,0.609415
0,0,0.956837,0.267174,0.11437
0,0,-0.983203,0.172762,0.0588582
0,0,-0.533579,0.147471,0.832794
0,0,0.356738,-0.0706825,0.931527
0,0,-0.376105,-0.81155,0.447137
0,0,0.509776,-0.0141217,0.860191
0,0,0.631055,-0.751056,0.194125
0,0,-0.391081,-0.916529,0.0838494
0,0,0.63602,0.0562848,0.769617
0,0,-0.454906,-0.464251,0.759955
0,0,0.394901,-0.876339,0.275831
18.6085,26.0404,0.196295,-0.0947691,0.975954
0,0,0.842595,0.18109,0.507188
0,0,0.461406,-0.220554,0.859337
0,0,0.0938595,0.990053,0.10481
0,0,0.439475,0.746316,0.499874
0,0,-0.91551,-0.358381,0.182771
0,0,-0.754746,-0.635176,0.164045
0,0,0.468405,-0.663277,0.583661
0,0,0.84762,0.235575,0.475442
0,0,-0.73882,-0.667962,0.0892826
0,0,0.621459,-0.704267,0.343216
0,0,-0.214586,0.753725,0.621169
0,0,0.511538,0.260181,0.818923
0,0,0.988588,-0.10073,0.112012
0,0,0.418282,0.418383,0.806223
0,0,0.996967,-0.0569167,0.0530755
0,0,0.248696,-0.709848,0.658989
0,0,0.284031,-0.439412,0.852199
0,0,0.480683,-0.0989346,0.871295
0,0,-0.933769,-0.350021,0.0745651
0,0,-0.216773,-0.24014,0.946225
0,0,0.0871268,-0.850612,0.518524
0,0,-0.773762,-0.34194,0.533263
0,0,0.816938,-0.00276697,0.576719
0,0,-0.237834,0.758832,0.606308
0,0,-0.25487,0.535064,0.805449
4.87575,7.37652,-0.388232,-0.163984,0.906854
0,0,0.579365,0.802903,0.140299
0,0,-0.421143,-0.298573,0.856442
0,0,-0.327698,0.944477,0.0240197
0,0,-0.966823,0.241946,0.0819502
0,0,0.460841,0.256547,0.849594
0,0,-0.557456,-0.0281739,0.829728
0,0,-0.36179,0.167055,0.91717
0,0,0.828246,-0.389094,0.403254
0,0,-0.0303966,0.921185,0.387937
0,0,0.674673,0.736217,0.0529272
0,0,0.224036,0.769897,0.59755
0,0,-0.752297,0.493789,0.436144
0,0,-0.255398,-0.813262,0.522855
0,0,-0.00123335,-0.942721,0.333581
0,0,-0.447128,0.0580449,0.892585
0,0,-0.47409,0.291769,0.830728
0,0,-0.131068,0.729407,0.671407
0,0,-0.537808,0.633179,0.556638
0,0,0.185747,-0.957251,0.22174
0,0,0.313566,-0.836811,0.448802
23.6197,32.3407,0.761086,0.555075,0.335618
0,0,0.170749,-0.841541,0.512498
0,0,0.277673,-0.223733,0.93426
0,0,0.399097,0.880063,0.257313
0,0,-0.521129,-0.0315879,0.852893
0,0,-0.370727,-0.180339,0.911065
0,0,0.0629929,-0.997677,0.0259412
0,0,-0.916908,0.303536,0.259124
0,0,-0.0595169,-0.368994,0.927524
0,0,0.277737,-0.584214,0.762598
0,0,-0.148422,-0.344441,0.927001
0,0,0.584809,-0.605268,0.540045
0,0,0.336067,0.263745,0.904156
0,0,0.995205,0.0898643,0.03862
0,0,-0.344146,0.905683,0.247594
0,0,0.743382,-0.62533,0.237371
0,0,-0.54605,-0.834599,0.0726258
0,0,-0.487665,0.76668,0.417594
9.46354,14.0689,-0.185913,0.108512,0.976556
0,0,-0.16042,-0.128078,0.978704
0,0,0.776278,-0.628283,0.0514971
0,0,0.0700051,0.579029,0.812296
0,0,0.429211,0.326199,0.842242
0,0,0.682456,-0.693308,0.231469
0,0,-0.985413,-0.0572766,0.160254
0,0,-0.36619,0.048558,0.929272
0,0,0.868215,0.385951,0.31184
0,0,0.265731,-0.557671,0.786378
0,0,-0.520261,0.822191,0.230936
0,0,0.0695388,-0.0853647,0.99392
0,0,-0.844251,-0.489101,0.219137
0,0,0.188419,0.696196,0.692683
0,0,0.912874,0.177134,0.367811
0,0,0.701895,-0.172752,0.691014
0,0,-0.139151,0.986167,0.0900633
0,0,0.938742,0.0224326,0.343891
0,0,0.184365,-0.950659,0.249512
0,0,0.0899405,0.930887,0.354061
0,0,-0.105348,-0.951591,0.28875
0,0,-0.367655,0.807126,0.461928
0,0,0.97048,-0.134964,0.199881
0,0,-0.327785,-0.943636,0.0459133
0,0,0.910048,0.397486,0.117543
0,0,0.439455,-0.715972,0.542461
0,0,0.0654836,-0.981048,0.182365
0,0,-0.799777,0.597336,0.0595561
0,0,0.723843,-0.635659,0.268306
0,0,-0.697188,-0.676159,0.238197
0,0,-0.704471,0.271205,0.655872
0,0,0.59513,-0.736034,0.322605
0,0,-0.464078,0.823831,0.325474
0,0,0.0962795,0.388262,0.916506
0,0,0.281056,0.879279,0.384547
0,0,-0.459071,-0.264402,0.848142
0,0,-0.383574,-0.130566,0.914234
0,0,-0.893706,-0.447428,0.0331498
0,0,-0.463832,-0.320109,0.826069
23.3322,33.3197,-0.904483,-0.270342,-0.329888
0,0,0.911032,0.0586126,0.408149
2.32309,3.62451,-0.32336,-0.122826,0.938271
0,0,-0.640559,0.707713,0.298038
0,0,0.444029,-0.321937,0.836179
0,0,-0.551221,0.3142,0.772939
0,0,0.289438,0.47038,0.833648
0,0,-0.160278,0.934708,0.317224
0,0,-0.495744,-0.136515,0.857672
0,0,0.333413,-0.242462,0.91107
0,0,0.550828,0.0696514,0.831707
6.03895,7.31978,-0.125666,0.0298363,0.991624
0,0,0.349436,-0.391341,0.851321
0,0,0.648161,-0.470373,0.598863
0,0,-0.439898,0.894077,0.0843585
0,0,-0.79724,-0.249258,0.549799
0,0,-0.4512,0.818773,0.355006
0,0,-0.0184069,-0.159018,0.987104
0,0,-0.623214,-0.612591,0.486145
0,0,-0.47056,0.831159,0.296223
0,0,0.2853,0.247683,0.925882
0,0,0.454335,0.781764,0.427112
0,0,0.676056,0.735917,0.0370669
0,0,-0.533126,-0.424524,0.731817
11.046,13.935,-0.865797,0.138296,0.480906
0,0,0.626572,0.0205287,0.779093
0,0,-0.98085,0.131143,0.143993
0,0,0.935488,0.148545,0.32062
0,0,0.334934,-0.832338,0.441624
0,0,0.57257,0.775688,0.265464
0,0,0.707479,0.697423,0.114347
0,0,0.0251548,0.988419,0.149647
0,0,-0.478299,0.840754,0.253699
0,0,-0.230412,-0.526891,0.818105
0,0,-0.303018,-0.720641,0.623584
0,0,-0.420351,-0.887409,0.189239
0,0,0.508681,0.774936,0.375123
0,0,0.728022,0.647686,0.224692
0,0,-0.55835,0.187471,0.808146
0,0,-0.631748,-0.765857,0.119825
0,0,0.674178,-0.0167547,0.738379
0,0,0.471471,-0.0862403,0.877654
0,0,0.325034,-0.758633,0.56465
0,0,-0.284233,-0.958352,0.02779
0,0,-0.27006,0.564557,0.779964
0,0,-0.407636,-0.375391,0.832415
0,0,0.896822,-0.318669,0.306855
0,0,-0.255393,0.935441,0.244384
0,0,-0.849408,0.0978344,0.518589
0,0,-0.015735,0.465339,0.884993
0,0,0.796997,0.503123,0.334159
0,0,-0.135654,0.951953,0.274559
0,0,-0.42916,-0.125055,0.894529
0,0,-0.738317,0.560316,0.375411
0,0,0.571766,0.26951,0.774886
0,0,-0.968241,-0.0854476,0.234963
0,0,-0.653738,-0.437501,0.61743
0,0,0.811081,-0.430598,0.395895
0,0,-0.92257,0.294358,0.249434
0,0,-0.877902,0.454478,0.150792
0,0,0.310179,0.950598,0.0123462
0,0,-0.54683,0.159028,0.822002
0,0,-0.340149,-0.519361,0.78394
0,0,0.0547799,-0.870482,0.489142
0,0,0.467031,0.714147,0.521417
0,0,0.860673,-0.129443,0.49243
0,0,0.677576,-0.578091,0.454645
0,0,0.696431,0.390993,0.601754
0,0,0.183182,-0.688862,0.701365
0,0,-0.431561,-0.453096,0.780038
0,0,-0.864843,0.421975,0.272
0,0,-0.850413,0.521985,0.0657967
0,0,0.292451,-0.624144,0.724511
0,0,0.129849,0.400117,0.907218
0,0,-0.146515,-0.741404,0.65487
0,0,-0.246191,0.497644,0.831709
0,0,0.508288,-0.517457,0.688391
0,0,-0.682313,0.0578879,0.728765
0,0,-0.915356,0.316468,0.248939
0,0,0.845744,-0.380703,0.373874
0,0,0.545146,0.786563,0.290061
0,0,0.597066,0.640599,0.482852
0,0,0.350898,-0.933651,0.0718828
0,0,0.246077,-0.493891,0.833977
0,0,-0.842026,-0.255517,0.475082
0,0,0.38757,0.367379,0.845471
0,0,0.663172,-0.144941,0.734299
0,0,-0.0440036,0.0482067,0.997868
0,0,-0.469649,0.277885,0.837979
0,0,-0.771001,-0.528018,0.356026
0,0,0.835767,0.533622,0.129388
0,0,0.456155,-0.824238,0.335491
0,0,0.754133,-0.34472,0.558973
0,0,0.735495,-0.430032,0.523564
0,0,-0.0806086,0.342213,0.936158
0,0,0.465608,0.7477,0.473448
0,0,0.828031,0.0900529,0.553403
0,0,-0.176879,-0.964928,0.193981
0,0,-0.577657,-0.0649003,0.813696
0,0,-0.59372,0.632028,0.498033
0,0,-0.234215,-0.557722,0.796297
0,0,-0.48577,-0.0253391,0.873719
0,0,0.46,0.0165811,0.887764
0,0,-0.535765,0.808205,0.244462
0,0,0.646084,-0.516404,0.562052
0,0,0.721798,0.353014,0.595306
0,0,-0.00893506,0.75102,0.660219
0,0,0.510444,0.856251,0.0792484
0,0,0.610324,0.785679,0.101059
0,0,-0.681112,0.380404,0.625603
0,0,-0.572273,-0.498293,0.651312
0,0,0.651491,0.353505,0.671263
0,0,-0.565527,0.581786,0.584554
0,0,-0.109896,-0.442715,0.889903
0,0,-0.294237,-0.831793,0.470685
0,0,-0.661423,-0.711018,0.238691
0,0,-0.272366,0.925888,0.261817
0,0,0.439262,-0.856598,0.270718
2.90385,4.51321,-0.146681,-0.342313,0.928066
0,0,0.370205,-0.347793,0.861388
0,0,-0.98258,0.185367,0.0132293
0,0,-0.563207,-0.53518,0.629587
0,0,0.75413,0.354689,0.552705
0,0,0.567328,-0.585248,0.57933
0,0,-0.996831,-0.0778896,0.0161771
0,0,0.507019,-0.588558,0.629707
0,0,-0.206893,0.613112,0.762423
0,0,-0.0218097,0.541244,0.840583
0,0,-0.406082,0.909161,0.0923264
0,0,-0.139665,-0.987605,0.0716278
0,0,-0.0883599,-0.758558,0.645586
16.4016,23.2721,0.713834,-0.147471,0.684612
0,0,0.510003,0.45511,0.729912
0,0,0.0118897,-0.799539,0.600496
0,0,-0.337469,-0.776724,0.531802
0,0,-0.275277,0.957507,0.0860433
0,0,0.261023,0.358519,0.896287
0,0,0.282198,0.950143,0.132635
0,0,0.404199,0.73018,0.550872
0,0,0.767888,0.341954,0.541679
0,0,-0.964331,0.256049,0.0671207
0,0,0.163196,-0.935928,0.312098
0,0,0.343398,-0.209508,0.915524
0,0,-0.334675,0.839023,0.42899
0,0,-0.996293,0.0396053,0.076359
0,0,0.356066,-0.572033,0.738915
0,0,0.131709,-0.988534,0.0738478
0,0,0.565641,-0.0817418,0.820591
0,0,0.53696,-0.645614,0.543007
0,0,0.800258,-0.396188,0.450136
0,0,-0.713564,0.483969,0.506557
0,0,-0.129503,0.856272,0.500027
0,0,-0.857154,-0.401173,0.323028
0,0,0.994489,0.0806959,0.0669368
0,0,0.358701,0.0205577,0.933226
0,0,-0.211999,-0.977203,0.0114274
0,0,0.425066,0.663078,0.616155
0,0,-0.576654,-0.580024,0.575363
0,0,0.249227,-0.959006,0.134885
0,0,0.514952,-0.490867,0.702761
0,0,0.355862,0.701568,0.617385
0,0,0.257667,-0.224115,0.939883
0,0,0.786552,-0.42161,0.451199
0,0,-0.105807,-0.580182,0.807585
0,0,0.0903002,-0.453158,0.886845
0,0,0.215595,-0.782126,0.584635
0,0,0.252942,0.961771,0.104962
0,0,-0.240965,-0.96933,0.0483291
0,0,0.868322,0.331768,0.36871
0,0,-0.568488,0.715656,0.40578
0,0,0.135795,0.936912,0.322112
0,0,-0.828544,-0.22284,0.51367
0,0,-0.124196,0.671096,0.730894
0,0,-0.736176,0.652525,0.179597
0,0,-0.749109,-0.421498,0.511053
0,0,-0.38854,-0.911048,0.137943
0,0,-0.110041,-0.537292,0.836187
0,0,-0.53499,-0.652966,0.536116
0,0,-0.200545,0.780452,0.592179
0,0,0.824434,-0.0462261,0.564067
0,0,0.970056,-0.14939,0.191504
0,0,-0.469496,0.363459,0.804656
0,0,0.340996,-0.374234,0.862363
0,0,0.89252,0.326052,0.311605
0,0,-0.506123,0.476986,0.718556
0,0,0.132601,-0.271886,0.95315
0,0,0.720705,-0.109336,0.684566
0,0,-0.453545,0.120164,0.883095
0,0,0.47397,0.797493,0.373305
0,0,-0.685269,0.714401,0.141551
0,0,-0.78077,0.486269,0.392352
0,0,0.469682,0.409849,0.781935
0,0,-0.827799,-0.467221,0.31057
0,0,-0.386351,0.919235,0.0757645
0,0,-0.223292,0.972821,0.0613255
0,0,-0.496309,-0.831849,0.248403
0,0,-0.494477,0.606691,0.62243
0,0,-0.957781,-0.0804154,0.276022
0,0,0.416671,-0.525657,0.741667
0,0,0.882325,-0.468915,0.0402547
0,0,0.870705,-0.488206,0.0593931
0,0,-0.0534622,-0.97312,0.224009
0,0,-0.378458,-0.480146,0.791347
0,0,-0.20047,-0.975976,0.0853362
0,0,-0.917836,0.0466821,0.394204
0,0,-0.40146,0.123589,0.9075
0,0,0.807354,0.210254,0.551337
0,0,-0.739976,-0.616145,0.269816
0,0,0.338216,0.692527,0.637194
0,0,-0.503856,0.167432,0.847405
0,0,0.414104,0.356466,0.837526
0,0,0.584718,0.777193,0.232542
0,0,-0.183464,-0.869167,0.459226
0,0,-0.144299,-0.976301,0.161287
0,0,-0.420892,-0.0815118,0.903441
0,0,0.243147,-0.327924,0.912878
0,0,-0.789307,-0.164676,0.591503
0,0,0.387526,0.261523,0.883985
0,0,0.138154,0.624642,0.768593
0,0,-0.55941,-0.752957,0.346578
0,0,0.552938,-0.826033,0.10922
18.1806,26.3271,0.456138,0.327214,0.827568
0,0,0.865912,0.404743,0.293905
0,0,-0.989394,-0.135164,0.0532078
0,0,0.554784,0.277726,0.784273
0,0,-0.149814,0.432467,0.889117
0,0,0.0927312,-0.645834,0.757825
0,0,0.822755,-0.0651668,0.564648
0,0,0.176543,0.155641,0.97191
0,0,-0.290133,0.786727,0.54487
0,0,-0.748368,-0.528113,0.4013
0,0,0.618238,0.691348,0.373926
0,0,0.97232,-0.0810964,0.21913
0,0,-0.652109,0.743395,0.14872
0,0,0.858425,-0.206851,0.469382
0,0,-0.770104,0.24456,0.589178
0,0,-0.0621167,0.95272,0.297434
0,0,-0.952625,0.270137,0.139755
0,0,0.642766,-0.760778,0.0898246
0,0,0.0321919,0.457142,0.888811
0,0,0.181424,-0.913089,0.365176
0,0,-0.915961,0.395697,0.0666267
0,0,0.39495,0.645126,0.654085
0,0,-0.32375,-0.0769865,0.943005
0,0,0.696653,0.278776,0.661028
0,0,-0.282372,0.527325,0.801371
0,0,0.0560139,-0.449617,0.891464
0,0,-0.995013,-0.0997261,0.00199157
0,0,0.0528346,0.964419,0.259046
20.5835,28.6397,0.209006,-0.714471,0.667719
0,0,-0.0316454,-0.899116,0.436566
0,0,-0.329553,0.625306,0.70738
0,0,0.427,0.903269,0.0421508
0,0,0.018525,0.947844,0.318196
0,0,0.209477,-0.895287,0.393167
0,0,0.604675,0.440978,0.663255
0,0,-0.220019,-0.964508,0.146001
0,0,-0.0502166,-0.995935,0.0747731
0,0,0.0144513,-0.413036,0.9106
0,0,-0.499695,-0.466652,0.729753
0,0,-0.919098,0.393723,0.0155421
0,0,-0.666403,-0.725381,0.17242
0,0,-0.0581421,-0.992477,0.107741
0,0,0.472259,-0.43315,0.767693
0,0,-0.675702,0.244771,0.695352
0,0,-0.303636,-0.644051,0.702142
0,0,0.737634,0.559483,0.377989
0,0,0.845932,0.201513,0.493752
0,0,-0.797501,-0.15856,0.582109
0,0,0.163103,-0.874027,0.457684
0,0,0.584828,-0.142598,0.798525
0,0,-0.749554,0.655455,0.0924598
0,0,-0.0742547,0.633343,0.7703
0,0,-0.426409,0.458503,0.779712
0,0,-0.379605,0.40466,0.831956
0,0,-0.00298562,0.973538,0.228505
0,0,-0.496413,-0.569682,0.655009
0,0,-0.430038,-1.87067e-05,0.902811
0,0,0.286225,-0.602606,0.744943
0,0,0.759291,0.0221298,0.650374
0,0,0.844295,0.50923,0.166883
0,0,0.626764,-0.318253,0.711253
0,0,-0.504883,0.306376,0.806986
0,0,-0.517506,-0.263769,0.814011
0,0,-0.910663,0.076179,0.406067
0,0,0.772122,-0.351194,0.529613
0,0,-0.0351184,-0.839444,0.542311
0,0,-0.538445,0.717867,0.441298
0,0,-0.343169,-0.412548,0.843824
0,0,0.163032,-0.0878504,0.982702
0,0,0.559684,0.774719,0.294218
0,0,0.0151804,-0.148932,0.988731
0,0,0.536492,-0.257808,0.803562
0,0,0.120722,0.922742,0.366024
0,0,0.760823,-0.151645,0.630993
0,0,0.767096,-0.632533,0.107079
0,0,0.841574,-0.52441,0.129414
0,0,-0.15865,0.0430465,0.986396
0,0,0.655502,-0.0199332,0.754931
0,0,0.750331,0.628189,0.205871
0,0,-0.79181,0.609504,0.0392677
0,0,0.684635,0.46124,0.564387
0,0,0.295938,-0.583611,0.756187
0,0,0.211868,-0.710706,0.670827
19.5642,23.5698,-0.334858,-0.220075,0.916208
0,0,0.891105,-0.0810245,0.446505
0,0,-0.606348,0.793783,0.0474315
0,0,-0.424505,-0.897018,0.123105
0,0,-0.527016,0.619651,0.581625
0,0,-0.428607,-0.821906,0.375189
0,0,0.201622,0.810005,0.550672
0,0,0.308968,0.108594,0.944852
0,0,-0.950515,-0.167466,0.261678
22.7676,31.0708,0.836508,-0.288648,-0.465765
0,0,-0.456124,0.831786,0.316358
0,0,0.996575,0.081062,0.0163166
0,0,0.204893,-0.912456,0.354179
0,0,0.922922,0.317698,0.217445
0,0,-0.122524,0.5534,0.823855
0,0,-0.494322,0.472917,0.72938
0,0,-0.504611,-0.532526,0.679547
13.6606,20.0667,-0.0990756,0.0272765,0.994706
0,0,-0.782838,0.0189195,0.621937
0,0,-0.825321,0.039857,0.563256
0,0,0.0134098,-0.0444548,0.998921
0,0,-0.431473,0.795993,0.42453
0,0,-0.3867,-0.0924177,0.917563
0,0,-0.039786,0.921266,0.386893
0,0,0.197656,0.962183,0.187443
0,0,0.0855107,-0.389471,0.917061
0,0,0.861005,0.28823,0.419039
0,0,0.312195,0.847009,0.430245
0,0,-0.910953,-0.361224,0.199204
0,0,-0.591843,-0.431695,0.680706
0,0,-0.92595,0.284611,0.24822
0,0,-0.289508,-0.939765,0.181733
0,0,-0.682721,-0.415192,0.601255
0,0,-0.651573,0.751632,0.102476
0,0,-0.565801,-0.667159,0.48453
0,0,0.235019,-0.64414,0.727908
0,0,0.508515,0.832563,0.219664
0,0,-0.454078,0.333563,0.826165
0,0,0.477658,-0.76681,0.428772
0,0,0.0433839,-0.309174,0.950016
0,0,-0.848362,-0.160746,0.504424
0,0,0.0636394,-0.569385,0.819604
0,0,0.026935,0.68044,0.732308
0,0,0.953224,0.209992,0.21741
10.4097,16.2421,-0.377121,0.301948,0.875561
0,0,-0.523359,0.820663,0.229363
0,0,-0.987342,0.100107,0.123024
0,0,0.2392,-0.96752,0.0817799
0,0,0.78135,0.369026,0.503302
0,0,-0.377972,0.904683,0.196689
0,0,0.0311088,-0.741228,0.670532
0,0,-0.231013,-0.489109,0.841074
0,0,-0.550831,-0.810085,0.200866
19.644,28.5572,0.369885,0.0652588,0.926783
0,0,-0.50158,0.33358,0.798212
0,0,-0.790829,0.101638,0.603539
0,0,0.76252,0.406211,0.503544
0,0,-0.169933,-0.942553,0.287604
0,0,0.928042,-0.329955,0.172824
0,0,-0.919545,-0.384525,0.0811054
0,0,-0.0913502,0.722257,0.685565
0,0,0.616218,-0.284067,0.734562
0,0,-0.847016,-0.0238093,0.531035
0,0,-0.297794,0.502939,0.811401
0,0,-0.583056,-0.328122,0.743224
0,0,0.130123,-0.411542,0.902054
0,0,-0.388502,-0.906467,0.165479
0,0,0.000581019,-0.997375,0.0724019
0,0,0.953133,-0.157931,0.258059
0,0,0.705079,-0.638665,0.308174
0,0,-0.597254,0.41797,0.684536
0,0,-0.791825,-0.583597,0.180077
0,0,0.0737399,-0.980161,0.183975
0,0,0.100006,-0.992438,0.071178
0,0,-0.726714,-0.638415,0.253598
0,0,0.0269661,0.980919,0.192535
0,0,0.945499,-0.179589,0.271622
0,0,0.31556,-0.235737,0.919157
0,0,-0.100532,0.680536,0.725785
0,0,-0.301456,0.952472,0.0438398
0,0,-0.363663,-0.347126,0.864438
0,0,-0.205428,0.958533,0.197522
0,0,-0.98969,-0.136665,0.0428503
0,0,0.793177,-0.60113,0.0975343
0,0,-0.252374,0.938359,0.2362
0,0,0.219738,-0.822279,0.52495
0,0,-0.204655,-0.380695,0.901769
0,0,-0.16899,-0.527413,0.832633
0,0,0.0834825,-0.861749,0.500419
0,0,0.0523046,-0.998401,0.021451
0,0,0.64318,0.568971,0.512437
0,0,0.869473,-0.35019,0.348402
0,0,-0.904953,0.344617,0.249597
0,0,-0.660335,0.750845,0.0137564
0,0,-0.308112,-0.151343,0.939235
0,0,-0.338838,0.45091,0.825754
0,0,-0.940801,0.179358,0.287617
0,0,-0.731285,-0.424298,0.534035
0,0,0.644698,0.0897456,0.759151
0,0,-0.890969,0.0886797,0.445319
0,0,-0.70996,-0.317785,0.628466
0,0,-0.491669,0.226229,0.840882
0,0,-0.603467,0.79159,0.0959869
0,0,0.904465,0.391447,0.169448
0,0,-0.986015,-0.061516,0.154889
0,0,0.736601,0.656067,0.164302
0,0,0.249535,0.0951021,0.963685
0,0,-0.147488,-0.393656,0.907349
0,0,-0.747256,0.326714,0.578676
0,0,0.72786,0.118427,0.675422
0,0,0.852605,-0.0256494,0.521926
0,0,0.343009,0.616546,0.708672
0,0,-0.841186,-0.440063,0.314248
0,0,0.266932,-0.920166,0.286429
0,0,0.90521,0.00381807,0.424948
0,0,0.51116,0.854178,0.0953685
0,0,0.277348,-0.885926,0.37177
0,0,-0.641414,-0.223881,0.733802
0,0,0.884992,0.283058,0.369685
0,0,0.391008,-0.365307,0.844786
3.93538,6.54403,0.0883826,0.529697,0.84357
0,0,-0.448403,-0.0322254,0.89325
0,0,0.706632,0.704985,0.0605557
0,0,0.600387,0.460849,0.65357
0,0,0.501707,0.008038,0.865
0,0,0.379435,0.616997,0.689452
0,0,-0.410183,-0.210725,0.887325
0,0,-0.859049,0.322773,0.397307
0,0,-0.883462,0.196041,0.425516
9.34961,11.6088,-0.0577204,-0.599551,0.798253
0,0,0.837239,-0.0189172,0.54651
0,0,-0.829559,0.166406,0.533049
0,0,0.00757272,-0.877852,0.478872
0,0,-0.0125977,0.990596,0.136238
0,0,0.966656,0.126541,0.22263
0,0,-0.782443,-0.595263,0.182879
2.22531,3.34427,-0.276043,0.152931,0.948901
0,0,-0.624247,-0.456901,0.633685
0,0,0.864552,-0.41708,0.280347
0,0,-0.247719,-0.94905,0.194779
0,0,-0.771253,0.633552,0.0614937
0,0,-0.358365,-0.737383,0.572574
0,0,0.829953,-0.0574352,0.554869
0,0,-0.771675,-0.634922,0.0373093
0,0,0.464163,0.884222,0.0520012
0,0,0.130013,0.792749,0.595521
0,0,0.551363,0.623611,0.554174
0,0,-0.864958,0.467781,0.181737
0,0,-0.393956,0.0592661,0.917217
0,0,-0.870606,-0.306038,0.385209
0,0,-0.511376,-0.805374,0.29978
0,0,0.11155,0.814823,0.568876
0,0,0.614121,0.569996,0.545857
0,0,0.0375757,0.967204,0.251207
0,0,0.291299,-0.692644,0.65984
0,0,-0.984754,0.0673287,0.160394
0,0,-0.290847,-0.926306,0.239508
0,0,-0.985863,-0.134335,0.100144
0,0,0.980895,-0.138939,0.136165
0,0,-0.766646,-0.619751,0.167815
0,0,-0.866987,-0.0271431,0.497592
0,0,-0.163776,0.576937,0.8002
0,0,-0.0275243,0.912242,0.408726
0,0,0.313931,-0.893562,0.320927
0,0,-0.166261,0.822109,0.544513
0,0,-0.469041,-0.658965,-0.588018
0,0,-0.573221,0.00709901,0.81937
0,0,-0.0179281,-0.408249,0.912695
0,0,-0.972935,-0.198665,0.118022
0,0,0.175765,-0.93183,0.317489
0,0,0.622361,0.563037,0.543743
0,0,0.339927,0.940156,0.0236107
0,0,-0.758867,-0.114169,0.64116
0,0,-0.336819,-0.834754,0.43559
0,0,-0.0392626,-0.863647,0.502566
0,0,-0.352081,0.159612,0.92226
0,0,0.76276,0.585431,0.274713
0,0,0.916803,0.0521876,0.395914
0,0,0.224514,-0.472487,0.852262
0,0,-0.270416,0.838213,0.473576
0,0,0.337357,0.835203,0.434311
23.2903,34.5594,0.275643,0.924348,0.26382
0,0,0.22136,0.850066,0.4779
0,0,-0.213266,0.794418,0.568698
0,0,0.108972,0.565197,0.817727
0,0,0.0134592,-0.793897,0.607904
0,0,-0.16434,0.640367,0.750282
0,0,0.935801,0.34995,0.0425513
0,0,-0.963037,-0.195527,0.185279
0,0,0.393069,-0.786014,0.477157
0,0,-0.80017,0.325159,0.503985
0,0,-0.0900077,-0.324179,0.941704
0,0,0.283327,0.450201,0.846785
0,0,0.58691,-0.809648,0.00272341
0,0,0.129133,0.544023,0.829074
0,0,0.876666,-0.0916045,0.472298
0,0,-0.0134609,0.848503,0.529019
0,0,-0.767663,0.195414,0.610334
0,0,0.728516,0.524235,0.440956
0,0,-0.261582,0.82242,0.505174
0,0,-0.764439,-0.395009,0.509511
0,0,-0.00363467,0.00928311,0.99995
0,0,-0.347469,-0.217749,0.912058
0,0,-0.291505,-0.742301,0.603335
0,0,0.112951,0.971436,0.208698
0,0,0.137639,0.954992,0.262764
0,0,0.404706,0.792525,0.456199
9.34632,14.6692,-0.188678,-0.896061,0.40184
0,0,0.735941,-0.345918,0.582007
0,0,0.0919664,0.367415,0.925499
0,0,-0.0591696,0.458836,0.886549
0,0,-0.856965,0.0937596,0.506774
0,0,0.385219,-0.175616,0.905961
0,0,0.548335,0.683167,0.482298
0,0,0.68701,-0.572829,0.447084
0,0,-0.105477,0.993608,0.0402195
0,0,0.351101,0.0951079,0.931495
0,0,0.209101,-0.795586,0.568612
0,0,0.292881,0.686568,0.665466
0,0,-0.780864,0.480109,0.399683
0,0,0.198235,0.648127,0.735278
0,0,-0.942193,-0.0510488,0.331158
0,0,0.220996,-0.96737,0.123917
0,0,-0.900226,0.423068,0.10299
0,0,-0.930629,0.126094,0.343555
0,0,0.577702,-0.027438,0.815786
0,0,0.579684,0.0681433,0.811987
0,0,-0.0683995,-0.366638,0.927846
0,0,0.807742,0.575584,0.127499
0,0,0.638252,-0.0703622,0.766605
0,0,-0.787007,-0.292816,0.543028
0,0,0.0091787,0.480883,0.876737
0,0,-0.607466,0.364215,0.705927
0,0,-0.385719,0.289612,0.875983
0,0,0.370556,-0.171269,0.912883
0,0,-0.0610059,0.65307,0.754836
0,0,0.189706,-0.570956,0.798762
0,0,-0.603605,-0.422063,0.676405
0,0,0.816184,0.193767,0.544333
0.0338074,0.00675165,0.0212261,0.052939,0.998372
11.9693,18.4163,-0.386628,-0.0624315,0.92012
0,0,0.565158,0.0551876,0.823135
0,0,0.986623,-0.121512,0.108674
0,0,-0.449346,-0.884031,0.128753
0,0,-0.684093,0.0656774,0.726432
0,0,-0.132304,-0.98912,0.0643201
0,0,0.69819,-0.691553,0.18516
0,0,-0.750132,-0.015093,0.661115
0.237527,0.387167,0.160318,0.0465691,0.985966
21.0714,30.0349,0.112797,-0.595835,0.795146
0,0,0.0684321,-0.870719,0.486997
0,0,-0.140951,0.988636,0.0522642
0,0,0.506005,0.585738,0.633142
0,0,0.374197,0.774963,0.509323
0,0,0.356555,0.896569,0.262741
0,0,0.0473219,0.433072,0.900116
0,0,-0.282359,-0.718125,0.636058
0,0,-0.598322,0.0136631,0.801139
0,0,-0.422831,-0.000316818,0.906208
0,0,-0.0527123,-0.949822,0.308317
0,0,-0.986419,0.0574349,0.153882
0,0,0.425388,0.342337,0.837765
0,0,0.761128,0.258608,0.594816
0,0,0.874641,0.483684,0.0324623
0,0,0.491647,-0.635473,0.595362
18.6302,26.9076,-0.421201,-0.845049,-0.329365
0,0,0.439334,-0.810163,0.3881
0,0,0.209128,0.749644,0.627932
0,0,-0.677817,-0.0349772,0.734398
0,0,0.836555,-0.493185,0.238629
0,0,0.484851,-0.0244567,0.874255
0,0,0.916876,0.305955,0.256378
0,0,0.496579,-0.211287,0.841883
0,0,0.327158,0.720875,0.610988
0,0,0.720849,0.678329,0.142291
0,0,-0.471655,-0.325416,0.81954
0,0,-0.385868,-0.890494,0.241096
24.489,35.598,-0.309143,0.686669,0.657964
0,0,-0.673025,-0.579071,0.460124
0,0,-0.996634,0.0794986,0.0200192
0,0,-0.330951,-0.628902,0.70353
0,0,-0.936127,-0.31303,0.160243
0,0,-0.490246,0.812603,0.315174
0,0,0.424349,-7.33377e-05,0.905499
0,0,-0.849326,0.230081,0.475087
0,0,0.373898,0.848031,0.375558
0,0,0.747018,0.655192,0.112637
0,0,-0.0296509,-0.672518,0.739487
0,0,0.763216,0.493088,0.417571
0,0,0.460474,0.717706,0.522361
0,0,-0.816862,-0.49168,0.30164
0,0,-0.0420761,0.528858,0.847666
0,0,0.393876,-0.917743,0.0510885
0,0,-0.156597,-0.702381,0.694362
0,0,-0.723222,0.690484,0.0134332
0,0,-0.30992,0.647853,0.695871
0,0,-0.399934,-0.644767,0.651405
0,0,-0.145942,0.717965,0.680608
0,0,0.794893,0.606147,0.0270314
0,0,-0.364652,0.811598,0.45644
0,0,0.540479,0.646076,0.538952
0,0,0.361688,0.84413,0.39576
0,0,0.321587,-0.203541,0.924745
0,0,-0.313173,-0.948244,0.0525008
0,0,0.873561,-0.376826,0.308047
0,0,0.789503,-0.471376,0.393052
0,0,0.0420629,-0.396284,0.917164
0,0,-0.453522,0.268301,0.849901
0,0,-0.773919,0.605032,0.187045
0,0,0.419754,-0.246568,0.873505
0,0,-0.870066,0.46919,0.151152
0,0,-0.740707,-0.227496,0.632138
0,0,-0.812849,0.0448724,0.580743
0,0,0.0712402,0.994368,0.0784625
0,0,-0.459444,-0.250478,0.852157
0,0,0.473648,0.863426,0.173646
0,0,0.300478,-0.24283,0.922359
0,0,-0.35338,-0.829713,0.432086
0,0,-0.152779,-0.651132,0.743429
0,0,0.2445,0.611816,0.752264
0,0,0.790871,0.0245549,0.611489
0,0,-0.754468,-0.228892,0.615132
0,0,-0.758326,0.624485,0.186975
0,0,-0.351003,0.247603,0.903044
0,0,0.492208,0.838741,0.232903
2.97157,5.01872,-0.479026,-0.0331677,0.877174
0,0,-0.902782,-0.289861,0.317751
0,0,0.00429625,-0.678203,0.734862
0,0,-0.664885,-0.209927,0.71684
0,0,-0.270367,-0.765918,0.583327
0,0,-0.352982,-0.728244,0.587422
0,0,0.0269843,0.200143,0.979395
0,0,0.534328,-0.258113,0.804904
0,0,-0.618292,-0.596149,0.512174
0,0,-0.514118,0.537899,0.668092
0,0,0.755907,0.495234,0.428192
0,0,-0.778464,0.568714,0.265629
0,0,-0.597107,-0.60298,0.529036
0,0,-0.853381,0.520909,0.0198783
0,0,0.800601,0.273191,0.533296
0,0,0.881546,-0.47047,0.039166
0,0,-0.794659,0.424375,0.434077
0,0,0.841746,-0.422551,0.336026
20.7303,30.4341,-0.0733224,0.673733,0.735328
0,0,-0.732679,-0.654663,0.186005
0,0,0.468851,0.113301,0.87598
0,0,-0.17111,0.463562,0.869386
0,0,0.633752,-0.758795,0.150293
0,0,0.8669,0.490062,0.0912311
0,0,-0.33124,-0.533024,0.778567
0,0,0.602032,0.343537,0.720791
0,0,-0.126623,0.984051,0.124944
0,0,-0.734368,-0.661275,0.153032
0,0,-0.513398,0.329531,0.792358
0,0,-0.959734,0.242174,0.142343
0,0,0.00257604,-0.92976,0.368157
0,0,-0.542347,-0.50886,0.668522
0,0,-0.594079,0.633267,0.496027
0,0,-0.347285,-0.890633,0.29354
0,0,-0.534955,-0.0712507,0.841871
0,0,0.81422,-0.309759,0.491014
0,0,0.263303,0.391042,0.881906
0,0,0.988948,0.0551242,0.137635
0,0,-0.0490548,0.993055,0.106939
0,0,0.223973,0.869231,0.440765
0,0,-0.296964,0.358699,0.884956
0,0,-0.475878,0.745117,0.46727
0,0,-0.432062,0.898837,0.0735803
0,0,0.0279036,0.591087,0.806125
0,0,0.319021,0.80043,0.507481
0,0,-0.342124,-0.889067,0.304155
0,0,-0.832817,-0.553179,0.0202259
0,0,0.293078,-0.739262,0.606297
0,0,0.396592,-0.69442,0.600413
0,0,-0.479212,-0.412303,0.77483
0,0,0.673428,0.178035,0.717495
0,0,-0.179446,-0.981579,0.0655823
0,0,-0.63526,-0.320099,0.702838
0,0,-0.410546,-0.894684,0.176048
0,0,0.307257,0.783249,0.540476
0,0,0.0308177,0.955482,0.293437
0,0,-0.745411,0.493794,0.447806
0,0,0.0307589,-0.0123266,0.999451
16.2285,22.6418,0.075681,0.419493,0.904598
0,0,-0.413699,-0.434839,0.799855
0,0,-0.230299,0.357974,0.904885
0,0,0.56779,-0.818639,0.0862837
0,0,0.894958,-0.183607,0.406619
4.94798,7.5353,0.228506,-0.125719,0.965391
0,0,0.947156,0.3195,0.0285438
4.08408,6.22515,-0.162695,-0.0302394,0.986213
0,0,0.144783,-0.814953,0.561151
0,0,0.963246,-0.144156,0.226663
0,0,-0.79406,0.41654,0.442678
0,0,-0.176162,0.044788,0.983342
0,0,-0.826402,0.562526,0.0249912
0,0,-0.702066,0.549953,0.452387
0,0,0.593231,0.449071,0.668141
0,0,-0.947669,0.163852,0.273998
0,0,-0.0305876,0.696238,0.717159
0,0,0.00149142,-0.942681,0.333692
0,0,0.847112,-0.51018,0.148723
0,0,-0.400669,0.728237,0.555999
0,0,-0.0914758,-0.547842,0.831566
0,0,-0.669152,-0.731737,0.1296
0,0,-0.366169,0.713301,0.597597
0,0,0.759637,-0.0679885,0.646784
0,0,-0.036316,-0.0251757,0.999023
0,0,-0.636743,-0.475917,0.606681
0,0,-0.336956,-0.348417,0.874681
0,0,-0.0762947,0.657991,0.749151
0,0,-0.780531,-0.516948,0.351476
0,0,0.892662,0.151262,0.424587
0,0,0.0822696,0.643657,0.760879
0,0,0.807528,-0.255932,0.53141
0,0,0.717064,-0.213301,0.663568
0,0,0.89507,0.281858,0.34555
0,0,-0.874334,-0.248087,0.417124
0,0,0.806673,0.395384,0.43926
0,0,0.895615,-0.37367,0.241339
0,0,0.315085,-0.43465,0.843683
0,0,0.300882,-0.44495,0.843498
0,0,-0.849503,-0.489629,0.196491
0,0,0.265057,0.462865,0.845873
0,0,-0.543655,0.771802,0.32979
0,0,0.789498,0.587972,0.176017
0,0,-0.765798,0.256414,0.58975
0,0,-0.611799,0.748311,0.256382
0,0,-0.203254,0.962968,0.177147
0,0,0.138638,-0.956574,0.256409
0,0,-0.632681,0.321299,0.704614
0,0,0.463655,-0.595783,0.655794
0,0,0.879255,0.360573,0.311283
0,0,0.952986,-0.205653,0.222541
0,0,-0.302732,-0.949558,0.0818092
0,0,0.687418,0.714961,0.127623
0,0,0.674327,0.459276,0.578228
0,0,0.853803,0.429068,0.294824
0,0,0.965516,-0.02129,0.259471
0,0,-0.858345,0.319466,0.401478
0,0,-0.30011,0.53391,0.79049
0,0,0.810616,0.511641,0.284825
0,0,0.915718,0.360558,0.177363
0,0,0.906896,0.363476,0.213132
0,0,-0.272403,0.818341,0.506078
0,0,0.848311,-0.387494,0.360857
0,0,-0.0102256,0.877924,0.478691
0,0,0.462692,-0.881031,0.0984896
0,0,0.548884,-0.771545,0.32163
0,0,-0.974565,0.192976,0.113948
0,0,0.499376,0.748264,0.436721
0,0,-0.685866,0.620002,0.381032
0,0,-0.6308,0.304549,0.713682
0,0,0.322047,0.942021,0.0942415
0,0,0.417729,0.904867,0.0819629
0,0,-0.347617,0.0720205,0.934867
0,0,-0.844898,0.125202,0.520069
0,0,-0.123089,0.39744,0.909335
0,0,0.017655,-0.503633,0.863738
0,0,0.822229,0.0470628,0.567208
0,0,0.0956518,-0.776462,0.622863
0,0,0.567673,0.178389,0.803694
0,0,-0.207712,-0.487056,0.848312
0,0,0.924292,-0.0459047,0.378914
0,0,0.614046,0.743412,0.265113
0,0,0.704747,0.419238,0.572338
0,0,0.784237,0.216703,0.581388
5.94537,8.5904,0.306842,0.193897,0.9318
0,0,0.667407,-0.121511,0.734713
0,0,0.676818,-0.0535103,0.734203
0,0,0.618422,-0.393834,0.680036
0,0,0.399558,-0.0498308,0.915353
0,0,0.174283,0.908546,0.379697
0,0,-0.042711,-0.989668,0.13687
0,0,0.0367907,0.177202,0.983487
0,0,0.682897,-0.346467,0.643127
0,0,-0.818285,-0.479991,0.316256
0,0,0.562027,-0.798507,0.215667
0,0,0.989121,-0.104686,0.103346
0,0,-0.2441,-0.41111,0.878296
0,0,0.380782,0.373924,0.845687
0,0,0.2745,0.622085,0.733253
0,0,-0.49517,-0.830264,0.255867
0,0,-0.667536,0.740857,0.07434
0,0,-0.175359,0.925098,0.336813
0,0,0.0391472,0.997996,0.0497121
0,0,-0.738747,0.290331,0.608245
0,0,-0.903946,-0.422888,0.063619
0,0,-0.576287,0.00561868,0.817228
0,0,0.396308,0.835197,0.381295
0,0,-0.0962172,-0.783164,0.614326
0,0,0.604661,0.791504,0.0889211
0,0,-0.796589,0.14947,0.585752
0,0,-0.699925,-0.114031,0.705055
0,0,0.612731,-0.186505,0.767969
0,0,0.626423,0.746854,0.223166
0,0,-0.421155,-0.701595,0.574798
0,0,-0.511041,0.820863,0.254992
0,0,0.0213684,-0.939536,0.341782
0,0,0.0855026,-0.632425,0.769888
0,0,-0.494942,0.649105,0.577663
0,0,-0.737944,0.297213,0.60589
0,0,-0.206627,-0.852439,0.480263
0,0,-0.241304,-0.9231,0.299429
0,0,-0.305124,0.310636,0.900225
0,0,0.223913,-0.894786,0.386293
0,0,0.259396,-0.936457,0.236138
0,0,-0.346805,-0.719044,0.602247
0,0,-0.117901,-0.866579,0.484913
0,0,0.637284,-0.713679,0.290742
0,0,0.383319,-0.215045,0.898233
0,0,0.700749,0.636881,0.321454
0,0,0.355432,-0.929645,0.0971016
0,0,0.00880531,0.69552,0.718453
0,0,0.143537,0.961402,0.234741
0,0,-0.760692,0.179997,0.623658
0,0,0.491297,-0.520827,0.698116
0,0,0.398001,-0.410945,0.820195
0,0,-0.950998,-0.173429,0.255978
0,0,-0.998309,0.056679,0.0129222
0,0,0.255038,-0.964238,0.0721187
0,0,-0.952377,-0.304869,0.0058273
0,0,0.228015,-0.561453,0.795475
0,0,0.68739,0.615503,0.385552
0,0,-0.469568,0.257297,0.844573
0,0,0.537028,0.494937,0.68311
0,0,-0.307197,-0.830805,0.464105
0,0,-0.949567,0.0914812,0.299923
0,0,-0.217272,0.805184,0.55179
0,0,-0.534697,-0.76891,0.350538
0,0,0.192698,0.98096,0.0241899
0,0,0.471129,0.244951,0.84737
0,0,-0.93901,0.0851892,0.333171
0,0,-0.135989,0.560341,0.817022
0,0,0.929007,0.0845684,0.360269
0,0,-0.753346,-0.143055,0.641876
0,0,0.866168,0.280488,0.413618
0,0,0.096388,0.981171,0.167372
0,0,0.849608,0.232724,0.473293
0,0,0.190572,0.419465,0.887542
0,0,0.120763,-0.79323,0.596827
0,0,0.729968,0.335115,0.595689
0,0,0.589892,0.173702,0.788578
0,0,-0.0303483,0.4306,0.902033
0,0,-0.48029,-0.873465,0.0798808
0,0,-0.464351,0.402183,0.789067
0,0,-0.701708,-0.376649,0.604766
0,0,-0.364043,0.925391,0.105468
0,0,0.686696,0.725297,0.0489257
0,0,0.426948,0.669437,0.607922
0,0,-0.418387,-0.88198,0.216942
0,0,-0.0197164,0.878465,0.4774
0,0,0.488624,0.0875546,0.868091
0,0,-0.244374,0.967505,0.0649259
0,0,-0.871047,-0.422387,0.250733
0,0,-0.28954,0.513327,0.807875
0,0,-0.834063,-0.103155,0.541939
0,0,0.148734,0.443361,0.883917
0,0,0.257987,0.911668,0.319851
0,0,0.34106,-0.649402,0.679673
0,0,-0.519709,-0.651491,0.552687
0,0,-0.865038,-0.211328,0.455027
0,0,-0.00210042,-0.995093,0.0989261
0,0,0.285941,0.581843,0.761378
0,0,-0.0398575,-0.823774,0.565515
0,0,0.386315,-0.0382884,0.921572
0,0,-0.46289,-0.332028,0.821882
0,0,0.0844417,-0.934592,0.345555
0,0,-0.788976,0.0581813,0.611664
0,0,-0.00173746,0.876731,0.480977
0,0,0.324639,0.53944,0.776926
0,0,0.773884,0.593893,0.219988
3.16944,4.54098,0.0715777,-0.174264,0.982094
0,0,0.228868,0.970912,0.0703477
0,0,-0.507165,0.0408855,0.860879
0,0,-0.916973,-0.0955602,0.387336
0,0,0.284652,-0.323288,0.902473
0,0,-0.382392,0.912984,0.142257
0,0,-0.441439,-0.10039,0.891658
0,0,-0.0446421,-0.942851,0.330212
0,0,0.662466,-0.292899,0.689456
0,0,-0.654266,0.751976,0.0804216
0,0,-0.851048,-0.0742586,0.519811
0,0,0.659528,-0.353019,0.663627
0,0,-0.772649,-0.583754,0.249487
0,0,0.866866,-0.429131,0.253751
0,0,-0.22659,-0.357407,0.906045
0,0,-0.789774,-0.60672,0.0902695
0,0,-0.442199,-0.7671,0.464778
0,0,0.00494359,0.791084,0.611687
0,0,0.922222,0.232546,0.308916
0,0,0.521754,-0.778245,0.34944
0,0,-0.589426,-0.730757,0.34434
0,0,0.919396,0.222598,0.324287
0,0,-0.0207263,-0.867796,0.496488
0,0,0.575317,0.344655,0.74177
0,0,-0.561555,0.738256,0.373677
0,0,0.221683,-0.697022,0.681921
0,0,-0.799702,-0.172656,0.575036
0,0,-0.0449203,0.57038,0.820152
0,0,-0.210799,0.538107,0.816091
0,0,0.264882,-0.798636,0.540387
0,0,-0.850832,-0.343481,0.397625
0,0,0.0253115,0.628967,0.77702
0,0,-0.560969,0.602786,0.567417
0,0,0.0107899,-0.723506,0.690234
0,0,-0.141402,-0.929925,0.339476
0,0,-0.790681,-0.61081,0.0416428
0,0,0.54118,0.385597,0.747288
0,0,-0.271432,-0.871742,0.407911
0,0,0.265602,-0.225407,0.937362
0,0,0.685643,-0.638752,0.349128
0,0,-0.592353,-0.449319,0.668752
0,0,0.25971,-0.953416,0.153453
0,0,0.952743,-0.041361,0.300948
0,0,-0.0706058,0.39352,0.916601
0,0,-0.435049,-0.629673,0.643618
0,0,0.383324,0.241703,0.891427
0,0,-0.692759,-0.428758,0.579872
0,0,-0.673051,0.506099,0.539319
0,0,-0.807766,-0.0559236,0.586844
0,0,-0.46886,0.86623,0.17267
0,0,0.998543,-0.0333368,0.0424393
0,0,0.876045,0.21363,0.432329
0,0,0.108508,0.156321,0.981728
0,0,-0.362423,-0.701201,0.613976
0,0,0.351784,-0.19445,0.915662
0,0,-0.320606,0.835647,0.44599
0,0,-0.772819,0.616293,0.151437
0,0,-0.705406,-0.699813,0.112533
0,0,0.170707,-0.597621,0.783395
0,0,0.837465,-0.113866,0.534497
0,0,-0.26421,0.370292,0.890548
0,0,-0.74292,0.585639,0.324185
0,0,-0.938975,0.281697,0.197414
0,0,-0.587058,-0.364031,0.72308
0,0,-0.919475,-0.146387,0.364879
0,0,-0.37344,-0.49442,0.784915
0,0,-0.767191,-0.426543,0.479039
0,0,-0.241285,0.749583,0.616366
0,0,0.574079,0.298638,0.762397
0,0,-0.713582,-0.421816,0.55935
0,0,-0.15729,-0.526716,0.835362
0,0,-0.393747,-0.189351,0.899505
0,0,-0.109428,-0.877013,0.467839
0,0,0.411645,-0.475824,0.777265
0,0,-0.230988,0.644225,0.729122
0,0,0.655955,-0.0203197,0.754526
0,0,-0.669156,0.68328,0.292163
0,0,-0.082134,-0.89212,0.444271
0,0,0.887393,0.13601,0.440494
0,0,0.30377,-0.854256,0.421865
0,0,0.0281496,-0.899559,0.435891
0,0,0.455735,0.238747,0.8575
0,0,-0.509495,-0.345443,0.788088
0,0,0.434448,-0.897453,0.0763705
0,0,0.340323,0.878701,0.334761
0,0,0.343782,-0.25414,0.904006
0,0,-0.0885596,-0.906444,0.412937
0,0,-0.320762,-0.182944,0.929324
0,0,0.0313473,-0.804959,0.592502
0,0,0.126841,-0.925147,0.35779
0,0,0.582667,0.735259,0.346255
0,0,0.966542,-0.254511,0.0319575
0,0,-0.465441,0.418747,0.779754
0,0,-0.629238,0.519254,0.578303
0,0,-0.40978,-0.912069,0.0144665
0,0,-0.983109,0.103405,0.15101
0,0,0.318506,0.397098,0.860736
0,0,-0.503244,-0.237932,0.830743
0,0,0.342288,-0.782952,0.519446
0,0,0.927486,-0.00393997,0.373837
0,0,-0.760483,-0.250614,0.599048
0,0,-0.505096,0.764703,0.400134
0,0,-0.840953,0.539979,0.0349385
0,0,0.375217,-0.885552,0.273878
0,0,-0.852249,0.478345,0.211796
0,0,-0.56666,-0.198916,0.79958
0,0,-0.588326,-0.476332,0.653437
0,0,-0.525431,-0.716382,0.459042
0,0,0.315511,0.638385,0.702081
0,0,-0.75115,-0.294393,0.590853
0,0,-0.783825,0.160323,0.599929
0,0,0.00623142,0.868061,0.496419
0,0,0.541759,-0.63947,0.545505
0,0,-0.426245,-0.724066,0.542258
0,0,-0.187881,0.4258,0.885096
0,0,0.674528,0.0355046,0.737395
0,0,0.327727,0.805747,0.493323
0,0,-0.302448,0.194983,0.93301
0,0,-0.78421,-0.359329,0.505863
0,0,0.426217,-0.70039,0.572532
0,0,-0.435024,-0.899907,0.0303685
0,0,0.809908,0.0796148,0.581128
0,0,-0.739714,-0.448447,0.501716
0,0,-0.888877,0.456572,0.0379486
0,0,-0.653333,0.564152,0.504864
0,0,-0.23432,-0.14013,0.962007
0,0,0.0234309,-0.991056,0.131371
0,0,0.780876,-0.52161,0.343738
0,0,-0.989905,-0.1255,0.0658633
0,0,-0.905706,0.366485,0.213039
0,0,0.971289,0.224328,0.0792175
0,0,0.922512,-0.00200015,0.385964
0,0,0.385599,0.431155,0.815732
0,0,0.789621,0.130865,0.599477
0,0,0.930402,-0.316464,0.184942
0,0,-0.0918673,0.526987,0.844894
0,0,0.907878,0.177563,0.379775
0,0,0.362088,-0.593619,0.718685
0,0,0.786562,-0.614947,0.0562265
0,0,-0.0141505,0.487697,0.872898
0,0,0.289733,0.952005,0.098695
0,0,0.405091,0.0768375,0.911042
0,0,0.68043,0.305386,0.666149
0,0,-0.573024,0.710111,0.409128
0,0,0.210839,-0.944301,0.252672
0,0,-0.852052,-0.499202,0.157494
0,0,-0.25339,0.902449,0.348394
0,0,0.0318391,0.676585,0.735676
20.1881,29.3008,0.103458,0.211041,0.971987
0,0,0.980608,-0.128415,0.148046
0,0,0.0994296,-0.354545,0.929737
0,0,0.327937,0.614998,0.717102
0,0,-0.163456,-0.113001,0.980058
0,0,-0.620696,0.189888,0.760709
0,0,0.475501,0.871104,0.122785
0,0,0.273594,0.103861,0.956221
0,0,-0.186037,-0.978769,0.0860352
0,0,-0.506339,0.396811,0.765612
0,0,-0.706111,-0.538492,0.459819
0,0,-0.221608,-0.604299,0.765318
0,0,-0.0224342,-0.489126,0.871925
0,0,-0.0685037,0.573846,0.816093
0,0,-0.274954,-0.627578,0.728386
0,0,0.174721,-0.903866,0.390511
0,0,-0.774671,-0.530455,0.344242
0,0,-0.943624,-0.23848,0.229569
0,0,0.950969,0.126884,0.282062
0,0,0.910002,0.414441,0.0116461
0,0,0.910923,0.316461,0.264709
0,0,-0.446915,-0.743016,0.49819
0,0,-0.693539,-0.639991,0.330779
0,0,0.136465,0.602672,0.786234
0,0,-0.793549,0.522716,0.311527
0,0,0.954681,-0.216716,0.204008
0,0,0.39479,-0.890776,0.225075
0,0,0.145097,0.656922,0.739865
0,0,-0.536828,-0.399514,0.743105
0,0,-0.744603,-0.462104,0.48169
0,0,-0.775383,0.556411,0.298642
0,0,-0.510993,0.855084,0.0878502
0,0,-0.699029,-0.604545,0.381948
22.1815,29.8511,-0.202133,0.334155,0.920588
0,0,-0.827318,0.425682,0.366524
0,0,0.369309,-0.552096,0.74753
23.3336,34.454,0.670891,-0.146956,-0.726849
0,0,0.478559,-0.760443,0.438985
0,0,-0.628686,0.707574,0.322635
0,0,0.815638,0.501278,0.288886
0,0,-0.7223,-0.0924234,0.685376
0,0,-0.277644,-0.934186,0.224078
17.1968,25.3625,-0.731002,0.560553,0.389123
0,0,0.501457,0.324055,0.802203
0,0,0.758715,-0.651332,0.0108436
0,0,-0.0859415,0.892579,0.442624
0,0,-0.4144,0.3319,0.847417
9.23041,12.8483,0.446352,-0.202407,0.871666
8.20178,12.0068,0.503624,0.137828,0.852858
0,0,0.088369,0.571684,0.815701
0,0,-0.606645,0.765038,0.216099
0,0,0.562624,0.664781,0.491448
0,0,0.207735,0.866307,0.454267
0,0,0.479949,-0.477473,0.735982
0,0,0.539034,-0.0646129,0.839802
0,0,0.891258,0.046083,0.45115
0,0,-0.305739,-0.45006,0.839029
0,0,-0.0866555,0.505763,0.858309
0,0,0.792446,0.31017,0.52519
10.8533,15.0166,0.243163,-0.628194,0.739084
0,0,0.223646,0.971306,0.0809213
0,0,-0.991937,0.124971,0.021053
0,0,0.546946,0.692976,0.469717
0,0,-0.00783007,-0.957483,0.288382
0,0,0.011475,0.917785,0.396912
0,0,-0.423903,0.656506,0.623944
0,0,0.88532,-0.383876,0.262389
0,0,0.00280807,0.975901,0.218196
0,0,-0.40565,-0.672174,0.619379
0,0,-0.83812,0.516075,0.176697
0,0,-0.499937,0.771568,0.393377
0,0,-0.168339,-0.874919,0.454069
0,0,-0.864012,0.502798,0.0260449
0,0,-0.801962,-0.236957,0.548369
0,0,0.892816,0.331815,0.304597
0,0,0.542668,0.760896,0.355738
0,0,-0.472604,0.405141,0.782627
0,0,0.760513,-0.331655,0.558234
0,0,0.133609,-0.926694,0.351265
0,0,0.988618,-0.0528852,0.140846
0,0,-0.0732965,0.564216,0.822367
16.5081,21.9818,-0.0694148,-0.463291,0.883483
0,0,-0.716222,0.451144,0.532443
0,0,0.47883,0.789558,0.383824
0,0,-0.835469,0.180389,0.519087
0,0,0.547649,-0.473854,0.689596
0,0,0.200137,-0.46432,0.862758
0,0,-0.00353688,-0.434422,0.900703
0,0,-0.0300392,-0.997762,0.0597397
0,0,-0.682708,0.578965,0.445768
0,0,-0.276983,-0.595113,0.754401
0,0,-0.628349,0.758752,0.171675
0,0,-0.689774,-0.708473,0.149259
0,0,0.423151,-0.873375,0.241162
0,0,-0.340963,0.829378,0.442579
0,0,-0.478808,0.87508,0.0705561
0,0,0.601113,0.130971,0.788359
0,0,0.837554,0.497421,0.226
0,0,-0.664657,0.41294,0.622665
0,0,-0.692271,0.578783,0.431012
0,0,-0.579252,-0.514074,0.63261
0,0,0.0607579,-0.864585,0.498799
0,0,-0.575906,0.803085,0.152928
0,0,-0.144371,-0.881799,0.448984
0,0,0.679946,0.14174,0.719432
0,0,-0.493418,-0.781563,0.381705
0,0,0.493044,-0.321834,0.808289
0,0,-0.495176,-0.821125,0.283822
0,0,-0.198625,-0.685675,0.700285
0,0,-0.011738,0.816993,0.576529
11.0332,16.1056,-0.122509,-0.159891,0.979503
0,0,0.353721,0.911867,0.208278
0,0,-0.365198,-0.930929,0.0013045
0,0,0.996107,0.0155003,0.0867821
0,0,-0.767511,-0.606916,0.206349
0,0,0.292306,-0.379126,0.877964
0,0,0.835062,-0.548673,0.0403618
0,0,-0.841072,0.453073,0.295503
0,0,0.601254,-0.798876,0.0170502
0,0,-0.888222,0.00588135,0.459376
0,0,-0.538872,0.680627,0.496351
0,0,-0.693178,0.14436,0.706162
0,0,0.756387,0.12565,0.641943
0,0,0.438197,-0.0569032,0.897076
0,0,0.712741,-0.2617,0.65078
0,0,-0.62593,0.45417,0.633989
0,0,-0.823853,0.403562,0.398
0,0,-0.636393,-0.766154,0.0895133
0,0,-0.354407,-0.0233254,0.9348
0,0,0.975866,0.185892,0.114588
0,0,-0.474967,-0.282204,0.833527
0,0,0.225035,0.967499,0.115343
0,0,-0.00538992,-0.545605,0.838025
0,0,0.461128,0.885798,0.0521789
0,0,0.148618,0.9503,0.273573
0,0,-0.412302,-0.731732,0.542748
0,0,-0.874396,-0.165424,0.456143
0,0,0.683848,-0.713215,0.153873
0,0,0.17806,0.974135,0.139127
0,0,-0.722093,-0.683005,0.109937
0,0,-0.812522,-0.148076,0.56381
0,0,0.0270761,0.61329,0.789393
0,0,0.0674999,-0.563904,0.823077
0,0,-0.488707,0.855888,0.169177
0,0,-0.033223,0.449702,0.892561
0,0,0.757919,-0.351013,0.549863
0,0,-0.339668,0.746842,0.571711
0,0,-0.160868,0.895566,0.41483
0,0,-0.253001,0.936817,0.241587
0,0,-0.440479,0.458906,0.771612
0,0,-0.254332,-0.575108,0.777539
0,0,0.162946,-0.725143,0.669042
0,0,0.715107,0.590166,0.3746
0,0,-0.912674,0.40783,0.0264677
0,0,-0.137014,-0.903238,0.40668
0,0,0.325127,-0.922706,0.207137
0,0,-0.257582,-0.57774,0.774511
0,0,-0.735972,-0.245529,0.630921
0,0,0.831099,0.540609,0.130443
0,0,0.635719,-0.32677,0.699345
0,0,0.747719,-0.119498,0.653175
0,0,0.745381,-0.34455,0.570694
0,0,0.705441,-0.20368,0.678872
0,0,-0.884792,-0.383568,0.264611
0,0,0.833653,-0.55223,0.00805562
0,0,0.113584,-0.657019,0.745268
0,0,-0.684927,-0.720209,0.110337
0,0,0.198161,-0.936297,0.289966
0,0,-0.527693,0.836237,0.149156
0,0,0.968902,-0.0538137,0.241524
0,0,-0.672881,0.0638238,0.736992
0,0,-0.28049,0.429578,0.858364
0,0,-0.895239,0.211845,0.392006
0,0,-0.312279,0.582056,0.750794
0,0,-0.656191,0.312243,0.686962
0,0,0.271346,0.936842,0.220676
0,0,0.951784,0.202072,0.230814
0,0,-0.708529,0.347489,0.614197
0,0,-0.89492,-0.40444,0.188536
0,0,-0.0515966,0.612372,0.788884
0,0,-0.235999,-0.55271,0.79926
0,0,-0.461379,0.756257,0.463901
0,0,-0.892543,0.27638,0.356343
0,0,0.0776393,-0.960716,0.266452
0,0,0.640194,-0.731145,0.23575
0,0,0.509809,0.681097,0.525549
0,0,-0.851677,0.349452,0.390551
0,0,-0.188966,0.552566,0.811765
0,0,-0.285958,0.614321,0.735417
0,0,0.312985,0.749651,0.58315
0,0,-0.290595,0.497067,0.817605
0,0,0.701292,0.236602,0.672465
0,0,-0.926883,0.355749,0.119706
0,0,0.643269,-0.628302,0.437541
0,0,-0.858623,-0.370786,0.353955
0,0,0.843037,0.110425,0.526399
0,0,0.647616,-0.483636,0.588803
0,0,0.848814,-0.513929,0.124065
0,0,0.657597,0.26251,0.706155
0,0,-0.911513,-0.201991,0.35825
0,0,-0.111504,-0.610423,0.784188
0,0,0.541911,-0.626614,0.560078
0,0,-0.290942,0.139402,0.94653
0,0,-0.372314,0.016951,0.927952
0,0,0.222268,0.424899,0.877529
0,0,0.302634,0.952898,0.0199488
0,0,-0.349293,0.605045,0.715482
0,0,-0.449531,-0.334602,0.828229
0,0,-0.3694,-0.853801,0.366836
0,0,0.365,0.809228,0.460353
0,0,0.978527,-0.179987,0.100452
0,0,-0.946128,-0.32178,0.0360345
0,0,-0.352424,0.685338,0.637267
0,0,0.414011,0.330893,0.848
0,0,-0.163198,-0.39955,0.902068
0,0,-0.634143,-0.56709,0.525616
0,0,0.475113,0.226271,0.850335
0,0,0.626185,-0.730121,0.273525
0,0,0.947558,0.218521,0.233202
0,0,-0.995803,0.0204567,0.0892064
0,0,-0.582089,-0.619466,0.526721
0,0,-0.306709,-0.312173,0.899154
0,0,0.231071,-0.853,0.467972
0,0,-0.444531,0.716297,0.537876
0,0,0.569746,0.657656,0.492827
0,0,-0.295868,0.595241,0.747095
0,0,-0.00696476,0.803968,0.594632
0,0,-0.643411,0.230628,0.729954
0,0,0.462621,-0.0654118,0.88414
0,0,0.187277,0.696235,0.692954
0,0,-0.529964,-0.145513,0.835443
0,0,0.662094,-0.332867,0.67144
0,0,-0.309547,-0.786576,0.534302
0,0,0.128893,0.691479,0.710805
10.6226,14.852,0.331778,0.0253638,0.943017
0,0,0.600652,-0.64069,0.478262
0,0,-0.595628,-0.481324,0.643082
0,0,-0.666441,0.256319,0.700112
0,0,-0.122122,-0.472706,0.872717
0,0,-0.191014,-0.499248,0.845142
0,0,-0.864352,-0.498699,0.0647633
0,0,-0.433134,0.0371823,0.900562
0,0,0.0343663,0.762583,0.645977
0,0,-0.228583,0.963393,0.140085
0,0,-0.529665,-0.646579,0.548991
0,0,-0.754698,0.04014,0.654844
0,0,-0.548541,0.532359,0.644745
0,0,0.619703,-0.409061,0.669804
0,0,-0.642917,0.765695,0.0192164
0,0,0.158011,-0.981513,0.108006
0,0,0.931237,0.250014,0.265125
0,0,-0.825844,0.563862,0.00640482
0,0,0.058156,0.873803,0.48279
20.5881,29.5397,-0.568524,-0.0377658,0.821799
0,0,-0.0170708,-0.716666,0.697207
0,0,0.670103,0.485325,0.561624
0,0,0.568731,-0.813006,0.124764
0,0,-0.912817,-0.340261,0.225805
0,0,0.327586,-0.181063,0.92731
0,0,0.957385,-0.0692438,0.280392
0,0,0.242681,-0.746934,0.619028
0,0,0.318199,-0.465624,0.825799
0,0,-0.652282,-0.18535,0.734965
0,0,-0.39994,0.906213,0.137206
13.1753,19.3812,-0.172872,0.536964,0.825703
0,0,0.467214,-0.81104,0.352029
0,0,-0.0389498,0.618625,0.78472
0,0,-0.772833,-0.623984,0.115639
0,0,0.0445861,0.313979,0.948382
0,0,0.0105158,-0.834962,0.550208
0,0,0.710238,-0.443596,0.546611
0,0,0.845956,-0.461226,0.267635
0,0,-0.802958,-0.560164,0.203655
0,0,0.793973,-0.441655,0.417789
0,0,-0.278119,0.683592,0.674798
0,0,0.914056,-0.232806,0.332118
0,0,0.856723,-0.510627,0.0727006
0,0,0.0994796,-0.909744,0.403074
0,0,-0.933476,-0.303512,0.191058
0,0,-0.823721,-0.144445,0.548288
0,0,-0.126753,-0.876796,0.463855
0,0,0.193287,-0.853822,0.483351
0,0,-0.63055,0.732086,0.257794
0,0,-0.363164,-0.856173,0.367532
0,0,0.0423638,0.948342,0.314409
0,0,0.361745,0.737156,0.570739
0,0,-0.326472,0.870736,0.367744
0,0,0.355611,-0.622345,0.6973
0,0,0.0456086,-0.27304,0.960921
0,0,0.87859,-0.287398,0.381421
0,0,0.36511,-0.814908,0.450133
0,0,-0.083244,-0.200623,0.976125
0,0,0.679722,0.462352,0.569393
0,0,0.832518,0.168657,0.527701
0,0,0.688983,0.284004,0.666817
0,0,0.0987647,-0.521376,0.847592
0,0,0.972237,-0.0772628,0.220875
0,0,0.252403,-0.964397,0.0789436
0,0,-0.504116,-0.764803,0.401178
0,0,0.119586,-0.984839,0.125662
0,0,-0.519429,0.838731,0.163473
0,0,-0.592146,0.0302528,0.805263
0,0,-0.0331051,-0.6021,0.797734
0,0,-0.14746,-0.948974,0.278756
0,0,0.56446,-0.822259,0.0726289
0,0,-0.288618,0.239715,0.92695
0,0,0.469241,0.45481,0.756942
0,0,0.721632,-0.568733,0.394703
0,0,0.540656,0.841184,0.010059
0,0,0.229999,0.964002,0.133419
0,0,0.520141,0.66526,0.535614
0,0,0.239845,0.508892,0.826742
17.0051,25.8001,0.339576,-0.931594,0.129692
19.7951,29.6384,0.167276,0.273113,0.947327
0,0,0.925951,-0.141812,0.350006
0.447783,0.655967,0.271002,0.268653,0.924328
0,0,0.358339,0.259057,0.89693
0,0,0.202438,-0.305803,0.930324
0,0,-0.762294,-0.174073,0.623382
0,0,-0.682964,0.728582,0.0522391
0,0,0.536122,0.695139,0.478911
0,0,-0.140969,-0.680389,0.719165
0,0,-0.249647,0.115847,0.961382
0,0,-0.369541,-0.632822,0.680423
0,0,-0.288164,-0.951688,0.106075
0,0,0.102683,0.767674,0.632561
0,0,0.705754,0.0903311,0.702675
0,0,0.449913,0.632986,0.630005
0,0,-0.649633,0.61627,0.445184
21.7861,28.1565,-0.803119,-0.0475705,0.593916
0,0,0.600716,0.0514604,0.797804
0,0,-0.449523,-0.430595,0.782635
0,0,0.534579,0.331387,0.777437
0,0,0.682486,-0.236828,0.691466
0,0,-0.671919,-0.724149,0.155349
0,0,-0.865779,-0.478191,0.147513
0,0,-0.607835,0.555086,0.567818
0,0,-0.945464,-0.0845491,0.314561
0,0,0.0107368,0.867381,0.49753
0,0,0.777952,-0.510184,0.366746
0,0,0.295542,0.396689,0.869076
0,0,-0.834093,0.366874,0.411936
0,0,0.294352,0.841437,0.453144
0,0,0.384056,-0.00998999,0.923256
0,0,0.864255,-0.487311,0.124863
0,0,0.362525,0.777776,0.513459
0,0,-0.811895,0.498182,0.30437
0,0,-0.567045,-0.688943,0.451462
0,0,0.269354,-0.960149,0.0745781
0,0,-0.822503,-0.192227,0.535292
0,0,0.992401,0.111587,0.0518571
0,0,0.854738,0.499342,0.14171
0,0,-0.947757,-0.30143,0.104386
0,0,-0.0409324,-0.98685,0.156373
0,0,-0.0192733,0.890431,0.454711
0,0,0.149601,-0.947823,0.281515
0,0,0.833465,-0.466208,0.296626
0,0,0.726836,-0.141206,0.672138
0,0,0.0705764,-0.852654,0.517688
0,0,0.247522,0.906131,0.343015
0,0,0.465859,-0.536924,0.70334
0,0,-0.49429,0.0966125,0.863912
0,0,0.54717,-0.748389,0.374858
0,0,-0.928248,-0.365877,0.0670113
0,0,0.701583,-0.624137,0.343853
0,0,-0.758303,-0.577802,0.301862
0,0,0.129176,-0.618976,0.774714
0,0,-0.587957,-0.413921,0.694965
0,0,0.261667,-0.791826,0.551853
0,0,0.29667,-0.442215,0.846424
0,0,-0.862972,0.501201,0.0638582
0,0,0.949007,0.289301,0.125266
0,0,0.855199,0.350549,0.381773
0,0,-0.891142,-0.25022,0.378492
0,0,-0.0119898,-0.38201,0.92408
0,0,-0.348865,-0.903947,0.247331
0,0,0.0170272,-0.999812,0.0092819
0,0,0.434456,-0.596718,0.674667
0,0,0.0634212,-0.371297,0.926346
0,0,0.850486,-0.507102,0.139721
0,0,0.0218833,0.881473,0.471727
0,0,0.553966,0.27104,0.787184
0,0,0.40293,0.333127,0.852451
0,0,0.632082,-0.0787556,0.770889
0,0,-0.705505,-0.334746,0.624666
0,0,0.472004,0.554484,0.685391
0,0,0.415629,0.684033,0.599459
0,0,0.327696,-0.909956,0.254155
0,0,0.13422,0.533903,0.834825
0,0,-0.130445,-0.517715,0.84555
0,0,0.810563,0.437943,0.388836
0,0,-0.560269,-0.752326,0.346561
0,0,0.345947,-0.93427,0.0863717
0,0,0.214767,-0.864482,0.454474
0,0,-0.943674,-0.321936,0.0764057
0,0,-0.551042,-0.527506,0.646599
0,0,-0.874979,0.299839,0.380142
0,0,-0.750251,0.658944,0.054003
0,0,-0.364233,0.552183,0.749952
0,0,0.202536,0.26177,0.94364
0,0,0.30017,0.952092,0.0584798
0,0,0.802117,0.386657,0.455087
21.8368,31.3116,-0.425395,-0.133674,0.895081
0,0,-0.386843,-0.0742243,0.919153
0,0,-0.727315,-0.174695,0.663698
0,0,-0.32016,0.779583,0.538282
0,0,0.168277,-0.192361,0.966789
0,0,0.976939,-0.0908327,0.193235
0,0,-0.108833,-0.600255,0.792369
0,0,0.130149,-0.99135,0.0169009
0,0,-0.108856,0.683322,0.721957
0,0,-0.364149,-0.684875,0.631143
0,0,0.394963,-0.096386,0.913627
0,0,0.935749,-0.349225,0.0491518
0,0,0.885127,-0.0684169,0.460293
0,0,0.0544314,-0.232548,0.971061
0,0,0.0140679,0.459419,0.888108
0,0,-0.125674,-0.989751,0.0678192
0,0,0.796966,0.517644,0.311273
0,0,0.968621,0.109266,0.223235
0,0,-0.593914,0.71611,0.366677
17.4315,25.9766,0.0657525,-0.535459,0.841998
0,0,-0.42861,-0.266987,0.86314
0,0,0.912939,0.0175026,0.407721
0,0,-0.713493,0.659794,0.235796
0,0,-0.93547,-0.0451555,0.350509
17.8417,26.7643,-0.112005,-0.0519633,0.992348
0,0,-0.818095,0.376136,0.43502
0,0,0.353079,-0.442319,0.824433
0,0,0.609046,-0.216224,0.763092
0,0,0.787879,0.368986,0.493047
0,0,-0.238511,0.781259,0.576842
0,0,-0.534697,-0.727323,0.430232
0,0,-0.49018,-0.00844636,0.87158
0,0,0.346173,-0.381745,0.856992
0,0,-0.103587,-0.944692,0.311171
0,0,0.086057,0.404864,0.910318
0,0,-0.248856,-0.810177,0.53074
0,0,-0.548636,0.47888,0.685327
0,0,0.914849,0.31156,0.25687
0,0,-0.277015,0.400922,0.873226
0,0,0.477163,-0.869008,0.130918
0,0,-0.888043,0.459712,0.00662802
0,0,-0.501318,-0.348298,0.792066
0,0,0.212554,-0.973542,0.0838818
19.304,26.6372,-0.618578,-0.104236,0.778779
0,0,-0.73023,0.675772,0.100485
0,0,-0.182825,0.19085,0.964443
0,0,-0.500968,-0.239275,0.831732
0,0,0.195083,0.854612,0.48123
0,0,0.164683,-0.649606,0.742221
0,0,0.465401,0.884572,0.0305843
0,0,-0.899629,-0.377337,0.219738
0,0,0.171628,0.145098,0.974418
0,0,-0.997459,0.0476716,0.0529442
0,0,0.850215,-0.522084,0.0675427
0,0,-0.841151,0.258285,0.475136
0,0,-0.334866,-0.919937,0.203915
0,0,-0.156504,-0.438601,0.884949
0,0,0.614729,-0.13096,0.777791
0,0,0.673216,0.574687,0.465312
0,0,-0.347576,-0.93669,0.0424613
0,0,-0.565277,0.118399,0.81636
0,0,0.407054,0.577533,0.707645
0,0,-0.246802,-0.743443,0.621596
0,0,0.145932,-0.779969,0.608565
0,0,-0.891348,-0.387518,0.235221
0,0,0.67554,-0.0261457,0.736859
0,0,0.435413,0.888032,0.147699
0,0,-0.637433,-0.601332,0.481746
13.7139,20.822,-0.336711,0.111956,0.934929
24.1181,33.4282,0.255553,-0.804333,0.536415
0,0,0.323754,0.942365,0.0844516
0,0,-0.483644,0.499129,0.718999
0,0,-0.921563,-0.085305,0.378742
0,0,0.393999,0.254944,0.883045
0,0,0.406342,0.176596,0.896493
0,0,0.583447,-0.45739,0.671107
0,0,-0.989432,-0.14351,0.020737
0,0,-0.0974311,0.947249,0.305331
0,0,-0.231393,0.81214,0.535617
0,0,0.692221,0.073018,0.717982
0,0,0.246182,-0.786091,0.56697
0,0,-0.136333,0.897158,0.420144
0,0,-0.408031,0.683834,0.604881
0,0,0.850167,-0.512814,0.119321
0,0,-0.442469,-0.840436,0.312872
0,0,-0.736935,0.572796,0.358931
0,0,0.970887,-0.196601,0.136846
0,0,0.584421,0.586942,0.560314
0,0,0.681613,0.577114,0.449825
0,0,-0.591669,0.61362,0.522876
0,0,0.332207,-0.374558,0.865647
0,0,0.553741,0.309805,0.772912
0,0,-0.602856,0.442478,0.663911
0,0,0.255394,0.601204,0.757184
0,0,0.40856,0.862604,0.298317
0,0,-0.674403,-0.667726,0.315154
0,0,0.749575,0.552834,0.364022
0,0,0.67341,-0.100018,0.732472
0,0,0.330145,-0.937281,0.111845
0,0,0.438265,0.78153,0.443999
0,0,-0.330919,-0.676774,0.657624
0,0,-0.189955,0.972524,0.134592
0,0,-0.128622,0.519344,0.84483
0,0,0.67528,0.612045,0.411581
0,0,-0.321792,0.255613,0.911653
0,0,-0.428225,0.39031,0.815035
0,0,-0.490955,-0.0868817,0.866842
0,0,0.869659,-0.340457,0.357465
0,0,0.970367,0.0910253,0.223836
0,0,0.262015,-0.39734,0.879471
0,0,0.805047,0.514905,0.294571
0,0,-0.775747,0.629296,0.0469347
0,0,0.0254293,0.731612,0.681247
0,0,0.556422,-0.120962,0.822048
0,0,-0.273956,0.266374,0.924117
0,0,0.458353,-0.585087,0.669018
0,0,-0.204887,-0.642356,0.738512
0,0,0.614652,0.606845,0.503927
0,0,0.921657,0.302467,0.243025
0,0,0.722783,-0.667948,0.177283
0,0,-0.640668,-0.701896,0.311267
0,0,-0.0625394,-0.866748,0.49481
0,0,-0.406711,-0.486197,0.773433
0,0,0.199076,0.140718,0.969828
0,0,0.604114,0.690362,0.398053
0,0,-0.372171,-0.314292,0.873332
0,0,-0.00925076,0.47755,0.878556
13.8624,20.7842,0.483073,0.303621,0.821252
0,0,-0.464743,-0.262826,0.845539
9.49057,15.0845,0.421697,-0.0627296,0.904564
0,0,0.0774936,0.657001,0.749896
0,0,-0.122175,-0.851552,0.509835
0,0,-0.482419,0.565285,0.669122
0,0,-0.0983062,-0.778002,0.620522
0,0,-0.0775309,0.266435,0.96073
0,0,0.856202,-0.516608,0.00585917
13.8742,21.341,-0.695884,-0.602988,-0.390064
0,0,-0.130881,0.976868,0.169114
0,0,0.40741,0.248967,0.878654
0,0,-0.123544,0.891054,0.43676
0,0,0.458666,0.22481,0.859701
0,0,0.584016,0.70845,0.396261
0,0,0.0296491,0.54002,0.84113
0,0,-0.97704,-0.209529,0.0386206
0,0,-0.867032,-0.0651765,0.493971
0,0,0.48742,0.00980195,0.873113
0,0,0.900929,-0.433425,0.0216772
0,0,-0.166402,0.933055,0.318933
0,0,-0.825222,-0.314746,0.468982
0,0,-0.373427,0.912336,0.167915
0,0,-0.639433,-0.261402,0.723045
0,0,-0.663322,0.698819,0.267686
0,0,-0.387548,-0.67938,0.623097
0,0,-0.574874,0.785451,0.229319
0,0,0.725788,0.21781,0.652526
0,0,-0.658555,-0.654558,0.371293
0,0,-0.0869662,0.971643,0.21988
0,0,0.942379,-0.151257,0.298401
10.5146,16.3681,-0.350719,-0.593611,0.724308
0,0,-0.865196,-0.397396,0.305797
0,0,0.811326,-0.559136,0.170638
0,0,-0.610111,0.780956,0.133685
0,0,0.485775,0.823813,0.292155
0,0,-0.529753,-0.580083,0.618761
0,0,0.581211,-0.191534,0.790891
0,0,0.378232,-0.844011,0.380245
0,0,0.0728429,0.34408,0.936111
0,0,0.503134,0.758131,0.414841
0,0,0.712229,0.651313,0.261766
0,0,0.179735,0.808307,0.560657
6.70146,9.40973,-0.545399,0.050166,0.836674
0,0,0.626053,-0.779749,0.00702203
0,0,0.293656,-0.952947,0.0752183
0,0,0.202176,-0.971621,0.122793
0,0,-0.562504,-0.612957,0.554863
0,0,-0.32947,0.599593,0.72934
0,0,0.217676,0.0253714,0.975691
0,0,-0.0335889,-0.302406,0.952587
0,0,-0.778081,-0.00383387,0.628153
0,0,-0.846258,0.0797905,0.526765
0,0,-0.992393,-0.075544,0.0972037
0,0,-0.677056,-0.262234,0.687625
0,0,0.769387,-0.636849,0.0496743
0,0,0.898605,0.378267,0.222314
0,0,0.224066,-0.816466,0.532144
0,0,0.174501,0.46571,0.867562
0,0,-0.567701,0.276081,0.775561
16.4732,21.1782,0.211213,0.710143,0.671629
0,0,0.491783,-0.106772,0.864147
0,0,0.953056,0.300832,0.0344077
0,0,0.0996648,-0.989937,0.100456
0,0,0.252008,-0.923057,0.290617
0,0,-0.871465,0.299087,0.388711
0,0,0.94462,0.161582,0.285631
0,0,0.165412,-0.648941,0.742641
0,0,0.986908,-0.0492505,0.153579
0,0,0.893197,-0.41394,0.17565
0,0,0.89744,0.0831975,0.43322
0,0,-0.546624,0.735952,0.399471
0,0,-0.640408,0.605147,0.472942
0,0,0.730208,-0.0224783,0.682855
0,0,-0.491029,-0.513845,0.703459
0,0,-0.766753,-0.44377,0.463852
14.7203,21.8566,0.65463,-0.0587674,0.753661
0,0,0.149466,0.704209,0.694082
0,0,0.248176,-0.968598,0.0150531
0,0,-0.244506,-0.968376,0.0496446
0,0,0.799535,0.0137306,0.600462
0,0,0.246139,-0.967102,0.0642651
0,0,0.465859,0.215564,0.8582
0,0,-0.181563,-0.260188,0.948334
0,0,-0.23199,0.610265,0.757468
0,0,0.736185,0.616235,0.279796
0,0,-0.410723,0.521885,0.747625
0,0,-0.850356,0.410208,0.329582
0,0,-0.111523,-0.888862,0.444395
0,0,0.152025,0.527817,0.835642
0,0,-0.819631,-0.454175,0.349184
0,0,0.551178,-0.829238,0.0925598
0,0,-0.630288,0.731248,0.260794
0,0,0.586439,-0.664433,0.463269
0,0,0.799642,-0.498077,0.335399
0,0,0.0307595,-0.817814,0.57466
0,0,-0.631557,0.48354,0.606073
0,0,0.308343,-0.947052,0.0895341
0,0,-0.305663,-0.79114,0.529781
0,0,-0.276601,-0.457655,0.845011
0,0,0.0425999,-0.535921,0.843193
0,0,-0.960029,0.239268,0.14524
0,0,0.978521,0.0612044,0.196853
0,0,0.348568,0.641929,0.682955
0,0,0.935856,0.154936,0.316495
0,0,0.648345,-0.421715,0.633881
0,0,0.156004,-0.74864,0.644361
0,0,0.652023,0.264208,0.710675
0,0,-0.195936,-0.231203,0.952971
0,0,-0.764532,-0.502116,0.404192
0,0,0.457409,-0.734307,0.501568
0,0,0.966205,-0.07469,0.246717
0,0,-0.470604,-0.678275,0.564336
0,0,0.107742,0.0931295,0.989807
0,0,-0.514216,-0.413719,0.751278
19.5117,28.2884,0.361078,0.120765,0.924683
0,0,-0.687509,-0.435079,0.58141
0,0,-0.54066,-0.438596,0.717858
0,0,-0.98768,-0.137554,0.0746191
0,0,-0.597661,-0.15049,0.787499
0,0,-0.922984,-0.28208,0.261785
0,0,0.416966,0.902817,0.105168
0,0,0.653416,0.628534,0.421892
0,0,0.670834,0.740947,0.0312801
0,0,0.448464,-0.320763,0.834261
0,0,-0.201663,-0.0452572,0.978409
10.7532,11.9463,0.298298,-0.0863585,0.950558
0,0,0.278038,0.615115,0.737786
0,0,0.797998,-0.118264,0.590943
0,0,0.380502,-0.917923,0.112407
0,0,-0.614375,-0.232412,0.754008
0,0,-0.87018,-0.044758,0.490696
0,0,-0.976539,0.0616107,0.206339
0,0,0.94369,-0.0407509,0.328311
0,0,0.336374,-0.941719,0.00421205
0,0,-0.22164,0.831169,0.509936
0,0,-0.462126,0.0877757,0.88246
0,0,-0.451658,0.161855,0.877387
0,0,-0.879935,0.456957,0.130021
0,0,-0.218717,0.847049,0.484429
0,0,-0.168247,-0.962267,0.213857
0,0,-0.118584,-0.298667,0.946962
0,0,0.399936,-0.492689,0.772857
2.04655,2.13724,-0.0193644,-0.358723,0.933243
0,0,0.859101,0.448783,0.246049
7.56151,11.5947,0.122179,-0.11537,0.98578
0,0,0.320597,0.671792,0.667767
0,0,0.0987096,0.497383,0.861897
0,0,0.969208,-0.245808,0.0146516
0,0,0.539231,0.840463,0.0534021
0,0,-0.906228,-0.416031,0.075301
0,0,-0.804765,0.0741599,0.588943
0,0,0.0852841,0.702873,0.706184
19.6938,28.6368,0.810519,-0.0499152,0.583582
0,0,-0.721035,0.146134,0.677313
0,0,0.660406,0.128147,0.739893
0,0,0.200891,-0.377053,0.904143
0,0,-0.489969,-0.624202,0.608525
0,0,0.503656,-0.863542,0.0250074
0,0,-0.750306,-0.0897403,0.654971
0,0,-0.793916,-0.497086,0.350146
0,0,0.000151498,0.30298,0.952997
0,0,0.535821,-0.633755,0.557898
0,0,-0.0177902,-0.977304,0.211093
0,0,0.784972,0.482528,0.38857
0,0,0.0562142,0.956964,0.284711
0,0,-0.507576,-0.846796,0.159068
0,0,0.816993,-0.478247,0.322185
0,0,0.329368,-0.944169,0.00787113
0,0,-0.189036,0.977503,0.0935567
0,0,0.712703,0.321571,0.623415
0,0,0.499588,0.858772,0.113682
0,0,0.303209,-0.815463,0.493036
0,0,-0.222968,-0.962143,0.156736
0,0,-0.193352,-0.968164,0.158979
0,0,0.724914,-0.537469,0.430844
0,0,-0.559847,-0.713471,0.421344
0,0,0.53536,0.342728,0.771963
0,0,0.844272,-0.384027,0.373803
0,0,-0.782508,0.599025,0.169854
0,0,0.957669,0.151471,0.2448
0,0,-0.523998,-0.851706,0.0047471
0,0,0.332093,0.165014,0.9287
0,0,0.445826,-0.725321,0.524545
0,0,-0.111002,0.903047,0.414952
0,0,-0.596531,-0.747397,0.292488
0,0,-0.101245,0.471872,0.875835
0,0,-0.293601,0.553552,0.779345
0,0,-0.785512,0.590917,0.183814
0,0,-0.0784752,-0.707976,0.701863
0,0,0.324708,0.316983,0.891115
0,0,0.535971,-0.795926,0.28149
0,0,-0.530148,-0.698917,0.480061
0,0,-0.955033,-0.245024,0.166956
0,0,-0.433631,-0.605401,0.667423
0,0,-0.602232,0.758071,0.25029
0,0,-0.289243,0.95708,0.0183261
0,0,0.816438,0.493163,0.300364
0,0,0.148969,0.945538,0.289423
0,0,-0.455998,0.309706,0.834354
0,0,-0.377433,-0.726104,0.574733
0,0,0.178044,-0.934991,0.306743
0,0,0.784942,-0.159761,0.598617
0,0,-0.564369,-0.669367,0.483152
0,0,-0.422558,-0.894131,0.148236
0,0,-0.0303423,-0.982357,0.184535
0,0,0.385605,0.922432,0.0206776
0,0,0.440428,0.120674,0.889641
0,0,-0.786227,-0.164089,0.595753
0,0,0.522721,-0.736346,0.429601
0,0,-0.950253,0.0845964,0.299772
0,0,-0.546091,-0.803346,0.237527
0,0,-0.988929,-0.0983479,0.111118
0,0,0.7346,-0.427808,0.526633
0,0,0.659769,0.610031,0.438825
0,0,-0.939586,0.128298,0.317362
0,0,-0.046969,0.563648,0.824679
0,0,-0.998021,0.0554392,0.0296791
0,0,0.99614,0.0178551,0.0859378
0,0,0.744581,0.232063,0.625897
0,0,0.502935,-0.38582,0.773434
0,0,0.414035,0.23934,0.878232
0,0,-0.194169,0.268495,0.943509
0,0,-0.857572,0.514364,0.00076149
8.99161,12.5782,0.214756,0.553099,0.80496
0,0,0.201803,-0.865766,0.457958
0,0,-0.514639,0.730787,0.448438
0,0,-0.278972,-0.489723,0.826043
0,0,-0.407414,-0.401585,0.820209
0,0,0.499549,0.856126,0.132281
0,0,0.95734,0.277592,0.0802665
0,0,0.378053,0.912737,0.15488
0,0,0.619863,-0.499291,0.605374
0,0,0.987247,-0.0307601,0.156196
0,0,-0.735161,0.248924,0.630535
0,0,0.851662,-0.456081,0.258192
0,0,-0.980764,0.104619,0.164796
0,0,0.0533622,0.974038,0.220005
0,0,0.261648,0.963004,0.0645309
0,0,-0.221378,-0.715432,0.662683
0,0,0.85217,0.227303,0.471317
8.46057,12.3893,-0.225435,0.11665,0.96725
0,0,0.76882,0.616101,0.171278
0,0,-0.658029,-0.0652221,0.750162
0,0,-0.957906,-0.234545,0.165541
0,0,-0.26939,-0.583096,0.766439
0,0,0.654442,0.478895,0.585121
0,0,0.164922,-0.684757,0.709865
0,0,-0.772509,-0.52162,0.362136
0,0,-0.710916,-0.114353,0.693917
0,0,-0.0873247,-0.587032,0.80484
0,0,0.194792,0.0177593,0.980684
0,0,-0.942929,0.308298,0.125849
0,0,0.342241,-0.727875,0.594197
0,0,-0.73283,-0.626216,0.266106
0,0,-0.760615,0.189625,0.620893
0,0,-0.431865,-0.390488,0.813027
0,0,0.685283,0.716909,0.128179
0,0,0.224587,-0.0921899,0.970083
0,0,0.867923,0.261293,0.422416
0,0,0.325664,0.909889,0.256992
0,0,0.395508,0.703467,0.590515
0,0,0.893065,-0.446908,0.0520495
21.4788,31.5474,-0.799718,-0.350829,0.487207
0,0,-0.30936,-0.599381,0.738267
0,0,-0.323455,0.298698,0.897862
0,0,-0.00273428,0.192314,0.98133
0,0,-0.773183,-0.546218,0.322233
0,0,0.224595,-0.81861,0.528615
0,0,-0.749973,-0.504167,0.428202
0,0,0.506594,-0.431571,0.746397
0,0,-0.405915,0.619584,0.671825
0,0,-0.337392,0.938532,0.0729677
0,0,0.70267,-0.0778686,0.707242
0,0,-0.609954,-0.766491,0.201113
0,0,-0.0726091,-0.902795,0.423899
0,0,-0.000446863,-0.856461,0.516212
0,0,0.447451,0.613413,0.650779
0,0,-0.654757,0.648315,0.388563
0,0,0.0965209,-0.0235812,0.995052
0,0,0.149505,-0.502957,0.851283
0,0,0.601139,-0.505023,0.619342
0,0,0.0120418,0.815653,0.578416
0,0,0.943939,0.318622,0.0863648
0,0,0.818855,-0.572512,0.0412953
0,0,-0.0207086,-0.630391,0.776002
0,0,0.325958,-0.770502,0.547794
0,0,0.222226,-0.808279,0.545253
0,0,0.634607,-0.0592493,0.77056
0,0,-0.880357,-0.137335,0.453995
0,0,-0.0600251,-0.867291,0.49417
0,0,-0.540476,0.779205,0.317371
0,0,0.834738,-0.514442,0.196372
0,0,-0.198894,-0.576092,0.792817
0,0,0.482313,0.861406,0.15923
0,0,-0.381154,0.862179,0.33372
0,0,0.644684,0.0934592,0.758715
0,0,0.446453,0.821022,0.355813
0,0,0.456453,-0.705162,0.542584
0,0,0.780012,0.0808453,0.620521
0,0,-0.689394,0.694048,0.207444
0,0,0.985441,-0.0945737,0.141284
0,0,0.740773,-0.388482,0.54803
0,0,-0.149441,0.75474,0.638776
0,0,0.817419,-0.125035,0.56231
0,0,0.321861,-0.486001,0.812532
0,0,0.470479,-0.625995,0.621916
0,0,-0.647448,-0.220527,0.729506
0,0,-0.633946,0.769534,0.0770005
22.2202,33.0406,0.206049,0.0680646,0.976172
0,0,-0.724172,0.597805,0.343808
0,0,-0.446536,-0.772432,0.451613
0,0,-0.88147,-0.177207,0.43773
0,0,0.819303,0.27206,0.504704
0,0,0.269961,0.959971,0.0746784
0,0,-0.226504,0.954418,0.194378
0,0,-0.92849,0.35397,0.112304
0,0,-0.176166,-0.197277,0.96439
0,0,0.160793,-0.474386,0.865508
0,0,-0.880438,0.0388355,0.472569
0,0,0.617511,0.132824,0.775266
0,0,0.264382,0.894953,0.359391
0,0,0.000362255,0.977636,0.210306
0,0,-0.0597643,0.426529,0.902497
0,0,0.649565,0.448914,0.61363
0,0,-0.104413,0.904429,0.41365
0,0,0.788589,-0.603522,0.117855
0,0,-0.543809,0.10634,0.832445
0,0,0.733875,-0.38495,0.559679
0,0,0.690254,-0.626548,0.361921
0,0,0.207453,0.678762,0.704447
0,0,-0.275305,0.960313,0.0447834
0,0,-0.466408,-0.80494,0.366791
0,0,-0.0326064,-0.988114,0.150226
0,0,-0.12083,0.388429,0.913522
0,0,0.285276,-0.383746,0.878269
0,0,0.196193,-0.502036,0.842299
0,0,0.961464,-0.269924,0.0522195
0,0,-0.807053,0.541982,0.234354
0,0,-0.433496,0.672428,0.599935
0,0,0.272706,-0.847105,0.45612
0,0,-0.0767768,-0.562703,0.823086
0,0,-0.916104,0.363125,0.169982
0,0,0.739534,-0.593126,0.318263
0,0,0.866392,-0.132154,0.481561
0,0,-0.936522,0.327982,0.123916
0,0,-0.646621,0.315089,0.694694
0,0,-0.825357,0.561388,0.0602497
0,0,0.69053,-0.224287,0.687651
0,0,-0.404319,-0.323034,0.855672
0,0,0.475207,0.509024,0.717686
0,0,-0.838052,-0.211491,0.502932
0,0,0.317328,0.44318,0.838388
0,0,-0.781934,0.357894,0.510383
0,0,-0.99559,0.0248368,0.0904634
0,0,-0.0598595,0.975144,0.213335
0,0,-0.476768,0.836991,0.268586
0,0,0.00733246,-0.0398132,0.99918
0,0,0.108717,-0.678504,0.726508
0,0,0.921008,0.355986,0.158174
0,0,-0.0304611,-0.72115,0.692109
0,0,0.602079,-0.665717,0.440818
0,0,-0.373502,-0.82563,0.422884
0,0,0.904641,0.218289,0.366025
1.19118,1.6525,0.1211,0.167116,0.978472
0,0,-0.0707352,-0.454008,0.888185
0,0,-0.57997,-0.443529,0.683313
0,0,-0.203417,0.302328,0.931246
0,0,0.512606,0.802851,0.30441
0,0,0.426676,0.896579,0.118716
0,0,-0.35959,-0.249271,0.899199
0,0,0.725554,0.24113,0.644536
0,0,-0.711995,0.00472961,0.702169
0,0,0.852377,-0.485602,0.194021
0,0,0.650349,-0.757488,0.0570872
0,0,-0.173455,0.793463,0.583378
0,0,0.408657,-0.402621,0.819082
0,0,-0.850922,-0.522918,0.049885
0,0,-0.738697,0.364927,0.566705
0,0,-0.322668,0.916353,0.23703
0,0,-0.220167,0.817668,0.531926
0,0,-0.678863,0.72241,0.131409
0,0,0.581415,0.0597273,0.811412
0,0,-0.363592,-0.874986,0.319688
0,0,-0.2828,0.470086,0.836088
0,0,-0.118608,-0.0248059,0.992631
0,0,0.168581,0.712571,0.681046
0,0,0.225097,-0.881181,0.415754
0,0,-0.398056,-0.0762966,0.914183
0,0,-0.215346,0.975978,0.0330455
0,0,-0.504154,-0.48493,0.714613
0,0,-0.73862,-0.667804,0.09208
0,0,-0.154835,-0.986474,0.0538042
0,0,0.771407,-0.290095,0.566371
0,0,-0.963672,0.255449,0.0779868
0,0,0.233742,-0.368259,0.899861
0,0,0.8225,0.500088,0.270936
0,0,0.466932,0.0560287,0.882516
2.17099,3.22522,-0.0671774,-0.366193,0.928111
0,0,0.647843,0.34037,0.681504
0,0,-0.896059,0.438712,0.0678988
0,0,-0.568402,0.73282,0.374025
0,0,-0.311861,0.884421,0.347192
0,0,-0.904021,0.00111491,0.427487
0,0,0.726247,0.621261,0.294278
0,0,-0.289715,0.476429,0.830109
0,0,-0.152325,0.682721,0.714625
0,0,-0.98495,-0.101445,0.139936
0,0,0.454456,0.849687,0.2674
0,0,0.104775,0.463339,0.879966
0,0,-0.332479,-0.935194,0.121944
0,0,-0.662372,0.563042,0.494213
0,0,0.990876,-0.0670321,0.116923
0,0,-0.571809,0.304182,0.761911
0,0,-0.0791092,0.953288,0.291521
0,0,-0.736699,0.64351,0.207771
0,0,0.541565,-0.202155,0.81599
0,0,0.539158,-0.829294,0.146902
0,0,-0.33209,0.147408,0.931658
0,0,-0.797727,-0.533814,0.280488
0,0,-0.52269,-0.717895,0.459806
0,0,0.567388,-0.283891,0.772966
0,0,0.12194,0.765949,0.631232
0,0,0.606639,-0.669898,0.428048
0,0,-0.356161,0.933509,0.0413572
0,0,-0.113317,-0.599767,0.79211
0,0,0.126274,-0.109836,0.985896
0,0,0.800268,0.415245,0.4326
0,0,0.357138,0.918066,0.172069
0,0,-0.246256,0.775296,0.581613
0,0,-0.328213,0.708827,0.624372
0,0,-0.853279,0.130092,0.504966
0,0,-0.978042,-0.124047,0.16747
0,0,0.174985,0.925772,0.335152
0,0,0.534421,-0.612155,0.582804
16.3475,23.9813,-0.254365,-0.263406,0.930546
0,0,-0.7024,0.655561,0.27726
0,0,0.955507,0.22925,0.185612
0,0,0.429146,0.400203,0.809735
0,0,0.757184,0.270487,0.594566
0,0,-0.940774,0.327443,0.0878945
0,0,-0.795857,-0.232474,0.559078
0,0,-0.652188,-0.578503,0.489883
10.0221,13.5751,-0.332969,0.0870215,0.938914
0,0,-0.235575,0.0559906,0.970242
0,0,-0.106565,-0.959574,0.260501
0,0,0.653279,-0.676076,0.340804
0,0,-0.891239,0.413332,0.186681
0,0,0.704457,0.667043,0.242476
0,0,0.493743,-0.555948,0.668685
0,0,-0.343174,0.560814,0.753472
0,0,0.411795,0.852268,0.32259
0,0,-0.874832,-0.36189,0.322031
0,0,-0.444603,-0.124478,0.887036
0,0,-0.872014,-0.467771,0.144159
0,0,0.51638,-0.0681101,0.853647
0,0,0.69795,-0.631369,0.337991
0,0,0.28352,0.00307271,0.958961
0,0,0.235365,0.484114,0.842756
0,0,0.319164,0.908325,0.270334
0,0,0.626103,-0.0603979,0.777398
0,0,0.104587,0.707732,0.698697
0,0,0.191984,0.966317,0.17139
0,0,-0.68579,0.421094,0.593609
0,0,0.150671,0.498377,0.853768
0,0,-0.935729,-0.352064,0.0214975
0,0,0.876474,0.163599,0.452801
0,0,0.403575,-0.0417567,0.913993
0,0,0.643074,-0.730579,0.229589
0,0,0.121935,-0.810577,0.572798
0,0,-0.787613,-0.615892,0.0185045
0,0,-0.725902,0.453498,0.517113
0,0,0.891179,0.443477,0.095542
0,0,0.218448,0.799111,0.560091
0,0,-0.617601,0.390325,0.6828
0,0,0.602706,-0.796615,0.0463694
0,0,0.568734,0.575883,0.587282
0,0,0.957572,-0.252142,0.139574
0,0,-0.723512,0.228601,0.651362
0,0,-0.899283,-0.394172,0.189522
0,0,-0.664824,0.287862,0.689307
0,0,0.0237394,0.0265754,0.999365
0,0,-0.648619,0.207585,0.732258
0,0,0.547877,-0.250333,0.798226
0,0,-0.0773376,0.983313,0.164667
0,0,-0.787912,0.00579201,0.61576
0,0,0.712834,0.627504,0.313218
0,0,0.700824,0.707133,0.0938535
0,0,0.27747,0.960315,0.0283708
0,0,-0.993632,-0.0659658,0.0913436
0,0,0.842693,0.534949,0.0608147
0,0,0.0502545,-0.950261,0.307374
6.59767,11.0072,-0.0602413,0.34057,0.938287
0,0,-0.0178202,0.030784,0.999367
0,0,-0.503757,0.863818,0.00684652
0,0,-0.226474,-0.653482,0.722267
0,0,0.332814,0.815987,0.472652
0,0,0.491872,-0.865176,0.097629
0,0,0.747174,0.580973,0.322802
0,0,0.979344,0.13795,0.147833
21.4346,30.3455,-0.46552,0.428214,-0.774547
0,0,0.92465,-0.379896,0.0264759
0,0,-0.45357,0.205588,0.867184
0,0,-0.144904,-0.900998,0.408907
0,0,-0.434572,0.568776,0.698313
0.614231,0.772073,-0.189513,0.298655,0.935355
0,0,-0.544719,0.302238,0.782262
0,0,-0.69009,0.708009,0.149996
0,0,-0.271107,0.844571,0.461736
0,0,-0.582424,0.279708,0.763247
0,0,-0.198357,-0.589513,0.783025
0,0,0.653963,-0.631649,0.416356
0,0,-0.104535,0.157213,0.982017
0,0,0.545586,-0.287488,0.787202
0,0,0.398039,-0.769607,0.49927
0,0,-0.949307,-0.0228675,0.313518
0,0,0.842949,-0.159306,0.513866
15.9097,22.7325,-0.444802,-0.262614,0.856262
0,0,-0.398692,0.904434,0.151804
0,0,-0.929908,0.22445,0.291365
0,0,-0.877781,-0.201718,0.434523
0,0,0.600027,0.331024,0.728279
0,0,0.204239,-0.890919,0.405648
0,0,0.04827,0.959225,0.278492
0,0,-0.620642,0.0195167,0.783851
0,0,0.364014,0.86417,0.347426
0,0,-0.113833,0.0802427,0.990254
0,0,0.111802,0.811597,0.57342
0,0,-0.495407,-0.522794,0.693728
0,0,-0.823552,0.516494,0.234514
19.1313,25.0285,0.422607,-0.117042,0.898724
0,0,-0.832916,0.0490818,0.551219
0,0,0.766561,-0.584579,0.265804
0,0,-0.527772,0.31804,0.787596
0,0,-0.69371,-0.17795,0.697926
0,0,-0.852147,-0.509151,0.120873
0,0,0.317971,0.751193,0.578449
0,0,0.643004,0.199284,0.739481
0,0,0.936325,0.348532,0.0426725
0,0,0.418453,-0.512556,0.749789
20.9073,30.0154,-0.951329,0.199806,-0.234629
0,0,0.776462,0.545673,0.315195
0,0,0.528177,-0.846222,0.070272
0,0,-0.452906,0.888397,0.0750123
0,0,-0.939558,-0.328446,0.0967132
0,0,0.600169,0.729039,0.329089
0,0,0.0244609,-0.626401,0.779117
0,0,0.456369,0.372933,0.807866
0,0,0.751969,0.453702,0.478223
0,0,0.54382,0.505436,0.669921
0,0,0.558116,0.302706,0.772578
0,0,-0.173286,0.882006,0.43822
0,0,0.884998,-0.251044,0.392116
0,0,0.17843,0.754721,0.631316
0,0,-0.315572,0.663529,0.678339
0,0,0.137853,-0.942511,0.304417
0,0,0.7165,-0.696798,0.0331813
0,0,-0.219038,-0.935806,0.276204
0,0,-0.297558,-0.21836,0.929397
0,0,-0.239609,0.455997,0.85712
0,0,-0.656363,0.747982,0.0985395
0,0,-0.511648,0.818316,0.261868
0,0,-0.248251,-0.0892196,0.964578
0,0,0.342049,0.0754124,0.936651
0,0,0.915631,0.344229,0.20767
0,0,-0.62178,-0.456256,0.636569
0,0,-0.940339,0.207798,0.269411
0,0,-0.235903,0.870412,0.432125
0,0,0.965907,0.111406,0.233693
0,0,-0.512767,0.749577,0.418573
0,0,0.798286,-0.570822,0.192099
0,0,0.489968,-0.757286,0.431799
0,0,-0.815613,-0.373215,0.442139
0,0,-0.298736,0.277371,0.913139
0,0,-0.732363,-0.375968,0.567708
0,0,0.0375352,-0.513729,0.857131
0,0,-0.694372,-0.697972,0.175168
0,0,0.256896,0.918861,0.299498
0,0,-0.15204,-0.442811,0.88363
0,0,0.707619,-0.0894279,0.700912
0,0,-0.866297,0.103278,0.488736
0,0,-0.404063,0.912772,0.0598295
0,0,-0.326501,-0.49117,0.807558
0,0,0.738728,-0.671655,0.0562248
0,0,0.996263,-0.0576904,0.0642791
0,0,0.833132,0.523311,0.178986
0,0,-0.758902,-0.230848,0.608914
0,0,-0.0239533,-0.590576,0.806626
0,0,-0.114066,-0.374367,0.920238
0,0,0.489351,-0.634728,0.598043
0,0,0.961199,-0.275838,0.00314654
0,0,-0.513802,-0.264628,0.816076
0,0,0.894731,-0.398184,0.202253
0,0,-0.211748,0.885786,0.412972
0,0,0.961502,-0.267321,0.0636711
11.2883,16.3069,-0.0821896,-0.118864,0.989503
16.9046,23.702,-0.385266,0.0956217,0.917838
0,0,0.846485,-0.302231,0.438315
0,0,-0.676359,0.227335,0.700613
0,0,0.00724551,-0.934276,0.356477
0,0,-0.295558,0.92933,0.221341
0,0,0.901283,0.0464766,0.430731
0,0,0.4259,0.717742,0.550868
0,0,-0.371637,-0.575633,0.728377
0,0,-0.722543,-0.688991,0.0567753
0,0,0.572842,-0.606441,0.551436
0,0,-0.24895,0.254855,0.934384
0,0,-0.4611,-0.297212,0.836093
12.5539,18.21,-0.0915463,0.234944,0.967688
0,0,0.114341,0.829811,0.546205
0,0,0.225329,-0.960565,0.162915
4.80531,6.06216,-0.363511,-0.929484,-0.0626123
0,0,-0.0613444,-0.991891,0.111304
0,0,0.234482,-0.348387,0.907549
0,0,-0.761394,-0.591357,0.265661
0,0,-0.00465908,0.675243,0.73758
0,0,0.657099,0.700968,0.277247
0,0,-0.841286,0.393217,0.37097
0,0,0.637041,0.0069031,0.770799
0,0,-0.126245,0.861628,0.491589
0,0,0.690873,-0.580137,0.431433
0,0,0.165475,0.983869,0.0679687
0,0,-0.397299,-0.0402465,0.916806
0,0,-0.891889,0.0216337,0.451738
0,0,0.154934,0.742531,0.651647
0,0,0.548812,-0.148928,0.822573
0,0,0.290978,0.718219,0.632054
0,0,0.842224,0.410079,0.349991
0,0,-0.926612,0.187301,0.326049
0,0,0.413614,0.906071,0.0892103
0,0,0.257948,-0.536622,0.80343
0,0,0.210872,-0.951416,0.224367
0,0,-0.787459,-0.315091,0.529742
0,0,0.0161083,-0.483024,0.875459
0,0,-0.538825,-0.842093,0.0233985
0,0,-0.245814,0.117813,0.962131
0,0,-0.45238,0.891266,0.0315878
0,0,0.426596,0.53266,0.730951
0,0,0.944009,0.242674,0.223511
0,0,-0.936593,0.078093,0.341606
0,0,0.266933,0.0552615,0.962129
0,0,0.253984,-0.496706,0.829925
0,0,0.233404,-0.352362,0.906291
0,0,0.651291,-0.265646,0.710811
0,0,0.522652,-0.431228,0.735444
0,0,0.331817,-0.933371,0.136805
0,0,0.743668,-0.16725,0.647291
0,0,0.537417,-0.700467,0.469605
0,0,-0.0259957,0.655383,0.754849
0,0,-0.121881,0.97089,0.206197
0,0,-0.147348,-0.983564,0.104359
0,0,-0.682243,-0.66048,0.313544
0,0,-0.56596,-0.649487,0.507795
0,0,0.402416,0.639067,0.655481
0,0,-0.326264,0.328994,0.88618
0,0,-0.0271376,-0.7374,0.674911
0,0,-0.80579,-0.0567493,0.589476
0,0,-0.77141,-0.537442,0.34071
0,0,-0.445696,0.643952,0.621836
0,0,0.107475,0.994163,0.00944199
0,0,-0.501098,0.467487,0.728256
0,0,0.402408,-0.912869,0.0688304
0,0,-0.357665,-0.756006,0.548207
0,0,-0.872297,0.436706,0.219965
0,0,0.756402,-0.27254,0.594625
0,0,-0.0420396,0.626355,0.778403
0,0,0.824801,-0.53883,0.171362
0,0,-0.610195,0.765298,0.204893
0,0,0.481632,-0.669315,0.565729
0,0,0.249486,-0.00103396,0.968378
0,0,-0.948169,-0.18762,0.256466
0,0,0.521152,-0.850576,0.0701442
0,0,0.656931,0.146462,0.739588
0,0,-0.876445,-0.479269,0.0463255
0,0,-0.947503,0.220288,0.231758
0,0,-0.792092,-0.424158,0.438954
0,0,0.154754,0.615211,0.773024
0,0,0.298094,-0.891784,0.340383
0,0,-0.273149,-0.791538,0.546679
0,0,-0.245469,-0.958445,0.145359
0,0,0.715903,0.0710369,0.694577
0,0,0.70993,-0.553625,0.435315
0,0,-0.477054,-0.0475586,0.877586
0,0,0.740829,0.638061,0.209883
0,0,-0.323522,-0.918139,0.22881
0,0,-0.71269,0.370265,0.595799
0,0,0.691395,-0.720433,0.0543056
0,0,-0.544589,0.0146318,0.838575
0,0,-0.591998,-0.505498,0.627702
0,0,0.619249,-0.635343,0.461378
0,0,-0.972586,-0.0956921,0.21194
0,0,0.783377,-0.613571,0.0992509
0,0,-0.842428,0.507533,0.1809
0,0,-0.303726,-0.824731,0.477042
0,0,0.763774,0.483199,0.427981
0,0,0.927825,-0.112954,0.355502
0,0,-0.715511,-0.694621,0.0744635
0,0,0.378206,-0.305567,0.873836
0,0,0.860615,0.480126,0.169768
0,0,-0.0243176,0.485013,0.874169
0,0,-0.178695,-0.549522,0.816146
0,0,-0.26228,-0.88549,0.383557
0,0,0.896702,-0.110169,0.428706
0,0,0.749714,0.501569,0.431693
0,0,-0.901872,0.159544,0.401464
0,0,0.369021,0.900709,0.229228
0,0,-0.813692,0.361263,0.455405
0,0,0.987105,-0.0907327,0.131875
0,0,-0.194834,0.96509,0.175045
0,0,0.818669,0.165613,0.549867
0,0,0.119494,-0.991457,0.0522883
0,0,-0.000743413,0.0226119,0.999744
0,0,-0.684032,-0.289473,0.669556
0,0,0.667114,-0.00769609,0.744916
0,0,-0.560874,0.124085,0.818549
0,0,-0.894741,0.432474,0.111378
0,0,0.0876599,0.484497,0.87039
0,0,-0.679664,0.732682,0.0351245
0,0,0.976644,0.146018,0.157621
0,0,0.93931,0.14153,0.312516
0,0,-0.539232,-0.804318,0.249603
0,0,-0.870785,-0.411624,0.268885
0,0,0.731953,0.675228,0.0911709
0,0,-0.0352352,0.485641,0.873448
0,0,-0.408272,0.729796,0.548372
0,0,0.164703,0.478127,0.862709
0,0,-0.931431,-0.344859,0.116225
0,0,-0.991874,0.127143,0.00460727
0,0,0.152097,0.520805,0.840017
0,0,-0.606044,-0.257143,0.75272
0,0,-0.518611,0.406711,0.752083
0,0,-0.610649,-0.643473,0.461573
0,0,0.785189,-0.619107,0.0136106
0,0,-0.92523,-0.379219,0.0119113
0,0,-0.465598,-0.556172,0.688397
0,0,-0.954974,0.206552,0.212979
20.4271,29.0051,0.943397,0.149317,0.296152
0,0,0.413669,-0.380393,0.827151
17.6267,25.1307,-0.213599,-0.300481,0.929563
0,0,-0.154856,0.841395,0.517758
0,0,-0.680088,0.728728,0.0802241
0,0,0.266519,-0.748145,0.607656
0,0,0.498035,-0.128187,0.85763
0,0,-0.241203,0.850488,0.467431
0,0,0.838308,0.545159,0.006401
0,0,-0.618697,0.244082,0.746752
0,0,-0.65194,0.319017,0.687897
0,0,-0.298511,-0.950755,0.0834002
0,0,-0.655489,0.121627,0.745346
0,0,0.0308789,0.888532,0.457773
0,0,-0.136469,0.92455,0.355786
0,0,-0.468869,0.0197103,0.883048
0,0,0.947003,-0.300895,0.112464
0,0,0.201947,0.30318,0.931289
0,0,-0.26842,-0.625665,0.732458
0,0,0.0616025,-0.442879,0.894462
0,0,0.855238,0.397236,0.332824
0,0,0.82698,0.560742,0.0409098
0,0,0.907654,0.40856,0.0961408
0,0,-0.762934,0.598246,0.245018
0,0,0.373891,-0.3882,0.842322
0,0,-0.609722,0.792549,0.010223
0,0,-0.234036,0.433033,0.870465
0,0,0.725902,-0.189628,0.661141
0,0,-0.776866,-0.609496,0.158095
0,0,-0.372376,0.509681,0.775604
0,0,-0.08785,-0.967547,0.236927
0,0,-0.666429,0.410422,0.622436
0,0,0.788146,-0.146119,0.597892
0,0,0.404238,0.362581,0.839718
0,0,0.665332,-0.686664,0.29296
0,0,0.321597,0.940661,0.108311
0,0,0.306707,-0.829887,0.466068
0,0,0.820452,-0.432043,0.374431
0,0,-0.260492,-0.965154,0.0249197
0,0,0.200415,0.867384,0.455499
0,0,-0.476109,-0.421296,0.7719
0,0,-0.583316,-0.79482,0.167342
0,0,-0.115641,0.982932,0.143077
0,0,0.278819,0.913754,0.295489
0,0,-0.994957,-0.0142665,0.099279
0,0,0.632554,-0.766171,0.113393
0,0,0.497174,0.827053,0.262299
0,0,0.0336361,-0.897952,0.438807
0,0,-0.490215,0.100181,0.865825
0,0,-0.252283,-0.848486,0.465215
0,0,-0.504958,0.426478,0.750423
0,0,0.244235,-0.911248,0.331627
0,0,-0.914636,-0.137962,0.380011
0,0,-0.115299,0.649733,0.751368
5.14482,5.75638,0.393792,0.0305964,0.91869
0,0,0.833355,0.23483,0.500374
0,0,0.754345,0.260669,0.602508
0,0,-0.843393,-0.0913295,0.529478
0,0,0.706236,0.468308,0.53096
0,0,0.634919,-0.691744,0.344046
0,0,-0.262158,-0.880753,0.394395
0,0,0.162279,0.978871,0.124404
0,0,-0.833098,-0.516542,0.197819
0,0,-0.0910813,-0.995167,0.0366915
0,0,0.670209,0.455113,0.586252
0,0,0.729011,0.663393,0.168681
0,0,0.674181,0.407527,0.615956
0,0,-0.461419,0.815445,0.349488
0,0,-0.977346,0.13401,0.163818
2.30442,3.87875,-0.349769,0.0453515,0.935738
0,0,0.606136,-0.0600808,0.793088
0,0,0.377255,0.00477348,0.926097
0,0,0.0343051,-0.917256,0.396818
0,0,-0.868204,-0.247175,0.430263
0,0,-0.666774,-0.109534,0.737167
0,0,-0.588319,0.663771,0.461831
0,0,-0.970672,0.237943,0.0343503
0,0,-0.0506777,-0.979342,0.195759
0,0,-0.995226,0.0428461,0.0876927
0,0,0.466014,-0.879003,0.100924
0,0,-0.149473,-0.278033,0.948871
0,0,-0.676056,0.442069,0.589512
0,0,0.674421,0.734403,0.0762106
0,0,-0.110094,-0.702856,0.702761
0,0,-0.691987,0.166317,0.70249
0,0,0.593907,-0.0425423,0.803408
0,0,0.238013,-0.336757,0.911013
0,0,0.746839,-0.0145077,0.664846
0,0,0.453332,-0.891342,0.000706059
0,0,-0.166422,0.768661,0.617628
0,0,0.762237,-0.242281,0.600245
0,0,-0.546603,0.433211,0.716626
0,0,0.332898,0.745589,0.577301
0,0,0.955622,-0.287558,0.0640116
0,0,0.548475,-0.206822,0.810185
0,0,-0.313705,0.928277,0.199726
0,0,0.0287103,-0.65244,0.757296
0,0,0.996406,-0.0819991,0.0212211
0,0,-0.271928,0.248816,0.929595
0,0,0.428458,0.466754,0.773669
0,0,0.857355,0.442394,0.263117
0,0,0.0252072,-0.471298,0.881614
16.0564,22.3021,0.863671,-0.499735,-0.065854
0,0,-0.928471,0.276089,0.248428
0,0,-0.195558,0.958708,0.206484
0,0,0.525866,-0.10659,0.843862
0,0,-0.592961,-0.758508,0.2703
0,0,-0.971551,0.178791,0.155317
0,0,-0.821478,-0.564803,0.0785611
0,0,0.343978,-0.492664,0.799351
0,0,0.362138,0.754735,0.547021
0,0,0.25555,0.855479,0.450389
0,0,-0.426027,0.901471,0.0764995
0,0,0.577965,-0.307327,0.755981
0,0,0.0538813,-0.10775,0.992717
0,0,-0.0338806,0.998498,0.0430564
0,0,-0.777359,0.463341,0.425474
0,0,-0.198167,0.978505,0.0570706
0,0,0.102772,-0.269277,0.957563
0,0,-0.258744,0.584101,0.769336
0,0,0.292847,-0.953595,0.0699751
0,0,-0.392087,0.811667,0.432972
0,0,0.432451,-0.634469,0.640652
0,0,-0.272392,0.377479,0.885049
5.22296,7.4071,0.0390291,-0.0500112,0.997986
0,0,0.762932,0.0180467,0.646227
0,0,-0.629306,0.573311,0.524679
0,0,0.940937,0.289382,0.175772
0,0,-0.908743,-0.293027,0.29719
0,0,-0.0690933,-0.981007,0.181251
0,0,0.488032,0.416203,0.767203
0,0,-0.985035,-0.161025,0.0614572
0,0,-0.46522,0.872496,0.149401
0,0,0.87424,-0.484541,0.0303978
0,0,0.0875897,-0.0158397,0.996031
0,0,-0.577147,0.61102,0.541807
0,0,-0.785985,-0.612077,0.0871193
0,0,-0.253244,0.737997,0.625482
0,0,-0.849126,-0.0453145,0.526242
0,0,0.647055,-0.759712,0.0644827
0,0,-0.682899,-0.695325,0.22399
0,0,0.490024,0.844193,0.21729
5.45497,7.10003,-0.0023209,0.371405,0.928468
0,0,0.963418,0.153268,0.219853
0,0,-0.0262291,0.727994,0.685082
0,0,-0.661253,0.382314,0.64543
0,0,0.859415,-0.499747,0.107976
0,0,0.827079,-0.374289,0.419342
0,0,0.924454,0.0740951,0.374025
0,0,-0.667963,0.0196978,0.743934
0,0,0.0568118,0.355551,0.932929
0,0,0.899477,-0.421686,0.114549
0,0,0.0213193,0.916121,0.400334
0,0,-0.626569,0.0770227,0.77555
0,0,-0.216466,0.825164,0.521772
18.1879,28.1461,-0.629876,-0.573361,0.52394
0,0,-0.309581,-0.950797,0.0120285
0,0,0.269467,-0.952615,0.14111
0,0,-0.119524,0.837629,0.533002
0,0,-0.0474186,0.596878,0.800929
0,0,-0.883141,-0.33747,0.325846
0,0,0.816669,0.5246,0.240512
0,0,0.0143109,0.10031,0.994853
0,0,0.361533,-0.813327,0.455843
0,0,0.712236,-0.26625,0.649485
0,0,0.711093,0.555361,0.431186
0,0,0.205021,-0.973864,0.097755
0,0,0.0383435,0.944875,0.325179
0,0,0.231758,-0.947501,0.220297
0,0,-0.179201,-0.916063,0.358771
0,0,0.00407487,0.0184053,0.999822
0,0,0.312539,0.868086,0.385676
0,0,-0.967057,0.236344,0.0945621
0,0,0.376895,0.585532,0.717706
0,0,0.689806,-0.0842064,0.719081
0,0,0.599874,-0.714121,0.360808
0,0,-0.170249,-0.682197,0.711071
0,0,0.58704,0.160472,0.793494
0,0,-0.718279,-0.0208147,0.695444
0,0,0.852678,0.441375,0.279517
0,0,0.619448,-0.681323,0.389979
0,0,-0.503743,-0.783125,0.364634
0,0,0.164674,-0.933048,0.319849
0,0,-0.0900159,-0.45309,0.886909
0,0,0.801972,0.458142,0.383337
0,0,-0.874574,0.36369,0.320703
0,0,0.36437,-0.0443195,0.930199
0,0,-0.527207,-0.566681,0.633187
0,0,0.883124,0.412257,0.223911
0,0,0.996429,-0.0350248,0.0768247
0,0,-0.400096,-0.88589,0.23478
0,0,-0.711842,-0.701316,0.03791
0,0,-0.501239,0.662887,0.556184
0,0,-0.290771,-0.946389,0.140713
0,0,0.0985377,0.392797,0.914331
0,0,0.385915,-0.61207,0.690246
0,0,0.924882,0.0424533,0.377877
0,0,-0.375193,-0.104819,0.921001
0,0,0.848466,-0.0821814,0.52283
0,0,0.732927,-0.102672,0.672515
0,0,-0.870125,-0.0117607,0.492691
0,0,-0.388415,-0.315164,0.865913
0,0,0.225445,0.569343,0.790584
12.1718,19.1204,0.0238712,0.111277,0.993503
0,0,0.123468,-0.705125,0.698251
0,0,0.125741,0.544466,0.829305
0,0,0.845041,0.492746,0.207622
0,0,0.287733,0.937471,0.195852
0,0,0.700913,0.263259,0.662884
0,0,-0.624652,0.778539,0.0607259
0,0,0.206402,0.966402,0.153185
0,0,0.434277,-0.108378,0.894236
0,0,-0.353504,-0.626186,0.694929
0,0,-0.950328,-0.200146,0.238366
0,0,0.805965,-0.524401,0.274633
0,0,0.563943,0.593954,0.573749
0,0,-0.737595,0.671619,0.069875
0,0,0.0867344,0.52898,0.84419
0,0,0.445555,0.0373408,0.894476
0,0,0.993916,0.0567395,0.0943982
0,0,0.0772197,-0.704944,0.705047
0,0,-0.231797,-0.497973,0.835639
0,0,-0.678706,-0.460306,0.572255
0,0,0.822142,0.491183,0.287788
0,0,-0.266646,-0.830148,0.489647
0,0,0.0489158,0.662389,0.747561
0,0,0.0110542,-0.830642,0.556696
0,0,0.208579,0.955455,0.208807
0,0,-0.212547,0.974095,0.0772118
0,0,0.773469,0.380267,0.507092
0,0,0.774423,-0.49538,0.393532
0,0,-0.78747,0.5084,0.348455
0,0,0.943524,0.286652,0.166112
0,0,0.309724,0.688238,0.656049
0,0,-0.240725,-0.947439,0.210738
0,0,-0.934543,0.195147,0.297567
0,0,-0.777067,-0.335607,0.532481
0,0,-0.862678,-0.0294403,0.504896
0,0,-0.98101,-0.075381,0.178708
0,0,-0.482513,-0.866926,0.124983
0,0,0.570296,0.402215,0.71623
0,0,-0.484539,-0.223448,0.84575
0,0,-0.590186,-0.785537,0.186043
0,0,-0.945659,0.304897,0.112988
0,0,0.672477,0.605212,0.426021
0,0,0.301672,-0.952925,0.030468
0,0,0.260347,0.947914,0.183516
0,0,-0.920576,0.369689,0.125973
0,0,0.590965,-0.74788,0.302383
0,0,-0.970126,0.078742,0.229468
0,0,0.135497,0.451903,0.881717
0,0,0.858748,0.0940928,0.503684
0,0,-0.848152,0.461475,0.260151
0,0,0.649451,0.200969,0.733366
0,0,-0.93369,0.316106,0.168228
0,0,0.675782,0.0115771,0.737011
0,0,-0.660106,-0.680406,0.318289
0,0,-0.649342,-0.570594,0.502769
0,0,-0.144617,-0.984945,0.0947017
0,0,0.891495,-0.302912,0.33687
0,0,0.765041,0.238362,0.598243
0,0,0.660208,0.641665,0.390374
0,0,-0.576304,0.669247,0.469022
0,0,0.484733,0.0667091,0.872115
0,0,0.356502,-0.717256,0.598707
0,0,0.432215,-0.500108,0.750388
0,0,-0.593392,0.348642,0.72549
0,0,-0.104378,-0.720669,0.685377
0,0,-0.911776,0.235016,0.336797
0,0,0.269132,-0.897248,0.350019
0,0,-0.926754,0.146974,0.345724
0,0,-0.933191,-0.264756,0.24302
0,0,0.255395,0.924947,0.281508
0,0,0.400065,-0.795433,0.45523
21.9413,33.1745,-0.662876,-0.200784,0.721305
0,0,-0.870241,0.222673,0.439429
0,0,0.593756,-0.68797,0.417314
0,0,-0.356328,-0.881596,0.309548
0,0,0.376374,0.520674,0.766317
0,0,0.314836,0.776342,0.546051
0,0,-0.431251,-0.148236,0.889971
0,0,0.0316524,0.796591,0.603689
0,0,0.575607,-0.754731,0.314735
0,0,0.401951,-0.751965,0.522479
0,0,-0.961895,-0.256295,0.0952433
0,0,-0.814315,0.57784,0.0546963
0,0,0.349594,0.540495,0.765278
0,0,-0.689775,-0.693213,0.208962
0,0,-0.444827,0.333083,0.831375
0,0,0.702897,0.382284,0.599828
0,0,0.364995,-0.666501,0.650042
0,0,0.882296,-0.201449,0.425408
0,0,-0.311729,0.949096,0.0451846
8.44714,12.6692,0.0460069,-0.391163,0.919171
0,0,0.421605,0.0380096,0.905983
0,0,-0.207504,0.828276,0.520482
0,0,0.191754,-0.365144,0.910989
0,0,0.81419,-0.504546,0.287275
0,0,0.00672371,0.0341514,0.999394
0,0,-0.722522,-0.691255,0.0112854
0,0,-0.738173,0.625959,0.251546
0,0,0.36316,0.594351,0.717539
0,0,0.554155,0.670965,0.492663
0,0,0.751024,0.525126,0.400258
0,0,0.45484,-0.890151,0.0274185
0,0,-0.688052,-0.705801,0.168607
0,0,-0.462982,0.846678,0.262266
0,0,0.229044,-0.884299,0.406883
0,0,-0.723314,-0.598708,0.344045
0,0,-0.964091,0.265223,0.0135831
0,0,-0.168596,0.148287,0.974467
0,0,0.66404,0.221018,0.714284
0,0,0.909013,-0.288631,0.300647
0,0,0.888374,-0.0327009,0.457954
0,0,0.689832,0.50978,0.514059
0,0,0.862386,0.209314,0.460953
0,0,-0.102175,-0.992527,0.0667099
0,0,0.676127,-0.0184815,0.736553
0,0,0.853318,0.509296,0.111647
0,0,0.319885,0.819626,0.475276
0,0,0.62457,-0.558615,0.545767
0,0,-0.037442,0.571167,0.81998
0,0,-0.495658,-0.375562,0.783119
0,0,0.894469,-0.252222,0.369202
0,0,-0.9258,-0.289567,0.242992
0,0,0.164415,0.985997,0.0278952
0,0,-0.0695576,-0.894772,0.441073
0,0,0.990146,0.0939683,0.103828
0,0,0.0906923,0.866411,0.491027
0,0,0.857684,-0.433694,0.276202
0,0,0.818076,-0.537864,0.2036
0,0,-0.288988,-0.463496,0.83765
0,0,0.722979,-0.378132,0.578202
0,0,0.108473,0.22692,0.967854
0,0,0.775179,0.383145,0.502292
0,0,0.846598,-0.0689844,0.527743
0,0,-0.99848,0.0546963,0.00678713
0,0,-0.300786,0.833042,0.464293
0,0,-0.192146,0.945668,0.262281
0,0,-0.325363,0.527517,0.784771
0,0,-0.219444,0.88424,0.412267
0,0,0.930229,0.364599,0.0417382
0,0,-0.274192,-0.547894,0.790336
0,0,-0.638812,-0.333225,0.693455
0,0,0.171741,-0.420617,0.890835
0,0,0.810306,-0.272127,0.51899
0,0,0.100883,0.307239,0.94627
0,0,-0.279648,0.425902,0.860467
0,0,-0.167566,-0.875635,0.452974
0,0,-0.810523,0.375665,0.449364
0,0,-0.00648931,-0.695169,0.718817
0,0,0.800131,-0.0792788,0.594563
0,0,-0.727573,0.680661,0.0856619
0,0,-0.753927,-0.654277,0.0592909
0,0,0.677056,0.297181,0.673259
0,0,0.259977,-0.964938,0.0361584
0,0,0.0338481,-0.982591,0.182672
0,0,0.553378,0.0663767,0.830281
0,0,-0.528731,0.848629,0.0165051
0,0,0.0126903,-0.193259,0.981066
0,0,0.00437909,0.0431344,0.99906
0,0,0.712561,-0.596663,0.369121
0,0,-0.56261,-0.822748,0.0809668
10.6837,13.0141,-0.0628371,0.392991,0.917393
0,0,-0.239818,0.229958,0.943189
0,0,0.885265,0.0179082,0.464743
0,0,0.453462,-0.395408,0.798764
0,0,0.300677,-0.56471,0.768567
0,0,0.126191,0.454263,0.881885
0,0,0.436625,-0.716558,0.54397
0,0,-0.609881,-0.349744,0.711144
0,0,-0.624257,-0.0940776,0.775534
0,0,0.740833,-0.511792,0.435013
0,0,0.440486,0.896016,0.0559192
0,0,-0.67275,0.383925,0.632463
0,0,-0.298037,0.581869,0.756705
0,0,-0.366173,0.228323,0.902101
0,0,0.105252,0.728968,0.676408
0,0,0.313038,-0.801521,0.509482
0,0,0.931509,-0.16309,0.325104
0,0,0.213029,0.947697,0.237676
0,0,-0.425845,-0.322417,0.845401
0,0,-0.843991,-0.385624,0.37279
0,0,-0.910682,-0.410212,0.048828
0,0,-0.980772,-0.192329,0.0331009
0,0,0.289662,-0.558111,0.777565
0,0,0.378332,-0.789554,0.483187
0,0,0.457936,-0.260567,0.849941
0,0,0.888244,0.302584,0.345638
0,0,-0.225664,-0.947542,0.226361
0,0,-0.162336,-0.982752,0.0885706
0,0,0.583524,0.61457,0.530851
0,0,-0.959927,-0.0938843,0.264056
0,0,-0.667879,-0.0455625,0.742874
0,0,0.342586,0.915501,0.210933
0,0,-0.665064,-0.629563,0.401672
0,0,-0.687403,-0.633675,0.35487
0,0,-0.218966,0.565831,0.794914
0,0,-0.745723,-0.140623,0.651247
0,0,-0.824265,-0.562614,0.0636632
0,0,-0.307923,-0.923296,0.229582
0,0,0.107121,-0.76047,0.640477
0,0,0.0841459,-0.359725,0.929256
0,0,0.425654,0.533336,0.731007
0,0,0.107734,-0.982143,0.154236
0,0,-0.27958,-0.795667,0.537354
0,0,-0.547426,0.775747,0.313914
0,0,0.892441,-0.401986,0.20483
0,0,0.96735,0.249988,0.0417189
0,0,-0.903911,0.192918,0.381742
0,0,-0.783254,-0.497215,0.373217
0,0,-0.338933,-0.838232,0.427189
0,0,0.229794,-0.592338,0.772224
0,0,0.220644,-0.946309,0.236252
16.264,23.9168,-0.897758,-0.0130391,0.440296
0,0,-0.772199,0.374603,0.513207
0,0,-0.0454292,-0.763207,0.644555
0,0,-0.0699277,-0.896404,0.437688
0,0,-0.217884,-0.815414,0.536309
0,0,-0.584917,0.694177,0.419512
0,0,-0.125583,0.377865,0.917304
0,0,-0.656308,-0.308408,0.688582
0,0,-0.925337,-0.276302,0.259632
0,0,0.567986,-0.22087,0.792848
0,0,-0.266659,0.725751,0.634176
0,0,-0.703771,-0.28735,0.64972
0,0,-0.341303,0.187941,0.920973
0,0,0.811204,-0.331256,0.48189
0,0,0.567489,-0.822973,0.0259081
0,0,-0.761762,-0.0294707,0.647186
0,0,0.517835,0.39174,0.760517
0,0,0.960576,0.277658,0.0141314
0,0,0.125747,0.45849,0.879758
18.835,26.4725,-0.942301,0.285871,0.1742
0,0,0.389827,0.297458,0.871524
0,0,0.819065,-0.56018,0.123821
0,0,0.233623,0.271223,0.933734
0,0,0.895404,0.347647,0.278196
0,0,-0.023095,0.353961,0.934975
0,0,0.996892,-0.0785933,0.0054691
0,0,0.384725,0.638416,0.666642
0,0,0.510306,0.534124,0.674017
0,0,-0.43029,0.287058,0.855832
0,0,-0.0946799,-0.407235,0.908403
0,0,-0.586713,0.801878,0.112959
0,0,-0.359388,-0.932893,0.0234743
0,0,-0.192308,-0.425444,0.884316
0,0,0.892459,-0.144744,0.427278
0,0,-0.229841,0.441135,0.86751
0,0,0.0706497,-0.985252,0.155843
0,0,-0.803126,0.342186,0.487747
0,0,-0.853656,-0.473621,0.216691
0,0,0.258975,-0.611111,0.74798
0,0,-0.286486,-0.13421,0.948638
0,0,0.295783,0.918107,0.263802
0,0,0.0215299,0.794837,0.606441
0,0,0.607027,-0.0957263,0.788895
0,0,0.529998,0.362294,0.76671
0,0,-0.735615,-0.532737,0.418404
0,0,0.603362,0.793734,0.0770701
0,0,0.923054,0.18038,0.339756
0,0,-0.540149,-0.28464,0.791971
0,0,-0.129691,0.275273,0.952578
0,0,0.268859,0.830462,0.487902
0,0,0.722354,-0.665575,0.187656
0,0,-0.812681,0.27259,0.515019
0,0,-0.256098,0.802047,0.539568
0,0,-0.579203,-0.752682,0.313039
0,0,-0.971588,0.00424626,0.236639
0,0,0.0558287,0.602297,0.796317
0,0,0.944139,-0.131419,0.302208
0,0,-0.983546,-0.169125,0.0635111
0,0,0.0978699,-0.564003,0.819952
12.6147,18.7399,-0.87715,0.0262312,0.4795
0,0,-0.850493,0.218688,0.47837
0,0,0.650338,-0.50018,0.571735
0,0,0.000748168,-0.931988,0.362488
0,0,-0.0724526,0.371874,0.925452
0,0,0.908102,-0.379441,0.177128
22.9834,34.2624,0.514867,-0.221729,0.828099
0,0,-0.867393,-0.297753,0.398715
0,0,-0.173677,0.641574,0.74714
0,0,0.219888,-0.877786,0.425606
0,0,-0.575453,0.0134681,0.817724
0,0,0.837428,-0.250245,0.485893
0,0,-0.964855,0.190212,0.181313
0,0,-0.518917,-0.78396,0.340783
0,0,0.630419,-0.148662,0.761887
0,0,0.641981,0.282487,0.712784
0,0,-0.926244,0.174907,0.333887
0,0,0.487983,0.817528,0.305813
0,0,0.934173,0.107464,0.340252
0,0,-0.075254,-0.938669,0.336508
0,0,0.452748,-0.657962,0.601752
0,0,-0.503468,0.20867,0.838437
0,0,0.158357,-0.849965,0.502477
0,0,-0.367498,0.875162,0.314701
0,0,-0.521974,-0.588373,0.617544
22.0979,30.9131,-0.206506,0.0593029,0.976647
0,0,0.33517,0.848504,0.409514
0,0,0.898856,0.349979,0.263767
0,0,0.392139,-0.174983,0.90311
0,0,-0.637078,0.666163,0.387762
0,0,-0.995554,0.0459922,0.0822054
0,0,0.540858,0.171358,0.823474
0,0,-0.93348,-0.278953,0.225389
0,0,0.298015,0.87604,0.379133
0,0,-0.130728,-0.96005,0.247414
0,0,0.360473,0.510248,0.780837
0,0,-0.0981362,0.568005,0.817153
0,0,-0.464463,0.869086,0.170189
0,0,0.773815,0.0704375,0.629483
0,0,-0.558086,-0.397022,0.728638
0,0,0.339593,0.486067,0.805242
0,0,-0.951705,-0.213725,0.220405
0,0,-0.818927,0.0452403,0.572112
0,0,-0.885362,0.348924,0.307223
0,0,-0.414785,-0.812006,0.410609
0,0,-0.159153,0.164719,0.973416
0,0,0.762214,-0.12578,0.634988
0,0,-0.796554,-0.527322,0.295691
0,0,0.845608,0.531623,0.0482098
0,0,0.0714587,-0.997375,0.0116772
0,0,-0.530701,0.786247,0.316499
0,0,0.188213,-0.760325,0.621676
0,0,0.168282,-0.955915,0.24064
0,0,-0.421922,-0.888347,0.181167
0,0,0.653023,-0.273199,0.706344
14.2461,20.0173,0.453896,0.130327,-0.881472
22.0383,32.4417,0.149015,-0.370924,0.91663
0,0,-0.446775,-0.682737,0.578154
0,0,-0.284705,-0.745759,0.602318
0,0,0.719731,0.27384,0.637965
0,0,0.442517,0.647363,0.620565
0,0,-0.964115,-0.202542,0.171637
0,0,0.475914,0.818833,0.320964
0,0,-0.227791,-0.918641,0.322816
0,0,0.559116,0.820753,0.117275
0,0,-0.207944,-0.942567,0.261395
0,0,-0.808574,-0.40284,0.428869
0,0,-0.301463,-0.647548,0.699858
0,0,0.522232,0.73402,0.434153
8.19964,12.2999,0.0369634,-0.510108,0.859316
0,0,0.390562,-0.88773,0.243713
0,0,0.672161,-0.315318,0.669906
0,0,-0.676922,0.250488,0.692121
0,0,-0.647639,0.0525162,0.760135
0,0,0.941332,-0.289308,0.173767
0,0,0.635655,0.683385,0.359064
0,0,-0.259249,-0.959566,0.109653
0,0,-0.789288,0.119886,0.602206
0,0,-0.0188863,-0.730293,0.682873
0,0,-0.634542,0.345884,0.691174
0,0,-0.295687,-0.955125,0.0174527
0,0,0.430089,-0.872858,0.230528
0,0,-0.589505,-0.784434,0.192735
0,0,-0.0259824,0.890635,0.453976
0,0,-0.143921,-0.523717,0.839647
0,0,-0.693177,0.454454,0.559444
0,0,0.903589,-0.420743,0.0806435
0,0,-0.244062,-0.845096,0.475654
0,0,0.0541674,-0.990935,0.122942
0,0,-0.695915,-0.29756,0.653575
0,0,-0.490175,0.634134,0.598
0,0,-0.355106,-0.934265,0.0323788
0,0,-0.311018,0.0289363,0.949963
0,0,0.624318,-0.415064,0.661777
0,0,-0.288931,0.830704,0.475867
0,0,0.121328,-0.43762,0.890937
0,0,0.821752,-0.513465,0.247138
0,0,0.397367,-0.859783,0.320738
0,0,-0.67424,0.621429,0.399032
0,0,-0.426309,0.904073,0.0302067
0,0,-0.519197,0.552896,0.65172
0,0,-0.548302,0.693628,0.467167
0,0,-0.623266,-0.619069,0.4778
0,0,-0.836804,0.319834,0.444371
0,0,-0.284877,-0.944667,0.162631
0,0,-0.706799,0.683062,0.184014
0,0,-0.695991,-0.553484,0.457441
0,0,0.0465561,0.950062,0.30857
0,0,-0.933707,-0.331792,0.13456
0,0,-0.655245,0.754801,0.0304847
0,0,0.437099,0.572019,0.694074
0,0,-0.762069,-0.633957,0.131716
0,0,-0.184932,-0.597745,0.780065
0,0,0.900667,-0.301723,0.31267
0,0,0.714949,0.602792,0.354247
0,0,0.359143,-0.803726,0.474384
0,0,-0.132187,0.268088,0.954283
14.7398,20.9394,0.785085,0.370977,-0.496001
0,0,0.645715,-0.467391,0.603819
0,0,0.732187,-0.607383,0.308201
0,0,0.409657,-0.661429,0.628246
0,0,-0.460432,0.0782097,0.884243
0,0,0.244437,0.944681,0.218695
0,0,-0.500192,-0.299396,0.812508
0,0,0.252384,-0.70795,0.659628
0,0,0.715674,-0.529563,0.455384
0,0,0.927968,-0.158426,0.337308
0,0,0.433443,0.835042,0.338869
0,0,-0.803519,-0.0706852,0.591068
0,0,0.976477,0.00718379,0.215501
0,0,-0.909091,0.198637,0.366194
0,0,-0.827432,0.422435,0.370006
0,0,0.380101,-0.626243,0.680693
0,0,0.0539215,-0.213557,0.975441
0,0,-0.889815,-0.303836,0.340458
0,0,-0.247848,-0.743327,0.621319
0,0,0.831361,0.12588,0.541289
0,0,-0.495394,0.546769,0.675002
0,0,-0.749302,0.5566,0.358807
0,0,0.530535,-0.847001,0.0335047
0,0,0.598808,-0.659309,0.454688
0,0,0.223722,-0.521233,0.823568
0,0,-0.983196,-0.180202,0.0292059
0,0,0.161897,-0.850964,0.499649
0,0,0.604665,-0.00313404,0.796474
0,0,-0.985278,0.112517,0.128711
0,0,0.933685,-0.334345,0.128244
0,0,0.292905,0.851405,0.435105
0,0,-0.493239,0.382577,0.781249
0,0,-0.302322,0.636069,0.709942
0,0,-0.104573,0.806611,0.581758
0,0,0.0589154,0.870442,0.488733
0,0,-0.160406,-0.943811,0.288949
0,0,-0.588811,-0.686074,0.427321
0,0,0.594509,-0.776598,0.208456
0,0,-0.55499,0.714967,0.425216
0,0,-0.981891,-0.0244343,0.187863
0,0,0.96002,-0.202697,0.193066
0,0,0.878131,0.442007,0.183076
0,0,-0.408726,-0.127384,0.903723
0,0,0.505038,0.461821,0.729149
0,0,0.972245,-0.21561,0.0908403
0,0,0.739712,-0.669107,0.071559
0,0,-0.0292672,0.859099,0.510973
0,0,0.827328,-0.413519,0.380171
0,0,0.254497,0.570445,0.780912
0,0,0.643534,0.698036,0.314022
0,0,0.767461,0.37402,0.520685
0,0,0.756202,-0.175796,0.630282
0,0,-0.682034,0.731022,0.0209046
0,0,0.970815,-0.177,0.161832
0,0,-0.21539,-0.784274,0.581826
0,0,-0.379269,-0.856127,0.351001
0,0,0.170489,-0.454974,0.874032
0,0,0.352462,0.859026,0.371274
0,0,-0.689624,0.654728,0.309435
0,0,0.388226,0.442011,0.808645
0,0,0.917306,0.00124915,0.398182
0,0,-0.645219,0.656024,0.391568
0,0,0.194431,-0.370016,0.908452
0,0,-0.136336,-0.771539,0.621402
0,0,0.24823,0.371512,0.894629
0,0,0.761303,0.409593,0.502644
0,0,0.162454,-0.270864,0.948811
0,0,0.983943,-0.177469,0.0190012
0,0,0.680152,0.614422,0.399849
0,0,-0.707649,-0.549491,0.444176
0,0,-0.686317,0.544667,0.481983
0,0,-0.0184137,-0.983727,0.178724
0,0,0.457734,0.202153,0.865802
0,0,-0.584997,0.756834,0.291516
0,0,-0.23307,-0.730005,0.642472
0,0,-0.837712,-0.35405,0.415798
0,0,0.838174,-0.374563,0.396443
0,0,-0.280396,-0.953071,0.114162
0,0,-0.713492,0.0363701,0.699718
0,0,0.651463,-0.680673,0.335082
0,0,-0.192036,0.839397,0.508463
0,0,-0.95849,-0.277399,0.0659282
0,0,0.43879,0.668207,0.600802
0,0,0.713904,-0.606714,0.349626
0,0,0.689626,-0.635917,0.346446
0,0,0.341672,-0.927157,0.153755
0,0,0.845028,0.0020022,0.534719
0,0,-0.459409,-0.454569,0.763093
0,0,0.227477,0.972309,0.0535661
0,0,-0.166586,-0.978383,0.122543
0,0,-0.480334,-0.79376,0.373127
0,0,-0.519459,-0.833626,0.187698
0,0,-0.241486,0.807279,0.538503
0,0,-0.320902,-0.239745,0.916267
0,0,0.371259,-0.896816,0.240599
0,0,-0.808597,0.57674,0.11637
0,0,0.947505,0.209236,0.241776
0,0,-0.419259,-0.89629,0.144523
0,0,-0.751611,0.658479,0.0385521
0,0,0.837552,0.465259,0.286429
0,0,0.884949,0.132308,0.446497
0,0,0.78724,-0.549684,0.279467
0,0,0.586957,-0.0861813,0.805018
0,0,0.728998,-0.441299,0.523275
0,0,-0.281956,0.549894,0.786205
0,0,0.534334,-0.716126,0.449055
0,0,-0.976612,-0.209947,0.0463884
0,0,0.985708,-0.136365,0.0989112
0,0,-0.292586,-0.754679,0.587241
0,0,-0.138454,0.336479,0.931457
0,0,-0.590189,0.440501,0.676488
0,0,-0.478895,0.163454,0.862521
0,0,-0.685351,0.29602,0.665332
0,0,-0.0966946,-0.480091,0.871873
0,0,-0.219301,-0.802575,0.554779
0,0,-0.295436,-0.850671,0.43483
0,0,-0.166612,-0.169773,0.971297
0,0,-0.197248,0.563995,0.801874
0,0,-0.70611,0.658517,0.260316
0,0,-0.273472,-0.294575,0.915663
0,0,-0.676247,-0.459709,0.575637
0,0,0.296126,0.609904,0.735069
0,0,0.142125,0.207349,0.967888
0,0,0.187862,-0.654137,0.732675
0,0,0.703952,0.69558,0.143597
0,0,-0.892562,0.362547,0.268128
0,0,-0.692254,0.499525,0.520825
0,0,-0.0525999,0.990296,0.128635
0,0,-0.384718,0.884404,0.264237
0,0,0.472576,-0.190946,0.860355
0,0,0.591119,0.478088,0.649623
0,0,0.619011,0.631972,0.466301
0,0,-0.0950798,-0.412369,0.906042
0,0,-0.902308,-0.178569,0.39237
0,0,0.919074,0.354052,0.173061
0,0,0.132436,-0.864998,0.483983
0,0,0.531322,0.562835,0.633178
0,0,-0.127904,0.897742,0.421544
0,0,-0.215567,-0.972235,0.0910482
0,0,-0.435544,0.112191,0.893149
0,0,0.398884,0.717795,0.570668
0,0,0.462211,0.77738,0.426662
0,0,0.0219024,-0.486673,0.87331
0,0,-0.824859,-0.483713,0.292624
0,0,-0.757154,-0.613278,0.224962
0,0,-0.929505,0.24728,0.273631
0,0,-0.776411,-0.124804,0.617746
0,0,0.812585,0.501185,0.297521
0,0,0.287725,-0.0624888,0.955672
0,0,0.992666,0.0292324,0.117303
0,0,0.795384,-0.602474,0.0662445
0,0,0.809333,-0.478675,0.340369
0,0,-0.904467,-0.370323,0.211662
0,0,0.136522,0.109079,0.984613
0,0,-0.834322,-0.539475,0.113462
0,0,0.247172,0.881424,0.40249
0,0,-0.00320791,-0.473102,0.881002
0,0,-0.581135,0.536314,0.612086
0,0,0.671294,0.346997,0.654948
0,0,-0.371965,0.424472,0.825509
0,0,-0.429312,-0.506711,0.747619
0,0,-0.398419,0.0786755,0.913823
0,0,0.879741,-0.24006,0.410399
0,0,0.721286,0.239701,0.649838
0,0,-0.0494998,-0.266599,0.962536
0,0,0.0580523,-0.748657,0.660411
0,0,-0.203042,0.896659,0.393417
0,0,0.0321374,-0.999177,0.0247537
0,0,0.0828455,0.944697,0.317308
0,0,-0.336289,0.56794,0.751234
0,0,-0.178315,0.869183,0.461222
0,0,-0.616217,0.102688,0.780853
0,0,0.849696,0.400939,0.34244
0,0,-0.687931,0.720402,0.0881609
0,0,0.558554,0.360671,0.746949
0,0,-0.882545,-0.0965884,0.460201
0,0,0.275372,0.824461,0.494403
10.6234,16.2836,0.298506,-0.748153,0.592589
0,0,-0.310743,-0.290512,0.905009
0,0,0.655333,0.294556,0.695539
0,0,0.690558,-0.719872,0.0700918
0,0,-0.981942,0.101749,0.15949
0,0,0.949329,-0.126848,0.287547
0,0,-0.913917,0.0373014,0.404183
0,0,0.27444,0.0792727,0.958331
0,0,0.600361,0.268076,0.75346
0,0,0.75563,-0.0375277,0.653922
0,0,0.322401,-0.945898,0.036538
0,0,-0.0541072,0.897864,0.436935
0,0,-0.510706,-0.327644,0.794877
0,0,-0.772373,-0.404801,0.489466
0,0,0.918037,-0.118568,0.378352
0,0,-0.796154,0.1502,0.586157
0,0,0.827914,-0.317491,0.462339
0,0,-0.344746,-0.936365,0.0661071
0,0,-0.650625,0.756379,0.0676621
0,0,-0.446113,0.55552,0.701699
16.7799,24.7015,0.565239,0.253957,0.784864
0,0,0.535034,0.842837,0.0580108
0,0,-0.730731,0.639078,0.240024
0,0,-0.888007,0.424492,0.176777
0,0,-0.041768,0.759937,0.648654
0,0,-0.818332,-0.570059,0.0732529
0,0,0.651795,0.722767,0.229721
0,0,-0.433965,0.0868588,0.896733
0,0,0.235818,-0.958378,0.160939
0,0,0.194084,0.816806,0.543286
0,0,0.518305,0.218508,0.826809
0,0,-0.50707,0.130126,0.852026
0,0,-0.130341,-0.985631,0.107437
0,0,-0.953112,0.0906419,0.288724
0,0,0.837227,0.095777,0.538402
0,0,0.0200103,0.750632,0.660418
0,0,-0.301625,-0.88182,0.362514
0,0,-0.288225,-0.878062,0.382011
0,0,-0.056165,-0.985616,0.159393
0,0,0.625533,0.760551,0.173987
0,0,-0.567769,-0.153624,0.808726
0,0,-0.374948,-0.0788846,0.923684
0,0,-0.648499,0.698165,0.303339
0,0,0.162063,-0.0717097,0.984171
0,0,0.343708,0.884765,0.314733
0,0,-0.494495,-0.677226,0.544829
0,0,-0.980964,0.0350438,0.191001
21.8707,33.6225,-0.566352,-0.741787,0.359163
0,0,-0.263839,-0.690009,0.674
0,0,-0.598531,-0.029474,0.800557
0,0,-0.190686,-0.612397,0.767208
13.9611,20.1722,-0.623523,0.044569,0.780533
11.7038,17.2337,-0.579829,0.457153,0.674396
0,0,-0.74382,-0.63988,0.193097
0,0,0.232248,-0.591124,0.77242
0,0,-0.224983,0.75943,0.610449
0,0,-0.817564,-0.574469,0.039685
0,0,-0.296087,0.775661,0.557388
0,0,0.0570977,-0.861092,0.505233
0,0,-0.244953,-0.650067,0.719313
0,0,0.706003,0.70148,0.0973919
0,0,0.208156,-0.425977,0.880463
0,0,0.185483,0.436024,0.880613
0,0,-0.286366,-0.958066,0.0101791
0,0,-0.660646,0.750581,0.0132406
0,0,0.548746,0.725804,0.414833
0,0,-0.401774,-0.220853,0.888708
0,0,-0.444512,-0.0515753,0.894287
0,0,-0.388031,-0.771675,0.503935
0,0,0.21249,0.7154,0.66562
0,0,0.511829,0.551106,0.659024
0,0,-0.0400838,-0.498674,0.865862
0,0,-0.732669,-0.278276,0.621095
0,0,0.0938607,0.679475,0.72767
0,0,0.653551,-0.75385,0.0676871
0,0,-0.00118439,0.885185,0.465237
0,0,-0.701086,0.513698,0.494563
0,0,0.623155,-0.463053,0.630286
0,0,0.406292,0.780472,0.475174
0,0,-0.840276,-0.534358,0.0916401
0,0,0.239463,-0.252664,0.937453
0,0,0.324636,-0.921465,0.213337
0,0,-0.509094,0.67311,0.536419
0,0,-0.804732,0.578196,0.134518
0,0,0.807231,0.357847,0.469386
0,0,0.0723799,-0.669402,0.739366
0,0,0.132861,0.317572,0.93888
0,0,-0.921426,0.317415,0.224102
0,0,0.7338,-0.359608,0.576385
0,0,0.984706,0.142555,0.100157
0,0,0.591803,-0.79111,0.154644
0,0,0.0538267,-0.96113,0.270797
0,0,-0.941557,-0.238519,0.237863
17.235,24.8081,-0.166719,0.00789584,0.985973
0,0,0.515816,0.733318,0.44292
0,0,0.357139,-0.25896,0.897436
0,0,-0.176763,0.833295,0.523807
0,0,0.663861,0.639149,0.388301
0,0,0.379531,0.397333,0.835513
0,0,-0.180704,-0.45225,0.873393
0,0,-0.426604,-0.885385,0.18467
0,0,-0.0402108,-0.809334,0.585971
0,0,-0.173341,-0.0718295,0.982239
0,0,-0.386006,-0.835825,0.390379
0,0,-0.585533,-0.80806,0.0647287
0,0,-0.55918,0.387102,0.733123
0,0,0.385815,0.28689,0.876835
0,0,-0.168357,0.360011,0.917632
11.4493,14.6869,0.425876,0.725222,0.541001
0,0,-0.54294,0.274961,0.793481
0,0,0.847923,0.015217,0.529901
22.6444,30.4816,-0.151519,-0.392328,0.90726
0,0,0.328677,-0.783489,0.527367
0,0,0.405867,-0.80502,0.432683
0,0,0.633763,-0.696584,0.336326
0,0,-0.625966,-0.452686,0.635014
0,0,-0.293318,-0.924717,0.242616
0,0,0.398074,-0.00226946,0.917351
0,0,0.316951,-0.609862,0.726368
0,0,-0.598286,0.623877,0.502824
0,0,-0.363728,-0.305507,0.879982
0,0,0.062977,-0.842869,0.534421
0,0,-0.668387,-0.489534,0.560014
0,0,-0.718735,0.694857,0.0243866
0,0,-0.556146,0.728817,0.399409
0,0,-0.0862263,-0.401187,0.911929
0,0,-0.230548,-0.825877,0.514562
0,0,-0.346323,-0.376724,0.85915
0,0,-0.499161,0.599514,0.625637
0,0,-0.528711,0.147942,0.83581
0,0,-0.988224,-0.0971863,0.118186
0,0,-0.975313,0.116579,0.187546
0,0,0.753695,0.300167,0.584674
0,0,-0.786198,-0.507165,0.353096
8.06901,12.0762,-0.296414,-0.232503,0.926327
0,0,0.432485,0.605624,0.667964
0,0,-0.965564,0.044782,0.256283
0,0,0.40062,-0.569077,0.718091
0,0,-0.255475,0.873138,0.415165
0,0,0.77754,0.526882,0.34326
0,0,-0.45927,0.519382,0.720633
0,0,-0.417805,0.768834,0.48408
0,0,-0.411203,0.210395,0.886931
0,0,0.83059,0.232834,0.505875
0,0,-0.646861,0.74476,0.164026
0,0,0.691881,0.7123,0.118024
0,0,0.5843,-0.10301,0.804974
0,0,-0.40579,-0.52744,0.746419
0,0,-0.0704758,-0.881976,0.465995
0,0,-0.652848,-0.755858,0.0496799
0,0,0.500935,0.507864,0.700812
0,0,-0.0261076,-0.318981,0.947401
0,0,-0.08906,0.979664,0.179794
0,0,-0.211683,0.970189,0.117997
0,0,-0.751049,0.591043,0.294268
0,0,0.953193,-0.154727,0.259775
0,0,-0.739218,0.128986,0.660998
0,0,0.798211,0.495835,0.342061
0,0,0.311071,-0.919615,0.239881
0,0,0.212975,-0.874233,0.436301
0,0,0.0714699,0.287554,0.955094
0,0,0.85321,-0.514494,0.0856105
19.2559,27.8605,-0.667009,0.621067,0.411551
0,0,-0.924685,-0.157088,0.346816
0,0,0.397617,0.739806,0.542759
0,0,0.0555696,0.441325,0.895625
11.1076,16.7633,0.316308,0.0813408,0.945163
0,0,0.447173,-0.66247,0.600974
0,0,0.420625,-0.896613,0.138418
0,0,0.582279,0.590317,0.558996
0,0,0.0452529,0.836326,0.546361
0,0,0.281462,0.731293,0.62128
0,0,0.391378,0.913112,0.114232
0,0,-0.65216,0.598035,0.465877
0,0,-0.312919,0.883718,0.34803
0,0,-0.00603883,-0.974505,0.224285
17.1524,22.3076,-0.333784,-0.627249,0.703667
6.75913,10.7436,-0.140144,-0.476703,0.867821
0,0,-0.196984,0.973218,0.118503
0,0,-0.164291,0.431653,0.886952
0,0,0.847019,-0.518781,0.115863
0,0,0.076352,-0.926199,0.369223
0,0,0.737623,0.0315316,0.674476
0,0,-0.819165,0.48617,0.304315
0,0,0.69579,0.414371,0.586663
18.5228,26.3596,0.262653,-0.940282,0.216524
0,0,0.173666,-0.95687,0.232893
0,0,-0.373906,-0.468483,0.800449
0,0,-0.620652,-0.313372,0.718741
0,0,-0.00313759,-0.011725,0.999926
0,0,-0.724307,-0.525632,0.446196
0,0,-0.112786,0.977125,0.180292
0,0,-0.212094,0.864996,0.454752
0,0,0.645055,-0.0522737,0.762346
0,0,-0.0827233,-0.954775,0.285589
0,0,-0.735243,0.238566,0.634432
0,0,-0.308292,0.827742,0.468827
0,0,0.354522,0.928934,0.106749
0,0,-0.519333,0.509592,0.68601
0,0,0.666042,0.534606,0.520177
0,0,-0.254722,-0.808554,0.530431
0,0,0.658618,0.12452,0.742103
0,0,-0.40053,0.825442,0.397771
0,0,0.583165,0.0907015,0.807274
0,0,0.705162,0.55367,0.44294
0,0,0.908262,0.394885,0.138295
0,0,0.890199,-0.318653,0.325585
0,0,0.806395,-0.589805,0.0431004
0,0,-0.0282157,-0.988378,0.149377
0,0,0.913159,0.010276,0.407475
0,0,0.436751,-0.754518,0.489847
24.2417,34.7326,0.30867,-0.00874343,-0.951129
0,0,-0.673926,-0.543766,0.500142
0,0,0.219931,-0.876186,0.428868
0,0,-0.548043,0.0473794,0.835107
0,0,-0.823011,0.0449648,0.566243
0,0,0.405783,-0.321009,0.855741
0,0,-0.576677,-0.816838,0.0147844
0,0,0.701704,0.663352,0.259952
0,0,0.379062,-0.246802,0.891853
0,0,-0.203271,-0.708406,0.675901
0,0,-0.281778,0.719582,0.634667
0,0,-0.710496,-0.382551,0.590635
0,0,0.981404,0.0690028,0.179124
0,0,-0.689917,0.59027,0.419042
0,0,0.153901,-0.289167,0.944826
0,0,-0.15243,-0.987964,0.0263177
0,0,0.876898,0.272368,0.396062
0,0,0.0812947,-0.021432,0.99646
0,0,-0.633564,0.737596,0.233559
0,0,-0.54435,0.67939,0.49205
0,0,0.601741,-0.798585,0.0130455
0,0,0.425001,-0.832496,0.355422
0,0,0.450992,-0.891501,0.0428104
0,0,-0.585378,0.623323,0.518461
0,0,0.53012,-0.768198,0.35895
0,0,-0.136542,-0.862422,0.487427
0,0,-0.240427,-0.286678,0.927367
0,0,0.637381,-0.758106,0.137918
0,0,0.0127764,0.113157,0.993495
0,0,0.804226,0.555637,0.210923
0,0,0.967404,0.245281,0.0629829
0,0,-0.732241,-0.599406,0.323318
0,0,0.488563,0.845538,0.215341
0,0,0.175681,-0.741208,0.647879
0,0,-0.820602,0.175599,0.543854
0,0,-0.823566,-0.0461004,0.565344
0,0,0.0096392,-0.982852,0.184146
0,0,-0.60513,0.781314,0.15286
0,0,0.316407,0.876808,0.362068
0,0,0.446506,0.115689,0.88727
0,0,0.256948,0.965703,0.0373488
0,0,-0.859287,-0.490404,0.145361
0,0,0.0671774,0.506259,0.859761
0,0,0.0480248,-0.966968,0.250334
0,0,-0.673467,-0.577019,0.462051
0,0,-0.102678,-0.573935,0.812438
0,0,-0.883116,-0.191071,0.428484
0,0,-0.178471,-0.973296,0.144371
0,0,0.295754,-0.549082,0.781689
0,0,0.876575,0.475686,0.0730673
0,0,0.0295173,0.994218,0.103243
0,0,0.411547,-0.900437,0.140858
0,0,0.544365,0.563312,0.621568
0,0,0.188283,-0.973935,0.126489
0,0,-0.295127,-0.945442,0.137984
0,0,0.737204,0.645899,0.198354
0,0,-0.993941,0.0647693,0.0888033
0,0,-0.564181,0.608054,0.558542
0,0,-0.812526,0.107484,0.57293
0,0,-0.927328,-0.110676,0.357511
0,0,-0.417461,0.473412,0.775633
0,0,-0.655348,0.32818,0.680307
0,0,0.624342,-0.631442,0.459867
0,0,0.365388,0.913227,0.1803
0,0,-0.877677,0.0819249,0.472199
17.7302,26.5872,-0.0886595,0.0670029,0.993806
0,0,0.284841,0.765704,0.576683
0,0,0.791017,-0.287305,0.540137
0,0,0.733135,0.461467,0.499561
0,0,0.178938,-0.772361,0.609459
0,0,-0.259173,0.0784782,0.962637
0,0,0.800494,-0.350797,0.485954
0,0,0.937608,-0.315086,0.147008
0,0,0.551182,0.228964,0.802355
0,0,0.71942,-0.44465,0.533592
0,0,-0.201658,0.29333,0.934501
0,0,-0.475996,0.241583,0.845615
0,0,0.194876,-0.859802,0.471979
0,0,-0.394898,0.45936,0.795641
0,0,-0.313858,0.389256,0.86601
0,0,-0.283294,-0.447275,0.848345
0,0,0.837005,0.50943,0.199756
0,0,0.676864,-0.291562,0.675904
0,0,0.335266,0.901919,0.272285
0,0,0.933918,0.273558,0.230138
0,0,-0.0900241,-0.724262,0.683623
0,0,0.429348,-0.71671,0.549533
0,0,0.413386,0.729334,0.545146
0,0,0.621223,-0.581448,0.525357
0,0,-0.730083,-0.680841,0.0586031
0,0,0.92471,0.24568,0.290778
0,0,-0.107879,0.572882,0.812507
0,0,-0.455616,-0.87473,0.165109
0,0,-0.962551,0.227621,0.147257
0,0,0.965652,-0.213223,0.148501
0,0,0.230976,-0.738418,0.633553
0,0,-0.896259,0.428099,0.115981
0,0,-0.985729,0.0932131,0.140179
0,0,-0.0640269,-0.496702,0.865556
0,0,0.966343,-0.0114586,0.257001
0,0,-0.198131,0.730344,0.653714
6.78119,10.6976,-0.504864,0.235769,0.830377
0,0,-0.499582,0.314526,0.80715
0,0,0.374996,0.133947,0.917298
0,0,-0.252395,0.842397,0.476093
0,0,-0.638542,0.412201,0.649888
0,0,-0.955172,-0.294813,0.0270441
0,0,-0.7934,-0.599794,0.103749
0,0,0.379756,0.351534,0.855692
0,0,0.1969,0.494429,0.846623
0,0,0.293771,-0.44061,0.84827
0,0,-0.687543,0.215883,0.69331
0,0,0.825214,-0.460634,0.32686
0,0,0.595686,0.435745,0.674748
0,0,-0.249286,-0.561592,0.788969
0,0,0.0289775,-0.389313,0.920649
0,0,0.67387,-0.738812,0.0075636
0,0,0.894129,0.428907,0.128734
0,0,-0.361145,-0.784863,0.503552
0,0,0.744077,-0.36645,0.558626
0,0,0.11841,0.900593,0.418223
0,0,-0.545595,-0.809744,0.215966
0,0,-0.563836,-0.478851,0.672897
0,0,0.780407,0.00851082,0.625214
0,0,-0.746941,0.395983,0.534112
0,0,-0.903651,0.342648,0.256918
0,0,0.161794,0.455391,0.875467
0,0,0.857942,-0.394429,0.329183
0,0,-0.997207,-0.0372028,0.0647636
0,0,-0.918144,0.236259,0.318109
0,0,-0.257127,-0.950804,0.172795
0,0,-0.899543,0.268535,0.344546
0,0,-0.564992,-0.579779,0.587061
0,0,0.257282,0.402623,0.878465
0,0,0.00199694,0.459626,0.88811
0,0,0.272992,0.428866,0.861133
0,0,0.599493,0.235756,0.764871
0,0,0.575262,0.597787,0.558322
0,0,-0.299024,-0.802243,0.516711
0,0,0.895224,0.44547,0.0114617
0,0,0.252826,0.545378,0.79915
0,0,-0.0792183,0.996269,0.0342417
0,0,-0.781461,0.518341,0.347335
0,0,-0.250869,0.887198,0.387228
0,0,-0.185252,0.654112,0.733362
0,0,-0.0525136,-0.89884,0.435119
0,0,-0.431329,0.515608,0.74034
0,0,-0.390993,0.240205,0.888497
0,0,0.151983,0.573961,0.804655
0,0,-0.923219,-0.0130562,0.384053
0,0,0.82147,-0.570127,0.0119185
0,0,-0.870048,0.36818,0.32781
0,0,-0.185217,-0.600685,0.777735
0,0,-0.218231,-0.0272978,0.975515
0,0,-0.72342,0.0196526,0.690129
0,0,0.746076,-0.644232,0.168329
0,0,0.15946,0.914964,0.370692
0,0,-0.621034,-0.782902,0.0371784
0,0,0.660897,-0.282389,0.695321
0,0,-0.396175,0.868446,0.298071
0,0,-0.0920993,0.944623,0.31497
0,0,0.443287,0.882517,0.157035
0,0,0.73754,0.570575,0.361218
0,0,-0.957772,0.0676649,0.279453
0,0,0.492516,0.696077,0.522403
0,0,0.929613,0.131225,0.344382
0,0,0.979662,-0.156446,0.12565
0,0,-0.558477,0.813621,0.161631
0,0,-0.330713,-0.939569,0.0885378
0,0,0.917524,-0.0633954,0.392594
0,0,0.828545,0.525667,0.192841
0,0,0.228643,0.971797,0.0577351
0,0,-0.206542,-0.864601,0.458045
0,0,-0.106542,0.426335,0.898269
0,0,0.382837,-0.7933,0.473403
0,0,-0.708847,0.0119056,0.705262
0,0,-0.328341,0.926891,0.18184
0,0,0.225212,0.94649,0.231161
0,0,0.634143,0.682523,0.363352
0,0,0.0105201,-0.927178,0.374472
0,0,-0.339642,0.632762,0.695885
0,0,0.567445,0.806028,0.168298
0,0,-0.77555,-0.625291,0.0867941
0,0,-0.273302,0.886145,0.374236
0,0,-0.562116,-0.52621,0.638066
0,0,-0.191477,-0.825503,0.530924
0,0,-0.816408,0.39637,0.419963
0,0,0.27466,-0.440013,0.854956
0,0,-0.618136,0.419759,0.664613
0,0,0.787899,-0.411912,0.45776
0,0,-0.215475,-0.948742,0.231213
0,0,0.265538,0.637056,0.723636
0,0,0.647426,-0.719705,0.250727
0,0,0.198127,-0.384311,0.901693
0,0,-0.30184,0.799371,0.519518
0,0,-0.866657,-0.080769,0.492323
0,0,0.241068,0.944853,0.221673
0,0,0.19302,0.936726,0.292041
0,0,-0.587876,0.807312,0.0514695
0,0,-0.911133,0.409351,0.0476273
0,0,0.541841,-0.748993,0.381336
0,0,-0.774947,-0.176812,0.60679
0,0,0.978279,-0.189759,0.0834382
0,0,0.217393,-0.815336,0.536627
0,0,0.136671,0.435877,0.889568
0,0,0.0767873,0.95899,0.272842
0,0,-0.818737,-0.417717,0.393933
0,0,0.734503,0.632709,0.245326
0,0,-0.0396209,0.418716,0.907253
0,0,0.806299,-0.548569,0.221256
19.4085,27.201,0.687154,0.559815,0.463063
0,0,0.165923,-0.692156,0.702417
1.27572,1.60003,0.203431,-0.382682,0.901205
0,0,0.0347505,0.298598,0.953746
0,0,0.173131,0.978998,-0.107652
0,0,-0.833826,-0.547059,0.073903
0,0,0.977528,0.0174061,0.210084
16.1435,21.3924,-0.0199814,0.895309,-0.444998
0,0,-0.479134,0.682915,0.551414
0,0,0.436784,0.631335,0.640808
0,0,-0.345743,0.561914,0.751475
0,0,0.223379,0.825894,0.517687
0,0,-0.971582,-0.04816,0.231753
0,0,0.633666,0.713983,0.297818
0,0,0.413067,-0.194205,0.889753
0,0,0.0976926,0.994952,0.0229519
0,0,-0.545265,0.800234,0.249624
0,0,-0.484075,0.344756,0.804248
0,0,-0.625271,0.768984,0.133041
0,0,-0.794973,-0.332012,0.507726
0,0,0.940618,0.236853,0.243184
0,0,-0.964583,-0.259303,0.0483841
0,0,-0.163621,-0.809144,0.564371
0,0,-0.396697,-0.917945,0.00286035
0,0,0.902602,0.428649,0.0396143
0,0,0.957363,-0.249996,0.144768
0,0,0.432587,0.889904,0.144704
0,0,0.216316,0.65215,0.726572
0,0,-0.430245,0.367069,0.824712
0,0,0.774825,0.493572,0.39501
0,0,0.215384,0.293106,0.931503
0,0,-0.0578674,0.58042,0.812259
0,0,0.853912,-0.50257,0.135123
0,0,0.443493,0.23939,0.863717
0,0,0.670567,-0.734945,0.100975
0,0,0.307418,-0.581542,0.753195
0,0,0.514363,0.781425,0.35328
0,0,-0.532559,0.844726,0.053087
0,0,0.367575,-0.250771,0.895546
0,0,-0.481685,-0.0645621,0.873963
0,0,-0.924313,0.38092,0.023327
0,0,0.272107,0.748817,0.604344
0,0,-0.941019,-0.329682,0.076113
0,0,0.979271,0.187434,0.0767889
0,0,-0.827515,-0.0302535,0.560629
0,0,-0.691366,0.190305,0.696991
0,0,0.930769,-0.0877231,0.354928
0,0,-0.624545,0.039819,0.779973
0,0,-0.453636,-0.0479186,0.889898
0,0,-0.293987,-0.949847,0.106594
0,0,0.886523,-0.25889,0.383475
0,0,0.240687,-0.60043,0.762596
0,0,0.726301,-0.296809,0.619992
0,0,0.906322,-0.0286273,0.421616
0,0,-0.663662,0.14711,0.733425
0,0,-0.857932,0.0570201,0.51059
0,0,0.105692,0.993075,0.0512882
0,0,0.202078,-0.814888,0.543252
0,0,0.589268,0.303009,0.748965
0,0,-0.24903,-0.728612,0.638051
0,0,-0.158035,0.907701,0.388722
0,0,-0.0687942,0.238217,0.968772
0,0,-0.0836806,0.961205,0.262834
0,0,-0.342023,0.668576,0.660323
0,0,0.325897,0.459385,0.826291
0,0,-0.706254,-0.619565,0.342555
0,0,0.435446,-0.146534,0.888209
0,0,-0.914504,0.298172,0.273452
0,0,0.468112,0.830196,0.30273
0,0,-0.527449,0.408741,0.744801
0,0,0.828448,0.558706,0.0390046
0,0,-0.985104,0.14035,0.0993566
0,0,-0.707983,-0.0352542,0.705349
0,0,0.378641,-0.883549,0.275631
0,0,0.5646,-0.497035,0.658925
0,0,-0.3706,-0.0374842,0.928036
0,0,-0.418797,0.395141,0.817602
0,0,0.250933,-0.516752,0.818535
0,0,0.466023,-0.185894,0.865024
0,0,-0.70829,0.702496,0.0694544
0,0,-0.120185,-0.948098,0.294392
0,0,0.857911,0.510753,0.0558665
0,0,0.509759,0.189808,0.839118
0,0,0.628527,0.428154,0.649337
0,0,-0.894733,-0.410921,0.17492
0,0,0.990441,0.12309,0.0622495
0,0,0.740131,0.669198,0.0661826
0,0,-0.023779,0.657761,0.752851
0,0,-0.767779,-0.577558,0.277386
0,0,0.614019,0.70017,0.364338
0,0,0.329772,-0.546672,0.769676
0,0,-0.77183,-0.0710387,0.631848
0,0,0.844255,-0.162899,0.510585
0,0,0.122596,0.433413,0.892818
0,0,0.882742,-0.445422,0.149551
0,0,-0.110939,0.654557,0.747829
0,0,-0.331877,-0.117594,0.935965
0,0,0.960387,0.278378,0.0127597
0,0,0.51639,0.172096,0.838883
0,0,-0.0171678,-0.193071,0.981035
0,0,-0.340184,-0.517978,0.78484
0,0,-0.538558,0.633952,0.555032
0,0,-0.172169,-0.834855,0.522854
18.924,27.4707,-0.238855,-0.479553,0.84438
0,0,0.69853,-0.287832,0.65514
0,0,-0.836903,0.236261,0.493734
0,0,-0.651417,0.741103,0.16255
0,0,-0.0927708,-0.202963,0.974782
0,0,0.198857,0.608096,0.768554
0,0,0.170672,0.956663,0.235939
0,0,-0.682593,-0.716822,0.142245
0,0,0.64561,0.0806509,0.759397
0,0,-0.24722,-0.968386,0.0333304
0,0,-0.711865,-0.196418,0.674291
0,0,0.259171,-0.571733,0.778429
0,0,-0.266629,-0.528734,0.805822
0,0,0.0191975,-0.864052,0.503036
0,0,-0.438009,-0.786536,0.435326
0,0,-0.0592639,0.456937,0.887523
0,0,-0.3387,0.767358,0.544467
0,0,-0.0381202,-0.0243069,0.998977
0,0,0.0442173,0.80088,0.59719
0,0,0.98825,0.150651,0.0258173
0,0,-0.816019,0.317512,0.48301
0,0,0.958726,0.263568,0.106664
19.0855,25.8729,-0.538463,-0.619485,0.571222
0,0,-0.319874,0.26461,0.90976
0,0,-0.587146,-0.605089,0.537705
0,0,-0.757512,0.469472,0.453622
0,0,0.431071,0.244133,0.868664
0,0,0.285967,0.704907,0.649098
0,0,-0.579413,-0.736672,0.348705
0,0,0.346462,-0.765022,0.542867
0,0,0.588589,0.477117,0.652627
0,0,0.348748,-0.907096,0.235693
0,0,0.813119,-0.394859,0.427697
0,0,-0.569262,0.80503,0.166936
0,0,-0.45228,0.587859,0.67072
0,0,-0.461625,-0.726568,0.508921
0,0,-0.309369,-0.308143,0.899633
0,0,-0.943787,0.247631,0.218963
0,0,0.826031,-0.551024,0.118515
0,0,0.398172,0.620593,0.675518
0,0,0.930341,-0.206096,0.3033
0,0,0.872975,0.0533661,0.484836
0,0,0.373189,-0.713473,0.593032
0,0,0.485701,0.86344,0.136259
0,0,-0.732116,0.353624,0.582199
0,0,-0.383723,0.519932,0.76317
0,0,-0.079505,0.931837,0.35406
0,0,-0.471761,-0.524959,0.70842
0,0,-0.42428,-0.766019,0.482908
0,0,-0.801724,0.291842,0.521601
0,0,0.226151,-0.38183,0.896137
0,0,0.146649,-0.826068,0.544155
0,0,-0.828767,0.0881178,0.552612
0,0,-0.321708,-0.932527,0.164005
0,0,-0.543288,0.0476382,0.838194
0,0,-0.349169,-0.930171,0.113412
0,0,-0.740195,-0.0691839,0.668823
0,0,-0.837946,0.22575,0.496874
0,0,0.594703,0.495679,0.632954
0,0,-0.021824,0.450336,0.892592
0,0,0.952018,0.282977,0.116558
0,0,-0.917679,0.39319,0.0571569
0,0,0.0234331,-0.79984,0.599756
0,0,-0.214037,-0.63124,0.745469
0,0,0.785837,-0.618428,0.00285727
0,0,0.505678,0.657367,0.558711
0,0,0.387909,-0.0249241,0.921361
0,0,0.357028,0.931983,0.0627556
0,0,0.470067,-0.824806,0.314216
0,0,-0.712135,0.297755,0.635771
0,0,-0.366705,0.842811,0.393951
0,0,-0.990682,0.116021,0.0713378
0,0,0.186546,-0.860167,0.474672
0,0,-0.431112,0.864033,0.259978
0,0,0.134836,0.799568,0.585244
0,0,0.189514,0.922544,0.336149
0,0,-0.520385,0.0485947,0.852548
0,0,0.309713,-0.825364,0.472072
0,0,0.874515,-0.0897431,0.476624
0,0,-0.959051,0.240682,0.149309
0,0,0.957208,0.267729,0.10988
0,0,-0.500901,-0.297311,0.812838
0,0,0.435053,-0.415785,0.798656
0,0,0.501209,0.302969,0.810555
0,0,0.279209,0.4416,0.852662
0,0,0.34219,0.742694,0.575597
0,0,-0.836523,-0.180481,0.517354
0,0,-0.57152,-0.55743,0.602194
0,0,-0.964076,0.259842,0.0551226
0,0,-0.107598,0.3469,0.93171
0,0,0.610269,0.641813,0.464379
0,0,0.299935,0.87792,0.373222
0,0,-0.652128,-0.748884,0.117905
0,0,0.403883,-0.884685,0.232832
0,0,0.328009,-0.939635,0.0974468
0,0,-0.711274,-0.571704,0.408955
0,0,-0.643243,0.754278,0.131544
0,0,-0.0799747,-0.77916,0.621702
0,0,0.348633,-0.917621,0.190857
0,0,0.865222,-0.0433863,0.499509
23.0324,34.0278,-0.798081,0.443014,-0.408419
0,0,0.03546,0.743015,0.668334
0,0,-0.0597443,-0.41233,0.909073
0,0,-0.922269,-0.205799,0.32721
0,0,0.701696,0.108366,0.704187
0,0,0.703723,0.152404,0.693936
0,0,0.812163,-0.559971,0.16378
0,0,-0.444344,0.560906,0.698529
0,0,0.132361,0.980621,0.144438
0,0,0.760616,-0.285069,0.583266
0,0,0.426385,-0.200005,0.882153
0,0,0.362709,-0.769773,0.525254
20.8235,28.2463,0.307266,-0.679591,0.666141
0,0,-0.495776,-0.510023,0.70291
0,0,-0.935835,0.347499,0.058793
0,0,-0.440251,-0.26628,0.857481
0,0,-0.781057,-0.193523,0.593716
0,0,-0.258773,-0.944055,0.204443
0,0,-0.611928,0.698201,0.371565
0,0,0.259383,0.963342,0.0684952
0,0,-0.15978,0.672674,0.722482
0,0,-0.408711,0.811575,0.417494
0,0,-0.74187,0.527798,0.413591
0,0,0.0735544,-0.792527,0.605385
0,0,-0.584233,-0.796087,0.157856
0,0,0.163236,-0.338222,0.926801
0,0,0.869282,-0.489587,0.0682189
0,0,-0.278592,-0.935052,0.219236
0,0,0.261126,0.504675,0.822871
0,0,-0.52154,-0.742181,0.420908
0,0,0.713638,0.0323142,0.699769
16.8584,22.963,-0.0247843,-0.698575,0.715107
0,0,0.0185155,0.966628,0.255513
0,0,0.129755,0.504312,0.853717
0,0,-0.939201,0.262681,0.221132
0,0,-0.320434,-0.699483,0.638784
0,0,-0.0966087,0.979892,0.17458
0,0,0.487144,-0.621882,0.61315
0,0,-0.560716,-0.780597,0.276161
0,0,0.706591,-0.205268,0.677196
0,0,0.121918,0.92481,0.360365
0,0,-0.113056,-0.928729,0.353101
0,0,0.820061,-0.13566,0.555964
0,0,-0.727462,-0.556477,0.401414
0,0,-0.684187,-0.306274,0.661879
0,0,0.240304,0.967884,0.0738561
0,0,0.298314,0.721686,0.624642
0,0,-0.0422284,0.89594,0.442164
0,0,-0.281923,-0.954823,0.0939765
0,0,0.358511,-0.233192,0.903931
0,0,-0.751695,0.634793,0.178862
0,0,-0.379206,-0.386774,0.8406
5.11709,7.63633,-0.339551,-0.239478,0.909591
0,0,-0.269697,-0.941496,0.202109
16.4705,24.9365,0.505318,0.752245,0.422824
0,0,0.0976227,0.882988,0.459132
0,0,0.208494,0.899806,0.383249
0,0,0.0372662,0.827555,0.560146
0,0,-0.745784,-0.66615,0.00703281
0,0,-0.714758,0.412643,0.564664
0,0,-0.159816,-0.703819,0.692169
0,0,0.740894,-0.161557,0.651901
0,0,0.245096,0.822072,0.513931
0,0,0.762021,-0.605385,0.229856
17.7317,24.5163,0.643942,0.749613,0.153033
0,0,0.495265,0.818405,0.29142
0,0,-0.595762,-0.782798,0.179707
0,0,0.0922392,-0.956938,0.275247
4.64314,6.37176,-0.142442,-0.0290914,0.989376
0,0,0.557304,-0.756036,0.343253
0,0,0.0402053,-0.793666,0.607023
0,0,-0.831669,-0.164165,0.530449
0,0,0.316188,-0.942463,0.108572
0,0,-0.633346,0.243138,0.734681
0,0,0.921293,0.0792964,0.380699
0,0,-0.92131,-0.274094,0.275789
0,0,0.995036,0.0278751,0.0955315
0,0,0.183979,0.526461,0.830055
0,0,0.563534,0.820572,0.0953403
0,0,0.91895,0.0544534,0.390597
0,0,-0.245206,0.969398,0.0119158
0,0,-0.689156,-0.538078,0.48532
0,0,0.922344,0.303228,0.239445
0,0,0.499945,0.713883,0.490333
0,0,-0.415273,-0.830749,0.37068
0,0,-0.705188,0.651732,0.279204
0,0,0.691968,0.693388,0.20098
0,0,0.34027,0.255309,0.905005
0,0,0.946843,-0.0118843,0.321476
0,0,0.635009,0.767657,0.0864071
0,0,-0.869696,0.41319,0.270004
0,0,-0.944419,0.31621,0.0899165
0,0,-0.648338,-0.212144,0.731199
0,0,0.479036,-0.854224,0.202054
0,0,0.509452,-0.834958,0.208095
0,0,0.318399,-0.91835,0.235065
0,0,-0.0564041,-0.675967,0.73477
0,0,0.0718136,-0.994678,0.07388
0,0,0.457248,-0.218029,0.862199
0,0,-0.618346,-0.105643,0.778773
0,0,0.680414,-0.731092,0.0504127
0,0,0.751728,-0.652183,0.097786
0,0,0.748015,-0.284513,0.599604
0,0,0.345284,-0.10475,0.932634
0,0,0.884964,0.0443282,0.463545
0,0,0.430832,-0.748848,0.503597
0,0,-0.540239,0.824994,0.165914
0,0,-0.293072,-0.626168,0.722511
0,0,-0.42633,-0.858366,0.285394
0,0,0.8316,0.362432,0.420814
0,0,0.969877,-0.136818,0.201543
0,0,0.694693,0.648392,0.311432
0,0,0.995063,-0.0364829,0.0922996
0,0,-0.908236,-0.346431,0.234719
0,0,0.143246,-0.98954,0.0170574
0,0,0.396479,-0.348276,0.849416
0,0,0.409001,0.903234,0.129947
0,0,-0.201596,0.732185,0.650587
0,0,0.574401,0.22082,0.788227
0,0,0.862698,-0.454999,0.220747
0,0,-0.298911,-0.775649,0.555897
0,0,0.669144,-0.722578,0.173573
0,0,-0.254811,-0.756354,0.602495
17.9895,26.8474,0.108173,-0.354835,0.92865
0,0,0.633099,0.719204,0.286237
0,0,-0.0482606,-0.760914,0.647055
0,0,0.919216,0.378369,0.108989
0,0,0.969881,0.241975,0.0279004
0,0,-0.294864,0.284403,0.912234
0,0,-0.665869,-0.723469,0.182239
0,0,-0.186166,0.975611,0.116302
0,0,-0.84001,-0.180547,0.51165
0,0,0.44783,-0.855069,0.261352
0,0,0.148566,0.915248,0.374498
0,0,-0.912375,-0.135607,0.386242
0,0,-0.293112,-0.19792,0.935368
0,0,-0.257723,0.49947,0.827109
0,0,-0.170388,0.504519,0.846421
0,0,0.471249,-0.36075,0.804851
0,0,-0.749676,0.399953,0.52728
0,0,0.354225,-0.612148,0.706965
0,0,-0.528836,-0.221261,0.819375
0,0,0.511179,-0.362435,0.779318
0,0,0.693367,-0.718241,0.0580714
0,0,-0.0569498,-0.653832,0.754494
0,0,0.653679,-0.271879,0.706248
0,0,0.474405,0.279146,0.834876
0,0,-0.0253237,-0.65969,0.751111
0,0,-0.990402,-0.130778,0.0447242
0,0,0.509103,0.526763,0.680687
0,0,0.059384,-0.691372,0.720054
0,0,0.0886935,0.833857,0.544808
0,0,0.765987,0.220644,0.603805
0,0,-0.412348,0.511349,0.753984
0,0,-0.50277,-0.299629,0.81083
0,0,0.352462,-0.66834,0.655051
0,0,-0.714102,-0.329757,0.61751
0,0,-0.344969,0.156963,0.925397
0,0,-0.610058,0.0582981,0.790209
0,0,-0.311561,0.606871,0.731189
0,0,-0.239528,-0.74192,0.626243
0,0,0.789168,-0.373048,0.487903
0,0,-0.741468,0.568224,0.356855
0,0,0.390831,-0.3253,0.861064
0,0,0.828363,0.485233,0.279935
0,0,0.254631,0.96212,0.0974101
0,0,-0.554247,-0.83045,0.0562387
0,0,0.677373,-0.716076,0.168527
0,0,-0.972631,-0.0876189,0.215204
0,0,0.205196,-0.0431825,0.977768
0,0,-0.98892,0.0563928,0.137321
0,0,-0.90625,-0.391009,0.160697
0,0,-0.338503,-0.858732,0.384702
0,0,0.605658,0.591197,0.532601
0,0,0.383179,-0.796079,0.468435
0,0,-0.49292,0.84032,0.225593
0,0,-0.906063,-0.157146,0.392881
0,0,0.884453,0.367604,0.287419
0,0,-0.149409,-0.987581,0.0485863
0,0,0.424803,0.270705,0.863864
0,0,-0.0547802,0.991559,0.117516
15.3379,21.1376,0.0250555,-0.359849,0.932674
0,0,-0.0169941,-0.925759,0.377732
0,0,0.757423,-0.596346,0.265862
0,0,0.325422,-0.766625,0.553522
0,0,-0.649835,-0.0509767,0.758364
0,0,-0.446787,0.527903,0.722288
0,0,0.883704,0.241977,0.400642
0,0,-0.834232,0.551307,0.0108326
0,0,0.0772801,-0.132411,0.988178
0,0,0.587057,0.0721858,0.806321
0,0,0.781281,-0.617855,0.0886282
0,0,-0.696879,-0.695886,0.173501
0,0,-0.223423,-0.903343,0.366132
0,0,-0.545003,-0.831008,0.111344
0,0,-0.785293,-0.618895,0.0168578
0,0,-0.668162,-0.691251,0.275195
0,0,0.246949,0.921825,0.298757
0,0,-0.330722,0.581821,0.743039
0,0,-0.472515,-0.853593,0.219339
0,0,-0.651352,-0.0231398,0.758423
0,0,-0.0802923,-0.681383,0.72751
0,0,0.717999,0.69377,0.056216
0,0,0.75683,-0.195789,0.623598
0,0,-0.165402,-0.986062,0.0180127
0,0,0.923516,-0.261401,0.280692
0,0,-0.40134,0.862647,0.307842
0,0,0.932449,0.361039,0.0137972
0,0,-0.0233277,-0.873848,0.485639
0,0,0.367159,0.769828,0.522072
0,0,-0.517416,-0.519439,0.680047
0,0,-0.903778,0.424633,0.0535967
18.416,25.1059,-0.622211,-0.664396,0.414043
0,0,0.265838,0.957218,0.114296
0,0,0.883998,-0.424974,0.194796
0,0,0.679858,0.437155,0.588803
0,0,-0.945172,-0.214713,0.246064
0,0,0.920819,0.201426,0.333945
0,0,0.463217,-0.325173,0.824434
0,0,0.398767,-0.913069,0.0853837
0,0,-0.10444,0.98482,0.13864
0,0,-0.367118,0.0888252,0.925923
0,0,0.7367,0.552326,0.390141
0,0,-0.745244,0.628751,0.221999
0,0,0.562826,0.665414,0.490358
24.3437,36.7598,0.389853,0.130028,-0.911651
0,0,-0.324943,0.653291,0.683829
0,0,-0.742141,0.655735,0.138702
0,0,-0.503288,0.825275,0.25617
0,0,-0.166825,-0.985805,0.0189252
0,0,0.663313,0.747162,0.0420198
0,0,0.474418,-0.601139,0.643086
0,0,0.742499,-0.668326,0.0451138
0,0,0.584347,0.739554,0.334063
0,0,0.314521,-0.142119,0.938551
0,0,-0.324865,0.943925,0.0588877
0,0,-0.904699,-0.344374,0.25085
0,0,0.610586,-0.572167,0.547549
0,0,0.278053,-0.749892,0.60029
0.258077,0.237734,0.98174,0.0830346,0.17115
0,0,-0.176967,0.514453,0.83906
0,0,0.0227993,-0.970968,0.238121
0,0,-0.86745,-0.245654,0.432649
17.3965,24.0672,0.417301,0.894179,0.162181
0,0,-0.5111,-0.175672,0.841377
21.9381,28.6744,0.450986,-0.567123,0.68919
0,0,0.935463,-0.345513,0.0743675
0,0,0.465643,-0.0584307,0.883042
0,0,-0.432006,-0.41636,0.800009
0,0,-0.630489,-0.156169,0.760325
0,0,0.481946,0.571295,0.664342
0,0,-0.429891,0.414378,0.802175
0,0,0.426878,0.783697,0.451213
0,0,0.515637,-0.832962,0.200729
0,0,0.636477,-0.739872,0.217913
0,0,0.65436,-0.538424,0.530955
0,0,0.0149886,-0.902643,0.430128
0,0,0.796678,0.532511,0.285895
0,0,-0.643061,-0.473439,0.601938
0,0,-0.711877,-0.638908,0.291596
0,0,-0.699768,0.346881,0.624499
0,0,-0.20549,0.853695,0.478517
0,0,-0.430745,0.530744,0.72991
0,0,0.763047,0.633537,0.128024
0,0,0.591755,0.782152,0.195101
0,0,-0.0941709,-0.519796,0.849084
0,0,-0.124881,0.908932,0.397803
0,0,-0.194553,0.625531,0.755552
0,0,-0.6134,-0.503935,0.608103
0,0,0.195841,0.610165,0.767688
0,0,0.696851,-0.713247,0.0753462
0,0,-0.927442,0.302823,0.219428
0,0,-0.194951,0.199437,0.960322
0,0,-0.352026,-0.0387328,0.935188
0,0,-0.279432,-0.802173,0.527671
0,0,-0.956116,0.00303912,0.292974
0,0,-0.644873,-0.344874,0.682056
0,0,0.548297,-0.712184,0.438367
0,0,-0.292436,0.773789,0.5619
0,0,-0.481826,-0.8761,0.0170855
0,0,0.561182,0.817026,0.132452
0,0,0.0211904,-0.839159,0.543473
0,0,0.0780532,-0.897445,0.434165
0,0,0.437437,0.235967,0.867737
0,0,-0.888017,-0.359152,0.287115
0,0,-0.459963,0.312614,0.831088
0,0,0.971606,0.0449121,0.232304
0,0,-0.498857,-0.0456897,0.865479
0,0,-0.915342,0.377966,0.138893
0,0,0.071411,0.72343,0.686694
0,0,0.768425,-0.585712,0.257808
0,0,-0.222966,0.903388,0.366301
0,0,-0.188316,0.712121,0.676329
0,0,0.153247,0.505425,0.849153
0,0,0.769914,-0.28703,0.569954
0,0,0.416243,0.168344,0.893533
0,0,0.38115,0.153328,0.91171
0,0,0.0606068,-0.964865,0.255662
0,0,0.783539,-0.0637172,0.618067
0,0,0.278026,0.774111,0.568729
0,0,-0.132078,0.893196,0.429832
0,0,0.880564,-0.0119074,0.473778
0,0,0.936127,0.309265,0.167395
0,0,-0.267448,0.940565,0.209305
0,0,0.030568,-0.948243,0.316072
0,0,0.0118362,-0.538244,0.842706
0,0,0.505403,0.832311,0.227653
0,0,0.93116,-0.349147,0.105059
0,0,0.708064,0.666361,0.233685
0,0,-0.524196,-0.712856,0.465891
0,0,0.822087,0.0746588,0.564446
0,0,0.330404,0.590014,0.736693
0,0,-0.322632,0.663256,0.675278
0,0,0.186612,0.483994,0.854942
0,0,-0.4686,-0.21093,0.857859
0,0,-0.224777,0.687266,0.690753
0,0,0.565926,0.744974,0.353187
0,0,0.967169,0.0376916,0.251325
0,0,0.901692,0.143331,0.407931
0,0,-0.279292,-0.914753,0.291931
0,0,0.893458,-0.135354,0.428266
0,0,0.690625,-0.101137,0.716106
0,0,-0.308695,0.861391,0.403377
16.3761,24.2128,0.237718,-0.20385,0.949703
0,0,0.373738,0.586898,0.718241
0,0,-0.341392,-0.00764971,0.93989
0,0,-0.80421,-0.586671,0.0951976
0,0,-0.500657,-0.219265,0.837416
0,0,0.472788,-0.0792114,0.877609
0,0,0.395449,0.587344,0.706149
0,0,-0.177145,-0.314778,0.932488
0,0,-0.3872,-0.919804,0.0635436
0,0,0.78687,0.234755,0.570723
0,0,0.172497,-0.726443,0.665226
0,0,-0.166155,-0.943782,0.285777
0,0,0.06662,0.970356,0.232317
0,0,-0.70879,0.347179,0.614072
0,0,0.32038,0.946799,0.0304586
0,0,0.276939,0.946348,0.166524
0,0,-0.614412,-0.784226,0.0865311
0,0,-0.70397,-0.289382,0.648602
0,0,-0.530757,0.748341,0.397848
0,0,0.690456,-0.292047,0.6618
0,0,-0.30179,0.46963,0.829681
0,0,-0.0603524,0.987633,0.144704
0,0,0.5962,-0.431415,0.677073
6.62873,8.93283,-0.407099,-0.123549,0.90499
0,0,-0.567976,-0.602071,0.561172
0,0,0.726746,-0.489366,0.482038
0,0,-0.627776,0.755203,0.18859
0,0,0.478702,-0.749907,0.4566
0,0,0.321678,-0.861983,0.391801
0,0,0.0968688,-0.636517,0.765155
0,0,0.484634,-0.54698,0.682601
0,0,-0.486544,-0.580416,0.652988
0,0,-0.528161,-0.803736,0.273961
0,0,-0.352366,-0.678856,0.644199
0,0,0.846744,0.465631,0.257318
0,0,-0.611701,0.733594,0.296078
0,0,-0.753569,0.584384,0.301048
0,0,0.389137,0.779571,0.490756
0,0,0.889399,0.242722,0.38737
23.0931,31.4328,-0.883061,0.438393,0.167375
0,0,0.328643,-0.894522,0.303025
0,0,-0.030986,-0.900452,0.433849
0,0,-0.926088,0.310734,0.214024
0,0,0.200141,-0.86071,0.468105
0,0,-0.0329491,-0.964942,0.260388
0,0,0.0656394,0.32333,0.944007
0,0,0.591407,0.298343,0.749152
0,0,0.516926,0.0769059,0.852569
0,0,-0.988375,0.0194171,0.15079
0,0,-0.578404,-0.705352,0.409789
0,0,-0.984291,0.087914,0.153108
0,0,0.529661,-0.848091,0.0141571
0,0,0.00555573,0.232579,0.972562
0,0,-0.548726,0.835106,0.0386992
0,0,-0.505715,0.854498,0.118683
0,0,-0.411868,-0.493847,0.76582
0,0,0.774935,0.243902,0.583084
0,0,-0.538327,-0.727532,0.425324
0,0,-0.0913619,-0.942224,0.322284
0,0,-0.847281,-0.107902,0.520069
0,0,-0.754545,-0.342826,0.559583
0,0,0.562651,0.00369863,0.826687
0,0,0.152214,0.987065,0.0503358
0,0,0.0501223,-0.993317,0.103969
0,0,-0.396509,-0.526784,0.75185
0,0,0.0172086,0.992042,0.124728
0,0,0.0979713,-0.993237,0.0623056
0,0,0.934662,-0.210422,0.286583
0,0,-0.368332,0.0137889,0.929592
0,0,-0.38574,-0.797824,0.463336
0,0,0.580109,0.704083,0.409562
0,0,0.814773,0.578178,0.0430701
0,0,0.525424,-0.747413,0.406575
0,0,0.741988,-0.661517,0.108858
0,0,-0.452068,-0.881053,0.139216
0,0,0.47363,0.18587,0.860888
0,0,0.314266,0.515085,0.797449
0,0,-0.427543,0.30451,0.851164
0,0,-0.221878,0.442511,0.868881
0,0,-0.223727,0.883456,0.411645
0,0,0.580176,-0.491812,0.649243
0,0,0.41126,0.89381,0.178799
0,0,-0.362936,0.67094,0.646619
0,0,0.0296221,0.95984,0.278981
0,0,0.654544,0.1888,0.73207
0,0,-0.510125,0.828796,0.229933
0,0,-0.812151,0.549934,0.194894
0,0,0.38976,-0.742214,0.545165
0,0,0.950415,0.1041,0.293042
0,0,0.818583,-0.546944,0.175427
0,0,0.0222503,0.437716,0.898838
0,0,-0.193812,-0.719898,0.666471
0,0,0.46112,0.249034,0.851675
0,0,-0.445187,0.757726,0.477138
0,0,-0.168814,0.547299,0.819735
0,0,-0.626091,-0.463531,0.627016
0,0,-0.58208,-0.638598,0.503364
0,0,0.0300758,-0.998309,0.0497512
0,0,-0.132182,-0.89483,0.426389
0,0,0.689293,-0.310279,0.654677
0,0,0.190775,-0.31043,0.931256
0,0,-0.544348,0.0708887,0.835859
0,0,-0.642279,-0.712252,0.283151
0,0,-0.639794,0.0649335,0.765799
9.69437,12.8766,-0.343538,0.425778,0.837075
0,0,0.549405,0.83288,0.0668191
0,0,-0.587255,0.726516,0.356799
0,0,0.252435,0.834606,0.489601
0,0,0.232175,-0.723275,0.65036
0,0,-0.794888,-0.533546,0.288931
0,0,0.345412,-0.563711,0.75028
0,0,-0.378003,0.916461,0.131197
0,0,0.177307,0.98157,0.0712868
0,0,0.429686,-0.72872,0.533232
0,0,0.502345,-0.864564,0.0133644
0,0,0.705738,-0.329161,0.627365
0,0,-0.331907,0.625378,0.706215
0,0,0.285854,0.547291,0.786613
0,0,-0.160204,0.335652,0.928263
0,0,-0.407127,0.0757618,0.910224
0,0,-0.132875,0.955267,0.264214
0,0,-0.549255,-0.237995,0.801048
0,0,-0.592649,-0.239756,0.76895
0,0,0.689149,-0.504948,0.519712
0,0,-0.911807,0.381079,0.152925
0,0,-0.772769,-0.633247,0.0427351
0,0,0.082808,-0.225496,0.970719
1.17409,1.36405,0.140641,-0.0800202,0.986822
0,0,0.968506,0.185343,0.166265
0,0,-0.0186504,0.806451,0.591007
0,0,0.0354975,0.846262,0.531583
0,0,0.570492,0.579424,0.582071
0,0,-0.84615,-0.356278,0.396354
0,0,-0.17636,-0.978135,0.11022
0,0,-0.30464,0.837043,0.454482
0,0,-0.63757,-0.409281,0.652682
0,0,0.144924,0.80135,0.580375
0,0,0.556152,0.311859,0.77035
0,0,0.841827,0.138498,0.521676
0,0,0.793181,0.591285,0.14576
0,0,-0.961816,0.0519865,0.268713
0,0,-0.288544,0.926416,0.241859
0,0,-0.454443,-0.303182,0.837593
0,0,-0.780595,-0.531859,0.328325
0,0,0.354704,0.93421,0.0379093
0,0,0.769534,-0.478884,0.422478
0,0,0.265061,0.760736,0.592472
0,0,-0.444776,0.891834,0.0825061
0,0,-0.977181,-0.152025,0.148342
0,0,-0.875292,0.359047,0.32396
0,0,-0.250496,-0.93599,0.247333
0,0,-0.097472,0.573722,0.813229
0,0,0.000108305,0.652222,0.758028
0,0,-0.0143311,-0.921045,0.389193
0,0,-0.549231,-0.437234,0.71216
0,0,-0.667171,0.466293,0.580907
0,0,0.746091,0.599478,0.289784
0,0,-0.0753342,-0.966125,0.246834
0,0,0.550159,0.642923,0.532894
0,0,-0.186599,0.680644,0.708452
0,0,0.47443,0.19854,0.857612
0,0,0.568221,0.797936,0.201055
0,0,-0.825678,0.197493,0.528443
0,0,0.137708,0.142085,0.980229
0,0,0.696654,-0.332914,0.635485
0,0,-0.914398,0.334565,0.227909
0,0,-0.712362,-0.414217,0.566538
0,0,0.55954,-0.816084,0.144646
0,0,0.901778,-0.392381,0.181202
0,0,0.214718,0.833711,0.508745
0,0,-0.831824,-0.0425526,0.553406
0,0,-0.763967,0.628168,0.147515
0,0,0.094866,-0.989793,0.106352
0,0,0.456549,-0.174629,0.872392
0,0,-0.224423,0.432984,0.873017
0,0,0.623125,-0.740438,0.251927
23.6331,31.8131,0.4015,0.877446,0.262463
0,0,0.0690009,0.987223,0.143629
0,0,0.981293,-0.0558528,0.184239
0,0,-0.744812,-0.385707,0.544505
0,0,0.53232,0.751229,0.390244
0,0,-0.68657,0.482857,0.543572
0,0,0.290679,-0.823251,0.48761
0,0,-0.474439,-0.710662,0.519487
0,0,0.960226,-0.276671,0.037674
0,0,-0.81989,0.451686,0.351795
0,0,-0.510936,0.453772,0.730092
0,0,0.942923,-0.317277,0.101151
0,0,0.97121,-0.184902,0.150209
0,0,0.0642269,-0.477729,0.876156
0,0,0.896924,-0.418632,0.142387
0,0,0.421579,0.164353,0.891773
0,0,-0.90302,-0.409354,0.130326
0,0,-0.970589,-0.0933233,0.221916
0,0,0.828151,-0.146655,0.540978
20.1521,31.0771,0.485923,-0.781057,-0.39221
0,0,0.755822,-0.621441,0.20626
0,0,-0.445814,-0.0101895,0.895068
0,0,-0.353977,-0.851501,0.386841
0,0,0.916977,-0.213043,0.337293
0,0,0.566628,0.0967249,0.818277
0,0,-0.397714,-0.88669,0.235807
0,0,-0.410635,-0.303379,0.859849
0,0,-0.899093,-0.303709,0.315267
0,0,-0.295182,0.871393,0.391843
0,0,-0.898387,-0.0361917,0.43771
0,0,-0.121385,-0.877148,0.464626
0,0,-0.975796,-0.0118626,0.218359
0,0,0.766749,0.579372,0.276447
0,0,0.522285,-0.119022,0.844424
0,0,-0.741516,0.333674,0.582078
0,0,-0.991135,-0.0356647,0.127982
0,0,0.29292,0.444371,0.8466
0,0,0.0935335,-0.0471033,0.994501
0,0,-0.387049,0.0405265,0.921168
0,0,0.572405,-0.55959,0.599343
0,0,-0.311352,-0.32365,0.893483
0,0,-0.573507,-0.435691,0.693731
0,0,-0.538507,-0.367539,0.758238
0,0,0.0518725,0.7927,0.607401
0,0,0.768855,0.448411,0.45584
0,0,-0.276516,0.808984,0.518732
0,0,0.788188,-0.612427,0.0607728
0,0,0.467242,0.882931,0.0460205
0,0,-0.535967,0.21998,0.815075
0,0,-0.1945,-0.816982,0.542873
0,0,0.433491,0.89829,0.0718357
0,0,-0.584227,-0.631432,0.509875
0,0,0.458088,0.621436,0.635588
0,0,-0.670961,-0.300615,0.677821
0,0,-0.0762119,-0.951017,0.299598
0,0,-0.285201,0.413218,0.864818
0,0,0.577127,0.781536,0.23691
0,0,-0.746711,-0.482965,0.457348
0,0,-0.273639,0.0500103,0.960531
0,0,-0.440952,0.849057,0.290972
0,0,-0.677987,-0.622965,0.390189
0,0,-0.913118,0.234252,0.333678
3.18289,5.22424,0.837988,0.000648977,0.545688
0,0,0.246496,-0.775843,0.580782
0,0,-0.569082,0.803227,0.17599
9.50393,12.9584,-0.637319,0.429414,0.639866
0,0,0.485258,-0.858911,0.163694
0,0,-0.411377,0.0478912,0.910206
0,0,0.873395,-0.485607,0.036987
0,0,0.0868738,0.242122,0.966349
0,0,-0.766609,0.493093,0.411302
0,0,0.005153,-0.983261,0.18213
0,0,-0.556861,-0.830016,0.0312936
0,0,-0.125621,-0.771369,0.623866
0,0,-0.064536,-0.710369,0.700864
0,0,-0.87185,0.327143,0.364493
0,0,-0.204023,0.753918,0.624485
0,0,0.383783,-0.206548,0.900027
0,0,0.201003,0.484339,0.851477
0,0,-0.168187,0.947972,0.270299
0,0,-0.0311987,0.908309,0.417136
0,0,-0.41705,0.740434,0.527093
0,0,0.638537,0.589203,0.495086
0,0,0.617027,0.482201,0.6219
0,0,0.991704,0.0620653,0.112565
20.4443,29.7104,0.0970111,-0.714739,-0.692631
0,0,-0.0613566,-0.222138,0.973083
0,0,0.733748,0.611655,0.295791
0,0,-0.737848,-0.574699,0.353979
0,0,-0.698749,-0.461594,0.546517
0,0,-0.663044,-0.726025,0.182375
0,0,-0.474686,0.0141521,0.880041
0,0,-0.521484,-0.456034,0.721171
0,0,-0.855515,-0.371639,0.360525
0,0,0.709957,-0.554504,0.434151
0,0,-0.160178,-0.158109,0.974343
0,0,-0.866158,0.493774,0.0771792
0,0,0.997402,0.0718171,0.00559532
0,0,0.509601,0.593729,0.622731
0,0,0.782665,0.141847,0.606065
0,0,-0.249081,-0.846764,0.470053
0,0,-0.142263,-0.760713,0.633306
0,0,-0.814752,0.453724,0.360988
0,0,0.158949,0.977357,0.139676
0,0,-0.58669,0.783783,0.203665
0,0,-0.981978,0.108946,0.154437
0,0,-0.509278,-0.0208252,0.86035
0,0,0.440181,0.850406,0.288184
0,0,-0.600449,-0.61568,0.510294
0,0,0.843503,-0.0124361,0.536981
0,0,0.824383,0.140304,0.548368
0,0,0.769331,-0.592633,0.238573
0,0,-0.293984,0.86642,0.403596
0,0,0.505098,0.484973,0.713917
0,0,0.186803,0.782335,0.594185
0,0,0.732065,0.431609,0.527062
0,0,-0.499101,0.776985,0.383657
0,0,0.101465,0.991204,0.0849672
8.64603,12.4193,-0.108908,0.263327,0.95854
0,0,-0.608639,-0.437358,0.662024
0,0,0.705057,-0.527403,0.474069
0,0,-0.182226,0.34249,0.92168
0,0,-0.353247,-0.560047,0.749375
0,0,0.467949,0.850445,0.240346
0,0,-0.19882,-0.230388,0.952571
0,0,-0.514915,0.809077,0.283296
0,0,0.618603,-0.476977,0.624358
0,0,-0.950286,-0.0223076,0.310579
0,0,0.712574,-0.571022,0.407642
0,0,0.753231,0.639088,0.155593
0,0,0.26439,-0.806012,0.529569
0,0,0.521636,-0.678377,0.517397
0,0,-0.59639,-0.0982572,0.796658
0,0,0.612067,0.140141,0.77829
0,0,-0.813394,0.212783,0.5414
0,0,-0.226464,0.96521,0.130704
0,0,-0.668057,-0.743522,0.0295712
0,0,-0.925308,0.0652862,0.373554
0,0,0.99505,0.0979787,0.0166184
0,0,-0.516495,0.440167,0.734498
0,0,-0.44922,-0.889682,0.0816525
0,0,0.474273,-0.124006,0.871601
0,0,0.528241,-0.848566,0.0299508
0,0,0.280709,0.769092,0.574195
0,0,0.364779,-0.909215,0.20066
0,0,-0.0207699,0.807987,0.588834
0,0,0.822773,-0.0271885,0.567719
0,0,-0.0943976,0.317428,0.943572
0,0,0.880217,-0.138992,0.45376
0,0,-0.70458,0.339146,0.623336
0,0,0.0979235,0.752178,0.651643
0,0,0.782426,0.0751494,0.618192
0,0,0.0162473,0.952771,0.303256
0,0,0.517592,-0.778946,0.354037
0,0,0.77047,0.286106,0.569665
0,0,0.723886,-0.588619,0.359885
0,0,-0.277625,-0.948213,0.154326
0,0,0.984231,0.145287,0.100903
0,0,0.292083,-0.295155,0.90971
0,0,0.0962044,0.417013,0.903795
0,0,-0.830556,0.392412,0.395208
0,0,-0.348552,0.451261,0.821508
0,0,-0.803631,-0.437967,0.402942
0,0,0.953755,0.126354,0.272738
0,0,0.566396,0.650296,0.506272
0,0,0.513322,-0.839,0.180498
0,0,-0.938261,-0.329768,0.104498
0,0,-0.478075,0.39242,0.78578
0,0,0.314822,-0.453272,0.833926
0,0,-0.766225,-0.574613,0.287608
0,0,0.0626004,0.948768,0.309712
0,0,0.0145728,0.938994,0.343624
0,0,-0.462577,-0.518802,0.718935
0,0,-0.572459,-0.23777,0.784701
0,0,-0.0840121,-0.658706,0.747696
0,0,0.609332,-0.677104,0.412607
0,0,-0.905445,0.077485,0.417331
0,0,-0.715091,0.165119,0.67925
0,0,0.938456,0.248301,0.240096
0,0,-0.675402,-0.727137,0.122894
0,0,0.887488,0.194404,0.417818
0,0,0.54101,-0.629358,0.557867
0,0,-0.801303,-0.593665,0.0739928
0.760393,1.11346,-0.406202,0.3577,0.840863
0,0,0.795265,-0.511695,0.325149
0,0,-0.502533,-0.430553,0.749723
0,0,-0.292183,0.46692,0.834635
0,0,-0.00513762,-0.407282,0.913288
0,0,0.499893,-0.675014,0.542645
0,0,0.77442,-0.210048,0.596786
0,0,-0.921559,0.388237,7.89435e-05
0,0,-0.700442,-0.233603,0.674396
0,0,0.0354394,-0.952575,0.302233
0,0,0.785085,0.604917,0.133104
0,0,-0.880331,0.227915,0.416019
0,0,0.464406,0.409889,0.785059
0,0,0.406861,0.709618,0.575245
0,0,-0.144625,-0.888709,0.435063
0,0,0.327458,0.944439,0.0283955
3.23,4.96827,-0.452688,0.585046,0.672901
0,0,0.695185,0.277646,0.663046
0,0,0.421628,0.875648,0.235521
0,0,-0.031395,0.0256148,0.999179
0,0,0.552622,0.621247,0.555573
0,0,-0.296715,0.669561,0.680917
0,0,0.168217,-0.984362,0.0522952
0,0,0.0758785,-0.609812,0.788906
0,0,-0.260514,-0.311195,0.913942
0,0,-0.473227,0.339632,0.812838
0,0,0.438212,0.0671175,0.896362
0,0,0.630567,-0.655518,0.415551
0,0,0.35137,0.922799,0.158054
0,0,-0.346118,0.500049,0.793822
20.0672,27.7841,-0.0415316,0.204188,0.97805
0,0,-0.19424,-0.97216,0.131056
0,0,-0.40065,0.118914,0.908482
0,0,-0.481815,0.103732,0.870111
0,0,-0.112762,-0.628262,0.769787
0,0,0.776897,-0.608527,0.161635
0,0,-0.642688,-0.287623,0.710088
0,0,0.0296812,-0.783588,0.620571
0,0,0.268901,-0.237251,0.93349
0,0,0.732524,-0.0532154,0.678658
0,0,0.801486,0.596321,0.0449625
0,0,0.648713,-0.388468,0.654418
0,0,0.801121,0.530899,0.276317
0,0,-0.572113,0.644064,0.507808
0,0,0.674945,-0.723584,0.144485
0,0,0.246103,-0.367434,0.896898
0,0,0.62809,0.38242,0.677686
0,0,0.984747,0.144768,0.0965183
0,0,0.547383,0.226755,0.805577
0,0,-0.869661,-0.398519,0.291327
0,0,-0.291314,-0.946648,0.13782
0,0,0.338844,-0.328524,0.881622
0,0,0.0936704,-0.972197,0.214614
0,0,0.844854,-0.47908,0.238125
0,0,0.941028,-0.183316,0.284362
17.1238,23.2477,0.29479,0.811625,0.504344
0,0,-0.34713,-0.936554,0.0486617
0,0,0.536204,-0.168028,0.827195
0,0,-0.587567,0.142551,0.79652
0,0,0.0722493,-0.834442,0.546339
0,0,-0.0661196,0.611392,0.788561
0,0,0.757024,-0.134164,0.639464
0,0,-0.723657,0.131361,0.677543
0,0,-0.885225,0.244425,0.395769
0,0,-0.163724,0.74464,0.647075
0,0,0.506491,0.0540653,0.860549
0,0,0.761645,0.511791,0.39745
0,0,-0.416165,-0.253458,0.87325
0,0,-0.573089,0.723326,0.385188
0,0,0.742126,0.409766,0.530415
0,0,0.891036,0.407104,0.200799
0,0,-0.282627,-0.878485,0.385209
0,0,-0.938619,-0.295943,0.177234
0,0,0.505929,0.599868,0.619834
0,0,0.462371,-0.122602,0.878169
0,0,0.840276,-0.537304,0.072391
0,0,0.563801,-0.791391,0.236281
0,0,0.788555,0.509697,0.344078
0,0,-0.23052,0.824896,0.516147
0,0,-0.333989,0.380116,0.862533
0,0,-0.806653,0.0944655,0.583427
0,0,-0.835804,-0.156583,0.526225
0,0,0.239789,-0.84659,0.475169
0,0,0.584531,0.217776,0.781599
0,0,0.15361,0.808489,0.56811
0,0,-0.529573,0.840938,0.111251
0,0,0.626367,-0.342025,0.700487
0,0,0.643954,-0.209742,0.735752
0,0,0.473337,0.641408,0.603778
0,0,-0.656333,-0.662305,0.361356
0,0,0.180053,0.780812,0.598258
0,0,0.319029,0.907447,0.273423
0,0,0.868811,-0.167728,0.465871
0,0,0.994312,0.0723587,0.0781547
0,0,-0.432084,-0.899408,0.0660956
0,0,0.310866,0.950395,0.0105565
3.26126,5.2361,0.319991,-0.0186134,0.947238
0,0,-0.659702,-0.244007,0.710812
0,0,0.983525,0.133868,0.121482
0,0,0.404338,0.327959,0.853788
0,0,-0.909642,0.110297,0.400482
0,0,0.520677,-0.0114249,0.853677
0,0,-0.018432,-0.999421,0.0285957
0,0,0.858275,-0.29318,0.4212
0,0,0.84577,0.533355,0.0143277
0,0,0.423486,0.759621,0.493595
0,0,0.387447,-0.656818,0.646897
0,0,0.731981,0.564013,0.382222
0,0,0.985282,-0.162112,0.0542154
0,0,0.379517,-0.906435,0.185315
0,0,-0.445256,0.17781,0.877571
0,0,0.846469,0.36685,0.38589
0,0,-0.192117,0.981371,0.0014792
0,0,-0.454716,0.82406,0.337872
1.11395,1.58409,-0.426252,-0.342716,-0.837171
0,0,0.713492,0.180417,0.677037
0,0,0.737943,0.281398,0.613396
0,0,0.327503,0.152515,0.93246
0,0,-0.117333,0.449093,0.885748
0,0,-0.894373,0.30895,0.32349
0,0,-0.435208,-0.470927,0.767348
0,0,-0.40742,-0.912726,0.0306764
0,0,-0.194915,-0.978904,0.0612809
0,0,-0.269472,-0.587578,0.762979
0,0,0.210318,-0.781789,0.587002
0,0,0.672507,0.40097,0.622059
0,0,-0.489258,0.606714,0.626518
0,0,-0.271418,0.740515,0.614793
0,0,0.75789,0.0284717,0.651761
0,0,0.121882,0.546296,0.828677
0,0,-0.268218,0.712322,0.648581
0,0,-0.446279,0.793654,0.413459
0,0,0.839692,0.191441,0.508201
0,0,0.433689,-0.749012,0.500893
0,0,0.224553,0.798997,0.557835
0,0,0.13822,-0.588182,0.79683
0,0,-0.705876,-0.328179,0.627724
0,0,0.99278,0.098507,0.0684385
0,0,-0.81629,0.566626,0.112276
0,0,0.761296,-0.636593,0.123196
0,0,-0.404781,-0.675897,0.615886
0,0,0.372279,0.229683,0.899252
21.2924,29.8598,-0.874052,0.0304662,0.484876
0,0,0.664155,0.402529,0.629975
0,0,-0.95703,0.016217,0.289536
0,0,-0.592806,-0.795154,0.127716
0,0,-0.685257,0.684481,0.248816
0,0,-0.638867,0.717516,0.277523
0,0,0.00223678,0.999377,0.0352102
0,0,-0.961883,-0.159353,0.222234
0,0,0.0818047,0.748628,0.657925
0,0,-0.543894,0.0291291,0.838648
0,0,0.386557,0.500038,0.774942
0,0,-0.107313,0.764362,0.635795
0,0,-0.725493,0.592448,0.350236
0,0,-0.777116,0.496794,0.386377
0,0,-0.462611,-0.529513,0.711061
0,0,0.688475,-0.690423,0.222078
0,0,-0.661617,0.658813,0.35809
9.42564,14.4184,-0.230681,0.0456237,0.971959
0,0,-0.134718,-0.978062,0.158892
0,0,0.116033,0.947493,0.297982
0,0,0.393341,0.203767,0.896528
0,0,0.933828,-0.295677,0.201345
0,0,0.79219,-0.490012,0.363763
0,0,-0.595661,0.754352,0.275937
0,0,-0.165303,-0.978525,0.123143
0,0,-0.154196,0.479967,0.863629
0,0,-0.429086,0.781732,0.452527
0,0,-0.322021,-0.593509,0.737598
0,0,-0.849501,-0.349104,0.395567
0,0,-0.583265,-0.0290598,0.811762
0,0,0.440052,-0.82001,0.365974
0,0,-0.502681,0.86287,0.0526016
0,0,0.547778,-0.832464,0.0833251
0,0,0.132035,-0.977948,0.161816
0,0,-0.989516,-0.0419585,0.138191
0,0,0.34799,0.00353351,0.937492
0,0,0.998543,-0.0471669,0.0261953
0,0,-0.388368,-0.902231,0.187481
0,0,0.738503,-0.581233,0.341733
0,0,-0.714858,-0.686392,0.133579
0,0,-0.326057,-0.740555,0.587593
0,0,-0.936656,0.32669,0.126294
0,0,0.877434,0.4674,0.107923
0,0,-0.840939,-0.527693,0.119844
0,0,0.110954,-0.908753,0.402316
0,0,-0.37464,-0.605841,0.701856
0,0,-0.598782,-0.597943,0.532846
0,0,-0.810527,-0.487933,0.323987
0,0,-0.42986,0.873371,0.229007
0,0,-0.406804,0.824831,0.392636
0,0,-0.460845,0.336922,0.821039
0,0,-0.851317,-0.261582,0.45479
0,0,-0.712531,-0.238179,0.659978
0,0,0.583288,-0.249901,0.772868
14.5271,20.909,-0.759129,0.546557,0.353551
0,0,0.671634,-0.543778,0.503203
0,0,-0.0584441,-0.637639,0.768115
0,0,0.370666,-0.83586,0.4049
0,0,0.659356,-0.439337,0.610108
0,0,0.64887,0.604715,0.46183
0,0,-0.826919,0.332929,0.453171
0,0,0.86385,-0.478377,0.157853
0,0,0.527558,0.60222,0.599178
0,0,-0.380639,0.917064,0.118777
0,0,-0.448867,0.536704,0.714469
0,0,-0.0250158,0.438679,0.898296
0,0,0.767647,-0.356158,0.532794
0,0,0.783894,0.611518,0.107499
0,0,-0.148093,0.843484,0.516337
0,0,-0.932581,-0.304235,0.194255
0,0,0.59032,-0.807145,0.00626892
0,0,-0.913973,-0.393799,0.0978583
0,0,0.756689,-0.329498,0.56467
0,0,-0.470271,0.674924,0.568615
0,0,-0.544289,-0.652988,0.526646
0,0,0.779461,0.492582,0.387045
0,0,-0.751573,0.529515,0.393385
0,0,0.386279,0.00464988,0.92237
0,0,0.00762413,0.894735,0.446532
0,0,-0.990217,-0.0216682,0.137844
0,0,0.712533,0.359127,0.602764
0,0,0.517287,-0.855205,0.0322297
0,0,0.000478408,-0.676594,0.736356
0,0,0.914406,-0.398762,0.0696462
0,0,-0.466773,0.0756283,0.881137
0,0,-0.817193,-0.567338,0.101606
0,0,0.222526,-0.421385,0.879157
0,0,-0.859713,-0.509433,0.0370212
0,0,0.774117,0.575823,0.263004
0,0,0.915386,-0.402131,0.0189579
0,0,0.992164,-0.0956937,0.080331
0,0,0.377654,-0.888619,0.260256
0,0,0.131048,-0.928241,0.348131
0,0,0.201657,-0.955768,0.214107
0,0,-0.710238,0.703257,0.0315007
0,0,-0.762585,0.588882,0.267736
0,0,0.692289,0.449841,0.564251
0,0,-0.668294,0.595357,0.446019
0,0,0.92597,0.103398,0.363164
0,0,-0.67279,-0.543889,0.501537
0,0,0.886569,0.307718,0.345406
0,0,-0.480922,0.870291,0.106337
0,0,-0.0982763,-0.975656,0.196053
0,0,0.395097,0.682065,0.615374
0,0,-0.179769,0.322048,0.929499
0,0,0.553249,0.742517,0.377603
0,0,0.469742,0.414069,0.779672
0,0,-0.640578,0.433984,0.633496
0,0,-0.30172,-0.591862,0.747438
0,0,-0.00700789,-0.471919,0.881614
6.03368,8.40695,0.310176,-0.838023,0.448897
0,0,-0.427245,0.903699,0.0281074
0,0,-0.78294,0.569291,0.250824
6.75429,9.70962,-0.317569,0.1895,0.929107
0,0,-0.565256,0.643875,0.515666
0,0,0.621888,-0.761371,0.18322
0,0,0.470027,0.726244,0.501641
0,0,0.500948,0.762672,0.409124
0,0,0.320242,-0.903779,0.283952
0,0,0.766651,0.570041,0.295464
0,0,0.569143,0.627466,0.531379
0,0,0.338222,-0.940738,0.0248676
0,0,0.631934,-0.499743,0.592382
0,0,0.82735,-0.508208,0.239198
0,0,-0.205436,0.302089,0.93088
0,0,0.161588,-0.923482,0.347951
0,0,0.815428,0.557702,0.155066
0,0,0.288263,0.824497,0.486939
0,0,0.272786,-0.414036,0.868425
0,0,-0.415996,0.871354,0.260171
0,0,-0.658687,-0.546209,0.517482
0,0,0.366205,0.447859,0.815669
0,0,-0.44867,0.254423,0.856717
0,0,0.652281,-0.74277,0.151068
0,0,-0.289322,0.949803,0.119026
0,0,-0.0835946,0.959892,0.267619
0,0,-0.804419,0.459745,0.376224
0,0,-0.386184,0.904806,0.17941
0,0,-0.435145,-0.358382,0.825961
0,0,-0.688508,0.663036,0.293835
0,0,0.58877,0.775367,0.228376
0,0,0.628519,0.548141,0.55182
0,0,0.167497,0.876692,0.45095
0,0,-0.533253,-0.670317,0.516059
0,0,0.0982529,0.769151,0.631469
0,0,-0.774848,-0.515199,0.366308
0,0,-0.145877,0.861001,0.487234
0,0,-0.837219,0.303673,0.454805
0,0,-0.314229,0.936548,0.155363
0,0,0.798713,0.0210485,0.601343
0,0,0.463314,-0.72283,0.512696
0,0,-0.0157286,-0.722865,0.690811
0,0,-0.571486,0.144295,0.807826
0,0,0.432699,0.638509,0.636457
0,0,0.196678,0.221984,0.955008
0,0,-0.659279,0.536999,0.526293
0,0,0.196144,-0.886175,0.419788
0,0,0.936953,-0.0215412,0.348791
0,0,0.738198,-0.615909,0.275172
0,0,0.550359,-0.816106,0.176285
0,0,0.497227,0.866099,0.0513488
0,0,0.0832657,-0.836232,0.542017
0,0,-0.50219,-0.728846,0.465391
0,0,0.380132,-0.579743,0.720692
0,0,0.150492,0.583531,0.798025
0,0,-0.158367,0.83227,0.531268
0,0,-0.84373,0.420886,0.333129
0,0,0.240994,0.525619,0.815872
0,0,0.418477,-0.530422,0.737245
0,0,0.426945,-0.632061,0.646697
0,0,-0.779033,0.594955,0.197827
0,0,-0.793246,-0.554051,0.252563
0,0,-0.516631,-0.805288,0.290868
0,0,-0.35983,0.702835,0.613633
16.5441,23.9105,-0.874663,-0.484285,-0.0207817
0,0,-0.0931514,0.685065,0.722502
0,0,0.465886,-0.859695,0.209463
0,0,-0.045503,0.889631,0.454408
0,0,0.941549,0.267274,0.205063
0,0,-0.819166,-0.573528,0.00569928
0,0,0.178916,-0.910012,0.373987
0,0,0.453271,-0.861618,0.228386
0,0,-0.374972,0.880322,0.290568
0,0,0.693386,0.669681,0.265977
0,0,-0.410098,-0.569717,0.71221
0,0,-0.0453323,0.614728,0.787436
0,0,0.690259,0.300179,0.658357
0,0,0.256987,-0.649727,0.715411
0,0,0.753558,-0.579925,0.309576
0,0,0.74409,-0.632761,0.214345
0,0,-0.932144,-0.0510915,0.358466
0,0,-0.7711,0.130841,0.623125
0,0,0.706535,-0.476829,0.522916
0,0,0.987772,0.0990391,0.120404
0,0,-0.153822,0.923643,0.35103
0,0,-0.16941,-0.980851,0.0960808
0,0,-0.758546,-0.38729,0.524037
0,0,0.443188,0.512531,0.735457
0,0,0.504545,0.563571,0.654081
0,0,0.887671,-0.189162,0.41983
0,0,0.0236442,-0.427066,0.903911
0,0,-0.788794,0.60372,0.115436
0,0,0.770283,0.629504,0.101924
0,0,-0.824419,-0.410912,0.389211
0,0,-0.990494,-0.120037,0.0671708
0,0,0.550707,0.809558,0.203316
0,0,-0.436169,0.658385,0.613421
0,0,-0.731527,-0.480456,0.483767
0,0,0.495976,-0.867412,0.0400586
0,0,0.28984,-0.736215,0.611539
0,0,-0.404752,-0.892756,0.197896
0,0,-0.634662,-0.0577828,0.770626
0,0,-0.157635,-0.295785,0.942159
0,0,-0.697311,-0.408275,0.589125
0,0,-0.699843,-0.568226,0.432826
0,0,-0.395326,0.913549,0.0956274
0,0,-0.395262,0.647303,0.651741
0,0,0.993823,-0.110436,0.0109397
0,0,-0.300543,0.8941,0.332054
0,0,-0.260037,-0.686025,0.679522
0,0,-0.187928,-0.884442,0.427137
0,0,0.903804,0.417757,0.0928251
0,0,0.0374235,0.740594,0.670909
0,0,-0.406888,0.881034,0.241291
0,0,-0.330034,0.566206,0.755307
0,0,0.342056,-0.880222,0.328948
0,0,-0.106006,0.809344,0.577689
0,0,-0.997536,0.00689926,0.069823
0,0,-0.225895,0.784111,0.57805
0,0,-0.819461,-0.571184,0.0472518
0,0,-0.274959,0.685277,0.674383
0,0,-0.450706,-0.716788,0.532051
0,0,0.873123,-0.484223,0.0564278
0,0,0.842228,-0.364539,0.397194
0,0,-0.697103,0.0931345,0.710896
0,0,0.297078,0.801356,0.519204
0,0,0.964968,-0.259393,0.0393874
0,0,0.105902,-0.840424,0.53148
0,0,-0.977143,-0.117487,0.177169
0,0,-0.593175,-0.633396,0.496944
0,0,-0.263075,-0.947554,0.181473
0,0,-0.00133808,-0.988986,0.148002
0,0,-0.524887,-0.438269,0.729667
0,0,0.303143,0.201742,0.931345
0,0,-0.270081,-0.891581,0.36351
0,0,-0.381572,0.297512,0.875151
0,0,-0.892906,-0.363747,0.265344
7.11101,10.5158,-0.211287,0.167589,0.96295
0,0,-0.233619,-0.346718,0.90841
0,0,-0.0313817,0.791459,0.610416
0,0,0.0941398,0.951037,0.29439
0,0,-0.141814,0.802426,0.579656
0,0,0.669133,-0.743104,0.00760344
0,0,-0.587556,-0.256685,0.767392
0,0,-0.205445,-0.202604,0.957467
0,0,0.390244,0.906157,0.163064
0,0,-0.583738,-0.811032,0.0384303
0,0,-0.82276,-0.230788,0.519426
0,0,-0.227527,0.729557,0.644964
0,0,0.59249,0.772975,0.226858
0,0,0.915613,-0.401898,0.0114293
0,0,-0.299193,-0.517808,0.801473
0,0,-0.831886,0.355167,0.426406
0,0,0.479236,-0.554913,0.680004
0,0,0.648566,0.0200862,0.760894
0,0,-0.0710287,-0.619614,0.781686
0,0,-0.482136,-0.339095,0.807811
0,0,-0.30488,-0.142356,0.941691
5.96881,8.5764,-0.0243247,0.0290895,0.999281
0,0,-0.407295,0.0866296,0.909179
0,0,0.512723,-0.852385,0.102736
0,0,0.361553,0.575965,0.733174
0,0,-0.11134,-0.878303,0.46496
22.6977,31.198,0.368824,-0.926444,-0.0753021
0,0,0.810723,0.582557,0.0579245
0,0,-0.110088,0.975947,0.188173
0,0,-0.877542,0.438874,0.193157
0,0,0.118583,0.714004,0.690026
0,0,0.881708,0.0844291,0.464181
0,0,0.932353,-0.266291,0.244555
0,0,-0.64368,-0.259196,0.720065
0,0,0.7611,0.471301,0.445648
0,0,-0.147041,0.899214,0.412059
0,0,-0.094109,-0.533136,0.840779
0,0,0.858863,0.422504,0.289558
0,0,-0.248026,0.962127,0.113114
0,0,0.0239363,0.248375,0.968368
0,0,-0.750489,0.660667,0.0168979
0,0,-0.905071,0.413237,0.100408
0,0,-0.443514,-0.868565,0.221112
0,0,-0.481535,-0.365075,0.796771
0,0,0.166117,-0.741525,0.650035
0,0,-0.598836,-0.580032,0.55223
18.1287,26.1385,0.363854,-0.0242454,0.93114
0,0,0.474094,0.11675,0.872699
0,0,0.0716358,0.540014,0.838602
0,0,0.0938883,0.524942,0.845944
0,0,-0.481801,0.867433,0.124207
23.3721,34.7625,-0.3184,0.908771,0.269733
0,0,-0.0693648,-0.894168,0.442325
0,0,0.574272,0.111392,0.811051
0,0,0.608845,0.359635,0.707086
0,0,-0.812954,0.136764,0.566041
0,0,-0.45514,0.884581,0.101803
0,0,0.417384,0.838469,0.350372
0,0,0.70393,0.601722,0.377377
0,0,-0.0206224,-0.79216,0.609965
0,0,0.525317,0.365837,0.768248
0,0,0.725232,0.0845089,0.683299
0,0,-0.846759,0.00951122,0.531892
0,0,0.984574,0.136558,0.109386
0,0,0.282509,0.223682,0.932821
0,0,-0.0833021,0.913711,0.397734
0,0,0.513719,0.773586,0.371022
0,0,0.628512,-0.00300379,0.777794
0,0,0.704062,0.359846,0.612215
0,0,0.391809,-0.692049,0.606263
0,0,-0.455725,0.868135,0.196615
6.03465,8.92099,0.596276,0.0549825,-0.800894
0,0,0.544658,0.125853,0.829161
0,0,0.632653,-0.244137,0.734947
0,0,-0.268601,0.346603,0.898732
0,0,-0.777288,-0.427482,0.461608
0,0,-0.0769137,-0.761266,0.643863
0,0,0.58365,-0.591109,0.556725
0,0,-0.189059,-0.43323,0.881231
0,0,-0.107014,0.664093,0.739952
0,0,0.236812,-0.415535,0.878209
0,0,0.442936,-0.759019,0.477177
0,0,-0.788738,0.0137317,0.614576
0,0,-0.985461,0.0220281,0.168466
0,0,-0.938449,0.228049,0.259438
0,0,0.0983889,-0.307273,0.946521
0,0,0.925278,-0.0296679,0.378128
3.07881,4.86475,-0.433154,0.0529875,0.899761
0,0,-0.565268,-0.82489,0.00534501
0,0,-0.929947,0.155148,0.33336
0,0,-0.659808,-0.440001,0.609141
0,0,-0.660832,0.746484,0.0778644
0,0,0.825872,-0.563037,0.0304054
0,0,0.922924,-0.275453,0.268954
0,0,-0.635171,-0.223692,0.739269
0,0,0.817056,-0.274426,0.507061
0,0,-0.543211,0.665371,0.512059
0,0,0.678133,0.484975,0.552209
0,0,-0.771333,-0.403992,0.491769
0,0,-0.55478,-0.581605,0.594941
0,0,0.478626,-0.198642,0.855254
0,0,0.334674,-0.309141,0.890182
0,0,0.819724,-0.549352,0.162063
0,0,0.461304,0.864969,0.197555
0,0,-0.292368,0.73123,0.616298
0,0,0.820632,-0.0660133,0.567632
0,0,0.430088,0.318471,0.844749
0,0,0.0292103,-0.999082,0.031339
0,0,-0.657696,0.658153,0.36643
0,0,0.0431321,0.810353,0.584353
8.44293,11.8553,-0.439455,0.324471,0.837614
0,0,0.645856,0.0347925,0.762666
0,0,0.366585,-0.517656,0.773077
0,0,0.0787715,-0.760109,0.645004
0,0,-0.963842,-0.244133,0.106805
0,0,0.0282527,0.999371,0.0214447
0,0,-0.792952,0.561014,0.237679
0,0,0.174325,-0.439724,0.881053
0,0,0.902366,-0.183291,0.390051
0,0,-0.00928382,0.361017,0.932513
0,0,0.536844,0.606006,0.586988
0,0,-0.609102,-0.584217,0.536364
0,0,0.880585,0.273712,0.386848
0,0,-0.569401,0.764487,0.30223
0,0,0.000197071,0.817912,0.575343
0,0,0.39938,0.425381,0.812125
0,0,-0.485864,0.629683,0.606164
0,0,-0.205332,0.557215,0.80458
0,0,-0.768816,0.534908,0.350422
0,0,0.313609,0.875548,0.367512
0,0,-0.378137,-0.77662,0.503859
0,0,0.308055,-0.0985011,0.946256
0,0,0.532681,0.61919,0.576935
0,0,0.528723,-0.506187,0.681342
0,0,0.453946,-0.467347,0.75863
10.3582,16.0142,-0.891576,0.311233,0.328978
0,0,0.91017,-0.349905,0.221713
0,0,0.104588,-0.986458,0.126338
0,0,-0.122195,0.992333,0.0185526
0,0,-0.597864,-0.0232895,0.801259
0,0,-0.490035,0.192665,0.850144
0,0,0.98759,-0.026952,0.154723
0,0,-0.34795,-0.106923,0.931396
0,0,-0.382914,0.888079,0.254346
0,0,0.181942,-0.714185,0.675897
0,0,0.656137,0.679055,0.329194
0,0,-0.878065,0.110895,0.465515
0,0,-0.860573,-0.438151,0.259688
0,0,-0.81303,-0.265827,0.517995
0,0,-0.429694,0.879461,0.204721
0,0,-0.677932,0.304467,0.669109
0,0,0.224966,-0.966069,0.126888
0,0,-0.97754,-0.0534895,0.20385
0,0,0.299345,0.9249,0.234418
0,0,-0.702735,0.175409,0.689489
0,0,-0.0505732,0.986825,0.153684
0,0,0.642861,-0.197431,0.740102
0,0,0.977749,-0.0422546,0.205477
23.8475,34.7633,-0.086437,-0.965125,0.247107
0,0,0.261665,-0.880638,0.394978
0,0,0.150494,-0.210245,0.965996
0,0,0.607507,0.523081,0.597763
0,0,-0.654495,-0.69135,0.30606
0,0,-0.315628,-0.605122,0.730895
0,0,0.316134,0.906282,0.280557
0,0,0.101426,0.387362,0.916331
0,0,-0.559572,-0.17994,0.809012
0,0,-0.343185,0.761811,0.549425
0,0,-0.297817,-0.883486,0.361604
0,0,-0.693491,0.649349,0.312114
0,0,-0.166713,0.769149,0.616941
0,0,-0.353952,0.821131,0.447729
0,0,0.910014,0.405718,0.0852521
0,0,0.726259,0.687366,0.00869676
0,0,-0.350566,0.6783,0.645765
0,0,-0.207705,0.854878,0.47544
0,0,0.540028,-0.668802,0.510954
0,0,-0.876638,-0.435132,0.205346
0,0,-0.837754,0.103255,0.536196
0,0,-0.965507,-0.233325,0.115566
0,0,0.276336,-0.860168,0.42866
0,0,0.243867,-0.381937,0.891433
0,0,0.301613,-0.658528,0.689471
0,0,0.297435,0.799306,0.522152
0,0,0.48244,0.875708,0.0196526
0,0,0.152984,0.881672,0.446374
0,0,-0.716034,-0.442015,0.540294
0,0,-0.556105,0.050311,0.829588
0,0,-0.478406,0.553991,0.681338
0,0,0.549704,-0.704506,0.448884
0,0,0.26143,0.467072,0.844688
0,0,0.661196,-0.671141,0.335244
0,0,-0.615753,0.780324,0.109285
0,0,0.15235,-0.945129,0.289001
0,0,-0.559752,0.107339,0.821679
0,0,0.746267,-0.274258,0.606522
0,0,-0.202927,-0.701138,0.683539
0,0,0.371207,-0.917579,0.142319
0,0,-0.0628472,-0.997231,0.0397661
0,0,0.480273,0.856555,0.188816
0,0,0.54133,-0.796724,0.268689
0,0,-0.919015,0.0895556,0.383915
0,0,0.48276,-0.348174,0.803566
0,0,-0.212838,-0.601656,0.769877
0,0,0.93063,-0.23805,0.277955
0,0,-0.804865,-0.344984,0.482885
0,0,-0.805004,-0.480518,0.347952
0,0,-0.00166936,-0.352713,0.93573
0,0,-0.716421,-0.12978,0.685491
0,0,-0.00706821,-0.956361,0.292103
0,0,-0.891065,-0.0214533,0.453368
0,0,-0.0981746,-0.436895,0.894139
0,0,0.346543,-0.560838,0.75191
0,0,-0.272774,0.564431,0.779109
0,0,0.492881,0.497238,0.714019
0,0,0.674928,-0.678012,0.291158
0,0,0.694422,-0.620068,0.365094
0,0,-0.883444,0.17849,0.433207
0,0,-0.981245,-0.163336,0.102375
0,0,-0.792014,0.111709,0.600195
0,0,0.77894,0.215635,0.588859
19.4488,28.659,0.331268,-0.597427,0.730303
0,0,-0.583597,0.0191082,0.811818
0,0,0.0198171,-0.712978,0.700906
0,0,0.955037,-0.257355,0.14722
0,0,-0.333622,-0.521133,0.785568
0,0,0.82625,0.100653,0.554238
0,0,-0.730592,0.484863,0.480774
0,0,0.63857,0.661856,0.39265
0,0,-0.209209,0.927806,0.30888
0,0,0.356225,-0.268083,0.895117
0,0,0.526088,-0.798672,0.292153
0,0,0.0560852,-0.970112,0.236085
0,0,-0.762535,-0.390588,0.515735
0,0,-0.229265,-0.95186,0.203469
0,0,0.185281,0.974401,0.127337
0,0,0.786157,0.478712,0.390886
0,0,0.00955018,-0.810742,0.585326
0,0,-0.44276,0.864142,0.239211
0,0,0.0237217,-0.954246,0.298079
0,0,0.705692,-0.303062,0.640431
0,0,-0.118192,-0.71163,0.692541
0,0,0.00615176,-0.0798276,0.99679
0,0,0.587779,0.538386,0.603867
0,0,-0.685138,0.501919,0.527885
0,0,0.245765,0.873372,0.4205
0,0,0.345432,-0.626544,0.698655
0,0,-0.923247,-0.234921,0.304017
0,0,-0.93864,-0.332601,0.091278
0,0,-0.591437,0.58044,0.559725
0,0,0.263318,-0.373285,0.889563
0,0,-0.358802,0.366684,0.858373
0,0,0.465081,0.643123,0.608352
0,0,-0.344145,0.933811,0.0977819
0,0,0.458629,-0.0499299,0.887224
0,0,0.909371,-0.413437,0.0459708
0,0,0.723846,-0.467795,0.507162
0,0,-0.354807,-0.851192,0.386762
9.17725,12.3652,0.348167,-0.764477,0.542545
0,0,0.311399,0.352995,0.882284
0,0,0.672607,-0.704575,0.226216
0.0467071,0.101159,-0.09759,0.26039,0.960559
0,0,-0.552211,-0.705333,0.444487
0,0,-0.37998,-0.554964,0.74002
0,0,0.377871,-0.733914,0.564433
0,0,-0.311179,-0.928486,0.202685
0,0,0.142948,-0.664333,0.73364
0,0,-0.7695,0.627987,0.116199
0,0,0.317741,0.443557,0.838032
0,0,-0.854381,-0.512548,0.0856057
0,0,-0.667776,0.347521,0.658258
0,0,-0.142827,-0.860753,0.488574
0,0,-0.938923,0.153511,0.307989
0,0,-0.473706,-0.246078,0.845605
0,0,-0.479357,-0.440982,0.758783
0,0,0.943666,-0.172546,0.282352
0,0,0.489698,-0.371451,0.78881
0,0,0.654146,-0.0151675,0.756216
0,0,0.859234,0.270777,0.434047
0,0,-0.556021,0.339584,0.758633
0,0,0.577883,-0.0244947,0.815752
0,0,-0.337973,0.919622,0.200171
0,0,0.627587,0.293824,0.720973
0,0,0.102095,0.979775,0.172095
0,0,-0.480068,0.857687,0.184139
0,0,0.0409121,-0.622556,0.781505
0,0,0.34044,0.912346,0.22743
0,0,-0.936984,0.0444165,0.346537
0,0,-0.544838,-0.829082,0.125597
20.1693,31.4503,0.718626,0.391703,0.574583
0,0,0.0702422,0.740505,0.66837
0,0,-0.763326,0.114775,0.635736
0,0,-0.294417,-0.84965,0.437509
0,0,0.90898,0.276172,0.312224
0,0,-0.882189,-0.157151,0.443898
0,0,-0.277408,-0.884573,0.374933
0,0,-0.823945,0.212296,0.525399
0,0,-0.645199,0.7609,0.0689111
0,0,-0.226973,-0.956891,0.181229
0,0,-0.604855,-0.603424,0.519643
0,0,-0.800667,-0.596728,0.0533653
0,0,-0.303219,0.843256,0.443822
0,0,-0.538254,-0.797042,0.273875
0,0,-0.101382,-0.936035,0.336986
0,0,-0.407383,-0.680756,0.608777
0,0,0.630677,0.435428,0.642378
0,0,0.545153,-0.136658,0.827124
0,0,0.316894,-0.665687,0.675603
0,0,-0.463708,-0.641831,0.61076
0,0,-0.469726,0.713031,0.520523
0,0,-0.2315,-0.644315,0.72888
0,0,-0.0803824,0.785868,0.613148
0,0,-0.906245,-0.322715,0.273084
0,0,0.710926,0.425317,0.56008
0,0,0.227015,-0.962241,0.150191
0,0,0.617199,-0.782895,0.0783596
0,0,0.491454,0.538529,0.684441
0,0,-0.521609,0.852922,0.0211453
0,0,-0.985468,0.0480442,0.162926
0,0,-0.393664,-0.847115,0.356967
0,0,0.127197,0.561362,0.817737
0,0,-0.682496,-0.712589,0.162531
0,0,-0.220377,0.872617,0.435859
20.1831,28.8524,0.219315,0.27225,0.9369
0,0,-0.393424,0.0391155,0.918525
0,0,-0.52122,-0.547901,0.65432
0,0,-0.450753,-0.356014,0.818581
0,0,0.126714,0.505227,0.853633
0,0,-0.46014,-0.884321,0.0790377
0,0,0.714691,0.59735,0.363856
0,0,-0.681104,-0.629481,0.373967
0,0,-0.930751,-0.325813,0.165979
0,0,0.965534,0.214227,0.147818
0,0,0.996924,0.0511619,0.0593657
0,0,-0.589134,-0.806159,0.0550347
0,0,-0.250547,-0.4034,0.880054
0,0,-0.498349,-0.48635,0.717713
0,0,0.692204,0.460208,0.555933
0,0,-0.601479,0.778214,0.180572
0,0,-0.164874,-0.717672,0.676582
0,0,-0.911527,-0.0552261,0.407516
0,0,-0.534756,0.793931,0.289325
13.4388,20.5788,-0.149609,-0.131176,0.980005
0,0,-0.941965,0.286848,0.174415
0,0,-0.213535,-0.832383,0.511411
0,0,-0.456177,-0.87641,0.154298
0,0,-0.821594,0.0526635,0.567635
0,0,0.915176,0.367274,0.16602
0,0,0.951517,0.0182939,0.307051
0,0,-0.609822,0.25641,0.749914
0,0,0.811959,-0.0594207,0.580682
0,0,-0.208312,0.966245,0.151579
0,0,-0.814563,-0.241098,0.527598
0,0,0.388053,0.483446,0.784662
0,0,0.872276,-0.450056,0.191268
20.023,29.5234,0.350712,-0.470016,0.809991
0,0,-0.707471,0.630211,0.319872
0,0,0.449711,-0.762736,0.464751
14.9652,21.7139,-0.528431,0.824807,-0.201134
0,0,-0.690912,0.70192,0.173058
0,0,-0.666541,0.568732,0.48194
0,0,0.312621,-0.54978,0.774603
0,0,0.615349,-0.25224,0.746807
0,0,-0.375496,-0.277028,0.884454
0,0,0.728367,0.165992,0.664777
0,0,0.673436,0.573984,0.465862
0,0,0.518467,-0.223992,0.825239
0,0,-0.281446,-0.879897,0.382843
0,0,-0.800454,0.516689,0.303819
0,0,-0.499932,-0.866064,0.00110216
0,0,0.948446,-0.251913,0.192328
0,0,0.997601,-0.0688136,0.00755181
0,0,0.538277,0.203293,0.817881
0,0,-0.91798,0.265308,0.29483
0,0,0.553936,0.767429,0.322812
0,0,-0.737019,-0.450473,0.503862
0,0,0.545305,-0.507865,0.66687
0,0,0.226916,-0.921834,0.314215
0,0,0.0912832,-0.90842,0.407972
0,0,-0.606291,-0.696934,0.383008
0,0,-0.896922,0.43947,0.0489591
0,0,-0.268003,-0.949643,0.162336
0,0,0.265526,0.870357,0.414698
0,0,-0.522715,-0.53499,0.663743
0,0,-0.194372,-0.395222,0.897786
0,0,-0.991297,0.129457,0.0239107
0,0,0.114913,0.920892,0.372495
0,0,0.736992,-0.29117,0.60997
0,0,0.2724,0.811839,0.516445
0,0,0.122414,-0.943864,0.306815
0,0,0.759408,-0.0223763,0.65023
0,0,-0.455891,-0.828406,0.325434
0,0,-0.233845,0.912679,0.335163
0,0,0.880186,0.239478,0.409783
0,0,0.933343,0.190317,0.304386
0,0,0.209471,-0.920334,0.330313
0,0,-0.808405,0.194403,0.555597
0,0,-0.705523,-0.687086,0.173641
0,0,-0.227456,0.397526,0.888953
19.6108,28.1961,0.0846928,0.179015,0.980194
0,0,-0.715211,0.298851,0.631792
0,0,0.73248,0.0983944,0.67364
0,0,0.839079,0.174402,0.515297
0,0,0.254941,-0.788693,0.559436
0,0,-0.780475,0.601962,0.168822
0,0,0.135967,-0.989731,0.0441061
0,0,-0.956454,0.0110067,0.291676
0,0,-0.100068,-0.916364,0.387638
0,0,-0.125268,-0.626477,0.769307
0,0,-0.655237,0.637643,0.405062
0,0,-0.964212,-0.20239,0.171272
0,0,-0.390284,-0.388274,0.834818
0,0,0.652193,-0.590116,0.475822
0,0,-0.44813,-0.142255,0.882578
0,0,0.568877,-0.496391,0.655724
0,0,0.762453,0.0672375,0.643541
0,0,0.68837,0.052894,0.723429
0,0,0.888707,-0.403646,0.217418
19.9918,27.3449,-0.781566,-0.100563,0.615663
0,0,0.417841,0.791066,0.446793
0,0,0.341003,0.323433,0.882671
0,0,0.0621681,0.974968,0.213476
0,0,-0.401932,0.690446,0.601444
0,0,-0.881123,-0.380839,0.280328
0,0,-0.127549,0.827593,0.546645
0,0,-0.185225,-0.931036,0.314427
0,0,-0.459834,0.86081,0.218081
0,0,-0.127332,0.434844,0.891458
0,0,-0.137091,0.776069,0.615568
0,0,0.126567,-0.988969,0.0769443
0,0,0.763589,0.64555,0.0140348
0,0,0.393537,0.520755,0.75759
0,0,0.366156,-0.655596,0.660396
0,0,-0.90751,0.401475,0.123466
0,0,0.331967,-0.680395,0.653346
0,0,-0.198374,-0.853089,0.482584
0,0,-0.444541,0.160377,0.881285
7.81096,11.7125,0.0627828,0.221869,0.973053
0,0,-0.26929,-0.956187,0.114847
0,0,-0.0630144,-0.806429,0.587964
0,0,-0.399127,0.325382,0.857219
0,0,-0.437498,-0.855171,0.277989
0,0,-0.220057,0.61128,0.760205
0,0,0.732715,0.308302,0.606695
0,0,0.92383,0.316164,0.215821
0,0,-0.83565,-0.485562,0.256744
0,0,0.176346,0.981913,0.068911
0,0,-0.707517,0.0874515,0.701265
0,0,0.488637,0.716495,0.497865
17.4587,24.8879,-0.462707,-0.289253,0.837995
0,0,0.0433411,-0.588196,0.807557
0,0,-0.404012,0.656464,0.637047
0,0,0.283598,0.67518,0.680958
0,0,0.86118,0.342804,0.375306
0,0,-0.90383,-0.388863,0.178544
0,0,0.937096,-0.346783,0.0399188
0,0,0.221468,-0.8332,0.506686
0,0,-0.605116,-0.53234,0.591987
0,0,-0.907773,-0.0888294,0.409948
0,0,-0.675445,-0.273835,0.684682
0,0,0.316537,0.252325,0.914405
0,0,-0.0399457,-0.384681,0.922185
0,0,-0.619403,-0.785036,0.00763474
0,0,0.0745737,-0.884231,0.461058
0,0,-0.960031,0.265823,0.0876264
0,0,0.385461,0.507388,0.770699
0,0,-0.0470699,0.889493,0.454518
0,0,0.624202,-0.678994,0.386445
0,0,0.357569,-0.438636,0.824465
0,0,-0.314377,-0.94852,0.038416
0,0,-0.0277304,0.616425,0.786926
0,0,0.207231,-0.830023,0.5178
0,0,0.210552,-0.79377,0.570611
0,0,0.733462,0.578164,0.357436
0,0,-0.80784,0.447632,0.383432
21.2957,30.5235,0.539849,0.132844,-0.831213
0,0,0.600254,0.50155,0.623011
0,0,-0.473442,-0.879687,0.0447574
0,0,-0.609653,-0.694417,0.382242
0,0,-0.144427,0.475514,0.867771
0,0,0.400103,-0.323652,0.857419
0,0,0.600039,0.652971,0.462149
0,0,-0.0308642,-0.88768,0.459426
0,0,-0.6831,0.730277,0.0083576
0,0,0.189649,-0.826906,0.529395
0,0,-0.682245,-0.470863,0.559312
0,0,0.439062,-0.201424,0.875587
0,0,0.512549,-0.123886,0.849674
0,0,0.413718,0.594378,0.689602
0,0,-0.523558,0.836021,0.164183
0,0,0.674528,0.685388,0.274327
0,0,0.135857,0.956684,0.257483
0,0,0.625842,-0.360595,0.691587
0,0,0.090175,-0.920348,0.380564
0,0,-0.552285,-0.484736,0.678242
0,0,0.654837,-0.102801,0.748746
0,0,-0.73245,0.559602,0.387767
0,0,0.889145,0.120715,0.441417
0,0,-0.363431,0.908755,0.205141
0,0,0.924841,-0.289806,0.246338
0,0,0.409219,-0.526888,0.744935
0,0,-0.824818,-0.134066,0.549273
0,0,0.221091,-0.727397,0.649625
0,0,-0.269827,-0.368839,0.889467
0,0,-0.416933,0.493125,0.763541
0,0,-0.573552,0.101179,0.812897
0,0,-0.641467,-0.713146,0.282743
0,0,-0.368946,-0.259618,0.892456
0,0,0.834679,0.513253,0.199707
0,0,-0.466337,0.538935,0.701484
0,0,0.219507,0.768569,0.600932
0,0,0.209791,0.339523,0.916903
0,0,0.720748,-0.563128,0.404238
0,0,0.832549,-0.529392,0.163113
0,0,-0.673292,0.289385,0.680393
0,0,-0.948693,0.215976,0.230947
0,0,0.419257,-0.519137,0.744795
0,0,0.0354839,0.413046,0.910018
0,0,-0.782259,0.175119,0.597833
0,0,0.594038,0.802146,0.0606628
0,0,-0.389179,-0.804064,0.449468
0,0,0.803123,0.473633,0.361476
0,0,0.447366,0.82895,0.335716
0,0,8.54687e-06,-0.541594,0.84064
0,0,-0.0659602,0.823972,0.562778
21.4158,29.8846,-0.717502,-0.528061,0.454249
0,0,-0.631308,-0.040439,0.774477
0,0,0.513701,-0.263612,0.816468
0,0,0.616483,-0.454375,0.643033
0,0,-0.10724,-0.451897,0.885601
0,0,-0.486018,0.435693,0.7576
0,0,-0.602828,-0.624303,0.496834
0,0,-0.410542,-0.199049,0.889851
0,0,0.219596,-0.308334,0.925585
0,0,-0.80133,-0.578675,0.151675
0,0,-0.691129,-0.674603,0.259329
0,0,0.0943565,0.505598,0.857594
0,0,-0.636524,0.751574,0.173129
0,0,0.715683,0.622907,0.315887
0,0,-0.584186,-0.386799,0.713522
16.8517,23.7121,-0.0413667,-0.884046,-0.465566
0,0,-0.222982,-0.834624,0.503669
0,0,-0.100926,0.684401,0.722086
0,0,0.659691,-0.701265,0.270251
0,0,0.379218,0.352305,0.855614
0,0,-0.67166,-0.583259,0.456817
0,0,0.143877,-0.983533,0.109372
0,0,0.707133,0.655663,0.264704
0,0,0.00778236,-0.00125962,0.999969
0,0,0.938302,-0.343478,0.0401606
0,0,0.386297,-0.779189,0.493599
0,0,-0.879467,0.38173,0.284289
0,0,-0.76341,-0.0073188,0.645872
0,0,0.794138,-0.0139655,0.607577
0,0,0.256878,0.960867,0.103671
0,0,-0.251183,-0.265696,0.930759
0,0,0.702438,0.362075,0.612766
22.7839,32.0864,0.885481,0.297496,0.356958
0,0,-0.900571,0.384962,0.20193
0,0,-0.75031,0.0676851,0.657612
0,0,0.77673,0.622061,0.0986381
0,0,-0.39524,-0.855097,0.33555
0,0,0.473454,0.276377,0.836336
0,0,-0.472224,-0.480042,0.7393
0,0,-0.815066,0.535337,0.221543
0,0,-0.367226,0.929371,0.0376157
0,0,-0.0790515,0.944163,0.319854
0,0,0.442534,0.88955,0.113424
0,0,0.453946,0.44494,0.771986
0,0,-0.735228,0.676248,0.0461372
0,0,-0.124385,-0.613257,0.780029
0,0,0.490784,-0.262734,0.830724
0,0,0.235306,-0.816575,0.527102
15.9922,18.7348,0.00653323,0.161262,0.98689
0,0,0.245361,0.690392,0.680556
0,0,-0.927157,-0.0483053,0.371546
0,0,0.611325,-0.791058,0.0225837
0,0,0.626533,-0.483895,0.610984
0,0,0.829418,-0.441132,0.342737
0,0,0.56419,0.583722,0.583916
0,0,-0.777455,-0.604392,0.173991
0,0,0.755445,0.296243,0.584417
0,0,0.407046,-0.080248,0.909876
0,0,-0.684072,0.0369402,0.728479
0,0,0.526175,-0.265688,0.807805
0,0,0.552295,0.49452,0.671133
0,0,0.685207,0.159814,0.710599
0,0,0.708207,0.70524,0.0328448
0,0,-0.643399,0.0443288,0.764246
0,0,0.258355,-0.344297,0.902614
0,0,0.566864,-0.738118,0.365852
0,0,0.569971,0.294703,0.766996
0,0,0.613208,-0.301934,0.72994
0,0,0.501769,-0.859125,0.100657
0,0,0.206531,-0.97118,0.118973
0,0,0.222097,0.0916909,0.970704
0,0,0.492052,0.807444,0.325453
0,0,-0.588896,-0.23857,0.772196
0,0,-0.767224,0.0383838,0.64023
0,0,0.22632,-0.812556,0.537151
23.4934,34.9761,0.365583,0.727814,-0.580204
0,0,-0.122588,0.852877,0.507516
0,0,0.321069,-0.946915,0.0163445
0,0,-0.314534,-0.619805,0.718965
0,0,-0.0316372,0.965772,0.257456
0,0,-0.475024,-0.648674,0.594621
0,0,0.982416,-0.171881,0.0729146
0,0,0.898321,0.0565219,0.435689
0,0,-0.747729,0.659468,0.0774751
0,0,0.125084,-0.515946,0.847439
0,0,-0.16946,-0.616712,0.768732
0,0,0.435383,0.403324,0.804842
0,0,0.413552,-0.346274,0.842062
0,0,0.981626,0.0913265,0.167538
0,0,0.807196,0.437115,0.396692
0,0,0.666392,-0.176678,0.724366
0,0,0.162173,-0.948055,0.273664
0,0,-0.346271,0.297606,0.889678
0,0,-0.769248,-0.197923,0.607522
0,0,-0.305645,-0.832432,0.46221
0,0,-0.867692,-0.471678,0.156939
0,0,0.615401,-0.641212,0.458398
0,0,0.916652,0.386144,0.103162
0,0,0.483064,0.445352,0.753864
0,0,0.646684,0.762158,0.0302557
0,0,0.229841,0.496674,0.836952
0,0,-0.00381554,-0.544299,0.838883
0,0,-0.505883,-0.114452,0.854975
0,0,-0.764296,-0.000647311,0.644865
0,0,-0.999733,0.00548191,0.0224625
0,0,0.209326,0.945055,0.251105
0,0,0.0297124,-0.939074,0.342428
0,0,-0.945595,-0.0356238,0.323391
0,0,0.160091,-0.509788,0.845273
0,0,-0.466058,0.0164695,0.884601
0,0,-0.894101,0.447352,0.0214469
0,0,-0.79436,0.44118,0.417555
0,0,-0.705934,0.137069,0.694888
0,0,0.727419,0.618343,0.297513
0,0,-0.668642,0.695906,0.261977
0,0,0.894761,-0.409969,0.176996
0,0,0.481887,0.876145,0.0124733
0,0,0.328295,0.723486,0.607281
0,0,0.313479,0.550469,0.773767
0,0,0.236296,-0.413117,0.879487
0,0,0.311148,0.525875,0.791608
0,0,-0.9475,0.317514,0.0377957
0,0,0.534874,0.516252,0.668875
0,0,0.710969,-0.541929,0.448147
0,0,0.343803,-0.904403,0.252697
0,0,0.894776,0.290789,0.338847
0,0,-0.751791,0.267117,0.602875
0,0,-0.775955,-0.290929,0.559691
0,0,0.277274,-0.94104,0.193811
0,0,0.425457,-0.886751,0.180719
0,0,-0.405315,0.0533895,0.912617
0,0,-0.391067,0.609432,0.68968
0,0,0.14736,0.415636,0.897514
0,0,-0.4488,-0.736999,0.505382
0,0,0.700063,0.547845,0.458015
0,0,0.250574,0.580482,0.77476
0,0,0.94709,-0.317119,0.0495694
0,0,-0.0358324,-0.766012,0.641827
0,0,0.322329,-0.928608,0.183825
0,0,0.269888,0.560286,0.783097
0,0,0.157105,-0.758038,0.633006
0,0,-0.973467,0.101319,0.205172
0,0,-0.123493,0.0540988,0.99087
0,0,0.95149,0.248981,0.180762
0,0,-0.46394,0.614531,0.638053
0,0,-0.130269,-0.62964,0.765887
0,0,-0.280446,-0.602494,0.747229
0,0,-0.399397,-0.44444,0.801844
0,0,0.417734,0.864189,0.280494
0,0,0.304839,0.264985,0.914798
0,0,0.488955,-0.593119,0.639635
0,0,-0.901835,-0.0303151,0.431016
0,0,0.211795,0.95789,0.193881
0,0,-0.187052,-0.291049,0.938244
0,0,0.407294,0.105615,0.90717
0,0,0.981846,-0.170124,0.0838837
0,0,-0.866466,0.200912,0.457024
0,0,-0.371643,-0.797739,0.474862
0,0,-0.0128148,-0.949488,0.313542
0,0,-0.24204,0.948052,0.206429
0,0,0.915159,0.312503,0.254609
0,0,0.412653,0.80692,0.422608
0,0,-0.239477,0.0607067,0.969002
0,0,0.431771,0.895382,0.108932
0,0,0.158712,0.940101,0.301696
0,0,-0.0121323,-0.900681,0.434312
0,0,-0.336072,-0.941054,0.0383669
0,0,0.600501,-0.133295,0.788436
0,0,0.166683,0.465744,0.86908
0,0,-0.143707,-0.986158,0.0827098
0,0,-0.765115,0.0715369,0.639908
0,0,-0.254046,0.692498,0.675209
0,0,-0.216152,0.955319,0.201606
0,0,0.816579,0.576215,0.0342796
0,0,-0.0365536,-0.832204,0.553263
0,0,-0.919304,0.0297071,0.392425
0,0,0.849775,-0.251276,0.463403
0,0,0.366416,0.0140532,0.930345
0,0,0.573974,-0.111655,0.811226
0,0,0.466423,0.208351,0.859674
0,0,-0.619944,0.693402,0.367236
0,0,-0.292531,0.718562,0.630947
0,0,0.0919522,-0.276011,0.956746
0,0,-0.549573,0.0205286,0.835194
0,0,-0.627456,-0.373345,0.68331
0,0,0.258401,0.182532,0.948637
0,0,0.308528,0.427483,0.849746
0,0,-0.831809,-0.419376,0.363617
0,0,0.822642,0.26436,0.503363
0,0,-0.446822,0.7961,0.408136
0,0,0.692779,-0.0486903,0.719505
0,0,-0.180466,-0.980571,0.0768891
0,0,0.950619,0.145999,0.273877
0,0,0.351165,-0.357305,0.865457
0,0,0.201179,0.954251,0.221206
0,0,0.18955,-0.558778,0.807364
0,0,0.417716,-0.363683,0.832615
0,0,0.866004,-0.459975,0.196112
0,0,-0.316102,0.348494,0.882401
0,0,-0.455141,0.86873,0.195333
0,0,0.952357,0.171609,0.252125
0,0,0.858048,0.381685,0.343613
0,0,0.814894,-0.576647,0.0585235
0,0,-0.0253321,-0.509577,0.860052
0,0,-0.792054,-0.608072,0.0538437
0,0,0.0507992,0.997797,0.042664
0,0,-0.00739138,0.99808,0.0614998
0,0,0.517499,-0.711501,0.475354
0,0,-0.672641,-0.303614,0.674813
0,0,0.0112177,0.988143,0.153128
0,0,0.278726,0.91826,0.281267
0,0,0.755831,-0.602879,0.255453
0,0,-0.243969,0.444633,0.861847
6.08256,8.5484,0.413697,-0.134498,0.900425
0,0,-0.635229,-0.747147,0.19559
0,0,0.617728,-0.779524,0.1037
0,0,0.669525,-0.740738,0.0551731
0,0,0.540352,0.536048,0.648592
0,0,0.931268,0.36419,0.0102434
0,0,-0.730834,-0.170438,0.660933
0,0,0.658563,0.0952237,0.746476
0,0,0.368586,-0.899196,0.235778
0,0,-0.506652,-0.343956,0.790568
0,0,-0.0449968,-0.394551,0.917772
0,0,-0.75548,-0.616199,0.222596
0,0,0.427808,-0.299617,0.852766
0,0,-0.756227,0.6536,0.0304532
0,0,-0.767417,-0.374633,0.520309
0,0,0.0212903,-0.100971,0.994662
0,0,0.770239,0.636594,0.0384619
0,0,0.861818,0.161695,0.480755
0,0,-0.795014,0.484477,0.365014
0,0,-0.9183,-0.0917253,0.385113
0,0,-0.0122121,0.872619,0.48825
0,0,-0.518001,-0.21639,0.827557
0,0,0.727647,0.389815,0.564423
0,0,-0.430358,-0.889186,0.155368
20.4082,28.2141,0.234989,-0.317439,0.918702
0,0,-0.702247,0.408069,0.583377
0,0,0.756172,-0.650326,0.0726631
0,0,-0.199315,0.891528,0.406758
0,0,0.827787,0.251117,0.501706
0,0,0.801218,-0.164927,0.575195
0,0,0.0937658,0.0576968,0.993921
0,0,0.633041,0.764101,0.124132
0,0,0.662217,-0.713475,0.228959
0,0,-0.414498,0.712646,0.565974
0,0,0.977243,-0.14362,0.156105
0,0,0.719172,0.629824,0.293452
0,0,0.242451,-0.863597,0.442061
0,0,0.576345,0.760967,0.297918
0,0,0.528906,0.848241,0.0273171
0,0,0.527963,0.572055,0.6277
0,0,0.0524939,0.247388,0.967493
0,0,0.90512,-0.423745,0.0346119
0,0,-0.892192,0.172321,0.417491
0,0,-0.371591,-0.922729,0.102427
0,0,-0.0673831,-0.85695,0.510976
15.1195,21.8769,0.372697,-0.560698,-0.739401
0,0,0.723497,-0.61038,0.322472
0,0,0.271727,0.791412,0.547568
0,0,0.273054,-0.792245,0.545701
0,0,0.961064,0.242376,0.132699
0,0,0.89174,0.331724,0.30783
0,0,0.633286,-0.660324,0.403635
0,0,0.348794,0.368795,0.861588
0,0,-0.41663,0.64709,0.63851
0,0,-0.9407,0.329997,0.078649
0,0,-0.183599,-0.752048,0.63302
0,0,0.142233,-0.868115,0.475548
0,0,-0.139843,0.900598,0.411543
0,0,-0.24906,0.37492,0.892975
0,0,-0.830853,0.0935079,0.54858
0,0,-0.919349,0.338081,0.201245
0,0,0.91539,0.397932,0.0609181
0,0,0.830103,-0.310964,0.462851
0,0,0.234799,-0.947374,0.217607
0,0,0.336832,-0.380869,0.861094
0,0,-0.266646,-0.477444,0.837226
0,0,0.492722,-0.360536,0.791984
0,0,-0.484781,0.453246,0.748035
0,0,-0.0172637,0.442651,0.896528
0,0,0.611573,0.0485442,0.789697
0,0,-0.121739,-0.992293,0.0231348
0,0,-0.321888,-0.278678,0.904835
0,0,-0.616772,-0.162695,0.770145
0,0,0.139106,-0.601177,0.786915
0,0,-0.624661,-0.76838,0.139251
0,0,-0.5689,0.804886,0.16885
0,0,0.942816,-0.187872,0.275323
0,0,0.679624,-0.0411015,0.732408
0,0,0.167968,-0.965352,0.199703
0,0,0.748236,0.360046,0.557234
0,0,0.310887,0.816658,0.486229
0,0,0.491255,0.499157,0.7138
0,0,-0.413956,-0.895158,0.165328
0,0,-0.617612,0.226852,0.753056
0,0,-0.944021,-0.0546412,0.32533
0,0,0.351648,-0.882017,0.31367
0,0,0.204605,-0.552131,0.808262
0,0,0.30758,-0.834627,0.456937
0,0,-0.667286,0.129002,0.733545
0,0,0.328643,-0.924784,0.191751
0,0,0.140463,-0.436161,0.888838
0,0,0.632937,-0.42228,0.648899
0,0,0.123227,0.715183,0.687989
0,0,0.777933,-0.54603,0.31092
0,0,0.441323,0.263649,0.857743
0,0,-0.644967,-0.708971,0.285267
0,0,0.263234,0.96298,0.058123
0,0,-0.559971,0.187096,0.807111
0,0,0.672293,-0.737239,0.0670875
0,0,0.0692142,-0.920229,0.385212
0,0,-0.958283,0.188653,0.214718
0,0,0.448069,-0.13341,0.883988
0,0,0.75962,0.3549,0.544999
0,0,-0.5417,0.734654,0.408466
0,0,-0.524857,0.811442,0.257072
20.6051,28.9975,0.473248,-0.36288,0.802717
0,0,0.598424,-0.512928,0.615462
0,0,-0.822359,0.566395,0.0540627
11.4914,16.5397,-0.126523,-0.106685,0.98621
0,0,-0.827569,-0.0675326,0.557287
0,0,0.371249,0.731824,0.571496
0,0,-0.265242,-0.927504,0.263406
0,0,-0.744065,-0.608347,0.276189
0,0,0.974012,0.110424,0.197755
0,0,0.486721,-0.607146,0.628073
0,0,-0.537921,0.449632,0.713072
0,0,0.843025,0.5125,0.163256
0,0,0.225,-0.932108,0.283811
0,0,0.443715,0.590533,0.674083
0,0,-0.647055,0.710399,0.276861
0,0,0.520976,0.565372,0.639483
0,0,0.779741,0.0426224,0.62465
18.1279,23.9971,-0.0398795,-0.209176,0.977064
0,0,0.566396,0.785684,0.248789
0,0,-0.687013,-0.646956,0.330848
0,0,0.34289,-0.286753,0.894539
0,0,-0.444496,-0.116292,0.8882
0,0,-0.335032,-0.637128,0.694134
0,0,-0.511448,-0.442746,0.736476
0,0,-0.567405,-0.759087,0.319122
0,0,-0.718177,-0.633543,0.287828
0,0,-0.399479,-0.723831,0.56257
0,0,-0.953178,0.275327,0.125086
0,0,-0.172361,0.925609,0.336955
0,0,0.651574,-0.43112,0.624169
0,0,0.180846,0.92453,0.335468
0,0,0.356715,-0.240298,0.90278
0,0,-0.810779,-0.431316,0.395731
0,0,0.299699,-0.338526,0.891953
0,0,0.879916,0.468605,0.078474
0,0,-0.624755,-0.764023,0.161087
0,0,-0.328307,-0.919908,0.214438
0,0,0.451785,0.884945,0.112969
0,0,-0.70425,-0.1996,0.681316
0,0,-0.822601,0.552067,0.136195
0,0,-0.350354,0.391636,0.850808
0,0,-0.259359,-0.887988,0.379749
0,0,-0.0399777,0.708433,0.704645
0,0,-0.08228,-0.995621,0.0443784
0,0,-0.078393,0.0986708,0.992028
4.00803,5.68181,-0.164796,-0.0490119,0.985109
0,0,-0.904316,-0.331517,0.268903
0,0,0.223829,-0.880383,0.418122
0,0,-0.402898,-0.095911,0.910206
0,0,0.546636,0.772529,0.32309
0,0,0.570544,0.627711,0.529584
0,0,-0.0402897,-0.98033,0.193211
0,0,-0.0591274,0.596219,0.800641
0,0,-0.151617,0.969739,0.191358
0,0,0.826692,0.132801,0.546757
0,0,0.844303,-0.274472,0.460237
0,0,-0.0453124,-0.692925,0.719585
0,0,-0.70279,0.7058,0.0890662
0,0,-0.423866,0.113808,0.898546
0,0,-0.953005,-0.258197,0.158479
0,0,-0.535769,0.154712,0.83007
0,0,0.255429,-0.580688,0.773018
0,0,-0.939185,-0.0817355,0.333544
0,0,0.925235,0.31779,0.207243
0,0,0.345499,-0.711089,0.612359
0,0,0.805146,0.218931,0.551188
0,0,0.207909,0.950354,0.231517
0,0,-0.428118,-0.857225,0.286149
0,0,0.784326,0.160518,0.599222
0,0,0.230733,0.315896,0.920311
0,0,0.573316,-0.659692,0.485916
0,0,-0.148937,0.960957,0.233194
0,0,-0.99677,-0.0102905,0.0796487
0,0,-0.971067,-0.114863,0.209371
0,0,-0.0725574,0.477677,0.875534
0,0,-0.939287,-0.302335,0.162278
0,0,-0.107144,-0.941581,0.31929
0,0,-0.128872,-0.411627,0.902195
0,0,-0.510727,0.418193,0.75118
0,0,-0.577651,0.684588,0.444589
0,0,0.999776,-0.0205946,0.00494196
0,0,-0.0452099,-0.958651,0.28097
0,0,0.11012,-0.91162,0.396008
0,0,0.842826,0.414006,0.343867
0,0,-0.16248,-0.753015,0.637627
0,0,-0.120675,0.961743,0.245943
0,0,0.967608,-0.204732,0.147713
0,0,-0.821679,-0.28267,0.494915
0,0,-0.172483,0.955554,0.239095
0,0,0.90781,-0.409058,0.0924779
0,0,0.363587,-0.113493,0.924621
0,0,0.710722,0.300568,0.63603
0,0,0.407548,0.220476,0.886169
0,0,-0.353047,0.886103,0.3003
0,0,0.921492,-0.269282,0.279894
0,0,-0.723199,0.409386,0.556224
0,0,0.759457,-0.631705,0.155477
0,0,-0.348986,0.625592,0.697742
0,0,-0.794902,0.479128,0.372247
0,0,0.111572,-0.153514,0.981828
0,0,-0.947905,-0.318335,0.0117899
0,0,-0.0674473,0.0811039,0.994421
0,0,0.145177,0.558375,0.816787
0,0,-0.61791,-0.782685,0.0747788
0,0,-0.477169,0.608473,0.634091
0,0,0.353441,0.194528,0.915007
0,0,0.509627,0.203052,0.836092
0,0,0.0295945,0.406971,0.912961
0,0,-0.607964,0.252857,0.752624
0,0,0.353858,0.900843,0.251529
0,0,-0.900794,-0.34285,0.266502
0,0,0.173444,0.976959,0.124371
0,0,0.170777,0.405656,0.89793
0,0,-0.783216,-0.56256,0.264761
0,0,0.794081,-0.560566,0.234947
0,0,0.25303,-0.701403,0.66634
0,0,0.257745,0.579955,0.7728
0,0,0.190255,-0.980707,0.044908
0,0,0.256179,-0.962301,0.0913704
0,0,-0.0339097,0.613716,0.788798
0,0,0.887339,0.456299,0.0664818
0,0,-0.335303,-0.840816,0.424972
0,0,-0.0929125,-0.265257,0.959691
0,0,0.849137,-0.526725,0.0390711
0,0,0.769529,-0.55111,0.32265
0,0,0.628066,-0.743739,0.228877
0,0,0.414139,0.678746,0.606459
0,0,-0.726286,-0.431235,0.535299
0,0,0.899388,0.350168,0.261695
0,0,-0.529442,0.470847,0.705687
0,0,-0.679464,0.614988,0.400149
0,0,-0.98096,0.121672,0.15137
0,0,-0.671999,0.48064,0.563384
0,0,0.531986,0.413132,0.73913
0,0,-0.101092,0.53271,0.840239
0,0,0.548901,0.581989,0.599997
0,0,0.559591,0.815318,0.148713
0,0,-0.304728,-0.372399,0.876618
0,0,-0.183798,-0.953781,0.23774
0,0,-0.519206,-0.224245,0.824706
0,0,-0.676594,-0.733745,0.0619591
0,0,-0.166095,0.96564,0.199881
0,0,0.576013,-0.0490759,0.815966
0,0,0.207051,-0.975533,0.0739279
0,0,0.863268,0.298363,0.407122
0,0,0.092075,0.493987,0.86458
0,0,0.249062,0.678844,0.690753
0,0,-0.837048,-0.526837,0.147626
0,0,-0.800404,-0.580312,0.150304
0,0,0.091979,0.561199,0.822554
0,0,-0.943083,-0.0446787,0.329544
0,0,-0.0824987,-0.949021,0.304224
0,0,0.193205,-0.733392,0.651773
0,0,-0.691343,0.721201,0.043749
0,0,-0.558813,0.829208,0.0119032
0,0,0.813299,0.48194,0.326004
0,0,-0.207735,-0.976703,0.0538306
0,0,-0.0659118,0.946406,0.316184
0,0,0.491357,-0.068407,0.868268
0,0,0.0545344,0.930582,0.361999
0,0,-0.157811,0.643655,0.748868
0,0,0.349689,0.637962,0.686092
0,0,0.809555,-0.583855,0.0611026
0,0,0.873316,-0.455404,0.17299
0,0,-0.831689,0.467243,0.299961
0,0,0.657213,-0.418309,0.626967
0,0,-0.41117,0.891552,0.189932
0,0,0.512024,0.345029,0.78663
0,0,0.217281,-0.244541,0.944981
0,0,0.00806682,0.99197,0.126219
0,0,-0.245071,0.234122,0.940812
0,0,0.686091,-0.167093,0.708067
0,0,0.475424,-0.741447,0.473528
0,0,0.088163,-0.193735,0.977084
0,0,-0.630126,0.100415,0.769973
0,0,-0.35277,0.79357,0.495783
0,0,-0.644764,-0.451975,0.61644
0,0,-0.997253,-0.0708823,0.0215145
0,0,-0.472456,-0.214234,0.85492
0,0,0.180193,-0.340129,0.922953
0,0,0.878099,-0.0674398,0.473702
0,0,-0.0542675,-0.464061,0.884139
0,0,-0.271611,-0.631754,0.726027
0,0,-0.871476,-0.213569,0.441496
0,0,-0.461061,0.399905,0.792148
0,0,-0.972839,0.182806,0.142007
0,0,-0.524386,-0.632161,0.570432
0,0,-0.19857,-0.314704,0.928187
0,0,-0.720088,0.636531,0.276228
0,0,0.96249,-0.12232,0.242178
0,0,-0.0687797,0.280436,0.957405
0,0,0.940471,-0.324965,0.0995612
0,0,-0.0881988,0.986704,0.136518
0,0,0.144016,-0.643043,0.752167
0,0,-0.362457,-0.558591,0.746057
21.4849,32.7187,0.277518,0.747876,-0.603047
0,0,-0.400619,-0.406511,0.821129
0,0,-0.625272,-0.319045,0.712212
0,0,-0.343889,0.687606,0.639482
0,0,0.215502,0.919947,0.3275
0,0,0.623455,0.779925,0.0549566
0,0,0.852277,-0.494174,0.171512
0,0,0.923712,0.0995668,0.369923
0,0,-0.358861,-0.10148,0.927858
5.23143,6.75251,-0.083117,0.967966,0.236926
0,0,-0.696903,-0.717005,0.0151549
0,0,0.710598,0.0557803,0.701384
0,0,0.481309,0.240162,0.843009
0,0,-0.153719,0.95302,0.261004
0,0,-0.977523,0.210764,0.00526272
0,0,-0.806492,0.141632,0.574031
0,0,0.00357382,0.999519,0.0308207
0,0,0.0612481,0.349821,0.934812
0,0,-0.509202,-0.37212,0.776041
0,0,0.63919,-0.352366,0.683575
0,0,0.906958,0.225976,0.355474
0,0,0.919462,-0.326559,0.218973
0,0,-0.503961,-0.863016,0.0350128
0,0,-0.525873,0.803142,0.280035
0,0,-0.691085,0.526999,0.494645
0,0,0.681276,0.716085,0.15194
0,0,0.8946,0.367443,0.254318
0,0,0.554484,0.605199,0.571211
0,0,0.130493,0.953059,0.273224
0,0,0.725591,0.369445,0.580541
0,0,-0.849993,-0.510286,0.130844
0,0,0.216153,-0.95678,0.194553
0,0,-0.391322,-0.557196,0.732393
0,0,0.373103,0.0618226,0.925728
0,0,0.899495,-0.0120096,0.436766
0,0,0.933618,0.258913,0.247633
0,0,0.559161,0.692425,0.455947
0,0,-0.584629,0.114316,0.803207
0,0,-0.904975,-0.392104,0.165149
0,0,-0.171516,0.270284,0.94738
0,0,0.765869,-0.195322,0.612612
0,0,0.481988,-0.872996,0.0746008
0,0,-0.912126,-0.342174,0.225706
0,0,-0.219438,0.338135,0.915157
0,0,0.196162,-0.4642,0.863735
0,0,0.846608,-0.526028,0.080931
0,0,-0.940398,0.278474,0.195203
0,0,0.89273,0.366232,0.262502
0,0,0.852332,-0.462627,0.243939
0,0,0.76123,0.514131,0.395219
0,0,0.660448,0.639218,0.393966
0,0,0.995652,-0.0241,0.0899784
0,0,-0.824751,0.52014,0.221899
0,0,0.491745,0.661787,0.565883
0,0,-0.489479,-0.771739,0.405993
0,0,0.800503,0.573376,0.174455
0,0,0.503442,0.453358,0.735536
0,0,-0.77384,-0.519545,0.362277
0,0,-0.910403,0.271923,0.311808
0,0,0.711322,0.673935,0.199583
0,0,-0.198446,0.792848,0.576205
0,0,-0.604615,0.290592,0.741617
0,0,0.434483,0.665363,0.607056
0,0,-0.490527,-0.815706,0.306604
0,0,0.466502,0.88366,0.039013
0,0,0.69914,-0.353182,0.621663
0,0,0.621576,0.370385,0.69026
0,0,0.349817,0.876406,0.33097
0,0,-0.075804,0.967059,0.243002
0,0,0.368392,0.522305,0.76908
0,0,0.496545,-0.192406,0.846418
0,0,-0.685082,-0.52424,0.505802
0,0,-0.54348,-0.39906,0.738499
0,0,-0.595586,-0.494802,0.63281
0,0,-0.539344,0.784261,0.306662
0,0,0.842188,0.11703,0.52633
0,0,0.363511,-0.831798,0.41949
0,0,-0.586074,-0.27225,0.76315
0,0,0.62496,-0.294276,0.723067
0,0,-0.405717,-0.598151,0.691093
0,0,0.167671,-0.37319,0.912478
0,0,0.198694,-0.0475404,0.978908
0,0,0.805212,-0.548962,0.224221
0,0,-0.0804015,0.95474,0.286368
0,0,0.70439,-0.692624,0.155266
0,0,-0.288002,-0.842562,0.455131
0,0,0.0522132,-0.830123,0.55513
0,0,0.678812,0.619906,0.393613
0,0,-0.298691,0.916457,0.266253
0,0,-0.98734,0.107166,0.116943
0,0,-0.459617,0.809667,0.364954
0,0,0.791361,-0.598949,0.122506
0,0,0.559538,-0.0267745,0.828372
0,0,-0.436629,0.342128,0.832048
0,0,-0.438576,-0.144943,0.886929
0,0,-0.693993,0.0837513,0.715094
0,0,-0.511091,0.858918,0.0323454
0,0,-0.323075,0.481098,0.814965
0,0,-0.26633,0.510429,0.817637
0,0,-0.832205,-0.353512,0.427158
0,0,-0.0132596,0.904263,0.426769
0,0,0.858701,0.5111,0.0375307
0,0,0.0430684,-0.865071,0.499798
0,0,0.439359,-0.488424,0.753927
0,0,0.0356336,0.999273,0.0135191
0,0,-0.118846,-0.986299,0.11441
0,0,-0.667683,-0.486433,0.563545
0,0,0.946136,-0.086065,0.312121
0,0,0.928265,0.332178,0.167279
0,0,0.902636,-0.410123,0.130567
0,0,0.689453,-0.465806,0.554688
0,0,-0.319608,0.841184,0.436188
0,0,0.333039,-0.221036,0.91664
0,0,-0.134811,0.945383,0.296776
0,0,-0.27658,0.960629,0.0263865
0,0,-0.209784,-0.963034,0.168984
0,0,0.465989,0.852856,0.235565
0,0,-0.600933,-0.777918,0.18364
0,0,-0.232056,-0.965728,0.116273
0,0,-0.471331,0.745936,0.470561
0,0,-0.480886,-0.0180486,0.876598
0,0,-0.0531572,0.0121273,0.998513
0,0,-0.357716,0.906118,0.22581
0,0,-0.525381,-0.61145,0.591696
0,0,-0.905952,0.190416,0.378144
0,0,0.571835,0.819734,0.0322727
0,0,-0.94372,0.27886,0.17785
0,0,0.748922,0.585765,0.30983
8.28655,9.85125,0.170317,-0.33528,0.926596
0,0,0.230279,-0.480443,0.846254
0,0,0.311518,0.687622,0.655845
0,0,-0.0977806,-0.908975,0.40522
0,0,-0.0135774,0.981761,0.189633
0,0,0.72505,-0.563338,0.396174
0,0,0.745458,0.656024,0.118004
0,0,-0.936568,0.331744,0.113077
0,0,-0.527784,0.0783361,0.845758
0,0,0.899786,0.436252,0.00831715
0,0,-0.639369,-0.114773,0.760286
0,0,0.737003,0.602073,0.30714
0,0,0.99567,0.0806419,0.046244
0,0,0.937855,-0.064927,0.340899
0,0,0.668532,-0.737677,0.0943284
0,0,-0.444492,0.856387,0.26273
0,0,-0.326128,0.932096,0.157598
0,0,0.467244,-0.883765,0.0253557
0,0,-0.39555,-0.727039,0.561208
0,0,0.684813,0.0580679,0.726401
0,0,-0.297795,0.21275,0.930621
0,0,-0.592397,0.103014,0.799033
0,0,0.258818,-0.867357,0.425094
0,0,-0.961369,0.266178,0.0701356
0,0,-0.950208,-0.210619,0.229661
0,0,0.927553,-0.318406,0.195612
0,0,0.91072,0.312747,0.269774
0,0,-0.274498,-0.251851,0.928021
0,0,0.633242,0.412897,0.654616
0,0,-0.389762,-0.51691,0.762161
0,0,-0.389539,-0.698071,0.600796
2.18985,3.62931,0.0181912,0.332791,0.942825
0,0,-0.817167,-0.566304,0.107416
0,0,-0.309902,0.245474,0.918533
0,0,-0.334734,0.144339,0.931192
0,0,0.910057,0.223382,0.349136
0,0,-0.519491,0.128866,0.844703
0,0,-0.788293,-0.0635853,0.612005
0,0,-0.482949,0.830112,0.2787
0,0,0.0469859,0.989935,0.133499
0,0,-0.0430816,0.369579,0.9282
0,0,0.438645,0.841965,0.314143
0,0,-0.106771,-0.767336,0.632293
0,0,0.0991123,-0.841459,0.531153
0,0,0.209732,0.556652,0.803835
21.5954,32.4714,0.416312,-0.883056,-0.216558
0,0,0.025807,-0.904928,0.424781
0,0,0.212014,0.956941,0.198278
0,0,0.73405,-0.0110687,0.679005
0,0,-0.573845,-0.658162,0.487366
0,0,-0.323733,0.445159,0.834883
0,0,0.0185284,-0.704161,0.709798
0,0,0.275177,0.632464,0.724063
0,0,-0.862955,0.482598,0.149694
0,0,-0.0622116,-0.9807,0.185355
0,0,-0.831811,-0.541639,0.12132
0,0,0.155307,0.638066,0.754156
0,0,-0.929325,-0.254908,0.267166
0,0,-0.508494,-0.0471372,0.859774
0,0,0.66244,-0.342005,0.666488
0,0,-0.776326,-0.345719,0.527063
0,0,-0.893978,0.137643,0.426449
0,0,0.0872441,0.173626,0.98094
0,0,-0.716709,0.651753,0.248085
0,0,0.627348,-0.104688,0.77167
0,0,-0.0949918,-0.995477,0.00107305
0,0,0.50378,0.286087,0.815083
0,0,0.214871,-0.745834,0.630525
0,0,0.561255,0.0172299,0.827464
0,0,0.422361,0.563286,0.710155
0,0,0.368235,-0.917272,0.15171
0,0,0.0974341,-0.61272,0.784271
0,0,-0.773753,0.5085,0.377802
0,0,-0.115199,-0.957579,0.264145
0,0,-0.812261,0.318163,0.488881
0,0,-0.562405,-0.323902,0.760782
0,0,-0.0173029,-0.942181,0.334657
0,0,-0.677005,0.122316,0.725743
0,0,-0.925225,-0.374586,0.0603635
0,0,-0.90508,0.394614,0.158462
0,0,0.496613,0.672779,0.548402
0,0,-0.569209,-0.11021,0.814773
0,0,-0.314718,-0.622948,0.716163
0,0,-0.726787,-0.666678,0.165291
0,0,0.569241,0.641783,0.513886
0,0,-0.0048362,-0.573936,0.818886
0,0,0.763563,-0.258371,0.59179
0,0,0.792701,0.228176,0.565297
0,0,-0.82146,-0.367257,0.436262
0,0,-0.0367714,-0.845117,0.533315
0,0,0.605022,0.236802,0.76018
0,0,-0.694369,-0.475183,0.54042
0,0,-0.917617,-0.373088,0.137055
0,0,-0.994649,-0.077278,0.0685635
0,0,0.0062968,0.974084,0.226097
0,0,-0.98648,-0.138497,0.087612
0,0,0.408785,0.85117,0.329247
0,0,0.785109,0.601574,0.14735
0,0,-0.394744,-0.742432,0.541269
0,0,0.201577,0.939178,0.27805
0,0,0.175543,0.339027,0.924254
0,0,-0.490886,0.262738,0.830662
0,0,-0.323233,-0.480004,0.815547
0,0,-0.129749,-0.847051,0.515431
0,0,0.998502,-0.0541833,0.00759737
0,0,0.701273,0.201738,0.683753
0,0,0.602968,-0.725057,0.332748
0,0,0.552039,0.833377,0.0271396
19.3503,26.7708,0.358827,0.225075,-0.905861
0,0,0.726863,0.646183,0.232631
0,0,-0.942786,0.184659,0.277588
0,0,0.771102,-0.464761,0.435199
0,0,-0.808261,-0.471283,0.352996
0,0,-0.930791,0.198035,0.307262
0,0,0.497129,-0.400588,0.76967
0,0,0.636354,0.217015,0.740242
0,0,0.150629,0.518142,0.841926
0,0,0.930223,0.117581,0.34765
0,0,-0.819302,0.323489,0.473392
0,0,-0.934914,0.165645,0.313842
0,0,0.110535,-0.756198,0.644939
0,0,0.35291,-0.513815,0.781952
0,0,0.468175,0.40553,0.785084
0,0,0.306045,0.243525,0.920343
0,0,-0.684831,-0.458191,0.566629
0,0,0.061728,-0.545213,0.836022
0,0,-0.962986,0.14979,0.224102
0,0,0.415884,0.056821,0.907641
0,0,0.369894,0.380494,0.847586
0,0,-0.999996,-0.00143287,0.00230593
0,0,0.763179,0.529792,0.36997
0,0,-0.583837,-0.70808,0.397186
0,0,-0.507405,0.767969,0.39085
0,0,0.19941,0.956534,0.212789
0,0,0.898349,-0.0800253,0.431931
0,0,0.402729,0.578199,0.709574
0,0,-0.0337981,-0.752545,0.657673
0,0,-0.427865,-0.654358,0.623496
0,0,-0.113541,0.312849,0.942992
0,0,0.409277,-0.782546,0.469164
0,0,-0.400334,0.18405,0.897696
0,0,0.804193,-0.525066,0.27853
0,0,0.453998,-0.648687,0.610812
0,0,-0.875918,0.132959,0.463778
0,0,0.816162,-0.576642,0.0369302
0,0,-0.240195,0.385911,0.890718
0,0,0.556555,-0.28194,0.781509
0,0,-0.396597,-0.161949,0.903595
0,0,0.306728,-0.169938,0.936504
0,0,0.545556,-0.267757,0.79415
0,0,0.68247,-0.401131,0.611006
0,0,-0.890487,0.0963168,0.444698
0,0,0.815269,-0.0271235,0.578446
0,0,0.472762,0.411536,0.779188
0,0,0.23818,0.244974,0.939818
0,0,0.733213,0.268617,0.624695
3.21057,5.71964,-0.454184,0.43724,0.776233
0,0,-0.947395,0.123729,0.295185
0,0,0.544862,-0.494416,0.677258
0,0,0.308549,0.69522,0.649205
0,0,-0.00946002,-0.917638,0.397306
0,0,0.198815,0.954314,0.223065
0,0,0.592601,-0.576508,0.562551
0,0,-0.210777,-0.912247,0.351252
0,0,0.775298,-0.60977,0.164599
0,0,0.254162,0.367442,0.894644
0,0,0.244476,0.373225,0.894949
0,0,-0.558214,0.77947,0.284295
0,0,-0.0500497,-0.520496,0.852396
1.30441,1.99447,0.440063,-0.309886,0.842802
0,0,-0.00202403,0.651984,0.75823
0,0,-0.267364,-0.907176,0.324883
0,0,-0.229999,-0.814622,0.532439
0,0,-0.393143,-0.854861,0.338601
0,0,-0.254915,-0.699588,0.667529
0,0,-0.986377,-0.0162647,0.163696
0,0,0.851957,0.358108,0.382006
0,0,-0.652031,-0.729166,0.207781
0,0,0.164671,0.788219,0.592954
0,0,0.588649,0.735254,0.335997
0,0,0.787265,0.19758,0.584102
0,0,0.744295,-0.00609674,0.667823
0,0,0.415744,0.425862,0.803616
0,0,-0.6539,0.00618672,0.756556
0,0,-0.0576543,-0.603419,0.795337
0,0,-0.262085,-0.947308,0.184171
0,0,0.288305,-0.834332,0.469861
0,0,0.827143,0.49811,0.260234
0,0,0.923105,-0.0796167,0.376216
0,0,0.0766469,0.520652,0.850321
0,0,0.793905,-0.567641,0.217942
0,0,-0.130003,-0.803512,0.580919
0,0,-0.500491,0.340813,0.795836
0,0,-0.949394,0.285337,0.131277
0,0,-0.914119,-0.337376,0.224863
0,0,0.0637819,-0.49595,0.866006
0,0,-0.963918,0.248593,0.0952066
0,0,0.597188,-0.0613888,0.799748
0,0,0.486747,0.869223,0.0867707
0,0,0.0936036,-0.88342,0.459138
0,0,0.531861,-0.352176,0.770127
0,0,0.722817,-0.0429379,0.689705
0,0,-0.238128,-0.0269176,0.970861
0,0,-0.20678,0.663556,0.718982
0,0,-0.437353,-0.024513,0.898956
0,0,-0.0200815,0.416017,0.909135
0,0,0.960541,0.121571,0.250164
0,0,0.760022,0.607464,0.230985
0,0,0.0730795,0.442067,0.894
0,0,0.641762,-0.538083,0.546451
0,0,0.972913,-0.176305,0.149521
0,0,0.329373,-0.718809,0.612231
0,0,-0.632971,0.399291,0.66326
21.7288,31.9417,0.862885,0.0822009,0.498671
0,0,-0.44591,0.824673,0.347963
0,0,0.947128,0.0150169,0.320505
0,0,0.487359,0.659907,0.571843
20.4573,30.1971,-0.279573,-0.241271,0.929316
0,0,-0.0312709,0.698181,0.715238
0,0,0.596364,0.64812,0.473594
0,0,0.352578,-0.927459,0.124531
0,0,-0.240127,-0.853025,0.463344
0,0,0.14979,0.66929,0.727746
0,0,-0.279809,0.939893,0.195722
0,0,-0.637207,-0.770525,0.0160931
0,0,-0.748698,0.406092,0.523966
0,0,0.700318,0.706617,0.101232
0,0,0.619774,-0.587173,0.52068
0,0,-0.40139,0.324482,0.856503
0,0,0.308755,-0.951093,0.00960837
0,0,0.773768,-0.154454,0.614351
0,0,0.775668,-0.461135,0.430921
0,0,0.174294,0.872143,0.457153
0,0,0.879235,0.335738,0.337973
0,0,-0.880648,-0.0103655,0.473658
0,0,0.732867,-0.334904,0.592238
0,0,-0.683575,-0.727007,0.0647084
0,0,-0.386382,-0.92014,0.0636438
0,0,-0.540597,0.113936,0.83353
0,0,-0.560351,-0.574973,0.596165
0,0,-0.181621,0.686426,0.704154
0,0,-0.110067,-0.310762,0.944093
0,0,0.19967,0.568557,0.798045
0,0,-0.400788,-0.547434,0.734632
0,0,0.331519,0.754919,0.565855
0,0,-0.853076,-0.313334,0.417233
0,0,0.837758,-0.0290841,0.545267
0,0,0.857532,0.448792,0.251446
0,0,0.467532,-0.436106,0.768911
0,0,-0.598841,0.361014,0.714883
0,0,0.837801,-0.545628,0.0194985
0,0,-0.839282,0.370264,0.398132
0,0,0.151837,0.622578,0.767686
0,0,0.106021,-0.802089,0.587719
0,0,-0.679356,-0.701122,0.216574
0,0,0.177271,0.00720445,0.984136
0,0,0.442439,-0.738885,0.508229
0,0,0.192835,-0.927836,0.319272
0,0,-0.422581,-0.646554,0.635133
0,0,-0.215051,-0.604924,0.766695
0,0,0.879703,0.352038,0.319675
0,0,-0.695242,0.282812,0.6608
0,0,0.313138,-0.289954,0.904362
0,0,-0.521297,0.492892,0.69664
0,0,0.55877,-0.513328,0.651361
21.3089,30.3747,0.358897,-0.815453,0.454125
24.1364,35.559,-0.735192,0.44176,0.514141
0,0,0.962039,-0.135434,0.236936
0,0,0.23673,-0.200487,0.950665
0,0,0.968042,-0.150994,0.200236
0,0,-0.595647,-0.342948,0.726355
0,0,0.308319,0.714806,0.627688
0,0,-0.358554,-0.933509,0.000282891
0,0,0.585902,-0.638075,0.499578
0,0,0.958033,-0.163479,0.235474
0,0,0.604011,-0.594969,0.530267
0,0,0.858303,-0.416662,0.299515
0,0,0.616859,-0.105089,0.780027
0,0,0.780988,-0.603379,0.161218
0,0,0.774879,0.372889,0.510408
0,0,0.75595,-0.176769,0.630311
0,0,-0.954128,0.214044,0.209344
0,0,-0.0977484,-0.984422,0.146143
0,0,0.498858,0.681324,0.535666
0,0,-0.355705,-0.27562,0.893033
0,0,-0.541284,0.785424,0.300199
0,0,0.314025,0.941742,0.120463
0,0,0.182915,0.703117,0.687146
0,0,0.151971,0.845846,0.511321
0,0,-0.610215,-0.760054,0.223507
0,0,-0.608191,-0.478519,0.633343
0,0,-0.410799,0.273062,0.869874
0,0,-0.678463,-0.715267,0.167573
0,0,0.103558,-0.469941,0.876602
0,0,0.460192,-0.856624,0.233279
0,0,0.792089,0.129303,0.596553
0,0,0.910139,-0.406558,0.0797353
0,0,0.620073,-0.742152,0.254399
0,0,-0.0148498,-0.174779,0.984496
0,0,0.141684,0.019546,0.989719
0,0,-0.902802,0.368677,0.221417
0,0,0.909107,-0.406253,0.09211
0,0,0.0586977,0.18842,0.980333
0,0,-0.484782,0.771064,0.412851
24.0763,33.9986,-0.891192,0.108492,-0.440461
0,0,0.600881,0.775316,0.194493
0,0,-0.559548,-0.0610462,0.826547
0,0,-0.834307,0.537816,0.121184
0,0,0.12208,-0.760387,0.637893
0,0,0.555772,0.803142,0.214665
0,0,0.557152,0.78374,0.274469
0,0,0.690638,-0.681454,0.242155
0,0,0.0662813,0.408798,0.910215
0,0,0.312164,0.934824,0.169288
17.5573,24.5709,-0.158212,-0.395692,0.904653
0,0,-0.497161,-0.867658,8.68135e-05
0,0,-0.438744,-0.733411,0.519242
0,0,-0.675116,-0.731822,0.093032
0,0,0.594771,-0.0465891,0.802544
0,0,0.677233,0.382607,0.628464
0,0,-0.514214,-0.789266,0.335624
0,0,0.298288,-0.884944,0.357629
0,0,0.168063,0.62689,0.760765
0,0,-0.594276,-0.761299,0.259343
0,0,0.042963,0.350515,0.935571
0,0,-0.27976,-0.784089,0.554021
0,0,-0.337168,-0.939553,0.0596499
0,0,0.471157,0.0890089,0.877547
0,0,-0.957332,0.283197,0.0575745
0,0,-0.59894,-0.173449,0.781784
0,0,-0.431804,-0.895273,0.109691
0,0,-0.404061,-0.723025,0.56033
0,0,0.0501215,0.963695,0.262261
0,0,0.343735,-0.893791,0.288068
0,0,0.698376,-0.557467,0.44889
0,0,-0.77139,-0.616655,0.157143
0,0,0.0745959,0.997052,0.0179809
0,0,-0.442581,-0.591052,0.674373
0,0,-0.829825,-0.196778,0.522178
0,0,-0.64358,0.514376,0.566765
0,0,0.506779,0.762648,0.401924
0,0,-0.936431,-0.306004,0.171633
0,0,0.268991,-0.151275,0.951188
0,0,-0.504344,-0.737133,0.449747
0,0,-0.872653,0.358354,0.331751
0,0,0.469997,0.421051,0.77577
0,0,0.401487,-0.910971,0.0945544
0,0,-0.115999,0.755527,0.644766
0,0,0.648006,0.739928,0.180539
0,0,-0.834567,0.0962038,0.542441
0,0,-0.23601,0.953961,0.185088
0,0,0.736779,-0.302205,0.604839
22.2435,30.7999,-0.389886,0.0126622,0.920776
0,0,0.302441,-0.654281,0.693142
0,0,-0.177738,0.976574,0.121299
0,0,-0.219185,-0.872022,0.437649
0,0,0.146694,0.115203,0.982451
0,0,-0.230025,-0.825431,0.515511
0,0,-0.283798,0.659895,0.695699
0,0,-0.620886,0.156845,0.76805
0,0,0.925534,0.112264,0.36164
0,0,-0.500527,0.146448,0.853245
0,0,-0.566744,-0.168676,0.806443
0,0,0.917459,-0.139404,0.372606
0,0,0.546972,0.836536,0.0320906
0,0,-0.0507829,0.73165,0.679786
0,0,-0.381283,0.0883787,0.920224
0,0,-0.97977,-0.0454105,0.194908
0,0,-0.251692,-0.89421,0.370189
0,0,0.71049,0.490281,0.504806
0,0,0.126293,-0.453828,0.882094
0,0,-0.938668,-0.300176,0.169695
0,0,0.374878,-0.91942,0.118886
0,0,0.046902,-0.68979,0.722489
0,0,-0.572625,-0.534001,0.622048
0,0,0.33592,0.566051,0.752824
0,0,0.686325,0.629693,0.363929
0,0,0.490966,0.72534,0.482528
0,0,-0.386639,-0.797496,0.463152
0,0,-0.609466,0.0672382,0.789956
0,0,0.0767229,-0.939917,0.33267
0,0,-0.849435,-0.077917,0.52191
0,0,0.394094,-0.186285,0.899993
0,0,-0.461566,0.0706262,0.88429
0,0,0.551667,-0.832184,0.0559804
0,0,0.583215,0.7929,0.176549
0,0,0.0974544,-0.99524,0.000839321
13.1883,18.8506,-0.00712682,0.00519486,0.999961
0,0,0.874556,-0.272203,0.401319
0,0,0.132656,0.780322,0.611146
0,0,-0.966078,0.257428,0.0205839
24.0254,35.7559,0.811378,0.504851,0.294603
0,0,-0.100161,-0.0063063,0.994951
0,0,0.400913,0.379118,0.833989
0,0,0.52567,-0.221202,0.821426
0,0,0.881074,-0.39957,0.253086
0,0,0.471332,0.875651,0.105264
0,0,-0.146618,0.505753,0.850128
0,0,0.43967,0.41003,0.799103
0,0,0.100069,0.147649,0.983964
0,0,0.914278,-0.181754,0.362024
0,0,0.88097,0.461154,0.105961
0,0,-0.585496,0.614306,0.528983
0,0,0.575978,-0.11029,0.809991
0,0,0.214196,-0.829124,0.516405
20.8691,29.3812,-0.163531,-0.986522,-0.00568451
0,0,0.368259,0.857145,0.360123
0,0,0.694949,0.703164,0.150353
0,0,0.541294,0.636867,0.549001
0,0,0.854932,-0.433952,0.284213
0,0,0.633847,0.362531,0.683234
0,0,-0.305173,0.420784,0.854289
0,0,-0.422154,-0.828457,0.368028
0,0,-0.826901,-0.557413,0.0743287
0,0,0.48059,-0.512629,0.711509
0,0,-0.0465883,-0.955986,0.28969
0,0,0.44512,-0.835737,0.321578
0,0,-0.26855,-0.785657,0.557337
0,0,-0.77252,-0.396541,0.495951
0,0,0.331436,0.215735,0.918482
0,0,0.0939834,-0.669024,0.737275
0,0,0.532927,-0.843038,0.0726304
0,0,0.719278,-0.258522,0.64483
0,0,-0.918831,-0.231541,0.31959
0,0,-0.0570267,0.897423,0.437471
0,0,0.774219,-0.632464,0.0239654
0,0,0.4302,-0.762443,0.48333
0,0,-0.490279,-0.432688,0.756576
0,0,0.823665,0.445121,0.351345
0,0,-0.961682,-0.272926,0.026082
0,0,-0.633033,0.171511,0.754886
0,0,0.534637,0.46282,0.707079
0,0,-0.981428,-0.17893,0.0691596
0,0,0.0467453,-0.885776,0.461753
0,0,0.738638,0.270269,0.61755
0,0,-0.350887,0.365284,0.862233
0,0,0.674341,-0.716689,0.177824
0,0,0.876151,-0.356659,0.324275
0,0,0.511411,-0.670162,0.537905
0,0,0.998755,0.0184327,0.046358
0,0,-0.420769,-0.631863,0.650924
0,0,-0.447473,-0.705212,0.549949
0,0,0.586729,0.779414,0.219689
0,0,0.511403,0.842716,0.168219
0,0,0.381074,0.92377,0.0378291
0,0,-0.849049,-0.437344,0.296389
0,0,-0.595164,0.800961,0.0651247
0,0,-0.384276,0.893159,0.233664
0,0,0.245526,0.62011,0.745104
0,0,-0.723022,0.0591685,0.688286
0,0,0.0362157,-0.796706,0.603281
0,0,0.376083,0.496449,0.782368
0,0,0.964365,-0.232837,0.125645
0,0,0.909858,0.0552391,0.411227
0,0,-0.00641058,-0.984029,0.177895
0,0,0.641246,-0.558048,0.526674
0,0,0.447127,-0.892126,0.0647243
0,0,0.551116,0.302365,0.777719
0,0,-0.384161,-0.472822,0.793007
0,0,0.719667,-0.136741,0.680721
0,0,-0.44447,0.146518,0.88373
0,0,-0.879432,0.152984,0.450772
0,0,-0.120464,-0.933291,0.338313
0,0,0.750925,-0.133848,0.646681
0,0,-0.272504,-0.363961,0.890659
0,0,-0.450164,0.348379,0.822183
0,0,-0.616614,0.776826,0.127784
0,0,-0.293105,-0.427164,0.855348
0,0,0.976599,-0.0591625,0.206772
0,0,-0.648922,0.596717,0.472048
0,0,0.551818,-0.237774,0.79935
0,0,-0.988958,-0.143099,0.0385343
0,0,0.6733,-0.737037,0.0586876
0,0,-0.471953,-0.85266,0.224124
0,0,0.919829,-0.380066,0.0972872
0,0,-0.479491,-0.607429,0.633339
0,0,0.363285,-0.246951,0.898354
0,0,0.19423,-0.95125,0.23958
0,0,0.600595,-0.795464,0.0807662
0,0,-0.178881,-0.0681084,0.98151
0,0,-0.524693,0.357973,0.772368
0,0,-0.649942,-0.696053,0.3051
0,0,0.383657,-0.892703,0.236407
0,0,-0.389078,-0.344991,0.854166
0,0,0.129295,0.599099,0.790167
0,0,-0.0233035,0.432109,0.90152
0,0,0.444033,0.384933,0.809111
0,0,-0.232961,-0.933866,0.271338
0,0,-0.595165,0.130664,0.792909
0,0,-0.538467,-0.457085,0.707903
0,0,-0.45053,0.236363,0.860904
0,0,0.44418,0.692629,0.568304
0,0,-0.56292,0.809071,0.168897
0,0,-0.806243,-0.284881,0.518473
0,0,0.787316,-0.0872697,0.610342
0,0,0.429057,-0.521922,0.73723
0,0,0.106388,-0.400813,0.909962
0,0,-0.190389,-0.832005,0.521076
0,0,0.867996,0.0930053,0.487783
0,0,-0.0165756,0.68994,0.723677
0,0,0.75871,-0.477134,0.443511
0,0,-0.545328,-0.717485,0.433398
0,0,-0.312103,-0.844633,0.434956
0,0,0.626673,-0.500063,0.597677
0,0,-0.808705,-0.220977,0.545129
0,0,0.713757,0.621139,0.323632
0,0,-0.49678,0.34969,0.794309
0,0,-0.171435,0.840301,0.5143
0,0,0.135929,0.725991,0.674137
0,0,0.554179,0.82662,0.097904
0,0,0.968495,-0.00315307,0.249012
0,0,0.0995397,-0.745028,0.659565
0,0,-0.982916,0.0579019,0.174711
0,0,0.904104,-0.293492,0.310578
0,0,0.397888,-0.915783,0.05501
0,0,0.923428,0.32326,0.206844
0,0,0.751725,-0.659352,0.0128229
0,0,-0.593841,-0.402487,0.696676
0,0,-0.100578,-0.498785,0.86087
0,0,0.165802,0.526938,0.833574
0,0,0.781022,-0.384031,0.492468
0,0,0.381373,-0.568137,0.729229
0,0,0.313173,0.133101,0.940323
0,0,-0.90041,0.143676,0.410633
0,0,0.0887522,0.818682,0.567347
0,0,-0.581877,0.0900092,0.80828
0.0220562,0.0544397,-0.325303,-0.173315,0.929591
0,0,0.21911,-0.885262,0.410247
0,0,-0.656572,0.667951,0.350364
0,0,0.1648,-0.920946,0.353127
0,0,-0.796651,-0.0702259,0.600347
0,0,0.788758,-0.583357,0.193791
0,0,-0.647889,-0.733208,0.206509
0,0,-0.269564,0.370828,0.888719
22.8156,31.0679,0.471024,0.0325087,0.881521
0,0,-0.524279,-0.551689,0.648669
0,0,0.0932816,-0.929086,0.357909
0,0,-0.310655,0.406267,0.859325
0,0,-0.675843,-0.726684,0.123151
0,0,-0.818698,0.219854,0.53047
0,0,0.792433,-0.206011,0.574116
0,0,-0.627982,0.142249,0.765117
23.8337,33.3247,-0.663212,0.719807,-0.205006
0,0,0.749171,-0.412827,0.517992
0,0,0.709425,-0.000351831,0.704781
0,0,0.742307,-0.185492,0.643874
0,0,-0.115478,-0.838529,0.53248
0,0,0.424415,0.766398,0.482189
0,0,-0.921684,0.386983,0.0272562
0,0,-0.0820536,-0.566771,0.819779
0,0,-0.447448,0.880893,0.154329
0,0,0.887239,0.457656,0.057941
0,0,0.952113,0.151971,0.265303
0,0,-0.583958,0.611458,0.533959
0,0,0.552405,0.806678,0.210045
0,0,-0.490104,-0.0892189,0.867086
22.7693,34.5191,0.99396,-0.0437179,-0.100658
0,0,-0.509817,-0.325302,0.796408
0,0,-0.359748,0.049147,0.931754
0,0,0.341397,-0.689344,0.638946
0,0,-0.157823,-0.712908,0.683267
0,0,0.135163,0.770292,0.623203
0,0,0.984534,0.166156,0.0555495
0,0,0.925958,0.23557,0.295142
0,0,0.346269,-0.936053,0.0624766
0,0,-0.1134,-0.77676,0.619503
0,0,-0.725747,-0.00413107,0.68795
0,0,0.957265,0.285507,0.0461483
0,0,0.81633,0.0578699,0.574679
0,0,0.318691,0.79651,0.513817
0,0,0.526756,0.539294,0.657031
0,0,0.793591,0.0351591,0.607435
0,0,0.83803,0.523747,0.152956
0,0,-0.902063,-0.41221,0.127928
0,0,-0.100106,0.987685,0.120242
0,0,-0.821621,0.159726,0.547199
0,0,0.951453,0.130295,0.278856
0,0,-0.621796,0.325209,0.712466
0,0,0.525445,0.10731,0.844033
0,0,0.819635,0.400459,0.409672
0,0,0.702259,-0.538884,0.465227
0,0,0.763962,-0.395144,0.510121
0,0,0.284933,-0.175679,0.942311
0,0,-0.707102,-0.639239,0.302293
0,0,0.523964,-0.848834,0.0703046
0,0,-0.77147,-0.132591,0.622297
0,0,0.893162,0.346223,0.287039
0,0,0.203509,-0.0651741,0.976902
0,0,-0.370093,-0.857622,0.357094
0,0,-0.917307,-0.19137,0.349178
0,0,0.523034,-0.852279,0.00750694
0,0,0.717378,-0.633731,0.289402
0,0,-0.0223288,0.903798,0.427376
0,0,0.641619,0.214228,0.736499
0,0,0.922108,0.262856,0.283942
0,0,0.193147,0.560829,0.805087
23.7076,30.3708,-0.349695,0.91937,0.180201
0,0,0.749822,-0.138494,0.646982
0,0,-0.345911,-0.782266,0.518079
0,0,-0.428981,-0.583112,0.689896
0,0,0.779939,-0.0669187,0.622268
0,0,0.257577,0.179627,0.949415
0,0,-0.205177,-0.782668,0.58765
0,0,-0.689488,-0.485185,0.537775
0,0,-0.800497,0.321029,0.506107
0,0,0.0311905,-0.969843,0.241728
0,0,0.504795,-0.74032,0.443969
0,0,0.401296,0.694972,0.596637
0,0,-0.087496,-0.684756,0.723501
0,0,-0.686867,0.672448,0.275731
0,0,-0.45651,0.787295,0.414446
0,0,0.550668,-0.801394,0.233522
0,0,0.206142,0.605158,0.768953
0,0,-0.0547056,0.848202,0.52684
0,0,-0.141039,-0.600826,0.786839
0,0,-0.440027,0.568676,0.694971
0,0,0.655585,0.675453,0.337596
0,0,-0.442018,-0.896261,0.0365514
0,0,-0.197318,0.97553,0.0969901
24.557,34.992,0.780622,0.62422,0.0312666
0,0,0.71694,-0.696474,0.0303435
0,0,0.958776,0.120895,0.257164
0,0,0.972917,-0.0770716,0.217927
0,0,0.521897,0.840028,0.148246
0,0,0.850551,0.0444256,0.524013
0,0,0.52485,0.548126,0.651222
0,0,0.810174,-0.166816,0.561952
0,0,-0.911716,-0.410778,0.00586356
0,0,-0.927817,0.158952,0.337476
0,0,0.65667,-0.642196,0.395435
0,0,-0.148094,-0.403174,0.903061
0,0,0.847134,0.345448,0.403769
0,0,0.330086,0.730114,0.598311
0,0,-0.79651,0.394382,0.458294
0,0,0.698193,0.0708182,0.712399
0,0,0.700082,-0.31765,0.639518
0,0,-0.755012,-0.183155,0.629612
0,0,-0.456257,-0.322717,0.829267
0,0,0.992073,0.0498253,0.115362
0,0,0.239242,0.652724,0.718829
0,0,-0.667376,-0.446837,0.595773
0,0,0.57187,-0.705604,0.418435
0,0,-0.92499,0.0824529,0.370938
0,0,0.650742,0.218232,0.727262
0,0,0.653285,-0.613808,0.443237
0,0,-0.985621,0.16767,0.0209497
0,0,-0.815783,0.570205,0.09677
0,0,-0.655312,0.719797,0.229039
0,0,0.590113,-0.165969,0.790076
0,0,0.977334,0.211258,0.0137276
0,0,-0.146443,0.988423,0.0396686
0,0,-0.359601,-0.775112,0.519508
0,0,-0.901716,-0.432235,0.0090312
0,0,0.613861,0.410202,0.674469
0,0,-0.975088,0.0714005,0.210014
0,0,-0.872661,0.26075,0.412882
0,0,0.397337,-0.390845,0.830279
0,0,0.669108,-0.743165,0.000844842
0,0,-0.183041,-0.514399,0.837788
0,0,0.707027,-0.131387,0.694874
0,0,0.6754,-0.389808,0.626007
0,0,0.59436,0.41149,0.69095
0,0,-0.666953,-0.739731,0.0892849
0,0,-0.916943,0.359518,0.173098
0,0,-0.871117,0.483495,0.0859522
0,0,-0.329331,-0.705072,0.628025
0,0,0.905958,-0.290098,0.308355
0,0,-0.605662,0.794837,0.0375084
0,0,-0.651817,0.192488,0.733542
0,0,0.113043,0.393514,0.912342
0,0,0.40388,-0.827608,0.389803
20.3953,27.4277,-0.948278,-0.0845343,0.305979
0,0,0.0401392,-0.0949019,0.994677
0,0,-0.636755,-0.701656,0.319722
0,0,0.107855,0.692674,0.713141
0,0,0.829082,0.342618,0.441854
0,0,0.149278,0.33844,0.929072
0,0,0.50401,-0.405758,0.762453
0,0,-0.187812,-0.958708,0.213554
0,0,0.166884,0.320993,0.932262
0,0,-0.169474,-0.735831,0.655615
0,0,0.628574,-0.740564,0.237612
0,0,0.290221,0.3783,0.879011
0,0,0.99874,-0.0492619,0.00955019
0,0,-0.63672,-0.691918,0.340349
0,0,-0.384472,-0.510814,0.768929
0,0,-0.940785,0.254697,0.223725
0,0,0.00763012,-0.751194,0.660038
0,0,-0.631379,-0.434971,0.641998
0,0,-0.702937,-0.0222833,0.710903
0,0,-0.383525,-0.747418,0.54247
0,0,0.641587,-0.764933,0.0569567
0,0,0.162551,0.976786,0.139519
0,0,-0.765999,0.199207,0.611198
0,0,0.988328,0.0639888,0.138253
0,0,0.248871,-0.363699,0.897656
0,0,0.21974,-0.771563,0.596997
0,0,-0.857715,-0.228879,0.460369
0,0,-0.591099,-0.0536866,0.804811
0,0,0.141404,-0.556555,0.818689
0,0,-0.485871,0.634862,0.600733
0,0,-0.482725,-0.86559,0.133154
0,0,0.283611,-0.958054,0.0412011
0,0,0.173189,-0.964846,0.197681
0,0,-0.0800875,-0.918306,0.387685
0,0,0.461666,0.362283,0.809701
0,0,0.943428,0.232397,0.236505
0,0,-0.269205,-0.645773,0.714496
0,0,-0.631602,-0.0900654,0.770044
0,0,0.875403,0.244866,0.416786
0,0,-0.557187,0.809477,0.185175
0,0,-0.970789,-0.13676,0.197143
0,0,0.838292,0.234809,0.492068
0,0,-0.338702,-0.327751,0.881964
0,0,-0.471974,-0.532625,0.702532
0,0,-0.430691,0.398713,0.80965
0,0,-0.444975,0.368003,0.816438
19.8279,30.0068,0.890984,0.442576,0.101361
0,0,0.470062,0.602172,0.645314
0,0,-0.21354,0.803203,0.556117
0,0,0.334734,0.491126,0.804207
17.4698,24.616,-0.0146381,0.578263,0.815719
18.4668,28.7245,0.454594,0.807885,0.375056
21.0696,29.8121,0.239608,0.778057,-0.580703
0,0,-0.0520238,0.805076,0.590885
0,0,0.472033,0.877349,0.086271
0,0,0.745058,-0.202181,0.635619
0,0,-0.297286,0.631895,0.715772
0,0,0.353784,-0.213977,0.910522
0,0,-0.929984,-0.121413,0.34697
0,0,-0.795948,-0.0484129,0.603426
0,0,-0.322718,-0.203678,0.924321
0,0,0.173306,0.715395,0.676886
0,0,0.900843,0.0121844,0.433974
0,0,-0.451741,-0.570581,0.685834
0,0,0.883309,-0.453739,0.117836
0,0,-0.779723,0.197148,0.594277
0,0,-0.730564,0.567147,0.38029
0,0,-0.101758,-0.821759,0.560677
0,0,0.662723,-0.637297,0.393257
0,0,0.851787,0.130918,0.507266
0,0,-0.456354,-0.147483,0.877491
0,0,-0.0177695,0.929914,0.367349
0,0,-0.647361,-0.761969,0.018114
0,0,0.360377,-0.563718,0.743203
0,0,-0.420798,-0.357558,0.833715
0,0,-0.585317,-0.58404,0.562407
0,0,-0.640758,-0.747989,0.173037
0,0,0.737747,-0.233818,0.633292
0,0,-0.447818,-0.533601,0.717446
0,0,-0.128358,-0.873141,0.470265
0,0,-0.601223,0.13128,0.788223
0,0,0.874228,0.140883,0.464626
17.6633,24.2088,0.0274223,-0.258044,0.965744
0,0,-0.0867048,0.869142,0.486902
0,0,-0.657101,0.720547,0.221427
0,0,-0.400694,0.863205,0.307117
0,0,0.412946,0.486147,0.770154
0,0,0.241386,0.911714,0.33243
0,0,0.807167,-0.450485,0.381503
0,0,-0.950109,-0.149817,0.273583
0,0,0.394384,-0.914545,0.0898301
0,0,0.891844,-0.313973,0.325631
0,0,-0.478573,-0.599658,0.641388
0,0,-0.995474,-0.039055,0.0866332
0,0,0.923698,-0.327973,0.198032
0,0,-0.603045,0.796376,0.0460762
0,0,0.896677,0.345613,0.276625
0,0,0.586135,0.364701,0.723491
0,0,-0.958056,0.160767,0.237241
0,0,-0.513319,0.642451,0.568999
0,0,0.143479,0.717811,0.681294
0,0,0.654816,0.167316,0.737036
0,0,0.587033,-0.809396,0.0164232
0,0,-0.228815,0.573367,0.786698
0,0,-0.901547,-0.106291,0.419422
0,0,0.757915,0.651756,0.0279291
0,0,0.62909,0.464963,0.622941
0,0,0.550212,0.483622,0.680718
0,0,0.951899,0.178666,0.248931
0,0,0.507452,0.584629,0.633009
0,0,0.295205,0.936867,0.187443
0,0,-0.609043,-0.371397,0.700808
0,0,0.11874,-0.941654,0.314944
0,0,0.462376,-0.732879,0.499096
0,0,-0.894891,0.155926,0.41816
0,0,0.154181,-0.508965,0.846866
0,0,-0.979611,-0.198516,0.0308737
0,0,0.890648,0.351063,0.288965
0,0,0.168242,-0.135905,0.976332
0,0,0.607836,-0.759872,0.230498
0,0,0.846916,0.182062,0.499586
0,0,0.761599,-0.646207,0.0488087
0,0,0.316607,0.938995,0.134347
0,0,0.678732,-0.707588,0.196576
0,0,-0.850678,-0.274273,0.448466
0,0,0.81096,0.512927,0.281514
0,0,-0.226295,0.95879,0.17179
0,0,-0.00487429,-0.989742,0.142781
0,0,-0.781115,0.289946,0.552984
0,0,0.42825,0.525599,0.735083
1.01289,1.86409,0.390538,-0.0844449,0.916705
0,0,0.22315,0.42476,0.877373
0,0,0.944807,-0.0196269,0.327038
0,0,-0.844604,0.398487,0.357565
0,0,-0.435979,-0.783142,0.443409
0,0,0.0468665,-0.997969,0.0431511
0,0,0.216111,0.859798,0.462648
0,0,-0.338137,0.688671,0.641401
0,0,-0.340645,0.916618,0.209219
0,0,-0.948049,-0.293926,0.121699
0,0,-0.147958,0.340601,0.928493
0,0,-0.0922752,0.392128,0.915271
0,0,-0.9352,-0.271496,0.227358
0,0,-0.827146,0.00616443,0.561953
2.29227,3.86852,0.19098,0.88995,-0.414144
0,0,-0.867944,0.310143,0.387923
0,0,-0.349595,0.553845,0.755671
0,0,0.668583,-0.125241,0.733015
0,0,-0.855929,-0.320734,0.405604
0,0,-0.292084,0.51313,0.807084
0,0,-0.572166,0.815355,0.0884503
0,0,-0.736813,0.675853,0.0181468
0,0,-0.480393,0.0141105,0.87694
0,0,-0.562988,-0.426896,0.707675
0,0,0.0734357,0.767117,0.63729
0,0,-0.847289,-0.517529,0.119436
0,0,0.386354,-0.0987757,0.917046
0,0,0.662294,-0.640417,0.388887
0,0,-0.211374,-0.972511,0.0976942
0,0,0.836925,0.439576,0.326082
0,0,-0.015653,0.258099,0.965992
0,0,0.203168,-0.923456,0.325502
0,0,-0.157162,0.705943,0.690612
0,0,0.550061,0.793173,0.261362
0,0,-0.461379,-0.875484,0.143727
0,0,0.602939,0.543429,0.584081
0,0,0.729856,0.203214,0.652698
0,0,0.0766222,-0.708815,0.70122
0,0,0.602091,0.377763,0.703408
0,0,0.110187,-0.985529,0.12881
0,0,-0.492545,0.00807408,0.87025
0,0,-0.712629,0.700362,0.0406647
0,0,-0.325157,-0.504963,0.799553
0,0,0.0519525,0.381224,0.923022
0,0,0.766622,-0.63506,0.094819
0,0,0.62782,0.495153,0.600554
0,0,-0.819415,-0.0623049,0.569805
0,0,0.0944226,-0.398153,0.912447
0,0,-0.652941,-0.750817,0.0997083
0,0,0.667994,-0.0871531,0.739045
0,0,-0.36233,0.92259,0.132456
0,0,0.0971485,-0.823831,0.558449
0,0,-0.085924,0.807521,0.583547
0,0,-0.316922,0.28427,0.904848
0,0,0.746633,-0.64391,0.167091
0,0,0.54773,0.336376,0.766056
6.23872,8.67008,0.136315,-0.313889,0.939623
0,0,-0.673366,0.178648,0.7174
0,0,-0.174872,0.738387,0.65131
0,0,0.529912,-0.832382,0.162278
0,0,0.12085,0.874947,0.468896
0,0,0.444951,0.884037,0.143166
0,0,0.209868,0.372754,0.903886
0,0,0.23441,0.957277,0.169332
0,0,-0.31926,0.026182,0.947306
13.5578,18.5745,0.511262,-0.733168,0.448416
0,0,-0.218774,-0.814579,0.537215
0,0,0.953353,0.249542,0.169842
0,0,0.793833,-0.59914,0.10421
0,0,-0.0629808,-0.160511,0.985023
0,0,0.00451422,-0.321844,0.946782
0,0,0.251754,-0.449227,0.857214
0,0,0.210824,0.822901,0.527623
0,0,0.181531,-0.982707,0.0365157
0,0,-0.846749,0.335962,0.412487
0,0,-0.736837,0.586105,0.336974
0,0,0.25304,0.736271,0.627596
0,0,0.31797,0.673911,0.666888
0,0,-0.118536,-0.642836,0.756777
0,0,0.0959496,0.989395,0.109045
0,0,0.0783517,-0.887566,0.453968
0,0,-0.124072,-0.596805,0.792736
0,0,-0.36172,-0.00893494,0.932244
0,0,-0.955044,0.284772,0.0824398
0,0,-0.01639,-0.41393,0.910161
0,0,0.356664,-0.297092,0.885735
0,0,0.230578,0.474683,0.849418
0,0,-0.282247,-0.348301,0.893881
0,0,-0.284877,0.251701,0.924928
0,0,-0.167568,0.821164,0.545537
12.4053,17.5398,0.277347,0.201423,0.939419
0,0,-0.303066,-0.929132,0.211815
0,0,0.252493,0.547099,0.798079
0,0,-0.66536,-0.615889,0.421873
0,0,-0.42252,0.0957523,0.901282
0,0,-0.0853504,-0.992103,0.0919067
0,0,0.430492,-0.723633,0.539473
16.8315,25.1826,0.40507,0.79239,0.456111
0,0,0.733919,0.516917,0.440635
0,0,-0.304186,0.941967,0.142016
0,0,-0.279954,-0.661468,0.695763
0,0,-0.790637,0.190326,0.581953
0,0,0.902855,0.033663,0.428625
0,0,0.0492429,-0.952853,0.29941
12.8446,19.8294,0.129408,-0.0406459,0.990758
0,0,0.804723,-0.54268,0.240666
0,0,0.750527,0.616779,0.237261
0,0,-0.751982,-0.565874,0.338097
0,0,0.694517,0.657929,0.291162
0,0,0.415698,-0.777529,0.471852
0,0,-0.0430128,0.998805,0.0231953
0,0,0.0137928,0.99976,0.0170257
0,0,0.152483,0.951285,0.267964
0,0,-0.814164,0.512947,0.27207
0,0,0.172513,-0.906426,0.385527
0,0,0.747284,0.423542,0.512033
0,0,0.791606,0.601199,0.109176
0,0,0.554922,0.279212,0.783647
0,0,0.565481,0.589725,0.576589
0,0,0.348223,0.348957,0.87004
0,0,0.179925,-0.793844,0.580895
0,0,0.828599,-0.158153,0.537039
0,0,0.53242,0.779932,0.328992
0,0,-0.298307,0.921861,0.247356
0,0,-0.398144,0.866681,0.300576
0,0,0.991348,0.0499138,0.121397
0,0,-0.402794,0.510539,0.759676
0,0,-0.579762,0.343288,0.738938
0,0,-0.806123,-0.384537,0.449774
0,0,-0.22633,-0.971275,0.0734761
0,0,0.444281,-0.201859,0.87285
0,0,0.303097,0.858938,0.412744
0,0,-0.291658,0.900077,0.323722
0,0,0.539721,0.530318,0.653807
0,0,0.160558,0.618453,0.769244
0,0,-0.585564,-0.210429,0.782837
0,0,0.897516,0.437163,0.0579113
0,0,-0.360009,0.613214,0.703109
0,0,0.77853,0.0489466,0.625696
0,0,-0.245796,0.95226,0.181064
0,0,0.0825366,0.899946,0.428118
0,0,0.155102,-0.643899,0.749224
0,0,-0.551336,-0.821288,0.146676
0,0,0.291895,0.504546,0.812546
0,0,-0.548889,0.834914,0.0405053
0,0,-0.546813,-0.816472,0.185391
0,0,-0.938957,-0.0735501,0.33608
0,0,-0.844814,0.12176,0.521022
0,0,-0.410096,0.579561,0.704223
0,0,0.233067,-0.532843,0.813485
0,0,0.483534,-0.718554,0.499875
0,0,0.831503,0.517753,0.201333
0,0,0.549869,0.390245,0.73848
0,0,-0.00225858,0.997661,0.0683253
0,0,-0.721141,-0.0278683,0.692227
0,0,0.731371,0.0634496,0.679022
0,0,-0.447579,-0.893458,0.0374866
0,0,-0.75833,0.199088,0.620726
0,0,0.427206,0.852556,0.301071
0,0,0.372127,-0.880778,0.292834
0,0,0.224974,0.878779,0.420873
0,0,0.682602,0.0582385,0.728466
0,0,0.43571,-0.156791,0.886326
0,0,-0.500391,0.801794,0.326705
0,0,-0.635943,0.431155,0.640064
0,0,0.673579,-0.630008,0.386498
0,0,-0.844111,-0.0141257,0.535982
0,0,-0.227408,-0.661685,0.714464
0,0,0.791632,-0.0939793,0.603728
0,0,0.924772,0.0849543,0.370918
0,0,-0.4778,0.878467,0.00139435
20.363,27.0542,-0.693781,-0.0706813,-0.716709
0,0,0.625754,-0.727131,0.282334
0,0,0.377151,-0.486622,0.788008
12.5568,17.9753,0.38243,0.897435,0.219904
0,0,-0.61258,0.753319,0.239283
0,0,-0.442685,-0.8819,0.16212
0,0,-0.202596,-0.838673,0.505551
0,0,0.330476,-0.662804,0.671921
0,0,0.578457,-0.482341,0.657825
0,0,-0.423735,0.676801,0.601987
0,0,-0.076416,0.736268,0.672362
0,0,-0.759617,0.468054,0.451562
0,0,0.739095,-0.363215,0.567285
0,0,0.61197,0.571584,0.546612
22.5329,34.0029,-0.458251,-0.542587,0.703992
0,0,0.829954,0.116629,0.545503
0,0,0.668264,-0.486461,0.562832
0,0,0.671368,0.741103,0.00553478
0,0,-0.45535,-0.85079,0.262321
0,0,-0.806856,0.481536,0.342208
0,0,-0.832603,0.550239,0.0633168
17.3123,24.6372,0.482115,-0.316876,0.816796
0,0,0.171344,0.587453,0.790911
0,0,0.189297,0.981904,0.00557004
0,0,0.989174,-0.0724649,0.127607
0,0,0.755393,-0.596666,0.270871
0,0,0.966554,0.0269653,0.255041
0,0,-0.534497,0.153617,0.831092
0,0,0.629894,0.757578,0.171198
0,0,0.785837,-0.41262,0.460657
0,0,0.202477,-0.907399,0.368281
0,0,0.576227,0.396897,0.714448
0,0,-0.440105,0.386902,0.810318
0,0,0.717434,0.45841,0.524546
0,0,-0.508737,0.79756,0.324167
0,0,0.900804,-0.425344,0.0873793
0,0,0.371005,-0.050746,0.927243
0,0,-0.942843,0.317876,0.100006
0,0,-0.720405,-0.183352,0.668879
0,0,0.50471,0.073598,0.860146
0,0,0.509763,-0.823214,0.24992
0,0,0.614509,-0.158822,0.772758
0,0,-0.16768,-0.0973104,0.981027
0,0,-0.190009,0.702676,0.68567
21.4961,32.2091,0.0462145,0.902356,0.428507
0,0,-0.869486,-0.385091,0.309354
0,0,-0.921958,0.0407584,0.38514
0,0,0.382447,-0.603242,0.699881
0,0,0.165527,0.35474,0.920196
0,0,0.49724,-0.861298,0.10449
0,0,-0.905458,-0.204496,0.371923
0,0,-0.0486013,0.925827,0.37481
0,0,-0.66851,0.727912,0.152443
0,0,-0.509053,-0.679899,0.527829
0,0,0.518675,0.752357,0.406122
0,0,0.0324466,-0.884303,0.465785
0,0,-0.114378,-0.368303,0.922643
0,0,0.908687,0.416315,0.031151
0,0,-0.775574,0.256725,0.576695
0,0,-0.862678,-0.0871,0.498197
13.7235,20.0065,0.549029,0.581941,0.599926
0,0,-0.419054,-0.0441567,0.906887
0,0,0.172171,0.939831,0.295083
21.6239,30.8221,0.920096,-0.381027,0.0907874
0,0,0.507567,0.112935,0.854179
0,0,0.267273,-0.553266,0.788963
0,0,-0.0206553,-0.767912,0.640222
0,0,0.0198939,-0.946523,0.322022
0,0,0.24119,0.534026,0.810336
0,0,0.522557,-0.838453,0.154696
0,0,-0.849949,-0.484291,0.207483
0,0,0.105493,0.915012,0.389389
0,0,-0.120868,0.334841,0.93449
15.4241,22.8326,-0.246504,0.214543,0.945096
0,0,0.926245,0.17946,0.331459
0,0,0.906278,0.418304,0.0606868
0,0,0.665068,-0.705599,0.244571
0,0,0.31485,-0.905507,0.284478
0,0,0.94937,-0.299231,0.0956965
0,0,0.154263,0.398372,0.904158
0,0,-0.600555,-0.286095,0.746648
0,0,-0.650193,-0.519021,0.554857
0,0,-0.342626,-0.451282,0.823985
0,0,0.257465,-0.806646,0.532009
0,0,0.402615,0.586981,0.702392
0,0,-0.837852,-0.133317,0.529368
0,0,-0.120733,-0.361538,0.924508
0,0,0.467956,-0.665141,0.581897
0,0,0.0284486,0.900154,0.434642
0,0,0.904835,-0.255914,0.340268
0,0,0.506361,0.286469,0.813347
0,0,0.988168,0.135758,0.0713684
0,0,0.814612,-0.447101,0.369468
0,0,0.739181,0.296005,0.604973
0,0,0.895191,0.428688,0.121901
0,0,-0.997321,0.0731072,0.00245761
0,0,0.650742,-0.657112,0.380446
0,0,-0.972542,0.221789,0.0705142
0,0,0.538091,-0.443595,0.716716
0,0,0.529532,-0.119035,0.839897
22.9066,31.1015,-0.315308,-0.776946,0.544918
0,0,0.376773,-0.545835,0.748403
0,0,-0.203077,0.950427,0.235475
0,0,-0.735891,-0.668373,0.108364
0,0,-0.228477,0.934381,0.27337
0,0,-0.52045,0.550884,0.652425
0,0,0.805806,0.224606,0.547932
0,0,0.883686,0.465706,0.0470791
0,0,0.444668,-0.0131796,0.895599
0,0,-0.866966,0.0643774,0.494192
0,0,-0.115136,0.619036,0.776877
0,0,-0.601106,0.7645,0.232835
0,0,0.632123,0.740128,0.229414
0,0,0.585615,-0.535245,0.608743
0,0,-0.837041,-0.535778,0.110924
0,0,0.0842679,0.318953,0.944017
0,0,-0.674554,-0.508106,0.535542
0,0,-0.0697928,-0.423475,0.903215
0,0,0.56491,-0.406906,0.717847
0,0,0.528209,0.550719,0.6463
0,0,-0.749274,0.0426859,0.660884
0,0,0.45043,-0.102066,0.886959
0,0,-0.975228,0.192863,0.108325
0,0,-0.236154,0.217943,0.94696
0,0,-0.954332,-0.2985,0.0121633
0,0,-0.459439,-0.803628,0.378284
0,0,-0.40905,0.710649,0.572412
0,0,0.518053,-0.850093,0.0946757
0,0,-0.935257,-0.00821826,0.353874
0,0,0.645257,-0.29937,0.702866
0,0,0.135017,-0.989958,0.041875
0,0,-0.200253,-0.397445,0.895509
0,0,0.459627,0.466477,0.75574
0,0,-0.859108,-0.233565,0.455392
0,0,0.609853,-0.791424,0.0415763
0,0,0.459895,0.235676,0.856127
0,0,-0.24297,0.967799,0.0658032
0,0,0.521465,-0.789693,0.323202
0,0,0.780916,0.484825,0.393846
0,0,-0.91079,-0.367162,0.188823
0,0,0.794701,0.574696,0.195382
0,0,-0.809109,0.452906,0.374458
0,0,0.0148193,-0.436897,0.899389
0,0,-0.789076,-0.609805,0.0741457
0,0,-0.671875,-0.00406593,0.740654
0,0,-0.559759,-0.67736,0.47734
0,0,-0.879289,-0.121073,0.460644
0,0,0.54927,0.782852,0.292311
0,0,0.660261,0.0463887,0.749603
0,0,0.604413,0.578631,0.547605
0,0,-0.443517,-0.512257,0.735449
0,0,-0.198404,0.0685835,0.977718
0,0,-0.722315,-0.691253,0.0207409
0,0,-0.54859,0.341941,0.762972
0,0,-0.100456,0.677835,0.728319
0,0,0.345058,0.365997,0.86428
0,0,-0.471101,-0.495151,0.729992
0,0,-0.434444,0.142095,0.88942
0,0,0.760962,0.467457,0.449912
0,0,0.859208,-0.481833,0.172045
0,0,-0.814373,-0.273341,0.511939
0,0,-0.0483035,-0.180928,0.982309
0,0,0.69717,0.620886,0.358406
0,0,-0.873703,0.265168,0.407835
0,0,-0.407093,0.342837,0.846604
0,0,-0.107329,-0.537753,0.836243
0,0,-0.972485,-0.231635,0.024856
23.7303,34.4425,0.471779,0.304662,0.827409
0,0,0.0611844,-0.423154,0.903989
0,0,-0.926238,0.298899,0.229659
0,0,0.617474,0.206847,0.758908
0,0,-0.0425123,0.819734,0.571164
0,0,0.988892,-0.141017,0.0469782
0,0,0.690446,-0.67782,0.252675
0,0,-0.777784,-0.626722,0.0476523
0,0,0.458059,-0.884822,0.0852812
0,0,-0.62634,-0.753794,0.198726
0,0,-0.817182,0.162458,0.55301
0,0,-0.874978,-0.262185,0.407028
0,0,-0.668676,-0.624804,0.403103
0,0,0.952965,-0.0669005,0.295604
0,0,-0.562054,0.744914,0.359441
0,0,0.921449,-0.103991,0.374322
0,0,-0.847,-0.506074,0.162726
0,0,0.654128,0.735815,0.175195
0,0,0.514821,-0.246389,0.821128
8.11246,11.8265,-0.227216,0.272128,0.93505
0,0,-0.601625,-0.458608,0.654008
0,0,0.477368,-0.261035,0.839035
0,0,-0.364466,-0.688868,0.626598
0,0,-0.723016,0.690179,0.0300308
0,0,-0.198272,0.316598,0.927607
0,0,0.761562,-0.608558,0.222891
0,0,-0.64728,-0.668601,0.366063
0,0,-0.109007,-0.947271,0.301323
0,0,0.456125,-0.546917,0.702019
0,0,0.0408451,0.450056,0.892066
0,0,0.856959,0.508192,0.085805
0,0,0.342559,0.936241,0.0781438
0,0,0.55999,0.703932,0.43691
19.8698,27.5753,0.294124,0.459748,0.837928
0,0,-0.844122,0.393122,0.364571
0,0,0.982337,0.0868796,0.165731
0,0,0.457696,-0.705997,0.540447
0,0,0.771095,-0.394985,0.499398
0,0,-0.547712,0.20665,0.810745
0,0,0.604337,-0.44283,0.662329
0,0,0.28583,-0.418938,0.861854
0,0,0.80777,-0.588716,0.0303538
0,0,-0.672864,0.431438,0.600929
0,0,0.117538,-0.544342,0.830588
0,0,-0.576435,0.741155,0.344111
2.36526,3.61154,-0.240898,0.244542,0.939238
0,0,-0.167836,-0.643057,0.7472
0,0,0.157554,0.237592,0.958502
0,0,0.288727,-0.607102,0.740313
0,0,0.361289,-0.19608,0.911605
0,0,0.505508,-0.639423,0.57931
0,0,-0.485552,-0.801355,0.349384
0,0,-0.787153,-0.0753529,0.612138
0,0,-0.687303,0.0650529,0.723452
0,0,0.401718,0.851213,0.337727
0,0,0.987582,0.154013,0.0310205
0,0,0.465919,-0.723149,0.509877
0,0,-0.912619,-0.300771,0.276883
0,0,0.954533,-0.29393,0.0497266
0,0,0.871333,-0.347022,0.346922
0,0,0.0209337,0.984527,0.173975
0,0,-0.102289,0.914821,0.390692
0,0,0.472428,0.88043,0.0406726
15.6855,23.5544,0.123359,-0.777907,0.616152
0,0,0.31254,0.601296,0.735365
0,0,0.912949,-0.0299804,0.406971
0,0,-0.705119,0.6852,0.182505
0,0,0.189179,0.844931,0.500303
0,0,-0.943785,-0.31597,0.0971238
0,0,-0.700071,-0.348972,0.622992
0,0,-0.0281637,-0.787553,0.615604
0,0,-0.478364,0.7075,0.520203
0,0,0.263847,0.722891,0.638603
0,0,-0.982457,-0.13391,0.129796
22.1044,30.8798,0.66239,-0.71845,-0.212292
0,0,-0.907466,0.404575,0.113248
16.2596,23.9847,-0.483188,0.716685,-0.502884
0,0,0.736897,0.340588,0.583937
0,0,0.34864,0.612891,0.709095
0,0,0.719046,-0.368504,0.589218
0,0,0.917223,-0.361003,0.168459
0,0,-0.246122,0.967628,0.0558615
0,0,-0.35144,-0.476444,0.80591
0,0,-0.478252,0.769852,0.422614
0,0,0.385711,-0.419207,0.821884
0,0,0.546405,-0.635747,0.545223
0,0,0.897813,-0.317229,0.305447
0,0,-0.832839,0.255116,0.491218
0,0,-0.308036,0.405398,0.860678
0,0,0.806194,0.535549,0.251473
0,0,-0.955166,0.2507,0.157504
0,0,-0.83898,-0.544128,0.00609521
0,0,-0.7126,-0.687196,0.14129
0,0,0.259228,-0.754581,0.602834
0,0,-0.754014,-0.0539152,0.654642
0,0,-0.4663,-0.156087,0.870747
0,0,-0.594861,-0.407242,0.693033
0,0,-0.158171,-0.473417,0.866521
0,0,0.628779,-0.420806,0.65388
0,0,0.862171,-0.378205,0.337079
0,0,-0.207839,-0.602534,0.770555
0,0,-0.542914,0.835695,0.0828142
0,0,0.00236479,0.414395,0.910094
0,0,0.141282,-0.783483,0.60514
0,0,0.569364,-0.556483,0.605105
0,0,-0.635541,-0.281292,0.719001
0,0,0.35498,-0.895487,0.2685
0,0,0.729277,-0.649897,0.213985
0,0,0.0440493,0.791062,0.610148
0,0,-0.842484,0.482723,0.239165
0,0,-0.960283,0.13375,0.244883
0,0,0.524789,0.349343,0.776245
0,0,-0.536278,-0.363297,0.761854
0,0,0.435322,-0.554282,0.709412
0,0,-0.186127,-0.73713,0.649612
0,0,-0.560398,-0.816466,0.139058
0,0,0.968798,-0.0547538,0.241727
0,0,-0.26252,-0.952138,0.156576
0,0,0.431282,0.209558,0.877543
0,0,-0.302424,0.726292,0.617284
0,0,-0.0456286,0.890248,0.453185
0,0,-0.82434,0.224447,0.519699
0,0,-0.242949,-0.929341,0.278032
0,0,-0.43646,-0.241989,0.86657
0,0,0.838152,0.0116743,0.545312
0,0,0.210903,-0.890241,0.403722
0,0,-0.967617,0.160943,0.194462
0,0,0.1988,0.568545,0.79827
0,0,0.661173,0.571152,0.486453
0,0,-0.362107,-0.768146,0.528043
0,0,0.974712,0.210159,0.0759565
0,0,-0.434992,0.898545,0.0582962
0,0,0.410725,0.718745,0.56099
0,0,0.0881098,0.847658,0.523175
0,0,0.928966,-0.31136,0.200194
0,0,-0.901711,0.0965543,0.421419
0,0,0.845762,-0.154347,0.510748
0,0,-0.644926,0.268397,0.715565
0,0,0.466017,-0.806343,0.364196
0,0,0.286907,0.871474,0.397766
0,0,0.507637,0.755459,0.41423
0,0,-0.844581,0.174962,0.506034
0,0,-0.193923,0.885908,0.42138
0,0,-0.328633,-0.809181,0.487058
0,0,0.86696,-0.400853,0.296139
0,0,0.339984,0.846629,0.409427
0,0,0.477579,-0.435802,0.762886
0,0,0.298085,0.509191,0.807385
0,0,0.11679,0.389418,0.913627
0,0,-0.988761,-0.149507,0.000408216
0,0,-0.9273,0.361734,0.0962424
0,0,0.770586,0.303501,0.560433
0,0,0.293821,-0.494449,0.81804
0,0,0.809597,0.585265,0.0449209
0,0,0.477281,-0.543313,0.690662
0,0,0.134874,0.990157,0.037387
0,0,0.936246,-0.265611,0.229989
0,0,0.0237125,-0.990877,0.132668
0,0,0.269505,-0.861124,0.431083
0,0,0.954921,-0.00635862,0.296791
0,0,0.511579,-0.547283,0.662396
0,0,0.21737,-0.939673,0.26413
0,0,0.715513,0.340017,0.61027
0,0,-0.825426,0.0126581,0.564368
0,0,0.520503,-0.575566,0.630715
0,0,0.85392,-0.491685,0.17049
0,0,0.336861,0.294139,0.894431
0,0,0.821746,0.567675,0.0497872
0,0,-0.551242,0.579243,0.600508
0,0,0.265428,0.840197,0.472882
0,0,0.373426,0.489821,0.7878
0,0,-0.820173,0.209399,0.532417
0,0,0.948159,-0.101299,0.301219
0,0,-0.715436,0.119341,0.688411
0,0,-0.680228,-0.718777,0.143698
0,0,-0.153673,-0.909415,0.386458
0,0,-0.0452114,-0.65281,0.756171
0,0,-0.712505,-0.315846,0.62656
0,0,-0.107057,-0.564249,0.818634
0,0,-0.437892,-0.869838,0.227227
0,0,-0.203676,0.0540127,0.977547
0,0,0.0581345,-0.678329,0.732455
0,0,0.926422,0.128946,0.353716
0,0,0.338824,-0.937635,0.0777044
0,0,0.756339,-0.631,0.1726
0,0,0.804927,-0.37401,0.460661
0,0,0.650208,-0.244414,0.719369
0,0,0.912828,-0.0133214,0.408127
0,0,0.580449,0.504022,0.639563
0,0,0.980274,-0.154953,0.122689
0,0,0.117694,-0.551845,0.8256
0,0,0.545799,-0.453065,0.704866
0,0,0.944168,-0.329455,0.0026079
0,0,-0.642901,-0.745854,0.174299
5.89393,8.58038,0.188413,-0.240098,0.952289
0,0,-0.594656,-0.627209,0.502985
0,0,0.45179,0.693023,0.561786
0,0,-0.247737,-0.593836,0.765496
0,0,0.819859,-0.394171,0.415283
0,0,0.264459,-0.614106,0.743596
0,0,0.0181851,0.952302,0.304614
0,0,-0.522568,-0.219183,0.823943
0,0,0.60088,-0.591009,0.538193
0,0,0.378769,-0.0280217,0.925067
0,0,-0.982709,0.149992,0.108562
0,0,0.47783,0.878386,0.0107985
0,0,0.856469,0.514606,0.0405002
0,0,0.504813,0.289376,0.81328
0,0,0.063859,0.119342,0.990797
0,0,-0.392398,0.190429,0.899867
0,0,-0.733078,0.610699,0.299407
0,0,0.684909,-0.0324532,0.727906
0,0,0.638051,-0.762668,0.105961
0,0,0.234331,0.663995,0.71007
0,0,0.781115,0.582965,0.223632
0,0,-0.426053,-0.858264,0.286114
0,0,-0.999327,-0.0227152,0.0288024
0,0,0.60125,0.76111,0.243329
20.6088,28.0214,0.0626932,0.605108,0.793671
0,0,-0.750825,-0.642351,0.153773
0,0,-0.507108,0.324573,0.798432
0,0,0.0609077,-0.596359,0.800404
0,0,0.048094,-0.826393,0.561036
0,0,-0.946414,-0.266309,0.182703
0,0,-0.00894197,0.1134,0.993509
0,0,0.444928,-0.776202,0.446709
0,0,0.432873,0.64644,0.62828
0,0,-0.395857,-0.843387,0.363312
0,0,0.314164,-0.430132,0.846338
0,0,0.716336,-0.451241,0.532207
24.312,36.3007,-0.77198,0.464236,-0.434202
0,0,-0.815314,-0.355801,0.456802
0,0,-0.175867,0.478917,0.860064
0,0,0.93119,-0.243686,0.271113
0,0,-0.101159,0.45659,0.883908
0,0,-0.626609,0.102861,0.772516
0,0,0.943992,-0.0733827,0.321704
0,0,0.464435,0.45625,0.759036
0,0,0.30989,-0.672006,0.672589
0,0,-0.858899,-0.179311,0.479729
0,0,0.0323981,-0.378145,0.925179
0,0,-0.350716,0.771268,0.531172
0,0,-0.631816,0.31399,0.708674
0,0,-0.992077,0.122655,0.0271974
0,0,-0.10817,-0.774005,0.623871
0,0,-0.738688,-0.170674,0.652081
0,0,0.868764,-0.211092,0.447984
0,0,0.969781,0.13178,0.205324
0,0,-0.899411,-0.368762,0.234679
0,0,-0.937125,0.348993,4.22723e-05
0,0,-0.186985,-0.0813026,0.978993
0,0,-0.583037,-0.297553,0.755996
0,0,-0.981367,0.104317,0.161357
0,0,-0.177227,0.594238,0.78452
0,0,0.303933,-0.818493,0.487538
0,0,-0.253462,0.852152,0.457813
0,0,0.0478709,0.0196753,0.99866
0,0,-0.481686,0.787268,0.384952
0,0,0.396781,0.48867,0.777024
0,0,0.27552,0.902157,0.331967
0,0,0.345031,-0.32555,0.880324
0,0,0.349272,0.731577,0.585495
0,0,-0.868375,0.493166,0.0520865
0,0,0.345404,0.846935,0.404225
0,0,0.487159,-0.583796,0.649505
0,0,-0.698732,-0.106916,0.707349
0,0,-0.260804,-0.508567,0.820573
0,0,0.669774,-0.620209,0.408342
0,0,-0.756371,0.301379,0.58058
0,0,-0.9781,0.162662,0.129849
0,0,0.486692,0.324821,0.810939
0,0,0.275828,0.736335,0.617843
0,0,0.304875,-0.476202,0.824793
0,0,-0.917698,-0.272792,0.288815
0,0,-0.880893,0.351686,0.316772
0,0,0.517767,0.451775,0.72651
0,0,-0.642646,0.483514,0.594323
0,0,-0.765497,0.0396636,0.642215
0,0,-0.137368,0.985123,0.103261
0,0,0.703753,-0.658956,0.265536
0,0,-0.617729,0.732971,0.284895
0,0,-0.0469649,0.906176,0.420285
0,0,0.738167,0.229314,0.634448
0,0,0.249609,-0.773944,0.581985
0,0,0.785952,-0.594582,0.169561
0,0,0.0384483,-0.326871,0.944286
0,0,0.259653,0.445606,0.856747
0,0,-0.408981,-0.0229175,0.912255
0,0,0.454077,0.880567,0.135706
0,0,0.100988,-0.699676,0.707287
0,0,-0.947814,0.0896255,0.305966
0,0,-0.963951,0.0901861,0.250329
0,0,0.169576,-0.920982,0.350765
0,0,-0.251465,0.617989,0.744886
0,0,0.320971,-0.486755,0.812433
23.7221,35.8175,0.000703564,-0.169349,0.985556
0,0,0.360999,-0.0593644,0.930675
0,0,-0.0661847,0.784334,0.616798
0,0,0.792595,-0.581083,0.184758
0,0,-0.747958,-0.583738,0.315925
0,0,-0.466811,-0.450692,0.760897
0,0,-0.499721,0.771056,0.394653
0,0,0.430077,-0.574516,0.696395
0,0,0.619768,0.78474,0.00838547
0,0,0.4694,-0.0402462,0.882068
0,0,0.631988,-0.703674,0.324706
0,0,-0.582254,0.609615,0.537913
0,0,0.374473,-0.875548,0.305262
0,0,0.583599,-0.781226,0.221582
0,0,0.31544,-0.94879,0.0172
0,0,-0.904695,0.426046,0.00361405
0,0,0.405194,-0.0278516,0.913806
0,0,-0.290671,-0.539555,0.790184
0,0,-0.741308,-0.0361886,0.670189
0,0,0.383126,0.0957551,0.91872
13.8687,20.7702,-0.301486,-0.408506,0.861527
0,0,-0.901508,-0.230922,0.366003
0,0,0.931885,-0.319059,0.172605
17.7409,24.2041,0.957258,-0.141578,0.252216
0,0,0.994784,4.91426e-06,0.102007
0,0,0.641809,0.0989431,0.760455
0,0,-0.649219,0.171573,0.740998
0,0,0.873309,0.0535379,0.484216
0,0,0.489445,0.0387902,0.871171
0,0,0.795269,-0.492461,0.353595
0,0,-0.611819,-0.389518,0.688443
0,0,0.305953,0.855011,0.418748
0,0,0.28154,-0.373199,0.884001
0,0,0.245829,-0.615852,0.748528
0,0,-0.0688251,-0.628511,0.77475
0,0,-0.929165,-0.36934,0.0155249
0,0,0.720264,0.39127,0.572824
0,0,0.699488,-0.615291,0.363502
0,0,-0.632535,0.635042,0.44342
0,0,0.869972,0.239402,0.431086
0,0,0.877544,0.0922562,0.470537
0,0,0.429083,-0.00562867,0.903248
0,0,-0.458593,0.888131,0.0302824
0,0,0.600466,0.434351,0.671401
0,0,0.348296,-0.853435,0.387735
0,0,-0.702363,-0.334885,0.628123
0,0,-0.965271,-0.259349,0.0314794
0,0,0.978745,0.0144673,0.20457
0,0,0.220595,-0.715816,0.66253
0,0,-0.725134,0.661195,0.192361
0,0,0.372569,-0.927765,0.021078
0,0,0.849791,0.41271,0.32791
0,0,0.353504,-0.222816,0.908508
0,0,0.936078,0.332662,0.114432
0,0,-0.947093,-0.316828,0.0513405
0,0,0.397355,0.682715,0.613196
0,0,0.46324,0.210692,0.860824
0,0,-0.0442053,-0.948664,0.313181
0,0,0.88926,-0.444094,0.109532
0,0,0.680442,0.731382,0.0455863
0,0,-0.611082,-0.51154,0.604073
0,0,0.418546,0.611011,0.671926
0,0,-0.350376,-0.619635,0.702346
0,0,-0.197772,-0.299821,0.93327
0,0,-0.105009,0.409393,0.906295
0,0,0.175097,-0.356985,0.917553
0,0,-0.149821,-0.801354,0.579124
0,0,-0.5151,-0.408871,0.753324
0,0,-0.863281,-0.50472,0.0020819
0,0,0.206571,0.0581299,0.976703
0,0,0.841875,0.457273,0.286614
0,0,-0.628568,-0.69639,0.346329
0,0,0.779199,-0.177993,0.600972
0,0,0.751671,-0.118325,0.648838
0,0,-0.714929,0.6734,0.188172
0,0,0.0792303,-0.823848,0.561246
0,0,-0.894101,-0.318862,0.314501
0,0,-0.513034,0.46947,0.718605
0,0,0.518594,-0.776625,0.357651
0,0,-0.577399,-0.41782,0.701454
0,0,0.770065,-0.308713,0.558298
0,0,-0.204748,0.482936,0.851382
0,0,0.772811,-0.0796069,0.629623
0,0,-0.51572,0.272153,0.812382
0,0,-0.836849,-0.163185,0.522546
0,0,-0.433193,-0.72574,0.534457
0,0,0.589585,-0.270945,0.760906
0,0,0.609872,-0.113224,0.78437
0,0,0.424533,0.129573,0.896093
0,0,0.0356146,-0.741598,0.669899
0,0,0.135635,-0.602476,0.786528
0.488514,0.604528,-0.421195,-0.878006,-0.227377
0,0,-0.0451414,-0.528671,0.847625
0,0,0.924545,0.346243,0.159161
0,0,0.172864,0.834913,0.522531
0,0,0.342023,0.544235,0.766048
0,0,-0.236046,-0.970051,0.0572956
0,0,0.905035,-0.102234,0.412867
0,0,-0.9833,-0.0620021,0.171106
0,0,-0.0885334,-0.850371,0.518683
0,0,0.631023,-0.0763247,0.772
0,0,0.789939,0.0959942,0.605625
0,0,-0.0173666,-0.399641,0.916507
0,0,0.0542207,0.444777,0.893998
0,0,-0.35316,-0.733187,0.581132
0,0,-0.336826,-0.538715,0.772227
0,0,-0.888815,0.165374,0.427388
0,0,-0.80122,-0.462049,0.380207
0,0,0.817023,-0.413767,0.401584
0,0,-0.255397,-0.892621,0.371483
0,0,-0.0427032,0.983958,0.173212
0,0,-0.678998,0.592644,0.433285
0,0,-0.956296,-0.0639531,0.28532
0,0,-0.909375,0.0531184,0.412573
0,0,-0.998208,0.0525034,0.0287072
0,0,0.462966,-0.474576,0.748625
0,0,-0.729134,0.0656496,0.681215
0,0,-0.72219,0.120178,0.681174
0,0,-0.578021,-0.161281,0.799925
0,0,0.891193,0.0892678,0.444755
0,0,0.471709,-0.206331,0.857274
0,0,0.807557,-0.587991,0.0460274
0,0,-0.214223,0.938914,0.26935
0,0,-0.178994,0.315068,0.932037
0,0,-0.057799,0.944072,0.324635
0,0,-0.689043,-0.137314,0.711593
0,0,-0.766562,0.0292725,0.641503
0,0,0.873463,-0.290491,0.39074
0,0,0.714853,0.304276,0.629603
0,0,0.87625,-0.00198278,0.481853
0,0,0.0443566,-0.905534,0.421948
0,0,0.840938,-0.515841,0.163501
0,0,0.15605,-0.983165,0.0950526
0,0,-0.712994,0.173651,0.679327
0,0,-0.278096,0.958377,0.064622
0,0,-0.173172,0.780439,0.600771
0,0,-0.759671,0.448152,0.471233
0,0,-0.925059,-0.187298,0.330434
0,0,-0.154717,-0.452835,0.878068
0,0,0.902116,0.243006,0.35656
0,0,0.987077,0.15799,0.0267984
0,0,-0.861,0.503453,0.0722066
0,0,0.201936,-0.484723,0.851038
0,0,-0.825982,0.29874,0.478025
0,0,-0.892849,0.101095,0.438864
0,0,-0.127089,0.897393,0.422533
0,0,0.780944,0.210121,0.588197
0,0,-0.485035,-0.85999,0.158612
0,0,-0.176727,-0.0468707,0.983143
0,0,0.699172,0.542558,0.465607
0,0,0.34174,0.120254,0.932069
0,0,-0.547163,-0.106011,0.830286
0,0,-0.847895,-0.317627,0.424483
0,0,-0.337689,0.753151,0.564561
0,0,0.00986079,0.664843,0.746918
0,0,0.912647,-0.116156,0.391896
0,0,-0.234339,-0.582821,0.778078
0,0,0.84436,-0.465634,0.265031
0,0,-0.703067,-0.436072,0.561727
0,0,0.763702,-0.401688,0.505377
0,0,0.38432,-0.174996,0.906463
0,0,0.773006,0.571263,0.2759
0,0,0.811339,0.584546,0.00597353
0,0,-0.307593,0.728383,0.612245
0,0,0.789724,0.0184669,0.613185
0,0,-0.367655,0.194455,0.909405
0,0,-0.693376,0.713006,0.104174
0,0,-0.324268,0.633771,0.70227
0,0,0.523115,-0.142332,0.840293
0,0,0.862152,0.489368,0.131196
0,0,0.322622,-0.783886,0.530507
0,0,-0.801524,0.504894,0.320378
0,0,-0.180857,0.556211,0.811123
0,0,-0.00443009,0.99998,0.00459499
0,0,0.47163,0.658256,0.58674
0,0,0.290558,0.224948,0.93004
0,0,-0.495387,0.475482,0.726986
0,0,-0.68067,-0.020013,0.732317
0,0,-0.710536,-0.189298,0.67772
0,0,0.15062,-0.521486,0.839861
0,0,-0.555111,-0.160274,0.816189
0,0,0.810425,-0.27914,0.515066
0,0,-0.0415067,-0.984652,0.169521
0,0,-0.678073,0.65939,0.324688
0,0,0.21432,0.498075,0.840231
0,0,-0.912162,-0.171043,0.37243
0,0,0.0755695,0.23309,0.969515
0,0,0.574816,0.55463,0.601641
0,0,-0.513512,0.509567,0.690396
0,0,-0.836364,0.308338,0.453236
0,0,-0.152043,-0.885835,0.438383
0,0,-0.659125,-0.305529,0.687173
0,0,0.297634,0.0602256,0.952778
0,0,-0.298742,0.230151,0.926166
0,0,-0.770116,0.413765,0.48551
0,0,0.61732,0.497548,0.609395
0,0,-0.840006,0.162394,0.517704
0,0,-0.806152,-0.159635,0.569768
0,0,-0.848462,-0.200397,0.48985
0,0,0.140586,-0.979873,0.141718
0,0,-0.98037,-0.00881567,0.19697
0,0,0.724971,-0.648791,0.231272
0,0,-0.384475,0.896977,0.2182
6.60436,8.44593,-0.0978416,0.980128,-0.172557
0,0,-0.4762,0.0736966,0.876243
0,0,-0.780164,0.623902,0.0457194
0,0,0.519237,-0.561221,0.644535
0,0,-0.6962,0.624923,0.353238
0,0,-0.48238,0.866943,0.125375
0,0,-0.524082,-0.193058,0.829498
0,0,0.322723,-0.671623,0.666913
0,0,-0.387318,0.532927,0.752312
0,0,0.967309,0.223671,0.119518
0,0,0.638627,-0.742609,0.20171
0,0,0.832643,0.232615,0.50259
0,0,0.0458567,0.469341,0.881826
0,0,0.460801,-0.117911,0.879636
0,0,0.827925,0.197194,0.525029
0,0,0.461944,0.480709,0.745337
0,0,-0.857841,-0.491902,0.148801
0,0,-0.462655,0.885734,0.0377609
0,0,-0.484764,0.173133,0.857338
0,0,0.614149,-0.438396,0.656224
0,0,0.515984,0.850324,0.103485
0,0,0.190412,-0.760503,0.620789
0,0,-0.44349,-0.789925,0.423479
0,0,0.291152,0.7131,0.637745
0,0,-0.721941,-0.56442,0.40029
0,0,-0.592742,-0.383481,0.708236
0,0,0.296681,-0.589629,0.751211
0,0,0.932172,0.237321,0.273376
0,0,0.0876868,0.744994,0.661283
0,0,-0.643186,0.0841289,0.761074
0,0,-0.0483087,0.415786,0.908178
0,0,-0.482779,-0.831458,0.274958
0,0,0.690013,0.160875,0.705692
0,0,-0.564729,-0.441945,0.696969
0,0,-0.71318,-0.65,0.262437
0,0,0.12414,0.456778,0.880876
0,0,-0.860543,0.363924,0.356407
0,0,0.596952,0.454827,0.660894
0,0,0.572946,0.808387,0.135072
0,0,0.460292,0.788336,0.408237
0,0,0.481564,-0.799624,0.358746
0,0,0.684341,0.230302,0.691837
0,0,-0.86555,-0.0298581,0.499932
0,0,0.933472,0.262708,0.244162
0,0,0.393259,0.353806,0.848628
0,0,0.522778,-0.0571597,0.85055
0,0,-0.845486,-0.239179,0.477438
0,0,0.396715,-0.571043,0.718698
0,0,0.940605,-0.188933,0.282075
0,0,0.410788,0.503309,0.760219
0,0,0.347386,-0.806567,0.478301
0,0,0.437602,-0.0481161,0.89788
0,0,-0.741187,-0.601952,0.297146
0,0,-0.990431,-0.115606,0.0753799
0,0,-0.086039,-0.256615,0.962676
0,0,0.096354,0.650961,0.752971
0,0,-0.466022,0.512349,0.721333
0,0,-0.60676,0.004063,0.794875
0,0,-0.648466,-0.136143,0.74897
0,0,-0.466542,0.771516,0.432551
0,0,0.579575,-0.339737,0.740724
0,0,0.121041,0.905219,0.407342
0,0,0.181195,-0.983163,0.0236613
0,0,-0.42597,-0.708861,0.562197
0,0,0.121507,-0.691884,0.711711
0,0,-0.767363,-0.213623,0.604582
0,0,-0.915698,-0.38102,0.127755
0,0,0.597254,0.0548227,0.800177
0,0,0.921805,0.204107,0.329569
0,0,-0.140278,-0.434778,0.889545
0,0,0.393384,-0.897788,0.198054
0,0,-0.48033,0.338528,0.809124
0,0,-0.941266,0.2923,0.169053
0,0,-0.797009,-0.0427666,0.602451
0,0,-0.860921,0.161816,0.482317
0,0,0.851107,0.263455,0.454102
0,0,-0.506101,-0.790704,0.344454
0,0,0.464972,-0.847685,0.255405
0,0,0.583699,0.00233364,0.811967
0,0,-0.443889,0.246257,0.86158
0,0,0.267469,-0.606716,0.748569
0,0,0.518498,0.491164,0.699941
0,0,-0.917573,0.216662,0.333341
0,0,-0.743747,-0.491597,0.452959
0,0,-0.0172598,-0.950367,0.310652
0,0,0.694191,-0.412835,0.589632
0,0,-0.589239,-0.804933,0.069867
0,0,-0.566638,-0.682985,0.460927
0,0,-0.573954,0.363558,0.733759
0,0,0.590131,0.356165,0.724494
12.288,16.6141,-0.062261,0.144362,0.987564
0,0,0.824087,0.566092,0.0204968
0,0,0.555918,0.654727,0.51214
0,0,0.520318,0.848916,0.0927908
19.6209,28.9817,0.165464,-0.116664,0.979291
0,0,-0.45218,0.461051,0.763522
0,0,-0.0921658,0.884082,0.458153
0,0,0.414005,0.494783,0.764061
23.3463,32.7067,-0.808795,0.126314,0.574365
0,0,0.65108,-0.664269,0.367208
0,0,-0.50618,-0.624313,0.594992
0,0,-0.0209189,0.847288,0.530721
0,0,-0.14264,0.446873,0.883153
0,0,0.431214,0.0190636,0.902048
0,0,0.540183,0.797813,0.267764
0,0,0.768642,0.456664,0.447937
0,0,-0.1913,0.595226,0.780455
0,0,0.0203027,0.541636,0.840368
0,0,0.720678,0.469421,0.510164
0,0,0.441125,-0.277613,0.853428
0,0,0.488056,0.020072,0.872582
0,0,-0.944839,-0.187279,0.268711
0,0,-0.0554075,0.975499,0.212912
0,0,-0.69082,0.629686,0.355337
0,0,-0.529623,-0.179922,0.828932
0,0,0.183984,-0.167885,0.968486
0,0,0.874069,-0.197253,0.443955
0,0,0.169063,0.976202,0.135824
0,0,-0.203104,0.85412,0.478777
0,0,-0.715126,0.690271,0.1101
20.8547,27.0135,0.141032,-0.958209,0.248889
0,0,-0.58109,0.80873,0.091056
0,0,0.725904,-0.631684,0.2721
0,0,-0.616483,-0.705888,0.348813
0,0,-0.0330022,-0.410158,0.911417
0,0,-0.77075,0.508028,0.384515
0,0,-0.0655611,0.60347,0.794686
0,0,0.746768,0.329318,0.57783
0,0,-0.0700119,-0.976432,0.204155
0,0,0.786516,0.282544,0.549146
0,0,0.123844,0.857917,0.498639
0,0,-0.471927,-0.0176607,0.881461
0,0,-0.674173,-0.399494,0.621205
0,0,-0.600195,0.615135,0.511249
0,0,-0.766662,-0.494357,0.409683
0,0,-0.494711,0.710334,0.500685
0,0,-0.558667,-0.808425,0.185308
0,0,0.577861,-0.814755,0.0474448
0,0,0.661274,-0.682297,0.311748
0,0,0.868262,-0.496071,0.00586613
0,0,-0.66904,-0.632957,0.389551
0,0,-0.385701,-0.688022,0.614704
0,0,-0.923476,0.0191953,0.383175
0,0,-0.822302,-0.469397,0.321692
0,0,-0.648299,0.413167,0.639532
0,0,-0.0482787,0.897867,0.437613
0,0,0.573418,-0.501163,0.648095
0,0,0.703566,0.41327,0.578103
0,0,0.707246,0.295507,0.642245
21.7068,30.0399,-0.359787,0.308881,0.880424
0,0,0.588308,-0.645157,0.48751
0,0,0.770374,-0.485004,0.413878
0,0,-0.0574599,-0.983608,0.170921
0,0,-0.390818,-0.854971,0.341006
0,0,0.928738,0.286507,0.235285
0,0,-0.0227326,-0.686443,0.726828
0,0,-0.446952,-0.0679851,0.891971
0,0,0.49002,0.865892,0.100552
0,0,-0.94826,0.290169,0.128863
0,0,-0.704364,-0.0912699,0.703947
22.9264,31.8097,0.0898555,-0.326121,0.941048
0,0,0.23172,0.183851,0.955251
0,0,-0.539381,-0.583118,0.607488
0,0,-0.791333,0.557878,0.250128
0,0,0.838323,-0.21898,0.499262
0,0,-0.633147,0.762332,0.134069
0,0,0.256513,0.683486,0.683408
0,0,0.787406,-0.424057,0.447401
3.96155,5.68953,-0.317864,0.200324,0.926732
0,0,-0.839593,-0.536653,0.0841882
0,0,0.950755,-0.308919,0.0251648
0,0,-0.860587,0.309117,0.404769
0,0,-0.470822,-0.154198,0.868648
0,0,0.337936,-0.51633,0.786894
0,0,-0.141268,0.98416,0.107108
0,0,0.406376,0.825773,0.391099
0,0,-0.642214,-0.133159,0.754871
0,0,-0.340247,-0.208895,0.91684
0,0,0.560148,0.478942,0.675906
0,0,-0.138534,-0.944946,0.296455
0,0,-0.6598,0.205703,0.722738
0,0,-0.794219,0.572132,0.204648
0,0,-0.50793,-0.790506,0.34221
0,0,-0.621272,-0.737605,0.264499
0,0,0.588996,0.808081,0.0094784
0,0,-0.616313,0.46796,0.633381
0,0,0.765319,-0.360349,0.533325
0,0,0.271181,-0.798307,0.537742
0,0,0.226709,-0.913862,0.336837
0,0,0.121076,-0.422866,0.898068
0,0,-0.90881,-0.270306,0.317803
0,0,0.693186,-0.684021,0.227174
0,0,-0.242644,0.42392,0.872591
0,0,0.0570166,-0.871741,0.486638
0,0,-0.753616,0.0912462,0.650951
0,0,-0.562587,0.317776,0.763227
0,0,-0.399205,0.315342,0.860927
0,0,-0.585377,0.801323,0.123353
0,0,-0.614699,-0.219964,0.75747
0,0,0.715905,-0.600357,0.356442
0,0,-0.656296,-0.406151,0.635859
0,0,0.535411,-0.707944,0.460598
0,0,0.789931,0.282894,0.544041
0,0,-0.189378,-0.0632997,0.979862
0,0,0.967412,0.0893444,0.236922
0,0,0.704205,0.146043,0.694814
0,0,0.728304,-0.684178,0.0383933
0,0,-0.00638501,-0.933497,0.358528
0,0,0.231823,0.905796,0.354672
0,0,0.965625,-0.0276539,0.258463
0,0,-0.207303,0.582404,0.786022
0,0,-0.607793,0.784648,0.122128
0,0,0.69379,-0.14082,0.706276
0,0,-0.54471,0.647884,0.532482
0,0,0.498429,-0.262703,0.82617
0,0,0.422044,0.285212,0.860542
5.44705,8.18448,0.34919,0.266575,0.898334
0,0,-0.989674,-0.00212938,0.143323
0,0,-0.282917,0.740889,0.609131
0,0,-0.280498,-0.877273,0.389505
0,0,0.0316533,0.302188,0.952723
0,0,0.65111,0.0789086,0.75487
0,0,0.153033,-0.352459,0.92323
0,0,-0.0923886,0.956136,0.277971
0,0,-0.525497,0.722466,0.449329
0,0,-0.826917,0.478357,0.295605
0,0,0.189019,-0.740274,0.645187
0,0,-0.384557,0.352862,0.852997
0,0,0.813317,0.342867,0.470062
0,0,-0.926688,-0.374134,0.0356883
0,0,0.430186,-0.203974,0.879394
0,0,-0.560327,-0.305536,0.769858
0,0,0.307836,0.524052,0.794107
0,0,-0.656325,0.747721,0.100755
0,0,0.501083,-0.206025,0.840517
0,0,-0.413954,-0.640557,0.646784
0,0,0.708065,-0.555956,0.435382
0,0,-0.030139,0.583198,0.811771
0,0,0.632842,-0.0193935,0.774038
0,0,0.653471,0.623409,0.429346
0,0,-0.0262218,0.968252,0.248597
0,0,0.203534,-0.489655,0.847828
0,0,0.327249,0.424857,0.84404
0,0,-0.371635,0.852246,0.368191
0,0,-0.512015,-0.288497,0.80908
0,0,0.923212,0.332243,0.193116
0,0,-0.801763,-0.5965,0.0369259
0,0,-0.460687,0.134379,0.877331
0,0,0.0531494,-0.995275,0.0812555
0,0,-0.0731987,0.953066,0.293781
0,0,-0.0463739,0.631707,0.773819
0,0,0.477042,-0.701969,0.528839
0,0,-0.417063,0.150654,0.896304
0,0,0.952491,-0.19737,0.23196
0,0,-0.104076,0.249657,0.962725
0,0,-0.48873,-0.865246,0.111768
0,0,-0.921475,0.185061,0.34152
0,0,0.972453,0.0441146,0.228887
0,0,-0.806474,0.4869,0.335452
0,0,0.995451,-0.0694269,0.0652403
0,0,-0.500433,-0.367702,0.783813
10.5433,16.2918,0.198919,-0.424711,0.883205
0,0,0.554654,-0.263334,0.789313
0,0,-0.635428,0.748709,0.188856
0,0,0.0260783,-0.961212,0.274576
0,0,-0.275914,-0.330446,0.902595
0,0,-0.91203,0.395555,0.108337
0,0,-0.384303,-0.572278,0.724437
0,0,0.87789,0.459833,0.133654
0,0,-0.743981,0.000282241,0.6682
0,0,0.296571,-0.876873,0.378338
0,0,-0.129602,-0.802844,0.581932
0,0,-0.652579,-0.0662299,0.75482
0,0,-0.515588,-0.802698,0.299741
0,0,0.368364,0.853216,0.369229
0,0,0.356767,-0.900512,0.248586
0,0,-0.95689,-0.131661,0.258895
0,0,-0.663981,0.296031,0.686655
0,0,-0.0906467,0.991584,0.0924318
0,0,-0.4136,-0.83034,0.373457
0,0,-0.295909,-0.426101,0.854913
0,0,-0.718338,-0.620235,0.315117
0,0,0.832509,-0.553854,0.0131998
0,0,-0.430952,-0.431991,0.792253
0,0,0.731324,0.681775,0.0186477
0,0,-0.302926,-0.514714,0.802063
0,0,-0.142042,0.383171,0.912691
0,0,-0.385428,-0.763466,0.518232
0,0,0.677899,-0.583297,0.447457
0,0,-0.83429,0.280245,0.474788
0,0,-0.623359,-0.466663,0.627415
0,0,0.519146,0.458068,0.721569
0,0,-0.633748,0.529915,0.563519
0,0,-0.028737,-0.819438,0.572447
0,0,0.703917,-0.278349,0.65347
0,0,0.591242,0.644484,0.484844
0,0,-0.429231,0.839984,0.331946
0,0,0.363085,0.360456,0.859209
0,0,0.861941,-0.28758,0.41756
0,0,-0.106631,0.859335,0.500174
0,0,0.360108,0.242422,0.900863
0,0,-0.0895644,-0.904574,0.416802
0,0,0.920763,0.319964,0.2232
0,0,0.421164,0.632837,0.649722
0,0,-0.117414,-0.987052,0.109281
0,0,-0.341082,0.874942,0.343715
0,0,0.277958,-0.000171187,0.960593
0,0,0.527505,0.54802,0.649163
0,0,0.965669,-0.202027,0.163307
0,0,-0.842396,-0.253406,0.475556
0,0,-0.0942507,0.773576,0.626656
0,0,-0.754168,0.337655,0.563223
0,0,0.834206,0.550897,0.0247637
0,0,-0.967548,-0.197137,0.158077
0,0,0.86532,-0.495038,0.0784715
0,0,-0.346049,-0.574739,0.741569
0,0,-0.657225,0.537037,0.528816
0,0,-0.0144706,0.538528,0.842483
0,0,0.886082,0.304971,0.349072
6.09758,9.41806,0.019588,-0.206896,0.978167
0,0,-0.556082,0.8205,0.132489
0,0,-0.407368,-0.820479,0.401081
0,0,-0.724935,-0.601773,0.33517
0,0,0.18803,0.886553,0.422692
0,0,0.272559,-0.777547,0.566686
0,0,0.515803,0.637678,0.572114
0,0,-0.43638,-0.379487,0.81582
0,0,0.312269,0.299642,0.901501
0,0,-0.867762,0.111357,0.484343
0,0,0.941382,0.0575999,0.332389
0,0,-0.321599,0.911916,0.254919
0,0,0.397622,-0.771068,0.497344
0,0,-0.787474,-0.553794,0.270548
0,0,-0.99329,0.0840472,0.0794366
0,0,0.928287,-0.0303046,0.370628
0,0,-0.0866611,-0.961796,0.25969
11.2097,16.8983,0.00191494,-0.75875,0.651379
0,0,-0.822789,-0.0720448,0.563762
0,0,0.6336,0.0951463,0.767788
0,0,-0.471119,-0.831676,0.293872
0,0,0.868424,-0.475469,0.140601
0,0,-0.772175,0.635033,0.0219067
0,0,-0.526771,-0.390212,0.755147
0,0,-0.249341,-0.868466,0.42848
0,0,-0.281727,0.469196,0.83695
0,0,-0.880755,-0.471535,0.0438743
0,0,-0.498105,-0.464334,0.732315
0,0,0.452547,0.253709,0.854888
0,0,-0.0180285,-0.549488,0.835307
0,0,-0.418343,-0.647868,0.636598
0,0,0.698556,0.439602,0.564597
0,0,-0.915644,-0.30587,0.260843
0,0,-0.594336,-0.704552,0.387777
0,0,-0.643049,0.0652509,0.76304
0,0,0.0043877,-0.0047385,0.999979
0,0,0.351584,-0.175667,0.919527
0,0,-0.646795,-0.496169,0.579199
0,0,-0.931471,0.338995,0.132079
0,0,0.961686,-0.0277462,0.272746
0,0,-0.734652,-0.0329088,0.677645
0,0,-0.763641,-0.638066,0.0986118
0,0,-0.125791,-0.157634,0.979453
0,0,-0.522217,-0.524314,0.672595
0,0,-0.320231,0.655861,0.683592
0,0,-0.562354,0.587356,0.58204
0,0,-0.608048,-0.73782,0.293088
0,0,-0.629189,0.695129,0.34773
0,0,0.654236,0.54781,0.52142
0,0,-0.859654,-0.302378,0.41178
0,0,0.672549,0.469992,0.571652
0,0,0.601975,0.582815,0.54585
0,0,-0.497658,0.299057,0.814188
0,0,0.373271,-0.160022,0.913817
0,0,0.867008,0.201333,0.45581
0,0,-0.45414,0.845243,0.28164
0,0,-0.505601,0.816365,0.279134
0,0,-0.876328,-0.367526,0.311407
0,0,0.775992,-0.613865,0.144936
0,0,-0.437491,-0.0568318,0.897425
0,0,0.699422,-0.128119,0.703132
0,0,0.403399,0.739518,0.538872
0,0,-0.450589,0.212535,0.867063
0,0,0.639302,0.620252,0.454511
0,0,-0.233164,0.441439,0.866467
0,0,-0.277177,0.0298708,0.960355
0,0,-0.889456,0.330382,0.315778
0,0,-0.437251,-0.85542,0.277611
0,0,0.452674,0.891053,0.0333258
0,0,-0.0980771,0.801601,0.58976
0,0,-0.114106,-0.937401,0.329028
0,0,0.962005,-0.273031,0.000143317
0,0,-0.40655,-0.13612,0.903431
0,0,0.303942,0.828652,0.470059
0,0,-0.469317,-0.36838,0.802519
0,0,0.699521,-0.0168854,0.714413
0,0,-0.718036,-0.433762,0.544311
0,0,-0.496365,-0.836839,0.230914
0,0,0.434436,0.798835,0.416086
0,0,-0.980951,-0.124084,0.149459
0,0,0.941357,-0.276653,0.193157
0,0,-0.631182,-0.331338,0.701302
0,0,-0.424174,0.644186,0.636475
0,0,0.640579,0.767871,0.0057464
0,0,-0.384725,0.234618,0.892716
0,0,-0.990054,-0.13189,0.0489717
0,0,0.0861901,-0.506038,0.858194
0,0,0.117198,0.170685,0.978331
0,0,0.935336,-0.317966,0.155064
0,0,-0.568146,0.67643,0.46867
0,0,-0.228208,-0.826638,0.514384
0,0,-0.482262,-0.587586,0.649743
0,0,-0.339764,0.734416,0.587532
0,0,-0.287113,-0.478866,0.82961
0,0,-0.497869,-0.0716134,0.86429
0,0,-0.179129,-0.554864,0.812428
0,0,-0.863711,0.166066,0.475841
0,0,-0.331339,-0.0628496,0.941416
0,0,0.446288,-0.456803,0.769518
0,0,0.0143267,0.931462,0.363557
0,0,0.311815,-0.82345,0.474027
0,0,0.0402482,0.885934,0.462061
0,0,-0.606525,0.238126,0.758567
0,0,0.798198,0.582696,0.152791
0,0,-0.495754,0.790004,0.360725
15.562,23.1438,0.0499094,-0.353729,0.934016
0,0,0.490842,-0.198054,0.848439
0,0,0.984307,0.0830947,0.155673
0,0,-0.546571,-0.75391,0.364528
0,0,-0.718976,0.383867,0.579414
0,0,-0.476832,-0.810692,0.339721
0,0,-0.867578,-0.462799,0.182001
0,0,-0.422238,0.511479,0.748401
0,0,0.90722,-0.174258,0.382865
0,0,-0.434996,-0.844531,0.312323
0,0,0.797224,0.0224922,0.603264
0,0,-0.567101,0.669079,0.480344
0,0,-0.419396,-0.386359,0.821483
0,0,-0.337612,0.42745,0.838633
0,0,0.360412,0.876118,0.320189
0,0,-0.661687,0.619496,0.422368
0,0,-0.882411,0.198606,0.426504
0,0,-0.702152,-0.702975,0.113175
0,0,0.469379,0.71635,0.516261
0,0,-0.189827,-0.899567,0.393375
0,0,-0.535356,-0.788727,0.302167
0,0,-0.195242,0.884039,0.424684
0,0,0.607635,-0.382375,0.69611
0,0,0.129822,-0.383647,0.914309
0,0,-0.97759,-0.204468,0.0500975
0,0,0.0698476,0.00967137,0.997511
0,0,0.896653,0.421322,0.136018
0,0,0.0313738,-0.546196,0.837069
0,0,0.45441,0.737845,0.499096
0,0,0.606295,0.789303,0.0969886
0,0,-0.0351886,0.99926,0.0155414
0,0,-0.926463,-0.349968,0.138524
0,0,-0.698943,0.574672,0.425711
0,0,-0.274334,0.961211,0.0285416
0,0,0.0439747,0.907588,0.417553
0,0,-0.891281,0.283046,0.354265
0,0,0.912878,-0.151475,0.379089
0,0,0.501841,-0.756574,0.419227
22.1729,30.4729,0.168803,0.887157,0.429485
0,0,-0.57645,0.802788,0.152436
0,0,0.866138,0.457558,0.20111
0,0,-0.0530011,0.915069,0.3998
0,0,-0.272552,-0.734768,0.621154
0,0,-0.148903,0.926804,0.344764
0,0,0.216915,-0.967159,0.132478
23.1071,33.9965,0.310174,0.114499,0.94376
0,0,-0.382683,0.758025,0.528159
0,0,0.337509,-0.800708,0.494929
0,0,-0.414454,0.0661472,0.907663
0,0,0.778503,-0.600195,0.183571
0,0,-0.950038,0.277204,0.143478
0,0,0.0162661,-0.985787,0.16721
0,0,-0.704695,0.700894,0.110234
0,0,-0.474291,0.826799,0.302409
0,0,0.307043,-0.943172,0.127084
0,0,0.937818,0.334094,0.0942294
0,0,-0.966087,-0.177318,0.187708
0,0,0.511881,0.840931,0.175535
0,0,-0.971241,0.0884089,0.221078
0,0,-0.358342,-0.727058,0.585643
0,0,0.510477,-0.7996,0.31631
0,0,0.798694,-0.191717,0.570379
0,0,-0.845565,-0.409942,0.342005
0,0,-0.86149,0.341173,0.37608
0,0,-0.642914,-0.725788,0.244732
0,0,-0.535198,-0.773541,0.339408
0,0,0.26377,-0.354105,0.897237
0,0,0.358278,0.404363,0.841503
0,0,-0.00527613,0.641946,0.766732
0,0,-0.74746,0.356256,0.5607
0,0,0.959009,-0.131532,0.251
0,0,-0.0997324,0.916664,0.387016
0,0,-0.368419,0.0664506,0.927282
0,0,-0.235722,0.897939,0.371672
0,0,-0.209464,0.948264,0.238581
0,0,-0.973248,0.229745,0.00247849
0,0,0.186562,-0.28815,0.939236
0,0,0.524545,-0.569609,0.63277
0,0,0.338513,0.0115563,0.940891
0,0,0.428284,0.883922,0.187761
0,0,-0.265726,0.140696,0.953727
0,0,-0.562325,-0.343905,0.75201
0,0,0.82135,-0.324121,0.469393
0,0,-0.320702,-0.928056,0.189374
0,0,-0.157287,-0.559342,0.813878
0,0,-0.57104,0.616156,0.542462
0,0,0.975314,-0.211538,0.0633614
0,0,0.651843,-0.308106,0.692944
0,0,0.232687,0.3108,0.921553
0,0,0.960209,-0.275068,0.0483424
0,0,-0.39553,0.609482,0.687086
0,0,0.14134,0.929807,0.339826
0,0,-0.197834,0.922003,0.332825
0,0,0.94958,0.311651,0.034225
0,0,-0.0507218,-0.820449,0.569466
0,0,-0.19512,-0.937591,0.287838
0,0,-0.564651,-0.0778915,0.821646
0,0,-0.75111,0.603055,0.268622
0,0,0.298531,-0.940387,0.162949
0,0,0.201989,-0.494823,0.845193
0,0,0.0158559,0.59303,0.805024
0,0,0.0102591,0.629238,0.777145
0,0,-0.925889,0.0986373,0.364692
0,0,0.291708,-0.874041,0.388534
0,0,-0.207878,0.917885,0.338043
0,0,-0.705066,0.0786033,0.704772
0,0,-0.783979,0.121967,0.608688
0,0,0.589267,0.324549,0.739887
0,0,0.66597,-0.0414447,0.744827
0,0,-0.170909,0.00118897,0.985286
0,0,0.869435,0.479488,0.119054
0,0,0.334646,0.841311,0.424509
0,0,0.103322,-0.780432,0.616644
0,0,-0.119304,0.870377,0.477714
0,0,-0.314259,-0.11856,0.941905
0,0,0.169923,0.419955,0.891495
0,0,0.389563,0.918762,0.0641615
0,0,-0.0810405,-0.4644,0.88191
0,0,0.107493,0.853604,0.509711
0,0,0.421556,0.115967,0.899357
0,0,0.521457,0.206016,0.828034
0,0,-0.0189354,0.526238,0.850127
0,0,0.0453974,-0.510531,0.85866
0,0,0.157259,0.860945,0.48378
0,0,-0.892788,0.433619,0.122081
0,0,0.976971,0.0418797,0.209224
0,0,0.893252,0.229717,0.386434
0,0,0.58825,-0.779158,0.216503
0,0,0.658432,0.204181,0.724415
0,0,0.561854,-0.775017,0.289256
0,0,-0.524102,-0.195754,0.828853
0,0,-0.221958,-0.769365,0.59901
0,0,0.655223,-0.057742,0.753226
0,0,-0.510176,-0.848698,0.139399
0,0,-0.7784,0.350207,0.521007
0,0,0.00264126,-0.996653,0.0817101
0,0,-0.397719,0.91155,0.104386
0,0,0.414282,-0.607681,0.677565
0,0,-0.456261,-0.85654,0.241173
0,0,-0.606241,-0.609023,0.511432
0,0,-0.447653,0.777117,0.442376
0,0,0.685203,0.728298,0.00885712
0,0,-0.734722,0.00728152,0.67833
0,0,0.235637,0.377661,0.895459
0,0,0.736543,-0.488243,0.468105
0,0,0.754601,0.09223,0.64967
0,0,-0.846991,0.0641223,0.527726
0,0,-0.742144,0.0272342,0.669687
0,0,-0.993425,0.114432,0.00336867
0,0,0.859528,-0.0181261,0.510767
0,0,0.895801,0.441918,0.0474305
0,0,-0.605027,0.667829,0.433528
0,0,-0.626916,-0.777764,0.0453815
0,0,-0.626916,-0.777764,0.0453815
0,0,-0.763843,0.170537,0.622463
0,0,0.802119,-0.188032,0.566789
0,0,-0.694244,0.630742,0.346685
0,0,-0.524241,-0.761757,0.380654
0,0,-0.181459,0.604303,0.775816
0,0,-0.844925,0.446157,0.295035
10.4924,13.7507,0.0527439,0.453733,0.889575
0,0,-0.553964,-0.721932,0.414654
0,0,-0.556892,0.794193,0.243163
0,0,-0.726515,-0.112073,0.677949
0,0,0.297795,-0.328177,0.896447
0,0,0.0180573,-0.999711,0.015892
0,0,-0.258443,-0.77413,0.577867
0,0,0.864259,0.0803408,0.49659
0,0,0.764154,0.644915,0.0123924
0,0,-0.934429,-0.354462,0.0346142
0,0,-0.706038,0.352643,0.614128
0,0,0.0510052,0.997098,0.0565153
0,0,0.730623,-0.159194,0.663963
0,0,-0.533872,0.276673,0.79902
0,0,-0.590837,-0.0708244,0.803676
0,0,-0.245254,-0.366191,0.897638
0,0,-0.252956,-0.477877,0.841218
0,0,0.999799,0.00662158,0.0189271
0,0,-0.927538,-0.324923,0.184655
0,0,0.39669,0.861477,0.317008
0,0,-0.64602,0.516898,0.561671
0,0,0.129472,0.889711,0.437779
0,0,0.445771,0.770492,0.455665
0,0,-0.259739,0.0429738,0.964722
0,0,0.351717,-0.700989,0.620411
0,0,0.871442,0.309232,0.380741
0,0,-0.626538,0.777908,0.0480495
0,0,-0.269462,-0.779716,0.565184
0,0,0.343462,-0.817296,0.462668
0,0,-0.498787,-0.848016,0.179107
0,0,-0.391623,0.896121,0.208803
0,0,0.434683,0.810733,0.392125
0,0,0.195452,-0.928456,0.31586
0,0,0.71434,-0.118197,0.689745
0,0,-0.584177,0.748887,0.312898
0,0,-0.630016,-0.0474951,0.775128
0,0,0.13829,0.699197,0.701426
0,0,-0.237475,0.8316,0.502044
0,0,0.772741,0.571073,0.277032
0,0,0.795717,-0.576589,0.185418
0,0,-0.89028,0.108648,0.442264
0,0,-0.546476,-0.822222,0.159107
0,0,-0.526345,-0.722897,0.44764
0,0,-0.484055,0.841463,0.240064
0,0,-0.203929,0.257897,0.944406
0,0,0.765166,-0.456991,0.453519
0,0,-0.571926,0.0252776,0.819916
0,0,0.34933,-0.471808,0.809547
0,0,-0.118091,-0.2226,0.967731
0,0,0.863176,-0.0954869,0.495792
0,0,-0.112693,0.879441,0.462475
0,0,0.210245,-0.720296,0.661038
0,0,0.17844,-0.689218,0.702237
0,0,-0.328868,-0.456139,0.826912
23.2136,32.5291,0.125446,-0.809922,0.572965
0,0,0.197712,0.329048,0.923384
0,0,-0.424384,0.605708,0.673065
0,0,0.696675,-0.71278,0.0811676
0,0,-0.554142,0.465639,0.690005
0,0,0.97415,-0.0122327,0.225572
0,0,-0.631905,0.515267,0.578962
0,0,0.303058,0.902137,0.307089
0,0,0.978951,-0.071743,0.19107
0,0,-0.691598,0.720931,0.044162
0,0,0.3321,0.874633,0.353165
0,0,0.711225,0.681527,0.172279
0,0,-0.921821,0.124411,0.367107
0,0,0.0476784,0.654321,0.754712
0,0,0.169858,0.952003,0.254634
0,0,-0.109616,0.864561,0.490427
0,0,0.75025,0.261362,0.607302
0,0,0.915542,-0.336998,0.219581
0,0,-0.968954,-0.048301,0.242478
0,0,0.824588,0.410322,0.389475
0,0,-0.0637729,-0.997925,0.00881859
0,0,-0.579402,-0.0405674,0.814032
0,0,0.370367,0.681871,0.630777
0,0,0.863015,0.428905,0.266919
0,0,0.675852,-0.187858,0.712695
0,0,-0.213395,0.480656,0.850548
0,0,-0.760689,0.63892,0.114602
0,0,0.792793,-0.0462652,0.607733
0,0,0.833982,0.0773095,0.546349
0,0,0.196573,-0.935039,0.29506
0,0,-0.319,-0.156324,0.934774
0,0,-0.00780362,0.421353,0.906863
15.9189,23.8929,0.436565,0.143106,0.888218
0,0,0.528958,-0.666919,0.524806
0,0,-0.716473,0.426111,0.552355
0,0,-0.517009,0.67038,0.532252
0,0,0.91192,-0.182826,0.367392
0,0,0.734199,-0.0127417,0.678815
0,0,-0.56319,0.452739,0.691263
0,0,0.989573,-0.0784643,0.12078
0,0,-0.512313,0.320124,0.796904
0,0,0.688071,0.26858,0.674109
0,0,-0.079752,-0.166272,0.98285
0,0,-0.246541,-0.953344,0.174222
0,0,0.648464,0.250368,0.718895
0,0,0.693047,-0.301321,0.654898
0,0,-0.611386,-0.425599,0.667137
0,0,0.284177,-0.676598,0.679307
0,0,0.157638,0.321656,0.933642
0,0,0.524477,-0.80627,0.273591
0,0,0.681613,0.555816,0.475891
0,0,-0.704371,0.389947,0.59313
0,0,-0.897698,-0.144078,0.41639
19.0818,27.535,-0.292109,0.82053,0.491328
0,0,0.32032,-0.872404,0.369196
0,0,0.450094,0.892177,0.0378947
0,0,-0.103877,0.870839,0.480467
0,0,0.265959,-0.265,0.926844
0,0,-0.764646,0.100418,0.636579
0,0,-0.0933564,0.884272,0.457546
0,0,-0.312431,-0.594171,0.74118
0,0,0.6024,0.743479,0.290436
0,0,-0.277604,-0.956866,0.0856942
0,0,0.345559,0.347164,0.871818
0,0,-0.755935,0.349639,0.553458
0,0,0.220013,-0.555849,0.801639
0,0,0.28742,-0.929903,0.2295
0,0,-0.150477,-0.44021,0.885196
0,0,0.367209,-0.826662,0.426365
0,0,-0.409858,0.8898,0.20068
0,0,0.54265,0.839065,0.0387442
0,0,0.244092,0.765023,0.595952
0,0,0.690119,0.698216,0.190343
0,0,-0.0198338,-0.00367109,0.999797
0,0,0.671643,-0.60757,0.423975
0,0,-0.686056,-0.609083,0.397927
22.0249,33.5762,-0.207264,0.190448,0.959568
22.1666,30.3667,0.307267,-0.327872,0.893357
0,0,-0.585583,0.802775,0.11245
0,0,-0.738392,-0.633669,0.230739
0,0,0.875949,0.209232,0.434666
0,0,-0.383131,-0.87831,0.285975
0,0,-0.62872,-0.777114,0.0283677
0,0,-0.424962,-0.270229,0.863935
0,0,0.116118,0.756554,0.643539
0,0,0.469774,-0.325624,0.820538
0,0,0.623474,0.449292,0.639857
0,0,-0.217055,-0.940431,0.261682
0,0,0.444918,0.16011,0.881143
0,0,-0.466865,-0.477974,0.744028
0,0,-0.0710097,0.357248,0.931306
0,0,0.965041,-0.0932774,0.244941
0,0,-0.253172,0.110419,0.961099
0,0,0.720654,-0.271732,0.637824
0,0,0.681853,-0.00822493,0.731443
0,0,0.244071,0.96719,0.0705168
0,0,0.88787,-0.114554,0.445606
0,0,-0.894172,0.369291,0.253141
0,0,0.644379,0.329263,0.690189
0,0,0.506795,-0.853419,0.121801
0,0,-0.74157,-0.565555,0.360862
0,0,0.61052,0.0788698,0.788064
0,0,-0.850325,0.484921,0.204447
0,0,-0.43406,0.799673,0.414867
0,0,0.907034,-0.325319,0.267315
0,0,0.953545,-0.297812,0.0453815
0,0,0.174933,0.497234,0.849798
0,0,0.232279,-0.7777,0.584148
0,0,0.776021,-0.0589054,0.62795
0,0,0.36338,-0.918426,0.156359
0,0,-0.753537,-0.534206,0.383153
0,0,-0.0562024,-0.0628858,0.996437
0,0,0.0694684,-0.688688,0.721722
0,0,-0.947997,0.313675,0.0539494
0,0,0.174372,0.911107,0.373469
0,0,0.440412,-0.582728,0.682983
0,0,0.934658,0.308232,0.177222
0,0,0.434412,-0.394999,0.809482
0,0,-0.572216,-0.687924,0.446463
0,0,0.416695,-0.0526257,0.907522
0,0,-0.940357,0.176871,0.290594
0,0,-0.804453,0.587114,0.0902956
0,0,0.412049,0.712213,0.568303
0,0,0.155452,0.584136,0.79663
0,0,-0.457476,-0.453245,0.765039
0,0,-0.876499,-0.480771,0.0246924
0,0,-0.352051,-0.301072,0.886237
0,0,-0.223528,0.423841,0.877721
0,0,-0.887087,0.201479,0.41531
0,0,-0.362419,-0.728275,0.581608
0,0,0.559589,-0.818109,0.132507
0,0,-0.980082,0.0513147,0.191851
0,0,-0.325754,0.687039,0.649509
0,0,0.204604,-0.31837,0.925623
0,0,0.701151,0.00967646,0.712947
0,0,-0.921041,0.347116,0.176618
0,0,-0.0139733,0.864276,0.502823
0,0,0.868462,-0.0649243,0.491485
0,0,-0.0977783,0.966061,0.239094
0,0,-0.880511,0.0396328,0.472366
0,0,0.114559,0.941028,0.318343
0,0,0.978562,0.172499,0.112518
0,0,0.0926735,-0.783751,0.614122
0,0,-0.699419,-0.512872,0.49777
0,0,-0.96862,0.151106,0.197337
0,0,-0.106618,0.206941,0.972527
0,0,-0.320068,-0.880037,0.350845
0,0,-0.351366,-0.67807,0.645572
0,0,0.520316,-0.775111,0.358432
0,0,0.532833,0.771261,0.348202
0,0,-0.620004,-0.199552,0.758798
0,0,0.743703,0.62257,0.243543
0,0,-0.393868,-0.780945,0.484761
0,0,0.761417,-0.423121,0.491134
0,0,0.761363,0.645744,0.0578075
0,0,0.854239,0.421284,0.304624
0,0,0.683437,0.657162,0.317887
10.4821,14.642,-0.0555536,0.121993,0.990975
0,0,0.453757,-0.356451,0.81673
0,0,-0.157509,-0.332137,0.929987
0,0,-0.341314,-0.683915,0.644799
0,0,-0.0368791,0.498923,0.865861
0,0,-0.747914,-0.0411842,0.662517
0,0,-0.667607,0.25516,0.699425
0,0,-0.263453,0.00231889,0.964669
0,0,-0.402444,0.701166,0.588562
0,0,-0.215093,0.952133,0.217204
0,0,0.708615,0.67599,0.202244
0,0,-0.36594,-0.642964,0.672819
0,0,-0.351101,-0.826253,0.440493
23.955,34.8551,0.914156,-0.233615,0.331274
0,0,-0.94406,0.238185,0.228075
22.872,33.488,-0.981247,0.149772,0.12134
0,0,0.733672,-0.0365992,0.678517
0,0,0.730784,0.144104,0.667225
0,0,-0.165951,-0.250302,0.953839
0,0,-0.0393522,-0.999161,0.0113402
0,0,-0.880986,-0.45156,0.141274
0,0,-0.459888,-0.882655,0.0970789
0,0,-0.294556,0.357855,0.886102
0,0,-0.571022,0.271986,0.774569
0,0,-0.791761,-0.541943,0.281802
20.8366,31.0507,0.600452,-0.521334,0.606357
0,0,0.33805,-0.609019,0.717508
0,0,-0.426962,0.886378,0.178992
0,0,-0.570171,-0.819399,0.0590723
0,0,0.866814,-0.347647,0.357457
0,0,0.612849,-0.78866,0.0493097
0,0,-0.491014,0.718262,0.492956
0,0,0.505919,-0.123551,0.853687
0,0,0.414303,0.801176,0.431822
0,0,-0.277548,0.274287,0.920725
22.7418,32.1946,0.818677,-0.347339,0.4573
0,0,0.743455,-0.0660604,0.665516
0,0,-0.322787,-0.727479,0.605461
0,0,0.687629,0.390717,0.611969
0,0,-0.332457,0.481802,0.810764
0,0,-0.373928,0.277788,0.884879
0,0,-0.0798324,-0.848499,0.523141
0,0,-0.654439,0.750074,0.0953823
0,0,0.00917091,0.245861,0.969262
0,0,0.855929,-0.227118,0.464546
0,0,-0.502249,-0.167887,0.848269
0,0,-0.551323,0.52436,0.648914
0,0,-0.0969122,-0.849853,0.518032
0,0,-0.639587,0.654537,0.403126
0,0,0.723922,-0.522929,0.449979
0,0,-0.617197,0.7187,0.320215
0,0,-0.161718,-0.535925,0.828632
0,0,-0.210291,-0.969267,0.127668
0,0,-0.29211,-0.890681,0.348365
0,0,0.327688,0.814356,0.479004
0,0,-0.165987,-0.783366,0.598987
0,0,0.213095,-0.288114,0.933585
0,0,-0.502332,-0.502608,0.703596
0,0,-0.51407,0.0413171,0.856752
0,0,0.382027,0.879864,0.282656
0,0,0.0177017,0.757702,0.652361
0,0,-0.0636855,0.659801,0.748737
0,0,0.621351,-0.510697,0.594232
0,0,-0.0149186,0.325193,0.94553
0,0,0.449263,0.859198,0.24483
0,0,-0.461771,-0.492575,0.737657
0,0,-0.539377,-0.436507,0.720093
0,0,-0.00657213,-0.858571,0.512653
0,0,-0.82985,-0.557956,0.00587625
0,0,0.704088,-0.442381,0.555481
0,0,-0.987818,0.106167,0.113774
0,0,-0.0615202,0.410469,0.909797
0,0,0.755348,-0.282409,0.591349
0,0,-0.813598,0.578861,0.0545736
0,0,0.298378,-0.950898,0.0822448
0,0,-0.685416,-0.426762,0.589982
0,0,-0.52833,0.428049,0.733241
0,0,0.109241,-0.980157,0.165403
0,0,0.759547,-0.536183,0.368234
0,0,0.059877,0.591308,0.80422
0,0,0.621398,-0.740629,0.255605
0,0,-0.930589,0.345499,0.120977
0,0,-0.496844,0.819215,0.286413
0,0,0.446146,0.855315,0.263419
0,0,0.00396148,0.99787,0.0651099
0,0,-0.194127,-0.800661,0.566795
0,0,0.849302,0.401537,0.342716
0,0,0.704894,-0.540359,0.459495
0,0,-0.579253,-0.771677,0.262644
0,0,0.705923,-0.343891,0.619203
0,0,0.737663,0.615142,0.278305
0,0,-0.360056,0.64511,0.673938
0,0,-0.973206,-0.054188,0.223459
0,0,-0.156825,-0.921229,0.35601
0,0,-0.181106,0.855899,0.484394
0,0,0.0904944,-0.414867,0.905371
0,0,0.94338,0.246256,0.222243
0,0,-0.316546,-0.551955,0.771456
0,0,0.149491,0.359757,0.920993
0,0,-0.833206,0.442659,0.331393
0,0,0.443817,0.401228,0.801275
0,0,-0.743103,0.653158,0.145544
0,0,0.728916,0.23417,0.643309
0,0,-0.374818,0.916759,0.13807
0,0,-0.347618,-0.00895436,0.937593
0,0,-0.656173,0.754588,0.00581337
0,0,0.861572,0.473533,0.182921
0,0,0.471006,-0.584401,0.660779
0,0,0.744856,-0.250554,0.618395
15.952,22.7989,-0.539782,0.0775846,0.838222
0,0,0.587266,-0.711283,0.386257
0,0,0.0653943,-0.393107,0.917164
0,0,-0.876427,0.165445,0.452221
0,0,0.0296048,-0.999547,0.00547462
0,0,0.0235648,0.746337,0.665151
0,0,-0.457498,-0.396813,0.795761
0,0,0.352743,-0.72068,0.596819
0,0,0.945559,-0.185118,0.267674
0,0,0.849022,-0.506048,0.151913
0,0,-0.939535,-0.341265,0.0284998
0,0,0.573828,-0.0837718,0.81468
0,0,0.0296073,0.968801,0.246067
6.20955,7.72719,0.591142,0.59913,0.539995
0,0,-0.797918,-0.341647,0.496593
0,0,-0.388791,0.853827,0.346153
0,0,0.281075,-0.756301,0.590767
0,0,-0.853237,-0.28727,0.435273
0,0,-0.659846,0.00686336,0.751369
0,0,0.814697,-0.333293,0.474535
0,0,-0.535544,-0.566128,0.626651
0,0,-0.160897,0.743872,0.648665
0,0,0.391455,0.531805,0.750964
0,0,-0.435731,-0.178487,0.882202
0,0,0.652668,-0.602004,0.460017
0,0,-0.757008,-0.621994,0.200155
0,0,0.734219,0.0873046,0.673276
0,0,0.565621,0.614975,0.549435
0,0,-0.789486,0.365334,0.493198
0,0,-0.995763,0.0562477,0.0727468
0,0,-0.747488,-0.201018,0.633129
0,0,-0.987707,0.15582,0.0124299
0,0,-0.108004,0.95362,0.280971
0,0,0.970626,-0.180625,0.158931
0,0,0.352787,-0.90765,0.227405
0,0,-0.599988,0.45136,0.660522
0,0,-0.896478,-0.420474,0.139746
0,0,0.163055,0.747368,0.644092
0,0,-0.60553,0.775964,0.176675
0,0,-0.524234,0.808602,0.267097
0,0,-0.722268,-0.0605091,0.688962
0,0,0.842113,-0.495144,0.213726
0,0,-0.682008,-0.424032,0.595871
0,0,-0.256425,-0.768041,0.586822
0,0,-0.602427,0.797518,0.0323495
0,0,0.533933,-0.804152,0.261259
0,0,-0.876059,0.376564,0.301197
0,0,-0.684092,0.351805,0.638945
0,0,-0.581536,-0.789925,0.194512
0,0,0.489594,-0.651291,0.579757
0,0,0.693823,0.360715,0.623293
0,0,-0.530373,0.749847,0.395517
0,0,0.681006,-0.732245,0.00693327
0,0,0.346771,0.784397,0.514267
0,0,-0.094547,0.944002,0.316104
0,0,0.512654,0.698067,0.499888
0,0,0.643449,0.730689,0.228182
0,0,-0.883943,-0.442187,0.152039
0,0,0.749192,-0.0638892,0.659264
0,0,0.462599,-0.0804199,0.882913
3.67989,4.67491,-0.0577894,0.216634,0.974541
0,0,-0.349538,-0.750593,0.560744
0,0,-0.146684,-0.748997,0.646133
0,0,0.304399,0.463998,0.831894
0,0,0.864851,0.492999,0.0947851
0,0,0.671359,0.300573,0.677445
0,0,-0.099559,-0.778774,0.619354
0,0,-0.982694,0.185173,0.00475039
0,0,0.107732,0.838965,0.533414
0,0,0.62443,0.445317,0.6417
0,0,-0.499394,0.341286,0.796322
0,0,0.204107,0.914383,0.349634
0,0,0.767488,0.402549,0.498915
0,0,-0.0167532,0.860649,0.508922
0,0,0.521878,-0.504279,0.688002
0,0,-0.235942,0.970546,0.0487009
0,0,-0.162214,-0.552621,0.817494
0,0,0.861755,0.00190974,0.507321
0,0,0.81869,0.566527,0.0937737
0,0,-0.515665,0.775558,0.364142
0,0,-0.936498,-0.334368,0.105687
0,0,0.863513,-0.23911,0.44404
0,0,0.49938,0.85241,0.154972
0,0,-0.543676,-0.521356,0.657727
0,0,-0.93891,0.342259,0.036157
0,0,-0.410217,-0.758907,0.505749
0,0,-0.675876,0.732961,0.0771935
0,0,-0.862864,0.404471,0.303099
0,0,-0.308323,-0.432377,0.847341
0,0,0.935044,0.354389,0.0101134
0,0,-0.450639,0.140831,0.881528
0,0,0.822746,-0.355258,0.443713
0,0,-0.726822,-0.685795,0.0376176
0,0,0.249219,-0.364543,0.897217
21.9623,31.0605,0.338754,0.557751,0.757733
0,0,-0.0350292,0.967428,0.250711
0,0,0.634879,0.383621,0.670644
0,0,0.765494,-0.0352899,0.642475
0,0,0.828869,-0.0766675,0.554164
0,0,0.267107,0.1829,0.946151
0,0,-0.367339,-0.852936,0.370894
0,0,-0.160766,-0.0776407,0.983934
0,0,-0.358448,0.803806,0.474774
0,0,-0.510072,0.336539,0.791561
0,0,0.249555,-0.764764,0.59402
0,0,0.35261,0.416048,0.838195
0,0,0.244833,-0.252697,0.936056
0,0,-0.507741,-0.0490755,0.860111
0,0,0.65213,-0.40889,0.638385
0,0,0.218812,0.870097,0.441648
0,0,-0.597894,-0.270239,0.754648
0,0,0.372111,0.663128,0.649457
0,0,0.756633,0.511701,0.407024
0,0,-0.406388,0.650462,0.641676
0,0,0.431106,0.161767,0.887682
0,0,-0.999604,-0.0236036,0.0153515
0,0,0.474279,-0.0115436,0.880299
0,0,0.495208,0.849051,0.184067
0,0,0.481256,-0.333964,0.81047
0,0,0.373537,0.506427,0.777175
0,0,-0.367157,-0.926215,0.0855703
0,0,0.206762,-0.821316,0.531685
0,0,0.641205,-0.271871,0.717595
0,0,0.186904,0.966175,0.177685
0,0,0.0517176,-0.493288,0.868327
0,0,-0.277415,0.723585,0.632033
0,0,0.647716,0.561852,0.514573
0,0,-0.725988,-0.676945,0.121185
0,0,-0.0475798,-0.42408,0.904374
0,0,0.676518,-0.631928,0.37814
0,0,0.885831,0.408974,0.219188
0,0,0.880947,0.402041,0.249589
0,0,-0.465999,-0.851151,0.241634
0,0,0.346667,-0.554559,0.756496
5.69982,8.59312,-0.287066,0.57443,0.766566
0,0,0.932746,0.359884,0.0216191
0,0,-0.0294897,0.696142,0.717298
0,0,0.416654,-0.796926,0.437388
0,0,-0.968154,0.212931,0.131675
0,0,0.184676,-0.0419702,0.981903
0,0,0.728623,0.615318,0.30082
0,0,0.872728,0.472192,0.124017
0,0,-0.487004,0.850401,0.199112
0,0,-0.419725,-0.839921,0.344041
0,0,-0.902693,0.400614,0.157015
0,0,0.787657,0.214507,0.577567
0,0,-0.795251,0.190619,0.575535
0,0,0.963918,0.265146,0.0236536
0,0,-0.818177,0.56148,0.1238
0,0,-0.0557592,-0.975915,0.210905
0,0,0.438413,-0.881363,0.176049
0,0,0.154386,0.680888,0.715931
0,0,-0.8484,-0.516995,0.113727
0,0,-0.257066,-0.596982,0.759954
0,0,-0.426037,0.106574,0.898407
0,0,0.0752992,0.667971,0.740368
0,0,-0.0588449,-0.0675898,0.995976
0,0,-0.589875,-0.767107,0.25218
0,0,-0.187324,0.361909,0.913199
9.80636,13.4561,-0.000675067,-0.685174,0.728379
12.1727,18.0522,-0.757007,0.315911,0.571962
0,0,0.276004,0.782893,0.557585
0,0,-0.846726,-0.272143,0.457158
2.20276,3.0121,-0.873801,-0.311648,0.373291
0,0,0.151362,0.791193,0.59254
0,0,0.617369,0.750553,0.235638
0,0,-0.838309,0.122147,0.531336
0,0,-0.82452,0.56212,0.0647081
0,0,0.332916,0.323187,0.885842
0,0,0.822417,0.119382,0.556218
0,0,-0.491795,-0.766697,0.41269
0,0,-0.586916,-0.805064,0.086029
0,0,0.228778,-0.79597,0.560439
0,0,-0.634785,0.207705,0.744249
0,0,0.589397,0.629885,0.505823
0,0,0.257942,-0.593193,0.762619
0,0,-0.527016,-0.197394,0.826614
0,0,-0.180454,-0.270904,0.945541
0,0,0.795612,-0.0213296,0.60543
0,0,0.351955,0.117585,0.928602
0,0,0.0383761,-0.438753,0.897788
0,0,0.887972,-0.205716,0.411324
0,0,0.877932,0.0124052,0.478624
0,0,-0.379194,-0.225571,0.897402
0,0,0.489044,0.765228,0.418644
0,0,-0.183191,-0.931657,0.313778
0,0,0.637348,-0.195293,0.745418
0,0,0.250214,-0.936467,0.24581
0,0,0.734487,-0.377242,0.564108
0,0,-0.866439,-0.490568,0.0928762
0,0,0.0395859,-0.341493,0.93905
0,0,0.258832,-0.286322,0.922511
0,0,0.471532,0.393437,0.789218
0,0,0.88851,-0.109415,0.445621
0,0,0.200973,0.837217,0.508603
0,0,-0.290552,0.925702,0.24219
0,0,0.286141,-0.56542,0.773578
0,0,-0.656969,0.567144,0.496729
0,0,-0.813713,-0.57728,0.0679696
0,0,-0.574623,-0.498238,0.649282
0,0,0.873651,0.00235927,0.486548
0,0,0.937594,0.345939,0.0352625
0,0,0.0750659,-0.58061,0.810714
0,0,-0.948888,0.155355,0.274728
0,0,0.571501,-0.804044,0.164013
0,0,-0.451788,0.872354,0.186776
0,0,0.990731,-0.127366,0.0472173
0,0,-0.800209,-0.558136,0.219429
0,0,0.95432,-0.141907,0.262936
0,0,-0.689158,0.430929,0.582548
0,0,0.993763,-0.107479,0.0297179
0,0,-0.629889,-0.667543,0.397021
0,0,-0.287992,0.387356,0.875794
0,0,-0.857873,-0.492623,0.146206
0,0,0.110496,-0.993748,0.0159789
0,0,0.20924,-0.530583,0.821401
0,0,-0.8143,0.210041,0.541108
0,0,-0.998602,0.0525207,0.00602024
0,0,-0.0157449,-0.866505,0.49892
0,0,-0.397699,0.72476,0.562635
0,0,0.768121,-0.609999,0.194659
0,0,-0.362713,-0.836447,0.410848
0,0,-0.177179,-0.188262,0.966005
0,0,0.350053,0.556932,0.753187
0,0,0.357309,0.275669,0.892377
0,0,-0.918187,0.330159,0.218923
0,0,0.149727,0.912424,0.380874
0,0,0.712581,0.202,0.671881
0,0,-0.881735,-0.471517,0.0146859
0,0,-0.590076,-0.615091,0.522947
0,0,-0.501636,0.362941,0.785261
0,0,0.85202,-0.371384,0.368967
0,0,0.170773,0.85779,0.484802
0,0,-0.15614,-0.985625,0.0645183
0,0,0.376345,0.921565,0.0952974
0,0,0.711794,-0.586471,0.386524
0,0,-0.279796,0.609427,0.741831
0,0,0.347447,0.337223,0.874964
0,0,-0.415731,0.437972,0.797087
0,0,0.515174,0.740967,0.430772
0,0,-0.741442,0.620381,0.255717
0,0,0.909024,-0.00651001,0.416692
0,0,0.63169,0.710657,0.309733
0,0,0.0338302,-0.878598,0.476362
0,0,0.985017,0.172389,0.0048914
0,0,-0.786125,0.167925,0.594818
0,0,0.384087,0.774879,0.502035
0,0,-0.893153,0.448364,0.0353361
0,0,0.484447,-0.507966,0.712237
0,0,0.945472,0.0937931,0.311906
0,0,0.217107,0.618091,0.755532
0,0,0.578109,0.49039,0.652157
0,0,-0.352638,-0.227025,0.907803
0,0,0.923194,0.353846,0.150022
0,0,-0.495536,-0.71055,0.499563
0,0,0.787669,0.191182,0.585685
0,0,0.244298,-0.903077,0.353228
0,0,0.128229,-0.895303,0.426603
0,0,0.318055,-0.212226,0.924014
0,0,0.401375,0.355312,0.844187
0,0,0.0238171,0.972146,0.233164
0,0,0.841174,0.0373626,0.539473
0,0,-0.855788,-0.143872,0.496917
0,0,0.0865979,-0.795852,0.599266
0,0,-0.0594234,0.772934,0.631697
0,0,-0.755545,-0.649686,0.0840217
0,0,-0.792806,-0.117684,0.598004
17.6635,23.6373,-0.0974012,0.00926046,0.995202
0,0,-0.83193,0.201243,0.517101
0,0,-0.636994,-0.746722,0.19143
0,0,-0.22542,0.702386,0.675159
0,0,-0.0233207,0.10569,0.994126
0,0,-0.590221,0.806886,0.0239777
0,0,-0.912741,0.36974,0.17377
0,0,-0.0547735,-0.955924,0.28846
0,0,-0.0717849,-0.677018,0.732458
0,0,-0.796444,-0.604187,0.0252201
0,0,-0.752328,-0.592302,0.28841
0,0,-0.344919,0.0586668,0.936797
0,0,0.974847,0.222474,0.0133818
0,0,0.125476,0.952616,0.27709
0,0,-0.380174,0.66637,0.641419
0,0,-0.51964,0.842876,0.139768
0,0,0.738714,0.662004,0.126696
0,0,-0.503727,-0.714349,0.485762
0,0,-0.921049,0.376048,0.101275
0,0,-0.293378,0.923382,0.24758
0,0,0.33294,0.77803,0.532748
0,0,0.415028,0.831188,0.36997
0,0,-0.659772,-0.517678,0.544711
0,0,0.176319,-0.195076,0.964809
0,0,0.439142,-0.614709,0.6552
0,0,-0.719746,-0.476228,0.505146
0,0,-0.936953,0.233023,0.260422
0,0,-0.351236,0.934039,0.0648465
18.536,27.4047,0.111418,-0.464787,0.878384
0,0,-0.515855,-0.839486,0.170755
0,0,-0.707425,-0.483228,0.515791
0,0,-0.264581,-0.804144,0.532305
0,0,0.0554125,-0.983192,0.173963
0,0,0.76351,-0.417186,0.492958
0,0,0.689677,0.118042,0.714431
0,0,-0.279039,-0.102848,0.954756
0,0,0.0866649,0.985278,0.147366
0,0,0.451194,0.336106,0.826714
0,0,0.321621,-0.882833,0.342294
0,0,-0.640186,0.753173,0.151305
0,0,0.61113,-0.785083,0.100815
0,0,-0.692485,0.593627,0.409965
0,0,0.00633447,0.899771,0.436316
0,0,0.244302,0.69619,0.675008
0,0,0.928919,-0.146077,0.340252
0,0,0.891702,-0.386329,0.235833
0,0,0.685361,-0.219668,0.694281
0,0,0.693972,0.456191,0.557039
0,0,-0.817497,0.287712,0.49892
0,0,-0.98283,0.129373,0.131557
0,0,-0.246727,-0.954736,0.166146
1.28959,2.15107,-0.364987,0.0971273,0.925932
0,0,0.00539442,-0.146293,0.989227
0,0,0.894634,0.199902,0.399587
0,0,0.549843,-0.421171,0.721309
0,0,0.441298,-0.592385,0.674044
0,0,0.460597,-0.671423,0.580553
0,0,-0.467395,-0.217898,0.856774
0,0,-0.428308,0.643855,0.634037
0,0,0.927681,0.194404,0.31877
0,0,0.528543,-0.843181,0.0984307
0,0,0.258072,-0.685089,0.681214
0,0,0.952049,-0.304828,0.0261367
0,0,-0.82319,0.153765,0.546548
0,0,-0.171333,-0.352663,0.919931
0,0,-0.439289,0.485209,0.75604
0,0,-0.24094,0.88662,0.394781
0,0,-0.73033,-0.674749,0.106448
0,0,0.302289,-0.904477,0.300902
0,0,-0.628382,0.712689,0.311786
0,0,-0.838381,0.102752,0.535312
0,0,0.721731,0.067712,0.688854
0,0,0.333962,-0.897551,0.287874
0,0,0.879748,0.470799,0.0662768
0,0,-0.0468163,-0.825189,0.562914
0,0,-0.0263655,0.00481752,0.999641
0,0,-0.256235,0.558726,0.788776
0,0,-0.212271,-0.977022,0.0192215
0,0,-0.22465,0.744697,0.628457
0,0,-0.514131,-0.855592,0.0602554
0,0,0.12498,-0.915386,0.382685
0,0,0.423839,0.865381,0.267352
0,0,0.683994,-0.626496,0.373705
0,0,-0.917519,0.395819,0.038548
0,0,0.650902,0.561884,0.510503
14.5252,20.8545,-0.489612,0.0115398,0.871864
0,0,-0.182037,-0.205559,0.961565
0,0,-0.847723,-0.235081,0.475503
0,0,0.977421,0.1837,0.104413
0,0,-0.553555,0.520006,0.650515
0,0,0.142183,-0.864416,0.482255
0,0,0.606881,0.419225,0.675238
0,0,0.858908,0.265922,0.437678
0,0,0.427673,-0.851719,0.302772
0,0,0.652551,0.647149,0.394176
0,0,-0.972639,0.147345,0.179618
0,0,-0.352389,0.925074,0.141635
0,0,-0.184611,0.789583,0.585216
0,0,-0.397993,-0.91594,0.051528
0,0,-0.452857,0.792765,0.407976
0,0,-0.107154,0.694277,0.711686
0,0,-0.352046,0.910961,0.214975
0,0,0.742107,0.220414,0.633005
0,0,0.638571,-0.60316,0.477939
0,0,0.923967,0.0115457,0.382299
0,0,-0.904504,0.426449,0.0037162
0,0,-0.555949,0.731548,0.394663
0,0,-0.0777599,0.941699,0.327349
0,0,-0.196565,0.979533,0.043328
0,0,0.607303,0.643732,0.465609
0,0,0.637812,-0.265675,0.722919
0,0,0.437125,-0.259433,0.861171
0,0,0.854679,-0.109113,0.507561
0,0,-0.885569,0.449313,0.117838
0,0,0.836115,-0.485229,0.255859
0,0,-0.445834,-0.287185,0.847795
0,0,0.265904,-0.0556902,0.96239
0,0,-0.980541,0.0575935,0.187676
0,0,-0.64567,0.332543,0.687405
0,0,0.952434,0.182347,0.244171
0,0,0.471696,-0.715421,0.515437
0,0,0.213004,0.120887,0.969544
0,0,-0.286922,0.888814,0.357331
0,0,0.484559,0.811504,0.326595
0,0,-0.818942,0.50722,0.268444
3.25775,4.44442,-0.280144,0.264957,0.922669
0,0,0.573332,-0.48012,0.663909
0,0,0.508661,-0.0583667,0.858986
0,0,-0.568784,0.272211,0.776136
0,0,-0.440048,-0.839886,0.317725
0,0,0.338761,-0.396839,0.853088
0,0,-0.347533,0.685138,0.640162
0,0,0.310171,0.109587,0.944344
0,0,-0.622321,0.629742,0.46491
0,0,0.788606,0.446302,0.422984
0,0,0.772628,0.541252,0.331803
0,0,-0.799143,-0.523317,0.295821
0,0,-0.227062,0.733904,0.640178
0,0,-0.660655,-0.423109,0.620092
0,0,0.498591,0.531354,0.684887
0,0,0.217317,0.974088,0.0626622
0,0,-0.650655,-0.398366,0.646492
0,0,-0.274505,0.71033,0.648134
0,0,-0.666311,-0.442556,0.600144
0,0,0.478529,0.620377,0.621403
0,0,-0.38358,-0.920696,0.0720051
0,0,0.00998351,0.135048,0.990789
0,0,0.24001,0.871471,0.427707
0,0,-0.153224,0.683404,0.713779
0,0,0.247632,0.829033,0.501381
0,0,0.920011,0.334839,0.203622
0,0,-0.560435,-0.598191,0.572783
0,0,-0.0298399,0.849116,0.527363
0,0,0.00733689,0.231178,0.972884
0,0,-0.703241,0.450722,0.549819
0,0,0.0277927,-0.510235,0.859586
0,0,-0.448913,-0.809778,0.377806
0,0,-0.305084,0.375536,0.875155
0,0,-0.527261,0.774043,0.350506
0,0,0.988006,0.0768883,0.133914
0,0,-0.689012,0.0556567,0.72261
0,0,0.794244,-0.0923482,0.600539
0,0,0.571427,0.819678,0.039987
0,0,0.626618,0.464861,0.625503
0,0,0.259829,-0.926227,0.273116
0,0,0.796806,0.196811,0.571284
0,0,-0.676874,-0.136629,0.723307
0,0,-0.411371,-0.907812,0.0815572
0,0,-0.366621,0.898668,0.240802
0,0,0.283221,-0.76403,0.579693
0,0,0.641088,-0.100983,0.760794
0,0,0.924447,-0.267351,0.271885
0,0,0.00516109,0.201416,0.979492
0,0,-0.515725,-0.838366,0.176551
0,0,-0.480625,0.641334,0.598072
0,0,0.094762,0.815858,0.570434
0,0,-0.424773,-0.877134,0.224059
0,0,0.739522,-0.359638,0.569006
0,0,0.0454533,-0.465867,0.883686
0,0,-0.585418,-0.708232,0.39458
0,0,-0.750585,-0.369113,0.548067
0,0,-0.552859,0.771966,0.313713
0,0,0.525969,0.250621,0.81274
0,0,0.499563,-0.865142,0.0443355
0,0,-0.163689,-0.986244,0.0229972
0,0,-0.301931,-0.199457,0.932231
0,0,-0.231225,0.349975,0.907773
0,0,-0.721412,0.679067,0.135766
0,0,0.347805,0.0261994,0.937201
0,0,0.139432,-0.95133,0.274829
0,0,-0.837689,-0.526608,0.14478
0,0,0.219622,0.804825,0.551383
0,0,0.636716,0.383264,0.669105
0,0,0.167716,0.985668,0.0181501
0,0,0.851407,-0.409612,0.327603
0,0,0.928281,-0.27443,0.250963
0,0,-0.196382,-0.953819,0.227294
0,0,0.525471,0.820936,0.223482
0,0,-0.358846,-0.861168,0.360027
0,0,0.745608,0.293343,0.598346
0,0,0.395631,0.637737,0.660884
0,0,0.728803,0.547574,0.411108
0,0,0.647956,-0.0270962,0.761195
0,0,0.676026,-0.468678,0.56862
0,0,0.412346,0.42063,0.808109
0,0,-0.468723,0.87162,0.14345
0,0,-0.254951,0.766851,0.589015
0,0,0.311792,-0.113486,0.943349
0,0,0.678541,0.686424,0.261543
0,0,-0.0425872,-0.706654,0.706276
0,0,-0.330543,-0.425964,0.842197
0,0,-0.38842,0.921276,0.0195106
0,0,0.151625,0.988426,0.0048152
0,0,-0.198626,-0.767451,0.609563
0,0,-0.391215,-0.865051,0.314065
0,0,0.43486,0.637409,0.636087
0,0,0.869881,0.10668,0.481587
0,0,-0.396568,-0.771064,0.49819
0,0,-0.304922,0.941542,0.143252
0,0,-0.173664,-0.932673,0.316167
3.81505,5.53366,0.0671484,-0.993042,0.0967414
0,0,0.986626,0.124909,0.104723
0,0,-0.665613,0.704067,0.247486
0,0,0.113227,0.606093,0.787293
0,0,0.870269,-0.346083,0.350512
0,0,0.385644,0.189447,0.902989
0,0,-0.190908,-0.512395,0.83726
0,0,-0.0143785,0.64402,0.764874
0,0,-0.595535,-0.247688,0.764191
0,0,-0.00818279,0.861373,0.507907
0,0,0.591474,0.459938,0.66228
0,0,-0.908208,-0.30833,0.283003
0,0,0.661835,0.630943,0.404827
9.00734,14.9719,0.483268,0.665517,0.568806
0,0,0.919992,0.103307,0.378076
0,0,0.863418,0.0912398,0.49617
0,0,0.973572,0.131713,0.18657
0,0,0.956717,0.0684682,0.282852
0,0,0.958843,0.27648,0.0646359
0,0,0.985256,0.109013,0.131861
0,0,-0.805991,0.586885,0.0770945
0,0,0.595168,0.109969,0.796041
0,0,-0.451554,0.02534,0.891884
0,0,-0.397667,0.917082,0.028667
0,0,-0.794326,-0.477746,0.375239
0,0,0.489638,-0.759075,0.429023
0,0,0.894855,-0.0689656,0.440996
5.64867,8.67574,0.999218,0.0206796,0.0337112
0,0,-0.506928,-0.273424,0.817474
0,0,-0.243842,0.637485,0.730858
0,0,0.829468,-0.309403,0.465029
0,0,0.741957,0.348793,0.572576
0,0,-0.066,0.967337,0.244751
0,0,0.876876,0.46227,0.131889
0,0,0.535749,0.738151,0.410007
0,0,-0.736159,0.139402,0.662297
17.0965,24.3958,0.571216,-0.583135,0.577639
0,0,0.885126,0.400597,0.236798
0,0,0.0452459,-0.419568,0.906595
0,0,-0.446618,-0.894428,0.0230293
0,0,-0.735604,0.677093,0.0207692
0,0,-0.680673,-0.700496,0.214454
0,0,-0.333743,-0.894245,0.298231
0,0,0.731175,0.215983,0.647097
0,0,0.474217,0.109383,0.873587
0,0,0.678683,-0.726961,0.104483
0,0,-0.0120154,0.847411,0.530802
0,0,0.760298,-0.588948,0.274021
0,0,-0.928519,0.368914,0.0418907
0,0,0.0743067,0.388816,0.918314
15.6215,21.8847,-0.655862,0.362556,0.662117
0,0,0.178967,0.540771,0.821911
0,0,-0.771973,0.101773,0.627455
0,0,-0.232811,0.899209,0.370435
0,0,0.48803,-0.070201,0.869999
0,0,0.970905,0.0470318,0.234801
0,0,0.121951,0.345875,0.930321
0,0,-0.819261,0.316398,0.478229
0,0,0.371026,-0.864428,0.339269
0,0,-0.387085,0.270545,0.881459
0,0,-0.602352,0.705114,0.374147
0,0,-0.367786,0.65737,0.657722
0,0,0.680598,-0.3218,0.658203
0,0,-0.256947,-0.386584,0.885738
0,0,-0.433815,0.338437,0.835024
0,0,0.369816,0.888528,0.271577
0,0,-0.948912,0.251388,0.190711
0,0,0.897903,0.290763,0.330495
0,0,0.0106844,0.786248,0.617819
0,0,-0.494009,0.722796,0.48324
0,0,-0.591036,-0.258583,0.764076
0,0,0.610503,-0.753839,0.242926
0,0,-0.0973404,0.795617,0.597929
0,0,-0.280402,-0.953789,0.107991
0,0,0.0206939,0.00693249,0.999762
0,0,0.183032,0.957608,0.222454
0,0,-0.574055,-0.808844,0.127408
0,0,-0.340106,0.856143,0.389033
0,0,0.52602,-0.830973,0.181071
0,0,-0.0729124,-0.844478,0.530604
12.686,17.342,-0.291995,0.35918,0.886413
0,0,-0.670739,0.287125,0.683863
0,0,-0.749741,0.0745907,0.657514
0,0,0.942117,-0.184384,0.280033
0,0,0.654656,0.513729,0.554534
0,0,0.810883,0.181626,0.556309
0,0,-0.884772,0.451246,0.116432
0,0,-0.565791,-0.307961,0.764879
0,0,0.882889,0.309505,0.353148
0,0,0.262224,0.781901,0.56557
0,0,-0.672882,0.46689,0.573797
16.5288,24.4006,-0.897473,-0.169131,-0.407354
0,0,-0.62333,0.367246,0.690355
0,0,0.272694,0.410151,0.870295
0,0,-0.746988,-0.324476,0.58028
0,0,0.651908,-0.0219864,0.757979
0,0,-0.596134,-0.765027,0.243635
0,0,-0.700701,0.454703,0.549786
0,0,-0.812918,-0.523788,0.254577
0,0,0.0943443,-0.978728,0.182181
0,0,-0.474601,0.872906,0.113089
0,0,0.916831,-0.397681,0.0356624
0,0,-0.835876,-0.303351,0.457482
0,0,-0.853809,0.162408,0.494604
0,0,-0.296762,-0.94577,0.132105
0,0,0.252866,0.827258,0.5017
0,0,-0.166837,0.411662,0.895935
21.2583,31.7421,-0.298314,0.248578,0.92153
0,0,0.187054,-0.126127,0.974219
0,0,-0.758517,0.37357,0.533944
0,0,0.897865,0.385669,0.212364
0,0,-0.931721,0.27074,0.242067
0,0,0.616756,-0.646413,0.449179
0,0,-0.202379,-0.918092,0.340808
0,0,-0.796603,0.209278,0.567121
0,0,0.214073,-0.900958,0.377422
0,0,0.703762,0.0016879,0.710434
17.9134,24.8313,0.974854,0.221433,0.0250636
14.5156,19.6503,-0.371623,0.0192434,0.928184
0,0,0.300385,-0.187231,0.935261
0,0,-0.164939,-0.553622,0.81627
0,0,0.959187,-0.11564,0.258047
0,0,-0.874116,0.323178,0.362598
0,0,0.352314,0.414847,0.838914
0,0,-0.844168,0.145043,0.516083
0,0,-0.994707,0.0700728,0.075146
0,0,-0.757162,-0.392678,0.522026
0,0,-0.835846,0.105985,0.538636
0,0,-0.431248,0.252409,0.866207
0,0,-0.941459,0.336588,0.0190535
0,0,0.121688,-0.83776,0.532306
0,0,0.123203,0.761442,0.636417
0,0,-0.291073,0.878317,0.379257
0,0,-0.688168,0.194499,0.698996
0,0,-0.761445,0.640949,0.0968774
0,0,-0.770206,0.26909,0.57825
0,0,-0.757892,-0.543261,0.361202
0,0,-0.550628,0.198199,0.81088
0,0,-0.523399,0.333288,0.784202
0,0,0.724689,0.585683,0.363045
0,0,-0.312686,0.860404,0.402408
0,0,0.532467,0.404222,0.743696
0,0,-0.873951,-0.427157,0.231832
0,0,0.149801,0.98871,0.00339609
0,0,-0.444636,-0.853526,0.271649
0,0,-0.0837406,-0.988013,0.129681
0,0,-0.523308,0.851414,0.0352511
0,0,-0.812516,0.566032,0.139374
0,0,0.0125718,0.823088,0.567774
0,0,-0.588724,0.806585,0.0531499
0,0,0.452683,0.373011,0.809902
0,0,0.846206,-0.501536,0.179995
0,0,0.122329,0.96295,0.24034
0,0,0.7576,-0.651296,0.0430819
0,0,0.703138,0.278463,0.654259
0,0,-0.687649,0.723158,0.0646597
0,0,0.0933158,-0.971673,0.217127
0,0,-0.233748,0.947353,0.218826
0,0,-0.424244,-0.905382,0.0173027
0,0,0.144537,-0.987984,0.0547414
0,0,-0.566976,-0.319155,0.759394
0,0,-0.910954,0.321341,0.258657
0,0,0.893091,-0.449871,0.00199723
0,0,-0.450195,0.228123,0.863299
0,0,-0.519598,-0.854303,0.0135836
0,0,0.551688,-0.663806,0.504978
0,0,-0.702786,0.641194,0.30816
0,0,-0.866167,0.193993,0.460567
0,0,0.0467271,0.419193,0.906694
0,0,0.533593,0.593758,0.60227
0,0,-0.814656,0.0358136,0.578838
0,0,0.717473,0.35902,0.59694
0,0,-0.855787,-0.307367,0.416117
0,0,-0.573354,0.0764158,0.815736
0,0,0.694918,-0.500805,0.516026
0,0,0.349344,-0.721655,0.597639
0,0,0.829197,0.291647,0.476838
0,0,-0.141237,0.587078,0.797114
0,0,0.143289,0.707423,0.692113
0,0,0.336495,0.177491,0.924807
0,0,0.83018,0.133835,0.541193
0,0,0.010418,-0.999912,0.00826838
0,0,-0.245787,0.741599,0.624195
0,0,0.488894,0.0972292,0.866908
0,0,0.33059,0.935362,0.125732
0,0,0.481001,0.727833,0.488771
0,0,-0.185374,0.32905,0.925939
0,0,-0.125903,-0.221825,0.966924
0,0,-0.42618,0.390916,0.815816
0,0,0.774268,0.0636339,0.629651
0,0,-0.799932,0.324598,0.504722
0,0,-0.241255,-0.869536,0.430934
0,0,0.805539,-0.284904,0.519555
0,0,-0.180888,0.755462,0.629727
0,0,0.143387,0.70219,0.697402
0,0,0.892746,0.298181,0.337776
0,0,0.189591,-0.696626,0.691931
0,0,-0.0623481,-0.993206,0.0982585
0,0,0.966696,-0.0217358,0.255003
0,0,-0.943743,-0.307483,0.121673
0,0,0.166175,0.952665,0.25459
0,0,-0.532644,0.618171,0.578062
0,0,-0.385685,-0.468415,0.79488
0,0,0.238532,0.853866,0.462618
0,0,-0.0541369,-0.872276,0.486009
0,0,0.668097,-0.231051,0.707292
22.9093,34.1471,0.397438,-0.727268,-0.559576
0,0,-0.441865,-0.46893,0.764761
0,0,-0.491491,0.722778,0.485829
0,0,0.96152,0.269219,0.0547833
0,0,-0.839153,0.109066,0.532848
0,0,0.219428,-0.974413,0.0486861
0,0,-0.825598,0.189395,0.531524
0,0,0.380647,0.920248,0.0908381
0,0,-0.798585,-0.312516,0.514388
0,0,0.0251775,-0.723838,0.689511
0,0,0.742805,-0.649657,0.161819
0,0,0.668417,-0.69658,0.26076
0,0,0.849074,-0.444396,0.285632
0,0,-0.418192,-0.822127,0.386293
0,0,-0.556311,0.5398,0.63177
0,0,0.161327,0.429984,0.888306
16.1056,22.6123,0.135191,0.290401,0.947307
0,0,0.0448618,0.99389,0.100846
0,0,-0.228413,-0.637481,0.73583
0,0,-0.755287,-0.612232,0.233911
0,0,0.469292,0.769773,0.432684
0,0,0.843267,0.00897141,0.53742
0,0,-0.498758,0.506194,0.703569
0,0,-0.417925,0.748666,0.514623
0,0,0.5737,0.537655,0.617896
0,0,0.168009,-0.984246,0.0550668
0,0,-0.187914,0.320192,0.928529
0,0,0.778387,0.182953,0.600535
0,0,-0.366142,-0.89196,0.265231
0,0,0.265384,0.827766,0.494343
0,0,-0.909105,-0.38934,0.148128
0,0,-0.439915,0.58551,0.68092
0,0,-0.441594,-0.0728741,0.89425
0,0,0.529196,0.265837,0.805781
0,0,0.531231,-0.847122,0.0133128
23.3066,32.3967,-0.185479,-0.140761,0.972514
0,0,0.434924,-0.52956,0.728291
0,0,-0.749391,0.656825,0.0836296
0,0,0.241533,-0.956713,0.162365
0,0,-0.636674,-0.736131,0.229689
0,0,-0.0306357,0.421227,0.906438
0,0,0.819754,0.360833,0.44475
0,0,-0.956904,-0.26626,0.115934
0,0,0.640473,0.758508,0.120253
0,0,-0.914881,-0.0405097,0.401685
0,0,-0.962907,-0.268911,0.0222729
0,0,0.483827,-0.245981,0.839884
8.89318,10.9548,0.178806,0.762028,0.622367
0,0,-0.623132,0.0437707,0.780891
0,0,0.474764,0.700208,0.533205
12.7043,19.64,0.268689,0.0944968,0.95858
0,0,-0.851907,-0.391071,0.348308
0,0,-0.499974,-0.858433,0.114536
0,0,-0.512581,0.603428,0.610848
0,0,0.34022,-0.0894364,0.936083
0,0,0.316379,0.482424,0.816806
0,0,-0.156737,-0.880969,0.446461
0,0,-0.716786,0.334061,0.612064
0,0,-0.483966,0.612453,0.625042
0,0,-0.426877,-0.156677,0.890634
0,0,-0.779145,0.121713,0.614914
0,0,-0.959477,0.243823,0.141261
0,0,-0.347385,0.771895,0.532448
0,0,-0.54601,-0.216876,0.80922
0,0,-0.780159,0.486011,0.393884
0,0,-0.472483,0.777567,0.414909
0,0,-0.280509,0.768148,0.575555
0,0,-0.81446,-0.104683,0.570699
0,0,0.466973,-0.878496,0.1009
0,0,0.0397205,-0.0116392,0.999143
0,0,-0.410152,-0.010507,0.911957
0,0,-0.660517,-0.130031,0.739465
0,0,0.121539,0.306871,0.943959
0,0,-0.0439715,-0.741653,0.669341
0,0,0.457072,0.0698682,0.886681
0,0,0.632669,0.722673,0.278341
0,0,-0.813517,0.561654,0.150784
0,0,0.0154352,0.966476,0.256293
0,0,0.422784,0.0928434,0.901462
0,0,-0.862709,-0.108012,0.494032
0,0,-0.990932,-0.0781178,0.109324
0,0,-0.564412,-0.666189,0.487475
0,0,0.701402,0.661874,0.264495
0,0,-0.157142,0.632318,0.758605
0,0,-0.407145,0.869585,0.279385
0,0,-0.6653,-0.732577,0.143898
0,0,-0.0273413,-0.541415,0.840311
0,0,-0.254078,-0.687079,0.680711
0,0,-0.373674,-0.228679,0.898929
0,0,-0.668197,-0.645429,0.370047
0,0,-0.250544,0.799036,0.546598
0,0,0.91576,0.325354,0.235644
0,0,0.312327,-0.00684447,0.94995
0,0,0.704883,0.341292,0.62182
0,0,0.735613,-0.607046,0.300614
0,0,-0.343786,-0.615373,0.709315
0,0,0.268464,0.895844,0.354106
0,0,-0.957348,-0.220295,0.186963
0,0,-0.891217,-0.445345,0.0860285
0,0,-0.330516,0.834386,0.441089
0,0,-0.938586,-0.310727,0.150019
0,0,-0.725461,0.655342,0.210314
0,0,0.595509,0.0813388,0.799221
0,0,-0.811458,0.0608611,0.581233
0,0,-0.732153,-0.117295,0.670965
0,0,0.0783447,-0.99329,0.0850666
0,0,-0.972063,0.234551,0.00890298
0,0,-0.969958,-0.232928,0.0701912
0,0,-0.393406,-0.857217,0.332281
0,0,-0.331942,-0.870971,0.362249
0,0,0.0203104,0.659452,0.751472
0,0,-0.777293,0.387572,0.495584
0,0,0.784481,0.608917,0.117513
0,0,0.421383,0.0316731,0.906329
0,0,0.483942,-0.138561,0.864061
0,0,0.873741,-0.149267,0.462922
0,0,0.463066,-0.802644,0.375942
0,0,0.599254,-0.658451,0.455343
0,0,0.082183,-0.728862,0.679711
0,0,-0.593928,0.206882,0.777464
0,0,-0.913859,0.391912,0.106141
0,0,0.844733,0.526921,0.0937089
0,0,-0.136392,0.990566,0.0133096
0,0,-0.13912,-0.714845,0.685304
0,0,0.396516,0.72725,0.560253
0,0,0.47469,-0.674312,0.565662
0,0,0.41606,-0.214136,0.883765
0,0,-0.325752,-0.419813,0.847138
0,0,-0.814568,-0.469185,0.341093
0,0,0.317878,-0.905659,0.280597
0,0,0.316907,0.936794,0.148282
0,0,-0.0407272,-0.381165,0.923609
0,0,-0.868789,-0.450876,0.204737
0,0,0.634097,-0.647331,0.422945
0,0,0.84217,-0.465272,0.272528
14.4276,18.9403,0.0325723,0.596292,0.802106
0,0,0.990909,0.0717956,0.113771
0,0,0.132343,0.753038,0.64453
0,0,0.634592,0.103034,0.765948
0,0,0.145484,-0.0223059,0.989109
0,0,-0.114966,-0.557721,0.822028
0,0,-0.253515,-0.146713,0.956141
0,0,-0.654554,-0.698347,0.289603
0,0,-0.890297,-0.302274,0.340592
0,0,-0.76231,-0.0420642,0.645844
0,0,0.515385,0.84777,0.125158
0,0,-0.202006,0.843241,0.498134
0,0,0.498186,0.711932,0.494938
0,0,0.121681,0.990886,0.0577802
0,0,-0.994086,-0.00592338,0.108433
0,0,-0.448921,0.528506,0.720521
0,0,0.0777117,0.706148,0.703786
0,0,0.821833,0.487982,0.294048
0,0,0.0259244,0.913423,0.406184
0,0,-0.134819,0.558395,0.818547
0,0,-0.366709,0.257312,0.894044
0,0,-0.760403,-0.296125,0.578012
0,0,0.935671,-0.121625,0.33125
0,0,0.998012,0.0613076,0.0145867
0,0,-0.891525,-0.269171,0.364321
0,0,0.713755,-0.123462,0.689428
0,0,-0.181552,-0.804649,0.565314
0,0,0.825138,0.0233977,0.564447
0,0,-0.99575,0.0653374,0.0649111
0,0,0.366162,-0.220998,0.903928
0,0,-0.642212,-0.191831,0.742135
0,0,-0.566995,-0.819657,0.0817226
0,0,0.499941,-0.765965,0.404173
0,0,0.885151,0.464331,0.0300798
0,0,0.0723032,0.94575,0.316748
0,0,0.996697,-0.0738481,0.0337724
0,0,-0.087161,-0.957787,0.273947
0,0,-0.83747,-0.494731,0.232134
0,0,-0.55532,-0.403796,0.727027
0,0,0.428407,0.714402,0.55326
0,0,-0.348427,-0.745626,0.568015
0,0,0.85264,-0.396628,0.340133
0,0,-0.359418,-0.932457,0.0366541
0,0,0.656419,0.754176,0.0182128
0,0,0.19815,-0.973164,0.116998
0,0,0.947343,-0.031151,0.318701
0,0,-0.0813707,0.817389,0.57031
0,0,-0.242977,-0.809558,0.534396
0,0,-0.708394,-0.414206,0.5715
0,0,0.276869,0.941405,0.192616
0,0,0.0467072,0.545185,0.837014
0,0,0.569698,-0.414508,0.709667
0,0,0.668094,0.466117,0.579987
0,0,-0.0306478,-0.705337,0.708209
0,0,-0.891268,0.436191,0.124012
0,0,-0.866738,0.0251879,0.498127
0,0,0.151776,0.246709,0.95713
0,0,0.496478,0.794596,0.349466
0,0,-0.734336,0.589381,0.33672
0,0,-0.493202,-0.171544,0.852833
0,0,-0.697142,-0.0838494,0.712012
0,0,-0.721882,-0.688,0.0744476
0,0,0.557609,-0.317737,0.766887
0,0,-0.40996,0.263468,0.873223
0,0,-0.862038,0.392741,0.320382
0,0,-0.253508,-0.926491,0.278113
0,0,0.453678,-0.205796,0.867078
0,0,0.669395,-0.0672911,0.739853
0,0,0.91543,0.314159,0.251578
0,0,0.028095,0.730119,0.682742
0,0,0.977474,-0.065192,0.200735
0,0,-0.690923,0.355166,0.629668
0,0,-0.418561,-0.900613,0.117056
0,0,-0.542659,-0.715528,0.439933
0,0,-0.0240187,0.998428,0.0506452
0,0,0.434908,-0.791396,0.42959
0,0,-0.612789,0.628923,0.478482
0,0,0.687192,0.366016,0.627534
0,0,-0.221123,-0.495092,0.840231
0,0,-0.980242,0.172244,0.0972529
0,0,-0.671468,0.382158,0.63489
0,0,0.242615,-0.427059,0.871067
0,0,0.275878,-0.767509,0.578638
0,0,-0.426607,-0.149845,0.891938
0,0,0.779132,-0.535116,0.326502
0,0,0.4679,0.868894,0.161533
0,0,0.623177,0.214659,0.752045
0,0,-0.20565,-0.532068,0.821347
0,0,-0.724699,-0.344569,0.596727
0,0,0.991926,0.120528,0.0394435
0,0,0.701512,0.145401,0.697667
0,0,-0.0936698,-0.604531,0.791055
0,0,-0.978683,0.168338,0.117655
0,0,-0.293753,-0.268558,0.91738
0,0,0.0484606,-0.435612,0.898829
0,0,-0.814107,-0.163307,0.557279
0,0,-0.0111939,0.775561,0.631174
0,0,-0.263998,0.358173,0.895554
0,0,0.775387,-0.614603,0.145046
22.8856,30.8791,-0.630778,-0.648419,0.426231
0,0,-0.686358,0.707126,0.169957
0,0,0.763606,-0.642328,0.0657282
0,0,-0.36343,0.68866,0.627428
0,0,0.306364,-0.896899,0.318926
0,0,-0.393528,-0.575322,0.717036
0,0,-0.422659,-0.885203,0.194358
0,0,-0.693115,0.655124,0.300672
0,0,-0.659383,0.591045,0.464629
0,0,-0.229916,0.654996,0.719805
0,0,0.826419,-0.0746447,0.558086
0,0,0.638487,0.582364,0.503177
0,0,-0.91596,-0.0479557,0.398393
0,0,-0.882053,0.458535,0.108296
0,0,0.338889,-0.656601,0.673817
0,0,0.348372,-0.705721,0.616924
0,0,0.6274,-0.535002,0.565811
0,0,0.308594,0.0677136,0.948781
24.3041,32.56,-0.348805,0.460791,0.816092
0,0,-0.264487,-0.507772,0.819887
0,0,-0.723976,0.0192925,0.689555
0,0,-0.694451,-0.621473,0.362641
0,0,0.758918,-0.118626,0.64029
0,0,0.845777,0.532265,0.036811
19.4454,29.2588,0.277117,-0.314953,0.90775
0,0,-0.49233,-0.778919,0.388454
0,0,-0.858354,0.509614,0.0593487
0,0,-0.254624,0.914288,0.315031
0,0,-0.22754,0.857064,0.46224
0,0,0.289764,0.0857883,0.953246
0,0,-0.0307974,0.98933,0.142398
0,0,-0.108515,-0.626908,0.771499
0,0,-0.550701,0.632195,0.54503
0,0,-0.597017,0.693025,0.404087
0,0,0.377362,0.904942,0.196665
0,0,0.799529,0.554855,0.229978
0,0,0.389757,-0.859765,0.32999
0,0,0.310093,0.911346,0.270722
0,0,0.17844,0.547447,0.817594
0,0,-0.461677,0.571074,0.67877
0,0,0.733371,-0.493077,0.468019
0,0,-0.224996,0.464405,0.856566
0,0,0.794354,-0.421665,0.437265
0,0,0.399357,-0.882881,0.247054
0,0,0.730154,-0.235073,0.641574
0,0,-0.725137,-0.138968,0.674437
0,0,0.887092,-0.41294,0.206271
0,0,-0.514415,0.655038,0.553446
0,0,-0.674532,0.730852,0.104219
0,0,-0.162858,0.976664,0.140015
0,0,0.0644204,-0.755683,0.651761
0,0,0.000451437,-0.703688,0.710509
0,0,0.803105,-0.594873,0.0338826
0,0,0.0805913,-0.642657,0.761904
0,0,0.971629,-0.23651,0.000405792
0,0,-0.178571,0.962336,0.204993
0,0,0.999237,0.0190779,0.0340821
0,0,-0.736419,0.672333,0.0752016
0,0,-0.317604,0.86067,0.397963
0,0,-0.111539,-0.978222,0.175047
0,0,-0.617828,-0.612162,0.493504
0,0,-0.64089,-0.199855,0.74116
0,0,0.857596,-0.308691,0.411388
0,0,-0.369286,0.369828,0.852558
0,0,-0.0469859,0.692705,0.719689
0,0,-0.937915,0.0214828,0.3462
0,0,-0.535278,0.720056,0.441584
0,0,-0.914936,-0.298058,0.272126
0,0,0.242252,-0.858397,0.452182
0,0,0.498788,-0.766092,0.405355
0,0,0.574995,-0.071467,0.81503
0,0,-0.490827,0.256549,0.832629
0,0,0.533918,-0.124322,0.836346
0,0,0.816978,0.55154,0.168377
0,0,0.508475,-0.634001,0.582662
0,0,0.995975,0.0431557,0.0785542
0,0,-0.483461,-0.688329,0.540803
0,0,-0.587797,0.675799,0.444736
0,0,0.101734,-0.885712,0.45295
0,0,-0.602638,-0.422504,0.676992
11.0285,15.9975,0.215933,0.118065,0.969244
0,0,0.686309,-0.345204,0.640168
0,0,-0.333634,0.87527,0.350131
0,0,-0.12872,0.338497,0.932122
0,0,0.488918,0.850598,0.193502
0,0,-0.388927,-0.221105,0.894342
0,0,0.21395,-0.922041,0.322592
0,0,-0.151703,-0.587982,0.794521
0,0,-0.447848,-0.801056,0.397167
0,0,0.0601132,0.879416,0.472244
0,0,-0.339985,0.847454,0.407716
0,0,0.219817,-0.11172,0.969123
0,0,-0.793742,0.51963,0.31616
0,0,-0.86718,-0.485282,0.1118
0,0,0.493614,-0.585152,0.643383
0,0,-0.995418,-0.0253355,0.0922068
0,0,-0.852199,-0.299505,0.429015
0,0,0.946327,0.317601,0.0599565
0,0,-0.439041,-0.822309,0.362008
0,0,-0.0454055,0.735439,0.676067
0,0,-0.920734,0.211223,0.328076
0,0,0.876819,-0.260678,0.404024
0,0,0.255403,-0.965679,0.0472479
0,0,0.617989,0.490981,0.614026
0,0,0.564537,-0.79298,0.229085
0,0,-0.867028,0.49093,0.085145
0,0,0.0395502,0.801166,0.597133
5.76277,7.55137,-0.610261,0.11265,0.78415
0,0,-0.834731,0.443024,0.327038
0,0,0.314118,-0.941342,0.123307
0,0,0.198558,0.909085,0.36625
0,0,-0.102867,0.905052,0.412673
0,0,0.920744,-0.0953843,0.378329
0,0,-0.323704,0.0891354,0.94195
0,0,0.786188,0.161272,0.596573
0,0,-0.582523,-0.682773,0.441008
0,0,-0.868989,0.493957,0.0293939
0,0,-0.326584,-0.272113,0.905151
0,0,0.605253,0.00324731,0.796027
0,0,0.383296,-0.714643,0.585124
0,0,-0.486512,0.682748,0.545124
0,0,-0.486542,-0.837277,0.249487
0,0,0.165464,0.710715,0.683744
0,0,-0.386247,-0.801845,0.455914
0,0,0.228379,-0.546454,0.805749
0,0,-0.776078,0.573548,0.262192
8.75776,11.8892,0.603703,-0.505408,0.616527
0,0,-0.832718,0.528668,0.164592
0,0,0.489087,-0.363497,0.792884
0,0,-0.476234,-0.2235,0.850441
0,0,0.0182609,-0.904126,0.426875
0,0,-0.996816,0.0650137,0.0461704
0,0,-0.158245,-0.603908,0.781187
0,0,-0.0721061,-0.494221,0.86634
0,0,-0.941414,-0.332547,0.0561404
0,0,-0.41441,0.310499,0.855485
0,0,-0.942705,-0.331359,0.038832
0,0,-0.0434176,0.55808,0.82865
0,0,-0.872106,0.307263,0.380816
0,0,0.711135,-0.701152,0.0517089
0,0,-0.348339,0.602129,0.718402
0,0,-0.78543,-0.43374,0.441553
0,0,-0.145296,0.96711,0.208777
0,0,-0.72342,0.648273,0.2375
0,0,0.729268,-0.372904,0.573681
0,0,-0.272753,-0.357195,0.893318
0,0,-0.808877,-0.57844,0.105473
0,0,0.285574,0.0674138,0.955983
0,0,0.614536,-0.613338,0.496148
0,0,0.175345,-0.199242,0.964135
0,0,-0.808699,-0.539108,0.235305
0,0,-0.865017,-0.141291,0.481438
0,0,0.568573,0.346193,0.746241
0,0,0.572585,-0.292579,0.765862
0,0,0.344821,0.444897,0.826538
0,0,-0.589256,0.279799,0.757951
0,0,0.697309,0.458336,0.55108
0,0,-0.0817368,-0.971362,0.223105
0,0,-0.447175,0.852705,0.270053
0,0,-0.938644,0.20975,0.273774
0,0,-0.656218,0.563676,0.501645
0,0,-0.418976,0.254693,0.871545
0,0,-0.322964,-0.470721,0.821046
0,0,-0.934702,0.286696,0.210088
0,0,-0.252576,-0.806808,0.534103
22.0093,31.1785,-0.351301,0.552439,0.755909
0,0,-0.870403,-0.265418,0.414671
0,0,-0.595103,-0.691291,0.409841
0,0,0.366739,-0.757839,0.539613
0,0,-0.0825183,-0.975004,0.206298
0,0,-0.141747,-0.750705,0.645252
0,0,0.841225,-0.0546338,0.537918
0,0,0.201724,0.92701,0.316165
0,0,-0.445571,-0.895236,0.00430891
0,0,-0.792562,-0.544863,0.273804
0,0,-0.970354,0.169681,0.172109
20.927,31.2259,0.203327,-0.265356,0.942467
0,0,0.127501,0.935114,0.330613
0,0,0.404957,0.611831,0.679465
0,0,0.218858,0.875744,0.430317
0,0,0.94576,-0.0844349,0.313701
0,0,0.856322,0.200156,0.476078
19.9933,28.7764,0.206686,-0.119441,0.971089
0,0,-0.764937,0.1552,0.625127
0,0,-0.158564,0.906217,0.391954
0,0,0.229932,-0.97228,0.04246
0,0,-0.128604,-0.339399,0.93181
0,0,-0.278677,0.518217,0.808573
0,0,-0.211463,0.808797,0.548754
0,0,0.396169,-0.68986,0.605924
0,0,-0.373682,-0.709532,0.597433
0,0,0.530875,0.69185,0.489402
0,0,0.999565,-0.02901,0.0052885
0,0,-0.474951,0.828857,0.295664
0,0,0.575287,-0.791999,0.204407
0,0,0.0619638,0.759517,0.647529
0,0,0.52384,0.851609,0.0187989
0,0,0.738524,-0.61007,0.287048
0,0,-0.406052,0.746006,0.527823
0.978617,0.868224,-0.703988,0.348601,0.618772
0,0,0.626187,0.678978,0.383248
0,0,-0.393883,0.27425,0.877293
0,0,0.916834,-0.0104816,0.39913
0,0,0.0471022,0.766055,0.641047
0,0,0.685358,-0.220822,0.693918
0,0,-0.483976,0.459652,0.744639
0,0,-0.0114901,0.548536,0.836048
0,0,-0.261645,-0.399463,0.878619
0,0,0.714951,0.546009,0.436713
23.7766,35.9061,0.566415,-0.538979,0.623439
0,0,-0.219316,0.93237,0.28738
0,0,-0.273219,-0.592312,0.75797
0,0,0.224331,-0.692868,0.68528
0,0,0.684555,0.105521,0.721283
0,0,-0.266462,-0.343774,0.900454
0,0,0.85603,-0.299714,0.421171
0,0,-0.117287,-0.757212,0.642552
0,0,0.279443,-0.776274,0.565075
0,0,0.801187,0.583551,0.132541
0,0,0.214374,0.150416,0.9651
0,0,-0.142854,0.523144,0.840186
0,0,0.660791,0.661977,0.353753
0,0,0.88712,0.299811,0.350901
0,0,0.570592,-0.669312,0.475863
0,0,0.496917,0.790546,0.357924
0,0,-0.72361,-0.334701,0.603626
0,0,0.0770486,-0.579276,0.811482
0,0,-0.630732,-0.766473,0.121233
0,0,0.719167,0.321365,0.616054
0,0,-0.830869,0.556392,0.00918806
0,0,0.272438,0.885351,0.376737
0,0,-0.521928,-0.278208,0.806345
0,0,-0.291034,-0.830641,0.474695
0,0,0.899209,-0.223482,0.376136
0,0,0.223039,0.752857,0.619241
0,0,0.990642,-0.125876,0.0527616
0,0,0.875815,0.41472,0.24689
0,0,-0.37147,0.9104,0.182161
0,0,-0.0709639,-0.504089,0.860731
0,0,0.696913,0.2407,0.675556
0,0,-0.556431,-0.25519,0.790735
0,0,0.485452,0.815614,0.314819
0,0,0.790093,0.273087,0.548795
0,0,-0.254135,-0.559308,0.789044
0,0,0.331711,0.159634,0.929777
0,0,0.429701,-0.767712,0.475368
0,0,-0.0572114,-0.87295,0.484443
0,0,0.215166,-0.542796,0.811835
0,0,0.580726,-0.509549,0.634915
0,0,-0.0242419,0.991875,0.124885
0,0,0.53815,0.216819,0.814484
0,0,-0.514145,0.327736,0.792618
0,0,0.896769,0.344161,0.278135
0,0,-0.384779,0.643617,0.66159
0,0,0.0743266,-0.629031,0.773819
0,0,-0.371686,-0.926058,0.0653125
0,0,-0.829334,-0.255504,0.496913
0,0,-0.542472,-0.513276,0.665035
0,0,-0.205709,0.553986,0.806711
0,0,-0.500036,0.634345,0.589551
0,0,0.0735502,-0.701427,0.708936
0,0,0.928635,0.0463992,0.368082
0,0,-0.837697,0.0523528,0.54362
0,0,0.743194,0.635657,0.208815
17.4911,26.3939,0.757102,-0.0916621,0.646835
0,0,0.170207,0.851326,0.49626
0,0,0.0846742,0.897597,0.432607
0,0,-0.361226,-0.861324,0.357262
0,0,0.485182,0.859967,0.15829
0,0,-0.34433,0.476797,0.808765
0,0,-0.229786,0.154748,0.96086
0,0,-0.937356,-0.144841,0.316837
0,0,-0.675171,0.129707,0.726169
0,0,0.892003,0.030063,0.451028
8.11849,12.002,-0.490837,0.744181,0.453072
0,0,0.380455,0.450321,0.807753
0,0,-0.846921,0.500461,0.179617
0,0,-0.655626,0.426908,0.622819
0,0,0.979558,-0.200626,0.01468
0,0,0.845709,0.511006,0.15378
0,0,0.271662,0.955725,0.113091
0,0,-0.656269,0.449478,0.606036
0,0,-0.572179,-0.165448,0.803267
0,0,-0.479959,-0.75348,0.449341
0,0,0.812216,-0.135968,0.567289
0,0,-0.707827,0.31827,0.630623
0,0,0.92793,0.325076,0.182408
0,0,-0.568818,0.154795,0.807765
0,0,-0.880641,-0.473484,0.01685
0,0,0.73993,0.671961,0.031177
0,0,0.675021,-0.662828,0.324046
6.16388,9.33423,-0.236144,0.274423,0.932163
0,0,-0.666874,0.74319,0.054292
0,0,-0.543205,0.823154,0.165365
0,0,0.169533,-0.80225,0.57241
0,0,-0.0369565,-0.622475,0.781767
0,0,0.423722,0.584731,0.691773
0,0,-0.984272,0.0521483,0.168787
0,0,-0.558862,0.0730188,0.82604
0,0,0.909956,0.226709,0.347249
0,0,-0.80987,0.514511,0.28176
0,0,-0.390001,0.0481911,0.919553
0,0,0.329019,-0.433478,0.838954
0,0,-0.840376,0.542004,0.000326161
0,0,-0.673301,-0.726194,0.138954
0,0,-0.641801,-0.172157,0.747297
0,0,-0.0154325,-0.999734,0.0171214
0,0,-0.893107,0.305257,0.33042
0,0,-0.0485091,-0.879871,0.47273
0,0,-0.418276,0.0957866,0.903255
0,0,-0.136623,-0.353074,0.925566
0,0,-0.987979,0.139623,0.0663526
0,0,0.478567,-0.208922,0.852834
0,0,0.579486,0.418299,0.699444
0,0,0.703366,-0.28435,0.651476
0,0,0.535793,0.598888,0.595196
0,0,-0.487689,-0.137918,0.862055
0,0,0.0429295,-0.843084,0.536065
0,0,0.560588,-0.451923,0.693907
0,0,-0.315052,-0.0886529,0.944925
0,0,-0.802397,-0.480002,0.354624
0,0,0.525948,-0.818925,0.229654
0,0,0.348765,0.77453,0.527698
0,0,0.200471,0.556909,0.806018
0,0,0.27988,-0.807433,0.519344
0,0,0.342357,-0.496742,0.79752
0,0,-0.548422,-0.717806,0.428939
0,0,-0.767041,-0.0850455,0.635937
0,0,0.339045,0.147171,0.929188
0,0,-0.330563,0.706141,0.626173
0,0,-0.166146,-0.864057,0.475185
0,0,-0.503191,0.806424,0.310609
0,0,0.0868742,-0.885743,0.455973
0,0,0.0477548,0.991605,0.120166
0,0,0.488277,0.792905,0.364537
0,0,-0.293537,0.953864,0.0630869
0,0,0.662765,0.738624,0.123199
0,0,0.205965,-0.978168,0.0276579
0,0,0.992166,0.00866559,0.124625
0,0,-0.847598,0.065204,0.526618
0,0,0.298185,-0.936604,0.184007
0,0,0.959829,0.0791232,0.269197
0,0,0.28983,0.808618,0.511991
0,0,0.75462,-0.0318395,0.655389
0,0,0.688719,-0.724864,0.0154604
0,0,-0.916956,-0.319504,0.238974
0,0,0.218914,0.790095,0.572562
0,0,0.255632,0.517114,0.816851
0,0,-0.0729469,-0.92543,0.37183
0,0,-0.515774,-0.81342,0.268932
0,0,-0.685647,-0.658339,0.310609
0,0,0.041722,-0.867713,0.495312
0,0,-0.86914,0.491322,0.0565487
0,0,0.822391,-0.268182,0.501748
0,0,0.933088,0.0475654,0.356488
0,0,0.581099,-0.791301,0.190176
0,0,-0.50006,-0.219802,0.837632
0,0,-0.255924,0.482719,0.837547
0,0,-0.0465093,0.805551,0.590698
0,0,-0.0610942,-0.858648,0.508912
0,0,-0.859218,-0.460619,0.222653
0,0,0.0616548,0.651491,0.756147
4.2757,5.82694,-0.263277,0.0848109,0.960985
0,0,0.977958,-0.170324,0.120777
0,0,0.759274,0.0451254,0.649205
0,0,0.44621,0.885809,0.127436
0,0,-0.704993,-0.621462,0.341716
0,0,0.440656,0.546486,0.712163
0,0,0.249471,-0.686125,0.683372
0,0,0.0874074,-0.724604,0.6836
0,0,-0.49809,-0.67757,0.541115
0,0,0.683586,0.335408,0.648238
0,0,0.462637,-0.451195,0.763145
0,0,-0.752856,0.522004,0.400898
0,0,-0.0757376,-0.863405,0.498793
0,0,-0.792408,0.534909,0.293192
0,0,0.968388,-0.24849,0.0218558
0,0,0.391276,0.779641,0.488941
0,0,-0.369235,0.60229,0.707751
0,0,0.166562,0.162356,0.972573
0,0,-0.475953,-0.877847,0.0534266
0,0,-0.639996,-0.761579,0.101996
0,0,-0.875816,0.44186,0.194182
0,0,-0.291093,-0.920029,0.26232
0,0,-0.797994,0.192423,0.57112
0,0,0.392079,-0.319995,0.862483
0,0,-0.610607,0.737574,0.288347
0,0,0.959787,-0.0758369,0.270291
0,0,-0.903207,0.337509,0.265149
0,0,-0.104701,0.443748,0.890014
0,0,-0.744427,0.202317,0.636315
0,0,0.81091,-0.177437,0.557621
0,0,-0.800342,-0.5476,0.244105
0,0,-0.248761,-0.614983,0.748274
0,0,0.171393,-0.621924,0.764091
0,0,-0.491682,-0.843777,0.21515
0,0,0.950917,-0.0798134,0.298976
0,0,-0.329883,-0.227095,0.9163
0,0,0.547304,-0.68755,0.477214
0,0,-0.611804,-0.319973,0.723404
0,0,-0.533315,0.291776,0.794003
0,0,0.596949,-0.583627,0.550483
0,0,0.0235554,-0.851294,0.52416
0,0,-0.569961,0.615937,0.543843
0,0,0.525095,0.022553,0.850745
0,0,-0.549792,0.710089,0.439889
0,0,0.508927,0.508222,0.694769
0,0,0.00593671,0.978769,0.20488
0,0,-0.115486,-0.851001,0.512309
0,0,-0.304434,-0.756727,0.578519
21.2776,31.3642,0.0058774,0.0757824,0.997107
19.703,28.115,0.122664,0.131823,0.983655
0,0,0.491195,0.446839,0.747705
0,0,0.608595,-0.397167,0.686929
0,0,0.467561,0.222065,0.855613
0,0,0.118378,-0.982661,0.1427
0,0,-0.00694267,-0.965213,0.261374
13.0975,17.641,0.455099,-0.334817,0.825096
0,0,-0.461458,0.284135,0.840431
0,0,0.189292,0.93725,0.292798
0,0,0.95191,0.27223,0.14056
0,0,-0.679059,-0.425352,0.598293
0,0,0.355563,0.372463,0.857232
0,0,0.733295,0.673391,0.0939332
0,0,0.256965,-0.637353,0.726464
0,0,-0.44697,0.357939,0.819815
0,0,0.736768,0.477836,0.478379
0,0,-0.235716,-0.969904,0.0610325
0,0,0.21091,-0.961795,0.174551
0,0,0.419586,0.760241,0.495965
0,0,0.576806,-0.342606,0.741563
0,0,-0.96189,-0.257501,0.091981
0,0,-0.909203,0.242245,0.338625
0,0,-0.701225,0.653514,0.284962
0,0,0.342669,-0.21223,0.91517
0,0,0.8223,0.488462,0.291937
0,0,0.718963,0.567635,0.401103
0,0,-0.972234,0.23387,0.00807917
0,0,-0.220608,0.856709,0.466243
0,0,0.949166,0.0236832,0.313883
0,0,-0.675557,0.133467,0.725127
0,0,-0.411013,0.797628,0.441427
0,0,-0.1314,-0.878095,0.46009
0,0,-0.728108,-0.673503,0.127486
0,0,-0.537456,0.728122,0.425417
0,0,0.235603,0.835617,0.496222
0,0,-0.582513,0.276213,0.76445
0,0,0.68876,-0.617182,0.380388
0,0,-0.121659,0.714692,0.688777
0,0,0.81841,0.26014,0.512379
12.0733,18.6465,-0.454064,-0.717803,0.527811
0,0,0.579434,0.396325,0.712167
0,0,0.221511,-0.892398,0.393139
0,0,-0.462519,-0.827629,0.317972
0,0,0.00471564,0.586537,0.809909
0,0,0.878485,-0.0143274,0.477554
0,0,-0.850765,-0.13918,0.506782
0,0,-0.276057,-0.844162,0.459547
0,0,-0.378555,-0.790109,0.482104
0,0,0.450268,-0.794862,0.406759
0,0,0.35069,0.744233,0.568449
0,0,0.569267,0.111005,0.814624
0,0,-0.185653,0.907038,0.377909
0,0,0.498643,0.24417,0.831707
0,0,-0.734223,0.241243,0.634601
0,0,0.949772,0.23964,0.201261
0,0,-0.616202,-0.074601,0.784047
0,0,-0.188011,-0.66081,0.726624
0,0,-0.7169,0.692418,0.0813081
0,0,0.700781,0.602183,0.382469
0,0,0.891819,0.225893,0.391958
0,0,-0.935334,-0.0365167,0.351876
0,0,-0.387784,0.693248,0.607479
0,0,0.224898,0.973248,0.047003
0,0,0.268695,-0.875428,0.401783
0,0,0.0980516,0.813215,0.573644
0,0,-0.84856,-0.0200991,0.528717
8.72066,12.361,0.159065,-0.244061,0.956626
0,0,0.680345,0.633743,0.368104
0,0,-0.674338,-0.67984,0.288247
13.7391,19.8872,-0.540974,-0.43046,0.722531
0,0,0.830403,0.338293,0.442706
0,0,0.173518,0.718344,0.673702
0,0,0.928677,-0.368905,0.0383114
0,0,-0.314422,-0.746113,0.586902
0,0,-0.675571,0.279956,0.682076
0,0,-0.92556,-0.349204,0.146268
0,0,0.719515,0.669978,0.182834
0,0,0.214499,0.363529,0.906552
0,0,0.836892,0.0473995,0.545312
0,0,0.848868,-0.525255,0.0594156
0,0,-0.839492,-0.52961,0.121513
0,0,0.861777,0.506568,0.0270156
0,0,-0.410445,-0.903756,0.121488
0,0,-0.674919,0.376541,0.634587
0,0,-0.556331,0.810323,0.184046
0,0,0.136293,-0.31078,0.940659
0,0,0.620516,0.0972009,0.778146
0,0,0.376629,-0.81725,0.436181
0,0,-0.269046,-0.797052,0.540668
0,0,0.224978,0.701614,0.676109
0,0,-0.421208,0.751857,0.507242
0,0,-0.416579,-0.607924,0.675937
0,0,-0.793726,0.581697,0.177842
0,0,0.734112,-0.0108174,0.678942
0,0,-0.439246,0.623223,0.647036
0,0,0.35708,-0.105296,0.92812
0,0,-0.145402,-0.989133,0.0217861
0,0,0.312072,-0.786363,0.533146
0,0,0.428414,-0.902316,0.0478355
0,0,-0.294474,0.455735,0.839994
0,0,-0.369039,-0.252754,0.894386
0,0,-0.790158,-0.451531,0.414452
0,0,-0.0851137,-0.490277,0.867401
0,0,-0.121305,-0.943667,0.307859
0,0,-0.987307,-0.122789,0.100736
0,0,-0.0745764,0.429262,0.900096
0,0,0.290608,-0.568733,0.769473
0,0,-0.882548,-0.309106,0.354348
0,0,-0.862057,0.436032,0.258329
0,0,0.93481,0.189345,0.300463
0,0,-0.253593,0.929015,0.269485
0,0,-0.669075,-0.689836,0.276525
0,0,0.39108,0.190378,0.900451
0,0,-0.397658,-0.136548,0.907316
0,0,-0.179709,-0.189384,0.965318
0,0,-0.82806,0.16461,0.535929
0,0,0.912021,0.131351,0.388542
0,0,0.21791,0.552969,0.804202
0,0,0.873278,-0.483529,0.0598792
0,0,-0.234186,0.358888,0.903525
0,0,0.143048,0.822062,0.551137
0,0,-0.486808,-0.656033,0.576748
0,0,-0.571576,-0.820546,0.0022782
0,0,0.44721,-0.648688,0.615798
0,0,0.0459162,0.64157,0.765689
0,0,-0.411635,-0.70833,0.573432
0,0,-0.999186,0.0178292,0.0361746
0,0,-0.180998,-0.476673,0.860245
0,0,-0.960974,0.22512,0.160782
0,0,0.99273,-0.120341,0.00207759
0,0,0.0309172,0.948045,0.316632
0,0,0.719761,0.6936,0.0293738
0,0,0.189841,-0.54371,0.81752
0,0,0.563408,-0.117683,0.817755
0,0,-0.517976,-0.032235,0.854787
0,0,-0.850175,0.522085,0.0680442
0,0,-0.817345,0.198439,0.540897
0,0,-0.471523,-0.414876,0.778167
0,0,0.693272,0.65014,0.310954
0,0,0.585082,-0.806245,0.0874485
0,0,0.242282,0.748947,0.616748
0,0,-0.243359,-0.939092,0.242656
0,0,0.426564,-0.777602,0.461928
0,0,0.562654,0.486178,0.668619
0,0,0.509129,-0.328033,0.795727
0,0,-0.250278,0.926755,0.280153
9.18392,14.0165,0.382332,-0.349795,0.855257
0,0,-0.491408,-0.86158,0.127269
0,0,0.854903,0.451683,0.255191
0,0,-0.416559,-0.517281,0.747596
0,0,-0.10345,0.925218,0.365061
0,0,-0.402085,0.443282,0.801142
0,0,0.504366,-0.610988,0.610172
0,0,-0.113411,0.848947,0.516166
0,0,-0.963818,-0.00890334,0.266411
0,0,0.18645,-0.696652,0.692757
0,0,-0.265713,0.749263,0.606631
0,0,-0.590312,0.777484,0.216912
0,0,0.337731,0.588713,0.734408
0,0,-0.123552,0.762897,0.634605
0,0,0.491698,-0.474665,0.730018
0,0,-0.516213,-0.349222,0.782028
0,0,0.238593,0.971097,0.00658123
0,0,-0.128009,-0.321888,0.938084
0,0,-0.0105266,-0.996186,0.086618
0,0,0.26656,-0.956111,0.121644
0,0,0.951445,-0.279072,0.129887
0,0,0.308618,0.193082,0.931383
0,0,0.536595,-0.670672,0.512117
0,0,0.851068,-0.523165,0.0445109
0,0,0.451246,0.663509,0.596768
0,0,-0.876387,-0.105704,0.469865
0,0,0.0803217,0.506639,0.858408
0,0,-0.562983,-0.591112,0.577613
0,0,-0.55212,-0.772845,0.312847
0,0,0.554885,-0.790474,0.259333
0,0,-0.122363,-0.0939686,0.988027
15.7004,22.2717,-0.186237,0.913125,0.362654
0,0,-0.293293,0.886524,0.357847
0,0,0.589511,0.612866,0.526186
0,0,-0.245912,-0.262493,0.933073
0,0,-0.570134,0.811948,0.12525
0,0,0.769288,-0.157693,0.619135
0,0,-0.242584,-0.0991535,0.96505
0,0,-0.407306,0.295809,0.86406
0,0,-0.245237,-0.880474,0.405739
0,0,0.0655031,-0.917879,0.391417
0,0,-0.216149,-0.597642,0.772077
0,0,-0.163572,0.588157,0.792033
0,0,0.612405,0.753767,0.23832
0,0,-0.251614,-0.431499,0.866314
0,0,-0.933347,0.23629,0.270243
0,0,0.186838,0.0256069,0.982057
0,0,-0.235978,-0.570865,0.786402
0,0,-0.770551,-0.601548,0.21069
0,0,0.0893473,-0.38748,0.917538
0,0,-0.782546,0.0351696,0.621599
0,0,-0.781668,0.617834,0.0853032
0.666726,0.958731,-0.38576,0.558094,0.734657
0,0,0.455659,-0.347778,0.819405
0,0,-0.0182527,-0.947962,0.317861
0,0,0.268661,-0.936197,0.226622
0,0,-0.860447,0.485295,0.155308
0,0,0.387901,-0.535578,0.750126
0,0,-0.273628,0.788275,0.551136
0,0,0.939385,0.242932,0.241952
0,0,0.359845,0.855046,0.373374
0,0,0.78093,-0.225223,0.5826
20.8658,29.6696,-0.566374,0.122706,0.814962
0,0,0.452784,0.787567,0.418002
0,0,0.819526,-0.0758618,0.567998
0,0,-0.556487,-0.183116,0.810426
0,0,0.335832,-0.654835,0.677058
0,0,0.648135,0.704911,0.288135
0,0,0.689693,0.0991169,0.717286
0,0,-0.279463,0.747757,0.602295
0,0,0.975884,-0.216795,0.0254972
0,0,-0.391098,0.11194,0.913516
0,0,0.614561,-0.783968,0.0878005
0,0,-0.53315,-0.12393,0.836895
0,0,0.906711,0.402711,0.125295
0,0,-0.141731,-0.357149,0.923232
0,0,-0.966977,0.234286,0.100322
0,0,-0.628507,-0.394956,0.670066
0,0,0.098233,-0.420384,0.902013
0,0,-0.139315,0.810163,0.569409
0,0,-0.900158,0.421881,0.108316
0,0,-0.469528,0.873073,0.131482
0,0,-0.180292,-0.474012,0.861863
0,0,0.209658,0.51585,0.830628
0,0,-0.903677,-0.121055,0.410748
0,0,-0.123325,-0.455592,0.881605
0,0,0.183726,-0.972983,0.139816
0,0,-0.447717,-0.863675,0.231547
0,0,-0.513251,0.284305,0.80978
0,0,-0.0733041,0.0662605,0.995106
0,0,0.195331,0.96581,0.17046
0,0,-0.268396,0.18564,0.945252
0,0,-0.345787,0.890041,0.297084
0,0,0.811966,0.166826,0.559357
0,0,0.280378,0.61135,0.740027
0,0,0.700213,-0.0397752,0.712825
0,0,0.0743483,0.989799,0.121533
0,0,0.685373,-0.537647,0.491121
0,0,-0.640014,0.707217,0.300376
0,0,0.936964,0.349259,0.0107595
0,0,0.865193,0.452875,0.215281
0,0,-0.351611,0.539068,0.765359
0,0,0.496551,-0.417333,0.761098
0,0,-0.256345,0.252149,0.933117
0,0,0.216073,0.761556,0.611019
0,0,0.732272,-0.506173,0.455595
0,0,-0.75479,-0.146112,0.639487
0,0,-0.880934,-0.326673,0.342405
0,0,-0.568707,0.161866,0.806457
0,0,0.304537,0.883624,0.35562
0,0,0.0855865,0.993977,0.0684435
0,0,-0.154465,0.31911,0.935045
0,0,-0.281851,0.898829,0.335659
0,0,0.566669,-0.472776,0.67481
0,0,0.918232,0.0480757,0.393115
0,0,-0.124931,-0.799362,0.587718
0,0,0.764116,-0.631965,0.12941
0,0,0.65773,0.450133,0.603964
0,0,0.377431,-0.743804,0.551635
0,0,0.0725124,0.728209,0.681509
0,0,0.449754,-0.267983,0.852002
0,0,-0.815648,-0.0447748,0.576813
0,0,-0.246982,0.323732,0.913344
0,0,-0.0137702,0.458825,0.88842
0,0,0.108653,-0.564367,0.818342
0,0,-0.873401,0.478808,0.0889536
0,0,-0.477885,0.0904591,0.873752
0,0,0.943817,0.300504,0.137499
0,0,0.575471,0.816848,0.0399112
0,0,-0.635471,-0.571598,0.519087
0,0,-0.436908,0.663919,0.606896
0,0,-0.728241,0.278144,0.626339
0,0,0.23438,0.0942894,0.967562
0,0,-0.19011,0.635692,0.748167
0,0,0.133275,0.897309,0.420803
0,0,0.561614,-0.764005,0.317627
0,0,0.845698,0.260954,0.465509
0,0,-0.00530977,-0.5903,0.807166
0,0,0.922345,0.355256,0.151899
0,0,-0.362723,0.931754,0.0163357
0,0,0.319624,-0.256439,0.912184
0,0,-0.846155,0.513655,0.142057
0,0,-0.0175155,0.164046,0.986297
0,0,-0.270031,-0.55505,0.786767
0,0,-0.220066,-0.43333,0.873954
0,0,0.369446,-0.893646,0.254769
0,0,0.762813,0.645792,0.0326923
0,0,0.643071,0.667857,0.374735
0,0,-0.107423,0.303639,0.946712
0,0,0.776061,0.0712482,0.62662
0,0,0.923365,-0.336209,0.185368
0,0,-0.108663,-0.711371,0.694365
0,0,-0.368714,0.615682,0.69641
0,0,-0.87224,-0.214359,0.439599
0,0,-0.995085,-0.0832557,0.0536044
0,0,0.282261,0.803208,0.524582
0,0,0.10538,-0.294708,0.949759
0,0,-0.953969,-0.0360233,0.297735
0,0,-0.871575,0.123519,0.474447
0,0,-0.462187,-0.59149,0.660699
0,0,-0.815448,-0.501939,0.288274
0,0,-0.0188467,-0.934501,0.355461
0,0,0.00240432,-0.678848,0.734274
0,0,-0.0255058,0.572068,0.81981
0,0,-0.956401,0.240656,0.165475
0,0,0.943964,-0.124559,0.305642
0,0,-0.38157,0.809795,0.445687
0,0,-0.60676,0.711145,0.355126
0,0,0.950188,0.132827,0.281957
0,0,-0.904744,0.365079,0.219444
0,0,-0.088555,-0.996032,0.00889108
0,0,-0.834089,0.377347,0.402375
0,0,-0.0855668,0.724981,0.683434
0,0,-0.752189,0.137673,0.644405
0,0,0.806097,0.431628,0.404852
0,0,0.64781,0.0204498,0.761528
0,0,-0.842432,-0.206362,0.497718
19.2486,26.8957,-0.124323,0.432755,0.892898
0,0,0.991906,-0.123328,0.0302054
0,0,-0.1409,0.797321,0.586879
0,0,-0.88564,-0.246415,0.3936
0,0,0.912158,-0.255943,0.320095
0,0,-0.00677095,-0.454937,0.890498
0,0,0.0757903,0.927278,0.366623
0,0,0.837897,-0.00267986,0.545821
0,0,-0.0928751,0.812632,0.575329
0,0,-0.345685,-0.618903,0.705309
0,0,-0.0276139,-0.991655,0.125926
0,0,-0.0365108,0.999257,0.0123859
0,0,-0.0957558,-0.249236,0.963697
0,0,0.798042,-0.1799,0.575122
0,0,0.135521,-0.886209,0.44302
0,0,-0.337962,0.90386,0.262332
0,0,-0.0583306,0.973854,0.21956
0,0,-0.097764,0.486583,0.868147
0,0,-0.788838,0.22425,0.57223
0,0,0.256591,-0.541765,0.800407
0,0,0.530058,-0.145031,0.835467
0,0,0.195272,-0.872862,0.447192
0,0,0.93805,0.28402,0.198481
0,0,0.774376,-0.0273243,0.632136
0,0,-0.15393,-0.732118,0.663558
0,0,-0.0517698,0.933817,0.353984
0,0,0.946037,0.0259652,0.323018
0,0,-0.617491,0.648527,0.445104
0,0,-0.410919,-0.175372,0.894645
0,0,-0.360902,-0.931427,0.0468261
0,0,0.648323,-0.377244,0.661336
0,0,-0.996512,-0.0588162,0.0592025
11.376,17.878,-0.310767,0.194406,0.930392
0,0,0.985845,0.0155119,0.166938
0,0,-0.275026,-0.232304,0.93295
0,0,0.877707,-0.285049,0.385198
0,0,-0.203929,0.727881,0.654677
0,0,0.702271,-0.484174,0.521911
0,0,0.962579,-0.2271,0.147878
0,0,0.354483,0.78697,0.504994
0,0,0.136576,0.199448,0.970344
0,0,0.992881,-0.0624456,0.101429
0,0,0.666594,0.23306,0.70805
0,0,-0.292975,0.229269,0.928225
0,0,-0.436533,-0.668041,0.602627
20.548,27.6356,0.0989399,0.00613622,0.995074
0,0,0.0200864,-0.762903,0.646201
0,0,0.381887,-0.923012,0.0470159
0,0,-0.654541,-0.722205,0.223598
0,0,-0.161963,0.461414,0.872276
0,0,-0.387484,0.788403,0.477783
0,0,-0.629517,0.684724,0.367235
0,0,-0.77395,0.218445,0.594377
0,0,-0.425385,0.687739,0.58827
0,0,0.557023,0.827732,0.0677188
0,0,-0.976719,0.158966,0.144047
0,0,0.952567,0.260005,0.158158
0,0,0.439231,-0.135851,0.888043
0,0,-0.530047,-0.0806884,0.844121
0,0,0.454782,0.777749,0.433912
0,0,0.508597,0.843206,0.174165
0,0,-0.115842,-0.487265,0.865536
0,0,0.4636,-0.752296,0.468109
0,0,0.385354,0.842362,0.376734
0,0,0.443392,0.190589,0.875831
0,0,-0.00129962,0.426377,0.904545
0,0,0.0800854,-0.739721,0.668131
0,0,-0.00805629,0.994134,0.107853
0,0,-0.191802,-0.567692,0.800586
0,0,0.956933,-0.282805,0.0655727
0,0,-0.803175,0.461717,0.376467
0,0,-0.528998,-0.829614,0.178611
0,0,0.580979,-0.0740977,0.810539
0,0,0.387101,-0.501473,0.773742
0,0,0.557072,-0.0584683,0.828403
0,0,-0.702505,-0.602882,0.378179
0,0,-0.704759,0.529131,0.472583
0,0,-0.765357,0.44661,0.463431
0,0,0.25908,0.31464,0.91317
0,0,-0.605376,0.157204,0.780261
0,0,-0.350799,-0.339458,0.872759
0,0,0.789791,-0.601291,0.121159
0,0,-0.563212,0.514627,0.646491
0,0,-0.0416243,0.710758,0.702204
0,0,0.164534,-0.982044,0.0922911
0,0,0.512482,-0.669647,0.537526
0,0,-0.977974,-0.0662102,0.197946
0,0,0.00540561,0.37314,0.927759
0,0,-0.205419,0.978521,0.0173216
0,0,0.289825,-0.117988,0.949779
0,0,0.0721474,-0.132343,0.988575
0,0,0.391837,-0.414009,0.82162
0,0,0.951811,0.0782304,0.29654
0,0,0.227006,-0.973885,0.00408979
0,0,-0.658114,0.695756,0.287766
0,0,0.996686,-0.0473921,0.0661159
0,0,0.732396,-0.0621951,0.678032
0,0,-0.45183,-0.762302,0.463406
0,0,-0.369924,-0.624347,0.688002
18.6425,25.9195,0.351237,-0.672794,0.651138
0,0,0.318676,0.210969,0.924088
0,0,0.588754,-0.799978,0.115778
0,0,0.667069,-0.274228,0.692689
23.2536,32.4526,0.591346,0.626432,0.507832
0,0,-0.675148,-0.43648,0.594693
0,0,0.728392,-0.269521,0.629924
0,0,0.152072,0.266935,0.951641
0,0,0.399549,0.837673,0.372377
0,0,0.618403,-0.481137,0.621357
0,0,-0.80861,-0.538133,0.23783
0,0,0.361849,0.260995,0.894956
0,0,0.259155,-0.0736642,0.963023
0,0,0.783081,0.289509,0.550426
0,0,-0.850262,0.456356,0.262284
0,0,-0.784518,-0.524896,0.330174
0,0,0.663655,-0.283612,0.69219
0,0,-0.979044,0.180152,0.0949675
0,0,0.515339,-0.334129,0.789166
0,0,-0.181241,0.877112,0.444777
0,0,-0.309062,0.944046,0.115142
0,0,-0.388391,-0.552403,0.737566
0,0,-0.578779,-0.200032,0.790571
0,0,-0.608953,0.389813,0.690812
0,0,0.375923,-0.275593,0.88472
0,0,-0.533696,-0.60947,0.586272
0,0,0.887365,-0.388086,0.248942
0,0,0.0938467,-0.815964,0.570434
0,0,-0.333621,-0.838271,0.431276
0,0,0.950915,0.0946896,0.294611
0,0,0.834815,-0.0131515,0.550373
0,0,0.88935,0.421194,0.177909
0,0,-0.815451,0.577772,0.0349033
0,0,0.206289,-0.156437,0.965905
0,0,-0.726155,0.119263,0.677108
0,0,-0.999322,-0.0361441,0.00707888
0,0,-0.573257,-0.790971,0.213869
0,0,0.770271,-0.50258,0.39255
0,0,0.0731389,-0.54441,0.835625
0,0,0.36009,0.898884,0.249684
0,0,0.16442,-0.918956,0.358448
0,0,-0.812319,0.0169237,0.582968
0,0,0.456641,0.656109,0.600833
0,0,0.698282,0.683252,0.21347
0,0,-0.49814,-0.844705,0.195781
0,0,0.941405,0.335742,0.0321479
0,0,0.379177,0.495563,0.781436
0,0,0.900109,0.390594,0.192977
0,0,0.775149,0.490887,0.39771
23.7238,31.6622,0.223776,-0.244779,0.943402
24.0627,35.8758,0.10675,-0.340303,0.934237
0,0,-0.757067,-0.390216,0.524005
0,0,0.927904,-0.219092,0.301649
0,0,-0.559109,-0.0195637,0.828863
0,0,0.35981,-0.740156,0.568072
0,0,0.406197,0.348019,0.844918
0,0,0.582151,0.479278,0.656805
0,0,0.75928,0.132828,0.637064
0,0,0.809344,-0.560165,0.176571
0,0,-0.297789,0.532829,0.792096
0,0,0.278358,-0.48984,0.82618
0,0,-0.529683,0.401543,0.747127
0,0,-0.799156,-0.568118,0.196447
0,0,0.354975,-0.897866,0.260443
0,0,-0.358036,-0.931786,0.0598722
0,0,-0.506084,0.558935,0.656865
0,0,0.691364,-0.668822,0.273301
0,0,0.259886,0.887174,0.381289
0,0,0.674298,0.0100381,0.738391
0,0,-0.433865,0.77079,0.466523
0,0,0.649628,-0.073706,0.756671
0,0,0.188212,-0.88666,0.422386
0,0,0.395238,0.853611,0.339316
0,0,-0.786959,0.556929,0.265567
0,0,0.840337,-0.541925,0.012314
0,0,-0.796114,0.495169,0.347865
0,0,0.908921,-0.125962,0.397488
0,0,-0.490616,0.732374,0.472149
0,0,-0.00803455,-0.305238,0.952242
0,0,0.00566662,-0.964363,0.264521
0,0,0.418259,-0.680818,0.601287
0,0,-0.626361,-0.337187,0.702835
0,0,-0.30148,-0.880234,0.366467
0,0,0.88082,0.377046,0.286343
0,0,-0.686338,0.704384,0.181062
0,0,0.0783834,0.163909,0.983356
0,0,-0.640582,-0.766701,0.0427089
0,0,-0.39265,-0.884596,0.251626
0,0,-0.267381,-0.355114,0.895769
0,0,0.603749,-0.0794358,0.793207
0,0,0.128685,-0.854659,0.502988
0,0,0.479598,-0.861138,0.168606
0,0,-0.860311,-0.309179,0.405306
0,0,0.475883,0.516348,0.711983
0,0,-0.638717,0.734002,0.230828
0,0,-0.713665,0.374229,0.592145
0,0,-0.162593,-0.685043,0.710126
0,0,-0.564445,0.766131,0.307318
0,0,-0.900888,-0.163057,0.40226
0,0,0.175655,0.911747,0.3713
0,0,-0.28443,0.316844,0.904826
0,0,0.523476,-0.399746,0.752447
0,0,0.465992,0.730639,0.499017
0,0,0.934684,-0.0864232,0.344814
0,0,-0.446232,-0.768024,0.459365
0,0,0.693833,-0.304274,0.652697
0,0,-0.863463,-0.00325962,0.504401
0,0,-0.43527,0.810796,0.391343
0,0,-0.231919,0.472284,0.850389
0,0,-0.224892,-0.520197,0.823905
0,0,0.787604,0.550677,0.276468
0,0,-0.452427,-0.884273,0.115629
0,0,-0.798621,0.466721,0.379968
0,0,0.0437216,-0.945213,0.323512
0,0,0.581936,-0.725646,0.367134
0,0,-0.371879,-0.92377,0.0914061
0,0,0.86204,-0.505115,0.0417888
0,0,0.938623,0.0559078,0.340383
0,0,-0.927996,-0.0802447,0.363845
0,0,-0.457358,0.878946,0.135191
0,0,-0.363761,-0.902116,0.232086
0,0,-0.538527,-0.84255,0.0099187
0,0,0.666429,-0.742379,0.068884
0,0,-0.187999,-0.279287,0.941624
0,0,0.436503,-0.893129,0.108562
0,0,0.844072,0.533397,0.0550552
0,0,-0.794906,-0.604656,0.0501564
0,0,-0.294101,0.744023,0.599945
0,0,-0.893996,0.357802,0.26972
0,0,0.221365,-0.619559,0.75309
0,0,0.113936,0.826977,0.55057
0,0,-0.377988,-0.891994,0.247934
0,0,-0.337337,0.399923,0.852212
0,0,-0.41911,-0.519876,0.744362
0,0,0.823428,-0.355664,0.442119
0,0,0.511041,-0.400144,0.760738
2.77788,4.63631,0.334281,0.336044,0.880529
14.4874,20.9697,-0.068448,-0.883858,0.46272
0,0,-0.881351,0.130836,0.453986
0,0,-0.0359486,-0.996801,0.0713876
0,0,-0.688229,-0.0452425,0.724081
0,0,-0.722298,-0.127497,0.679728
0,0,-0.892181,0.0548527,0.448336
0,0,0.185923,-0.525185,0.830429
0,0,0.695762,0.035278,0.717405
0,0,-0.0634731,-0.488659,0.870163
0,0,-0.28269,0.939549,0.193219
0,0,-0.970855,0.239226,0.0145054
0,0,0.972099,0.199485,0.123404
0,0,-0.497043,-0.325326,0.804432
0,0,-0.638597,-0.71172,0.292658
0,0,-0.233915,0.676566,0.698242
0,0,0.578355,-0.280676,0.765981
0,0,0.591413,-0.490418,0.640094
0,0,-0.523744,0.119843,0.843404
0,0,-0.774236,0.0329087,0.632041
0,0,0.505417,0.639288,0.579538
0,0,0.887874,-0.392451,0.24013
0,0,0.702724,0.706322,0.0853759
0,0,-0.787355,-0.509806,0.346656
0,0,0.922206,-0.382079,0.059597
0,0,0.180283,-0.768679,0.613703
0,0,-0.680163,0.339984,0.649453
0,0,-0.531166,-0.510725,0.676035
0,0,-0.327367,-0.413317,0.849706
0,0,-0.357314,-0.32197,0.876734
0,0,-0.565814,0.668711,0.482369
0,0,-0.38194,-0.87922,0.284771
0,0,0.587912,0.698866,0.407364
0,0,0.814252,0.563699,0.138701
0,0,0.524969,0.0295222,0.850609
0,0,-0.980964,0.0374341,0.190545
0,0,0.398297,0.33805,0.852691
0,0,0.0859113,0.923303,0.374342
0,0,-0.504244,0.829255,0.240986
0,0,0.825923,0.132246,0.548053
0,0,-0.552639,0.615058,0.5624
0,0,-0.518401,-0.740363,0.427928
0,0,-0.951654,0.275145,0.136566
0,0,0.719289,-0.634592,0.282694
0,0,-0.879715,0.457034,0.131233
0,0,-0.361103,0.306575,0.880691
0,0,-0.551383,0.802739,0.227129
0,0,0.731832,0.196517,0.652536
0,0,-0.818283,0.240957,0.521875
0,0,-0.351451,-0.416048,0.838682
0,0,-0.495052,0.775272,0.392271
5.70745,8.60315,0.446538,0.236944,0.862822
0,0,0.285553,-0.928329,0.238045
0,0,0.289146,-0.948345,0.130522
0,0,0.92011,0.0307863,0.390448
0,0,-0.357016,0.932578,0.0532739
0,0,0.218222,0.919589,0.326703
0,0,-0.622579,-0.62595,0.469662
0,0,0.696816,0.256633,0.669766
0,0,0.935371,-0.264032,0.235302
0,0,-0.139052,-0.895967,0.421792
0,0,0.469786,-0.0112029,0.882709
0,0,0.359056,-0.498739,0.788884
0,0,-0.142947,0.653702,0.743129
0,0,-0.616172,-0.530631,0.582033
0,0,-0.599537,-0.514103,0.613395
0,0,0.3423,0.633148,0.69423
0,0,0.154517,-0.981172,0.115872
0,0,0.801539,0.582286,0.135935
0,0,-0.953001,0.231842,0.195033
0,0,0.322972,0.634824,0.701917
0,0,0.302366,-0.468928,0.829868
0,0,0.925923,0.286326,0.246339
0,0,-0.529335,0.454982,0.716098
0,0,-0.151496,0.414246,0.897468
0,0,0.775553,0.51373,0.366877
0,0,-0.772175,0.370627,0.516121
0,0,-0.950804,0.28999,0.108988
0,0,0.417463,-0.413663,0.809078
0,0,-0.883931,-0.463017,0.0654276
0,0,-0.243831,0.821862,0.514868
0,0,-0.626463,0.758659,0.178831
0,0,0.285266,0.167797,0.943646
0,0,-0.241874,-0.641704,0.727814
0,0,0.253655,0.526919,0.811182
0,0,0.569213,0.198969,0.797751
0,0,-0.696747,-0.0204917,0.717025
0,0,0.425828,-0.687367,0.588385
0,0,-0.605038,0.29422,0.73984
0,0,0.437938,0.419315,0.795226
0,0,0.376908,-0.911233,0.166118
0,0,0.983972,0.153102,0.0914261
0,0,-0.541383,0.0736485,0.837545
0,0,-0.574855,0.0410772,0.817224
0,0,-0.288553,0.475647,0.830961
0,0,0.103125,0.987618,0.118219
0,0,0.818926,0.57109,0.0567144
0,0,-0.880106,-0.468067,0.0795374
0,0,-0.981927,-0.122695,0.144101
0,0,-0.366716,-0.839724,0.400478
0,0,0.852131,0.470914,0.228283
0,0,0.858448,-0.253908,0.445643
0,0,0.316006,-0.943452,0.100188
0,0,0.0198922,0.887545,0.460292
0,0,-0.442222,-0.277751,0.852815
0,0,-0.925781,-0.361492,0.110694
0,0,-0.238815,-0.628566,0.740184
0,0,0.29458,-0.153313,0.943249
0,0,0.328797,0.144437,0.93329
0,0,0.40596,0.399798,0.821802
0,0,-0.921627,-0.379613,0.0806066
0,0,-0.373052,-0.187159,0.908738
0,0,0.660941,0.330995,0.673497
0,0,-0.806614,-0.588317,0.0570666
0,0,0.498904,-0.844383,0.195223
0,0,-0.982518,0.150115,0.110108
0,0,-0.0544048,0.974974,0.215558
0,0,-0.0811594,0.753227,0.652735
0,0,-0.223058,0.901431,0.371036
0,0,-0.36738,0.678221,0.636435
0,0,-0.461524,-0.140755,0.87589
0,0,-0.222273,-0.274164,0.935643
0,0,-0.733335,-0.650708,0.196973
0,0,-0.170747,0.630622,0.757074
0,0,-0.939359,0.33627,0.0672811
0,0,0.558755,-0.303545,0.771786
0,0,0.178573,0.949792,0.256918
0,0,-0.214694,-0.973738,0.0757708
0,0,-0.738969,0.252824,0.624503
0,0,0.447626,-0.87058,0.20426
0,0,0.721672,0.0377446,0.691205
0,0,-0.98955,-0.088589,0.113769
0,0,0.831432,-0.0974514,0.547014
0,0,0.151378,-0.974043,0.168299
0,0,-0.0348667,-0.452069,0.891301
0,0,0.537975,0.759758,0.365171
0,0,0.823693,-0.362838,0.435751
0,0,-0.080587,0.642991,0.761622
0,0,-0.680765,-0.728215,0.079138
0,0,0.30517,0.271521,0.912769
0,0,0.0782207,0.990311,0.114738
0,0,-0.382828,-0.615576,0.688846
0,0,-0.341955,-0.819321,0.460196
0,0,-0.390231,0.61028,0.689403
0,0,0.669362,0.737809,0.0871385
0,0,-0.588851,0.806022,0.0598562
0,0,-0.688426,-0.00837356,0.725259
0,0,0.216501,0.769708,0.600564
0,0,-0.00672075,-0.784681,0.619864
0,0,0.189015,0.709608,0.678771
0,0,-0.389089,-0.798457,0.459431
0,0,0.0536213,-0.807715,0.587129
0,0,0.139213,-0.63335,0.76124
0,0,0.936299,-0.167356,0.308766
0,0,-0.917749,-0.304002,0.255579
0,0,0.510092,0.591582,0.624369
0,0,0.716164,-0.203012,0.667754
0,0,0.885045,0.397897,0.241604
0,0,-0.924528,-0.1861,0.332588
0,0,0.27563,0.941649,0.193196
0,0,-0.561209,-0.759436,0.329093
0,0,0.629566,0.744546,0.222032
0,0,0.142248,0.332659,0.932257
0,0,0.582349,-0.753847,0.304277
0,0,-0.483591,0.771358,0.413698
0,0,-0.315444,0.218026,0.923558
0,0,-0.812589,-0.56918,0.125431
0,0,0.916552,0.386997,0.100819
0,0,-0.643097,-0.352147,0.680014
0,0,-0.529729,0.307019,0.790649
0,0,0.68641,0.612141,0.392588
0,0,0.145158,0.249011,0.957561
0,0,0.0625113,0.36105,0.930449
0,0,0.454213,0.179635,0.872595
0,0,0.461213,-0.579732,0.671709
0,0,0.514027,0.778041,0.361147
0,0,0.344688,-0.921787,0.177479
0,0,0.919742,0.147789,0.363638
0,0,0.450897,0.597945,0.662687
0,0,0.613842,0.125695,0.779358
0,0,0.966867,0.244713,0.0726861
0,0,0.521057,0.400262,0.75385
0,0,-0.143552,0.664559,0.733318
0,0,0.681668,-0.714816,0.156098
0,0,0.793022,0.506427,0.338598
0,0,0.0426481,-0.942631,0.3311
0,0,-0.739499,-0.632999,0.229027
0,0,0.369426,0.749634,0.549156
0,0,0.450265,-0.353913,0.81976
0,0,-0.525241,-0.289568,0.80017
0,0,0.258434,0.935977,0.239081
0,0,0.435354,0.817317,0.377439
0,0,0.885138,0.381532,0.266391
0,0,0.989367,-0.0913566,0.113168
0,0,0.291939,-0.245811,0.92431
0,0,-0.713825,0.531826,0.455648
0,0,-0.265882,0.908218,0.323183
0,0,-0.875305,0.207864,0.436617
0,0,0.843706,-0.532827,0.0652367
0,0,0.565884,-0.345928,0.748404
0,0,0.291364,0.639106,0.711794
0,0,-0.967684,-0.240962,0.0743305
0,0,0.107657,-0.54437,0.831908
0,0,0.338981,0.908847,0.243082
0,0,-0.42722,-0.902421,0.0558487
0,0,0.790858,-0.0483124,0.61009
0,0,-0.0103668,0.948391,0.316935
0,0,0.4337,-0.882264,0.183071
0,0,0.736556,0.303327,0.604548
0,0,-0.306075,-0.341152,0.888782
0,0,0.242612,-0.946421,0.213136
0,0,-0.977346,-0.0604283,0.20284
0,0,0.000190993,-0.988734,0.149686
0,0,0.184289,-0.411214,0.892715
0,0,0.432088,0.793397,0.428744
0,0,0.608064,-0.570538,0.552037
22.9219,31.8652,0.716777,-0.655031,-0.239093
0,0,-0.691345,-0.488036,0.532788
0,0,0.669849,-0.0872666,0.737351
0,0,-0.226125,0.720401,0.65566
0,0,-0.101222,0.638593,0.762858
0,0,-0.400324,0.488388,0.775382
0,0,0.599406,-0.461317,0.65414
0,0,0.64776,0.729102,0.220947
0,0,0.399433,0.221562,0.889586
0,0,0.504253,0.855599,0.116956
0,0,0.100007,-0.965767,0.239359
0,0,-0.233903,-0.427284,0.873337
0,0,-0.88745,-0.230912,0.398888
0,0,0.59076,-0.671836,0.446809
0,0,-0.947465,0.114681,0.298594
0,0,-0.264348,0.699671,0.663763
0,0,-0.25215,-0.361912,0.897463
0,0,-0.183547,-0.429155,0.884385
0,0,-0.357422,-0.694517,0.624417
0,0,0.0163565,0.708408,0.705613
0,0,0.603155,0.389987,0.695783
0,0,0.849285,0.335363,0.407734
0,0,-0.328672,-0.532879,0.779753
0,0,0.480479,-0.432988,0.762667
19.6066,29.4885,0.162836,0.0976022,0.981814
0,0,0.361925,0.0957254,0.927279
0,0,0.14444,-0.989493,0.00635877
0,0,0.531713,-0.456549,0.713333
0,0,0.812313,0.423894,0.400576
0,0,-0.153743,0.840087,0.520209
0,0,0.754705,-0.233761,0.613006
0,0,0.351206,0.481986,0.802711
0,0,0.718381,-0.572545,0.395123
0,0,-0.558569,-0.204972,0.803733
0,0,0.145086,-0.822862,0.549407
0,0,-0.737742,0.666968,0.104355
0,0,-0.000916052,0.818478,0.574537
0,0,0.679407,0.726244,0.104767
0,0,-0.0443686,-0.998993,0.0066551
0,0,0.627777,-0.613995,0.478441
0,0,0.464176,-0.269976,0.843596
0,0,0.616751,-0.407211,0.673644
0,0,-0.41554,0.566319,0.711764
0,0,0.354027,0.587808,0.727425
0,0,-0.437373,0.385954,0.812247
0,0,-0.282556,0.00951468,0.959204
0,0,-0.340549,0.77051,0.538832
0,0,-0.725725,0.644963,0.239468
0,0,0.49604,-0.0279405,0.86785
0,0,0.85715,0.480825,0.184665
0,0,-0.752299,0.184717,0.632396
0,0,-0.0113918,0.605945,0.795425
0,0,-0.311868,-0.935616,0.165413
0,0,0.18793,0.381568,0.905035
0,0,-0.922461,0.385832,0.0141516
0,0,0.519791,-0.394398,0.757805
0,0,0.380402,-0.183896,0.906353
0,0,0.0168602,0.953959,0.299463
0,0,0.64643,-0.743069,0.173137
0,0,0.585171,-0.19451,0.787236
0,0,-0.892938,0.255652,0.370545
0,0,0.671033,0.61981,0.406878
0,0,-0.667857,-0.324894,0.669635
0,0,0.0984085,0.783234,0.61389
20.3667,29.5667,0.557179,-0.538643,-0.631993
0,0,-0.339254,-0.154937,0.927848
0,0,0.980531,-0.0710992,0.183039
0,0,-0.111205,-0.715114,0.690106
0,0,-0.617249,-0.761142,0.199163
0,0,-0.46641,0.482103,0.741646
0,0,-0.609392,0.666206,0.429896
0,0,0.734987,-0.459478,0.498672
0,0,-0.304479,-0.929717,0.207168
0,0,-0.74983,0.376138,0.544311
0,0,0.515958,0.140696,0.84498
0,0,0.492271,-0.73257,0.470118
0,0,-0.385295,-0.0108202,0.92273
0,0,0.553872,0.827897,0.0883883
0,0,0.263282,-0.730513,0.630106
0,0,0.588437,0.803048,0.0941042
0,0,-0.802732,-0.575253,0.157178
0,0,0.410397,-0.365382,0.835506
0,0,0.0769212,0.969327,0.233428
0,0,0.749505,-0.445146,0.489987
0,0,0.0678918,0.604557,0.793664
0,0,-0.873335,-0.469614,0.129419
0,0,-0.0125998,-0.385949,0.922434
0,0,-0.177536,0.869546,0.460838
0,0,-0.584449,-0.331138,0.740788
0,0,0.595791,0.58674,0.548424
0,0,-0.0640561,-0.995761,0.0660053
0,0,-0.801048,0.456336,0.3874
0,0,0.649983,-0.745812,0.1459
0,0,-0.762524,0.613185,0.206304
0,0,-0.756031,0.539868,0.37008
0,0,-0.179928,-0.649932,0.738386
0,0,0.521551,0.85033,0.0701647
0,0,-0.806765,0.387819,0.445788
0,0,-0.552916,-0.104317,0.826681
0,0,0.747343,0.568305,0.34425
0,0,-0.278966,0.530254,0.80063
0,0,0.262454,-0.926411,0.269963
0,0,0.0398235,-0.713598,0.699423
0,0,0.316566,-0.0955909,0.943742
0,0,-0.951194,0.162701,0.262218
0,0,-0.929915,-0.0712797,0.360801
0,0,0.817654,0.354026,0.453992
0,0,0.838985,-0.115659,0.531721
0,0,-0.0771502,-0.592702,0.801718
0,0,0.294701,0.734079,0.611784
0,0,0.237609,-0.637118,0.733227
0,0,-0.691771,0.197784,0.694503
14.4401,21.1916,0.149853,-0.211675,0.965783
0,0,0.206892,-0.277654,0.938139
0,0,0.279983,0.568349,0.773685
0,0,-0.380075,-0.0358264,0.924262
0,0,-0.72366,0.258338,0.639983
0,0,0.248665,0.304917,0.919343
0,0,0.922197,-0.180202,0.342169
0,0,-0.425554,0.903158,0.0566463
0,0,-0.100727,-0.965122,0.241649
0,0,-0.718056,0.58218,0.381394
0,0,0.196984,0.586845,0.785373
0,0,-0.830612,0.496327,0.252475
0,0,0.925885,0.0315479,0.376486
0,0,0.628727,0.175531,0.757556
0,0,0.527559,-0.697725,0.484625
0,0,0.386825,0.640159,0.66375
0,0,0.990854,-0.123096,0.0552776
0,0,0.0995165,-0.929617,0.354836
0,0,-0.623863,-0.322325,0.71197
0,0,0.262386,0.336918,0.904234
0,0,0.950507,0.284634,0.124578
0,0,-0.424899,0.468039,0.774855
0,0,0.540399,0.703447,0.461662
0,0,-0.351893,0.840533,0.411918
0,0,0.173004,-0.577463,0.797876
0,0,0.766509,0.418218,0.487399
0,0,-0.934864,0.352796,0.0395521
0,0,0.727168,0.682636,0.0723451
0,0,-0.262169,-0.248942,0.93236
0,0,-0.758708,-0.367052,0.538177
0,0,-0.580028,-0.631874,0.514103
0,0,-0.209099,-0.158989,0.964883
0,0,-0.654926,0.262432,0.708662
0,0,-0.714953,0.631523,0.300036
0,0,0.55143,-0.801723,0.230576
0,0,-0.449525,-0.071118,0.890432
0,0,-0.294843,0.285482,0.911903
0,0,-0.544611,-0.645794,0.535117
0,0,-0.689683,0.178154,0.701854
0,0,0.963958,0.09053,0.250179
0,0,-0.588936,0.751662,0.296915
0,0,0.215406,0.969503,0.116891
0,0,-0.561806,0.641065,0.522885
0,0,-0.849654,-0.309115,0.427243
0,0,-0.297112,-0.928207,0.223953
0,0,0.943902,-0.198012,0.264272
0,0,-0.302448,-0.540814,0.784886
0,0,-0.195674,-0.974177,0.11265
0,0,-0.271884,0.74483,0.60935
0,0,-0.84777,-0.241084,0.472402
0,0,0.343308,0.926881,0.151758
23.0739,32.1201,0.282795,0.0530389,0.957713
0,0,0.595748,-0.010544,0.803102
0,0,0.792206,-0.607127,0.0617018
0,0,0.565053,0.235546,0.790717
0,0,-0.243908,0.428735,0.869882
0,0,-0.665472,0.694384,0.273822
0,0,-0.338288,-0.686222,0.643941
0,0,-0.769862,-0.603361,0.208011
0,0,0.285518,-0.955318,0.0764621
0,0,0.948126,-0.286481,0.137786
0,0,-0.35466,0.879854,0.316344
0,0,0.357852,-0.060019,0.931847
0,0,0.279026,-0.701413,0.65587
0,0,-0.120025,0.304327,0.944976
0,0,0.485662,-0.840457,0.240343
0,0,-0.344708,-0.574916,0.742057
0,0,-0.545899,0.717983,0.431849
0,0,-0.662544,0.682793,0.307943
0,0,-0.464272,-0.176252,0.867979
1.21528,1.54656,-0.213999,-0.265427,0.940081
0,0,-0.964911,0.224227,0.136636
12.903,19.3792,-0.613022,0.409681,0.675548
0,0,0.471926,0.0362946,0.880891
0,0,0.970649,-0.0656792,0.23136
0,0,0.740415,-0.169125,0.650524
0,0,-0.866525,-0.498964,0.0130238
0,0,0.46857,-0.876334,0.111721
0,0,0.904978,0.378922,0.193477
0,0,0.188925,-0.875484,0.444786
0,0,-0.207016,-0.917862,0.338636
0,0,0.718534,-0.54916,0.42677
0,0,-0.820956,0.535941,0.196973
0,0,0.372842,-0.90295,0.213706
0,0,0.0225054,0.664248,0.747173
0,0,-0.129903,-0.518525,0.845137
0,0,-0.48578,0.859655,0.158148
0,0,0.457646,0.14786,0.876754
0,0,-0.321412,-0.189142,0.927857
0,0,-0.825979,-0.27994,0.489277
0,0,0.615362,0.752481,0.234737
0,0,-0.557906,0.176491,0.810921
0,0,0.21659,-0.596962,0.77248
0,0,0.323176,-0.873454,0.364191
0,0,-0.572239,0.779822,0.253812
0,0,0.688473,-0.717837,0.103512
0,0,-0.841911,-0.223043,0.491363
0,0,-0.249217,0.275981,0.928292
0,0,-0.547084,0.636269,0.543931
0,0,0.837442,-0.29652,0.459093
0,0,0.895493,-0.0836676,0.43714
0,0,0.688495,0.51191,0.513735
0,0,0.695737,-0.622445,0.358487
0,0,-0.317055,0.923696,0.215085
0,0,0.69078,0.685073,0.231297
0,0,0.833677,0.360852,0.418054
0,0,0.921615,-0.380203,0.0779191
0,0,-0.216686,-0.972035,0.0905234
0,0,0.963708,-0.114149,0.241325
0,0,0.804274,-0.434612,0.405284
0,0,-0.78587,0.176207,0.592756
0,0,0.693621,0.28294,0.662446
0,0,0.832028,-0.120456,0.541497
0,0,-0.252239,-0.0595425,0.965831
0,0,0.746213,-0.642357,0.174766
0,0,0.236046,0.960609,0.146674
0,0,0.168294,0.967281,0.189856
0,0,-0.605472,0.787574,0.114589
0,0,-0.316927,-0.444314,0.83794
0,0,0.227938,-0.617666,0.752684
0,0,0.137919,0.99044,0.0027179
0,0,-0.940632,0.335573,0.0510146
18.5156,24.5452,-0.232735,-0.441628,0.866487
0,0,0.732554,-0.288422,0.616585
11.7247,17.0244,0.127659,-0.38555,0.913813
0,0,-0.679918,-0.404718,0.611486
0,0,0.670939,0.317513,0.670094
0,0,0.898736,0.268375,0.346769
0,0,0.950094,0.290555,0.113574
0,0,0.560071,-0.442015,0.700673
0,0,-0.710587,0.696567,0.0993013
0,0,-0.740385,0.0135139,0.672047
0,0,0.359028,0.559861,0.746763
0,0,0.143362,-0.937108,0.31824
0,0,-0.578484,-0.701469,0.416291
0,0,-0.126278,-0.871053,0.47468
0,0,0.435442,-0.481564,0.760583
0,0,-0.481202,0.51052,0.712611
0,0,-0.0877013,0.994997,0.0478514
0,0,-0.0925215,-0.275332,0.956887
0,0,-0.436114,-0.495672,0.751075
0,0,-0.17373,-0.677708,0.714513
0,0,-0.549512,-0.740659,0.386601
20.1275,30.5378,-0.182637,-0.389666,0.902665
0,0,0.225957,-0.200206,0.953342
0,0,0.549492,0.695537,0.462911
0,0,0.143841,-0.789451,0.596722
0,0,-0.544847,0.270361,0.793755
0,0,0.926859,-0.185155,0.326574
0,0,-0.169764,0.874223,0.454878
0,0,-0.84479,-0.518583,0.131916
0,0,0.278936,0.633094,0.722072
0,0,-0.197006,0.540543,0.817925
0,0,-0.714423,-0.674046,0.187779
0,0,-0.75216,-0.515163,0.410928
0,0,-0.79626,0.248706,0.551467
0,0,-0.21721,-0.917577,0.332976
0,0,-0.559006,0.734265,0.385185
0,0,0.0394442,-0.484452,0.873928
0,0,0.833952,-0.0927553,0.543985
0,0,0.797434,-0.355628,0.487471
0,0,0.26,0.571727,0.778157
0,0,-0.535499,0.405152,0.741008
22.6356,33.9764,0.225322,0.403223,0.886928
0,0,0.538089,-0.685975,0.489794
0,0,-0.925903,0.373708,0.0551988
0,0,-0.798502,0.171773,0.576965
0,0,-0.263866,-0.176501,0.948273
0,0,-0.912458,0.408422,0.0247282
18.4461,26.7585,-0.82067,0.568932,0.0530827
0,0,-0.671174,-0.00358405,0.741291
0,0,0.183872,-0.440696,0.878623
0,0,-0.288514,-0.933721,0.211953
0,0,0.357056,0.0681586,0.931593
0,0,0.492224,-0.855954,0.158298
0,0,0.602339,0.575133,0.553543
0,0,-0.491583,-0.456521,0.741576
0,0,0.431278,0.46106,0.775515
0,0,0.0203732,-0.507125,0.861632
0,0,-0.789343,0.297701,0.536946
0,0,-0.821593,-0.562062,0.0952372
0,0,0.0234991,-0.818377,0.574201
0,0,0.795254,-0.00773664,0.606227
0,0,0.716109,-0.528369,0.456085
0,0,-0.303192,-0.76349,0.570226
0,0,0.999699,0.0207283,0.013088
0,0,-0.327999,-0.643027,0.69205
0,0,0.856453,-0.254796,0.448962
0,0,0.411242,-0.639327,0.649723
0,0,0.728437,0.211176,0.651755
0,0,0.532365,0.131538,0.836232
0,0,-0.937791,0.289285,0.191997
0,0,-0.160236,0.982751,0.0923273
0,0,0.749724,-0.647747,0.135418
0,0,-0.249787,-0.798855,0.547208
0,0,0.607598,-0.789984,0.0821602
0,0,-0.155228,0.835374,0.527309
0,0,0.806869,0.419623,0.415789
0,0,0.450256,-0.344062,0.823948
0,0,0.22651,-0.673112,0.703998
0,0,-0.980572,-0.0166661,0.195449
0,0,0.658198,0.258355,0.707126
0,0,0.761048,0.207917,0.614473
0,0,0.609327,-0.51036,0.606838
0,0,0.535626,0.716103,0.44755
0,0,0.675719,-0.306073,0.670614
0,0,-0.31077,0.787679,0.531962
0,0,-0.967405,0.202902,0.151519
0,0,0.705017,0.232285,0.670071
0,0,0.227113,-0.948215,0.222056
15.3784,22.0328,0.940403,0.329379,-0.0845719
0,0,0.810809,0.12,0.572877
0,0,-0.915788,0.000297633,0.401663
0,0,0.903809,0.290457,0.314268
0,0,-0.676014,-0.574232,0.461804
0,0,-0.371748,-0.896066,0.242628
0,0,-0.891775,0.108872,0.439187
0,0,-0.682268,0.2584,0.683915
0,0,0.334542,-0.423717,0.841752
0,0,0.0177946,0.98393,0.177666
0,0,-0.15424,-0.905191,0.396029
0.456368,0.135091,0.227258,0.140389,0.963662
0,0,0.567211,-0.634166,0.525457
0,0,-0.156267,0.986956,0.0387067
0,0,-0.605819,-0.449896,0.656184
0,0,-0.044427,-0.20027,0.978733
0,0,-0.85164,0.307598,0.424374
0,0,0.672841,0.569309,0.472411
0,0,-0.422319,-0.305293,0.853489
0,0,-0.271048,-0.643078,0.716229
0,0,-0.325366,-0.509839,0.796368
0,0,-0.837982,0.494622,0.230508
0,0,-0.658766,0.36086,0.660157
0,0,0.86782,-0.266735,0.419213
0,0,0.448466,0.877905,0.167814
0,0,-0.492651,0.852229,0.176073
0,0,-0.0209832,0.997822,0.0625428
0,0,-0.967379,0.0848815,0.238689
0,0,-0.989935,-0.000310561,0.141523
0,0,0.304894,-0.854033,0.421505
0,0,0.0732145,-0.987857,0.137031
0,0,-0.159693,0.865062,0.475569
0,0,-0.696168,0.100337,0.710833
0,0,0.129366,0.457862,0.879561
0,0,-0.556954,-0.320545,0.766194
0,0,-0.326593,-0.943829,0.0502455
0,0,-0.445266,0.308881,0.840435
0,0,-0.149493,-0.793082,0.590485
0,0,0.236335,-0.635157,0.735338
0,0,0.616484,0.75009,0.2394
0,0,0.673232,-0.195755,0.713048
0,0,-0.760668,-0.62458,0.176872
0,0,0.538188,0.820748,0.191642
0,0,0.653067,-0.753511,0.075667
0,0,0.883406,-0.198851,0.424325
0,0,-0.254967,0.412849,0.874384
0,0,-0.712815,-0.423176,0.5593
0,0,0.992769,0.119079,0.0151623
0,0,-0.551672,-0.192938,0.811439
0,0,-0.832601,-0.462958,0.304049
0,0,0.0194707,-0.968577,0.24795
0,0,0.768377,0.457422,0.447617
0,0,0.660107,-0.531102,0.531215
0,0,0.436843,0.687881,0.579644
0,0,-0.822102,0.562199,0.0898951
0,0,-0.238188,-0.0487211,0.969996
0,0,0.651374,0.628113,0.42566
0,0,-0.428953,-0.902221,0.0446902
0,0,0.434538,0.262366,0.861592
0,0,0.731125,0.469531,0.494971
0,0,-0.928315,-0.353902,0.113948
0,0,-0.546973,-0.742402,0.38686
0,0,0.661964,-0.270649,0.698966
0,0,-0.483276,-0.229224,0.844927
0,0,0.294892,0.931883,0.211267
0,0,0.745336,0.373134,0.55249
0,0,0.17215,-0.682805,0.710029
0,0,-0.914683,-0.284162,0.287415
0,0,-0.311171,-0.867949,0.387088
0,0,-0.482908,-0.22886,0.845235
0,0,-0.80314,-0.197002,0.562278
0,0,-0.412532,-0.229389,0.881588
0,0,0.827017,-0.426227,0.36657
0,0,0.685403,-0.274009,0.674642
0,0,0.971284,0.105027,0.213486
0,0,-0.114828,0.30157,0.946504
0,0,-0.0392216,-0.983573,0.1762
0,0,0.202853,0.539233,0.817361
0,0,0.69765,0.448715,0.558515
0,0,-0.235968,-0.950058,0.204227
0,0,-0.254643,-0.351608,0.900849
0,0,-0.221184,0.463428,0.858086
0,0,-0.574621,-0.659973,0.48399
0,0,0.595146,0.803551,0.0103517
0,0,-0.422987,-0.656173,0.624915
0,0,0.424516,-0.783764,0.453322
0,0,0.314244,-0.779359,0.542079
0,0,-0.181649,-0.539499,0.822158
0,0,0.428309,0.305373,0.85047
0,0,-0.685967,0.524913,0.5039
0,0,0.563066,0.777701,0.279531
0,0,-0.822168,-0.499088,0.273772
0,0,0.186919,0.752693,0.63128
0,0,0.409426,-0.0636184,0.910122
0,0,0.902433,-0.289112,0.319419
0,0,0.460058,-0.542759,0.70268
23.5743,32.668,0.0233314,-0.998107,0.0568995
0,0,-0.0552699,0.851548,0.521356
0,0,-0.644706,-0.76424,0.01708
0,0,0.580473,0.358325,0.7312
0,0,-0.632876,0.745785,0.208021
0,0,-0.95031,0.00627145,0.311242
0,0,-0.35664,-0.931464,0.0719976
0,0,-0.768186,0.463377,0.441783
0,0,-0.00853731,0.991438,0.130296
0,0,-0.741545,0.0233108,0.670498
0,0,-0.989228,0.122977,0.0793954
0,0,0.707137,0.309268,0.635854
0,0,0.389895,0.273378,0.879344
0,0,-0.445317,0.738299,0.506563
0,0,-0.20958,-0.934989,0.286132
0,0,-0.853497,0.38652,0.349493
0,0,-0.850182,-0.078539,0.520598
0,0,-0.656891,-0.129034,0.742863
0,0,0.644538,-0.321014,0.693917
0,0,0.0658404,0.938826,0.338038
0,0,0.595396,-0.802789,0.0321579
0,0,-0.222461,-0.823578,0.521757
0,0,-0.649397,0.456506,0.608182
0,0,0.440824,-0.727909,0.525189
0,0,0.679194,0.213235,0.702301
0,0,0.996931,0.059618,0.0507394
0,0,-0.363081,-0.169553,0.916201
0,0,-0.305619,-0.482633,0.820769
0,0,-0.485704,0.756937,0.437193
0,0,0.283652,-0.840258,0.462069
0,0,-0.415893,0.521249,0.745206
0,0,-0.464357,0.821109,0.331892
0,0,0.00148429,-0.810855,0.585245
0,0,-0.160465,0.845465,0.509352
0,0,0.7389,-0.669912,0.0724196
0,0,-0.518118,0.853513,0.0553924
0,0,0.342475,0.789652,0.509079
0,0,-0.426212,0.474896,0.769946
0,0,0.216736,-0.8008,0.558341
0,0,-0.0224642,-0.517399,0.85545
0,0,-0.349398,0.887958,0.299084
0,0,0.965584,-0.189655,0.177986
0,0,0.966674,0.167789,0.193361
0,0,-0.158773,0.931123,0.32833
0,0,-0.468755,0.281304,0.837339
0,0,-0.46686,0.870982,0.153075
0,0,0.348072,0.280694,0.894459
0,0,-0.713444,-0.25724,0.651787
0,0,0.852858,0.518706,0.0598127
0,0,0.936922,0.0572699,0.344816
0,0,-0.163953,-0.964276,0.208067
0,0,0.918081,0.255605,0.302974
0,0,0.016132,0.401181,0.915857
0,0,-0.446352,-0.744111,0.49706
0,0,-0.624861,-0.628102,0.46372
0,0,0.89511,0.411044,0.172686
0,0,0.767285,0.596447,0.235637
0,0,0.0168873,0.887474,0.460548
0,0,-0.512876,-0.792175,0.330782
0,0,-0.616582,0.750141,0.238988
0,0,0.0169679,-0.784443,0.619969
0,0,-0.722215,-0.68503,0.095603
0,0,0.557824,0.19572,0.806552
0,0,0.120663,0.517072,0.847394
0,0,-0.284227,0.565314,0.774361
0,0,0.599338,-0.336137,0.726502
0,0,-0.530549,-0.685924,0.498022
0,0,-0.844218,0.508819,0.168521
0,0,0.473739,-0.156582,0.866633
0,0,0.514186,-0.799393,0.310778
0,0,-0.943509,-0.226578,0.241773
0,0,0.331643,-0.90057,0.281045
0,0,0.739313,-0.67192,0.0440473
0,0,0.283466,0.86293,0.418328
0,0,-0.547176,0.199928,0.81279
0,0,-0.57516,-0.429679,0.696108
0,0,0.121004,0.98628,0.112293
0,0,-0.097363,0.994439,0.0401542
0,0,-0.439614,0.154983,0.884715
0,0,0.493757,0.835649,0.240613
0,0,-0.459013,0.887724,0.0353922
0,0,0.0522893,0.998164,0.030554
0,0,0.157299,-0.0887722,0.983553
0,0,0.0715617,-0.813406,0.577277
0,0,-0.977406,-0.112246,0.179105
0,0,0.336541,-0.879704,0.335947
0,0,-0.135128,-0.980934,0.139675
0,0,0.0124289,-0.835869,0.548788
0,0,-0.406644,0.639783,0.652165
0,0,-0.887822,-0.0332496,0.458984
0,0,0.805169,0.514334,0.295234
0,0,0.0819377,0.978967,0.186841
0,0,-0.0996811,0.347064,0.932529
0,0,0.0633591,-0.799222,0.597687
0,0,-0.508008,-0.346685,0.788504
0,0,-0.112493,-0.953516,0.279556
0,0,0.560634,-0.45057,0.694749
0,0,0.996734,0.0372647,0.0716364
0,0,-0.198233,0.262419,0.944373
0,0,-0.396545,0.420458,0.816068
0,0,0.929373,0.0558181,0.364898
0,0,0.437321,0.29905,0.848127
0,0,-0.347117,0.413446,0.841767
0,0,-0.794515,-0.230981,0.561599
0,0,-0.68169,-0.688531,0.247433
0,0,0.872768,-0.0979786,0.4782
0,0,-0.660609,0.327274,0.675638
23.9417,31.8482,0.355575,-0.159794,0.920887
0,0,-0.24856,0.609755,0.752606
0,0,0.165985,0.701807,0.692759
0,0,-0.579961,-0.133182,0.803684
0,0,-0.223529,-0.0622535,0.972707
0,0,0.815202,-0.531631,0.229812
0,0,-0.024421,0.998478,0.0494541
0,0,-0.994261,0.106973,0.00122013
0,0,0.398158,-0.411709,0.819735
20.9407,32.5594,-0.701124,-0.213131,0.680442
0,0,-0.70486,-0.697101,0.131232
0,0,0.127435,0.789015,0.601012
0,0,0.383547,0.146449,-0.911836
0,0,-0.105435,0.935443,0.337387
0,0,0.304843,-0.868092,0.391775
0,0,-0.164481,-0.838843,0.51893
0,0,-0.973691,0.19224,0.122352
0,0,0.549924,-0.702344,0.451992
0,0,-0.898842,-0.00837242,0.438193
0,0,-0.0300456,0.977585,0.208388
0,0,-0.301788,0.875912,0.376433
0,0,-0.620096,-0.621117,0.479265
0,0,0.0105805,-0.994393,0.105214
0,0,0.062681,0.823186,0.564302
0,0,0.633084,0.414547,0.653724
0,0,0.423715,-0.779504,0.461344
0,0,-0.899821,0.322326,0.293986
0,0,0.82749,-0.327975,0.455733
0,0,-0.982469,0.179711,0.0495902
0,0,-0.483859,-0.106747,0.868611
0,0,-0.660967,-0.0119844,0.750319
0,0,0.729174,-0.683023,0.0422493
0,0,0.945294,-0.322733,0.0475685
0,0,0.274816,-0.394758,0.876722
0,0,-0.977684,-0.138474,0.157982
18.9187,26.4398,0.0576055,-0.751545,0.657162
0,0,0.385332,0.331712,0.861096
0,0,0.817825,-0.562037,0.123601
0,0,0.0380364,-0.819881,0.571269
0,0,0.668878,-0.741574,0.0516761
0,0,-0.0319991,0.736206,0.676
0,0,-0.937533,-0.272664,0.216069
0,0,-0.0862683,0.361486,0.928378
0,0,-0.562037,-0.814885,0.14169
0,0,0.726719,-0.42739,0.537789
0,0,0.823532,0.524271,0.216645
0,0,0.439906,0.309261,0.843113
0,0,0.0916032,0.963267,0.252441
0,0,-0.870519,0.429005,0.241144
0,0,0.807332,0.0979603,0.58191
0,0,0.991519,-0.129929,0.00307292
0,0,-0.996213,-0.0685118,0.0535297
0,0,0.0583088,0.590999,0.804562
0,0,-0.988107,0.131868,0.0790864
0,0,0.196682,0.577948,0.792018
0,0,-0.159665,-0.767756,0.620531
0,0,-0.865789,0.480864,0.138487
0,0,-0.293486,0.860786,0.415828
0,0,0.575632,0.176747,0.798378
0,0,-0.917934,0.132014,0.374125
0,0,-0.287108,-0.332738,0.898251
0,0,-0.708865,-0.297649,0.639464
0,0,0.417773,-0.705146,0.572918
0,0,0.0662301,0.794205,0.60403
0,0,-0.412541,0.0158777,0.910801
0,0,-0.685943,0.710272,0.158101
0,0,-0.969054,-0.167315,-0.181493
0,0,0.894541,0.389727,0.21888
0,0,-0.981026,-0.100267,0.165934
0,0,-0.324392,-0.236091,0.915986
0,0,0.453338,0.517942,0.725411
0,0,0.455151,0.0607896,0.888337
0,0,-0.266225,-0.64004,0.720745
0,0,0.500474,0.269114,0.822863
0,0,-0.756543,0.633747,0.16127
0,0,0.913807,-0.377196,0.150599
0,0,-0.458949,0.88797,0.0295755
0,0,-0.874752,-0.443676,0.194834
0,0,0.149633,-0.949332,0.276368
0,0,0.368034,0.915378,0.163198
0,0,-0.403715,0.881466,0.245013
0,0,-0.817633,-0.411094,0.403085
0,0,0.500193,-0.219328,0.837677
0,0,0.985642,-0.0242216,0.167105
0,0,-0.842102,-0.503399,0.193532
0,0,0.0385695,0.964365,0.26175
0,0,0.610984,0.617389,0.495509
0,0,-0.0396556,-0.0602529,0.997395
0,0,-0.91593,-0.0410498,0.399234
0,0,0.42291,0.866335,0.265728
0,0,0.856209,-0.246752,0.453893
0,0,0.555764,-0.383206,0.737753
0,0,0.936983,0.0584966,0.344443
0,0,-0.323561,0.766347,0.554995
0,0,0.783342,-0.177634,0.595668
0,0,0.30164,-0.089306,0.94923
0,0,0.238653,0.401987,0.883997
0,0,-0.782409,-0.525998,0.333411
0,0,0.623279,-0.566449,0.539127
0,0,-0.729996,0.679408,0.0742353
0,0,0.84314,-0.367085,0.392891
0,0,0.0328903,0.647069,0.761721
0,0,-0.540631,-0.710422,0.450576
0,0,0.788021,-0.461499,0.407483
0,0,-0.824548,0.490516,0.281983
0,0,0.00387076,-0.321942,0.946751
0,0,-0.715826,0.683235,0.144165
0,0,-0.140335,-0.839964,0.524183
0,0,0.530972,0.642334,0.552699
0,0,-0.594843,0.770108,0.230425
0,0,-0.888107,0.275326,0.36805
0,0,0.0542103,0.747864,0.661635
0,0,-0.60329,0.31046,0.734613
0,0,-0.289999,-0.184729,0.939029
0,0,-0.97536,0.217073,0.0393965
0,0,-0.310821,-0.733679,0.60424
0,0,0.730952,0.427873,0.531633
0,0,0.349531,-0.914791,0.202446
0,0,-0.462217,0.861516,0.210108
0,0,-0.639761,0.707619,0.299968
0,0,-0.0279141,-0.842436,0.538073
0,0,-0.205525,-0.874356,0.439614
0,0,-0.809246,0.288492,0.511755
0,0,0.303375,0.276158,0.911976
0,0,0.747341,-0.661222,0.0653226
0,0,0.229337,-0.44934,0.863422
0,0,-0.823909,0.530708,0.198803
0,0,-0.984371,0.167887,0.0531762
0,0,0.751297,0.658804,0.0391014
0,0,-0.176212,0.645676,0.743002
0,0,-0.938075,-0.0177291,0.345977
0,0,-0.287779,0.759831,0.582958
0,0,-0.108954,-0.276401,0.954846
0,0,-0.200265,0.374685,0.905265
0,0,0.810232,-0.558676,0.177215
0,0,-0.574528,-0.0177287,0.818293
0,0,0.843044,-0.109516,0.526577
0,0,0.988595,-0.112823,0.0997544
0,0,0.191312,-0.882865,0.428894
0,0,0.565709,0.737381,0.369111
0,0,-0.965056,0.138972,0.222155
0,0,-0.0868994,0.406109,0.909684
20.6887,29.9496,-0.0871399,-0.0793267,-0.993033
0,0,0.218336,0.320679,0.92168
0,0,0.675621,-0.553445,0.487068
0,0,-0.388541,0.803493,0.451038
0,0,-0.951384,0.223828,0.211587
0,0,-0.555852,-0.754284,0.349406
0,0,-0.979082,0.0765444,0.188518
0,0,0.231903,-0.473975,0.849452
0,0,-0.817057,-0.0575777,0.573675
0,0,-0.782235,-0.0989528,0.615075
0,0,-0.964167,0.260483,0.0503055
0,0,0.921811,0.333194,0.198104
0,0,0.859578,-0.0402759,0.509415
0,0,0.0571812,0.701014,0.710852
22.9051,31.4351,0.223724,-0.560985,0.797022
0,0,-0.872822,-0.385447,0.299352
0,0,0.898787,-0.032329,0.437192
0,0,0.338029,0.91806,0.207126
0,0,0.275557,-0.433856,0.85781
0,0,-0.786849,0.157476,0.596716
0,0,0.367723,-0.177355,0.912867
0,0,0.539829,0.0714662,0.838736
0,0,0.0422491,-0.437131,0.898405
0,0,0.637624,0.675466,0.370379
0,0,-0.567552,0.339952,0.749878
0,0,0.417529,-0.525741,0.741125
0,0,-0.404502,-0.775797,0.484269
0,0,-0.246553,0.938856,0.240337
0,0,0.670866,0.645849,0.364442
0,0,-0.543892,0.686314,0.482861
0,0,0.537696,0.715887,0.44541
0,0,-0.775363,0.507548,0.375776
0,0,0.504833,0.526292,0.684222
0,0,0.864851,0.408716,0.291521
0,0,-0.0217651,0.552867,0.832985
0,0,0.547198,0.372809,0.749391
0,0,0.810103,-0.0468924,0.584409
0,0,0.181462,-0.970315,0.159877
0,0,0.784811,0.161973,0.598195
0,0,-0.667717,0.680454,0.301888
0,0,0.878192,0.365572,0.308441
0,0,-0.350909,-0.188334,0.917275
0,0,0.302676,-0.760828,0.574045
0,0,0.77515,0.631678,0.0112193
0,0,-0.620539,-0.744951,0.244909
0,0,0.346883,0.597501,0.722955
0,0,0.0774895,-0.896411,0.436397
0,0,-0.476403,0.444055,0.758851
0,0,0.571764,0.451979,0.684691
0,0,0.509487,-0.139011,0.849175
0,0,-0.842352,0.281915,0.459311
0,0,-0.86309,0.501959,0.055783
0,0,0.512402,-0.633039,0.580263
0,0,-0.347199,-0.904882,0.246255
0,0,-0.875417,-0.219607,0.430603
0,0,0.026886,0.817637,0.575106
18.181,24.1953,0.350906,0.592075,0.725474
0,0,-0.774465,0.413839,0.478477
0,0,0.79566,0.518523,0.313144
0,0,0.705417,0.115698,0.699286
0,0,0.833765,-0.545701,0.0839446
0,0,0.354691,-0.869999,0.342484
0,0,0.730079,-0.529828,0.431588
0,0,0.992881,-0.115997,0.0270478
5.31239,8.31196,0.148542,-0.450525,0.880319
0,0,-0.0772747,0.713983,0.695886
0,0,-0.95732,0.285233,0.0467004
0,0,0.67514,0.719411,0.163203
0,0,0.099235,-0.644359,0.758257
0,0,0.593149,-0.0599007,0.802861
0,0,-0.528392,-0.201872,0.824651
0,0,0.196181,0.966386,0.166167
0,0,-0.00732432,0.609537,0.792724
0,0,0.652423,-0.515343,0.555667
0,0,-0.139038,0.403693,0.904268
0,0,0.243611,0.967259,0.0711598
0,0,0.745265,0.543524,0.386214
0,0,0.107788,-0.892064,0.438867
0,0,0.888927,0.2148,0.40456
0,0,0.335457,0.929134,0.155494
0,0,-0.94845,0.245358,0.200607
0,0,-0.143218,0.537418,0.831066
0,0,0.87272,-0.473245,0.119998
0,0,0.631716,0.600473,0.490272
0,0,0.566507,-0.209044,0.797101
0,0,-0.330763,0.90793,0.257409
0,0,-0.69891,-0.471095,0.538139
0,0,0.0046194,-0.0758377,0.997109
0,0,-0.136521,0.322345,0.936726
7.67377,10.0471,-0.261395,-0.163851,0.951223
0,0,0.113477,-0.452825,0.884348
0,0,-0.560882,0.272771,0.781669
0,0,-0.322634,0.911476,0.255184
0,0,0.0527665,-0.805912,0.589679
0,0,0.28044,-0.648028,0.708105
0,0,-0.389865,-0.0907271,0.916392
0,0,0.226453,-0.877346,0.423064
0,0,-0.0722856,0.55417,0.829259
0,0,-0.825561,-0.564293,0.00472857
0,0,-0.833942,0.105345,0.541704
0,0,-0.809163,-0.2732,0.520209
0,0,0.512188,0.106924,0.852192
0,0,-0.0683337,0.890803,0.449221
0,0,0.964222,-0.154803,0.215203
0,0,-0.722239,-0.689094,0.0593326
0,0,-0.235798,0.808082,0.539817
22.3235,33.0754,-0.965908,0.173234,0.192386
0,0,-0.485655,-0.499351,0.717488
0,0,-0.795094,-0.600859,0.0824216
0,0,-0.0413567,0.770329,0.636304
0,0,-0.861534,-0.0389299,0.506205
0,0,-0.655359,-0.475038,0.587234
0,0,-0.52381,-0.251041,0.814003
0,0,0.621519,-0.529347,0.577499
0,0,0.702599,-0.621909,0.345809
0,0,0.418257,0.81055,0.409964
0,0,0.267352,-0.962111,0.0535348
0,0,0.617466,-0.364682,0.696952
0,0,-0.246137,-0.826646,0.506036
0,0,0.489244,0.249171,0.835796
0,0,-0.750703,0.047362,0.65894
0,0,0.847301,0.277197,0.453037
0,0,-0.99934,0.0361453,0.00373833
0,0,-0.24444,-0.969157,0.031378
12.5983,19.5787,-0.414148,-0.695413,0.587266
0,0,0.484313,0.386379,0.784954
0,0,0.00877169,0.900848,0.434047
0,0,-0.367434,-0.137745,0.919793
0,0,0.0587452,0.429823,0.901
0,0,0.244671,-0.856942,0.453637
0,0,0.779899,-0.33463,0.528943
0,0,-0.403193,-0.379157,0.832872
0,0,0.246216,0.0911581,0.964918
0,0,0.521399,0.656478,0.545142
0,0,-0.0503643,0.340152,0.939021
0,0,-0.0456703,0.932489,0.358299
0,0,-0.751958,-0.655257,0.0720932
0,0,0.626731,0.763648,0.155081
0,0,-0.342496,0.853027,0.393753
0,0,0.796605,-0.199219,0.570729
0,0,-0.327821,-0.47124,0.81882
0,0,0.876456,0.167726,0.451323
0,0,0.794082,-0.329539,0.510723
0,0,0.745327,0.284149,0.603114
0,0,-0.946386,0.0142269,0.322725
0,0,-0.846727,0.0533102,0.52935
0,0,0.933068,0.0746789,0.351862
0,0,-0.417537,-0.868558,0.266963
0,0,-0.827974,0.548734,0.115541
0,0,-0.954699,0.267518,0.130325
0,0,0.757195,-0.453289,0.470303
0,0,-0.0165969,-0.979002,0.203174
0,0,0.939883,-0.337439,0.0524826
0,0,0.664858,0.45221,0.594534
0,0,0.508026,0.226937,0.830908
0,0,0.453292,0.778234,0.434601
0,0,-0.0669866,-0.712222,0.698751
0,0,-0.495984,-0.47833,0.724707
0,0,0.400523,0.915743,0.031567
0,0,-0.937178,-0.335099,0.0969868
0,0,0.307215,0.951486,0.0171214
0,0,-0.019549,0.477909,0.878192
0,0,0.482468,-0.849505,0.213464
0,0,-0.653361,0.349709,0.671433
0,0,0.422106,-0.320901,0.84785
0,0,0.565214,-0.025407,0.824553
0,0,0.89446,0.326639,0.305367
0,0,-0.79284,0.559606,0.241341
0,0,0.776314,0.58965,0.222823
0,0,0.475531,-0.828908,0.294588
0,0,-0.314594,0.114276,0.942323
0,0,0.299186,0.0216549,0.953949
0,0,-0.915996,0.304461,0.261257
0,0,-0.268253,-0.90936,0.31797
0,0,-0.252886,-0.958858,0.128995
0,0,-0.72932,0.296391,0.61664
0,0,0.629421,0.773302,0.0763754
0,0,0.416484,0.856602,0.304587
12.7145,18.3889,0.108033,-0.037589,0.993436
0,0,-0.921371,0.350719,0.167548
0,0,-0.942842,0.0405283,0.330766
0,0,0.338724,0.834852,0.433922
0,0,0.751741,0.350975,0.558304
0,0,0.463588,0.178082,0.86797
22.6765,33.3026,-0.0681978,-0.250552,0.965698
0,0,-0.866631,0.495911,0.0549792
0,0,-0.757523,-0.112241,0.643087
0,0,-0.227213,-0.971802,0.0630543
0,0,-0.0788636,-0.385502,0.919331
0,0,-0.667909,-0.0630374,0.741568
0,0,0.187259,-0.761205,0.620888
0,0,0.0700574,-0.910271,0.408042
0,0,0.85432,-0.509052,0.104902
0,0,-0.73058,-0.4626,0.50225
21.953,29.9261,-0.349843,0.0622948,0.934735
0,0,0.254305,0.938903,0.231925
0,0,0.12499,-0.551574,0.824708
0,0,0.666113,0.563688,0.488414
7.83158,11.8195,0.0563646,0.246934,0.967392
12.7732,18.5675,0.0595932,0.453551,0.889236
0,0,0.130004,0.604116,0.786221
0,0,0.424621,0.491569,0.7603
0,0,0.835231,0.540024,0.103745
0,0,-0.357317,0.711963,0.60451
0,0,-0.674696,0.683187,0.279358
0,0,-0.755398,0.267549,0.598157
8.56165,11.0485,0.711506,-0.0478759,0.701047
0,0,-0.92455,-0.379321,0.0363662
0,0,0.952666,-0.300792,0.0441868
0,0,0.970953,0.0843186,0.223919
0,0,-0.544341,0.64996,0.530326
0,0,-0.110603,-0.121693,0.986386
0,0,-0.629292,0.436188,0.64322
0,0,-0.953117,-0.0970419,0.286619
0,0,-0.587529,0.350957,0.729136
0,0,0.831068,0.425317,0.358375
0,0,0.342068,-0.316203,0.884876
0,0,-0.199751,0.879375,0.432203
9.04045,12.1692,0.216235,-0.315855,0.923839
0,0,-0.684087,-0.516893,0.514632
0,0,0.0579307,0.321697,0.945069
0,0,-0.0372515,-0.834582,0.549623
0,0,0.423781,-0.540212,0.727036
0,0,0.00982921,0.908936,0.41682
0,0,-0.470214,0.428399,0.771604
0,0,-0.644597,-0.758551,0.0953702
0,0,0.19122,0.562792,0.804177
0,0,-0.897786,-0.149048,0.414444
0,0,0.128059,-0.991499,0.0230495
0,0,-0.0432696,0.858269,0.511373
0,0,-0.775571,-0.47976,0.410268
0,0,-0.968195,0.218852,0.121254
0,0,0.349823,-0.134867,0.927057
0,0,0.0713169,-0.671102,0.737927
0,0,-0.60931,-0.78957,0.0729412
0,0,-0.0208613,0.87925,0.475904
0,0,0.853224,-0.0390392,0.520082
0,0,-0.414725,-0.605198,0.679514
0,0,-0.198746,0.769679,0.606708
0,0,0.199366,-0.0611274,0.978017
0,0,-0.913504,-0.262975,0.310409
0,0,0.173556,-0.4122,0.89441
0,0,0.776799,0.476813,0.411378
0,0,0.184228,0.96161,0.203387
0,0,0.485457,-0.58927,0.645827
0,0,0.833069,0.0212208,0.552761
0,0,0.903228,0.374245,0.210048
0,0,0.585779,0.526696,0.615998
0,0,-0.302811,0.0533116,0.951558
0,0,0.160192,-0.781772,0.602637
0,0,0.767764,0.540516,0.344065
0,0,-0.436659,-0.830001,0.347026
0,0,-0.138786,0.699932,0.700595
0,0,-0.816304,-0.457005,0.353263
0,0,0.781038,-0.0276344,0.623872
0,0,0.271184,0.880212,0.389468
0,0,0.82006,0.564602,0.09342
0,0,0.487313,-0.5693,0.662135
0,0,-0.716234,0.261042,0.647198
0,0,-0.514693,-0.0250642,0.857008
0,0,-0.124846,0.533687,0.836416
0,0,0.142141,0.386482,0.911278
0,0,0.691827,-0.584272,0.424265
8.81659,13.7475,-0.0183473,-0.350856,0.93625
0,0,-0.164036,-0.983967,0.0700026
0,0,-0.51556,0.44487,0.732317
0,0,-0.330341,0.182658,0.926019
0,0,-0.224093,-0.931416,0.286788
0,0,0.861502,-0.0887936,0.49993
0,0,-0.24761,0.912549,0.325491
0,0,-0.284226,0.19801,0.938087
0,0,-0.94213,0.331901,0.0472496
0,0,-0.236717,-0.826102,0.511391
0,0,0.414238,-0.862695,0.29011
0,0,0.535756,0.770995,0.344284
0,0,0.965009,0.128251,0.228714
0,0,0.393715,-0.788273,0.472879
0,0,-0.121786,-0.127533,0.984329
0,0,0.29595,-0.609688,0.735319
0,0,0.302902,-0.852248,0.426524
0,0,-0.456436,0.742869,0.489705
0,0,0.649157,-0.177408,0.739677
0,0,-0.740982,-0.500772,0.447407
0,0,-0.594755,0.793027,0.131811
0,0,0.230926,0.573812,0.785756
0,0,-0.984065,-0.165925,0.0639208
7.6515,11.2525,0.716065,-0.459201,0.525723
0,0,-0.892801,-0.0966438,0.439961
0,0,-0.144471,0.566251,0.811472
0,0,0.510107,0.648787,0.564683
0,0,-0.401489,-0.670292,0.624111
0,0,-0.673968,-0.711235,0.19978
0,0,0.876852,-0.324299,0.354908
0,0,-0.941138,0.120138,0.315953
0,0,-0.778332,-0.0194928,0.627551
0,0,-0.351491,-0.328086,0.87682
0,0,-0.248292,-0.964935,0.0851493
0,0,-0.861673,-0.312444,0.399874
0,0,-0.486179,0.263303,0.833248
0,0,0.452669,-0.478696,0.75229
0,0,-0.969449,-0.0740172,0.233857
0,0,0.953039,0.296732,0.0605514
0,0,0.048019,-0.708946,0.703627
0,0,-0.6435,-0.70461,0.299054
0,0,0.506651,0.853375,0.122704
0,0,0.732184,0.531957,0.425357
0,0,-0.153595,-0.987748,0.0276173
0,0,0.472624,-0.880671,0.0323117
0,0,0.287416,-0.838185,0.463506
0,0,0.372313,-0.383408,0.845211
0,0,-0.343902,-0.24678,0.905997
0,0,0.403367,-0.411687,0.817196
0,0,0.917033,0.204629,0.342313
0,0,0.632364,0.225161,0.741228
0,0,0.300243,0.94312,0.142753
0,0,-0.900921,-0.432683,0.0335672
0,0,-0.762496,0.479564,0.434302
0,0,-0.457059,-0.867872,0.194669
0,0,-0.58143,0.450354,0.677584
0,0,-0.931037,0.230281,0.283093
0,0,-0.298905,0.236292,0.924566
0,0,0.793811,-0.603419,0.0758229
0,0,0.772644,-0.554802,0.308569
0,0,-0.231941,0.286464,0.929592
0,0,0.77953,0.588659,0.21404
0,0,-0.116364,-0.405741,0.90655
0,0,0.308997,0.0107428,0.951002
0,0,-0.163807,0.0218832,0.98625
0,0,-0.834259,0.234113,0.499203
0,0,0.6719,-0.0148299,0.740493
0,0,-0.605689,-0.786927,0.117845
0,0,-0.238564,0.773978,0.586554
0,0,0.942949,-0.332787,0.010041
0,0,0.983011,0.179395,0.0388174
0,0,-0.848139,0.51646,0.118022
0,0,0.687552,-0.647169,0.329309
0,0,0.25083,0.967025,0.0441134
0,0,0.262125,0.763268,0.590519
0,0,-0.421537,-0.906412,0.0268909
0,0,-0.505485,0.358348,0.784902
0,0,-0.0962445,0.872802,0.478491
0,0,0.564537,-0.306772,0.766282
0,0,0.708628,-0.379113,0.59508
0,0,-0.184625,-0.692848,0.697047
0,0,-0.229945,-0.594367,0.770619
0,0,-0.475443,-0.808769,0.346189
0,0,-0.711469,-0.701943,0.0329743
0,0,-0.336004,0.894666,0.294404
0,0,0.703486,-0.0351436,0.70984
0,0,-0.482071,0.437913,0.758841
0,0,-0.1503,-0.896242,0.417326
0,0,0.970362,-0.124421,0.207166
0,0,-0.725113,0.471433,0.501959
0,0,0.950974,0.268811,0.152935
0,0,-0.929226,0.130391,0.345742
0,0,-0.642001,-0.504961,0.576931
0,0,-0.918713,0.17774,0.352669
0,0,-0.342621,0.224011,0.912376
0,0,-0.173818,0.916462,0.360394
0,0,-0.461172,0.841775,0.280597
0,0,0.409645,-0.748498,0.52148
0,0,0.676614,0.417986,0.606202
0,0,0.31518,0.462941,0.828461
0,0,0.909542,0.275437,0.311238
0,0,0.383328,0.909401,0.161398
0,0,-0.06154,0.128626,0.989782
0,0,-0.105578,0.442233,0.890665
0,0,-0.262268,-0.420479,0.868569
0,0,-0.768905,0.0479829,0.63756
0,0,-0.716422,0.584833,0.380408
0,0,0.495179,-0.194484,0.846743
0,0,-0.00317368,-0.648552,0.761163
0,0,-0.433377,0.688308,0.581736
18.4793,26.3303,0.0205846,0.682805,0.73031
0,0,0.554286,-0.252177,0.793205
0,0,-0.711704,-0.218234,0.667721
0,0,-0.276391,0.435157,0.856882
0,0,0.771127,-0.17292,0.61275
0,0,0.326731,0.803898,0.496985
0,0,-0.771424,0.362196,0.523182
0,0,0.266352,0.73958,0.618124
0,0,-0.38635,0.846807,0.365584
0,0,-0.0657694,-0.878453,0.473281
0,0,0.421414,-0.812435,0.402939
0,0,-0.276408,-0.321242,0.905761
0,0,0.187634,0.27998,0.941491
0,0,0.696019,-0.712065,0.0923068
0,0,-0.714619,0.253219,0.652073
0,0,0.711698,0.366016,0.599598
0,0,-0.161237,0.887035,0.432634
0,0,0.827642,0.537963,0.160016
0,0,0.431153,-0.876546,0.213947
0,0,-0.975423,0.213528,0.0543679
0,0,-0.987821,-0.023941,0.153745
1.49068,2.19621,0.00439618,-0.227464,0.973777
0,0,-0.115593,-0.981555,0.152273
0,0,-0.435918,-0.862783,0.256087
0,0,0.0786629,-0.594941,0.799911
0,0,0.00368566,0.984088,0.177644
0,0,-0.544089,-0.837552,0.049741
0,0,0.615912,-0.0631897,0.785277
0,0,0.622686,0.537467,0.568675
0,0,0.540315,0.460325,0.704386
0,0,-0.51278,-0.479965,0.711822
0,0,0.799303,-0.204095,0.565208
0,0,0.288237,0.315627,0.904046
0,0,0.307245,-0.86561,0.395374
0,0,0.473892,0.0467745,0.87934
0,0,-0.104484,-0.48594,0.867724
0,0,0.352712,0.000327007,0.935732
0,0,0.491265,0.134057,0.860632
0,0,-0.986655,-0.104237,0.125086
0,0,-0.304353,0.877542,0.370525
0,0,0.588847,-0.425471,0.687193
0,0,0.575542,-0.748877,0.328535
0,0,0.124609,0.832501,0.539829
0,0,0.17336,0.666253,0.725295
0,0,0.29435,-0.766938,0.570232
0,0,-0.0316458,-0.867851,0.495815
0,0,-0.677189,-0.50472,0.535419
0,0,-0.922186,0.0225635,0.386087
0,0,-0.437073,-0.899392,0.00781116
0,0,0.166231,0.451952,0.876417
0,0,-0.643065,0.419368,0.640779
0,0,0.807941,0.479315,0.342766
0,0,-0.590684,-0.423992,0.686529
0,0,-0.490551,-0.865654,0.100012
0,0,0.366276,0.718162,0.59168
0,0,-0.608225,0.512161,0.606427
0,0,-0.034328,0.505487,0.862151
0,0,0.0618177,0.402292,0.913422
0,0,0.314415,0.946125,0.0773978
0,0,-0.927504,0.215503,0.305442
0,0,0.557936,0.545147,0.625717
0,0,-0.159676,0.896125,0.414081
0,0,0.230321,0.635804,0.736685
0,0,0.498484,0.76895,0.400287
0,0,-0.928691,0.00892188,0.370747
0,0,0.853529,-0.310644,0.418316
0,0,0.159186,0.146847,0.976266
0,0,-0.92216,0.323792,0.211611
0,0,0.995231,-0.0473338,0.0852866
0,0,-0.589914,-0.362866,0.721339
0,0,0.0987514,0.234111,0.967181
0,0,-0.765471,0.0717924,0.639453
0,0,0.266711,-0.77256,0.576209
0,0,-0.936005,0.284196,0.207669
0,0,0.724182,-0.442304,0.529081
0,0,0.457269,-0.389257,0.799615
0,0,-0.0235386,0.64495,0.763862
0,0,0.435165,-0.0071103,0.900323
0,0,-0.258328,-0.533652,0.805284
0,0,0.761683,0.198232,0.616881
0,0,-0.00444695,-0.372698,0.927942
0,0,0.435675,0.460956,0.773115
0,0,-0.783788,0.56348,0.261086
0,0,0.390545,0.717161,0.577195
0,0,-0.061437,0.972722,0.223691
0,0,-0.0535011,-0.97283,0.225255
0,0,0.966646,0.232169,0.108131
0,0,0.611464,0.74414,0.269011
0,0,0.802764,0.562134,0.198937
0,0,-0.455383,0.64073,0.618136
0,0,-0.229705,-0.577888,0.783123
0,0,0.88134,-0.380175,0.280547
0,0,0.952229,0.102952,0.287509
0,0,-0.196155,0.966849,0.163481
0,0,-0.0131003,0.785797,0.618346
0,0,0.332954,-0.89517,0.296333
0,0,0.599989,-0.0862764,0.795343
0,0,0.343146,0.23871,0.908443
0,0,0.874732,-0.118954,0.46978
4.88287,6.77208,0.341704,0.409128,0.84608
0,0,0.809143,-0.240931,0.535948
0,0,-0.348712,0.907614,0.233746
0,0,-0.332908,-0.939827,0.0767998
0,0,0.562516,-0.816053,0.132791
0,0,0.86271,0.46662,0.194931
0,0,0.836791,0.496378,0.231065
0,0,0.976041,0.123988,0.178805
0,0,-0.413306,-0.141751,0.899492
0,0,0.955318,-0.250204,0.157369
0,0,-0.877382,0.452354,0.159928
0,0,0.830935,0.00570243,0.55634
0,0,-0.666349,-0.67,0.327229
0,0,-0.229666,0.208144,0.950752
0,0,-0.386964,0.6109,0.690695
0,0,0.627827,-0.763742,0.150106
0,0,-0.266623,0.883656,0.384792
0,0,-0.34415,-0.132708,0.929489
0,0,-0.271689,-0.683087,0.677921
0,0,0.0320516,0.912377,0.408093
0,0,-0.518227,0.700827,0.490186
0,0,0.0609129,0.99207,0.10994
0,0,0.54732,0.276126,0.79006
0,0,-0.101929,0.130308,0.98622
0,0,0.146797,-0.814135,0.561815
0,0,0.78988,0.143414,0.596257
0,0,0.201129,0.955372,0.216361
0,0,0.660575,0.712172,0.237594
0,0,0.704528,-0.621347,0.342884
0,0,-0.665177,-0.585399,0.463516
0,0,0.983501,-0.134938,0.120485
0,0,-0.535047,-0.825613,0.179134
0,0,0.351767,0.200695,0.91432
0,0,-0.29425,0.951541,0.0893678
0,0,0.120698,0.500728,0.857149
0,0,0.0753944,-0.831138,0.550931
0,0,0.784185,-0.262348,0.562341
0,0,-0.769852,0.165895,0.616285
0,0,0.932899,-0.302637,0.195217
0,0,0.479903,-0.7964,0.368022
0,0,-0.856651,0.332295,0.394624
0,0,-0.165097,0.447372,0.878977
0,0,0.601584,-0.510157,0.614684
0,0,-0.113492,0.670693,0.733001
0,0,0.349668,-0.932157,0.0938897
0,0,0.733129,0.0192624,0.679816
0,0,-0.0455176,0.712469,0.700225
0,0,-0.585141,0.568448,0.57834
0,0,-0.969376,0.0534242,0.2397
0,0,0.074093,-0.42074,0.90415
0,0,-0.160831,-0.727435,0.667062
0,0,0.63006,-0.774111,0.0614488
0,0,0.331033,-0.774501,0.539041
0,0,-0.27726,-0.551984,0.78641
0,0,-0.989483,0.0773775,0.122215
0,0,0.524801,-0.277515,0.804717
0,0,-0.668292,0.645886,0.369076
0,0,0.0875757,-0.323499,0.942167
0,0,-0.372705,-0.927846,0.013912
0,0,-0.381356,0.841643,0.382367
0,0,-0.792837,-0.609233,0.0156537
20.4352,29.5629,0.117519,-0.404439,0.906983
0,0,0.455756,0.569206,0.684318
0,0,0.278365,0.884214,0.375071
0,0,-0.255115,0.651893,0.714109
0,0,-0.333377,0.655081,0.678033
0,0,-0.67605,-0.0202213,0.736578
0,0,0.106441,0.102284,0.989044
0,0,0.419707,0.15967,0.893505
0,0,0.56273,0.823276,0.0745064
0,0,-0.875592,0.440625,0.197961
0,0,-0.668105,-0.604324,0.434083
0,0,-0.229337,-0.444752,0.865794
0,0,0.273274,0.636672,0.72109
0,0,0.750195,-0.628745,0.204665
0,0,-0.666375,0.735199,0.124204
0,0,-0.907677,0.238195,0.345523
0,0,0.0885982,-0.711829,0.696742
0,0,0.88622,-0.291165,0.36033
0,0,-0.464807,-0.583283,0.666134
0,0,0.618187,-0.721551,0.311782
0,0,-0.523904,-0.210713,0.825303
0,0,0.930756,-0.356597,0.0808172
0,0,0.263662,-0.960212,0.0920624
0,0,-0.984976,0.099921,0.140846
0,0,0.417889,0.657081,0.627387
0,0,0.0578761,-0.297903,0.95284
0,0,0.4167,0.848977,0.324962
0,0,-0.34154,-0.852284,0.396185
0,0,-0.504577,0.00577589,0.863347
10.163,14.8437,0.345385,-0.718352,0.603887
0,0,0.477363,0.877011,0.0545457
0,0,-0.903042,-0.274087,0.330744
0,0,-0.232335,-0.425539,0.874607
0,0,0.57452,-0.755165,0.315678
0,0,-0.395341,-0.0716501,0.915735
0,0,-0.930437,-0.362394,0.0543856
0,0,0.429156,0.209485,0.878602
0,0,0.56963,0.350088,0.743613
0,0,0.661237,0.172314,0.730119
0,0,-0.860831,0.49261,0.127695
0,0,-0.877666,-0.249391,0.409275
0,0,0.901471,0.392829,0.181757
0,0,-0.320316,-0.530379,0.784918
0,0,0.799971,-0.0613732,0.596892
0,0,0.304188,0.864238,0.400701
0,0,-0.0571094,-0.80121,0.595652
8.59464,13.0483,-0.842087,-0.0343709,0.538245
0,0,-0.330255,0.535467,0.777307
0,0,0.660513,0.748252,0.0619845
0,0,0.796557,0.176185,0.578321
0,0,0.380234,-0.902243,0.203422
0,0,0.24028,-0.806435,0.540304
0,0,0.09632,-0.17341,0.980128
0,0,0.0327274,0.322741,0.945921
0,0,-0.185566,0.454326,0.871294
0,0,-0.355581,0.529318,0.770315
0,0,-0.0646971,-0.991898,0.109327
0,0,-0.416627,0.835548,0.358164
0,0,0.99043,-0.136934,0.0172649
0,0,-0.97295,-0.073444,0.219031
0,0,-0.229204,-0.605073,0.762464
0,0,-0.331241,0.938244,0.099889
0,0,0.482573,0.55916,0.674139
0,0,0.396986,-0.804929,0.441011
0,0,0.131358,-0.260947,0.956374
0,0,0.482947,-0.35488,0.800514
0,0,-0.674676,0.563196,0.477099
0,0,-0.686147,0.413826,0.59829
0,0,-0.165591,0.650825,0.740949
0,0,0.769029,-0.632292,0.0938169
12.5271,17.4381,-0.230044,-0.0991038,0.968121
0,0,-0.2227,0.799276,0.558178
0,0,-0.929026,0.300289,0.216188
0,0,-0.896239,-0.400152,0.191402
0,0,-0.0155866,0.355578,0.934517
0,0,-0.202117,0.971972,0.120081
0,0,0.919489,-0.123429,0.373237
0,0,-0.0433482,-0.445538,0.894213
0,0,0.562842,-0.826514,0.00916016
0,0,0.678386,-0.497565,0.540575
0,0,-0.00998634,0.854698,0.51903
0,0,-0.909346,-0.22685,0.348753
0,0,0.189271,-0.981461,0.0301849
0,0,0.338249,0.57533,0.744703
0,0,0.629276,-0.717268,0.299229
0,0,0.879688,0.284288,0.381222
0,0,0.84108,-0.52631,0.124829
0,0,0.662229,0.675764,0.323723
0,0,-0.86513,-0.403081,0.298456
0,0,0.0776574,-0.761925,0.642992
0,0,0.719105,0.459239,0.521524
0,0,-0.290633,0.953357,0.0815016
0,0,-0.771508,-0.439922,0.459613
0,0,-0.851299,0.266807,0.451779
0,0,-0.599996,-0.786456,0.1466
0,0,-0.716894,-0.43816,0.54229
0,0,0.663351,0.690503,0.288394
0,0,-0.829165,0.340482,0.443348
0,0,0.305486,0.951979,0.0203659
0,0,0.133938,-0.970286,0.201507
0,0,0.53557,-0.842221,0.0618727
0,0,-0.587967,0.706904,0.393168
0,0,-0.760636,-0.139494,0.634015
0,0,-0.170066,0.0249765,0.985116
0,0,0.156379,-0.58998,0.79213
0,0,0.65289,-0.751308,0.0962813
0,0,0.0998906,-0.926907,0.361753
0,0,-0.90966,-0.136261,0.392366
0,0,-0.170458,-0.892451,0.417704
0,0,-0.842968,-0.516564,0.150224
0,0,-0.7779,0.567231,0.270407
0,0,-0.28591,-0.517057,0.806789
0,0,-0.26571,0.950453,0.161359
0,0,-0.205753,-0.673927,0.709569
0,0,0.38388,0.864568,0.324282
0,0,-0.124162,-0.974417,0.18734
0,0,-0.497604,0.037136,0.866609
0,0,0.421454,0.676279,0.604171
0,0,0.961862,0.154248,0.225894
0,0,-0.0870244,0.41411,0.906057
0,0,0.40976,0.521181,0.748644
0,0,-0.621683,0.547589,0.56005
0,0,0.397803,-0.361776,0.843132
0,0,-0.620352,-0.340418,0.706597
0,0,-0.0192964,-0.813646,0.581041
0,0,0.856535,-0.492674,0.153686
0,0,0.407097,0.449779,0.794966
0,0,-0.565862,0.195342,0.801025
0,0,-0.94286,-0.238429,0.232737
0,0,0.507074,-0.702697,0.499093
0,0,-0.412893,-0.104437,0.904772
0,0,0.525078,-0.841103,0.129767
0,0,0.261446,-0.0685729,0.962779
0,0,-0.96289,-0.0493367,0.265346
0,0,-0.428775,0.122365,0.895086
8.54133,12.7272,0.62763,0.183812,0.756501
0,0,-0.836622,-0.356493,0.415904
0,0,0.587076,-0.24517,0.771514
0,0,-0.921961,-0.311358,0.230312
0,0,0.633221,0.604165,0.483752
0,0,-0.51442,-0.181996,0.838004
20.2456,27.1479,-0.252302,0.197455,0.947288
0,0,-0.483376,0.875335,0.0116981
0,0,0.943979,0.196348,0.265239
0,0,0.846747,-0.302472,0.437641
0,0,0.788812,-0.542882,0.288192
0,0,0.836209,-0.464668,0.29127
0,0,-0.609409,0.601882,0.516099
0,0,-0.909903,-0.124167,0.395802
0,0,0.0669046,-0.935898,0.345859
0,0,0.219033,0.939842,0.262146
0,0,-0.643322,0.642476,0.416368
0,0,0.232082,0.574668,0.78479
0,0,0.452914,0.358685,0.816219
0,0,0.251883,0.960467,0.118564
0,0,-0.557085,0.706798,0.435996
0,0,0.805376,-0.546743,0.229001
0,0,-0.287291,-0.448497,0.846354
0,0,0.734072,0.451479,0.507252
0,0,0.28092,0.533319,0.797906
0,0,-0.315463,0.419922,0.850969
0,0,-0.76076,-0.4284,0.487563
0,0,-0.271664,0.504628,0.819481
0,0,-0.366879,0.733594,0.572049
0,0,0.434629,-0.862512,0.259174
0,0,0.364883,-0.205625,0.908063
0,0,-0.428981,-0.679874,0.594766
0,0,-0.48103,0.835197,0.266564
0,0,-0.255795,-0.535825,0.80465
0,0,-0.407616,0.368912,0.835316
0,0,0.299566,0.670644,0.678599
0,0,-0.276967,-0.958055,0.0736199
0,0,-0.931165,-0.27273,0.241973
0,0,-0.830793,0.528385,0.174905
0,0,-0.85766,-0.483129,0.176083
0,0,0.480061,0.0858717,0.873022
0,0,-0.439904,0.519773,0.732339
0,0,0.135768,-0.777283,0.614327
0,0,-0.188902,-0.231729,0.954263
0,0,-0.51487,0.467181,0.718784
0,0,0.720466,-0.455955,0.522526
0,0,-0.68544,-0.188342,0.703349
0,0,-0.966643,0.1827,0.179506
0,0,-0.846593,0.0921961,0.524195
0,0,0.497237,-0.668415,0.553152
0,0,-0.0788413,0.995654,0.0495615
0,0,0.212977,0.976987,0.0117059
0,0,-0.414265,-0.396231,0.819381
0,0,-0.170467,0.460196,0.871298
0,0,0.602794,0.0147773,0.79776
0,0,0.20641,-0.628313,0.750079
0,0,-0.223697,0.596546,0.770774
0,0,-0.49964,-0.835199,0.229787
0,0,0.4124,0.358647,0.837436
0,0,0.889009,0.158323,0.429647
0,0,0.947091,-0.059,0.315497
0,0,-0.666431,-0.68189,0.301488
0,0,0.0740712,-0.947919,0.30978
0,0,0.913107,0.180032,0.365819
0,0,-0.700798,0.65838,0.274622
0,0,0.84033,0.182928,0.510278
0,0,-0.722041,0.512629,0.464616
0,0,0.834144,0.40462,0.374815
0,0,-0.412622,-0.509651,0.754983
0,0,-0.831323,-0.142866,0.537113
0,0,-0.153934,0.950482,0.26998
0,0,0.521672,-0.814855,0.252726
0,0,0.792055,0.266099,0.5494
0,0,-0.0756821,0.566498,0.820581
0,0,-0.826072,-0.562877,0.0278408
0,0,-0.868703,-0.301381,0.393096
0,0,0.932245,0.342227,0.117471
0,0,-0.14775,-0.707694,0.690898
0,0,0.675908,0.119611,0.727215
0,0,0.55004,-0.715181,0.431246
0,0,-0.494244,0.856064,0.151252
0,0,-0.629319,0.733601,0.25649
0,0,0.954285,-0.267915,0.132524
0,0,-0.501858,0.798775,0.33181
0,0,0.430823,0.104678,0.896345
0,0,-0.259332,0.126025,0.95753
0,0,-0.970186,-0.227879,0.0825228
0,0,0.200026,0.2225,0.954193
0,0,0.24646,-0.897832,0.364905
0,0,0.913239,-0.333657,0.233809
0,0,0.362517,0.478961,0.799486
0,0,-0.648739,0.700888,0.296468
0,0,0.625406,0.46815,0.624262
20.1855,29.4595,-0.24565,0.382114,0.890868
0,0,0.922251,0.386182,0.0177593
0,0,-0.195388,-0.738051,0.645836
0,0,-0.835406,-0.513811,0.195179
0,0,0.994343,-0.0819075,0.067625
0,0,-0.63435,0.469737,0.61396
0,0,-0.516021,0.534548,0.669314
0,0,-0.0156208,-0.561335,0.827441
0,0,-0.342617,-0.59693,0.725457
0,0,-0.162786,0.947041,0.276792
0,0,0.81242,0.482126,0.327915
0,0,0.509984,0.722138,0.467367
0,0,-0.495092,-0.778888,0.384992
0,0,-0.542749,-0.222493,0.809889
0,0,-0.435718,-0.839033,0.325842
0,0,0.402728,-0.291892,0.867531
0,0,-0.219363,-0.828769,0.514802
0,0,0.810147,0.334371,0.481516
0,0,-0.466952,0.206424,0.859852
0,0,-0.365658,-0.905022,0.217324
0,0,-0.546011,-0.323663,0.772732
0,0,-0.613079,0.187003,0.76757
0,0,0.125759,0.830646,0.542413
0,0,0.523948,0.760277,0.384002
0,0,-0.681097,-0.453549,0.574804
0,0,0.230001,0.333611,0.914223
0,0,-0.36828,0.259657,0.89272
0,0,-0.0441356,-0.863103,0.503096
0,0,0.919344,-0.0108824,0.393305
0,0,0.591082,0.806414,0.0178432
0,0,-0.299141,0.239472,0.923671
0,0,-0.426664,-0.213563,0.878834
0,0,-0.118885,0.490062,0.863542
0,0,-0.987991,-0.146212,0.049966
0,0,0.938316,0.0139255,0.345498
0,0,-0.603016,0.418981,0.678842
0,0,0.0347209,0.785515,0.617868
0,0,0.101112,-0.435645,0.894421
0,0,0.984307,-0.164287,0.0644151
0,0,-0.171049,-0.924646,0.340253
0,0,0.340523,-0.889367,0.305074
0,0,0.656743,-0.172919,0.734021
22.54,30.4951,0.603203,-0.756986,0.251232
7.45379,11.0401,-0.198061,-0.544941,-0.814746
0,0,-0.886754,0.220481,0.40627
0,0,-0.254486,0.0588494,0.965284
0,0,-0.0473893,-0.957815,0.283452
0,0,-0.496257,0.669924,0.552205
0,0,-0.0120234,-0.492632,0.870155
0,0,-0.041566,-0.117959,0.992148
0,0,-0.643331,0.635251,0.427295
0,0,-0.244609,-0.78699,0.566404
0,0,-0.616285,-0.00505087,0.787507
0,0,0.858239,-0.177294,0.481656
0,0,-0.146075,0.856925,0.494309
0,0,-0.46429,-0.835177,0.294812
0,0,0.920846,-0.163585,0.353952
0,0,-0.862853,-0.271888,0.426101
0,0,0.818578,-0.160975,0.551378
0,0,0.96609,0.0541061,0.252473
0,0,-0.306082,-0.251305,0.918237
0,0,0.28805,-0.78149,0.553445
0,0,-0.289746,-0.936601,0.197042
0,0,-0.910716,0.373712,0.175883
0,0,-0.760159,-0.597963,0.254163
0,0,0.916043,0.287369,0.279794
0,0,0.111475,0.573812,0.811365
0,0,-0.103893,-0.952421,0.286532
0,0,0.455099,0.873401,0.173364
0,0,-0.346616,-0.344773,0.872347
0,0,0.34538,-0.938162,0.0237653
0,0,-0.585171,-0.64329,0.493712
2.36344,4.10087,-0.440128,-0.0995529,0.892399
0,0,0.667041,0.525889,0.527729
0,0,0.74627,0.00317609,0.665635
4.25312,4.5031,-0.314603,0.0761941,0.94616
0,0,0.529216,0.000100446,0.848487
0,0,0.549602,-0.761831,0.342856
0,0,0.505931,-0.527876,0.682188
0,0,0.816293,0.568449,0.102627
0,0,-0.318954,0.325325,0.890186
0,0,-0.152967,0.86636,0.475418
0,0,-0.796412,0.208816,0.567559
0,0,0.432721,0.282536,0.856111
0,0,-0.133524,0.769546,0.624476
0,0,-0.630612,0.75989,0.157788
0,0,-0.546562,0.468107,0.694367
0,0,0.875656,-0.482794,0.0116763
0,0,0.575145,0.702208,0.419657
0,0,-0.493853,-0.194132,0.847598
0,0,0.181301,-0.839908,0.511551
0,0,-0.205007,0.867181,0.453838
0,0,0.559275,0.277583,0.781127
0,0,0.852884,0.522063,0.00617017
0,0,0.979862,0.197384,0.0301645
0,0,0.315536,0.132111,0.939672
0,0,-0.594782,-0.412332,0.690084
0,0,0.648601,0.239613,0.722428
0,0,-0.577282,-0.687708,0.440231
0,0,0.192808,0.368161,0.909551
0,0,-0.415074,0.207553,0.885797
0,0,0.14066,0.162136,0.976692
0,0,-0.0177619,0.583729,0.811754
0,0,-0.769646,-0.486927,0.412972
21.6838,32.127,0.0529785,0.543484,0.837746
0,0,0.587538,-0.758072,0.283065
0,0,-0.381707,0.878866,0.286173
0,0,0.206363,0.950539,0.232143
0,0,0.854776,0.0100592,0.5189
0,0,0.854776,0.0100592,0.5189
0,0,0.864027,0.240172,0.442464
0,0,0.139049,0.973095,0.183716
0,0,-0.743859,-0.380409,0.549512
0,0,-0.144813,0.976112,0.161973
0,0,-0.643217,0.664277,0.3808
0,0,-0.000482236,0.585982,0.810324
0,0,0.0280278,0.970048,0.24129
0,0,0.685776,-0.721564,0.095166
0,0,-0.189776,-0.135398,0.972447
0,0,-0.332965,0.839198,0.429978
0,0,-0.546355,-0.686085,0.4804
0,0,-0.364203,0.555385,0.747599
0,0,0.547962,0.515565,0.658735
0,0,-0.699274,0.713765,0.0394507
0,0,0.476471,-0.840506,0.257924
0,0,0.171094,-0.905068,0.38933
0,0,-0.297784,0.808002,0.508387
0,0,0.76929,-0.635507,0.065754
0,0,-0.824777,-0.296844,0.481276
0,0,0.617907,0.0132941,0.786139
0,0,0.0914691,0.994243,0.0558085
0,0,-0.357954,0.845555,0.396113
8.39369,12.7676,-0.207396,0.177198,0.962075
0,0,0.979438,0.00418831,0.201703
0,0,-0.547205,-0.546188,0.634228
0,0,-0.771479,0.543197,0.331298
0,0,-0.957774,0.189158,0.216535
0,0,-0.311961,0.778435,0.544719
0,0,-0.0726831,-0.0882656,0.993442
0,0,-0.665948,0.558899,0.494111
0,0,0.143142,0.960315,0.239384
0,0,0.42569,-0.651079,0.628398
0,0,-0.957867,-0.251618,0.138486
0,0,0.945654,-0.203439,0.253677
0,0,-0.116074,0.989012,0.0915534
23.0678,32.2344,-0.213365,0.181784,0.959911
0,0,-0.654846,-0.750166,0.0918034
0,0,-0.435452,-0.893299,0.111347
0,0,0.361397,0.908012,0.211912
0,0,0.510989,0.0441154,0.858454
0,0,0.464359,0.787236,0.405746
0,0,0.0915377,-0.740775,0.665487
0,0,-0.696757,0.715408,0.0521628
22.8846,30.9171,0.6247,-0.770115,-0.129124
0,0,-0.0423959,-0.799036,0.599787
0,0,0.448409,-0.203201,0.870424
0,0,0.322811,-0.736661,0.594242
0,0,0.501459,-0.466578,0.72859
0,0,-0.4315,-0.444427,0.785043
0,0,0.829124,-0.507379,0.234776
0,0,0.516071,0.0143653,0.856425
0,0,0.539791,0.620755,0.568584
0,0,0.34466,-0.931454,0.116629
0,0,-0.00786022,-0.800405,0.599408
0,0,0.150856,0.747185,0.647269
0,0,-0.475425,-0.38401,0.791522
0,0,0.781459,0.313689,0.53937
0,0,0.624081,0.201516,0.754927
0,0,-0.797868,-0.592824,0.109391
0,0,-0.191588,-0.915643,0.353399
0,0,0.347122,0.937142,0.0356584
0,0,-0.238653,-0.353408,0.904515
0,0,-0.210267,0.627423,0.749752
0,0,0.507373,-0.814715,0.280733
0,0,-0.702414,-0.492965,0.51342
0,0,0.170598,0.411994,0.895074
0,0,0.589817,-0.695039,0.41114
0,0,-0.0568854,-0.978483,0.198329
0,0,0.456554,-0.476019,0.751641
0,0,0.425979,-0.730382,0.533932
0,0,0.296044,-0.452611,0.841131
0,0,0.749407,0.0545235,0.659861
0,0,0.683482,0.327463,0.652395
0,0,-0.12301,0.759466,0.638812
0,0,-0.872069,0.438205,0.21788
0,0,0.456497,-0.71547,0.528879
0,0,0.0410563,0.993829,0.103043
0,0,-0.432401,-0.235875,0.870283
0,0,0.0913677,-0.790954,0.605016
0,0,0.176708,0.384828,0.905915
0,0,0.783256,0.271561,0.559254
0,0,0.109988,-0.984375,0.137506
0,0,0.630407,-0.676117,0.381382
0,0,-0.49518,-0.116944,0.860884
0,0,0.732888,0.680279,0.00975977
0,0,-0.546774,0.415452,0.726938
0,0,-0.633234,-0.0678034,0.770985
0,0,-0.0817952,0.91454,0.39614
0,0,-0.334186,0.87527,0.349603
0,0,-0.382167,-0.0592364,0.922193
0,0,-0.537115,0.635739,0.554386
0,0,-0.701326,-0.0343117,0.712014
0,0,-0.0726277,0.988912,0.12953
0,0,-0.526464,0.850196,0.00151223
0,0,0.572806,-0.686536,0.447841
0,0,-0.944174,-0.0508962,0.325492
0,0,-0.491147,0.425221,0.760238
0,0,0.821017,-0.227996,0.523402
0,0,0.350302,0.747204,0.564778
0,0,0.844871,-0.128247,0.51937
0,0,0.141962,-0.976213,0.163878
0,0,0.443461,0.425214,0.789009
0,0,0.879679,-0.457747,0.128971
0,0,0.709195,0.0895185,0.699306
0,0,0.176427,-0.404531,0.897345
0,0,0.947988,-0.316568,0.0332314
0,0,0.730797,-0.50873,0.455115
0,0,-0.400906,0.305126,0.863812
0,0,0.0644413,0.97854,0.195722
0,0,-0.108986,-0.928763,0.354291
0,0,0.369133,-0.492777,0.787979
0,0,0.636274,0.578622,0.510246
0,0,-0.157868,0.984664,0.0742555
0,0,0.311598,0.896719,0.314329
0,0,-0.854289,-0.472684,0.216242
0,0,0.391357,0.777195,0.492755
0,0,-0.779712,-0.273694,0.563153
0,0,-0.57881,-0.0281343,0.814977
0,0,0.118808,0.641641,0.757748
9.79451,13.9718,0.0182523,0.999745,-0.0133317
23.6768,31.8682,-0.130201,0.127618,0.98324
0,0,-0.481494,0.87382,0.0678435
0,0,0.0944784,-0.20226,0.974764
0,0,-0.498531,-0.848136,0.179255
0,0,0.0585975,-0.189071,0.980213
0,0,-0.861041,-0.0774994,0.502595
4.16269,7.09385,-0.266306,-0.165304,0.949608
0,0,0.483021,0.740217,0.467729
0,0,0.990717,0.0875664,0.103983
0,0,-0.150224,0.763078,0.628606
0,0,0.390333,0.892731,0.225104
0,0,-0.342525,-0.888803,0.304475
0,0,0.23589,-0.967651,0.0894809
0,0,-0.934047,-0.304863,0.186053
0,0,0.0434179,-0.720813,0.691769
0,0,0.777913,-0.432624,0.455728
0,0,0.090718,-0.995828,0.00979723
0,0,0.974733,-0.126337,0.184215
0,0,-0.524724,0.243113,0.815819
0,0,-0.253298,0.779996,0.57223
0,0,-0.279659,-0.741973,0.609316
0,0,0.969187,0.142063,0.201231
0,0,-0.376079,0.729856,0.570854
0,0,-0.396624,0.641376,0.656754
0,0,-0.601071,0.349324,0.718809
0,0,0.564726,0.797771,0.211294
0,0,-0.91423,0.115806,0.388295
0,0,-0.61551,0.78808,0.00879801
0,0,0.428292,-0.620502,0.656919
0,0,0.924662,-0.149543,0.350197
0,0,0.859228,-0.423874,0.286457
0,0,-0.834297,0.0417478,0.549732
0,0,-0.886469,0.343404,0.310237
0,0,-0.00304783,0.962132,0.272568
0,0,0.0823827,-0.942711,0.323279
0,0,-0.362494,-0.42589,0.828985
0,0,-0.994539,0.0508869,0.0911236
0,0,0.17814,0.808999,0.560166
0,0,-0.225663,0.839251,0.494705
0,0,0.464157,0.176455,0.867999
15.886,21.301,-0.00628226,-0.235234,0.971918
0,0,-0.266249,-0.955711,0.125415
0,0,0.0867176,0.501516,0.860791
0,0,0.941791,-0.253559,0.220764
0,0,0.495471,0.154923,0.854697
0,0,-0.82438,-0.433918,0.363472
0,0,0.558575,-0.793655,0.241053
0,0,0.91537,-0.0773819,0.395108
0,0,0.608105,0.641759,0.467284
0,0,-0.575936,0.744388,0.337912
0,0,-0.260023,-0.898297,0.354191
0,0,-0.0177778,-0.994428,0.103912
0,0,0.823838,-0.219795,0.522475
0,0,0.156446,-0.0161259,0.987555
0,0,0.990018,0.131476,0.0507806
0,0,0.359299,0.298572,0.884171
0,0,0.688993,-0.646446,0.327714
0,0,-0.262326,-0.948317,0.17855
0,0,-0.636103,-0.382789,0.669959
0,0,0.568346,-0.479976,0.668286
0,0,-0.0145347,0.777229,0.62905
0,0,-0.245272,-0.372988,0.89483
0,0,-0.723367,-0.690113,0.0220085
0,0,-0.312025,0.94975,0.0248125
0,0,0.989193,-0.126701,0.0737829
0,0,-0.0298855,0.817676,0.574902
0,0,0.688145,-0.118792,0.715783
0,0,0.00444977,0.916667,0.399626
0,0,-0.251308,-0.58425,0.771684
0,0,-0.958827,0.102033,0.265027
0,0,-0.87957,-0.332261,0.340528
0,0,0.358654,0.108664,0.927124
0,0,0.642935,0.763718,0.0580503
0,0,-0.377484,-0.16347,0.911473
0,0,0.96567,0.254286,0.0530977
0,0,0.904793,-0.39661,0.15508
0,0,0.374767,0.926297,0.0390319
0,0,0.630549,0.210749,0.746989
0,0,0.616956,0.664463,0.421728
0,0,-0.32261,0.939336,0.116494
0,0,-0.156631,-0.624947,0.764793
0,0,-0.97563,-0.15798,0.15228
0,0,-0.84169,0.450188,0.298142
0,0,-0.583242,0.307867,0.751696
0,0,0.227539,-0.64089,0.733134
0,0,-0.216347,0.967034,0.134309
0,0,-0.36303,-0.507808,0.781243
16.8956,24.5344,-0.751887,0.337135,0.566574
0,0,0.733831,-0.51092,0.447719
0,0,0.0571047,0.169661,0.983847
0,0,-0.585662,0.467897,0.661871
0,0,-0.230618,0.66957,0.706039
0,0,0.314252,-0.90765,0.27824
0,0,0.729559,0.581189,0.360505
0,0,0.457822,-0.650713,0.605781
0,0,0.656173,-0.754585,0.00613283
0,0,0.770893,-0.633533,0.0660367
0,0,-0.823766,0.25994,0.503827
0,0,0.631177,-0.424728,0.649016
0,0,0.462683,-0.832187,0.305598
0,0,0.368278,-0.725288,0.58166
0,0,-0.879078,0.222386,0.421623
0,0,-0.557326,0.829994,0.0222963
0,0,0.420769,-0.893666,0.155931
0,0,0.957804,0.260259,0.121971
6.01681,9.34754,0.301046,-0.106657,0.947626
0,0,-0.722915,0.524704,0.449532
0,0,-0.49037,-0.553555,0.673138
0,0,-0.485859,-0.833505,0.26308
0,0,-0.279436,-0.105678,0.954331
0,0,-0.401266,0.481919,0.778935
0,0,-0.503957,0.851453,0.145105
0,0,-0.0922758,0.925329,0.367766
0,0,0.940451,0.0211006,0.339272
0,0,0.605225,-0.437501,0.665053
0,0,-0.883638,0.119117,0.452763
0,0,-0.98622,-0.110839,0.122824
0,0,-0.477282,0.431737,0.76538
7.76898,11.0804,-0.0381867,0.6082,0.792865
0,0,-0.462183,-0.841509,0.279732
0,0,-0.873683,0.373065,0.31225
0,0,-0.464743,0.199579,0.86266
0,0,-0.181152,-0.382414,0.906059
0,0,0.657492,-0.594925,0.462351
0,0,-0.412243,0.601298,0.684469
0,0,0.152026,0.676357,0.720714
0,0,-0.740464,0.614931,0.271243
0,0,-0.243609,-0.778041,0.579057
0,0,-0.49505,0.543673,0.67775
0,0,0.325917,0.896151,0.301151
0,0,-0.0619091,-0.997352,0.0381713
0,0,0.658088,-0.0290847,0.752379
0,0,-0.0920727,-0.579591,0.809689
0,0,-0.557068,0.660435,0.503488
0,0,-0.283497,0.127347,0.95048
0,0,-0.675026,0.226934,0.702027
0,0,-0.379725,0.370346,0.847734
0,0,0.341385,-0.398537,0.851249
0,0,-0.946858,0.315034,0.0649101
0,0,-0.883589,-0.466945,0.0351068
0,0,0.0299673,-0.865613,0.499816
0,0,0.316378,-0.552792,0.770925
0,0,-0.812261,0.306558,0.49624
0,0,0.583414,0.292191,0.757795
0,0,-0.257339,0.436107,0.862315
0,0,0.385882,0.87842,0.281909
0,0,0.585624,0.409982,0.699256
0,0,0.189576,-0.929389,0.316697
0,0,-0.315534,-0.917223,0.243188
0,0,-0.0208593,-0.989065,0.145998
0,0,0.880878,-0.472251,0.0321298
0,0,-0.240267,-0.96527,0.10259
0,0,-0.148045,0.593794,0.790881
0,0,0.670244,0.25562,0.696729
0,0,0.566837,0.806849,0.166403
0,0,0.98507,-0.171512,0.0148757
0,0,-0.172484,-0.729758,0.661591
0,0,-0.592254,0.796848,0.11945
0,0,0.394267,-0.2524,0.883656
0,0,0.459142,0.342286,0.819773
0,0,0.185359,-0.440105,0.878607
0,0,0.858863,0.498307,0.118505
0,0,0.58347,-0.759661,0.287189
0,0,-0.436713,0.543815,0.716622
0,0,0.360906,-0.168221,0.917305
0,0,-0.777203,0.627156,0.0512886
0,0,-0.324418,0.890123,0.320052
0,0,0.974189,0.225679,0.00489645
0,0,-0.921835,0.387576,0.00204376
0,0,0.647061,0.707313,0.284642
0,0,-0.688312,0.688609,0.228133
0,0,-0.502642,0.460414,0.73169
0,0,-0.365994,0.891718,0.266246
0,0,0.359804,-0.808407,0.465853
0,0,-0.251295,0.706578,0.661513
0,0,-0.668186,-0.703266,0.242787
0,0,-0.671066,-0.684156,0.285658
0,0,0.0929082,-0.954619,0.282966
0,0,-0.612981,0.728401,0.306081
0,0,0.730184,0.0140332,0.683106
0,0,0.594074,0.80243,0.0564159
0,0,0.862888,-0.160015,0.479395
0,0,0.975976,0.120528,0.181506
0,0,-0.703447,0.257894,0.662308
1.18754,1.65239,0.209728,-0.97026,-0.120873
0,0,0.788945,0.387304,0.477035
0,0,-0.601346,0.261328,0.755044
0,0,-0.257738,-0.439657,0.860391
0,0,0.523468,0.413638,0.744906
0,0,0.192044,-0.573406,0.796445
0,0,-0.793417,-0.159948,0.587287
0,0,0.72259,0.580678,0.37507
0,0,0.474585,-0.484404,0.73493
0,0,0.361424,0.239805,0.901036
0,0,0.275998,0.46403,0.841725
0,0,-0.979246,-0.136662,0.149668
0,0,-0.542857,0.736655,0.403294
0,0,-0.83269,0.546563,0.088866
0,0,0.442475,0.337391,0.830893
0,0,0.54616,-0.823522,0.153366
0,0,-0.723084,0.00999539,0.690688
0,0,-0.916211,-0.234157,0.325157
0,0,0.698757,0.69437,0.172016
0,0,0.408208,-0.344158,0.84553
0,0,-0.314731,-0.733862,0.601989
0,0,0.237413,-0.0901914,0.967213
0,0,-0.181365,0.867185,0.463786
0,0,-0.742744,-0.0718593,0.665708
0,0,0.102435,-0.809661,0.577889
0,0,-0.294629,0.0533901,0.954119
0,0,-0.600374,0.218991,0.769151
0,0,0.258038,0.645873,0.718515
0,0,0.690735,-0.456012,0.561193
0,0,0.38036,0.807936,0.450072
0,0,-0.536712,0.814637,0.219789
12.8627,17.3911,-0.449561,0.749541,0.485883
0,0,0.0677998,-0.890002,0.450888
0,0,0.761022,-0.35032,0.546004
0,0,-0.607755,-0.417733,0.675376
0,0,-0.914839,0.280893,0.290119
0,0,0.658987,0.168969,0.732929
0,0,0.372365,0.873377,0.313937
0,0,-0.667832,-0.074701,0.740554
0,0,-0.229188,-0.891755,0.390187
0,0,0.445745,-0.00114409,0.895159
0,0,-0.582538,0.619526,0.526152
19.4101,26.937,-0.208007,-0.000257562,0.978127
0,0,-0.520243,0.266375,0.811413
0,0,-0.0584796,0.771816,0.633151
0,0,0.457029,0.208395,0.864694
0,0,-0.109782,0.368387,0.923168
0,0,-0.983651,0.159074,0.0844172
0,0,-0.829713,-0.396024,0.393371
0,0,-0.135371,0.405537,0.903999
0,0,-0.614766,-0.497253,0.612211
0,0,-0.753624,0.65503,0.054654
0,0,0.315836,-0.426639,0.847482
0,0,-0.770451,-0.432225,0.4686
0,0,0.138419,-0.954804,0.263039
0,0,-0.935743,-0.0199907,0.352116
0,0,-0.787986,-0.534971,0.304768
0,0,-0.193251,-0.655789,0.729791
0,0,-0.583648,0.284479,0.760544
0,0,-0.782589,-0.0309538,0.621769
0,0,0.10023,-0.27523,0.956139
0,0,-0.763258,0.541684,0.352158
0,0,-0.162686,-0.986083,0.0342639
0,0,0.613872,0.761178,0.209211
0,0,-0.74671,-0.360839,0.558766
0,0,0.0292245,-0.148091,0.988542
0,0,0.808435,0.569299,0.149439
0,0,0.29259,-0.955909,0.0250717
18.8719,27.1375,-0.235149,0.0546889,0.97042
0,0,0.972871,-0.148723,0.177211
0,0,-0.0479138,-0.721729,0.690515
0,0,0.656887,-0.409952,0.632802
0,0,-0.437145,-0.884281,0.164167
0,0,-0.731683,0.211553,0.647985
0,0,0.721831,-0.588953,0.363448
0,0,-0.762929,0.355534,0.539941
0,0,0.704389,0.436419,0.559798
0,0,0.216691,-0.94805,0.232906
0,0,0.991951,0.00778224,0.126386
0,0,-0.911901,0.0374869,0.408696
0,0,-0.982817,0.184166,0.0123913
0,0,-0.631033,0.771799,0.0782526
0,0,-0.648249,0.494044,0.579392
0,0,-0.637833,0.464585,0.614272
0,0,-0.869827,0.37777,0.317317
0,0,0.317322,0.433526,0.843423
0,0,0.120933,-0.411487,0.903357
0,0,-0.672769,-0.71251,0.199276
0,0,-0.975208,-0.174652,0.135892
0,0,0.441262,0.0829348,0.893538
0,0,-0.279854,-0.774889,0.566771
0,0,0.909008,0.184906,0.373515
0,0,-0.141976,0.490381,0.859866
0,0,-0.478307,-0.601292,0.640055
0,0,-0.861809,0.180398,0.47407
0,0,-0.772173,-0.596263,0.21959
0,0,0.182643,0.130282,0.974509
0,0,-0.652799,-0.671678,0.350289
0,0,-0.504981,0.689398,0.519349
0,0,0.642188,0.760903,0.0928512
0,0,-0.814685,0.576847,0.0594648
0,0,-0.592536,-0.804812,0.0343442
0,0,0.224895,0.95534,0.191697
0,0,0.47008,-0.274551,0.838836
16.3807,22.4376,0.0550135,0.231125,0.971367
0,0,0.514506,-0.618895,0.593509
0,0,-0.613572,-0.688515,0.386622
0,0,-0.607147,0.786228,0.114969
0,0,0.826084,-0.175858,0.535406
0,0,0.818313,0.525208,0.233494
0,0,-0.165388,0.693273,0.701441
0,0,-0.380768,-0.717459,0.583325
0,0,0.642611,0.193948,0.741239
0,0,0.20818,0.973779,0.0917365
0,0,-0.175342,0.943004,0.28284
0,0,-0.973634,-0.175652,0.145547
0,0,0.264606,0.424243,0.866026
0,0,0.48737,-0.756248,0.436531
0,0,-0.176296,-0.879388,0.442263
0,0,-0.169042,-0.856623,0.487465
0,0,0.349982,0.854572,0.383691
0,0,0.411004,0.366339,0.834788
0,0,-0.898985,-0.315992,0.303273
0,0,0.860047,0.509351,0.0296764
0,0,0.442833,-0.483357,0.755159
0,0,0.823972,0.557021,0.103915
0,0,-0.635317,-0.168022,0.753751
0,0,-0.110889,0.354255,0.928551
0,0,-0.384913,0.874308,0.295681
0,0,0.624924,0.294458,0.723025
0,0,-0.549065,0.763631,0.339698
0,0,0.499746,0.836224,0.225796
0,0,-0.00903827,0.523291,0.852106
0,0,-0.357252,-0.9011,0.245745
0,0,-0.213281,-0.522532,0.825513
0,0,-0.246855,-0.397141,0.883936
0,0,0.344545,0.60562,0.717296
0,0,-0.312671,0.837976,0.44725
0,0,0.339096,0.386307,0.857777
0,0,0.0655927,-0.518803,0.852374
0,0,0.980425,0.0889181,0.175672
0,0,0.752512,-0.0562942,0.656169
0,0,-0.372258,-0.714723,0.592111
0,0,-0.260053,0.365603,0.893704
0,0,-0.737936,0.668415,0.0931183
0,0,0.143743,-0.959884,0.24075
0,0,-0.16968,0.754117,0.634441
0,0,-0.57576,0.308178,0.757315
0,0,-0.306515,0.546394,0.779425
0,0,-0.855066,-0.0626272,0.514723
0,0,-0.731441,0.551428,0.40115
0,0,0.780899,0.621825,0.0594161
0,0,-0.741392,-0.667782,0.0663809
0,0,0.214788,-0.522218,0.825321
0,0,-0.539435,0.0984205,0.836256
0,0,-0.369796,-0.899914,0.231099
0,0,0.831395,-0.517684,0.201954
0,0,0.540077,0.353762,0.763655
0,0,0.996492,0.0749143,0.0372973
0,0,0.681678,0.440583,0.584124
0,0,-0.686898,-0.685108,0.242483
0,0,-0.55502,-0.324107,0.766099
0,0,0.616894,-0.783393,0.0757417
0,0,0.212406,0.419807,0.882409
0,0,-0.803264,-0.387769,0.452107
0,0,0.290376,0.202166,0.935313
0,0,-0.775134,-0.565195,0.282351
0,0,-0.0297661,0.608627,0.792898
0,0,0.711308,0.597064,0.370885
0,0,-0.512293,0.440185,0.737423
12.5035,17.7835,0.343224,-0.355924,0.869204
0,0,-0.151145,-0.623463,0.767104
0,0,0.694686,0.212481,0.687214
0,0,0.832901,0.32491,0.448005
0,0,0.2818,-0.710321,0.645006
0,0,-0.347748,-0.605378,0.715953
0,0,0.0713446,-0.267463,0.960923
0,0,0.666327,-0.331163,0.668087
0,0,-0.797552,-0.126514,0.589835
0,0,-0.379095,-0.882694,0.277736
0,0,0.423034,-0.287335,0.859349
0,0,0.875207,0.170102,0.452855
0,0,-0.483507,0.202518,0.851591
0,0,-0.812932,-0.295985,0.501532
0,0,0.80864,0.0705687,0.584056
0,0,0.693426,-0.109559,0.71215
0,0,-0.411938,0.794143,0.446815
0,0,0.429437,-0.834323,0.345673
0,0,-0.369067,0.38744,0.844796
0,0,-0.166181,0.469573,0.867113
0,0,0.203552,-0.772346,0.601705
0,0,0.80973,0.260656,0.525734
0,0,0.760814,0.0933587,0.64222
0,0,0.1214,-0.881613,0.456092
0,0,-0.557072,0.31831,0.767039
0,0,0.195569,0.105149,0.975037
0,0,0.398262,0.917144,0.0153059
0,0,-0.11168,0.980954,0.158926
0,0,-0.850634,0.348898,0.393309
0,0,0.393888,0.140831,0.908306
0,0,-0.408144,-0.070419,0.910197
0,0,0.0288489,-0.399695,0.916194
0,0,-0.184689,0.979023,0.0860433
0,0,0.805451,0.301145,0.51045
8.47644,12.7085,0.0646198,0.316591,0.946359
0,0,-0.779064,0.259808,0.570578
0,0,0.414137,0.0894695,0.905807
0,0,0.433736,-0.757233,0.488335
0,0,0.0930488,0.930391,0.354563
0,0,-0.867634,0.236688,0.437252
0,0,-0.750563,0.10323,0.652685
0,0,0.17547,-0.417823,0.891423
0,0,0.9078,0.403279,0.115176
0,0,-0.26437,-0.57464,0.77453
0,0,-0.272859,0.529901,0.802965
0,0,0.488722,-0.479044,0.729156
0,0,0.163811,0.410211,0.897158
0,0,0.385267,0.746348,0.54271
0,0,0.999543,-0.00815671,0.0291031
0,0,0.052161,0.719912,0.692102
0,0,-0.982231,-0.131664,0.13374
0,0,-0.875376,0.178576,0.449253
0,0,-0.961377,-0.0118296,0.27498
0,0,0.865262,0.319521,0.386301
0,0,0.146409,0.878283,0.455174
0,0,0.378839,0.336748,0.862022
0,0,0.865651,0.470362,0.171487
0,0,0.739838,-0.386071,0.550989
0,0,-0.28758,-0.612307,0.736463
0,0,-0.346651,0.935756,0.0647591
7.53996,10.7078,0.864127,0.0314634,-0.502289
0,0,-0.0351388,0.575883,0.816777
0,0,-0.318238,0.826034,0.46518
0,0,-0.344184,0.299984,0.889689
0,0,0.750786,0.653206,0.0981966
0,0,0.837178,-0.358404,0.413135
0,0,-0.353689,0.817242,0.454994
0,0,-0.724049,-0.39571,0.564949
0,0,0.664913,-0.718888,0.202706
0,0,0.287869,0.509394,0.810956
0,0,0.558478,-0.107098,0.822577
0,0,0.684247,0.476989,0.551623
0,0,-0.128765,0.578305,0.805595
0,0,0.0322107,0.567992,0.822404
0,0,0.523412,-0.837205,0.158518
0,0,-0.0499388,0.027695,0.998368
0,0,-0.963311,0.16056,0.215066
0,0,-0.941951,0.262379,0.209488
0,0,0.644768,-0.61504,0.453872
0,0,0.266523,-0.119924,0.956339
0,0,-0.861138,0.333969,0.383284
0,0,-0.85654,0.466529,0.22066
0,0,-0.234897,-0.615133,0.752619
0,0,0.512356,-0.278267,0.81244
0,0,0.153269,0.690178,0.707222
0,0,-0.294694,-0.908289,0.29693
0,0,-0.796914,-0.0346332,0.603099
0,0,-0.696431,-0.0296573,0.71701
0,0,-0.207798,-0.328042,0.921525
0,0,0.346518,-0.545411,0.763185
0,0,0.928079,0.358475,0.100824
0,0,-0.806678,-0.588135,0.0580344
0,0,-0.283004,0.928712,0.239589
0,0,-0.161615,0.887888,0.430739
0,0,0.751226,-0.617794,0.232358
0,0,-0.450106,-0.429895,0.782684
0,0,0.401505,-0.810983,0.425558
0,0,-0.816069,0.572974,0.0757171
0,0,-0.159618,-0.341591,0.926195
0,0,-0.296846,-0.712884,0.635357
0,0,0.874689,-0.435227,-0.213301
0,0,-0.999714,0.0206007,0.0121081
0,0,0.520383,-0.243324,0.818532
0,0,0.185837,-0.740774,0.645537
0,0,0.814519,0.554582,0.170288
0,0,0.254586,0.189321,0.948337
0,0,0.322749,-0.621204,0.7141
0,0,-0.824516,0.262131,0.501459
0,0,0.465448,-0.59776,0.652718
0,0,-0.73823,-0.148909,0.657908
0,0,0.658292,-0.556059,0.507395
0,0,-0.829151,-0.0587435,0.55593
0,0,-0.598188,-0.760165,0.253616
0,0,-0.765859,0.595484,0.242608
0,0,0.414362,0.156703,0.89652
0,0,-0.728824,0.216566,0.64955
0,0,0.849345,-0.205398,0.486235
0,0,-0.913627,-0.00216145,0.406548
0,0,-0.396992,-0.88373,0.247827
0,0,0.141374,0.989609,0.026202
0,0,0.32998,-0.375246,0.866201
0,0,0.253622,-0.788284,0.560611
0,0,-0.164234,-0.974338,0.153926
0,0,0.596852,-0.63107,0.495498
0,0,0.0217077,-0.741804,0.670266
0,0,0.483247,-0.186083,0.85548
11.0068,16.5503,-0.227945,0.125617,0.965537
19.1538,29.654,0.208717,0.911286,-0.354958
0,0,0.754789,0.221669,0.617378
0,0,-0.831842,-0.489585,0.261429
0,0,0.393241,0.821497,0.412921
0,0,0.677221,0.549513,0.489293
0,0,0.826006,0.526146,0.202199
0,0,-0.747052,0.488194,0.451198
0,0,-0.25866,0.946959,0.190694
0,0,-0.848608,-0.30155,0.434663
0,0,0.91211,0.000428073,0.409946
0,0,-0.271282,0.0920325,0.95809
0,0,0.0433162,0.877765,0.477129
0,0,-0.0410779,0.998797,0.0267848
0,0,0.0716527,0.845302,0.529462
0,0,0.498866,-0.734111,0.460666
0,0,0.215259,-0.873893,0.43586
0,0,-0.745791,0.457687,0.484063
0,0,0.0799653,0.979494,0.184926
0,0,0.778154,0.0741706,0.623679
0,0,0.278558,-0.776525,0.565168
0,0,-0.0501727,0.973006,0.225258
0,0,-0.619485,0.654914,0.432812
0,0,-0.870116,-0.414336,0.266877
0,0,0.732633,0.659824,0.166976
0,0,0.198204,-0.512079,0.835757
0,0,-0.707805,-0.495403,0.503575
0,0,-0.637102,-0.759008,0.134193
0,0,-0.0816981,-0.640968,0.763207
0,0,-0.574699,-0.532208,0.621672
0,0,-0.973095,-0.203425,0.108188
0,0,-0.799304,-0.211243,0.562574
0,0,-0.139989,-0.90154,0.409426
0,0,0.966263,0.127816,0.223602
4.82456,6.75038,0.0862318,0.0879642,0.992384
0,0,-0.280133,-0.706044,0.650406
0,0,-0.103305,0.994581,0.0116922
0,0,0.870633,0.480245,0.106601
0,0,-0.528309,-0.349723,0.773682
0,0,-0.468889,0.688676,0.553053
0,0,0.868124,0.484173,0.109255
0,0,-0.236281,-0.970428,0.0493999
0,0,-0.699397,0.66371,0.265204
0,0,-0.479655,0.366668,0.797174
0,0,0.828565,-0.472782,0.299929
0,0,-0.912273,-0.140395,0.38477
0,0,-0.176983,-0.570697,0.801862
0,0,-0.665437,-0.703027,0.250893
0,0,0.969825,-0.0804061,0.230163
0,0,-0.139677,-0.53536,0.832994
0,0,0.0742986,-0.867883,0.491182
0,0,0.0767968,0.993478,0.0842782
0,0,0.634249,0.583208,0.50754
0,0,-0.634914,-0.363326,0.68182
23.6639,35.5059,0.323743,0.757474,0.566943
0,0,0.36973,-0.707302,0.602514
0,0,-0.707535,0.531638,0.465569
0,0,-0.342462,-0.679789,0.648542
0,0,0.361118,0.742765,0.563821
0,0,0.79786,0.268368,0.539812
0,0,0.298263,-0.560028,0.772922
0,0,-0.900377,-0.274271,0.337781
0,0,0.304627,-0.733782,0.607261
0,0,-0.563035,-0.474786,0.676439
0,0,0.320294,0.863848,0.388818
0,0,-0.676575,0.370011,0.636661
0,0,-0.0305802,-0.995359,0.0912471
0,0,0.236627,-0.712575,0.660488
0,0,-0.000898932,0.595418,0.803415
0,0,-0.080487,-0.989529,0.119806
0,0,0.530834,0.405986,0.743902
0,0,0.276369,0.0554218,0.959452
0,0,0.614765,-0.100235,0.782315
0,0,-0.136951,-0.950888,0.277591
0,0,-0.0418143,-0.773192,0.632792
0,0,-0.273419,0.603168,0.749286
0,0,0.408574,-0.569542,0.713224
0,0,0.956406,-0.186526,0.224713
0,0,0.379142,-0.651845,0.656772
0,0,-0.56907,0.783009,0.251109
0,0,0.942113,0.234074,0.240067
0,0,-0.874134,-0.436258,0.213466
0,0,-0.151856,0.429985,0.889973
0,0,0.856198,-0.455933,0.243
0,0,0.489926,-0.357461,0.795107
0,0,0.397386,0.412725,0.819599
0,0,0.000219683,-0.898564,0.438843
0,0,-0.692338,0.579717,0.429647
0,0,0.647701,-0.0721312,0.758473
0,0,0.440327,-0.545102,0.713426
0,0,0.0554216,0.794385,0.60488
0,0,0.11369,0.554445,0.824418
0,0,0.102571,0.893309,0.437582
0,0,0.480231,-0.353354,0.802819
0,0,-0.109597,-0.535221,0.837572
19.0814,26.2656,0.961905,0.139736,0.234976
0,0,0.0742328,0.55922,0.825689
0,0,0.142999,-0.957048,0.252212
0,0,0.617562,0.784522,0.0560574
0,0,0.574435,0.640278,0.50997
0,0,0.401354,0.0812687,0.91231
0,0,0.863611,0.475174,0.168479
0,0,0.119465,0.506159,0.854126
0,0,0.640108,-0.201861,0.741292
0,0,-0.769966,0.347267,0.53531
0,0,-0.0370271,-0.480116,0.876423
0,0,-0.759811,-0.194364,0.620411
0,0,0.790206,0.579197,0.200262
0,0,-0.571626,-0.236912,0.785568
0,0,0.173767,-0.953294,0.247053
0,0,0.158142,-0.811104,0.563117
0,0,-0.334703,-0.496942,0.800639
0,0,0.580476,-0.810955,0.073489
16.5194,24.7819,0.581383,0.17234,0.795168
0,0,-0.995882,-0.073253,0.0534087
0,0,-0.173194,-0.984856,0.00790816
0,0,-0.423639,0.318821,0.84787
0,0,0.224259,0.396532,0.890208
0,0,-0.712917,-0.408787,0.569774
0,0,-0.963191,0.262244,0.0590926
0,0,0.914361,-0.101687,0.391923
0,0,-0.464597,-0.747802,0.474281
0,0,0.707068,-0.358533,0.609515
0,0,-0.160963,0.676346,0.718781
0,0,-0.146495,-0.896589,0.417932
0,0,0.847611,-0.316219,0.4261
0,0,0.561857,-0.729322,0.390391
0,0,0.98645,-0.151794,0.0622486
0,0,0.42981,0.796688,0.424913
0,0,-0.984435,0.170806,0.0413867
0,0,-0.428166,0.875557,0.223772
0,0,-0.704182,-0.694739,0.146507
0,0,0.751738,-0.0633067,0.656416
0,0,0.492322,-0.360474,0.792261
0,0,0.709887,0.414456,0.569461
0,0,0.594475,-0.170392,0.785854
0,0,0.316354,0.84091,0.439079
0,0,0.881182,0.395297,0.259342
0,0,0.323257,-0.0894913,0.94207
23.8126,32.92,-0.325441,0.0466643,0.94441
0,0,-0.618812,-0.76745,0.167607
0,0,0.332971,-0.656626,0.676737
0,0,-0.558092,-0.0408902,0.828771
0,0,0.276726,0.329925,0.902536
0,0,-0.756438,0.256384,0.601721
0,0,0.398846,0.739505,0.542268
0,0,0.430623,0.725875,0.536348
0,0,0.462494,0.788397,0.405622
0,0,-0.0377862,0.522807,0.851613
16.7237,24.8333,0.381265,-0.196146,0.903418
0,0,-0.0365543,-0.602796,0.797058
0,0,-0.989628,0.136729,0.0440661
0,0,-0.601947,-0.797203,0.0461137
0,0,-0.495813,-0.0939789,0.863329
0,0,0.577627,-0.0520681,0.814638
0,0,0.840799,-0.0174046,0.541067
0,0,0.489146,-0.862212,0.131635
0,0,-0.733217,-0.540102,0.413137
0,0,-0.137909,-0.990213,0.021416
0,0,-0.621813,0.115252,0.774639
0,0,-0.611019,-0.680721,0.404073
0,0,0.680504,0.383944,0.624101
0,0,-0.328679,-0.596072,0.732577
0,0,-0.286883,-0.837283,0.465463
0,0,-0.0538728,-0.514764,0.855637
0,0,0.379944,0.4237,0.822266
0,0,0.382541,-0.67705,0.628702
0,0,-0.178176,-0.84923,0.497053
0,0,-0.54355,-0.244043,0.803117
0,0,0.0414393,-0.997731,0.0530597
0,0,-0.356304,0.577249,0.734732
0,0,-0.356686,-0.115008,0.927118
0,0,0.636152,0.627913,0.44837
0,0,-0.374906,0.922018,0.0965843
0,0,-0.651024,-0.561947,0.510278
0,0,-0.906349,-0.0299377,0.421467
0,0,0.607819,0.290849,0.738893
0,0,-0.831915,0.378937,0.405368
0,0,-0.309003,-0.915514,0.257587
0,0,-0.669974,0.432951,0.603065
0,0,-0.551416,-0.716049,0.428035
0,0,0.576844,0.801025,0.160035
0,0,-0.86207,-0.0241361,0.506214
0,0,-0.43824,-0.365696,0.821104
0,0,0.376162,-0.858038,0.349676
0,0,0.0572606,0.50904,0.858836
0,0,-0.752725,-0.425549,0.502309
0,0,-0.41389,-0.486378,0.769501
0,0,-0.602356,-0.695723,0.391326
0,0,0.0343874,-0.813854,0.58005
0,0,0.920741,0.276375,0.275415
0,0,-0.326642,-0.662049,0.674534
0,0,-0.275406,0.917193,0.287939
0,0,0.518741,0.399608,0.755792
0,0,-0.973833,-0.0762856,0.214081
0,0,0.023683,0.0281409,0.999323
0,0,-0.461364,0.883258,0.0836503
0,0,-0.808993,0.293896,0.509073
0,0,0.750174,0.659915,0.0418533
0,0,0.123995,-0.983371,0.132693
0,0,-0.968509,0.22479,0.107049
0,0,-0.552782,0.0474841,0.831972
0,0,-0.864224,0.502136,0.0312443
0,0,-0.801001,-0.533251,0.272103
0,0,0.112789,-0.993469,0.0172793
0,0,0.0691582,-0.587133,0.806531
0,0,0.996937,0.0597666,0.0504491
0,0,0.370116,0.218263,0.902981
0,0,0.955366,0.2355,0.178368
0,0,0.0917982,-0.961901,0.257525
0,0,0.14717,-0.8651,0.479523
0,0,-0.773248,0.364113,0.519142
0,0,-0.139723,0.587378,0.797161
0,0,-0.163529,-0.429255,0.888256
0,0,-0.264935,-0.0669693,0.961938
0,0,-0.462644,0.429392,0.775618
0,0,-0.784578,-0.446626,0.430073
0,0,0.919439,0.393203,0.00492817
0,0,-0.224812,0.653424,0.72284
0,0,-0.375024,-0.450915,0.809958
0,0,-0.555222,0.0786657,0.827973
0,0,0.329959,-0.898975,0.288047
0,0,0.380578,-0.899,0.216701
0,0,0.159031,-0.415662,0.895508
0,0,0.308329,0.58009,0.753942
0,0,0.415128,0.418286,0.807902
0,0,0.426702,-0.748634,0.507418
0,0,-0.633396,0.771029,0.0657578
0,0,0.33789,-0.938721,0.068068
0,0,-0.516054,-0.738595,0.433781
0,0,-0.932239,0.348967,0.0956739
0,0,-0.961849,0.259336,0.0871298
0,0,0.158605,0.805384,0.57114
0,0,0.956464,-0.271624,0.106756
0,0,-0.371637,-0.797902,0.474594
0,0,0.331433,0.917314,0.220652
0,0,0.785185,0.619178,0.0101517
0,0,-0.489284,-0.0899917,0.867469
0,0,-0.111127,-0.980783,0.160359
0,0,-0.00811524,-0.758667,0.651428
0,0,-0.633852,0.109635,0.765645
0,0,0.50829,-0.364321,0.780328
0,0,0.454875,-0.877125,0.15408
0,0,-0.519435,-0.846214,0.118783
0,0,0.057852,-0.849717,0.524056
0,0,0.581865,0.151519,0.799046
0,0,0.735452,0.4366,0.518162
0,0,0.461119,0.611372,0.643113
0,0,0.566627,0.460723,0.683131
0,0,-0.03537,-0.124996,0.991527
0,0,-0.869034,-0.170591,0.464413
0,0,-0.847738,-0.312287,0.428739
0,0,-0.671416,0.611827,0.418172
0,0,0.869779,-0.37866,0.316388
0,0,-0.215122,0.963188,0.161216
0,0,0.551287,0.765678,0.331392
0,0,0.828395,0.375372,0.415761
0,0,-0.449506,-0.462206,0.764402
0,0,-0.817891,-0.0467459,0.573471
0,0,-0.908152,0.268563,0.321144
0,0,0.377099,0.896808,0.231368
0,0,0.58336,-0.333285,0.740684
0,0,-0.835302,0.549361,0.0217484
0,0,-0.659984,-0.486168,0.572767
0,0,-0.780757,-0.62135,0.0659011
0,0,0.0893375,0.665921,0.740653
0,0,-0.240971,-0.844105,0.478977
0,0,-0.508176,-0.665636,0.546522
0,0,-0.832225,0.186178,0.522244
0,0,0.400405,0.303445,0.864637
0,0,0.260966,-0.781272,0.567019
0,0,0.783101,-0.556728,0.277139
0,0,0.550691,-0.773279,0.314291
0,0,0.365287,-0.911429,0.189376
0,0,0.692929,0.569166,0.442605
0,0,0.453233,0.816894,0.356742
0,0,0.540557,0.160244,0.825905
0,0,0.0464754,0.754349,0.654826
0,0,-0.640789,0.727167,0.246206
0,0,-0.588086,0.425694,0.687706
0,0,0.241959,-0.342591,0.907792
20.4303,28.6118,-0.679739,0.727533,0.0930113
0,0,-0.861073,0.468587,0.197434
0,0,0.0111636,0.972136,0.234153
0,0,-0.829127,0.415813,0.373696
0,0,0.231908,0.670249,0.704971
0,0,-0.80467,0.0434474,0.592131
0,0,0.345357,-0.813641,0.467672
0,0,-0.163698,-0.619613,0.767647
0,0,0.101713,-0.800613,0.590486
0,0,-0.744833,0.469035,0.474585
0,0,0.324309,0.721253,0.612061
0,0,-0.447264,-0.592854,0.669686
0,0,0.259171,-0.725877,0.637129
0,0,-0.632667,0.773777,0.0316505
0,0,0.317557,0.123145,0.940209
0,0,0.22665,0.50659,0.831863
0,0,-0.219379,-0.909154,0.353994
0,0,-0.953157,-0.302268,0.0112028
0,0,-0.257388,-0.00598269,0.96629
0,0,-0.719768,0.326111,0.61285
0,0,-0.274182,0.578395,0.768299
0,0,-0.165324,0.966443,0.196611
0,0,-0.10399,0.994575,0.00254892
0,0,-0.309353,0.545914,0.778639
0,0,0.549199,-0.82723,0.118621
0,0,-0.677399,-0.692645,0.247737
0,0,-0.917452,0.17956,0.35502
0,0,0.427806,-0.697591,0.574761
0,0,-0.595029,-0.582318,0.553937
0,0,-0.254232,-0.358641,0.898188
21.9153,32.7778,-0.439623,-0.529305,-0.72565
0,0,0.389032,0.0829951,0.917478
0,0,-0.747439,-0.301376,0.592036
0,0,0.976818,0.170702,0.12918
0,0,0.595904,-0.201371,0.777398
0,0,0.28457,-0.958026,0.0347426
0,0,0.546936,0.483008,0.683787
0,0,0.256606,-0.550675,0.794299
0,0,0.579571,0.311275,0.753131
0,0,-0.12597,-0.943222,0.30735
0,0,0.489683,-0.445156,0.749697
13.7472,17.9176,0.0373224,0.435338,0.899493
0,0,-0.395638,0.912526,0.103763
0,0,0.473383,-0.845044,0.248616
0,0,-0.0669436,-0.660596,0.747751
0,0,-0.696249,-0.625729,0.351712
0,0,-0.936179,0.0242542,0.350685
0,0,0.776375,0.62836,0.0490453
0,0,-0.659891,-0.749179,0.0572292
17.0041,25.301,-0.580522,-0.220339,0.783865
7.25591,9.34169,0.00631486,0.821053,-0.570818
0,0,0.0752048,-0.525621,0.847388
0,0,0.546358,0.63737,0.543372
0,0,-0.566849,0.750996,0.338655
0,0,0.539924,-0.65988,0.522532
0,0,-0.699194,0.710947,0.0753769
0,0,-0.0711227,0.662657,0.745538
0,0,0.85894,-0.487968,0.155273
0,0,-0.280832,0.813004,0.510057
0,0,-0.0856297,-0.697911,0.711047
0,0,0.869684,0.493526,0.00899435
0,0,0.404374,0.4404,0.801579
0,0,-0.0219661,0.818246,0.574448
0,0,0.57361,0.778155,0.255823
0,0,-0.900664,0.40632,0.153976
0,0,0.404207,-0.913414,0.047869
0,0,0.97014,-0.0109443,0.242299
0,0,-0.941841,-0.147456,0.301981
18.6567,26.5946,-0.0528584,-0.500534,0.864101
0,0,0.169947,-0.784624,0.596223
0,0,-0.767567,0.489701,0.413563
0,0,0.53828,0.320446,0.779467
0,0,-0.111038,0.412504,0.904163
0,0,0.316619,0.570291,0.757971
0,0,-0.362939,-0.301072,0.881834
12.6439,18.3717,0.135239,-0.286616,0.948452
0,0,0.706279,-0.204202,0.677843
0,0,0.0781348,0.700126,0.709731
0,0,0.7075,-0.422772,0.56631
0,0,0.989034,0.140554,0.0453375
0,0,0.919502,-0.320232,0.227962
0,0,0.323658,0.811839,0.485965
0,0,0.600439,0.165699,0.782315
0,0,-0.719751,-0.614476,0.323075
0,0,0.337071,-0.839354,0.42646
0,0,0.935266,-0.333507,0.118532
0,0,-0.848455,0.193272,0.492718
0,0,-0.00738964,-0.894029,0.447948
0,0,0.239511,-0.785376,0.570805
0,0,0.452446,-0.220374,0.864135
0,0,0.170223,0.775855,0.607513
0,0,-0.655671,0.125503,0.744543
0,0,-0.281536,-0.260024,0.923648
6.81243,9.85737,0.511555,0.187788,0.838479
0,0,0.759726,0.135,0.636075
0,0,-0.629025,0.764256,0.142269
0,0,-0.996007,0.0860205,0.0238863
0,0,0.560542,-0.218571,0.798761
0,0,0.743244,-0.127815,0.656697
0,0,-0.151217,0.261764,0.953212
0,0,0.959721,0.115308,0.256201
0,0,0.546141,0.409882,0.730567
0,0,-0.395484,-0.0938918,0.913661
0,0,-0.883086,-0.229048,0.409506
0,0,-0.916591,0.351034,0.191407
0,0,-0.0281333,-0.70648,0.707174
0,0,-0.0660403,-0.862152,0.502327
0,0,0.259721,-0.923462,0.282423
0,0,-0.627593,-0.778029,0.0282569
0,0,0.509469,-0.814265,0.278233
0,0,0.500544,-0.320833,0.804066
0,0,-0.985196,-0.0590187,0.160954
0,0,-0.524632,-0.776184,0.349714
0,0,0.293719,-0.937461,0.186808
0,0,0.82019,0.0312315,0.571239
0,0,-0.704296,-0.701667,0.107847
0,0,0.212005,-0.620887,0.754688
0,0,-0.344499,0.647497,0.679756
0,0,0.984061,-0.14137,0.107879
0,0,0.447827,0.681902,0.578326
0,0,0.869842,-0.455977,0.188309
0,0,0.117354,0.869974,0.478929
0,0,0.633047,0.247818,0.733374
0,0,0.163425,-0.89659,0.411606
0,0,-0.664774,-0.473651,0.577694
0,0,0.869913,-0.279686,0.406235
2.99285,5.02393,0.737132,0.039944,0.674567
0,0,0.363512,0.854459,0.37116
0,0,0.201698,0.281361,0.938165
0,0,0.792411,-0.504755,0.3425
0,0,0.543634,-0.237461,0.80503
0,0,0.425102,-0.845976,0.32189
0,0,-0.750106,0.102219,0.65337
0,0,-0.339617,-0.844169,0.414776
0,0,0.306163,0.278572,0.910309
0,0,0.299559,-0.335784,0.893036
0,0,0.43211,0.556281,0.709811
0,0,-0.081462,0.8294,0.552684
0,0,-0.135898,-0.909655,0.392503
0,0,-0.215939,-0.823244,0.525014
20.3014,29.4489,-0.211754,-0.182002,0.960227
0,0,-0.709982,-0.0752785,0.700185
0,0,0.195775,-0.320243,0.926885
0,0,-0.258515,0.801551,0.539153
0,0,0.440473,-0.202257,0.874686
0,0,-0.0932283,0.883922,0.458247
0,0,-0.159804,0.93437,0.318458
0,0,-0.20022,0.959928,0.196086
0,0,-0.881333,0.458625,0.113644
0,0,0.632156,0.38473,0.672578
0,0,0.740842,0.65613,0.143689
0,0,0.942174,0.187424,0.277813
0,0,0.906471,-0.0201644,0.421786
0,0,0.212958,-0.880122,0.424305
0,0,-0.301776,-0.870792,0.38814
0,0,-0.856536,-0.218661,0.467475
0,0,0.80193,-0.592353,0.0776288
0,0,0.941007,0.00556508,0.338341
0,0,-0.755993,-0.222724,0.615523
0,0,-0.695293,0.000225187,0.718727
0,0,-0.457115,-0.287224,0.841753
0,0,-0.534247,-0.845304,0.00643649
0,0,-0.729881,-0.175403,0.660687
0,0,0.50411,-0.733096,0.456555
0,0,0.193021,-0.92491,0.327543
0,0,0.849373,-0.227985,0.476012
0,0,0.421105,0.618433,0.663484
0,0,0.52698,-0.599056,0.602847
0,0,-0.158156,-0.86828,0.470188
0,0,0.706,-0.422915,0.568073
0,0,0.0576511,-0.969994,0.236194
0,0,0.766971,-0.617611,0.174106
0,0,-0.649891,-0.752781,0.104702
6.77201,9.84572,0.0579551,-0.00845825,0.998283
0,0,0.154772,-0.987554,0.0279614
0,0,0.504973,0.0588028,0.86113
0,0,0.255619,0.067774,0.964399
0,0,0.829573,-0.530642,0.17386
0,0,0.713933,0.0864881,0.694853
0,0,0.397582,-0.76952,0.499767
15.3263,22.8715,0.559601,-0.362555,0.745252
0,0,0.19583,0.674855,0.711492
0,0,0.121374,0.456732,0.881286
0,0,-0.542975,-0.381987,0.747839
0,0,0.982073,0.149223,0.115174
0,0,0.930746,-0.307835,0.197355
0,0,-0.21497,0.028326,0.97621
0,0,0.855647,0.421433,0.300437
0,0,-0.890767,-0.452547,0.0416543
0,0,-0.408784,-0.131668,0.903083
0,0,-0.186875,-0.946884,0.261703
0,0,0.74973,-0.386148,0.537396
0,0,0.460056,-0.725313,0.512123
0,0,-0.244544,0.838435,0.487057
0,0,-0.819779,0.380106,0.428348
0,0,-0.0352584,0.732172,0.680207
0,0,0.340723,-0.474952,0.811374
0,0,0.11279,-0.938489,0.326369
0,0,-0.348011,-0.889601,0.295802
0,0,0.7672,0.503943,0.396793
0,0,0.7783,-0.5861,0.225247
0,0,-0.628292,-0.0483444,0.776474
0,0,0.649888,0.757782,0.0584169
0,0,-0.825416,0.562748,0.0447651
0,0,0.0177655,-0.65846,0.752406
0,0,0.130902,-0.687507,0.714282
0,0,-0.626211,0.735591,0.25839
0,0,-0.865262,-0.0390848,0.499795
0,0,0.612704,0.768183,0.18571
0,0,-0.0670646,-0.077213,0.994756
0,0,-0.0420743,0.643227,0.764519
0,0,0.0137326,-0.885117,0.465166
0,0,-0.126622,-0.485745,0.864881
0,0,0.100208,-0.994498,0.0305181
0,0,-0.494285,0.868293,0.0418203
0,0,-0.0528584,0.896909,0.439045
0,0,0.959511,0.208527,0.189355
0,0,0.808753,0.578708,0.104959
0,0,-0.383276,-0.86306,0.328979
0,0,0.845204,-0.114251,0.522089
0,0,0.125305,0.0621124,0.990172
0,0,-0.212697,0.747375,0.629437
0,0,0.0882202,0.0380493,0.995374
0,0,-0.195536,-0.980641,0.0104733
0,0,-0.862544,0.0938148,0.497209
0,0,-0.584838,0.376936,0.71825
0,0,-0.80315,0.100315,0.587271
0,0,-0.91518,-0.398341,0.0614008
0,0,-0.69495,-0.696626,0.178204
0,0,0.402973,0.676388,0.616533
0,0,0.757369,-0.123851,0.641134
0,0,-0.825676,0.509851,0.241477
0,0,0.0388462,0.498522,0.866006
0,0,-0.454675,0.884421,0.105218
0,0,0.320165,-0.364188,0.874563
0,0,-0.373838,0.86452,0.335932
0,0,0.83765,-0.300489,0.456124
0,0,-0.492327,0.36218,0.791479
0,0,-0.510807,-0.319026,0.79831
0,0,-0.60439,0.248506,0.756939
0,0,-0.590916,0.620901,0.515073
0,0,0.0450525,-0.736878,0.674523
0,0,0.240442,0.531572,0.812169
0,0,0.485595,0.463253,0.741346
0,0,-0.104578,0.870991,0.48004
0,0,-0.583102,-0.288703,0.75937
0,0,0.80761,-0.0270851,0.589095
0,0,-0.87231,-0.463776,0.154875
0,0,0.461173,-0.838783,0.289418
0,0,0.941047,0.100378,0.323039
0,0,0.694582,-0.680341,0.233862
0,0,0.671299,-0.109805,0.733008
0,0,-0.357044,-0.111024,0.927466
0,0,-0.480485,-0.440573,0.758307
0,0,0.533453,-0.167483,0.829082
21.0863,29.8727,0.210086,-0.447183,0.86942
0,0,0.443008,-0.218325,0.869527
0,0,0.290545,0.816495,0.498918
0,0,-0.779105,-0.105401,0.61797
0,0,-0.238917,0.565168,0.789622
0,0,0.401218,-0.857207,0.32283
0,0,-0.697432,-0.242971,0.674206
0,0,0.875817,-0.472787,0.0970444
0,0,-0.976238,0.013881,0.216254
0,0,0.763099,0.462597,0.451313
0,0,0.316796,0.9154,0.248361
0,0,0.200167,0.0729292,0.977044
0,0,-0.18259,0.920307,0.34597
0,0,0.581747,0.808515,0.0887284
0,0,-0.0821134,0.447302,0.890606
7.38718,11.1227,0.571655,0.527546,0.628415
0,0,-0.473787,0.868915,0.143222
0,0,-0.881279,0.289636,0.373441
0,0,0.745785,0.597786,0.294034
0,0,-0.835708,0.147411,0.52902
0,0,-0.635961,0.33852,0.693511
0,0,-0.616521,0.0618543,0.784905
0,0,-0.197304,0.582909,0.788219
0,0,0.105268,-0.987195,0.119854
0,0,0.660028,-0.445056,0.605218
0,0,-0.837122,-0.172648,0.519057
0,0,0.0654657,-0.151361,0.986308
0,0,0.592651,0.256483,0.763532
0,0,0.477333,-0.823473,0.306667
0,0,-0.478135,0.709623,0.517516
0,0,-0.78116,-0.616109,0.100988
0,0,0.721644,-0.642556,0.257588
0,0,0.475345,0.249703,0.84362
0,0,0.0379128,0.888801,0.456723
0,0,0.634344,0.660786,0.401211
0,0,-0.482831,0.857854,0.175955
0,0,0.206129,-0.978508,0.00571303
0,0,-0.79915,0.600982,0.0133825
0,0,0.823842,-0.465934,0.322784
0,0,-0.283036,-0.838564,0.465511
0,0,0.245904,0.285283,0.926361
0,0,-0.520784,0.291376,0.802424
0,0,0.362881,0.927651,0.088212
0,0,-0.626236,0.707148,0.328282
0,0,0.756256,-0.57885,0.304975
0,0,0.330676,0.290689,0.89786
0,0,-0.44752,-0.893874,0.0267621
0,0,0.51075,-0.0423391,0.858686
0,0,0.299072,-0.90266,0.309453
0,0,0.71683,0.544838,0.435093
0,0,-0.676679,0.659083,0.3282
0,0,0.79608,-0.494829,0.348426
0,0,0.900091,0.165982,0.402848
0,0,-0.937499,-0.31444,0.149072
0,0,0.908179,0.0229996,0.41795
0,0,0.518046,-0.855347,0.00313328
0,0,0.380648,0.742616,0.551026
0,0,-0.249941,0.864206,0.436667
0,0,-0.283791,-0.957633,0.0490148
0,0,0.698553,-0.0901848,0.709852
0,0,-0.262623,-0.242928,0.933817
0,0,0.790706,-0.0446468,0.610566
0,0,0.553225,0.556857,0.619558
0,0,0.601418,0.373635,0.706182
0,0,-0.334432,-0.942369,0.00981017
0,0,0.587904,-0.526942,0.613759
7.30565,10.9695,-0.143462,-0.0246832,0.989348
0,0,-0.838191,-0.0251855,0.544796
8.03179,11.9946,-0.651476,-0.168677,0.739681
0,0,0.187063,0.235882,0.953608
0,0,0.418578,0.162796,0.893471
0,0,0.512837,0.728777,0.453743
0,0,-0.832088,-0.299582,0.466776
0,0,-0.32962,0.427975,0.841539
0,0,-0.863081,-0.467311,0.191603
0,0,-0.652223,0.278017,0.705204
0,0,0.736178,0.57787,0.352289
0,0,-0.133511,0.30962,0.94144
0,0,0.285108,0.0547634,0.95693
0,0,0.533958,0.650951,0.539584
0,0,0.100198,0.6029,0.7915
0,0,-0.889071,0.062689,0.453457
0,0,0.329946,-0.434935,0.837835
0,0,0.735839,-0.611294,0.29131
0,0,0.00685788,-0.803306,0.595526
0,0,0.402316,0.347268,0.847081
0,0,-0.152476,-0.754742,0.638056
0,0,0.5638,-0.292336,0.772444
0,0,-0.862057,0.50002,0.0826866
0,0,0.163659,0.946538,0.277995
0,0,-0.950923,0.125756,0.28272
0,0,-0.0561377,0.430561,0.900814
0,0,-0.583005,-0.477388,0.657424
0,0,-0.304131,0.899695,0.313136
0,0,-0.84637,0.0995097,0.523216
0,0,0.321741,0.518555,0.792202
0,0,0.774347,-0.618569,0.133262
0,0,0.544371,-0.713593,0.440959
0,0,-0.146639,0.639227,0.754908
0,0,0.358159,0.896545,0.260633
17.2303,23.7744,-0.109504,0.113841,0.987446
0,0,-0.304078,-0.643188,0.702741
0,0,-0.661922,-0.41993,0.620901
0,0,-0.467088,0.125016,0.875328
0,0,0.808115,0.560808,0.180122
0,0,0.655978,0.277123,0.702065
0,0,-0.297209,-0.822249,0.48536
0,0,-0.560758,-0.246643,0.79039
0,0,-0.572208,-0.298614,0.763811
4.18506,5.62593,-0.157529,-0.221186,0.962425
0,0,0.406865,0.910861,0.0692296
0,0,0.960421,0.278547,0.00169027
0,0,-0.84265,-0.424279,0.331553
0.359435,0.352847,0.171148,0.2696,0.947642
0,0,0.944935,0.207998,0.252654
0,0,-0.588838,0.431446,0.683464
0,0,-0.823968,0.438173,0.359279
0,0,0.392454,0.782691,0.483089
0,0,0.575946,0.429179,0.695767
0,0,0.649892,0.521587,0.5528
0,0,-0.841815,0.438289,0.315039
0,0,-0.186531,-0.539175,0.821277
0,0,0.570312,0.131803,0.810785
0,0,-0.669482,-0.308416,0.675776
0,0,-0.165876,0.376169,0.911582
0,0,0.401789,0.912975,0.0710031
0,0,-0.933133,0.214928,0.288217
0,0,0.644624,0.728546,0.231692
0,0,-0.658827,-0.599696,0.454216
0,0,-0.410746,0.216503,0.885672
0,0,-0.828668,-0.556641,0.0588293
0,0,0.966188,0.252306,0.0531276
0,0,-0.0583175,0.426472,0.902619
12.9575,18.3454,0.0945207,-0.00998071,0.995473
0,0,-0.791039,0.584528,0.18051
0,0,-0.368801,0.734011,0.570275
0,0,-0.510081,-0.488411,0.708005
0,0,-0.481767,-0.87628,0.0058122
0,0,-0.252331,-0.659371,0.708208
0,0,0.866897,0.225166,0.444736
17.9865,27.1772,0.302322,0.0706244,0.950586
0,0,0.60232,-0.739259,0.301175
0,0,0.0184784,0.819649,0.572567
0,0,0.3944,0.589425,0.705002
0,0,0.342669,0.668483,0.660082
0,0,0.199053,0.537165,0.819653
0,0,-0.667009,0.744246,0.0346053
0,0,0.979094,0.122289,0.162544
0,0,0.0515596,-0.885075,0.462583
0,0,0.437965,0.875141,0.205704
0,0,0.0328668,0.990936,0.130254
0,0,-0.0204612,0.991936,0.125073
0,0,-0.0761951,-0.34491,0.935538
0,0,-0.656907,-0.74139,0.137164
0,0,0.451707,-0.449643,0.770572
0,0,0.360716,0.914102,0.185207
0,0,0.592348,-0.68847,0.418489
0,0,-0.742318,-0.00216093,0.670045
0,0,0.443495,-0.870592,0.21303
0,0,0.541081,0.527404,0.655039
0,0,-0.21783,0.959144,0.180534
0,0,0.654794,-0.447218,0.609296
0,0,0.210028,0.641948,0.737422
0,0,-0.96895,-0.229311,0.0924799
0,0,-0.827447,-0.247658,0.503981
0,0,0.799357,0.534156,0.275146
0,0,-0.430359,0.717796,0.547321
0,0,-0.495775,0.785214,0.371007
0,0,0.550161,0.831958,0.0718894
0,0,0.410174,-0.834823,0.367188
13.4705,19.8408,-0.351947,-0.838759,0.415471
0,0,0.935836,-0.341768,0.0860571
0,0,-0.869134,-0.262275,0.419306
20.4755,30.1383,0.213786,-0.144352,0.966156
0,0,0.295476,0.096467,0.950467
0,0,0.160708,-0.00251401,0.986999
0,0,0.965319,0.232539,0.118678
0,0,0.655454,-0.694696,0.296274
0,0,0.745289,-0.518887,0.418689
9.13275,13.7598,-0.342548,0.0201131,0.939285
0,0,0.446156,0.0198652,0.894735
0,0,0.64654,0.556237,0.522098
0,0,-0.576118,-0.378636,0.724377
0,0,-0.854463,-0.114146,0.506818
0,0,0.249734,0.826514,0.504487
0,0,-0.852627,-0.516498,0.0790965
0,0,0.169217,-0.69103,0.702739
0,0,0.234837,0.939171,0.250617
0,0,-0.44575,-0.783941,0.432137
0,0,0.180787,0.916335,0.357275
0,0,0.813295,0.57411,0.0946011
0,0,0.906826,-0.153577,0.39253
0,0,-0.483625,-0.424279,0.765568
0,0,0.890434,-0.438097,0.123282
0,0,0.097245,0.660387,0.744602
0,0,0.153116,-0.73414,0.661508
0,0,0.47886,-0.544411,0.688702
0,0,-0.171619,-0.985153,0.00450419
0,0,0.988294,0.146889,0.0412026
0,0,-0.395948,0.424605,0.814209
0,0,0.604264,0.481233,0.635043
0,0,-0.548552,-0.830137,0.0998166
0,0,-0.74278,0.59545,0.306133
0,0,-0.285097,-0.248313,0.925776
0,0,0.297389,-0.769719,0.564882
0,0,0.786917,-0.0319455,0.616231
0,0,0.295637,0.915624,0.272454
14.9593,22.6128,0.644271,0.755103,-0.121388
0,0,0.396691,0.779662,0.484523
10.1967,14.9332,-0.294671,0.0973419,0.950628
0,0,-0.516979,-0.283046,0.807847
0,0,0.637521,0.653973,0.407291
0,0,0.0522785,0.892186,0.448633
0,0,0.326457,0.684061,0.652293
0,0,-0.56137,0.366123,0.742171
8.69467,11.7484,-0.758035,0.151613,0.634347
0,0,0.594624,0.788491,0.157177
0,0,0.889929,0.0896155,0.447209
0,0,-0.669038,0.476258,0.570584
0,0,-0.835914,-0.429335,0.341935
0,0,-0.813749,0.496766,0.301723
0,0,0.581352,-0.66845,0.4639
0,0,-0.824091,-0.303564,0.47825
0,0,-0.924363,-0.0546432,0.377582
0,0,-0.600945,-0.168,0.781435
0,0,-0.264777,0.608178,0.74834
0,0,0.965649,0.189848,0.177427
0,0,-0.565187,-0.252968,0.78522
0,0,0.620946,0.0803295,0.779726
0,0,-0.750112,0.312213,0.582971
0,0,-0.903903,0.243329,0.351782
0,0,0.0346356,0.999383,0.00577839
0,0,0.52636,-0.8445,0.0988155
0,0,0.975361,-0.129734,0.17844
0,0,0.330662,-0.437748,0.836086
0,0,0.0517044,0.702925,0.709382
0,0,0.386637,-0.186556,0.903166
0,0,0.786674,0.479366,0.38904
0,0,0.117162,0.86751,0.483425
0,0,-0.120165,-0.939351,0.321215
0,0,0.267925,0.123079,0.955546
0,0,-0.477394,0.164585,0.863137
0,0,-0.912406,0.266035,0.311031
0,0,-0.973975,-0.171554,0.148126
0,0,-0.00444051,-0.764581,0.644513
0,0,-0.872075,-0.212328,0.44091
0,0,-0.70692,-0.475913,0.523231
0,0,0.641985,0.328971,0.692556
0,0,-0.877777,-0.0575276,0.475603
0,0,-0.234528,0.684317,0.69044
0,0,-0.219369,0.503165,0.835884
0,0,-0.865883,0.205321,0.456168
0,0,0.65375,0.340394,0.675828
0,0,-0.365677,-0.797862,0.479267
0,0,-0.221898,0.864727,0.450564
0,0,0.89128,0.145225,0.429569
0,0,0.326473,0.944927,0.0229811
0,0,0.70567,-0.139373,0.694698
0,0,-0.989887,-0.113758,0.0847514
0,0,-0.93473,0.161236,0.316674
0,0,-0.440615,-0.343962,0.829186
0,0,0.451035,0.32328,0.8319
0,0,0.133326,-0.765402,0.62959
0,0,0.121656,-0.62906,0.767779
0,0,-0.620864,0.748397,0.233303
0,0,-0.425456,0.120407,0.896933
9.65866,14.2656,-0.271778,-0.354564,-0.894663
0,0,-0.0608514,0.909346,0.411568
0,0,0.0763796,0.87172,0.484015
0,0,0.227243,0.733929,0.640085
0,0,0.458143,0.0814358,0.88514
0,0,-0.48485,-0.87433,0.0216295
0,0,-0.150504,-0.988218,0.027809
0,0,0.307238,-0.0642111,0.949464
0,0,-0.264391,-0.955175,0.133186
0,0,0.778594,0.554952,0.292948
0,0,-0.832228,-0.056882,0.551508
0,0,0.935819,0.246006,0.252436
0,0,0.164107,0.986432,0.00463916
0,0,0.803723,-0.455067,0.383333
0,0,0.621931,0.265919,0.736539
0,0,0.752756,0.271296,0.599797
0,0,-0.874255,-0.47627,0.0940486
0,0,-0.574039,0.349738,0.74038
0,0,0.950553,0.15451,0.269399
0,0,0.771124,-0.218054,0.598181
0,0,-0.394369,-0.724908,0.564785
0,0,-0.672705,-0.731881,0.108708
0,0,-0.524835,0.81923,0.231106
0,0,-0.328303,-0.667242,0.668585
0,0,0.465475,-0.784089,0.410534
0,0,-0.376672,-0.606764,0.699969
0,0,-0.41387,0.55342,0.722798
0,0,-0.280916,0.49976,0.819345
0,0,0.464445,0.716967,0.519855
0,0,0.164021,0.503084,0.84853
0,0,-0.246139,0.341264,0.907168
0,0,0.934465,-0.225412,0.275617
0,0,0.228757,0.662279,0.713482
11.5182,15.6679,-0.335318,-0.498319,-0.799525
0,0,0.449394,0.0772239,0.889989
0,0,-0.520511,-0.0768933,0.850386
24.489,32.7768,0.00738991,0.999969,-0.00266246
0,0,-0.803262,-0.305679,0.511205
0,0,-0.0793702,-0.640408,0.763922
0,0,0.50999,-0.405551,0.758577
0,0,0.551644,0.371224,0.746915
2.83946,4.21245,0.287785,0.525225,0.800824
0,0,0.615872,0.279819,0.73648
0,0,-0.939985,-0.21992,0.26089
0,0,-0.488229,-0.38663,0.7824
0,0,-0.374671,0.57321,0.728733
0,0,0.512944,0.563801,0.647315
0,0,-0.678644,0.0318319,0.733777
0,0,-0.724719,-0.585778,0.362831
0,0,0.252354,0.932967,0.256692
0,0,0.432764,0.173008,0.88475
0,0,0.709212,-0.668821,0.222926
0,0,-0.184795,0.981612,0.0478506
0,0,-0.299124,0.841481,0.449927
0,0,0.140299,0.758188,0.636763
0,0,0.986778,-0.143611,0.07513
0,0,0.92864,0.182925,0.322747
0,0,-0.449397,0.449357,0.772088
0,0,-0.0833883,-0.996515,0.00223285
0,0,-0.00584645,-0.715826,0.698254
0,0,0.153166,-0.83266,0.532182
0,0,-0.703975,0.694968,0.146418
0,0,0.0614774,0.980162,0.188424
0,0,-0.0289196,-0.696078,0.717383
0,0,-0.959724,-0.112963,0.257235
0,0,0.709027,0.248066,0.660109
0,0,0.583926,0.790023,0.1868
0,0,-0.0493418,-0.951104,0.304904
0,0,0.867773,-0.104558,0.485837
0,0,-0.466224,-0.884656,0.00424532
0,0,0.842798,0.303189,0.444712
0,0,-0.410821,0.890806,0.194142
0,0,-0.450386,-0.137384,0.882201
0,0,0.0229403,-0.961885,0.272491
0,0,-0.850127,0.47147,0.234522
0,0,-0.619455,0.142565,0.771978
0,0,-0.702521,-0.566092,0.431282
0,0,0.813221,0.182927,0.552457
0,0,-0.00991774,0.126329,0.991939
0,0,-0.921361,0.0289497,0.387628
0,0,-0.606536,-0.503934,0.614951
0,0,-0.330906,0.848451,0.413077
0,0,0.678582,0.328014,0.657216
0,0,0.342354,0.938035,0.0537122
0,0,0.359083,0.909387,0.209942
0,0,0.686993,-0.697741,0.202975
0,0,-0.95156,-0.128042,0.279532
0,0,-0.416404,-0.783114,0.461888
0,0,0.232952,-0.080242,0.969172
0,0,0.967164,-0.191551,0.167036
0,0,-0.488795,-0.0602052,0.870319
0,0,0.727103,0.61576,0.30358
0,0,-0.387223,-0.814419,0.43218
0,0,0.0641963,-0.956946,0.283078
0,0,0.372337,-0.794009,0.480537
19.3394,28.2092,-0.434884,0.127347,0.891436
0,0,0.309977,0.818132,0.484329
0,0,0.675166,0.702496,0.225055
0,0,0.404185,-0.908378,0.107163
0,0,-0.17167,-0.833413,0.525311
0,0,-0.619333,-0.16852,0.766829
0,0,-0.118693,0.903774,0.411222
0,0,-0.872666,-0.450415,0.18863
0,0,-0.68318,-0.704618,0.191778
0,0,-0.777563,0.584247,0.232491
0,0,0.903762,-0.297762,0.307492
0,0,0.781014,-0.329916,0.530257
0,0,-0.666632,0.0432659,0.744131
0,0,-0.300891,0.264182,0.916336
0,0,0.948577,-0.0582724,0.311136
0,0,0.987421,-0.156464,0.0227545
0,0,-0.60814,0.730519,0.310658
0,0,-0.220041,0.971987,0.082602
0,0,0.582719,-0.770939,0.257084
0,0,-0.449105,-0.557,0.69861
0,0,0.194266,-0.980735,0.0204698
0,0,0.868324,0.447453,0.214008
0,0,0.2981,-0.790742,0.534662
0,0,0.444182,-0.674154,0.5901
0,0,0.32834,-0.460775,0.824548
0,0,0.540715,-0.468011,0.698995
0,0,0.480188,-0.140079,0.865908
0,0,-0.0136108,-0.85997,0.510163
0,0,-0.458411,0.267714,0.84746
0,0,0.0870926,0.827977,0.553958
0,0,-0.16863,0.745788,0.644487
0,0,0.944519,0.00911809,0.328329
0,0,0.986278,0.0878178,0.139801
0,0,-0.617451,0.767312,0.173165
0,0,-0.555912,0.582553,0.592954
0,0,0.364125,0.611289,0.702665
0,0,-0.726497,0.677704,0.113664
0,0,0.520065,0.841141,0.148371
0,0,0.997022,0.0430187,0.0640095
0,0,0.662272,0.391976,0.638553
0,0,-0.201831,-0.528691,0.82447
0,0,-0.640592,0.691387,0.334104
20.3925,28.685,-0.287012,-0.953428,-0.0927316
0,0,0.783409,-0.419186,0.458861
0,0,-0.698327,-0.715099,0.0311927
0,0,0.191624,-0.0722401,0.978806
0,0,0.147804,0.807025,0.571721
0,0,0.640224,0.205951,0.740065
0,0,-0.859794,-0.396989,0.321174
0,0,-0.114267,-0.546798,0.829431
0,0,0.0267475,0.8286,0.559202
0,0,0.168692,0.786439,0.594185
0,0,-0.218545,0.918714,0.328942
0,0,0.454885,0.271256,0.848233
0,0,-0.522173,-0.850544,0.0625299
0,0,0.654138,-0.519359,0.549881
0,0,0.637041,0.0288733,0.770289
0,0,0.568769,0.556371,0.605766
0,0,-0.689471,-0.16923,0.704266
0,0,-0.517692,0.46459,0.718436
20.6564,29.9621,0.0997228,-0.191628,0.976388
0,0,0.205992,-0.931667,0.299271
0,0,-0.827755,0.462942,0.317026
0,0,0.757828,-0.417848,0.501099
20.5559,30.3386,0.475019,-0.310372,0.823423
0,0,0.886798,0.18131,0.425108
0,0,-0.485886,0.873967,0.00983716
0,0,-0.736601,-0.635373,0.231775
0,0,-0.81458,-0.374352,0.443079
0,0,0.412019,-0.900066,0.141853
0,0,0.723618,-0.629589,0.282832
0,0,0.404908,-0.129444,0.905149
0,0,-0.20297,-0.601253,0.772851
0,0,-0.527333,-0.846223,0.0763361
0,0,-0.862162,0.505634,0.0317795
0,0,0.886875,-0.238855,0.395477
0,0,0.823764,-0.071026,0.562466
0,0,0.0648443,0.954524,0.290996
0,0,0.260129,0.651882,0.712308
0,0,0.628259,-0.211544,0.748692
0,0,0.374097,-0.721492,0.582667
0,0,-0.464061,-0.434996,0.771639
0,0,0.0489391,0.247345,0.967691
0,0,-0.0194492,0.905636,0.42361
0,0,-0.635916,0.758067,0.144724
0,0,0.341425,-0.562619,0.75292
12.683,19.6052,-0.519539,-0.161256,0.839093
0,0,0.672265,0.209927,0.709923
0,0,0.7304,0.15612,0.664938
0,0,0.747318,-0.567713,0.345281
0,0,0.0771045,0.637296,0.766752
0,0,0.477751,0.335084,0.81208
0,0,0.235361,0.853765,0.464426
0,0,0.562228,0.0511155,0.825401
6.44273,10.6959,0.513679,0.0193714,0.857764
0,0,-0.461132,0.0211144,0.88708
0,0,-0.590855,0.192094,0.783576
0,0,-0.458042,0.884236,0.0912317
0,0,-0.793128,-0.53795,0.285584
0,0,0.57123,-0.621632,0.535975
0,0,0.294871,-0.954921,0.0343021
0,0,0.85982,-0.50639,0.0654199
0,0,-0.726142,0.615663,0.306069
0,0,0.0678565,-0.757905,0.648826
0,0,0.867214,-0.283703,0.40921
0,0,0.929898,-0.111541,0.350498
0,0,-0.664515,0.64219,0.382114
0,0,-0.848744,0.363775,0.383798
0,0,0.182031,0.832864,0.522688
0,0,-0.867933,0.231655,0.439349
0,0,-0.630538,-0.610759,0.478952
0,0,-0.91292,-0.26697,0.308714
0,0,0.752115,0.372542,0.543631
0,0,-0.16501,-0.446832,0.879268
0,0,0.0170348,-0.97537,0.219915
0,0,0.990186,0.0863084,0.109924
0,0,0.63766,-0.76658,0.0757944
0,0,-0.805872,-0.415452,0.421865
0,0,0.568038,-0.193865,0.799843
0,0,0.597868,0.584369,0.548695
0,0,-0.298344,-0.489528,0.819361
0,0,-0.530287,-0.838975,0.122133
0,0,-0.861372,0.394104,0.320501
0,0,-0.872829,-0.323242,0.365627
0,0,0.484664,0.864205,0.135095
0,0,0.472127,-0.110678,0.874555
0,0,0.066409,0.564962,0.82244
0,0,0.915804,-0.0633596,0.396597
0,0,-0.0639557,-0.852913,0.518121
0,0,0.257505,-0.329459,0.908376
7.93372,11.1756,0.0501489,0.330191,0.942581
0,0,-0.993597,-0.111604,0.0175691
0,0,-0.76366,-0.237041,0.600528
0,0,0.0462361,-0.768949,0.637636
0,0,-0.232807,-0.527048,0.817326
0,0,0.75921,0.650367,0.0249584
0,0,-0.225267,0.496787,0.838128
0,0,0.361268,0.89706,0.254498
0,0,0.35768,0.852769,0.380592
0,0,0.0844773,-0.993897,0.0709384
0,0,0.0160127,-0.989388,0.144412
0,0,-0.588479,0.407957,0.698042
0,0,0.462182,-0.854036,0.238769
0,0,-0.256117,-0.714655,0.650902
0,0,0.622588,0.241938,0.744211
0,0,0.792285,-0.530426,0.30155
0,0,-0.223573,-0.779661,0.58493
0,0,0.00677319,-0.900212,0.435398
0,0,0.964067,0.0846858,0.251798
0,0,-0.840444,0.510947,0.180517
0,0,0.380852,-0.876007,0.295912
0,0,-0.0209688,-0.669388,0.742617
0,0,0.713995,-0.698299,0.0508889
0,0,-0.19652,-0.769066,0.608209
0,0,0.951245,0.0873622,0.295807
0,0,0.0656179,0.375992,0.924297
0,0,0.0492713,-0.578218,0.814393
0,0,-0.731852,-0.331378,0.595467
0,0,0.705244,0.701581,0.102054
0,0,0.0319487,0.978771,0.202452
0,0,-0.959075,-0.12636,0.253394
0,0,-0.869242,0.281815,0.4062
0,0,0.973783,0.156096,0.16547
0,0,-0.594631,0.394939,0.700313
0,0,0.162374,0.357229,0.919795
0,0,0.51033,-0.446874,0.734756
0,0,0.274011,0.821066,0.500769
0,0,0.459296,0.88747,0.0380124
0,0,-0.453773,-0.476216,0.753199
0,0,-0.277122,-0.66348,0.694981
0,0,0.718829,0.525947,0.454605
0,0,-0.405884,0.300508,0.863107
0,0,-0.513016,0.247218,0.822009
0,0,0.531854,0.165836,0.83044
0,0,-0.455331,-0.425733,0.781937
0,0,-0.287721,-0.507733,0.812049
0,0,0.620653,-0.221732,0.75208
0,0,-0.301729,-0.561912,0.770204
0,0,-0.804666,-0.502319,0.316524
0,0,-0.306356,0.826785,0.471775
0,0,0.0624446,-0.875811,0.478597
0,0,-0.0625908,0.912003,0.405379
0,0,0.288975,0.320518,0.902087
0,0,0.63801,-0.0789435,0.765971
0,0,-0.513179,-0.805622,0.296009
0,0,0.583416,-0.295483,0.756515
0,0,-0.41337,0.861429,0.295068
0,0,0.536732,0.594265,0.598972
0,0,0.376056,0.0552131,0.924951
0,0,-0.761929,0.0835114,0.642254
0,0,0.957123,-0.0147448,0.289307
0,0,0.946405,-0.284577,0.152752
0,0,-0.526248,0.752638,0.395726
0,0,0.398125,-0.900884,0.172931
0,0,0.344057,-0.937586,0.0505726
0,0,-0.943141,0.164821,0.288649
0,0,0.242581,-0.950378,0.194773
0,0,-0.382323,-0.80086,0.460926
0,0,-0.717587,0.664425,0.208826
0,0,-0.704785,-0.281484,0.651187
0,0,-0.370604,0.547409,0.750331
0,0,0.656797,-0.561378,0.50346
0,0,-0.235924,0.35363,0.905144
0,0,-0.586496,-0.700085,0.407312
0,0,-0.0616811,0.840013,0.539049
0,0,0.797577,0.330672,0.504507
0,0,-0.457483,-0.100365,0.883536
0,0,-0.391363,0.679505,0.620571
0,0,-0.598329,-0.382738,0.703928
0,0,-0.422411,0.272642,0.864428
0,0,-0.880199,0.159812,0.446889
0,0,0.0637523,0.670198,0.739439
0,0,-0.0876624,0.985895,0.142574
0,0,0.782213,-0.293843,0.549363
0,0,-0.949108,-0.313524,0.0299411
0,0,0.949596,0.313191,0.0134054
0,0,-0.749708,-0.590674,0.2984
0,0,-0.349806,0.921945,0.166294
0,0,0.934956,0.314872,0.163439
0,0,-0.806001,0.494163,0.32583
0,0,0.12072,-0.709824,0.693957
0,0,0.114834,0.413288,0.90333
0,0,0.78878,0.289559,0.542201
0,0,-0.670188,-0.732896,0.117095
0,0,0.743427,-0.441728,0.502187
0,0,-0.834119,0.545811,0.0795922
0,0,0.647653,0.759875,0.055987
0,0,-0.61179,-0.699513,0.369317
0,0,0.074702,-0.928095,0.364773
0,0,-0.0889594,-0.61052,0.786989
0,0,-0.850219,0.0648199,0.522424
0,0,-0.962926,0.036213,0.267325
0,0,-0.330891,-0.509193,0.794502
0,0,-0.356014,-0.832216,0.425053
0,0,-0.358804,-0.190687,0.913728
0,0,0.307928,-0.663155,0.682206
0,0,0.610724,-0.694515,0.380349
0,0,-0.0708067,0.267091,0.961066
0,0,0.750373,0.589633,0.298787
0,0,0.897954,0.439768,0.0167903
0,0,-0.197511,-0.303539,0.932123
0,0,0.304787,-0.825399,0.475207
0,0,0.823151,-0.546198,0.155209
0,0,0.0180383,-0.985846,0.166677
0,0,-0.887648,-0.397374,0.232756
0,0,0.315112,-0.698656,0.642327
0,0,-0.376049,0.915,0.14616
0,0,0.177046,-0.718408,0.672714
0,0,0.487813,0.698198,0.523983
0,0,-0.811785,-0.0460673,0.582136
0,0,-0.569193,-0.498811,0.653611
0,0,-0.710213,0.464712,0.52881
0,0,-0.0753636,-0.965848,0.247906
14.1817,19.9797,-0.232027,-0.510961,0.827697
0,0,-0.974113,-0.192393,0.118697
0,0,-0.409081,0.41161,0.814389
0,0,-0.299904,-0.319502,0.898875
0,0,-0.45542,-0.807963,0.373884
0,0,-0.234143,-0.33176,0.913845
0,0,-0.0342698,0.756024,0.653646
0,0,0.00658346,0.733589,0.679562
0,0,0.701817,0.00144304,0.712356
0,0,-0.954548,-0.297852,0.0110598
0,0,0.312872,-0.303255,0.900082
0,0,-0.618617,-0.371931,0.692084
0,0,0.118575,0.87973,0.460451
0,0,-0.582961,0.233439,0.778243
0,0,-0.970467,-0.120136,0.209192
0,0,-0.115871,0.759239,0.640414
0,0,0.0417852,-0.998665,0.0303524
0,0,-0.942535,-0.333932,0.010832
0,0,0.340603,0.578125,0.741459
0,0,-0.791819,-0.412038,0.450829
0,0,-0.923945,0.253296,0.286648
0,0,-0.411943,0.862172,0.294893
0,0,0.967921,0.201969,0.149459
0,0,0.482459,0.579036,0.657229
0,0,9.73446e-05,0.99895,0.0458226
0,0,0.390194,-0.485381,0.782403
0,0,-0.00497668,0.996508,0.0833546
0,0,0.323785,0.623123,0.711956
0,0,0.755534,0.363164,0.545234
0,0,0.484061,0.0165299,0.874878
0,0,-0.318679,0.257632,0.912179
0,0,-0.891436,0.266745,0.366317
0,0,0.38935,-0.0166234,0.92094
0,0,-0.89452,-0.128749,0.428087
0,0,-0.837689,0.44117,0.321942
0,0,0.975092,0.180846,0.128412
0,0,-0.683212,0.43192,0.588784
0,0,-0.187424,0.510006,0.839504
0,0,0.896079,-0.357044,0.263747
0,0,0.0344161,-0.945541,0.32368
0,0,0.443543,0.194303,0.874938
0,0,0.885559,-0.204419,0.417131
0,0,-0.150946,0.850927,0.503129
0,0,0.181993,0.982101,0.0485455
0,0,0.234747,-0.971975,0.0126202
0,0,0.282911,-0.756716,0.589357
0,0,0.579281,0.358326,0.732145
0,0,-0.538182,-0.842133,0.0342391
0,0,-0.531272,-0.071247,0.8442
0,0,0.24513,-0.965406,0.0888939
0,0,0.23541,0.655158,0.717879
0,0,0.530559,0.837394,0.131447
0,0,0.92318,0.140066,0.35794
0,0,0.714675,0.301694,0.631047
19.2678,26.1091,-0.154161,0.0772813,0.985019
0,0,0.59957,0.720535,0.348347
0,0,0.199482,-0.939938,0.276989
0,0,0.920738,-0.38492,0.0638581
0,0,0.300041,0.936129,0.183409
0,0,-0.0246366,0.989806,0.140278
0,0,0.511988,-0.364957,0.777608
0,0,-0.978326,-0.180962,0.100652
0,0,-0.445816,-0.892663,0.0663381
0,0,0.598661,0.303608,0.741233
0,0,0.0932589,0.741209,0.664765
0,0,-0.635932,0.314979,0.704542
0,0,-0.614184,0.36409,0.700154
0,0,-0.226944,-0.430419,0.873634
0,0,-0.65251,0.129343,0.74666
0,0,-0.47047,-0.39952,0.786792
0,0,-0.671282,0.234021,0.703288
0,0,-0.261084,0.180236,0.948341
0,0,0.613794,-0.319737,0.72182
0,0,0.179283,-0.981788,0.0628504
0,0,0.834771,0.340783,0.432464
0,0,0.544228,0.775518,0.319981
0,0,0.968564,0.16426,0.186822
0,0,-0.231728,-0.498355,0.83543
0,0,0.92865,-0.150323,0.339135
0,0,-0.297595,0.828409,0.474527
0,0,0.170532,-0.985169,0.0190206
0,0,-0.910517,-0.352153,0.216672
0,0,0.323406,0.628714,0.707196
0,0,-0.448383,0.22059,0.866194
0,0,-0.907251,-0.175857,0.38206
0,0,-0.786389,0.617704,0.00584571
0,0,0.806485,-0.0531082,0.588865
0,0,0.80889,0.402381,0.428703
0,0,0.540102,-0.125802,0.832144
0,0,0.20101,-0.339825,0.918757
0,0,0.193047,-0.422647,0.885496
0,0,0.940888,0.196623,0.275806
0,0,0.612555,0.145519,0.776917
0,0,-0.814462,0.537242,0.219139
0,0,-0.761139,-0.644486,0.0728386
0,0,-0.128623,-0.876232,0.464406
0,0,-0.877224,0.0379819,0.478576
0,0,0.452208,0.888573,0.0771122
0,0,0.953498,0.299252,0.0359087
0,0,0.641702,-0.710655,0.288424
0,0,-0.930253,-0.136717,0.340498
0,0,-0.876635,0.114405,0.467357
0,0,-0.670881,-0.137367,0.728731
0,0,0.247527,0.494001,0.833483
0,0,0.55042,-0.46016,0.696627
0,0,0.80136,0.597492,0.028746
0,0,0.8722,0.0197123,0.488753
0,0,0.797463,-0.258696,0.545096
0,0,0.312231,-0.89206,0.326713
0,0,0.981477,-0.188824,0.032369
0,0,0.00133167,-0.983498,0.180913
0,0,0.770133,-0.16964,0.614913
0,0,-0.890858,-0.392301,0.229066
0,0,-0.221851,-0.975072,0.00418398
0,0,-0.658472,0.708538,0.253749
0,0,-0.526577,0.420496,0.73885
0,0,-0.84023,0.315305,0.44113
0,0,0.718123,0.437738,0.541003
0,0,-0.72412,0.67847,0.123806
0,0,0.274931,-0.58311,0.764458
0,0,-0.612239,0.670617,0.418852
0,0,0.87034,0.108529,0.480343
0,0,-0.772363,0.309372,0.554746
0,0,0.23208,-0.897218,0.375683
0,0,-0.934033,-0.139456,0.328839
0,0,0.979508,0.059431,0.192439
0,0,-0.593773,0.686968,0.418938
0,0,0.801511,0.231485,0.551357
0,0,-0.712964,0.394183,0.579916
0,0,0.741364,0.64607,0.181585
0,0,0.0231072,-0.863546,0.50374
0,0,0.13312,0.795992,0.590488
0,0,-0.399184,-0.468577,0.788091
0,0,0.530636,0.753139,0.388853
0,0,-0.676377,-0.68048,0.281889
0,0,0.564601,0.809313,0.161979
0,0,0.717531,0.0129634,0.696406
0,0,-0.518008,0.781749,0.347183
0,0,-0.299261,0.321866,0.898245
0,0,-0.185409,0.338252,0.92261
0,0,0.609346,-0.742425,0.278395
0,0,0.855088,-0.397826,0.332505
0,0,0.963921,0.144027,0.22386
0,0,-0.27141,0.881905,0.385462
0,0,-0.927569,0.308626,0.210631
0,0,-0.49154,0.325042,0.807921
0,0,0.481653,-0.530507,0.697548
0,0,-0.926396,0.215427,0.308838
0,0,0.233836,0.919907,0.314789
0,0,-0.82835,0.153732,0.538705
0,0,-0.605157,-0.64195,0.470835
0,0,-0.869376,-0.172863,0.462929
0,0,-0.564497,-0.751191,0.342135
0,0,0.24845,0.50751,0.825049
0,0,-0.316638,0.906182,0.280312
0,0,0.843941,-0.309991,0.437799
0,0,-0.00724318,0.998459,0.0550188
0,0,0.937791,0.140637,0.317443
0,0,0.107635,-0.74999,0.652633
0,0,-0.260458,0.961032,0.0926275
0,0,-0.581848,0.790992,0.189166
0,0,-0.0193147,0.999787,0.00730624
0,0,0.641612,-0.121623,0.757325
0,0,0.0408531,0.00467196,0.999154
0,0,-0.463851,0.676702,0.571766
0,0,0.213428,0.925141,0.313946
0,0,-0.00235319,0.999602,0.0281008
0,0,0.207552,-0.384605,0.899445
0,0,-0.58932,0.619224,0.518905
0,0,-0.711045,0.689471,0.138003
0,0,-0.09268,0.983836,0.153223
0,0,-0.312565,-0.90441,0.290422
0,0,-0.59234,-0.509376,0.624236
0,0,0.725521,-0.574091,0.379524
0,0,0.0306302,-0.885997,0.462678
0,0,-0.647716,0.753674,0.111531
0,0,0.863487,0.0510413,0.501782
0,0,-0.302184,-0.441038,0.845086
0,0,-0.252268,-0.943865,0.213258
0,0,-0.95823,-0.142951,0.247709
0,0,0.1351,-0.336836,0.931821
0,0,0.752472,-0.0694646,0.654951
0,0,-0.357401,0.719667,0.595268
0,0,0.512941,-0.768689,0.38211
0,0,0.650117,0.410927,0.63913
0,0,0.858938,-0.462814,0.219152
0,0,0.680034,0.523537,0.513286
0,0,0.147844,-0.654843,0.741163
0,0,0.362005,0.414852,0.834776
0,0,0.104614,-0.967106,0.231867
0,0,-0.670765,0.723916,0.161306
0,0,-0.449377,-0.779255,0.436832
0,0,0.121362,-0.245491,0.961772
0,0,0.922271,-0.206572,0.326717
0,0,0.498159,0.845637,0.191665
0,0,0.2328,-0.734895,0.636972
0,0,0.841164,-0.512087,0.173809
0,0,-0.590336,0.647443,0.481996
0,0,0.212424,-0.465442,0.859209
0,0,0.179035,-0.973137,0.144741
0,0,0.158625,-0.957396,0.241311
0,0,-0.174724,-0.701057,0.691369
0,0,-0.397346,-0.700041,0.593345
0,0,-0.155061,-0.279567,0.947522
0,0,0.714748,-0.269225,0.645487
0,0,-0.495162,-0.482441,0.72254
0,0,0.251486,-0.967678,0.0187926
0,0,-0.460245,-0.806271,0.37162
0,0,-0.0201436,0.635176,0.772105
0,0,-0.905828,0.203415,0.371615
0,0,0.832151,0.550619,0.0658994
0,0,-0.411736,-0.702224,0.580823
0,0,0.120792,0.885605,0.448456
17.7308,25.3304,-0.0214766,-0.0678907,0.997462
0,0,0.92839,0.247754,0.276965
0,0,-0.904274,0.00259681,0.426945
0,0,-0.639379,-0.76348,0.0910711
0,0,-0.895265,-0.204367,0.395897
0,0,0.491533,-0.710161,0.504051
0,0,0.291605,-0.850853,0.437054
0,0,0.0233317,0.9758,0.217417
0,0,0.447719,-0.335192,0.828971
0,0,0.810221,-0.0913719,0.578959
0,0,-0.102874,0.975744,0.193239
0,0,-0.0397197,-0.633439,0.772773
0,0,-0.800678,-0.449439,0.39613
0,0,0.164353,0.20756,0.964317
0,0,0.0910152,0.883142,0.460191
0,0,0.98788,0.155141,0.00500423
0,0,-0.599108,0.561477,0.570801
0,0,0.546242,0.793604,0.267979
0,0,-0.707269,-0.312478,0.634136
0,0,-0.947776,0.207454,0.242247
0,0,-0.203592,-0.959474,0.194832
0,0,0.167937,0.314367,0.934329
0,0,-0.835842,-0.453761,0.30898
0,0,0.27408,-0.941185,0.197615
0,0,-0.0279821,0.414619,0.909565
0,0,-0.277067,0.106408,0.95494
0,0,0.737937,0.52598,0.42284
0,0,-0.618704,0.70445,0.347787
0,0,-0.940217,0.160102,0.300599
0,0,-0.499318,0.711559,0.494334
0,0,0.283485,-0.153974,0.946535
0,0,-0.449554,-0.680732,0.578364
0,0,0.276283,-0.0155376,0.960951
0,0,0.0249664,-0.717163,0.696459
0,0,0.403536,-0.75005,0.524007
0,0,-0.523861,0.526726,0.669424
0,0,-0.778943,0.321213,0.538581
0,0,-0.585671,-0.492743,0.643579
0,0,0.908876,0.395782,0.131532
0,0,-0.925775,0.294851,0.236653
0,0,0.461338,0.870385,0.172038
0,0,0.798672,0.584326,0.143825
0,0,-0.857237,-0.185216,0.480457
0,0,-0.303094,-0.952708,0.0219392
0,0,0.348221,0.907709,0.234109
0,0,-0.835178,-0.459719,0.301889
0,0,0.503647,0.678206,0.535141
0,0,0.420357,-0.200052,0.88503
0,0,-0.721848,-0.127993,0.680113
0,0,0.625301,0.77585,0.0839973
18.2217,24.9577,-0.0138772,-0.0192969,0.999717
0,0,-0.730941,-0.682132,0.0205357
0,0,-0.477769,-0.765006,0.431858
0,0,-0.578782,0.250584,0.776028
0,0,-0.489918,-0.871657,0.0139752
0,0,-0.460727,0.634814,0.620276
0,0,-0.998724,-0.0427074,0.0269484
0,0,-0.998331,0.0545824,0.0188507
0,0,-0.917502,0.374913,0.132779
0,0,-0.221169,-0.385517,0.895802
0,0,0.399182,0.587947,0.703543
0,0,-0.434359,0.050891,0.899301
0,0,0.215167,0.976526,0.0099711
0,0,0.679752,0.609001,0.408723
0,0,-0.838434,0.413609,0.354904
0,0,0.19352,0.767491,0.611152
0,0,-0.997141,-0.0067931,0.0752521
0,0,-0.73726,-0.455452,0.49901
0,0,-0.282672,-0.893044,0.350097
0,0,0.364311,0.873591,0.322672
0,0,-0.484527,0.575157,0.659112
0,0,0.202588,-0.947668,0.246747
0,0,0.516339,0.793136,0.323
0,0,-0.545182,0.226744,0.807071
0,0,0.522358,0.690577,0.500245
9.40225,14.4058,-0.873598,0.00140582,-0.486646
0,0,0.533204,0.370704,0.760442
0,0,-0.30227,0.863819,0.40305
0,0,-0.958604,-0.281663,0.0417552
0,0,-0.91942,0.242554,0.309573
0,0,-0.964235,0.111464,0.240473
0,0,0.0834161,-0.978726,0.187447
0,0,0.559966,-0.761735,0.32588
0,0,0.79695,0.579551,0.170269
19.4683,27.2184,0.0338676,-0.230528,0.972476
0,0,0.156331,-0.986049,0.057167
0,0,-0.689404,0.68639,0.231498
0,0,-0.689075,0.66428,0.289667
0,0,0.82728,0.546392,0.13063
0,0,-0.0905588,0.881694,0.46305
0,0,0.414505,-0.889993,0.189993
0,0,0.158511,0.0218014,0.987117
0,0,-0.473746,0.852425,0.221216
0,0,0.552886,0.659358,0.509474
0,0,-0.791305,-0.531372,0.302458
0,0,-0.805457,0.481521,0.345508
0,0,-0.687533,-0.582658,0.433368
0,0,0.71448,-0.648107,0.263582
0,0,-0.353745,0.249914,0.901337
0,0,-0.601623,-0.465662,0.649006
0,0,0.433065,-0.135405,0.891134
0,0,-0.572358,-0.725674,0.381841
0,0,0.971292,-0.236664,0.0241109
0,0,-0.753166,0.534572,0.383372
0,0,-0.298212,0.327818,0.89644
0,0,-0.981112,-0.0739774,0.178737
0,0,-0.606643,-0.0847458,0.790444
0,0,0.782879,0.379904,0.492721
21.4923,31.5483,0.374757,0.30575,0.875256
0,0,0.601037,0.0739091,0.795797
0,0,-0.590113,0.776775,0.219971
0,0,-0.746098,0.540894,0.388293
0,0,-0.495289,-0.2608,0.828657
10.6053,14.1463,-0.124239,-0.512939,0.849387
0,0,-0.0513059,-0.963015,0.26452
0,0,-0.740504,-0.66652,0.0860539
0,0,0.825505,0.0431881,0.562741
0,0,0.0926173,0.745648,0.659872
0,0,-0.216296,0.976253,0.0120624
0,0,-0.256644,-0.354331,0.899213
0,0,0.763164,-0.431284,0.481222
0,0,0.833702,0.514904,0.199537
0,0,-0.426523,0.752319,0.502091
0,0,0.749582,-0.649853,0.12577
0,0,0.472055,-0.832263,0.290693
0,0,0.531111,0.649331,0.544325
0,0,-0.563603,0.65314,0.505727
0,0,0.376574,0.238457,0.895171
0,0,-0.654776,0.566893,0.499901
0,0,-0.475545,-0.399764,0.78361
0,0,0.290988,0.145854,0.945544
0,0,0.0497872,-0.501834,0.86353
0,0,-0.442069,-0.635111,0.63341
0,0,-0.881233,0.239447,0.407547
0,0,0.551256,0.243309,0.798071
0,0,0.419,-0.56453,0.711157
0,0,-0.939288,-0.0946251,0.329824
0,0,0.787359,-0.545755,0.286736
0,0,-0.726705,0.379832,0.572387
0,0,-0.403778,-0.914059,0.0381957
0,0,0.0629161,-0.767597,0.637838
0,0,0.0714547,0.493895,0.86658
0,0,-0.588019,0.777062,0.224518
0,0,0.472646,0.872835,0.121511
0,0,0.454254,-0.2999,0.838876
0,0,-0.494807,-0.58231,0.645043
0,0,0.995067,0.0837605,0.0531643
0,0,-0.798229,0.187153,0.572541
0,0,-0.241125,-0.965004,0.10308
0,0,0.970222,0.23609,0.05413
0,0,-0.0199723,0.462933,0.886168
0,0,0.384352,-0.0159648,0.923049
0,0,0.926059,0.375753,0.0349903
0,0,0.926012,0.329757,0.183744
0,0,-0.650904,-0.0256211,0.758728
11.8873,17.7506,-0.955572,0.247623,-0.159892
0,0,0.700668,-0.650834,0.29237
0,0,-0.783283,0.621339,0.0201419
0,0,-0.420578,-0.219479,0.880308
0,0,0.938678,0.331104,0.0961916
0,0,0.8244,-0.554235,0.114845
0,0,0.401736,0.832645,0.381196
0,0,-0.263391,0.418375,0.869245
0,0,0.915142,0.400406,0.0468074
0,0,0.765123,-0.244172,0.595791
0,0,0.798925,-0.33717,0.498032
0,0,0.842677,-0.270351,0.465623
0,0,-0.189657,0.279133,0.941337
0,0,0.262421,-0.856767,0.443944
0,0,0.723771,0.0704725,0.686433
0,0,-0.238313,-0.650941,0.720751
0,0,0.187666,-0.918747,0.347397
0,0,-0.0139493,0.449687,0.893077
0,0,-0.141668,-0.82467,0.547585
0,0,0.678071,0.261003,0.687094
0,0,-0.766779,-0.615536,0.182114
0,0,-0.989969,-0.00619797,0.141149
0,0,0.21691,-0.848663,0.482411
0,0,0.969941,0.00055614,0.24334
0,0,-0.163269,-0.403849,0.900139
0.686229,1.25684,-0.260539,0.208453,0.942691
0,0,0.502504,-0.515723,0.693916
0,0,0.539691,0.748376,0.385573
0,0,-0.42984,-0.584609,0.688092
0,0,0.849074,-0.416332,0.325178
0,0,-0.140261,0.954223,0.264167
0,0,-0.727059,0.49866,0.471935
0,0,-0.302379,0.885434,0.352951
0,0,-0.583446,0.419625,0.695346
0,0,-0.354299,-0.0235294,0.934836
0,0,0.609733,-0.70054,0.370769
0,0,-0.7721,-0.390077,0.501699
0,0,0.282726,-0.810797,0.512518
0,0,-0.0677099,-0.154057,0.985739
0,0,-0.0516732,-0.0523774,0.99729
0,0,-0.283249,-0.802193,0.525601
0,0,-0.755702,0.653078,0.0490374
0,0,0.856538,0.206687,0.472887
0,0,-0.972033,0.205406,0.113841
0,0,0.0592447,-0.783067,0.619109
0,0,-0.762899,-0.184573,0.619611
0,0,0.74767,0.534452,0.394146
0,0,0.526214,0.137996,0.839081
0,0,0.661373,-0.545353,0.514952
0,0,0.137594,0.939949,0.312351
0,0,-0.871195,-0.490592,0.01841
0,0,0.673521,-0.669765,0.312705
0,0,0.160462,0.291016,0.943166
0,0,0.547444,0.248568,0.799073
0,0,0.582298,0.477964,0.657632
0,0,0.946065,0.00529246,0.323933
0,0,-0.0985241,0.852264,0.51375
0,0,-0.468731,0.624991,0.624242
0,0,0.92828,0.349941,0.12585
0,0,-0.978276,0.07147,0.194598
0,0,0.303579,0.952722,0.0126641
0,0,0.227428,-0.892933,0.388519
9.42153,11.3574,0.605394,-0.78767,-0.114343
0,0,0.338795,0.778462,0.528408
0,0,0.663731,-0.742818,0.0876513
0,0,-0.561922,-0.381745,0.733836
0,0,-0.865536,0.23601,0.441753
0,0,-0.860793,-0.115528,0.495671
0,0,0.535581,-0.84442,0.0103516
0,0,-0.05337,-0.954564,0.293187
0,0,0.204384,0.491554,0.846523
0,0,-0.698484,0.341898,0.62867
0,0,-0.187797,0.531159,0.826197
8.56015,12.3878,-0.428121,-0.698116,0.573886
0,0,0.753476,0.393872,0.52644
0,0,0.70878,-0.463551,0.531743
0,0,-0.228323,0.875046,0.426805
8.44884,12.7854,-0.234078,-0.802696,0.548531
0,0,0.114101,-0.725876,0.678296
0,0,0.997491,0.00519358,0.0706035
0,0,0.801245,-0.102777,0.589443
0,0,-0.206575,0.70229,0.68126
0,0,-0.100291,-0.754314,0.648808
0,0,0.943537,-0.260163,0.205068
0,0,0.205934,0.94516,0.253504
0,0,-0.728221,0.6558,0.199052
0,0,-0.677261,-0.622671,0.391916
0,0,-0.380126,-0.0793257,0.921527
0,0,0.615001,-0.270044,0.740844
0,0,0.212194,-0.78696,0.579368
0,0,-0.418326,-0.88615,0.19935
0,0,-0.165347,0.904505,0.393105
0,0,0.620207,-0.064816,0.781756
0,0,0.681962,0.0768458,0.727339
0,0,-0.254614,0.834956,0.487872
0,0,-0.901403,-0.347857,0.257814
0,0,-0.119796,0.971579,0.204166
0,0,-0.509598,-0.28876,0.810511
0,0,-0.780901,-0.571656,0.251798
0,0,0.714567,-0.442833,0.541566
0,0,0.756857,-0.645764,0.10078
0,0,-0.358349,-0.733883,0.577063
0,0,0.868001,0.386607,0.311624
0,0,0.948625,-0.269925,0.165079
0,0,0.295792,-0.777863,0.554469
0,0,0.219893,0.956153,0.193436
0,0,0.771682,-0.15841,0.615965
0,0,-0.955917,0.174055,0.236489
0,0,-0.163138,-0.856357,0.489938
0,0,-0.770589,0.632736,0.0764026
0,0,0.588168,-0.364755,0.721812
0,0,-0.274014,-0.457563,0.845903
0,0,0.979758,-0.199425,0.0174473
0,0,-0.827789,-0.303151,0.472085
0,0,0.730657,0.56077,0.389458
0,0,-0.334759,0.793677,0.50795
0,0,0.366558,-0.313848,0.875862
0,0,-0.926806,-0.236163,0.29199
0,0,-0.724638,-0.550977,0.413913
0,0,-0.311237,0.942007,0.125518
0,0,0.0137142,-0.651807,0.758261
0,0,-0.632637,-0.679406,0.371723
0,0,0.0359497,-0.87269,0.486949
0,0,-0.394391,0.405748,0.824515
0,0,0.254103,-0.965541,0.0562301
0,0,0.162178,-0.282989,0.945312
0,0,-0.734196,0.675208,0.0710622
0,0,-0.00825247,0.950566,0.310414
9.26804,12.6192,-0.00656494,0.124335,0.992219
0,0,0.27617,-0.684876,0.674296
0,0,0.350266,-0.840989,0.412372
0,0,-0.762908,0.621618,0.177659
0,0,0.0345426,0.113636,0.992922
0,0,0.259702,-0.148837,0.95415
0,0,-0.344715,-0.435558,0.831541
0,0,-0.427867,-0.884057,0.188075
0,0,0.322287,0.759578,0.564954
0,0,-0.296078,-0.812967,0.50142
0,0,-0.797363,-0.227189,0.559105
0,0,-0.481801,0.25481,0.838415
0,0,0.265476,0.562491,0.783024
0,0,-0.474813,0.303323,0.826165
0,0,-0.496582,-0.209539,0.842318
0,0,0.800243,-0.381809,0.462422
0,0,0.72972,-0.682964,0.0327052
0,0,0.690082,-0.666714,0.281565
0,0,-0.27434,0.510639,0.814853
0,0,0.581615,0.739506,0.338902
0,0,-0.750718,0.331488,0.571435
0,0,0.76024,0.196095,0.61934
0,0,-0.682352,-0.242197,0.689736
0,0,-0.789632,0.575033,0.214053
0,0,-0.0993375,0.99343,0.056822
0,0,0.0634801,0.430179,0.900509
0,0,-0.954253,0.0739644,0.289707
0,0,0.864253,0.203642,0.459996
0,0,-0.600757,-0.799295,0.0148135
0,0,0.428859,-0.262855,0.864284
0,0,-0.546156,-0.793005,0.269918
0,0,-0.12689,0.44579,0.886098
0,0,-0.885771,0.464027,0.00941446
0,0,-0.817966,0.557849,0.140487
0,0,0.973418,-0.160119,0.163765
0,0,-0.845319,-0.0276401,0.533546
0,0,0.0837121,0.527326,0.845529
0,0,0.731861,0.137684,0.6674
0,0,-0.188114,-0.476548,0.858787
0,0,-0.143106,0.876011,0.460571
0,0,-0.415506,0.0720094,0.906736
0,0,-0.438602,0.875233,0.203948
0,0,-0.0514838,-0.658674,0.750665
0,0,0.0943254,0.808799,0.580472
0,0,0.450745,0.458008,0.766196
23.0451,32.0504,0.761743,-0.64353,-0.0749443
0,0,-0.594496,-0.212694,0.775459
0,0,-0.637191,0.770239,0.0268079
0,0,0.230076,0.894311,0.383762
0,0,-0.485837,-0.60159,0.634075
0,0,-0.284045,0.136687,0.949018
0,0,-0.985755,0.055252,0.158853
0,0,-0.735906,0.142304,0.661961
0,0,0.504531,-0.854674,0.122398
0,0,-0.799555,0.135941,0.585005
0,0,-0.488306,0.719099,0.494422
0,0,-0.650798,0.169526,0.740083
0,0,0.728261,0.466516,0.501995
0,0,-0.41488,0.816771,0.400948
0,0,0.0283315,0.0852687,0.995955
0,0,0.409502,-0.401063,0.819425
0,0,-0.0338675,-0.8615,0.506626
0,0,-0.023438,-0.997123,0.0720811
0,0,0.415332,0.882963,0.218807
0,0,0.182013,0.0511952,0.981962
0,0,-0.287951,-0.314045,0.904688
0,0,-0.170229,-0.395702,0.902464
0,0,-0.0621471,-0.934712,0.349931
0,0,0.1289,0.952434,0.276142
0,0,-0.601937,0.529184,0.598026
0,0,-0.127209,0.933682,0.334749
0,0,0.345277,0.180663,0.920948
0,0,0.362421,-0.891895,0.27051
0,0,-0.240025,0.146903,0.959587
0,0,0.874459,-0.471158,0.115465
0,0,-0.735215,0.166418,0.657088
0,0,-0.692196,0.627308,0.35686
0,0,0.82225,0.121586,0.555988
16.5858,22.5063,0.491093,-0.15158,0.857818
0,0,0.961625,0.12926,0.24201
0,0,-0.0649865,0.387356,0.919637
0,0,-0.798444,-0.208906,0.564664
0,0,-0.577415,0.77101,0.26858
0,0,0.308738,0.711068,0.631714
0,0,0.178985,0.244814,0.952906
0,0,-0.0933764,-0.360967,0.927892
0,0,0.950673,-0.0138626,0.309886
0,0,-0.178292,0.658219,0.73141
0,0,0.757772,0.406555,0.510387
0,0,0.173123,0.0724491,0.982232
20.4881,30.4361,-0.168849,0.0393561,0.984856
0,0,-0.218273,-0.599642,0.769926
0,0,-0.513679,-0.511032,0.689188
0,0,0.869425,-0.347697,0.351009
7.04635,9.05055,-0.0742192,0.20564,0.975809
0,0,-0.150349,-0.935789,0.318896
0,0,0.995685,-0.0527151,0.0763659
0,0,-0.765385,-0.449898,0.460192
0,0,-0.834719,0.336963,0.435546
0,0,-0.403251,0.914748,0.0249773
0,0,0.434061,-0.442117,0.784935
0,0,-0.318841,0.352141,0.879964
0,0,-0.476637,-0.152661,0.865744
0,0,0.617641,0.141446,0.773636
0,0,0.240001,-0.544444,0.803729
0,0,-0.0763954,-0.936452,0.342376
0,0,-0.496019,0.681401,0.538198
0,0,0.195968,-0.516155,0.833775
0,0,-0.660002,-0.706127,0.256479
0,0,-0.227627,-0.380968,0.89613
0,0,0.69281,-0.719933,0.0413538
0,0,-0.0385759,-0.764311,0.643693
0,0,0.0715743,-0.747124,0.66082
0,0,-0.768679,-0.446389,0.458115
0,0,0.960049,-0.248248,0.129148
0,0,0.803851,0.593871,0.0337732
0,0,-0.0707819,-0.560392,0.825197
0,0,0.565258,0.273501,0.778255
0,0,-0.694759,-0.633932,0.339765
0,0,0.385328,-0.616636,0.6865
0,0,-0.46986,0.533126,0.703568
0,0,-0.319878,-0.183375,0.929544
0,0,0.675548,0.683472,0.276588
0,0,-0.775262,0.234043,0.58668
0,0,0.772899,0.109929,0.624934
0,0,0.418033,-0.36263,0.832915
0,0,-0.336366,-0.492852,0.802468
0,0,-0.156086,0.853329,0.49746
0,0,-0.788435,0.553129,0.269108
0,0,0.236856,-0.954928,0.178921
0,0,0.136126,0.818037,0.558825
0,0,-0.201702,0.492282,0.846743
0,0,-0.834471,0.130709,0.535325
0,0,0.280942,-0.807471,0.518713
0,0,-0.126851,0.579752,0.804858
0,0,0.650452,-0.670157,0.357494
0,0,0.0394257,0.361787,0.931427
0,0,-0.324119,0.21109,0.922165
0,0,-0.491079,0.827761,0.27139
0,0,0.0792529,-0.544637,0.834919
0,0,-0.698396,0.714313,0.0447169
0,0,0.662493,0.714496,0.224941
0,0,-0.936597,-0.238506,0.256713
0,0,0.928995,-0.0621357,0.36484
0,0,-0.936029,0.152794,0.317024
0,0,0.207392,0.303274,0.930061
0,0,-0.191789,-0.269422,0.943731
0,0,0.996563,0.067205,0.0484266
0,0,-0.171452,-0.849064,0.499695
0,0,-0.773435,-0.0948098,0.626745
0,0,0.521366,-0.787967,0.327546
0,0,-0.269019,0.959586,0.0826076
0,0,-0.867964,0.118132,0.482373
0,0,-0.370622,0.575794,0.728766
0,0,0.118028,0.959017,0.257598
0,0,-0.454922,0.317568,0.831983
0,0,0.482777,-0.238213,0.842722
0,0,-0.720818,0.492104,0.488113
15.5919,23.677,-0.315339,-0.175607,0.93259
0,0,-0.235796,0.962393,0.134908
0,0,0.562767,-0.155103,0.811934
0,0,-0.209463,-0.77117,0.601184
0,0,0.0918015,0.757638,0.646186
0,0,-0.167789,-0.260901,0.950672
0,0,0.669608,0.141201,0.729169
0,0,-0.442306,0.787395,0.429388
0,0,-0.0867932,-0.802309,0.590565
0,0,0.810841,0.322287,0.488536
21.1295,32.0369,-0.756183,0.595203,0.271883
0,0,0.265561,0.582372,0.768323
0,0,-0.114488,-0.198216,0.973449
0,0,-0.43531,0.118585,0.892436
0,0,0.80679,0.578672,0.119286
0,0,0.449792,-0.0933808,0.888238
0,0,0.17836,0.823813,0.538071
0,0,0.999083,0.0140445,0.0404514
0,0,0.974434,-0.097859,0.202243
0,0,-0.398787,0.6728,0.623145
0,0,0.0926923,-0.439829,0.893285
0,0,0.850163,-0.520711,0.0779891
0,0,-0.720481,-0.690687,0.0621165
0,0,0.73555,-0.602999,0.308802
0,0,0.961632,-0.273739,0.0181628
0,0,0.720706,-0.369989,0.586251
0,0,0.277834,0.871854,0.403335
0,0,0.345487,0.853741,0.389571
0,0,-0.799952,-0.521259,0.297264
0,0,-0.732254,0.551869,0.399054
0,0,-0.672202,0.220218,0.706859
0,0,0.0635224,-0.412986,0.908519
0,0,-0.0884534,-0.992602,0.0831721
0,0,-0.936791,-0.348554,0.0305373
0,0,0.916259,-0.370621,0.152015
0,0,-0.972751,-0.0961797,0.210962
0,0,0.272236,-0.257062,0.927258
17.5471,22.5224,-0.246999,-0.215973,0.944641
0,0,-0.883801,0.460399,0.0832351
0,0,0.815692,-0.442753,0.372314
0,0,0.932939,0.181493,0.310944
0,0,0.51756,0.855419,0.0197546
0,0,-0.470039,-0.0932489,0.877706
0,0,0.528876,-0.572103,0.626888
0,0,-0.704156,-0.608287,0.366266
0,0,-0.903401,-0.427984,0.0264054
0,0,0.344902,0.447742,0.824966
0,0,-0.222858,-0.960647,0.165808
0,0,0.600982,0.0161219,0.7991
0,0,0.767063,0.636841,0.0777696
0,0,0.407452,-0.440973,0.799703
0,0,-0.90031,0.249233,0.356825
0,0,-0.737521,0.650958,0.179769
0,0,0.655631,-0.276917,0.702471
0,0,0.828201,-0.556468,0.0665365
0,0,0.895998,0.0788599,0.436999
0,0,0.146601,-0.274283,0.950409
0,0,0.133856,-0.937135,0.322274
0,0,0.729168,0.350907,0.587519
0,0,0.1978,0.974532,0.10565
0,0,-0.560539,0.792844,0.239154
0,0,0.22174,-0.916726,0.332333
0,0,0.95781,0.158669,0.239634
0,0,-0.349323,-0.710787,0.610536
0,0,0.271721,-0.68284,0.678157
0,0,-0.992274,-0.0922868,0.0829133
0,0,-0.362628,-0.209794,0.908013
0,0,0.376044,-0.809156,0.451507
0,0,0.317286,0.816305,0.482676
0,0,-0.0853105,-0.610117,0.787705
0,0,0.358739,-0.672685,0.647148
0,0,0.260838,0.694206,0.670851
0,0,-0.440887,0.316207,0.840019
0,0,-0.86377,0.23601,0.445198
0,0,0.257873,0.697016,0.669082
0,0,0.585155,-0.596754,0.549071
0,0,0.793862,0.370893,0.481893
0,0,0.942138,-0.156405,0.296501
0,0,0.987087,-0.124926,0.100268
0,0,0.539121,0.78056,0.316346
0,0,-0.448711,0.886372,0.114032
0,0,-0.982342,-0.114835,0.147706
0,0,0.26325,-0.964569,0.0175005
0,0,-0.234512,0.971124,0.0438562
0,0,-0.994693,-0.0999832,0.0242925
0,0,-0.0291219,0.18226,0.982819
0,0,0.625169,0.363085,0.690893
0,0,-0.516361,-0.715409,0.470702
0,0,0.522741,0.842382,0.130898
20.0957,27.6522,0.0429688,-0.121202,0.991697
0,0,-0.0980758,-0.958226,0.268672
0,0,0.122303,0.810162,0.573306
0,0,-0.432685,0.255159,0.864683
0,0,-0.667599,-0.721085,0.185329
0,0,0.400614,0.905815,0.137867
0,0,-0.356314,-0.534521,0.766373
0,0,0.500798,0.378445,0.778448
0,0,0.829784,0.556795,0.037907
0,0,-0.120204,0.969058,0.215585
0,0,0.167771,0.571182,0.803494
0,0,-0.444899,-0.203418,0.872173
0,0,0.116046,-0.717914,0.686391
0,0,-0.345477,0.911384,0.223664
0,0,0.797562,0.349169,0.49191
0,0,-0.732738,0.13789,0.666394
0,0,0.278148,-0.953059,0.119632
0,0,0.168007,0.850004,0.499266
0,0,-0.728481,0.611767,0.308313
0,0,-0.0738195,0.811965,0.57902
9.94541,12.6784,0.152866,-0.338886,0.928325
0,0,0.375903,0.725844,0.576062
0,0,-0.963152,-0.107816,0.246404
0,0,-0.0678824,0.387865,0.919213
0,0,-0.110768,0.862824,0.493219
6.74502,9.02988,0.263986,0.158901,0.951347
22.4397,31.8556,0.144957,0.0315255,0.988936
0,0,0.704753,-0.43878,0.55749
0,0,-0.236351,-0.742737,0.626483
0,0,-0.519264,-0.601119,0.607471
0,0,0.859079,0.260301,0.440713
0,0,0.42127,0.88975,0.17572
0,0,0.680005,-0.420081,0.600936
0,0,0.0653639,0.405939,0.91156
20.4302,27.7193,0.739763,-0.473871,-0.4777
0,0,0.902628,0.406017,0.142872
0,0,-0.277732,-0.95486,0.105391
0,0,0.641951,0.23687,0.729241
0,0,-0.2196,-0.853148,0.473197
0,0,-0.781256,0.537515,0.317358
0,0,-0.129128,0.446759,0.885286
0,0,-0.971407,-0.193926,0.136974
0,0,0.909096,-0.331481,0.252319
0,0,0.108407,-0.437812,0.892507
0,0,-0.0182416,0.277914,0.960433
0,0,-0.836471,0.501047,0.221964
0,0,-0.505036,-0.852455,0.135127
0,0,0.730227,-0.0304622,0.682526
5.33236,8.7212,-0.0976353,0.290908,0.951756
0,0,0.815325,-0.11316,0.567838
0,0,-0.0673938,-0.996052,0.0577796
0,0,0.920655,-0.146942,0.361666
0,0,-0.146259,0.869985,0.470888
0,0,0.0196614,-0.654566,0.755749
0,0,0.993893,0.0294361,0.10635
0,0,0.0485152,-0.142903,0.988547
0,0,0.904432,0.413955,0.103174
0,0,-0.0462218,-0.739692,0.671356
0,0,-0.660291,-0.558294,0.502319
0,0,0.615177,0.704595,0.353701
0,0,-0.166988,0.985053,0.0422563
0,0,-0.0577174,0.688128,0.72329
0,0,-0.333903,-0.367755,0.867908
0,0,-0.225944,-0.618978,0.752208
0,0,0.621045,0.238204,0.746701
0,0,-0.234072,-0.921897,0.308732
0,0,0.443028,0.416532,0.793868
0,0,-0.977553,0.209055,0.026181
0,0,-0.797312,0.589429,0.129875
0,0,0.975282,-0.0201965,0.220037
0,0,-0.921123,-0.0735896,0.382252
22.4319,32.6417,0.125754,0.422851,0.897431
0,0,-0.761424,-0.541162,0.356899
0,0,0.126303,0.974002,0.188064
0,0,-0.708437,0.705167,0.029274
0,0,0.029896,-0.657975,0.752446
0,0,0.943265,0.0183579,0.331533
0,0,-0.838337,0.386162,0.384799
0,0,-0.178822,-0.746301,0.641138
0,0,-0.613009,0.489862,0.619883
0,0,-0.594927,-0.153657,0.788956
0,0,0.483846,0.585769,0.650206
0,0,-0.661258,-0.748674,0.0471631
0,0,0.503885,0.828084,0.245718
0,0,-0.764534,0.482662,0.427228
0,0,-0.550281,0.204914,0.809445
0,0,-0.0625107,-0.995536,0.0707168
0,0,-0.982136,0.104716,0.156343
0,0,-0.0190537,-0.209927,0.977531
0,0,0.904648,-0.186847,0.383015
0,0,-0.358296,0.924193,0.13225
0,0,0.739585,0.29578,0.60459
0,0,-0.31157,0.749203,0.584482
0,0,0.852264,-0.125168,0.507917
0,0,-0.969493,-0.230862,0.0823768
0,0,-0.957378,0.188606,0.218757
0,0,-0.802012,0.532187,0.271207
0,0,0.271497,-0.141505,0.95198
0,0,0.813743,0.132276,0.565972
0,0,0.267515,-0.874407,0.404781
0,0,-0.534715,0.744913,0.398978
0,0,0.674593,0.0721556,0.734655
0,0,0.287984,-0.206622,0.935079
0,0,-0.344638,-0.862647,0.370221
0,0,0.348218,-0.150567,0.925243
0,0,0.44548,0.656702,0.608514
0,0,0.268808,0.63628,0.723112
0,0,0.641973,0.684545,0.345354
0,0,0.11101,-0.758347,0.642329
0,0,-0.306338,-0.539409,0.784344
0,0,0.566691,-0.601775,0.562787
0,0,0.553274,0.384852,0.738767
0,0,0.653113,-0.717341,0.242622
0,0,0.689554,-0.309998,0.654535
0,0,-0.0999863,0.36395,0.926036
0,0,-0.117672,-0.940143,0.31982
0,0,0.50872,-0.825669,0.243875
0,0,-0.552343,-0.467256,0.690354
0,0,0.539262,0.367245,0.757844
0,0,0.0641644,-0.721377,0.689563
0,0,0.998819,-0.0454082,0.0172754
0,0,0.403102,0.674093,0.618957
0,0,0.0728857,-0.877945,0.473182
0,0,-0.71825,-0.523093,0.458793
0,0,-0.838711,-0.41697,0.350285
0,0,0.823329,-0.564322,0.0605886
0,0,-0.714335,0.695971,0.0731462
0,0,0.257156,0.947953,0.187765
0,0,-0.103146,0.979247,0.17446
0,0,0.684771,0.485942,0.543092
0,0,-0.790323,-0.130867,0.598551
0,0,-0.909323,-0.357869,0.212275
0,0,-0.89934,-0.436018,0.0327877
0,0,0.303792,-0.725546,0.61749
0,0,0.618261,0.710627,0.335802
0,0,-0.0336191,0.772136,0.634568
0,0,-0.856914,0.51178,0.0614788
0,0,-0.697806,0.236452,0.676134
0,0,-0.233539,0.952304,0.196412
1.33408,0.878041,0.109816,0.332084,0.936835
0,0,-0.361012,0.931806,0.0375251
4.03319,6.09579,0.599706,0.520242,-0.60803
0,0,-0.910004,0.327463,0.254285
0,0,0.633793,0.706791,0.314252
0,0,-0.238539,-0.88623,0.39711
0,0,-0.0767108,0.947953,0.30903
0,0,-0.863968,-0.358114,0.353997
0,0,0.68513,-0.454698,0.569075
0,0,-0.827572,-0.400808,0.393036
0,0,0.374065,-0.695071,0.613964
0,0,-0.234245,-0.868927,0.435998
0,0,-0.708711,-0.686963,0.160656
0,0,-0.848553,0.360819,0.386998
0,0,-0.983547,-0.054452,0.172251
0,0,0.211844,-0.313521,0.925649
0,0,0.318835,-0.941404,0.11001
0,0,-0.529916,0.843074,0.0917314
0,0,-0.219117,-0.578743,0.785522
0,0,-0.523832,0.675762,0.518599
0,0,-0.402158,-0.907723,0.119616
0,0,-0.24258,0.490504,0.836995
0,0,0.946535,0.317921,0.0547546
0,0,0.344694,-0.384126,0.856524
0,0,-0.744264,0.645382,0.171908
0,0,-0.778578,-0.388542,0.492799
0,0,0.542684,-0.746438,0.385129
0,0,0.334756,0.438724,0.833942
0,0,0.785776,-0.387227,0.482298
0,0,0.276076,-0.342584,0.898008
0,0,0.848013,0.315903,0.425533
0,0,-0.863864,-0.415437,0.284871
0,0,-0.305396,-0.95173,0.0307303
0,0,0.828215,-0.0283705,0.559692
0,0,-0.521114,0.16742,0.836905
0,0,-0.498317,0.824148,0.269186
0,0,0.254488,-0.935727,0.244237
0,0,0.921512,0.358668,0.148905
0,0,0.0630856,0.845252,0.530632
0,0,0.778483,-0.61641,0.118338
0,0,-0.761926,-0.342331,0.549798
0,0,0.543364,0.44086,0.714422
0,0,0.36152,0.616192,0.699722
0,0,-0.181911,0.90789,0.377682
0,0,0.48671,0.358611,0.796562
0,0,-0.30122,-0.890309,0.34149
0,0,-0.730424,0.667286,0.145635
0,0,-0.0313425,0.284667,0.958114
0,0,0.113323,0.559189,0.821258
0,0,0.511349,0.490675,0.705521
0,0,0.0709005,0.512555,0.855722
0,0,0.447963,0.428423,0.784719
0,0,0.776794,0.373115,0.507323
0,0,-0.18249,-0.942534,0.279869
0,0,0.477183,0.0767074,0.87545
0,0,-0.321785,0.735732,0.595947
0,0,-0.957232,0.25801,0.130913
0,0,-0.729556,-0.591505,0.343323
0,0,0.605318,-0.660512,0.4442
0,0,0.627481,0.330999,0.704774
0,0,-0.878942,-0.00545895,0.476898
23.316,33.3466,0.374036,-0.79775,0.472961
0,0,0.694106,0.0916106,0.71402
0,0,0.768616,0.19864,0.608088
0,0,-0.0542336,0.661453,0.748023
0,0,-0.20625,0.63462,0.744794
0,0,0.830294,-0.499792,0.246615
0,0,-0.702503,-0.590399,0.397391
0,0,0.444864,0.488976,0.750332
0,0,0.70853,0.356816,0.608825
0,0,0.224188,0.772735,0.593818
0,0,-0.772305,-0.6208,0.134731
0,0,0.562353,0.450282,0.693545
0,0,-0.296419,0.399872,0.867317
0,0,-0.610984,0.74522,0.267104
0,0,-0.985439,0.169262,0.0161093
0,0,-0.262565,-0.761089,0.593129
0,0,-0.562941,0.457026,0.68864
0,0,0.595546,0.61751,0.513815
0,0,-0.269366,-0.95327,0.136815
0,0,0.040264,-0.361497,0.931503
0,0,0.321282,0.856766,0.403398
0,0,0.672347,-0.739939,0.0209804
0,0,-0.80843,-0.537805,0.239181
0,0,-0.243744,-0.969088,0.0381718
0,0,-0.0788227,-0.976574,0.200224
0,0,0.968434,0.11628,0.220488
0,0,-0.925264,-0.367773,0.0928945
0,0,0.349998,0.55482,0.754769
0,0,-0.00118906,-0.628888,0.777495
0,0,-0.655128,0.31137,0.688373
0,0,-0.978836,-0.114831,0.169391
0,0,0.637627,0.703912,0.312952
0,0,0.442499,0.273453,0.85406
0,0,-0.891205,-0.453432,0.0123767
0,0,-0.732073,-0.608859,0.305547
0,0,0.594309,-0.755824,0.274823
0,0,0.18369,-0.950098,0.252136
0,0,0.247676,0.968292,0.0326598
0,0,-0.903174,-0.0892051,0.419904
0,0,-0.446222,0.267056,0.854147
0,0,0.783749,0.573944,0.237333
0,0,-0.256858,0.807909,0.530384
0,0,-0.74839,-0.440426,0.49592
19.6508,27.0215,0.271231,0.718591,0.64036
0,0,-0.490669,0.789859,0.367922
0,0,0.130024,0.912539,0.387772
0,0,0.487685,-0.752258,0.443025
0,0,0.871261,-0.29462,0.392559
0,0,-0.457148,-0.590279,0.665271
0,0,0.56735,-0.809979,0.148485
0,0,-0.751102,0.219369,0.622674
0,0,0.329818,-0.661317,0.673707
0,0,0.151927,0.0330109,0.98784
0,0,0.868533,0.495117,0.0225656
0,0,0.781956,0.591253,0.197394
21.7132,31.4863,-0.969047,0.192031,0.15515
0,0,0.50567,-0.719402,0.476191
22.0447,32.6183,0.276142,0.148318,0.949604
0,0,-0.330699,-0.46452,0.821499
0,0,0.887863,0.41734,0.193716
0,0,-0.514898,0.444873,0.732781
0,0,-0.221558,0.689307,0.68976
0,0,0.947545,-0.193095,0.254702
0,0,0.0614473,-0.64867,0.758585
0,0,-0.0386129,-0.961223,0.273056
0,0,-0.119307,0.270042,0.955428
0,0,0.335952,0.252193,0.907488
0,0,-0.717792,-0.0852472,0.691019
0,0,-0.723781,0.503545,0.471788
0,0,0.637992,-0.345857,0.688003
0,0,0.310198,0.924911,0.219809
0,0,-0.0328893,-0.738592,0.67335
0,0,0.113291,-0.801462,0.587217
0,0,0.542911,0.580649,0.606707
0,0,-0.506568,-0.148839,0.849256
0,0,0.990586,-0.12186,0.0623592
0,0,-0.114692,-0.860589,0.496218
0,0,0.858415,0.0141116,0.512762
9.06134,12.5904,0.0694878,-0.383445,0.920946
0,0,0.103581,-0.921857,0.373432
0,0,-0.404155,0.22394,0.886854
0,0,0.00760451,-0.38965,0.920932
0,0,-0.442453,0.776295,0.449001
0,0,0.825498,0.513693,0.23382
0,0,-0.860511,-0.221919,0.458554
0,0,-0.0118538,0.302823,0.952973
0,0,0.512362,-0.765075,0.390058
0,0,0.212783,-0.936207,0.279715
0,0,0.800515,0.0743806,0.59468
0,0,0.661384,-0.0808674,0.745675
0,0,-0.445909,0.892432,0.0687736
0,0,0.525463,-0.472611,0.70748
0,0,-0.405308,0.0947145,0.90926
0,0,0.609046,0.741465,0.28159
0,0,0.760228,0.63672,0.128998
0,0,0.369645,0.421534,0.828053
0,0,0.549379,0.645342,0.530769
0,0,0.769795,-0.637339,0.0348572
0,0,-0.697427,-0.61993,0.359558
0,0,0.812539,-0.477516,0.334303
0,0,-0.481481,0.806084,0.344101
0,0,0.477587,0.860333,0.178149
0,0,-0.914248,-0.113053,0.389062
0,0,-0.995871,0.0733872,0.0534345
0,0,-0.98288,-0.0671389,0.171576
4.23283,7.08833,-0.368797,-0.419778,0.829322
0,0,-0.0302946,0.996236,0.0812193
0,0,-0.182705,0.837823,0.514462
0,0,0.295874,-0.197048,0.934682
0,0,0.233704,-0.579023,0.781099
0,0,0.604489,-0.507563,0.613981
0,0,0.925456,0.0388252,0.37686
0,0,-0.148003,0.833496,0.532334
0,0,0.738203,0.348883,0.577354
0,0,-0.159372,0.986506,0.0375029
0,0,-0.845582,0.503329,0.177905
0,0,-0.581763,0.473627,0.661233
0,0,0.249975,-0.967988,0.0226344
0,0,0.348529,0.00874846,0.937257
0,0,0.579835,0.772485,0.258956
0,0,-0.611825,-0.352869,0.707922
0,0,-0.515967,0.74043,0.430746
0,0,-0.265969,-0.571184,0.776537
0,0,0.408943,0.787695,0.460763
0,0,0.955725,0.066554,0.286637
0,0,-0.825337,0.0273876,0.563975
0,0,-0.922196,-0.373568,0.100005
0,0,-0.669358,-0.688808,0.278393
0,0,0.213765,0.955647,0.20259
0,0,-0.225494,-0.969501,0.0960223
0,0,0.532687,-0.823981,0.193135
0,0,-0.913961,0.405028,0.0250492
0,0,-0.853097,-0.321057,0.411276
0,0,0.823879,0.0086487,0.566699
0,0,-0.639176,0.576507,0.509012
0,0,-0.430651,-0.367314,0.824391
0,0,-0.787973,-0.557815,0.260653
0,0,0.978626,-0.114714,0.17068
0,0,-0.783186,-0.419768,0.458709
0,0,-0.405457,0.194423,0.893199
0,0,-0.842846,-0.395142,0.36534
0,0,0.463933,-0.733743,0.496375
0,0,0.346387,0.278155,0.895905
0,0,-0.559258,-0.60979,0.561593
0,0,-0.719247,-0.092443,0.688576
0,0,0.474428,0.451384,0.755758
0,0,0.961689,0.268025,0.0575837
0,0,0.786615,0.613084,0.0732427
22.8761,31.9065,0.523869,-0.269308,0.808106
0,0,0.732573,0.539816,0.414651
0,0,-0.538072,0.351657,0.766039
0,0,0.469894,-0.610882,0.637199
0,0,-0.497501,0.608225,0.61851
0,0,0.80734,0.0911832,0.582999
0,0,-0.990898,-0.0782431,0.109538
0,0,-0.0543663,0.0494795,0.997294
0,0,-0.162068,0.970517,0.178411
14.1334,20.0833,0.631101,-0.72521,0.275286
0,0,0.67504,-0.724013,0.141865
0,0,-0.790535,0.520353,0.322936
0,0,-0.666212,0.386863,0.637573
0,0,0.39042,0.298348,0.870954
0,0,-0.669883,0.167784,0.72326
0,0,-0.316156,0.24804,0.915708
0,0,0.971699,0.0469489,0.231511
0,0,0.954627,0.0361473,0.295601
0,0,0.554288,-0.588579,0.588507
0,0,-0.431349,-0.838178,0.333761
0,0,-0.353173,0.69657,0.624547
0,0,0.651535,0.738671,0.172823
0,0,0.00406254,-0.889691,0.456546
0,0,-0.153095,0.655668,0.739366
0,0,0.20041,0.131081,0.970903
0,0,-0.552554,0.177793,0.814294
0,0,-0.365865,0.175095,0.914049
6.9224,9.75571,-0.169529,-0.914222,0.368046
0,0,0.507053,0.823728,0.253711
0,0,-0.134049,-0.978432,0.157165
0,0,0.377464,0.456044,0.805944
0,0,0.309824,0.782558,0.540011
0,0,-0.708559,-0.163308,0.686494
8.23756,10.0157,0.204406,0.311666,0.927945
0,0,0.0725209,0.927584,0.366509
0,0,-0.248245,0.844286,0.474928
0,0,-0.262159,0.781365,0.56634
0,0,-0.736464,-0.462387,0.493781
0,0,0.985452,-0.129244,0.110367
0,0,0.634902,0.417129,0.65031
0,0,0.0658575,0.198631,0.977859
16.3141,22.5371,0.0267686,0.509475,0.860069
0,0,-0.288556,-0.574645,0.765845
0,0,-0.353821,-0.907362,0.226946
0,0,0.319785,0.317984,0.892538
0,0,0.885473,0.456801,0.085267
0,0,-0.685487,-0.501086,0.528224
0,0,0.480289,0.675462,0.559529
0,0,-0.00978007,0.991163,0.132289
0,0,-0.591367,-0.107153,0.799252
0,0,0.508848,-0.858777,0.0598001
0,0,0.763123,0.456152,0.457786
0,0,0.599054,0.300017,0.742377
0,0,-0.436753,0.351187,0.8282
0,0,0.0896435,-0.869822,0.485152
0,0,-0.691275,0.718753,0.0743881
0,0,0.919346,-0.39272,0.0239533
0,0,0.619235,0.699907,0.355919
0,0,-0.0906024,0.701126,0.707257
21.1521,30.7486,0.816636,-0.527747,0.233644
0,0,0.202248,-0.546252,0.812837
0,0,-0.856238,0.475994,0.200714
0,0,-0.543181,-0.592101,0.59529
0,0,-0.0469406,-0.0690735,0.996507
0,0,-0.282949,-0.886501,0.366137
0,0,0.524121,-0.144008,0.83938
0,0,-0.213126,-0.541672,0.813123
0,0,0.881257,-0.469592,0.053563
0,0,0.632087,-0.316494,0.707318
0,0,0.355923,0.653442,0.668081
0,0,0.222838,-0.225145,0.9485
0,0,0.423349,0.354963,0.833533
0,0,0.68765,-0.532298,0.493758
0,0,-0.44287,-0.896444,0.0159599
0,0,-0.109297,0.581566,0.806123
0,0,0.286628,0.892722,0.347696
0,0,0.372705,-0.763505,0.5274
0,0,0.676212,0.428831,0.599033
0,0,0.75196,-0.646811,0.127244
0,0,0.488973,-0.0734796,0.869198
0,0,0.0075387,0.80184,0.597492
0,0,0.484571,-0.564286,0.66841
0,0,0.991769,-0.118483,0.0485424
0,0,-0.138858,-0.99031,0.00196543
18.3536,26.0449,-0.107006,0.0645406,0.992161
0,0,-0.739776,0.669802,0.0640064
0,0,-0.637366,0.750849,0.173177
0,0,0.201962,-0.777887,0.595066
0,0,0.185656,0.868612,0.459396
0,0,-0.931488,-0.25629,0.258158
0,0,0.0148475,-0.459567,0.888019
0,0,-0.447844,-0.610271,0.653456
0,0,-0.777336,0.614282,0.135671
0,0,0.645729,-0.524455,0.55496
0,0,0.548513,0.632882,0.546437
0,0,-0.446517,0.883627,0.140801
0,0,0.485156,-0.649828,0.585105
0,0,-0.600943,0.336411,0.725048
0,0,-0.755745,-0.481021,0.444373
0,0,0.13453,-0.829416,0.54219
0,0,-0.451451,0.687323,0.569016
0,0,0.769515,-0.213442,0.601904
0,0,-0.819813,0.253873,0.513278
0,0,-0.517926,0.363054,0.774561
0,0,0.578167,0.808444,0.110191
0,0,0.732583,0.672016,0.108245
0,0,0.00325005,-0.990353,0.138529
0,0,-0.77469,-0.0812753,0.627096
0,0,0.629776,0.351669,0.692612
0,0,-0.284141,0.838667,0.464651
0,0,0.311694,-0.35432,0.881649
0,0,0.46142,0.478306,0.747205
0,0,-0.770471,0.0812634,0.632274
0,0,0.826237,0.280511,0.488514
0,0,-0.53743,-0.47165,0.699082
0,0,-0.565013,0.00391446,0.825073
0,0,0.229541,-0.303146,0.924885
0,0,0.523633,-0.396164,0.75423
0,0,0.415895,0.260314,0.87136
0,0,-0.0728497,-0.150903,0.985861
0,0,0.554814,0.179073,0.812474
0,0,0.128068,-0.405706,0.904987
0,0,-0.170365,-0.33475,0.926778
0,0,-0.144292,0.119984,0.982234
0,0,-0.176279,0.420611,0.889951
0,0,-0.942446,-0.320951,0.0937317
0,0,0.801133,0.100177,0.590043
0,0,0.654216,-0.556484,0.512178
0,0,0.679429,-0.728322,0.0890133
0,0,-0.354,0.934318,0.0416347
0,0,0.225498,-0.393162,0.891389
0,0,0.712511,-0.61095,0.345063
0,0,0.816468,-0.228589,0.530214
0,0,-0.60275,-0.775106,0.189482
0,0,0.582361,0.801964,0.133078
0,0,-0.466432,-0.303895,0.830716
0,0,-0.139301,0.587122,0.797422
0,0,0.75372,0.655706,0.0442279
0,0,-0.79355,0.458435,0.400144
0,0,-0.899276,-0.0100295,0.437268
0,0,0.999143,0.00996652,0.0401737
0,0,-0.103152,0.972849,0.20718
0,0,-0.893136,-0.419592,0.162023
0,0,0.548785,-0.551192,0.628508
0,0,0.535046,0.769274,0.349205
0,0,-0.855312,-0.423086,0.299065
0,0,0.408334,-0.649074,0.641846
0,0,0.715943,0.693151,0.0834773
0,0,-0.0773613,0.22674,0.970878
0,0,0.301059,-0.665578,0.682913
0,0,0.575316,0.65289,0.492693
0,0,-0.989166,0.0691636,0.129491
0,0,0.924006,-0.266144,0.274556
0,0,-0.873679,-0.221195,0.433309
0,0,0.0729672,0.700313,0.710096
0,0,-0.597838,0.573884,0.559685
0,0,0.771495,0.618753,0.148124
0,0,0.567038,0.782603,0.256906
0,0,0.171547,-0.757731,0.629615
0,0,0.697249,-0.134521,0.704093
0,0,0.0401766,0.81031,0.584623
0,0,-0.91522,0.0812985,0.394668
0,0,0.19111,0.45494,0.869774
0,0,-0.980635,-0.136523,0.140416
0,0,0.919482,-0.0619945,0.388214
0,0,-0.0473428,0.395654,0.917179
0,0,-0.615791,0.69444,0.372229
0,0,-0.530389,0.644538,0.550689
0,0,0.7885,-0.454654,0.414195
0,0,-0.720955,-0.691688,0.0423377
0,0,0.646343,0.670441,0.364349
0,0,0.944649,-0.253415,0.208371
0,0,0.554983,-0.831025,0.0372896
0,0,-0.210188,-0.693439,0.689176
0,0,-0.682567,0.729353,0.0463383
0,0,-0.391719,0.916541,0.0806734
0,0,-0.553266,-0.805583,0.211971
0,0,0.743447,-0.613714,0.265783
0,0,-0.111446,-0.873114,0.474606
0,0,0.352655,0.457812,0.816114
0,0,0.0818744,-0.987062,0.137857
0,0,0.482012,0.372494,0.79304
0,0,-0.38644,-0.922294,0.00607555
0,0,0.584606,-0.454972,0.671742
0,0,0.247767,-0.492856,0.834089
0,0,0.37878,-0.517525,0.767263
0,0,-0.99735,0.0406845,0.0603116
0,0,0.886511,-0.45505,0.0838316
0,0,-0.497233,0.198042,0.844712
0,0,0.209231,0.748031,0.629819
0,0,0.212666,-0.955882,0.202641
0,0,-0.0184759,-0.961224,0.275149
0,0,-0.846859,-0.365685,0.38614
0,0,-0.78294,0.266542,0.562104
0,0,-0.332882,0.522468,0.784995
0,0,0.517349,0.753193,0.406264
0,0,-0.126489,0.630387,0.765906
0,0,0.64179,-0.719221,0.266135
16.9265,23.8056,-0.345906,0.194203,0.917951
0,0,0.694238,0.716542,0.0678311
0,0,-0.837072,0.269061,0.476358
5.11733,8.14942,0.992305,-0.0790428,-0.0953071
0,0,-0.125856,0.194058,0.972883
0,0,0.0265424,0.981549,0.189361
0,0,0.0761278,-0.9482,0.308418
0,0,0.626365,0.230455,0.744686
0,0,-0.764426,0.201413,0.612442
0,0,0.313654,-0.568366,0.760645
0,0,-0.867587,-0.25544,0.426665
0,0,-0.0195043,-0.798364,0.60186
0,0,0.0898871,-0.0732062,0.993258
0,0,-0.817581,-0.431371,0.381418
0,0,-0.681405,0.570488,0.45851
0,0,0.0480493,0.297701,0.953449
0,0,-0.215734,-0.970402,0.108533
0,0,0.281129,0.859391,0.427099
0,0,-0.109117,-0.544201,0.831828
0,0,-0.289025,0.927616,0.23663
0,0,0.673791,0.71261,0.195429
0,0,-0.771532,-0.611652,0.174985
0,0,-0.313008,0.223194,0.923152
18.9357,28.5017,-0.28078,-0.410564,0.867525
0,0,-0.82274,-0.14187,0.550429
0,0,0.577903,0.814159,0.0563345
0,0,-0.283628,-0.808809,0.515154
0,0,0.291385,0.543557,0.787173
0,0,0.836592,0.196724,0.511285
0,0,-0.341724,0.683689,0.644821
22.0673,33.8626,0.277018,-0.326675,0.903628
0,0,0.916338,-0.181337,0.35699
0,0,0.685362,-0.700684,0.198296
0,0,-0.699485,-0.674133,0.237204
0,0,-0.738683,0.661115,0.131428
0,0,0.501538,-0.737386,0.452461
0,0,0.957446,-0.283461,0.0542865
0,0,0.500804,-0.862152,0.0767469
23.1837,31.3977,0.588975,0.643255,0.489216
0,0,0.1532,-0.987741,0.0299479
0,0,-0.624734,0.542644,0.561467
0,0,-0.741813,0.31682,0.591048
0,0,-0.879831,0.100226,0.464599
0,0,0.895218,0.442073,0.0561764
0,0,0.970356,-0.203445,0.130459
0,0,-0.849961,0.526773,0.00878819
0,0,-0.8722,-0.489081,0.0082232
0,0,-0.871392,-0.377323,0.313533
0,0,-0.395887,-0.891678,0.219509
0,0,-0.873637,-0.01717,0.486275
0,0,-0.0190548,-0.89657,0.442492
0,0,-0.961973,0.151939,0.226986
0,0,0.46111,-0.0436125,0.886271
0,0,0.938169,0.301547,0.170025
0,0,-0.438742,0.442958,0.781852
0,0,0.715442,0.623537,0.315189
0,0,-0.706361,0.704314,0.0706728
0,0,-0.496973,0.17079,0.850793
0,0,-0.533913,0.23639,0.811823
0,0,-0.945832,0.204572,0.252095
0,0,0.747421,-0.286855,0.59923
0,0,-0.340305,0.904199,0.258103
0,0,0.178093,-0.682633,0.708728
0,0,-0.646103,0.761744,0.0479313
13.8629,19.2639,-0.309751,-0.440997,0.842363
0,0,0.674554,0.728101,0.121844
0,0,0.94435,0.217455,0.246811
0,0,0.204777,0.968069,0.144598
0,0,-0.443191,-0.452359,0.77392
0,0,0.329353,0.847471,0.416316
0,0,0.678957,0.722802,0.128742
0,0,0.333756,-0.666449,0.666672
0,0,-0.177586,0.932551,0.314343
0,0,0.734796,0.416767,0.535145
0,0,0.542494,-0.596767,0.591243
0,0,0.462718,-0.554121,0.691984
0,0,0.965531,-0.0954342,0.242161
0,0,0.603146,0.668961,0.434402
0,0,0.842617,0.389812,0.371541
0,0,-0.682759,-0.729377,0.0430116
0,0,0.747349,-0.162298,0.644304
0,0,0.083671,-0.41929,0.903988
0,0,-0.577713,-0.690813,0.43477
0,0,-0.670056,-0.706937,0.226416
0,0,0.954395,0.292493,0.0598079
0,0,-0.540558,-0.671184,0.507257
0,0,0.482641,-0.816713,0.316289
0,0,-0.886494,0.379114,0.26533
0,0,0.119277,-0.826907,0.549543
0,0,-0.525971,0.154038,0.836437
0,0,0.572795,0.783047,0.242372
0,0,0.757591,-0.624275,0.19062
0,0,0.663666,0.718513,0.208054
0,0,0.312297,0.512211,0.800069
0,0,-0.0643045,-0.567328,0.820977
0,0,0.71217,0.246664,0.657245
0,0,-0.371369,-0.566102,0.735944
0,0,-0.756323,-0.650321,0.0711198
0,0,0.895111,-0.44471,0.0317704
0,0,-0.347782,0.592767,0.726412
0,0,-0.449257,0.0732166,0.890397
0,0,0.824973,0.251959,0.505902
0,0,0.8058,-0.474008,0.354969
0,0,0.671421,0.426689,0.605913
0,0,0.426111,-0.156325,0.891062
0,0,0.802877,0.567874,0.181406
0,0,-0.913158,0.00112199,0.407605
0,0,0.634925,-0.703141,0.320097
0,0,-0.60333,-0.0576711,0.795403
0,0,-0.305169,0.428528,0.850432
0,0,-0.346144,0.848698,0.39987
0,0,0.167924,0.814068,0.555963
0,0,0.0868054,-0.934984,0.343903
0,0,0.829534,-0.215356,0.515263
0,0,0.354765,-0.417805,0.83641
0,0,-0.575991,-0.688565,0.440581
0,0,0.78412,0.183818,0.592762
0,0,0.539725,-0.837753,0.0828706
0,0,-0.667654,-0.599961,0.440778
0,0,-0.14212,-0.980996,0.132096
0,0,-0.929665,-0.367756,0.0218576
0,0,0.430774,0.901181,0.0480263
0,0,0.853097,0.221581,0.472363
0,0,-0.0168879,-0.992207,0.123449
0,0,-0.278598,-0.577482,0.767397
0,0,-0.591904,0.77754,0.212322
0,0,0.717948,-0.504643,0.479465
0,0,0.0608562,0.111688,0.991878
0,0,0.686254,0.717973,0.11649
0,0,0.680416,0.647658,0.342889
0,0,0.0998951,0.104104,0.989537
0,0,0.519456,-0.7962,0.31021
0,0,-0.648752,0.748909,0.135119
0,0,0.38579,-0.163567,0.907971
0,0,-0.136959,-0.287565,0.947918
0,0,0.794553,-0.497187,0.348556
0,0,0.976124,0.192359,0.100899
0,0,0.817905,-0.410852,0.402781
0,0,0.0473649,-0.82742,0.559582
0,0,-0.136009,0.989686,0.0449862
0,0,-0.921596,0.36178,0.140629
0,0,-0.358938,0.179338,0.91597
0,0,-0.306194,0.917227,0.254832
0,0,0.819226,0.547901,0.169333
0,0,-0.0368569,-0.430654,0.901764
16.727,22.8455,0.285758,-0.0928035,0.953798
0,0,-0.493751,-0.777818,0.388857
0,0,0.694526,0.551667,0.461841
0,0,0.446512,0.688798,0.571126
0,0,0.537888,-0.705942,0.460784
0,0,0.642807,-0.764762,0.0440385
0,0,-0.608047,0.408611,0.680673
0,0,0.0905219,-0.979263,0.181245
0,0,0.957333,-0.0793316,0.277884
0,0,-0.337343,-0.877887,0.339874
0,0,-0.76576,0.556631,0.322139
0,0,-0.854238,0.262968,0.448471
0,0,0.520303,-0.599396,0.608284
0,0,0.700211,0.214801,0.680856
0,0,0.84193,0.53684,0.0543733
0,0,-0.246449,0.449012,0.858866
0,0,-0.528598,0.458454,0.714425
0,0,0.381497,0.90316,0.196882
0,0,0.369958,-0.374216,0.850349
0,0,-0.58175,0.808211,0.0914392
0,0,0.680491,-0.436232,0.588757
0,0,-0.83551,0.545105,0.0691654
0,0,0.572462,0.211568,0.792166
0,0,-0.578943,0.548418,0.603376
0,0,0.387764,0.896639,0.213723
0,0,-0.729855,0.595538,0.335627
0,0,0.68266,-0.687937,0.246411
0,0,0.765639,0.00228359,0.643267
0,0,-0.437455,0.236844,0.867489
0,0,-0.0975433,-0.491632,0.865323
0,0,0.856943,-0.00755309,0.515355
0,0,0.0599807,-0.923975,0.377719
0,0,0.107462,0.759816,0.641196
0,0,-0.337643,0.167755,0.926205
0,0,0.575463,-0.745526,0.336204
0,0,-0.802334,-0.394629,0.447804
0,0,-0.49598,-0.464861,0.733422
0,0,-0.156685,0.746266,0.646944
0,0,0.373592,-0.071585,0.924827
0,0,0.626692,0.771497,0.109771
0,0,-0.215518,0.360799,0.907401
0,0,-0.998144,0.0135596,0.0593612
0,0,-0.818892,0.505878,0.271114
20.9509,27.2297,-0.511405,0.781371,0.357665
0,0,0.11832,-0.885963,0.448408
0,0,0.729281,-0.606525,0.316665
0,0,-0.603978,-0.717961,0.346039
0,0,-0.593745,-0.804148,0.0285056
0,0,0.336474,-0.752988,0.565503
0,0,0.0691018,-0.247588,0.966398
0,0,-0.197987,-0.7867,0.584726
0,0,0.727043,0.257613,0.63643
0,0,-0.571389,-0.736078,0.362911
23.8167,34.7397,-0.361029,-0.84191,-0.401055
0,0,0.816201,-0.451489,0.360518
22.3224,30.6234,0.931848,-0.134847,0.336862
0,0,-0.842446,-0.304307,0.444614
0,0,-0.222217,0.634061,0.740666
0,0,0.728371,-0.65163,0.211789
0,0,-0.68036,0.556817,0.476514
0,0,0.0852814,0.661231,0.745319
21.2489,28.7,0.272138,-0.716671,0.642125
0,0,0.68339,0.489778,0.541383
0,0,0.784109,-0.314361,0.535117
0,0,-0.862049,-0.263144,0.43316
0,0,0.494128,-0.197971,0.846549
0,0,-0.448361,0.514166,0.731168
0,0,-0.0604831,0.718147,0.693258
0,0,-0.957651,-0.0506618,0.28344
0,0,-0.509853,0.859295,0.0407595
0,0,0.468108,0.137016,0.872984
0,0,-0.808907,0.587766,0.0141927
0,0,0.120584,0.637786,0.760716
0,0,-0.159571,0.881849,0.443712
0,0,-0.680988,-0.722725,0.117995
0,0,-0.776179,-0.628914,0.0448591
0,0,-0.601653,-0.679889,0.419243
0,0,0.507085,0.861892,0.00272867
0,0,0.625856,0.773755,0.0980145
0,0,-0.850692,0.303772,0.429005
0,0,0.567334,0.341988,0.749117
0,0,-0.196749,-0.980337,0.0151153
0,0,-0.11727,-0.455975,0.882233
0,0,0.0378568,0.74579,0.665104
0,0,0.987444,0.0559415,0.147729
0,0,-0.800554,-0.598228,0.0351687
0,0,-0.321369,-0.712031,0.624286
0,0,0.956566,-0.266306,0.118587
0,0,-0.97302,0.0829295,0.215301
0,0,0.654066,0.0465349,0.755005
0,0,0.497487,-0.812004,0.305217
0,0,0.213083,-0.97666,0.0270343
0,0,-0.487722,-0.601422,0.632786
0,0,-0.448649,0.89198,0.0555421
0,0,0.127861,0.490348,0.862096
0,0,0.755906,0.433841,0.490295
0,0,0.584785,-0.494915,0.642718
0,0,0.57612,0.757471,0.30712
0,0,0.81997,0.533052,0.20858
0,0,0.883903,-0.463068,0.0654459
0,0,0.83792,0.516081,0.177624
0,0,-0.246713,-0.588897,0.769632
0,0,0.897153,-0.242672,0.369089
0,0,-0.536326,0.817452,0.210062
0,0,0.230934,-0.885424,0.403353
0,0,0.605852,-0.601539,0.520668
0,0,0.25637,-0.584115,0.77012
0,0,0.359538,-0.883676,0.299749
0,0,-0.508147,-0.337996,0.792178
0,0,0.14832,0.1547,0.976765
0,0,0.353314,-0.204005,0.91299
0,0,-0.349595,0.611863,0.709511
0,0,-0.442436,-0.293953,0.847255
0,0,0.406875,0.882622,0.235438
0,0,0.0301853,-0.227554,0.973297
0,0,0.959736,-0.224019,0.169478
0,0,-0.645499,0.19896,0.737392
0,0,0.709066,-0.698695,0.0951387
0,0,0.950264,0.140177,0.278115
0,0,0.85684,0.143727,0.495145
0,0,-0.702713,-0.502278,0.503897
0,0,0.697518,0.48747,0.525207
0,0,0.608157,-0.10941,0.786241
0,0,0.212525,-0.947455,0.239087
0,0,0.375652,-0.393701,0.838978
0,0,0.844372,-0.423556,0.328079
0,0,0.183913,-0.0380391,0.982206
11.728,18.705,-0.0415432,-0.239261,0.970066
0,0,0.516761,-0.783732,0.344562
0,0,-0.065916,-0.988779,0.134057
0,0,-0.348017,0.224488,0.910214
0,0,0.331284,0.572796,0.749771
0,0,0.823271,-0.567366,0.0178958
0,0,0.216873,-0.925423,0.310739
0,0,-0.618724,-0.752985,0.224039
0,0,0.490255,0.402112,0.773276
0,0,-0.309535,-0.661475,0.683109
0,0,0.606938,-0.409339,0.681226
0,0,0.529335,0.0563373,0.84654
0,0,0.609033,0.771819,0.182688
0,0,-0.0475054,-0.563788,0.824552
0,0,0.622958,0.782255,0.000900953
0,0,0.168318,0.973967,0.151849
0,0,0.570479,-0.128518,0.811195
0,0,0.175695,0.972334,0.153944
0,0,0.300667,-0.0482613,0.952507
0,0,-0.658899,0.335763,0.673139
0,0,-0.165626,0.927565,0.334951
0,0,0.10747,-0.644234,0.75724
0,0,0.157073,-0.872183,0.463276
0,0,0.0443717,0.944324,0.326013
0,0,0.916334,0.0665558,0.394844
0,0,-0.68798,-0.725475,0.019221
0,0,-0.378992,-0.412011,0.828621
0,0,0.285743,-0.925883,0.247169
0,0,0.915161,-0.38769,0.110348
0,0,-0.779472,-0.597075,0.189539
0,0,0.0877495,0.931214,0.353753
0,0,0.98999,0.135828,0.0383391
0,0,0.151007,-0.874837,0.460279
0,0,-0.850938,-0.416181,0.320467
0,0,0.772235,0.310369,0.554368
0,0,0.516417,-0.0622609,0.854071
0,0,-0.697901,0.0061497,0.716168
0,0,0.795999,0.120416,0.593199
0,0,0.285346,-0.649303,0.70497
0,0,0.444907,-0.781266,0.437815
0,0,-0.219,0.426978,0.877342
0,0,-0.798081,-0.495664,0.342612
0,0,0.391806,0.458542,0.797639
0,0,0.581517,-0.317871,0.748863
0,0,-0.412456,0.784837,0.462505
0,0,-0.220748,-0.779656,0.586009
0,0,-0.979032,0.184568,0.0862032
0,0,0.206558,-0.759577,0.616747
0,0,-0.602866,-0.0392539,0.796876
0,0,-0.0373705,-0.808941,0.5867
0,0,-0.34681,-0.937368,0.0326223
0,0,-0.309257,0.948217,0.0724176
0,0,-0.631193,-0.402138,0.663234
0,0,0.47044,0.70219,0.53443
0,0,-0.737375,0.579491,0.347085
0,0,-0.430135,-0.864152,0.261198
0,0,0.943266,-0.306344,0.128076
0,0,0.654318,-0.0544317,0.754258
0,0,-0.962362,-0.18745,0.19678
0,0,-0.391415,-0.432296,0.812351
0,0,0.31737,0.69355,0.646734
0,0,0.851699,0.439307,0.28569
0,0,-0.00551231,-0.826773,0.562509
0,0,0.10193,0.500388,0.85978
0,0,-0.838723,0.140532,0.526113
0,0,-0.42498,0.891793,0.155231
0,0,-0.526576,-0.405275,0.747309
0,0,-0.965841,-0.147995,0.212717
0,0,-0.195546,0.979922,0.0389242
0,0,0.0297955,0.811145,0.584085
0,0,-0.953314,0.0780948,0.291708
0,0,0.749179,0.653383,0.108728
0,0,-0.496658,-0.613588,0.613873
0,0,-0.851965,0.503016,0.145361
0,0,-0.908735,-0.346951,0.232004
0,0,0.366862,-0.882727,0.293608
0,0,0.902159,-0.16601,0.398182
0,0,0.776836,0.37038,0.509259
0,0,0.0538599,0.735384,0.675507
0,0,-0.0648432,-0.576316,0.81465
0,0,-0.171875,-0.941451,0.290048
0,0,0.456926,0.719167,0.523467
0,0,-0.683146,-0.661045,0.310374
0,0,0.340026,0.897636,0.280414
0,0,0.244162,-0.862217,0.443809
0,0,0.88857,0.425837,0.170607
0,0,0.682386,0.167895,0.71145
0,0,0.851668,-0.308294,0.423812
0,0,0.0728466,0.996687,0.0361631
0,0,-0.395155,0.918609,0.00323718
0,0,0.714766,-0.698756,0.0291519
0,0,0.197973,-0.383352,0.902135
0,0,0.204681,0.967593,0.147881
0,0,-0.101826,0.862045,0.496497
0,0,-0.815278,0.343571,0.466134
0,0,-0.784703,0.609478,0.113034
0,0,0.776013,-0.208255,0.595343
0,0,0.793957,-0.260514,0.549331
0,0,0.527587,0.316487,0.788345
0,0,-0.772652,-0.501064,0.389799
0,0,0.804434,0.579713,0.129689
0,0,0.207352,-0.310152,0.927799
0,0,-0.445726,0.525626,0.7246
0,0,0.0112936,0.0177271,0.999779
0,0,0.413842,0.899199,0.14204
0,0,0.352908,0.924158,0.146244
0,0,0.336598,0.910236,0.241189
0,0,-0.547555,-0.653071,0.523146
0,0,0.519262,-0.0986758,0.848899
0,0,0.900458,-0.428814,0.0727516
0,0,0.300848,-0.401977,0.864815
0,0,0.391478,-0.920145,0.00880439
0,0,-0.276969,0.869218,0.40957
0,0,0.785497,-0.0894375,0.612369
0,0,-0.392805,-0.469305,0.790858
0,0,0.541522,0.591314,0.59758
0,0,-0.713543,-0.659796,0.23564
0,0,0.489576,0.26325,0.831273
0,0,0.307936,-0.950301,0.0458569
0,0,-0.808508,-0.460436,0.366489
0,0,-0.920031,0.391459,0.0174305
0,0,0.340211,-0.857748,0.385388
0,0,0.929796,-0.103879,0.353112
0,0,-0.964721,0.263271,0.00154163
0,0,0.448323,-0.693971,0.563391
0,0,0.673915,0.368849,0.640148
0,0,0.0248315,-0.75926,0.650314
0,0,-0.207731,-0.242927,0.947541
0,0,0.826702,0.237266,0.510165
0,0,0.471519,0.763335,0.441577
0,0,-0.12737,-0.0243816,0.991556
0,0,-0.529437,0.620608,0.578397
0,0,-0.531288,-0.694691,0.484909
0,0,0.0632746,-0.79455,0.603894
0,0,-0.361103,0.705613,0.609685
0,0,-0.292201,-0.170041,0.941119
0,0,-0.517021,0.420264,0.745699
0,0,-0.831844,-0.390222,0.394668
0,0,0.187043,0.96407,0.188637
0,0,0.956035,0.274038,0.104401
0,0,-0.954088,-0.286669,0.0868172
0,0,0.376173,-0.87522,0.304112
0,0,-0.797227,-0.535286,0.279103
0,0,-0.886312,0.449134,0.112828
0,0,0.728602,0.523598,0.441571
0,0,0.959078,-0.24688,0.138638
0,0,0.609513,0.79046,0.0605534
0,0,0.525724,-0.116312,0.842666
0,0,-0.529995,0.0745304,0.844719
2.3924,2.98111,0.366978,-0.110191,0.92368
0,0,-0.240621,0.640974,0.728872
0,0,-0.862577,0.453211,0.224858
0,0,-0.67368,0.654704,0.342809
0,0,-0.692374,-0.629178,0.353204
0,0,-0.496297,-0.488808,0.717465
0,0,-0.46176,0.755372,0.464962
0,0,0.725038,-0.388449,0.568707
0,0,-0.098735,-0.522244,0.847061
0,0,0.434408,-0.293958,0.851398
0,0,0.409606,0.556947,0.722519
0,0,-0.842822,0.536989,0.0359526
0,0,-0.568888,0.711998,0.411612
0,0,0.232231,0.722751,0.650923
0,0,-0.993169,0.0818905,0.0831209
0,0,0.77088,0.193875,0.60676
0,0,0.710956,-0.604766,0.358886
0,0,-0.591831,0.459509,0.662259
0,0,0.231428,0.435969,0.869697
0,0,-0.379911,0.0581582,0.923193
0,0,-0.0922329,0.864146,0.494716
0,0,-0.0570004,-0.835215,0.546962
0,0,-0.570297,0.654302,0.496639
0,0,0.942712,-0.326455,0.0687157
0,0,-0.749815,-0.30021,0.58962
0,0,0.851447,0.0752459,0.519014
0,0,-0.206416,-0.345218,0.915542
0,0,-0.593351,0.00609326,0.804921
0,0,0.578667,0.44656,0.682444
0,0,0.0198622,0.88324,0.4685
0,0,-0.542828,-0.299068,0.78479
0,0,0.71672,-0.655606,0.237681
0,0,-0.742508,0.397955,0.538807
0,0,0.612808,-0.789238,0.0396258
0,0,-0.5237,-0.837254,0.157304
0,0,-0.531074,0.836385,0.135724
0,0,-0.333825,-0.0820178,0.93906
0,0,0.741425,0.236411,0.628011
0,0,-0.406759,-0.901868,0.145537
0,0,-0.373668,0.822379,0.429028
0,0,-0.100374,0.0912084,0.99076
0,0,-0.849704,0.525153,0.0470992
0,0,0.833678,0.352242,0.42533
0,0,0.972441,0.120773,0.199429
0,0,0.735903,-0.627882,0.253397
0,0,0.935579,-0.33606,0.108427
0,0,0.150348,0.370118,0.916738
0,0,0.296892,-0.873032,0.386872
0,0,-0.229606,-0.32664,0.916835
0,0,0.319171,-0.63893,0.699927
0,0,-0.259606,0.870035,0.419098
0,0,-0.690795,0.61124,0.386249
0,0,0.569403,0.267371,0.777363
0,0,0.241497,0.856622,0.455937
0,0,-0.311559,-0.319813,0.894791
0,0,0.446891,-0.349626,0.823438
0,0,0.629503,0.474637,0.61518
0,0,-0.689444,0.663506,0.290563
0,0,0.0640093,-0.950204,0.304985
0,0,-0.276034,0.262918,0.924489
0,0,-0.53211,0.761501,0.370102
0,0,-0.845849,-0.156031,0.510092
0,0,-0.808711,0.58477,0.0634849
0,0,0.653327,-0.507896,0.561432
0,0,0.752409,-0.578167,0.3156
0,0,-0.245666,-0.668955,0.701532
0,0,0.445022,-0.847693,0.288743
0,0,-0.449624,0.229637,0.863195
0,0,-0.106469,0.851657,0.513171
0,0,0.698092,0.712094,0.0747674
0,0,0.677837,-0.0875166,0.729984
0,0,0.854951,-0.414652,0.311645
0,0,-0.849859,-0.339777,0.402855
0,0,0.935535,0.0799293,0.344071
0,0,0.994489,-0.0395132,0.097109
0,0,-0.806683,-0.571126,0.151912
0,0,-0.776273,0.0897614,0.623973
0,0,-0.773504,0.461227,0.434698
0,0,0.898059,-0.321037,0.300708
0,0,-0.728511,-0.0760754,0.680797
0,0,0.638681,-0.768585,0.0369278
0,0,0.379665,-0.767468,0.516573
0,0,-0.649696,-0.0995819,0.753644
0,0,0.48553,-0.27842,0.8287
0,0,-0.29811,-0.859654,0.414879
0,0,-0.568501,-0.259548,0.780668
13.0599,18.3992,0.486653,0.0651089,0.871165
0,0,-0.870545,-0.48203,0.0989902
0,0,-0.929836,0.0117887,0.367785
0,0,-0.0964118,0.977743,0.18634
0,0,0.577852,-0.677654,0.454831
0,0,0.710912,-0.192973,0.676288
0.37831,0.707707,-0.460681,0.107294,0.881057
0,0,0.839453,-0.215016,0.499086
0,0,-0.302891,-0.952121,0.0415144
0,0,0.846137,0.0915818,0.525038
0,0,0.597001,-0.305838,0.741656
0,0,-0.999566,0.029448,5.92571e-05
0,0,0.578039,0.0650379,0.813413
0,0,-0.719185,-0.379945,0.581735
0,0,0.927841,0.220404,0.300888
0,0,-0.782461,-0.486154,0.389114
0,0,0.511359,0.503501,0.696419
0,0,0.328459,0.807779,0.489497
0,0,-0.374717,-0.583398,0.720578
0,0,-0.360642,-0.373588,0.854616
0,0,-0.302063,-0.223178,0.926795
0,0,-0.0911907,0.468029,0.878996
0,0,-0.406006,0.881285,0.241857
0,0,-0.249401,0.966457,0.0613212
0,0,0.172665,0.723656,0.668213
0,0,0.297164,-0.829177,0.473455
0,0,0.649728,-0.591005,0.478086
0,0,-0.96604,0.253112,0.0519815
0,0,0.518452,0.448856,0.72783
0,0,-0.35115,0.866254,0.355383
0,0,-0.530217,-0.799107,0.283368
0,0,0.285792,-0.388529,0.875995
0,0,0.972966,-0.0466789,0.226182
0,0,0.798522,0.383253,0.464197
0,0,-0.630212,0.774165,0.0591757
0,0,0.166459,-0.355167,0.919863
0,0,-0.946655,0.211444,0.243178
0,0,0.347929,-0.695007,0.629214
0,0,0.948551,0.113832,0.295453
0,0,0.897659,0.438333,0.0455342
0,0,-0.94628,0.148462,0.287251
0,0,0.677901,-0.522543,0.517107
0,0,-0.660698,0.735049,0.152252
0,0,0.20643,-0.823832,0.527909
0,0,-0.789263,0.382993,0.479979
0,0,0.460842,0.883865,0.0800445
0,0,0.667544,0.0729546,0.740987
0,0,-0.466077,0.419806,0.778803
11.0337,14.0403,0.284834,-0.111491,0.952071
0,0,0.0766054,-0.782775,0.617572
0,0,0.507384,-0.828725,0.23617
0,0,-0.230099,-0.963078,0.139769
0,0,0.320843,0.262821,0.909937
0,0,-0.750798,-0.530423,0.39364
4.32294,6.31959,-0.0632736,-0.0313742,0.997503
0,0,-0.973935,-0.224337,0.0335093
0,0,-0.689537,-0.490098,0.533238
0,0,0.844805,-0.046699,0.533032
0,0,0.484476,0.389479,0.783319
0,0,0.399671,-0.464526,0.79024
0,0,0.189921,-0.97767,0.0899514
0,0,0.675904,-0.0366618,0.736077
0,0,0.000711799,-0.947292,0.32037
0,0,0.400594,-0.513685,0.758718
0,0,0.704792,-0.154286,0.692434
0,0,0.283332,-0.498757,0.819124
0,0,0.606189,0.708195,0.361932
0,0,-0.921909,-0.241912,0.302592
0,0,0.871372,-0.327699,0.365137
0,0,0.673909,0.591722,0.442394
0,0,0.797169,-0.583592,0.15473
0,0,0.322007,0.0562172,0.945067
0,0,0.300343,0.893413,0.334075
0,0,0.374696,0.900559,0.220446
0,0,0.841396,0.333574,0.425185
0,0,-0.481551,0.0239277,0.876092
0,0,-0.792311,-0.152324,0.590797
0,0,0.0884826,-0.895074,0.437051
0,0,0.372389,0.911889,0.172582
0,0,0.711535,-0.35109,0.608648
0,0,0.267559,-0.87405,0.405523
0,0,-0.698064,-0.000975125,0.716035
0,0,-0.861896,0.12766,0.490752
0,0,-0.295265,-0.411139,0.862428
0,0,-0.0118069,0.816791,0.576813
0,0,-0.740751,-0.196618,0.642362
0,0,0.750906,-0.469232,0.464717
0,0,0.476088,-0.0883584,0.874948
0,0,-0.605351,0.775345,0.179971
0,0,-0.560985,-0.432484,0.705871
0,0,0.454954,0.797522,0.396201
0,0,-0.526191,0.850076,0.0222385
23.9045,34.1884,0.167624,0.0240928,-0.985557
0,0,-0.668991,0.739575,0.0740241
0,0,0.284424,0.395471,0.87333
0,0,0.758789,-0.250961,0.601048
0,0,-0.237711,0.340285,0.90978
0,0,0.582075,-0.200185,0.788109
0,0,0.864632,-0.155202,0.477833
0,0,0.236799,0.626492,0.742586
0,0,0.0851702,0.963521,0.253717
0,0,0.967534,-0.0455925,0.248593
0,0,0.384978,-0.843841,0.373797
0,0,-0.156398,-0.247773,0.956111
0,0,-0.382173,0.2516,0.88918
0,0,-0.0900615,-0.958523,0.270413
0,0,0.0435661,0.339689,0.939528
0,0,0.138383,-0.862781,0.486271
0,0,0.449194,0.801292,0.395166
0,0,-0.0478057,0.930258,0.363777
0,0,-0.457218,0.40092,0.793861
0,0,-0.897213,0.438267,0.0541396
0,0,-0.270065,-0.942728,0.195776
0,0,0.798995,-0.000266509,0.601337
0,0,-0.517375,0.539803,0.66403
0,0,-0.813518,0.0757882,0.57658
0,0,0.3192,-0.890643,0.323831
0,0,-0.217924,0.480333,0.849582
0,0,-0.838427,0.528217,0.134261
0,0,0.195389,0.562184,0.8036
0,0,0.693136,0.267586,0.669298
0,0,-0.137395,-0.347358,0.927613
0,0,-0.76638,0.530948,0.361603
0,0,0.847246,-0.523829,0.0881874
0,0,-0.0140936,-0.20696,0.978248
0,0,-0.253912,-0.948718,0.188314
0,0,-0.896938,0.197696,0.395497
0,0,-0.600195,-0.532733,0.596625
0,0,0.759917,0.630178,0.15938
0,0,-0.905216,0.154167,0.396
0,0,-0.635692,-0.738262,0.225533
22.2583,31.4012,-0.384838,0.352006,0.853224
0,0,-0.729375,0.174185,0.661567
0,0,-0.612919,-0.741468,0.27305
19.3443,26.3344,-0.131381,-0.322638,0.93736
0,0,-0.0597569,-0.968592,0.241368
0,0,0.714253,-0.120015,0.689521
0,0,-0.346962,0.862787,0.367717
0,0,-0.999722,-0.0225074,0.00696722
0,0,-0.938419,-0.192332,0.287017
0,0,0.942184,0.277312,0.188117
0,0,-0.723768,-0.667248,0.175895
0,0,-0.0628541,0.974848,0.213825
0,0,-0.125404,-0.189093,0.973919
0,0,-0.318772,-0.9347,0.157228
0,0,0.582917,-0.812473,0.00972341
0,0,0.845831,0.403921,0.348451
0,0,-0.77271,-0.602751,0.199025
0,0,-0.258386,-0.733673,0.628459
0,0,-0.448671,0.885764,0.118816
0,0,0.332717,-0.602431,0.725518
0,0,0.669891,-0.551998,0.496532
0,0,0.306019,0.157839,0.93885
0,0,0.48081,0.331746,0.811644
0,0,0.663578,0.189634,0.723673
0,0,-0.150606,-0.790586,0.593542
0,0,-0.650798,-0.336013,0.68085
0,0,-0.382155,-0.677441,0.628515
0,0,0.451872,-0.158631,0.877865
0,0,-0.269349,-0.961516,0.0542019
0,0,-0.417267,-0.90151,0.114756
0,0,0.395646,0.903677,0.163807
0,0,0.893961,0.439622,0.0869904
0,0,0.301307,0.847916,0.43618
0,0,0.259394,0.615526,0.744206
0,0,0.542181,-0.775789,0.322787
0,0,-0.618522,-0.785727,0.0080149
0,0,0.664121,-0.000815427,0.747625
0,0,-0.373696,0.489226,0.788042
0,0,-0.842364,0.0800838,0.532925
0,0,-0.836105,0.142183,0.529823
0,0,-0.92415,0.278393,0.261619
0,0,-0.398573,-0.13984,0.906413
0,0,-0.493765,-0.760599,0.421527
0,0,-0.81354,-0.0315195,0.580654
0,0,0.902006,-0.369396,0.223455
0,0,-0.997318,-0.031525,0.0660522
0,0,0.555644,-0.458584,0.693513
0,0,-0.657614,0.513803,0.550954
0,0,0.718159,-0.339789,0.607282
0,0,0.44036,-0.826689,0.35024
0,0,0.943969,0.18841,0.270969
0,0,0.325771,-0.286211,0.901086
0,0,-0.414052,0.838148,0.355062
0,0,0.358297,0.470353,0.806468
0,0,0.340458,0.94007,0.0189194
0,0,-0.36633,-0.899866,0.236733
0,0,-0.633713,0.528294,0.565078
0,0,0.880747,-0.272874,0.387072
0,0,-0.00795159,0.408189,0.912863
0,0,-0.0190826,-0.460403,0.887505
0,0,0.786736,-0.0488465,0.615353
0,0,-0.810999,-0.0573827,0.582227
16.7747,22.7906,0.277761,0.000805074,0.96065
11.7837,17.913,0.0336319,-0.334936,0.94164
0,0,-0.13652,-0.0242407,0.990341
0,0,0.102396,0.989623,0.100807
0,0,-0.952564,0.284066,0.10922
0,0,0.0995164,-0.231244,0.967793
0,0,0.611054,-0.670084,0.421428
0,0,0.957649,0.0375763,0.285476
7.81049,11.9521,0.770281,0.174958,0.613235
0,0,-0.68244,0.664006,0.305567
0,0,0.556632,-0.823589,0.108913
0,0,0.401013,0.72373,0.561607
0,0,0.431887,-0.900061,0.0580026
0,0,0.752298,0.00444222,0.658807
0,0,0.157913,0.889369,0.429052
0,0,0.915313,-0.389949,0.100707
0,0,0.896641,-0.173999,0.407135
0,0,0.836777,0.235175,0.494467
15.8235,24.2476,-0.10644,0.0923118,0.990025
0,0,-0.0287995,-0.770921,0.636279
0,0,-0.385636,0.660676,0.644044
0,0,-0.446433,-0.894621,0.018721
0,0,-0.994992,-0.0821668,0.0569157
0,0,-0.372645,0.923946,0.0863726
0,0,-0.161964,0.97077,0.177125
0,0,-0.449331,-0.838232,0.308981
0,0,-0.997842,0.0511522,0.0411612
0,0,-0.238375,0.907646,0.34548
0,0,-0.17931,0.933431,0.310731
0,0,0.57622,0.545768,0.608365
0,0,0.322393,0.05362,0.945086
0,0,-0.883005,0.435787,0.174331
0,0,-0.243277,-0.358395,0.901315
0,0,-0.0423491,-0.368601,0.928623
0,0,-0.782417,-0.542474,0.305851
5.55772,7.96352,-0.27997,0.539561,0.794034
0,0,-0.628006,0.043062,0.777016
0,0,-0.514786,-0.408054,0.75398
0,0,0.451669,0.813099,0.367241
0,0,-0.398849,0.868485,0.294369
0,0,-0.354644,0.93017,0.0949295
0,0,-0.708756,0.440918,0.550687
0,0,-0.519221,0.80536,0.286016
0,0,-0.570231,0.475047,0.670199
0,0,0.330866,-0.632439,0.700392
0,0,0.710647,0.683083,0.168459
0,0,-0.0351291,0.297438,0.954095
0,0,0.291665,0.620825,0.727673
0,0,-0.997174,0.0730774,0.0174542
0,0,0.608809,-0.0955689,0.787539
0,0,-0.911295,-0.290107,0.292198
0,0,0.7831,-0.151242,0.603225
0,0,0.639912,0.766119,0.0597832
18.406,26.6787,0.585995,-0.426181,0.689188
0,0,0.510932,0.368858,0.776461
0,0,0.835387,0.523971,0.166082
0,0,0.65008,0.389665,0.652347
0,0,-0.431668,-0.888906,0.153325
0,0,-0.379066,0.530232,0.758395
0,0,-0.118686,-0.989242,0.0855252
0,0,0.328743,0.771004,0.545418
0,0,-0.192693,0.589541,0.784418
0,0,-0.638544,0.569606,0.517505
0,0,-0.38369,0.7911,0.476385
0,0,-0.248997,-0.588003,0.76958
0,0,-0.979139,-0.0950454,0.179594
0,0,0.434938,-0.735388,0.519648
0,0,0.390108,0.747255,0.537983
0,0,0.36033,-0.932665,0.0172709
0,0,-0.511376,0.0973635,0.853824
18.9708,26.8353,-0.0800736,0.754956,0.650868
0,0,0.591759,0.749275,0.297336
0,0,-0.152877,-0.935416,0.318788
0,0,-0.384585,-0.741285,0.550083
0,0,0.131413,0.424419,0.895879
0,0,0.705878,0.493015,0.508599
0,0,0.947213,-0.201946,0.249008
0,0,-0.760684,0.64395,0.0817806
0,0,-0.626446,0.753684,0.198813
0,0,-0.32823,-0.8574,0.396397
0,0,0.769963,0.545008,0.331849
0,0,-0.513291,0.69507,0.503399
0,0,-0.519532,0.233843,0.82183
0,0,-0.115466,-0.81017,0.57471
0,0,-0.716785,0.186626,0.671855
0,0,-0.282088,-0.936498,0.208321
0,0,-0.790241,-0.598622,0.131037
0,0,0.191153,-0.981526,0.00815143
0,0,0.38776,-0.538756,0.74792
0,0,0.999455,0.0301137,0.0135182
0,0,0.189126,-0.839862,0.508786
0,0,-0.0998549,-0.969763,0.222687
0,0,-0.37052,0.926379,0.067355
0,0,-0.626765,-0.714423,0.311071
0,0,0.23339,0.972349,0.00809412
0,0,0.718659,-0.10257,0.687756
0,0,-0.837628,-0.527807,0.140708
0,0,-0.98717,0.159478,0.00783158
0,0,-0.0322934,0.539066,0.841644
0,0,0.606828,-0.742377,0.283964
0,0,0.0440721,0.87472,0.48262
0,0,0.24166,0.836414,0.491948
0,0,-0.859156,0.414971,0.299415
0,0,0.304897,-0.273473,0.912278
0,0,-0.715603,0.158776,0.680222
0,0,-0.733371,0.643197,0.220145
0,0,0.363768,0.777288,0.51332
0,0,-0.445513,0.894599,0.0347912
0,0,-0.0786486,0.777247,0.62426
0,0,0.10576,-0.468601,0.877056
0,0,-0.35369,-0.444017,0.823257
0,0,0.573456,-0.756572,0.314239
0,0,-0.0484475,0.802467,0.594727
0,0,-0.981818,-0.187524,0.0294508
0,0,-0.827025,-0.197491,0.526334
0,0,0.499185,0.206841,0.841446
0,0,0.228192,0.0642929,0.971491
0,0,-0.336186,-0.939999,0.0581433
0,0,-0.0808996,0.661091,0.745932
0,0,-0.869234,0.31287,0.382812
0,0,0.141611,0.957907,0.249721
0,0,-0.200484,-0.691771,0.693729
0,0,0.413264,-0.151169,0.897976
0,0,0.99818,0.0338287,0.0499138
0,0,0.480168,0.380396,0.790404
0,0,0.310491,-0.701693,0.641266
0,0,0.279491,0.81675,0.504782
0,0,-0.387203,0.828594,0.404359
0,0,0.061133,0.545679,0.835762
0,0,-0.0624479,-0.948123,0.31171
0,0,-0.724414,-0.00225363,0.689361
0,0,0.526057,-0.795848,0.299816
0,0,0.0500633,0.677973,0.73338
0,0,-0.153415,-0.971486,0.180772
0,0,-0.0063589,-0.776924,0.629563
0,0,0.942019,-0.333553,0.0366461
0,0,0.887891,-0.309,0.340836
0,0,-0.381152,-0.16796,0.909127
20.1117,28.5614,0.429414,-0.638543,-0.638645
0,0,0.860824,0.442996,0.250472
0,0,0.868964,-0.14406,0.473442
0,0,-0.655559,0.554316,0.512812
0,0,-0.599523,0.683942,0.415688
0,0,-0.504429,0.152702,0.849843
0,0,0.454515,-0.0925503,0.885918
0,0,-0.577508,0.324826,0.748981
0,0,0.0216988,0.399487,0.916482
0,0,-0.691804,-0.693109,0.202501
0,0,-0.343334,0.651848,0.676178
0,0,0.262521,-0.964923,0.00251497
0,0,-0.139211,0.900979,0.410923
0,0,0.620571,0.219799,0.752715
0,0,0.34318,0.58517,0.734713
0,0,0.0888366,-0.580412,0.809463
0,0,0.373041,-0.0598558,0.925882
0,0,-0.652125,-0.00824682,0.758067
0,0,-0.434302,0.544647,0.717455
0,0,0.864682,0.500925,0.037414
0,0,0.372091,0.751887,0.544255
0,0,0.578105,-0.102601,0.809486
0,0,0.498123,-0.10582,0.860625
0,0,0.744595,0.447346,0.495438
0,0,-0.0595048,0.767519,0.638259
0,0,-0.830338,-0.0814206,0.551279
0,0,-0.330674,-0.893165,0.304812
0,0,-0.735902,0.0961103,0.670232
0,0,0.44605,0.841686,0.304308
0,0,0.339199,0.857934,0.385866
0,0,-0.592408,0.775182,0.21942
0,0,0.0977278,0.867486,0.487767
0,0,-0.565457,0.61239,0.552483
0,0,-0.727025,0.187935,0.66039
0,0,0.759251,0.456251,0.464082
0,0,0.00385181,0.914397,0.4048
0,0,-0.810312,0.249251,0.530348
0,0,0.102512,-0.949749,0.295751
0,0,0.164502,-0.950361,0.264108
0,0,0.0469201,-0.900822,0.431647
0,0,0.0792889,-0.808157,0.583605
0,0,0.548512,0.766856,0.333267
0,0,-0.380853,-0.897125,0.22387
0,0,0.0313188,-0.0333147,0.998954
0,0,0.920284,-0.150265,0.361245
0,0,-0.132642,-0.196953,0.971399
0,0,-0.0957786,-0.995359,0.00932048
0,0,-0.582547,-0.650223,0.487699
0,0,-0.00268504,-0.846293,0.532712
0,0,0.389214,-0.749716,0.5352
0,0,-0.0367352,0.519513,0.853672
0,0,-0.464279,0.854376,0.233425
0,0,0.966592,-0.256195,0.00794451
0,0,-0.324616,0.282145,0.902784
0,0,0.201939,0.335021,0.920316
0,0,-0.0590673,-0.782674,0.619623
0,0,-0.793668,0.31074,0.523002
0,0,0.764263,0.596429,0.245305
0,0,0.748135,0.456401,0.481655
0,0,0.0891342,-0.438265,0.894416
0,0,0.955583,-0.163049,0.245513
0,0,0.977883,-0.208785,0.0123733
0,0,0.50455,-0.639911,0.579606
0,0,-0.540758,0.0425623,0.840101
0,0,0.239487,-0.0638779,0.968796
0,0,0.869604,-0.41632,0.265454
0,0,0.630121,0.517282,0.579109
0,0,0.195628,-0.83394,0.516017
0,0,-0.440291,-0.606221,0.662299
0,0,-0.901123,-0.384078,0.201148
0,0,0.78017,-0.478054,0.403482
0,0,0.373209,0.595963,0.711016
0,0,0.161877,0.928995,0.332812
0,0,-0.528823,0.655056,0.539674
0,0,-0.14812,-0.57137,0.807216
0,0,-0.618301,-0.773621,0.138616
0,0,0.490915,0.742248,0.456147
0,0,-0.31596,0.390173,0.864832
0,0,0.179247,-0.188604,0.965556
0,0,0.073973,-0.786013,0.613768
0,0,0.561933,-0.650164,0.511388
0,0,0.0936764,-0.994548,0.0458243
0,0,-0.376224,-0.795869,0.474393
0,0,0.737155,0.11682,0.665549
0,0,-0.180903,0.977713,0.106541
0,0,-0.4892,-0.71888,0.493857
0,0,-0.287609,0.951634,0.108047
0,0,-0.396094,-0.784671,0.476866
0,0,-0.47605,-0.833774,0.279637
0,0,0.546551,0.73267,0.405557
0,0,0.0267842,-0.551615,0.833669
0,0,-0.173148,0.956993,0.232776
0,0,-0.196527,-0.755842,0.624564
0,0,0.234837,0.947673,0.216259
0,0,-0.361397,-0.37209,0.854951
0,0,0.0625405,-0.662264,0.746656
0,0,0.165377,0.871662,0.461363
0,0,0.90753,-0.0902748,0.41017
0,0,0.653262,-0.214746,0.726039
0,0,-0.525729,0.407728,0.74657
0,0,-0.318533,0.168671,0.932784
0,0,-0.734782,-0.608682,0.299336
0,0,0.186584,-0.614608,0.766449
0,0,0.559678,0.0497602,0.827215
0,0,-0.20939,-0.620354,0.755855
0,0,-0.103978,-0.927017,0.360316
0,0,-0.58165,-0.77172,0.257162
0,0,-0.276569,0.942522,0.187515
0,0,0.151394,-0.823385,0.546916
0,0,-0.15227,0.985184,0.0789131
0,0,-0.751231,-0.54655,0.370047
0,0,-0.853909,-0.481864,0.196585
0,0,0.125452,-0.519485,0.84522
0,0,0.791191,0.0382721,0.61037
0,0,0.101069,-0.922204,0.373262
0,0,0.263569,0.375881,0.888394
0,0,-0.299627,0.87235,0.386303
0,0,0.0346379,0.274412,0.960988
0,0,0.827638,-0.556744,0.0710683
0,0,0.938633,0.284872,0.194462
0,0,-0.295862,0.81679,0.495297
0,0,-0.24544,0.710059,0.659981
0,0,0.474288,0.638562,0.606044
0,0,0.885101,-0.38383,0.263193
0,0,-0.191121,-0.981566,0.00114311
0,0,0.0963141,0.985837,0.137292
0,0,-0.887119,-0.460532,0.0304918
0,0,0.230294,-0.817831,0.527367
0,0,0.931937,0.344245,0.113967
0,0,0.941041,-0.295545,0.164604
0,0,0.491679,0.764558,0.416776
0,0,0.000152196,0.755862,0.654731
0,0,0.217527,0.180285,0.95926
0,0,-0.594508,0.791847,0.139781
2.24642,3.14905,-0.26966,-0.0974073,0.958016
0,0,-0.577873,-0.735879,0.352909
0,0,-0.595035,0.702969,0.389575
0,0,0.0377182,0.993723,0.105321
0,0,0.947268,-0.109594,0.301119
0,0,-0.471058,0.353609,0.808125
0,0,0.281383,0.728833,0.624201
0,0,0.26269,0.946225,0.188818
0,0,-0.910629,0.402635,0.092956
0,0,-0.641158,-0.632804,0.434138
0,0,-0.705569,-0.557087,0.437981
0,0,0.412774,-0.318076,0.85349
0,0,0.66752,0.65543,0.353309
0,0,-0.689515,-0.652759,0.313808
0,0,-0.664805,0.337805,0.666275
0,0,0.334014,0.486603,0.80725
0,0,0.619792,0.0426137,0.783608
0,0,0.656941,0.519773,0.546136
0,0,-0.667581,0.243679,0.703531
0,0,-0.210917,0.952586,0.219303
0,0,0.229274,0.26964,0.935269
0,0,0.081219,0.598699,0.796846
0,0,-0.389805,0.750017,0.534347
0,0,0.259202,0.417219,0.871058
0,0,0.817856,-0.570647,0.073979
0,0,0.097615,-0.114615,0.988602
0,0,-0.495496,0.117147,0.860675
0,0,0.640489,0.348687,0.684245
0,0,0.546696,-0.618401,0.564539
0,0,0.60062,0.798362,0.043285
0,0,-0.527534,0.619678,0.581126
0,0,0.111494,-0.969084,0.220102
23.0393,33.5453,-0.515812,-0.198764,-0.833325
0,0,0.647091,-0.0993922,0.755906
0,0,-0.417298,0.23315,0.878353
0,0,-0.744688,0.5488,0.379815
0,0,-0.168784,0.0203508,0.985443
0,0,0.798308,-0.557154,0.228655
0,0,0.826588,0.413692,0.38159
0,0,-0.481054,0.219127,0.848864
0,0,0.536519,0.729351,0.424494
0,0,0.658378,0.749134,0.0730543
0,0,0.766515,0.16633,0.620314
0,0,-0.0106096,-0.567607,0.823232
0,0,0.617118,0.562834,0.549894
0,0,-0.525913,0.843026,0.112798
0,0,-0.687722,-0.587754,0.426126
0,0,-0.805771,-0.558219,0.197798
0,0,0.861076,-0.26671,0.432913
0,0,-0.242119,0.00546577,0.970231
0,0,0.69876,0.666067,0.26094
0,0,0.755054,-0.497759,0.426767
0,0,0.532342,-0.528447,0.661328
0,0,-0.921088,-0.320654,0.220858
0,0,-0.488725,-0.391185,0.779822
0,0,-0.133848,-0.839787,0.526159
0,0,-0.223559,-0.957258,0.183519
0,0,-0.747187,-0.087186,0.658871
0,0,-0.875066,0.425691,0.230318
0,0,0.458697,0.758465,0.462956
0,0,-0.187272,0.963984,0.188848
0,0,0.0403924,-0.960128,0.276626
5.51536,8.13196,-0.750931,0.0882748,0.654454
0,0,-0.874683,0.227526,0.427973
0,0,0.79009,0.0930152,0.605892
0,0,0.0365226,-0.97883,0.20139
0,0,0.104115,0.490158,0.865393
0,0,-0.626113,0.170304,0.760907
0,0,-0.901959,-0.0281387,0.430903
0,0,-0.647843,0.21958,0.72944
0,0,0.852913,-0.366038,0.37223
0,0,-0.604329,-0.678113,0.418269
0,0,-0.865634,-0.141996,0.48012
0,0,-0.64241,-0.623163,0.44607
0,0,0.73807,0.252085,0.625864
0,0,-0.723987,0.13679,0.676115
0,0,-0.0234573,-0.608612,0.793121
0,0,-0.0831042,0.703166,0.706152
0,0,-0.758914,0.555619,0.339611
0,0,0.0979482,0.970391,0.220787
0,0,-0.780411,0.443276,0.440982
0,0,0.0308445,0.989567,0.14073
0,0,-0.290371,0.908531,0.300426
0,0,0.26596,-0.866483,0.42246
24.1097,32.1091,-0.312791,-0.700861,0.641058
7.30574,11.1887,0.457252,0.832648,-0.31244
0,0,0.937593,0.272981,0.215408
0,0,0.0533724,0.121591,0.991144
0,0,-0.968968,0.242421,0.0483081
0,0,0.769391,-0.618964,0.157863
0,0,-0.861198,0.326334,0.389672
0,0,-0.755115,-0.476519,0.450257
0,0,-0.233235,-0.896723,0.376151
0,0,-0.67905,0.495481,0.541654
0,0,-0.138228,0.475918,0.868559
0,0,0.131483,0.986078,0.101792
0,0,0.170849,-0.596166,0.784472
0,0,-0.222994,-0.203312,0.953382
0,0,0.909956,-0.389742,0.141709
0,0,-0.107916,-0.684026,0.721431
0,0,-0.590763,0.737366,0.327552
0,0,0.859383,-0.264932,0.437347
0,0,0.947197,-0.152326,0.282162
0,0,0.454107,-0.882504,0.122365
0,0,-0.291502,0.0479474,0.955368
0,0,0.853351,-0.404702,0.328645
0,0,0.0247911,-0.943558,0.330279
0,0,0.439619,-0.0631955,0.895958
0,0,0.296943,0.839747,0.454588
0,0,-0.732106,-0.429389,0.528816
0,0,-0.238866,-0.197805,0.950692
0,0,0.127413,0.990702,0.0477014
0,0,-0.451133,-0.549046,0.703582
0,0,0.69407,-0.719456,0.0254788
0,0,0.850634,0.421609,0.314114
0,0,0.262233,-0.44053,0.858585
0,0,0.845603,0.0711781,0.529045
0,0,0.315762,0.944179,0.0939198
0,0,0.968623,-0.0243429,0.24734
0,0,-0.105171,-0.393407,0.913329
0,0,0.81565,-0.571549,0.0897074
0,0,0.619216,-0.6241,0.476519
0,0,0.802066,-0.147771,0.578665
0,0,-0.889546,-0.326161,0.319886
2.02854,3.22219,0.0374016,0.248158,0.967997
0,0,-0.140862,0.360113,0.922213
0,0,-0.0807261,0.978946,0.187478
0,0,-0.385249,0.265901,0.883674
0,0,-0.692646,0.310183,0.651174
0,0,0.578203,-0.683565,0.445444
0,0,-0.916733,0.0128663,0.399293
0,0,0.461934,-0.86429,0.199047
0,0,0.0968778,-0.885922,0.453605
0,0,0.171637,-0.962566,0.209778
0,0,0.790561,-0.504435,0.347215
0,0,-0.272862,0.316691,0.908434
0,0,-0.696386,-0.40942,0.589425
0,0,0.29029,0.588203,0.754817
0,0,0.43815,-0.0247825,0.89856
0,0,-0.425032,-0.758095,0.494611
0,0,-0.672262,-0.580903,0.458929
0,0,-0.628334,0.529881,0.569581
0,0,-0.848496,0.482045,0.218374
0,0,0.364205,-0.828324,0.425717
0,0,0.957158,0.243707,0.15638
0,0,0.232026,-0.937839,0.258112
0,0,0.833001,-0.248673,0.494237
0,0,-0.0579519,-0.910982,0.408354
0,0,-0.800479,0.0988903,0.591147
0,0,-0.391087,-0.267033,0.880763
0,0,-0.442248,-0.735293,0.513576
0,0,-0.122247,-0.59423,0.79495
0,0,0.0365554,0.722672,0.690224
0,0,-0.115669,-0.982444,0.146368
0,0,0.398163,0.531934,0.747337
0,0,-0.491448,-0.182762,0.851515
11.4218,17.5979,0.122074,-0.667143,0.734859
0,0,0.294051,0.805874,0.513908
0,0,0.59389,0.14288,0.791757
0,0,0.353681,-0.912161,0.207055
0,0,0.985012,-0.0478921,0.165704
0,0,0.871884,-0.410286,0.267364
0,0,0.203746,0.976777,0.0662952
0,0,-0.0408734,-0.89238,0.449429
0,0,0.594423,-0.154631,0.789145
0,0,-0.855814,-0.0933079,0.508798
0,0,-0.929763,0.0563251,0.363824
0,0,-0.418712,0.904083,0.0855279
0,0,-0.931188,-0.292922,0.216993
0,0,-0.882503,0.312044,0.351877
0,0,0.143223,-0.989004,0.0368538
0,0,-0.44139,-0.887733,0.130784
0,0,-0.416843,-0.356752,0.836044
0,0,0.1535,0.788365,0.59575
0,0,0.60949,-0.32394,0.723592
0,0,0.498629,-0.865807,0.0418064
13.2053,18.9723,-0.0411496,-0.195877,0.979765
0,0,0.0937713,0.11174,0.989303
0,0,-0.779678,0.409349,0.473851
0,0,-0.304489,0.338752,0.890244
0,0,-0.61793,-0.781695,0.0843561
0,0,-0.404384,-0.911615,0.0736947
0,0,-0.451621,-0.651091,0.610016
0,0,0.895352,0.400103,0.195608
0,0,0.743168,0.661237,0.10231
0,0,-0.512589,-0.858261,0.0252896
0,0,-0.529141,0.84777,0.0360071
0,0,-0.664038,-0.656605,0.357664
0,0,-0.816401,0.201999,0.541004
0,0,0.651795,0.74549,0.13931
0,0,-0.528197,-0.59098,0.609713
0,0,0.222878,-0.767512,0.601042
0,0,0.26594,0.814245,0.516024
0,0,0.259926,0.953305,0.153778
0,0,-0.356966,-0.0977264,0.928991
0,0,-0.995626,-0.0685937,0.0634391
0,0,-0.676581,0.713322,0.182786
0,0,0.187469,0.977523,0.0964546
0,0,-0.736518,0.348942,0.579466
0,0,0.853887,0.415635,0.313249
0,0,0.696471,-0.675686,0.241613
0,0,-0.141969,0.6907,0.709069
0,0,-0.52452,-0.443268,0.726906
0,0,0.500537,-0.864379,0.0480799
0,0,0.285501,0.655428,0.699217
0,0,0.48008,0.853716,0.201723
0,0,0.344178,-0.938823,0.0123743
0,0,-0.691408,0.647291,0.320889
0,0,0.306834,-0.690456,0.655075
0,0,0.4031,0.42854,0.808619
0,0,0.708182,0.510178,0.488054
0,0,0.565121,-0.546192,0.618315
0,0,-0.435236,0.800444,0.412139
0,0,-0.732282,0.680851,0.0143079
0,0,0.950885,0.307342,0.0368534
0,0,0.236083,0.811915,0.533909
0,0,-0.489239,0.871693,0.0282158
0,0,0.158512,0.923865,0.348349
0,0,-0.500547,-0.580322,0.642401
0,0,0.392437,0.747501,0.535944
0,0,0.45486,-0.181595,0.871852
0,0,-0.223066,-0.469179,0.854466
0,0,-0.249869,-0.906392,0.340616
0,0,0.0351057,0.32479,0.945134
0,0,-0.166678,-0.582833,0.795314
0,0,-0.843621,0.532254,0.0707772
0,0,-0.611147,-0.574056,0.544939
0,0,0.18478,-0.5167,0.835989
0,0,-0.282814,0.935235,0.212961
0,0,-0.213727,0.893156,0.39572
0,0,-0.730572,0.0655759,0.679679
0,0,0.391755,0.917912,0.0629775
23.8477,32.9339,0.132063,0.953626,-0.270475
0,0,0.209298,0.977838,0.00523771
0,0,-0.818019,0.11162,0.564257
0,0,-0.946271,-0.320791,0.0407923
0,0,0.578504,0.00872786,0.815633
0,0,-0.426974,-0.897506,0.110349
0,0,0.28149,-0.410967,0.867104
0,0,0.484195,0.16663,0.858947
0,0,0.0851658,-0.896962,0.433827
0,0,0.413043,0.767725,0.489891
0,0,-0.0466485,-0.705708,0.706966
0,0,0.961698,0.1529,0.227506
0,0,-0.0438494,0.551425,0.833072
0,0,-0.209783,-0.938428,0.274488
0,0,0.466032,-0.827643,0.312763
0,0,0.89339,-0.118089,0.433486
0,0,0.020909,-0.757395,0.652622
0,0,0.329153,-0.899084,0.288629
0,0,-0.7216,-0.358874,0.592032
0,0,0.954155,-0.298795,0.0176045
19.4858,30.4529,0.711944,0.688096,-0.14021
0,0,0.86966,0.207568,0.447892
0,0,-0.820292,-0.563033,0.100576
0,0,-0.213796,-0.469426,0.856698
0,0,-0.507737,0.821817,0.258494
0,0,0.920359,-0.0979006,0.378622
24.5651,32.7558,0.357049,0.250786,0.89979
0,0,-0.582413,0.325894,0.744707
0,0,0.707835,-0.64094,0.296928
0,0,0.616203,0.357958,0.701542
0,0,0.0898075,-0.786615,0.610878
0,0,-0.880427,0.401734,0.251908
0,0,0.0594525,-0.949512,0.308046
0,0,-0.265651,-0.28209,0.921876
0,0,-0.609695,0.0758783,0.788996
0,0,-0.7569,-0.0194939,0.65324
0,0,0.810578,0.191481,0.553443
0,0,0.944464,0.165458,0.28392
0,0,0.860749,-0.335402,0.382907
18.0979,27.0336,9.4681e-05,-0.205854,0.978583
0,0,0.166183,-0.368167,0.914788
0,0,0.475351,0.879651,0.0160035
0,0,0.736457,0.183789,0.65104
21.1918,30.4388,0.879885,-0.0233161,0.474615
0,0,-0.855618,-0.513989,0.0611061
0,0,-0.36853,0.928406,0.0474212
0,0,-0.963654,-0.237106,0.123094
0,0,-0.812203,0.421817,0.402985
0,0,-0.0991672,-0.881756,0.461165
0,0,-0.497759,-0.462811,0.733513
0,0,-0.565084,0.562639,0.603422
0,0,-0.713422,0.666776,0.215494
0,0,0.976456,0.177307,0.122865
0,0,0.839785,-0.11496,0.530608
0,0,-0.182419,-0.951313,0.248451
0,0,-0.25376,0.155121,0.954748
0,0,0.0259328,0.709676,0.704051
0,0,0.392443,-0.367742,0.843062
0,0,0.66005,0.0736239,0.747605
0,0,-0.162566,-0.930624,0.32789
0,0,0.439316,0.818317,0.370619
0,0,-0.70858,-0.472294,0.524265
14.2082,20.2968,-0.111662,0.354289,0.928445
0,0,-0.371652,0.204934,0.905471
0,0,-0.576393,0.592345,0.562937
0,0,-0.431097,0.804948,0.407694
0,0,0.35315,0.246419,0.902531
0,0,-0.86147,0.0881049,0.500107
0,0,0.964475,0.245364,0.0979017
0,0,-0.209321,0.976939,0.0421245
0,0,0.688881,0.264525,0.674884
0,0,-0.577941,-0.564432,0.589407
0,0,-0.936878,0.296354,0.185563
0,0,-0.561268,-0.540439,0.626821
0,0,-0.728103,-0.544874,0.415907
0,0,0.527275,0.436792,0.72883
0,0,0.0511515,-0.393129,0.918059
7.29626,10.9298,-0.610326,0.404414,0.68114
0,0,-0.487729,0.622356,0.612203
0,0,0.146671,-0.332748,0.93154
0,0,0.02527,-0.995696,0.0891675
0,0,0.39131,-0.828195,0.401211
0,0,-0.601787,-0.531555,0.596072
0,0,-0.238675,0.522368,0.818636
0,0,-0.882305,-0.00657967,0.470632
0,0,0.525094,0.533697,0.662906
0,0,0.418591,-0.228724,0.878901
0,0,0.862101,0.193147,0.468484
0,0,0.42506,0.875378,0.2303
0,0,-0.0637117,-0.783162,0.618546
0,0,-0.969934,0.198615,0.14064
0,0,-0.287557,-0.929843,0.229569
0,0,0.392218,-0.861936,0.321298
0,0,0.621806,0.194792,0.75856
0,0,0.931671,0.00444669,0.363276
0,0,-0.556516,0.335718,0.759989
0,0,0.358888,0.0409617,0.932481
0,0,0.936135,0.335454,0.105457
0,0,0.936966,0.108662,0.332095
0,0,0.95286,0.301221,0.036376
0,0,-0.26968,-0.80283,0.53173
0,0,0.745455,-0.638424,0.191604
0,0,-0.963426,0.190552,0.188412
0,0,0.593903,0.803864,0.0328909
0,0,-0.0917771,-0.811176,0.577555
0,0,-0.0387354,-0.780349,0.624143
0,0,0.289393,0.041098,0.956328
0,0,-0.214409,-0.967787,0.13197
0,0,0.421158,0.603981,0.676634
0,0,-0.669706,0.126474,0.731778
0,0,-0.865776,0.486608,0.116812
0,0,0.832337,-0.456839,0.313869
0,0,0.67591,-0.556462,0.483214
0,0,0.875732,-0.454957,0.161579
0,0,0.77797,0.526551,0.342792
0,0,-0.538813,0.350289,0.766145
0,0,-0.969877,-0.0403324,0.240232
0,0,-0.792005,0.399413,0.461734
0,0,0.571241,-0.00940527,0.820729
0,0,0.988444,0.0834944,0.126523
0,0,-0.726932,-0.0701603,0.683116
0,0,0.54204,0.819743,0.18497
0,0,0.229838,0.964314,0.13143
0,0,-0.582199,0.183036,0.792176
0,0,0.236569,0.935597,0.262094
0,0,0.182766,-0.546986,0.816947
0,0,-0.406757,-0.537608,0.738598
0,0,-0.81011,0.57756,0.100726
0,0,0.262099,0.932295,0.249259
0,0,-0.301439,-0.307523,0.902532
0,0,-0.370855,-0.928452,0.0210436
0,0,0.167451,0.892755,0.418268
0,0,0.251146,0.897958,0.361381
0,0,0.862183,0.26101,0.434183
0,0,-0.363225,0.314264,0.877101
0,0,-0.695522,-0.0240758,0.718101
0,0,-0.115778,0.955637,0.270838
0,0,-0.905743,0.403995,0.128134
0,0,0.361607,0.922184,0.137174
0,0,-0.476789,0.253892,0.841553
0,0,0.721084,-0.182845,0.668285
0,0,-0.731506,-0.259752,0.630419
0,0,0.190513,-0.963354,0.188821
0,0,-0.733865,-0.0420583,0.677992
0,0,-0.652912,-0.0573466,0.75526
0,0,0.258214,0.919499,0.29639
0,0,-0.681991,-0.245148,0.68905
0,0,-0.50103,-0.864115,0.0476954
0,0,-0.293983,0.582467,0.75783
0,0,-0.475316,-0.629785,0.614366
0,0,-0.927043,0.371389,0.0515979
0,0,0.354981,-0.497959,0.791217
0,0,0.475426,0.879327,0.0274756
0,0,0.29082,-0.636205,0.714609
0,0,-0.700177,0.554009,0.450362
0,0,0.218627,0.169211,0.961025
0,0,-0.200318,-0.361682,0.910527
0,0,-0.0612937,-0.991636,0.113587
0,0,-0.240805,0.943862,0.226137
0,0,-0.312909,-0.340705,0.886571
0,0,0.8489,0.235563,0.473159
0,0,0.650713,-0.57828,0.492103
0,0,0.46044,-0.88539,0.0638746
0,0,0.333755,-0.942371,0.0233236
0,0,0.224776,-0.543317,0.808877
0,0,0.427223,0.275585,0.861124
0,0,-0.489173,0.774272,0.401513
0,0,-0.0828421,0.769425,0.633343
0,0,-0.156497,-0.305156,0.939355
0,0,-0.827894,-0.495846,0.26216
0,0,-0.452217,-0.261156,0.852817
0,0,-0.903502,0.164213,0.395876
0,0,0.583439,0.206103,0.78557
0,0,0.451968,-0.337365,0.825778
0,0,0.95385,0.266897,0.137612
0,0,-0.832313,0.444506,0.331164
0,0,0.0139594,0.922792,0.385044
0,0,0.545909,0.0679641,0.835083
0,0,-0.675458,0.313819,0.667289
0,0,0.113176,-0.991965,0.0565462
0,0,0.318933,-0.113552,0.94095
0,0,-0.426503,0.809852,0.402785
22.3877,32.3344,-0.491442,-0.0831599,-0.866931
0,0,-0.21399,0.424472,0.879791
0,0,-0.597566,-0.116972,0.793242
0,0,0.406835,-0.807137,0.427803
0,0,0.00432601,0.687865,0.725826
0,0,0.303203,0.278072,0.911452
0,0,-0.746314,0.545213,0.381782
0,0,0.931788,0.124377,0.341031
0,0,-0.784005,0.618302,0.0551337
0,0,-0.0765789,-0.417098,0.90563
0,0,0.60066,0.413537,0.684247
0,0,-0.226029,-0.554257,0.801068
0,0,0.76737,0.641196,0.00344165
0,0,0.524129,-0.55456,0.646337
0,0,-0.59523,0.661256,0.456554
0,0,0.282345,-0.955344,0.0871759
0,0,0.611567,-0.671089,0.419077
0,0,-0.223498,-0.4222,0.878519
0,0,-0.251971,-0.646259,0.720319
0,0,-0.121309,0.859855,0.495917
0,0,0.228188,-0.962611,0.14598
0,0,0.709179,0.467635,0.52762
0,0,0.42101,-0.861824,0.28286
0,0,0.0704104,0.733419,0.676121
0,0,-0.354898,0.187842,0.91584
0,0,0.383277,0.628675,0.676658
0,0,-0.914914,-0.324319,0.240312
0,0,-0.5373,0.368605,0.758577
0,0,-0.710413,-0.376069,0.594882
0,0,-0.339149,0.695773,0.63315
0,0,-0.896733,0.253361,0.362876
0,0,-0.892908,0.403873,0.199003
0,0,0.731369,0.585817,0.349168
0,0,-0.590868,0.730781,0.34181
0,0,0.742818,-0.398075,0.538291
0,0,-0.195398,0.710217,0.676322
0,0,-0.226045,0.648536,0.726845
0,0,0.982849,0.181999,0.0297471
0,0,0.113576,-0.87302,0.474275
0,0,-0.0307943,0.119692,0.992333
0,0,-0.0124848,-0.982842,0.184029
0,0,0.654681,-0.0394958,0.754873
0,0,-0.464776,-0.880624,0.0921148
15.4219,23.2622,0.845264,-0.0802095,0.528295
0,0,-0.415625,-0.776821,0.473081
0,0,0.354823,-0.85869,0.369799
0,0,0.0841575,0.781446,0.618272
0,0,0.244912,-0.93956,0.239261
0,0,-0.765926,0.088133,0.636859
0,0,0.0222415,-0.4391,0.898163
0,0,0.345794,0.889904,0.297484
0,0,-0.106604,0.32167,0.940831
0,0,0.599545,0.776405,0.19427
0,0,-0.264225,0.240902,0.933891
0,0,0.859708,0.244902,0.448247
0,0,-0.685193,-0.197164,0.701168
0,0,-0.659446,-0.563128,0.498013
0,0,-0.368397,-0.112631,0.922821
0,0,-0.59869,-0.445334,0.665769
0,0,-0.321315,0.890186,0.322994
0,0,0.213229,0.938216,0.272549
0,0,-0.277766,-0.926482,0.253925
0,0,0.842975,0.50893,0.174311
0,0,-0.403234,-0.364732,0.839269
0,0,0.938494,-0.0392008,0.343063
0,0,0.572631,-0.114279,0.811809
0,0,-0.616565,-0.721885,0.314214
0,0,0.667815,0.740642,0.0739802
0,0,-0.573399,0.621194,0.534165
0,0,-0.244473,0.790553,0.56148
0,0,-0.425323,-0.561164,0.710067
0,0,-0.663565,0.1084,0.740223
0,0,-0.36163,0.365422,0.857724
0,0,-0.137527,-0.299287,0.9442
0,0,0.789327,-0.612441,0.0433378
0,0,-0.884532,0.339206,0.320222
0,0,0.198213,0.684716,0.701338
0,0,-0.556932,-0.826509,0.0819104
0,0,0.179286,-0.949783,0.256455
0,0,0.765838,0.0245374,0.642566
0,0,0.68503,0.33242,0.648252
0,0,0.644016,-0.662406,0.382703
0,0,-0.97238,0.160925,0.169059
0,0,0.84947,-0.523357,0.067073
0,0,0.253222,0.895316,0.366453
0,0,0.241102,-0.438974,0.865547
0,0,0.163264,0.858788,0.485621
0,0,0.987952,0.0450262,0.148068
0,0,0.0671288,0.34109,0.937631
0,0,-0.915348,-0.0313871,0.401439
0,0,0.897131,0.344791,0.276178
0,0,-0.476812,0.336643,0.811986
0,0,-0.424843,-0.905044,0.020084
0,0,-0.249891,0.963254,0.0984732
0,0,0.348605,-0.741679,0.57305
0,0,0.440084,-0.768513,0.46445
0,0,0.364319,0.794419,0.485974
0,0,-0.735457,-0.62782,0.254843
0,0,0.901115,-0.299051,0.313942
0,0,-0.619358,-0.562734,0.547472
0,0,0.682768,0.326526,0.653611
0,0,-0.71417,-0.351069,0.605567
0,0,0.755631,-0.428771,0.495154
0,0,0.164945,-0.524384,0.835353
0,0,0.751418,0.103529,0.651653
0,0,0.38495,0.841255,0.37961
0,0,-0.243932,-0.969773,0.00619302
0,0,0.522487,-0.558629,0.644159
0,0,0.728311,-0.48647,0.482607
0,0,0.423326,-0.490132,0.761949
0,0,0.625423,-0.644479,0.439878
0,0,-0.882582,-0.0775531,0.463718
0,0,-0.570906,-0.477255,0.668053
0,0,-0.684391,0.316614,0.656784
0,0,-0.522069,0.475935,0.707764
0,0,0.553082,-0.829955,0.0726258
0,0,-0.666098,-0.674637,0.318085
0,0,-0.800177,-0.573037,0.177048
0,0,0.97664,-0.191917,0.0966508
0,0,0.0644219,0.989975,0.125691
0,0,0.596326,-0.350912,0.721981
0,0,0.911113,0.0292123,0.41112
0,0,0.0235271,-0.903825,0.427256
0,0,0.783368,-0.588923,0.198757
0,0,-0.639324,-0.765237,0.0753519
0,0,0.741417,-0.647317,0.176867
0,0,-0.440522,0.330902,0.834533
0,0,-0.799128,0.57241,0.183687
0,0,0.815853,-0.546706,0.188405
0,0,0.884769,-0.174184,0.432254
0,0,-0.550253,0.82728,0.113267
0,0,0.312506,-0.677178,0.66616
0,0,0.331607,0.345132,0.878021
0,0,0.702413,0.704704,0.100044
0,0,0.0917034,-0.923261,0.373069
0,0,0.90096,-0.170602,0.398956
0,0,0.910292,0.293911,0.291522
0,0,0.713843,-0.308618,0.628635
0,0,-0.0254526,-0.900918,0.433242
0,0,-0.856152,0.426287,0.292033
0,0,0.573994,0.227266,0.78669
0,0,-0.651004,-0.704203,0.283358
0,0,0.0278681,-0.838691,0.543894
0,0,-0.127144,-0.670421,0.731006
0,0,-0.221729,0.890926,0.396343
0,0,-0.838693,-0.368969,0.400568
0,0,-0.00646525,-0.422726,0.906235
0,0,0.951183,0.207839,0.228153
0,0,-0.932767,-0.334818,0.133579
0,0,-0.328156,-0.0614066,0.942625
0,0,0.961521,-0.203127,0.184977
0,0,0.123463,0.0678612,0.990026
0,0,-0.80552,0.19311,0.56022
0,0,0.0568506,0.8965,0.439381
0,0,-0.150206,0.779434,0.608211
0,0,-0.120445,0.841985,0.525884
0,0,0.66624,0.0659498,0.742815
0,0,0.130472,0.971035,0.20017
0,0,0.742546,0.629231,0.229552
0,0,-0.626583,-0.590491,0.508641
0,0,0.918304,0.0555181,0.391963
0,0,0.369437,-0.392032,0.842512
0,0,0.702429,0.140743,0.697699
0,0,0.450487,-0.832546,0.322379
0,0,0.000714845,0.292575,0.956242
0,0,-0.295577,-0.760516,0.578143
0,0,-0.909762,-0.340961,0.23681
0,0,0.353104,-0.812718,0.463473
0,0,0.184324,-0.569486,0.801068
0,0,0.733295,0.645634,0.213156
0,0,0.369266,-0.124504,0.920946
0,0,0.0507092,-0.402083,0.914198
0,0,-0.99969,0.0245397,0.00415957
0,0,-0.934686,0.0776938,0.34688
0,0,-0.689959,0.487085,0.535448
0,0,0.00992147,0.961856,0.273376
0,0,-0.96933,-0.0328055,0.243565
0,0,-0.995092,-0.0613406,0.0776525
0,0,0.903705,0.372626,0.21087
0,0,0.828434,-0.338521,0.446208
0,0,0.858021,-0.491715,0.148377
0,0,-0.605075,0.374092,0.702808
0,0,0.904044,-0.426096,0.0338764
0,0,0.708078,0.585889,0.394158
0,0,-0.815097,-0.527242,0.240069
0,0,0.0748453,0.703934,0.706311
21.7747,32.3148,-0.106479,0.479349,-0.871141
0,0,-0.0508856,-0.312154,0.948668
0,0,0.925254,-0.117654,0.360642
0,0,0.63096,0.586631,0.507695
0,0,-0.354336,0.759967,0.544882
0,0,0.254263,0.611461,0.749311
0,0,-0.880037,0.387047,0.275189
0,0,-0.700003,0.637941,0.320978
0,0,-0.500899,-0.46823,0.727915
0,0,0.233308,0.685398,0.68978
0,0,-0.719663,0.596724,0.354972
0,0,0.939545,0.280123,0.196944
0,0,0.963318,0.0748731,0.257706
0,0,-0.871324,0.426037,0.243488
0,0,-0.572343,-0.155501,0.805136
0,0,0.0275336,-0.888544,0.457965
0,0,-0.751232,0.658382,0.046736
0,0,-0.130449,-0.0404301,0.99063
0,0,-0.287654,-0.868413,0.403873
0,0,-0.728071,0.53906,0.423469
0,0,-0.268057,-0.551711,0.789785
0,0,0.836861,0.385152,0.389001
0,0,0.841724,0.348985,0.411959
0,0,-0.493093,0.719166,0.489551
0,0,0.955914,-0.267356,0.121446
0,0,0.843555,-0.148948,0.515974
0,0,-0.556448,0.634866,0.536014
0,0,-0.273857,0.666599,0.693288
13.3183,16.7088,0.358851,-0.21977,0.907153
0,0,-0.920416,0.354891,0.163972
0,0,0.250051,-0.823769,0.508802
0,0,-0.772403,0.396859,0.49588
0,0,0.560545,-0.190793,0.805846
0,0,0.313608,-0.288487,0.904669
0,0,-0.622973,-0.493835,0.606656
0,0,0.485989,-0.545875,0.682521
0,0,0.211869,0.849524,0.483136
0,0,-0.591228,0.484496,0.644758
0,0,-0.0438052,-0.455221,0.8893
0,0,0.798879,-0.551704,0.239616
0,0,-0.787102,0.596115,0.158484
0,0,0.493681,0.536622,0.684336
0,0,0.55677,-0.198313,0.806647
0,0,-0.124019,0.286814,0.949925
0,0,-0.642704,0.679323,0.354192
0,0,0.0197442,0.815798,0.578
0,0,0.491985,-0.681175,0.542173
0,0,-0.949793,0.280166,0.139288
0,0,-0.77165,0.584275,0.251354
0,0,-0.751495,-0.486631,0.445473
0,0,-0.95968,0.164682,0.227805
0,0,-0.59398,-0.275154,0.755961
0,0,0.258307,0.964504,0.0548565
0,0,0.852933,-0.0938974,0.513506
0,0,0.299687,0.464496,0.833325
0,0,0.896263,0.370614,0.243634
0,0,-0.213071,-0.381626,0.899423
0,0,-0.72684,-0.182598,0.662089
6.65154,7.47951,0.597155,0.0519247,0.800443
0,0,0.764975,0.470853,0.439443
0,0,0.463706,0.290431,0.837035
0,0,0.184435,0.916312,0.355466
0,0,-0.67726,-0.660509,0.32411
0,0,0.610952,0.353907,0.708158
0,0,0.0610617,0.995816,0.0679852
0,0,0.208553,0.23402,0.9496
0,0,-0.850643,0.0427192,0.524006
20.8594,32.5972,-0.0731271,0.223533,0.971949
0,0,0.211857,-0.460633,0.861936
0,0,0.893326,-0.441044,0.0863025
0,0,-0.773534,0.620126,0.13072
0,0,-0.192914,-0.813602,0.548485
0,0,0.360607,0.633861,0.684239
0,0,-0.832303,0.524262,0.18006
0,0,-0.471377,-0.33515,0.815768
0,0,-0.76454,-0.0158141,0.644382
0,0,-0.710727,0.692243,0.125167
0,0,0.870455,-0.488223,0.0628213
0,0,0.246008,-0.569607,0.784237
0,0,0.584855,0.147233,0.797664
0,0,-0.674576,0.204831,0.709219
0,0,-0.725837,-0.108839,0.679202
0,0,0.645589,0.754048,0.120944
0,0,-0.349099,0.782141,0.516126
0,0,0.947492,-0.312606,0.0673555
0,0,0.437422,0.27947,0.854727
0,0,0.589545,0.702056,0.399442
0,0,-0.469901,-0.607571,0.640352
0,0,-0.41807,-0.470543,0.77705
0,0,0.42798,0.615561,0.661754
0,0,0.770465,-0.306554,0.558935
0,0,-0.060203,-0.700435,0.711172
0,0,-0.138155,0.973568,0.181874
0,0,-0.632232,0.0562399,0.772735
0,0,0.0884775,-0.852444,0.515278
0,0,-0.62324,0.373854,0.686881
0,0,0.04182,0.416017,0.908395
0,0,0.465254,0.82416,0.322952
0,0,-0.40468,-0.716419,0.568311
0,0,0.877622,0.276083,0.391865
0,0,-0.632192,-0.742703,0.220739
0,0,-0.291675,0.743817,0.601384
0,0,0.229944,-0.846758,0.479715
0,0,-0.863102,0.485117,0.140414
0,0,0.813324,0.519794,0.261376
0,0,0.832072,-0.518534,0.196923
0,0,0.993321,0.0432441,0.106977
0,0,0.0047739,0.777893,0.628378
0,0,-0.493175,0.83986,0.226746
0,0,0.146315,0.643397,0.75142
0,0,-0.882696,0.447689,0.142907
0,0,-0.157483,0.473384,0.866664
0,0,0.498096,0.826299,0.262927
0,0,0.0626994,-0.967573,0.244686
0,0,0.560709,-0.02182,0.827725
0,0,0.798773,0.590359,0.115921
0,0,-0.0162821,-0.994413,0.104299
0,0,-0.500309,-0.526654,0.687261
0,0,-0.727764,0.629987,0.271064
0,0,0.901938,-0.186688,0.38943
0,0,-0.548266,0.696717,0.46259
0,0,0.748859,0.619093,0.236504
0,0,-0.0482852,-0.954994,0.29267
0,0,0.580993,-0.162761,0.797468
0,0,0.567185,-0.822186,0.0480769
0,0,0.584262,-0.241348,0.774848
0,0,0.835856,0.546094,0.0559093
0,0,0.610631,0.12893,0.78135
0,0,-0.290481,0.921078,0.2593
0,0,0.645313,0.534228,0.546051
0,0,0.747404,0.516209,0.418229
0,0,-0.823502,0.492024,0.282413
0,0,-0.50864,0.468689,0.72223
0,0,-0.992091,0.0444527,0.117389
0,0,-0.150623,0.628589,0.763013
20.5914,31.2476,0.842548,-0.151815,0.516783
0,0,0.707738,0.534748,0.461684
0,0,-0.325154,0.83972,0.434907
0,0,0.272724,-0.90099,0.337398
0,0,0.0606407,0.844086,0.532768
0,0,-0.35444,-0.924696,0.138958
0,0,0.926655,0.1676,0.336484
0,0,0.108502,-0.78053,0.61563
0,0,-0.690083,-0.715441,0.109226
0,0,0.796841,-0.090211,0.597417
0,0,-0.39863,0.715562,0.573642
0,0,0.932409,-0.26513,0.245602
0,0,0.443562,-0.888389,0.118395
0,0,-0.375158,0.330995,0.865852
0,0,0.561152,-0.507957,0.65352
0,0,0.0578818,-0.996817,0.0548315
0,0,0.0113191,0.879619,0.475544
0,0,-0.328853,0.801372,0.499659
0,0,-0.840628,-0.467453,0.273555
0,0,0.496576,-0.0144961,0.867872
0,0,0.854312,0.367331,0.367721
0,0,0.985554,-0.125159,0.114099
0,0,-0.00175941,0.888107,0.459634
23.726,33.1338,-0.855481,-0.0955753,0.508937
0,0,-0.733949,-0.303012,0.607868
0,0,-0.360008,-0.567235,0.740702
0,0,0.746669,0.656356,0.108082
0,0,-0.599581,0.800268,0.00861546
0,0,0.886273,0.217811,0.408753
0,0,0.334042,-0.141874,0.931819
0,0,-0.427448,-0.603059,0.673504
0,0,0.548675,0.801686,0.237184
0,0,-0.634684,-0.402163,0.65988
0,0,0.580646,0.647697,0.493294
0,0,-0.539372,0.566817,0.622733
0,0,0.266022,0.897982,0.350515
0,0,-0.872208,0.489108,0.00517107
0,0,0.110358,-0.991596,0.0675205
0,0,0.519958,-0.849561,0.0888291
0,0,-0.883133,0.434038,0.178011
0,0,-0.616162,0.743957,0.258596
0,0,0.954863,0.262662,0.138731
0,0,-0.837956,0.471114,0.275465
0,0,-0.868901,0.137117,0.475616
0,0,-0.486726,-0.216888,0.846202
0,0,0.628746,0.641751,0.439129
0,0,-0.620509,-0.759278,0.196124
0,0,0.727522,-0.0794884,0.681464
0,0,-0.294929,0.364997,0.88306
0,0,-0.0846877,0.363044,0.927915
0,0,0.289206,0.429419,0.855546
0,0,0.278436,0.953277,0.117205
0,0,-0.132062,0.757349,0.639517
0,0,0.465766,0.853824,0.232477
0,0,0.650125,-0.706299,0.280139
0,0,0.110685,-0.903495,0.414061
18.8473,25.896,0.065105,0.254423,0.964899
0,0,-0.985418,-0.113029,0.127188
0,0,-0.65341,0.421489,0.628811
0,0,-0.988673,0.123766,0.0848945
0,0,-0.573414,0.812033,0.108626
0,0,-0.591948,0.0115023,0.805894
0,0,-0.0939931,-0.207115,0.973791
24.274,34.5029,0.149786,0.703283,-0.694952
0,0,0.773379,0.399018,0.492615
0,0,-0.966042,0.0779304,0.246352
0,0,-0.543661,-0.393531,0.741327
0,0,-0.723829,-0.488299,0.487478
0,0,-0.0264573,-0.977292,0.210238
0,0,-0.279068,-0.949962,0.140335
0,0,0.895771,0.0216304,0.443989
0,0,-0.918997,0.306502,0.247993
0,0,0.0553699,-0.733259,0.677691
0,0,-0.265294,0.924343,0.274244
0,0,0.0321162,0.450069,0.892416
0,0,0.638868,0.189559,0.745597
0,0,-0.986855,0.152205,0.0543298
0,0,0.911598,0.108303,0.396559
0,0,-0.306871,-0.7553,0.579096
0,0,0.153217,0.987293,0.0421593
0,0,0.181696,0.983047,0.0246022
0,0,0.72065,-0.249203,0.646964
0,0,-0.56336,0.36414,0.741638
0,0,0.771814,0.00566094,0.635823
0,0,-0.27788,-0.244759,0.928911
0,0,-0.815612,-0.575189,0.0627244
0,0,-0.960905,0.116985,0.25095
0,0,0.992787,0.116675,0.0275985
0,0,-0.657639,-0.400967,0.637759
0,0,0.306047,0.906518,0.290791
0,0,0.772282,0.318971,0.549398
0,0,-0.346662,0.863546,0.366215
0,0,0.465812,-0.541889,0.699554
0,0,-0.450837,0.862017,0.231674
0,0,0.348097,0.561583,0.750635
0,0,-0.176492,0.641424,0.74661
0,0,-0.0572088,0.107802,0.992525
0,0,0.683,-0.569658,0.457165
0,0,0.312015,-0.928403,0.201778
0,0,-0.478373,-0.869798,0.120874
0,0,0.567952,0.764319,0.305363
0,0,-0.023465,0.293836,0.955568
0,0,-0.358337,-0.850921,0.384094
0,0,0.655743,-0.603334,0.45386
0,0,-0.293781,-0.744188,0.599898
0,0,0.632179,-0.0879565,0.769813
0,0,0.837625,0.193126,0.510966
0,0,-0.461432,0.551031,0.695302
0,0,-0.465866,-0.738844,0.486908
0,0,-0.694308,-0.326276,0.641467
0,0,-0.897947,-0.43876,0.0343544
0,0,-0.161755,0.777703,0.607465
0,0,0.261822,-0.207666,0.942509
0,0,0.163184,-0.852422,0.496738
0,0,-0.720753,0.600755,0.345844
0,0,0.893306,0.332774,0.302103
0,0,0.186889,-0.640572,0.744809
0,0,-0.289477,-0.956983,0.0196891
0,0,0.535656,0.469956,0.70158
0,0,-0.43933,-0.745256,0.501581
0,0,-0.731367,0.467955,0.496106
0,0,0.454086,0.0230868,0.890659
0,0,-0.987855,0.0435603,0.149146
0,0,-0.656098,0.68849,0.309058
0,0,0.93106,-0.285884,0.226711
0,0,0.111615,0.725692,0.678905
10.2165,16.5463,0.059306,0.596246,0.800609
19.4843,26.5885,-0.149082,-0.143194,0.978402
0,0,-0.853386,0.507897,0.11736
0,0,0.182962,0.663749,0.725232
0,0,0.638459,0.692996,0.334853
0,0,-0.540269,-0.0563225,0.839606
0,0,0.912502,-0.121404,0.390642
0,0,-0.349407,0.20756,0.913692
0,0,0.82697,-0.533087,0.178713
0,0,0.434675,-0.647141,0.626311
0,0,0.37909,-0.170992,0.909424
0,0,-0.350152,-0.754534,0.555043
0,0,-0.294066,0.518931,0.802643
0,0,-0.279509,-0.024522,0.95983
0,0,-0.972504,0.00875944,0.232719
0,0,-0.961362,0.273519,0.0311511
0,0,-0.686056,-0.383576,0.618221
0,0,0.578253,0.358318,0.732961
0,0,0.988967,0.137582,0.0549097
0,0,-0.949613,-0.266544,0.164894
0,0,-0.230345,-0.929182,0.289071
0,0,-0.7538,0.6328,0.177058
0,0,0.236004,-0.0719351,0.969086
0,0,0.670245,-0.274702,0.689427
0,0,0.12103,0.326971,0.937252
0,0,0.657993,-0.0433071,0.751778
0,0,-0.602577,0.545433,0.582584
0,0,-0.911383,-0.218554,0.348733
0,0,-0.5793,-0.376547,0.722927
0,0,0.675074,0.514376,0.52886
0,0,-0.0603438,-0.708653,0.702972
0,0,0.129744,0.431716,0.89263
0,0,-0.980708,-0.193287,0.0291873
0,0,-0.65058,-0.315233,0.690922
0,0,-0.317123,-0.491334,0.811187
0,0,0.701258,-0.621245,0.349702
0,0,-0.710282,-0.654607,0.258821
0,0,0.29757,0.858026,0.41862
0,0,-0.837232,-0.0998453,0.537655
0,0,-0.318428,-0.830549,0.456938
0,0,0.325875,-0.00904642,0.94537
0,0,0.719471,0.480589,0.501393
0,0,-0.876273,0.302618,0.374923
0,0,-0.698222,-0.593859,0.399772
0,0,-0.525282,0.285415,0.801634
0,0,-0.642016,-0.439308,0.62835
0,0,-0.529947,-0.1471,0.835175
0,0,0.633257,-0.50421,0.587161
0,0,0.198974,-0.939605,0.27848
0,0,0.955337,0.154394,0.25198
0,0,-0.0210947,-0.880643,0.473311
0,0,0.316596,-0.678269,0.663112
0,0,0.591562,0.1061,0.799248
0,0,0.387707,0.365689,0.846141
0,0,-0.5545,0.406133,0.726351
0,0,-0.580858,0.711131,0.396102
0,0,0.511255,0.0959043,0.854061
0,0,-0.491619,-0.00774785,0.870776
0,0,-0.828413,-0.296151,0.475422
0,0,-0.202543,-0.76457,0.611889
0,0,-0.0567084,-0.919992,0.387814
0,0,-0.716095,0.683739,0.140388
0,0,-0.688957,0.495377,0.529093
0,0,-0.127614,-0.817104,0.562188
0,0,-0.0522387,0.985839,0.15935
0,0,0.931274,-0.0948543,0.351754
0,0,0.679947,0.0432749,0.731983
0,0,-0.888027,-0.22528,0.40082
0,0,0.87359,0.486036,0.0246763
0,0,0.363907,0.256074,0.895543
0,0,0.448922,0.817859,0.359966
0,0,-0.233766,0.574286,0.784569
0,0,-0.208085,0.844467,0.493535
0,0,-0.296519,0.513632,0.805145
0,0,0.3222,0.455658,0.829797
0,0,-0.0852959,-0.524369,0.847208
0,0,0.485346,-0.508005,0.711597
0,0,-0.0641031,-0.907499,0.415134
0,0,-0.980834,0.139699,0.135828
0,0,0.928107,-0.357086,0.10539
0,0,0.514562,-0.637237,0.57372
0,0,-0.429154,-0.90299,0.0208641
0,0,-0.616543,0.64472,0.451897
0,0,0.320043,0.189265,0.928306
17.1357,25.1663,0.186098,0.056355,0.980914
0,0,-0.570553,-0.821185,0.0112069
0,0,-0.708825,-0.702547,0.0632034
0,0,0.259211,0.818843,0.512158
0,0,-0.603085,-0.791814,0.0965356
0,0,-0.614005,-0.418001,0.669532
0,0,0.912729,0.0223254,0.407955
0,0,0.260376,0.965507,0.000944994
0,0,0.882065,-0.398768,0.250891
0,0,0.0174795,0.872197,0.488843
0,0,-0.411797,0.812369,0.412893
0,0,-0.357691,0.156215,0.920681
0,0,0.0141466,-0.909773,0.414864
0,0,0.963747,0.239704,0.117192
0,0,-0.40769,-0.811732,0.418186
0,0,-0.696081,0.155276,0.700972
0,0,0.789198,-0.458267,0.40885
0,0,0.690612,-0.543964,0.476611
0,0,0.16395,-0.00591201,0.986451
0,0,0.339518,0.867263,0.364119
0,0,-0.521969,0.184831,0.832698
0,0,-0.545691,-0.827974,0.129151
0,0,-0.461963,-0.298438,0.835179
0,0,0.0844022,-0.740673,0.666543
0,0,-0.562061,0.601577,0.56762
0,0,0.921386,-0.259687,0.289154
0,0,0.139104,0.230062,0.963183
0,0,-0.927001,-0.32439,0.188253
0,0,-0.0753893,0.789747,0.608782
12.9093,19.178,0.727645,0.130811,0.673366
0,0,0.653656,0.426931,0.624871
0,0,-0.377462,0.363455,0.851718
0,0,0.811147,0.578312,0.08715
0,0,-0.0048023,-0.272687,0.962091
0,0,-0.321379,-0.813454,0.484776
0,0,-0.329995,-0.502129,0.799356
0,0,-0.350984,0.225603,0.908798
0,0,-0.0522071,0.0718652,0.996047
0,0,0.262549,0.830128,0.491889
0,0,-0.537422,-0.268235,0.799517
0,0,0.602095,0.620201,0.502825
0,0,0.438005,-0.227263,0.869772
0,0,0.303553,0.934975,0.183513
0,0,0.660779,-0.66358,0.35076
0,0,0.28361,0.102627,0.953432
0,0,-0.223658,0.871369,0.436684
0,0,-0.843343,-0.261629,0.469385
0,0,0.935948,-0.071751,0.344752
0,0,-0.13842,-0.900677,0.41185
0,0,0.0144616,-0.688758,0.724847
0,0,0.604065,0.658788,0.448445
0,0,0.00803977,0.934409,0.356112
0,0,-0.474513,-0.48933,0.731706
0,0,-0.880759,-0.363756,0.303223
0,0,-0.95322,-0.215244,0.212229
0,0,-0.622533,-0.236699,0.74594
0,0,-0.555986,-0.380011,0.739237
0,0,0.606901,0.783702,0.132217
0,0,-0.171846,0.964445,0.200785
0,0,-0.722443,0.0529732,0.689398
0,0,0.110143,0.927941,0.356082
0,0,-0.69103,0.717672,0.0861632
0,0,-0.803014,-0.317322,0.504455
0,0,0.261118,0.388773,0.883557
0,0,0.84377,-0.0947482,0.528275
0,0,0.248967,0.953407,0.170382
0,0,0.251089,0.76623,0.591478
0,0,0.535539,-0.178568,0.825416
0,0,0.809236,-0.579501,0.096518
0,0,0.240111,0.308882,0.920293
0,0,-0.279064,-0.956946,0.0798598
0,0,-0.387769,-0.59778,0.701636
0,0,-0.560078,-0.153785,0.814041
0,0,-0.272363,0.923724,0.269354
0,0,-0.0850426,-0.331388,0.939654
0,0,-0.108524,0.0171945,0.993945
0,0,-0.441985,0.745999,0.498132
0,0,0.435877,-0.240406,0.867304
0,0,-0.0404116,-0.642525,0.765198
0,0,0.653208,-0.696853,0.296167
0,0,-0.101403,-0.813945,0.572024
0,0,-0.995515,0.063441,0.0701736
0,0,-0.656485,-0.75355,0.0344854
0,0,0.928273,-0.345651,0.137243
0,0,-0.325573,0.85755,0.398259
0,0,0.754214,-0.622749,0.208194
0,0,-0.233484,0.944877,0.229548
0,0,0.613968,-0.378247,0.692801
0,0,-0.153596,0.832995,0.531534
0,0,0.60731,0.485211,0.629083
0,0,0.0978868,-0.604354,0.79068
0,0,-0.916549,-0.160522,0.366294
0,0,-0.362497,-0.928123,0.0847583
0,0,-0.811898,0.399218,0.425964
0,0,-0.734079,0.159311,0.660112
0,0,0.681696,-0.332756,0.651586
0,0,0.319464,-0.609357,0.725691
0,0,0.695102,-0.672548,0.253992
0,0,-0.878243,0.293355,0.377666
0,0,-0.338884,-0.938147,0.0709808
0,0,0.2297,0.913888,0.334735
0,0,-0.322434,-0.946301,0.0234811
0,0,0.794814,0.051773,0.60464
0,0,-0.51786,0.83325,0.19369
0,0,0.468953,0.82711,0.309792
0,0,-0.363722,0.826745,0.429184
0,0,0.841427,0.4353,0.320178
0,0,0.901845,-0.0703789,0.426289
0,0,-0.168935,-0.644618,0.745606
0,0,-0.808701,-0.495442,0.317079
0,0,0.368984,-0.304497,0.878141
0,0,-0.120645,-0.463907,0.877631
0,0,-0.696992,-0.715894,0.0412083
0,0,-0.845968,-0.327718,0.420642
0,0,0.599128,-0.095128,0.794982
0,0,0.854384,-0.441235,0.274479
0,0,0.455336,-0.0242804,0.889989
0,0,0.507083,-0.426413,0.749025
0,0,-0.561634,-0.819737,0.112239
0,0,-0.517827,0.854354,0.0439906
0,0,-0.186905,0.490423,0.851206
0,0,0.195136,0.399872,0.895558
0,0,-0.387642,0.710735,0.587017
0,0,0.998279,-0.00743787,0.0581628
0,0,-0.869209,-0.0759141,0.488583
0,0,-0.145494,0.489753,0.859636
0,0,0.0344844,-0.853028,0.520725
0,0,-0.415799,0.637158,0.648954
0,0,-0.192481,0.718663,0.668187
0,0,0.517266,-0.651238,0.555271
0,0,-0.0324386,0.981313,0.189667
0,0,0.614604,-0.249791,0.748242
0,0,0.70866,-0.173134,0.683978
0,0,-0.374709,-0.775081,0.508766
0,0,0.716786,0.419407,0.557061
0,0,0.456301,0.435936,0.775725
0,0,-0.664353,0.382258,0.642272
0,0,-0.0586822,0.163176,0.98485
0,0,0.695137,-0.508949,0.507696
0,0,0.919917,-0.391488,0.0221205
0,0,0.960105,-0.215735,0.177923
0,0,0.379188,0.136764,0.915157
0,0,-0.461263,-0.477294,0.747949
0,0,-0.119241,0.981947,0.146837
0,0,0.974686,0.0420096,0.219595
0,0,-0.896876,0.0602345,0.438161
0,0,0.647886,0.498702,0.575795
0,0,0.729143,-0.0255286,0.683885
0,0,0.828062,-0.488118,0.27578
0,0,-0.225719,-0.730877,0.644104
0,0,0.636718,0.621463,0.456479
0,0,0.052102,0.935112,0.350502
0,0,-0.552199,-0.820674,0.146872
0,0,0.432736,0.89277,0.125303
0,0,0.235873,0.331447,0.913514
0,0,-0.0193657,0.83035,0.556906
0,0,-0.397712,0.902935,0.162893
0,0,0.623653,0.539718,0.565474
0,0,0.109375,-0.473654,0.873893
0,0,-0.466299,-0.842985,0.268219
0,0,-0.231014,0.319055,0.91915
0,0,0.689134,0.386095,0.613209
0,0,-0.900585,-0.363387,0.23853
0,0,0.669713,0.276856,0.689083
0,0,0.0101294,0.575793,0.817533
0,0,0.25364,0.910899,0.325468
0,0,0.0332062,-0.301137,0.953002
0,0,-0.954881,0.187596,0.230238
0,0,-0.431499,0.87676,0.212366
0,0,0.283861,-0.957901,0.043006
0,0,-0.512613,0.857593,0.041993
0,0,0.681287,0.675624,0.281745
0,0,0.454767,-0.570863,0.683595
0,0,0.459385,-0.679679,0.571841
0,0,-0.221385,0.763571,0.606587
0,0,0.0468144,0.520944,0.852306
0,0,0.086459,0.557506,0.825659
0,0,-0.638297,-0.475945,0.605024
0,0,-0.675293,0.587405,0.446021
0,0,0.309433,0.94571,0.0994159
0,0,-0.439586,-0.714001,0.544947
0,0,0.94086,-0.155429,0.301038
0,0,0.743964,-0.665325,0.0621359
0,0,0.876032,-0.0144726,0.482037
0,0,-0.00785857,0.357217,0.933988
0,0,0.813004,0.369512,0.449985
0,0,0.784631,0.585078,0.20503
0,0,0.174898,0.725008,0.666163
0,0,-0.394988,0.46513,0.792236
0,0,0.326294,-0.539374,0.776279
0,0,-0.332407,-0.941196,0.0604613
0,0,0.0754938,0.86676,0.492979
0,0,-0.181128,0.704248,0.68646
0,0,-0.734634,-0.670885,0.101122
0,0,0.474809,-0.707286,0.523739
0,0,0.267391,-0.877037,0.399133
0,0,-0.442049,0.818489,0.366972
0,0,-0.959096,0.191795,0.208205
0,0,0.788785,0.173745,0.589602
0,0,-0.15968,0.808964,0.565756
0,0,0.458896,0.300748,0.836041
0,0,0.387511,-0.893494,0.226944
0,0,0.948465,0.175196,0.264048
0,0,-0.826453,-0.146883,0.543508
0,0,0.881911,0.454785,0.124108
0,0,-0.240906,-0.875717,0.41843
0,0,-0.67345,-0.0753864,0.735379
0,0,-0.893146,-0.449249,0.0215951
0,0,0.771919,-0.594143,0.226132
0,0,0.515546,-0.820439,0.247168
0,0,-0.882737,-0.123565,0.453328
0,0,0.894587,-0.435904,0.0984968
0,0,0.257285,0.788998,0.55793
0,0,-0.550626,-0.343063,0.760999
0,0,-0.0304402,-0.985762,0.165368
0,0,0.177163,-0.906606,0.382986
0,0,-0.43329,-0.898674,0.0681592
0,0,-0.829863,0.145777,0.538588
0,0,0.657513,0.278567,0.700055
0,0,0.213327,0.420627,0.881796
6.98039,10.418,0.365983,-0.616989,0.696693
0,0,-0.483841,-0.548784,0.681714
0,0,-0.771458,-0.615786,0.160186
0,0,-0.666711,-0.611389,0.426264
0,0,-0.741698,0.0841567,0.665433
0,0,-0.80163,0.583596,0.129635
0,0,-0.202699,0.979179,0.011014
0,0,-0.360789,-0.91553,0.177865
0,0,0.827663,-0.316739,0.463304
0,0,0.220372,0.178637,0.958919
0,0,0.553359,-0.462377,0.692821
0,0,-0.0970225,-0.940105,0.326787
24.0021,35.7659,0.591133,-0.805701,-0.0375165
0,0,-0.0898049,0.995651,0.0247791
0,0,-0.767692,0.0424191,0.639414
0,0,0.0855809,0.877715,0.471479
0,0,-0.107397,0.993958,0.0226547
0,0,0.57428,0.614465,0.540957
0,0,-0.270105,0.449236,0.851605
0,0,0.937922,-0.302588,0.169535
0,0,0.0474454,-0.946633,0.318802
0,0,-0.561814,-0.823209,0.0818105
0,0,0.765106,0.582585,0.274241
0,0,0.0235117,0.904032,0.426818
0,0,-0.665358,-0.704553,0.246786
0,0,-0.327366,0.143007,0.934013
0,0,0.468015,-0.488891,0.736171
0,0,-0.263543,0.178671,0.947957
0,0,-0.512369,-0.237701,0.825213
0,0,0.832436,-0.426502,0.353759
0,0,0.600829,-0.57407,0.556281
0,0,0.175016,-0.360453,0.916211
0,0,-0.271237,-0.816186,0.510169
0,0,-0.700191,-0.546723,0.459158
0,0,-0.548588,0.788236,0.27881
0,0,0.544037,0.61114,0.574919
19.934,28.9239,-0.365193,0.356382,0.860015
0,0,-0.158415,0.958198,0.238244
0,0,-0.944989,0.264813,0.192015
0,0,0.165765,-0.500302,0.849835
0,0,0.130119,0.745978,0.653136
0,0,0.500341,-0.863971,0.0566833
0,0,-0.853892,0.335535,0.39785
0,0,0.248816,0.734609,0.631222
0,0,0.411638,0.893494,0.179507
0,0,0.118289,0.210881,0.970328
0,0,-0.208918,0.433049,0.876825
0,0,-0.00458275,-0.840372,0.541991
0,0,-0.454981,-0.739822,0.495636
0,0,-0.243929,0.220776,0.944329
0,0,-0.249158,0.935044,0.252218
0,0,-0.533184,-0.605073,0.591271
0,0,-0.51621,0.574242,0.635432
0,0,0.752393,0.0704417,0.654937
0,0,0.663242,0.444993,0.60174
0,0,0.0723916,-0.49722,0.864599
0,0,0.896183,0.436202,0.0811489
0,0,0.0943079,-0.206665,0.973856
0,0,0.853183,0.316196,0.414848
0,0,0.840981,0.0927018,0.533065
0,0,-0.746653,0.0417465,0.663903
0,0,0.898756,-0.344808,0.270823
0,0,-0.4877,-0.77208,0.407481
0,0,-0.0546098,0.818035,0.57257
0,0,-0.668868,-0.32072,0.670637
0,0,0.394891,0.831848,0.389987
0,0,-0.839406,-0.542177,0.0379721
0,0,-0.862271,-0.0313869,0.505474
0,0,-0.734148,-0.676781,0.0547238
0,0,-0.906886,0.41932,0.0415725
0,0,-0.98743,-0.137601,0.0777739
0,0,0.480998,0.430506,0.763744
0,0,0.441391,0.0352581,0.896622
0,0,0.535769,-0.492283,0.686009
0,0,0.64402,-0.227748,0.730321
0,0,-0.462616,0.727355,0.506894
0,0,-0.396965,-0.911286,0.109434
0,0,-0.53554,-0.806732,0.24976
0,0,0.322858,0.267619,0.907823
0,0,-0.517148,-0.847665,0.118413
0,0,0.620944,0.60222,0.501756
0,0,0.418758,0.179706,0.890139
0,0,-0.517753,0.651863,0.554082
0,0,0.602531,-0.797851,0.0197498
0,0,0.0859246,0.822382,0.56241
0,0,0.871467,0.485933,0.0664449
0,0,-0.257425,-0.878133,0.403256
0,0,0.927203,0.290771,0.236106
0,0,0.00825898,-0.592807,0.805302
0,0,-0.878331,-0.276706,0.389832
0,0,-0.375483,0.923524,0.0782061
0,0,-0.726779,0.285956,0.624517
0,0,0.986729,0.00112186,0.162372
0,0,-0.158927,-0.849396,0.503257
0,0,-0.50212,0.156998,0.850428
0,0,-0.782815,0.542844,0.304173
0,0,-0.854117,-0.336771,0.396321
0,0,-0.900002,0.123003,0.41817
0,0,-0.148935,-0.455411,0.877735
23.5816,30.1076,0.310731,-0.773044,-0.553036
0,0,-0.468083,-0.843596,0.263143
0,0,0.110117,0.756486,0.644673
21.6521,30.7624,-0.909212,0.229937,-0.347076
0,0,-0.576998,-0.806948,0.126131
0,0,0.935024,-0.347658,0.0697467
0,0,0.927244,-0.374333,0.00968342
0,0,-0.695596,-0.602055,0.392016
0,0,0.589573,-0.402086,0.700522
0,0,-0.742911,0.239117,0.625225
0,0,0.660609,0.0602317,0.74831
0,0,0.457992,0.399447,0.794158
0,0,-0.425763,-0.127215,0.895847
0,0,0.491975,-0.362786,0.791421
0,0,-0.413098,0.79562,0.4431
0,0,-0.230056,-0.159641,0.959994
0,0,0.635687,-0.33596,0.695006
0,0,0.503565,-0.40975,0.76061
0,0,0.903163,-0.332398,0.271677
0,0,-0.473963,-0.551792,0.68621
0,0,0.604522,-0.130369,0.785848
0,0,-0.851774,0.494012,0.174452
0,0,0.256671,0.638335,0.725705
0,0,0.605104,0.550055,0.575577
0,0,-0.442133,-0.740086,0.506746
0,0,0.462436,-0.0719274,0.88373
0,0,0.987823,0.0690276,0.139429
0,0,0.169188,0.985503,0.0126473
0,0,0.445571,0.239299,0.862672
0,0,0.561684,-0.295472,0.772792
0,0,-0.583354,0.728693,0.358755
0,0,-0.572511,0.44834,0.686456
0,0,0.415233,-0.2873,0.863157
0,0,0.434702,-0.868808,0.23708
0,0,0.189728,-0.524837,0.829789
0,0,-0.780083,-0.166198,0.603199
0,0,0.683769,0.710099,0.167989
0,0,0.299041,0.753935,0.584941
0,0,-0.502259,0.0507694,0.863226
0,0,0.383975,0.228329,0.894667
11.2791,15.4918,0.572526,-0.391423,0.720418
0,0,-0.369379,-0.188315,0.909998
0,0,0.843775,-0.195658,0.499762
0,0,-0.929352,-0.362001,0.072525
0,0,-0.709005,0.104535,0.697413
0,0,-0.757128,0.189948,0.625042
0,0,-0.978979,0.197637,0.0503933
0,0,0.397975,-0.461373,0.792938
0,0,-0.574197,0.792506,0.205503
0,0,0.15921,0.892814,0.42135
0,0,-0.592851,0.3253,0.736687
0,0,0.627975,-0.210008,0.749362
0,0,-0.0871316,0.466333,0.880308
0,0,0.519607,-0.573092,0.633699
0,0,-0.967338,-0.253024,0.0153296
0,0,-0.123494,0.989815,0.0708248
0,0,0.526414,0.847868,0.0633154
0,0,-0.907421,-0.399294,0.130961
0,0,-0.443072,0.719284,0.535087
0,0,0.403258,0.710371,0.57685
0,0,0.730058,-0.659467,0.17922
0,0,-0.0191032,-0.308445,0.95105
0,0,0.247727,-0.31627,0.915753
0,0,-0.674618,-0.144924,0.7238
0,0,0.0831704,0.943858,0.31971
0,0,-0.349386,0.535758,0.768695
0,0,0.682766,-0.430811,0.590112
0,0,-0.198277,0.964203,0.176064
0,0,-0.496449,-0.466498,0.732064
0,0,-0.316616,-0.464429,0.827079
0,0,0.859203,0.510958,0.0263192
0,0,-0.298647,-0.744992,0.596487
0,0,-0.771335,-0.327409,0.545753
0,0,0.915225,0.399077,0.0556934
0,0,-0.552875,0.543452,0.631656
0,0,-0.239749,-0.694179,0.678702
0,0,-0.961021,0.257103,0.101668
0,0,0.49037,-0.35872,0.794265
0,0,-0.480099,-0.724425,0.494685
0,0,-0.491135,-0.870821,0.0213904
0,0,-0.983118,-0.17961,0.0349278
0,0,-0.275163,-0.267693,0.923378
0,0,-0.832589,-0.514319,0.205602
0,0,0.0932349,0.974687,0.203208
0,0,-0.889153,0.0620416,0.453385
0,0,-0.741004,0.67131,0.0160015
0,0,0.9507,0.296033,0.0923846
0,0,0.113159,0.5868,0.801786
0,0,0.32625,-0.741977,0.585689
0,0,0.145994,0.809976,0.568
0,0,-0.703049,-0.303592,0.643082
0,0,0.869994,-0.344234,0.353005
0,0,-0.561741,0.59426,0.575588
0,0,0.542218,0.808486,0.228802
0,0,-0.644556,-0.257082,0.72004
0,0,0.43397,0.807333,0.399854
0,0,0.929877,0.195888,0.31138
0,0,-0.367506,-0.926791,0.0774444
0,0,0.116713,0.557705,0.821793
0,0,0.848767,0.452841,0.273001
0,0,0.62719,-0.290865,0.722516
0,0,-0.344138,-0.246391,0.906014
0,0,0.389766,0.407702,0.825749
0,0,-0.208681,0.632411,0.745995
0,0,0.819158,0.326565,0.471525
0,0,-0.933947,0.115164,0.338351
0,0,-0.381734,-0.554013,0.73983
0,0,0.0176112,-0.779429,0.626243
0,0,0.989981,0.133386,0.0463286
0,0,-0.106289,0.701148,0.705049
0,0,-0.029701,0.799769,0.599573
0,0,0.179665,-0.963189,0.19997
0,0,0.725338,-0.504676,0.468173
0,0,-0.310085,-0.839275,0.446615
0,0,-0.628196,-0.387517,0.674685
0,0,-0.311973,-0.896353,0.315
8.10509,12.4149,0.228542,0.190457,0.954722
0,0,0.453332,0.400347,0.796374
0,0,0.826432,0.533481,0.180024
0,0,0.937445,-0.0144724,0.347833
0,0,-0.538462,0.120225,0.834029
0,0,-0.288693,-0.513431,0.808112
0,0,-0.308544,0.945386,0.105104
0,0,0.181019,0.681689,0.708895
0,0,-0.133549,-0.968442,0.21044
0,0,-0.249933,0.267618,0.930545
0,0,0.758728,0.524959,0.385681
0,0,-0.900408,-0.251093,0.355272
0,0,-0.424389,0.899547,0.103481
0,0,0.626701,0.574984,0.525965
0,0,-0.712058,-0.146197,0.686732
0,0,-0.629828,-0.0967154,0.77069
0,0,0.902521,0.268567,0.336641
0,0,0.162494,-0.920397,0.355619
0,0,0.582642,-0.798952,0.149012
0,0,-0.560152,-0.543904,0.624819
0,0,0.079211,-0.711473,0.698235
0,0,0.329891,0.942294,0.0570334
0,0,0.590859,0.658482,0.466141
0,0,0.363949,0.879437,0.306808
0,0,-0.0961062,0.482958,0.870354
0,0,-0.335193,-0.936099,0.106605
0,0,0.803551,-0.242703,0.543507
0,0,0.699497,-0.479485,0.529904
0,0,-0.263953,0.867422,0.421792
0,0,0.641337,-0.657638,0.395221
0,0,0.922589,0.144084,0.357867
0,0,-0.358413,-0.890689,0.279668
0,0,0.917342,0.0231965,0.397423
0,0,0.921767,0.366517,0.126534
0,0,0.09881,0.995034,0.0120105
0,0,0.898217,0.389129,0.204412
0,0,-0.729966,0.162683,0.66384
0,0,-0.560735,-0.787868,0.254639
0,0,-0.06439,-0.739088,0.670525
0,0,0.880107,-0.271033,0.389811
0,0,-0.609187,-0.524341,0.594944
0,0,-0.226841,0.603266,0.7646
0,0,-0.390619,0.512897,0.76443
0,0,-0.923534,0.37087,0.0976709
0,0,-0.122762,-0.959788,0.252459
0,0,-0.750977,-0.54679,0.370208
0,0,0.610476,0.448147,0.653057
0,0,-0.0407581,0.996687,0.0703807
0,0,0.971356,-0.211648,0.10804
10.1386,14.8247,0.170504,-0.85953,0.481806
0,0,-0.928606,-0.371055,0.00295075
0,0,0.0589267,0.735856,0.674569
0,0,0.691047,-0.720818,0.0536244
0,0,0.444703,0.096885,0.890423
0,0,0.684626,0.00557964,0.728873
0,0,0.749085,0.628219,0.210269
0,0,-0.595799,0.261245,0.759457
0,0,-0.106463,0.538383,0.835948
0,0,-0.0824974,0.626379,0.775141
0,0,-0.206186,0.967789,0.144471
0,0,-0.963671,-0.0550046,0.261366
0,0,-0.788501,0.557472,0.25979
0,0,0.443428,0.896192,0.0145484
0,0,0.416182,-0.815857,0.401459
0,0,0.172238,-0.825991,0.536724
0,0,-0.532472,0.294367,0.793613
0,0,-0.642076,0.729146,0.236822
0,0,-0.407218,0.636686,0.654832
0,0,-0.306724,-0.654436,0.69111
0,0,0.498487,0.539821,0.678309
0,0,0.318345,0.943779,0.0890892
0,0,0.926939,-0.375171,0.00563131
0,0,0.701643,-0.427204,0.570258
0,0,-0.759889,-0.403633,0.509558
0,0,-0.994151,0.0444203,0.0984381
0,0,-0.156076,0.947436,0.279295
0,0,0.303227,0.864057,0.401819
0,0,0.648648,-0.0592807,0.758776
0,0,-0.98536,-0.144225,0.0909143
0,0,-0.722187,-0.37811,0.579205
0,0,-0.795564,-0.384981,0.467833
0,0,-0.662375,-0.128332,0.738099
0,0,0.0872786,-0.155408,0.983987
0,0,0.492508,0.69754,0.520455
0,0,-0.715441,-0.606908,0.346133
0,0,-0.332162,0.881719,0.335023
0,0,-0.888808,-0.0702462,0.452864
0,0,0.516383,-0.849953,0.104543
0,0,-0.565964,0.794815,0.218981
0,0,-0.685801,-0.69489,0.216345
0,0,-0.939112,-0.232822,0.252712
0,0,-0.481304,0.482594,0.731744
0,0,-0.59526,0.35495,0.720886
0,0,-0.977135,0.135458,0.163883
0,0,0.463038,-0.872319,0.157021
0,0,-0.885793,0.463556,0.0220812
0,0,-0.957061,-0.131273,0.258459
0,0,0.837601,-0.542491,0.0642542
0,0,-0.593867,0.695035,0.405276
0,0,-0.665334,0.744127,0.0600415
0,0,0.720559,-0.674931,0.158945
0,0,0.631183,0.216696,0.744749
0,0,-0.535103,-0.106547,0.838041
0,0,0.917685,-0.34778,0.192102
0,0,0.553798,0.745494,0.370873
0,0,-0.4425,-0.882874,0.15725
0,0,-0.347441,0.137936,0.927501
0,0,-0.357007,-0.679601,0.64085
0,0,-0.149488,-0.331085,0.931684
0,0,0.602381,0.264236,0.753204
0,0,0.817554,0.131471,0.560643
0,0,-0.252442,0.96503,0.0706364
0,0,0.303204,0.866345,0.396879
0,0,0.164955,-0.437287,0.884065
0,0,-0.45353,0.278115,0.846736
22.0686,30.1099,0.660963,-0.196515,0.724231
0,0,0.859318,-0.393439,0.326771
0,0,0.309331,0.655323,0.689105
0,0,-0.606999,-0.399054,0.687246
0,0,-0.311832,-0.847991,0.428569
0,0,-0.381892,-0.789658,0.480207
0,0,-0.158991,0.135092,0.977994
0,0,0.546318,0.287872,0.786554
0,0,0.168197,0.465243,0.869056
0,0,-0.563033,-0.0363926,0.825632
0,0,-0.716486,0.652155,0.247672
0,0,0.557051,-0.453592,0.695664
0,0,-0.932615,0.300859,0.19928
0,0,-0.282221,-0.590929,0.755748
0,0,-0.990932,-0.0601869,0.120132
0,0,0.74819,0.204486,0.631187
0,0,0.157968,0.974285,0.16067
0,0,0.225259,0.962628,0.150354
0,0,-0.297567,0.38603,0.873175
0,0,-0.577501,-0.815621,0.0354157
0,0,-0.770509,0.637418,0.00388773
0,0,-0.681074,-0.609477,0.405803
0,0,0.676989,0.711719,0.187461
0,0,-0.949084,-0.163103,0.269514
0,0,-0.000459093,-0.363813,0.931472
0,0,0.425094,-0.556824,0.713612
0,0,0.728157,-0.139768,0.671009
0,0,0.802336,-0.579897,0.14134
0,0,-0.358326,0.497221,0.790173
0,0,0.0435411,0.996446,0.0721034
0,0,0.858067,-0.168534,0.485095
0,0,-0.306739,-0.0953878,0.947002
0,0,0.86047,0.507136,0.0490352
0,0,0.892677,0.15208,0.424263
0,0,-0.153343,0.438506,0.88555
0,0,0.722954,0.480757,0.496196
0,0,0.884211,0.456474,0.0990094
0,0,-0.866969,0.179146,0.46505
0,0,0.624928,0.396227,0.672658
0,0,-0.752629,0.654933,0.0679156
0,0,0.769159,-0.105737,0.630249
0,0,-0.723209,-0.488675,0.488022
0,0,0.807329,-0.297864,0.509407
0,0,0.905869,0.0332314,0.422252
0,0,-0.6195,-0.223562,0.752489
0,0,0.382574,-0.887746,0.256016
0,0,0.931149,-0.17169,0.32169
12.9564,17.6121,0.113523,0.502198,0.857269
0,0,0.20268,-0.937295,0.283547
0,0,0.6819,0.170143,0.711382
0,0,-0.853288,-0.115908,0.508395
0,0,0.696415,0.547666,0.463753
24.2234,33.0733,-0.849205,0.523257,-0.0710873
0,0,0.857657,-0.511813,0.0497211
0,0,-0.705937,-0.704842,0.0696386
0,0,-0.82207,-0.396179,0.408954
0,0,0.513918,0.831734,0.210017
0,0,-0.870157,-0.240268,0.43023
0,0,-0.62249,0.222543,0.750321
0,0,-0.0496852,-0.740453,0.67027
1.60903,2.94957,0.156265,0.284439,0.945873
0,0,0.962414,-0.0901998,0.256169
0,0,0.707237,-0.234997,0.666778
0,0,-0.84569,0.312237,0.432801
0,0,-0.29098,0.640056,0.711097
0,0,0.505576,-0.650538,0.56674
0,0,-0.163107,-0.690752,0.704456
0,0,0.243998,0.617367,0.747879
18.6502,29.3111,0.129749,0.0764663,0.988594
0,0,0.630797,0.733744,0.25242
0,0,0.527046,0.313868,0.789753
0,0,-0.336662,0.484499,0.807415
0,0,0.974204,0.116159,0.193477
0,0,-0.606334,0.78264,0.140829
0,0,-0.142828,0.655501,0.741565
0,0,-0.0159775,-0.28951,0.957042
0,0,0.388847,0.764708,0.513828
0,0,0.414357,0.909998,0.0145165
0,0,-0.869401,-0.0958413,0.484723
0,0,-0.209034,-0.75882,0.616844
0,0,-0.544923,0.303826,0.781504
0,0,-0.948798,-0.0202097,0.315236
0,0,0.0980584,-0.816611,0.568798
0,0,-0.382658,0.917939,0.104691
0,0,-0.971969,0.0280186,0.233432
0,0,0.395686,0.796539,0.457119
0,0,0.424314,-0.437421,0.792856
1.68871,3.05899,0.254083,0.374552,0.891713
0,0,0.773802,-0.0390418,0.632223
0,0,0.830545,0.437264,0.344956
0,0,-0.392516,-0.919671,0.0117279
0,0,-0.352224,0.786735,0.506938
0,0,0.970545,0.187919,0.150762
0,0,-0.913227,0.392319,0.110013
0,0,0.977048,0.157277,0.143667
0,0,-0.254857,-0.962039,0.0976152
0,0,-0.447897,-0.063783,0.891807
0,0,0.365567,0.905868,0.213924
0,0,0.385076,0.679926,0.624033
0,0,0.986722,0.111394,0.118202
0,0,0.0889366,-0.947833,0.30611
0,0,0.992567,-0.0997052,0.0697879
0,0,0.919831,-0.0809476,0.383872
0,0,-0.983065,-0.0772961,0.166158
0,0,0.348415,0.854134,0.386085
0,0,0.840325,0.28074,0.463723
0,0,-0.723478,0.682871,0.10133
0,0,0.311902,0.947991,0.0634809
0,0,0.571943,-0.694017,0.437288
0,0,0.130092,-0.861606,0.490624
0,0,0.684881,0.550517,0.477356
0,0,0.328322,-0.830416,0.450127
0,0,0.807178,-0.274253,0.522732
23.6098,34.3364,-0.600976,-0.403494,-0.689942
0,0,0.154789,-0.169672,0.973269
0,0,0.612028,-0.320593,0.72294
0,0,-0.766272,0.612594,0.193795
0,0,0.0884433,-0.867061,0.490289
0,0,0.184584,0.327291,0.92672
0,0,0.29786,0.551447,0.779221
0,0,-0.729701,0.575588,0.369099
0,0,0.248287,-0.57206,0.78173
0,0,-0.11604,0.722853,0.681188
0,0,0.660467,0.718931,0.216614
0,0,0.696209,0.682845,0.221393
0,0,-0.692374,0.130289,0.709678
0,0,-0.584388,0.270176,0.765177
0,0,-0.408981,-0.816583,0.40734
0,0,-0.300465,0.490524,0.81799
0,0,-0.606614,-0.215736,0.765165
0,0,0.563192,-0.129477,0.816119
0,0,0.0474023,0.974431,0.219631
0,0,0.860594,0.500414,0.0946755
20.3568,29.5802,0.355628,-0.387468,0.850528
0,0,-0.525588,-0.808989,0.263238
0,0,-0.629866,0.664267,0.402515
0,0,0.57369,0.785059,0.233586
0,0,0.764795,0.255549,0.591424
0,0,0.800473,0.599037,0.019956
0,0,-0.977034,-0.0479352,0.207624
0,0,-0.117168,-0.963854,0.239284
0,0,0.974128,0.0272529,0.224347
0,0,-0.528984,0.84706,0.0516317
0,0,0.566574,0.254674,0.783667
0,0,-0.271546,0.54063,0.79623
0,0,0.622302,-0.777245,0.0929051
0,0,0.454482,0.24387,0.856723
0,0,0.126424,-0.456395,0.88075
24.1578,34.1263,-0.476623,-0.577558,0.662765
0,0,0.347862,-0.615948,0.706824
0,0,0.0997272,-0.969742,0.222832
0,0,-0.522522,-0.161847,0.837124
0,0,-0.199954,0.389419,0.899095
0,0,0.310258,-0.93853,0.15133
0,0,-0.300586,0.842395,0.447234
0,0,-0.733758,-0.596173,0.325848
10.4502,15.1875,0.538852,-0.185505,0.821722
0,0,0.158179,0.0504704,0.98612
5.10383,6.19338,-0.697147,0.194486,0.690044
0,0,-0.752626,0.580326,0.311089
0,0,0.448832,0.504708,0.737441
0,0,0.440229,-0.889634,0.121449
0,0,-0.404312,-0.71714,0.567663
0,0,0.166671,-0.984771,0.0494621
0,0,-0.520748,0.232994,0.821301
0,0,0.198336,0.879761,0.432069
0,0,-0.474911,-0.0348534,0.879344
0,0,-0.403763,-0.297567,0.865118
0,0,0.873758,0.387527,0.293886
0,0,-0.782927,-0.332509,0.525797
0,0,0.696628,0.545808,0.465622
0,0,-0.864533,0.307558,0.39748
0,0,0.313697,0.496321,0.809481
0,0,-0.872289,0.0438296,0.487023
0,0,0.339235,0.502292,0.795376
0,0,-0.898681,-0.0126567,0.43842
0,0,0.917796,0.168055,0.359733
0,0,-0.7351,0.0756101,0.673729
0,0,-0.886276,-0.143346,0.440417
0,0,0.236932,0.258969,0.936375
0,0,-0.618692,0.767562,0.167536
0,0,0.411986,-0.53115,0.74037
0,0,0.181858,0.856758,0.482589
0,0,0.789518,0.588756,0.173285
0,0,-0.573587,0.0442334,0.81795
0,0,0.748095,0.656583,0.0961848
0,0,0.568255,-0.0837626,0.818578
0,0,-0.434826,-0.643307,0.630145
0,0,0.440988,-0.890851,0.10915
0,0,-0.686813,0.386853,0.615331
0,0,-0.988094,-0.137484,0.0690485
0,0,-0.0112821,0.972163,0.234034
0,0,0.631651,-0.719166,0.289513
0,0,-0.322617,0.937865,0.127782
0,0,-0.424608,0.874192,0.235578
0,0,0.944272,-0.0410927,0.326591
0,0,-0.00591196,-0.809924,0.586505
0,0,0.827044,-0.286765,0.483492
0,0,-0.395757,-0.190213,0.898441
0,0,0.829459,-0.53131,0.172357
0,0,0.173949,-0.468602,0.866115
17.401,24.9744,-0.13177,-0.428887,0.893696
0,0,0.343261,0.738699,0.580082
0,0,0.666798,0.692874,0.274419
0,0,0.990551,0.117773,0.070273
0,0,-0.0910728,0.908331,0.408216
0,0,0.24832,0.900801,0.356223
0,0,0.710569,-0.354882,0.607577
0,0,-0.792146,-0.598845,0.117854
0,0,-0.274477,0.871757,0.405835
0,0,-0.379756,-0.630557,0.676892
0,0,-0.483553,0.684647,0.545376
0,0,-0.411894,-0.706371,0.57566
0,0,0.714112,-0.429241,0.552988
0,0,0.651897,0.178351,0.737036
0,0,0.0919017,-0.902146,0.421528
0,0,-0.674384,0.178618,0.716451
0,0,0.607438,0.452323,0.65301
0,0,-0.0478495,-0.947004,0.317639
0,0,0.61186,-0.509416,0.605081
0,0,0.556513,-0.607253,0.567042
0,0,0.115693,-0.503718,0.856086
0,0,0.974785,-0.221918,0.0233681
0,0,-0.8044,-0.227021,0.549001
0,0,-0.754312,0.639764,0.147365
0,0,0.998098,0.00791239,0.0611354
0,0,0.925804,-0.00976282,0.377878
0,0,0.133825,0.583698,0.800867
22.3887,28.7103,-0.87581,0.19184,0.442893
0,0,0.803245,0.419855,0.422516
0,0,-0.195441,0.687223,0.699662
0,0,0.795373,0.467843,0.385363
14.925,23.4014,0.483319,0.424875,0.765431
0,0,0.491412,0.672621,0.553259
0,0,-0.214661,-0.410358,0.8863
0,0,-0.16665,-0.372116,0.913103
0,0,-0.499373,-0.301545,0.812218
19.9862,28.1897,-0.327874,-0.162764,0.930595
0,0,-0.214397,0.1728,0.96134
0,0,0.617137,0.378543,0.689817
0,0,-0.540907,0.706672,0.456109
0,0,0.866876,-0.479025,0.13806
0,0,-0.178669,-0.894257,0.410343
0,0,-0.455033,0.449485,0.768705
0,0,0.276769,0.32292,0.905053
0,0,0.766378,-0.343497,0.54284
0,0,-0.469767,-0.573047,0.671517
0,0,0.887438,-0.460866,0.00749471
0,0,-0.0399118,0.996158,0.0779476
0,0,-0.902777,0.42243,0.0809037
0,0,0.651394,0.222658,0.725334
0,0,0.986316,0.120488,0.11253
0,0,0.568862,0.186413,0.801028
0,0,-0.434357,0.18023,0.882526
0,0,0.974488,0.108616,0.196406
0,0,-0.117201,0.49371,0.861693
0,0,-0.495832,0.452806,0.741024
0,0,0.329726,-0.553167,0.765041
0,0,-0.985168,0.169192,0.0285985
0,0,0.228362,-0.619673,0.750903
0,0,0.776843,-0.320067,0.542284
0,0,0.921345,0.35198,0.165023
0,0,-0.737561,0.478248,0.476741
0,0,0.835978,-0.382121,0.393858
0,0,-0.817474,-0.489104,0.304161
0,0,0.964243,-0.250115,0.0876189
0,0,-0.783458,-0.0800723,0.616264
0,0,0.539121,-0.0714572,0.839191
0,0,-0.729692,0.171368,0.661954
0,0,-0.474126,0.580445,0.662033
0,0,-0.173409,0.628958,0.757853
0,0,0.019866,-0.00424398,0.999794
0,0,-0.185636,0.954797,0.232166
0,0,-0.569896,-0.756622,0.320534
0,0,0.67796,0.484449,0.552883
0,0,-0.658383,0.712008,0.244084
0,0,-0.64684,-0.675131,0.354677
0,0,0.390802,-0.387717,0.834835
0,0,-0.913069,-0.321209,0.251258
0,0,-0.376304,0.653706,0.656555
0,0,-0.711823,-0.417585,0.56474
11.612,15.0615,0.016862,0.466973,0.884111
0,0,0.343379,-0.91942,0.191723
0,0,-0.706364,-0.263016,0.657169
0,0,0.600294,0.487726,0.633854
0,0,0.778046,0.617957,0.113021
0,0,-0.0656071,-0.579211,0.812533
0,0,0.481565,0.71185,0.511238
0,0,-0.203321,-0.863149,0.462206
0,0,0.505568,-0.169255,0.846022
0,0,0.76605,-0.505251,0.397352
0,0,0.921453,-0.0394178,0.386485
0,0,-0.826839,0.511256,0.234425
0,0,0.438113,0.702353,0.561033
0,0,-0.161213,-0.832258,0.530431
0,0,-0.891094,-0.169151,0.421116
0,0,-0.200631,-0.563644,0.801282
0,0,0.905024,-0.138324,0.40224
0,0,-0.590194,-0.296053,0.751015
0,0,-0.899909,-0.25233,0.355661
0,0,0.112884,-0.703551,0.701622
0,0,-0.374449,-0.347607,0.859626
0,0,-0.942555,-0.326797,0.0692379
0,0,-0.00161854,-0.419015,0.907978
0,0,0.687601,0.577106,0.440629
0,0,0.277216,0.889065,0.364299
0,0,0.359976,0.372626,0.855317
18.5841,26.8281,-0.0147625,-0.748256,0.663245
0,0,-0.590057,-0.273372,0.759671
0,0,-0.167173,0.758222,0.630201
0,0,0.282715,-0.545592,0.788924
0,0,0.837965,-0.280198,0.468299
0,0,0.017892,0.758184,0.651795
0,0,-0.827392,-0.202445,0.523869
0,0,-0.214668,0.966035,0.143852
0,0,-0.706795,-0.691058,0.151263
7.14906,10.5539,0.305201,-0.11077,0.945824
21.6527,30.7506,-0.981235,-0.192458,-0.011715
0,0,0.948606,-0.122629,0.291733
0,0,0.408311,0.422012,0.809437
0,0,0.20679,0.963031,0.172651
0,0,0.636424,0.727118,0.257417
0,0,-0.534271,0.73157,0.423509
0,0,0.956809,-0.173013,0.23363
0,0,0.712908,-0.631336,0.30525
0,0,-0.490924,0.636828,0.594511
0,0,0.061533,-0.580224,0.812129
0,0,0.101722,-0.695826,0.71097
0,0,-0.0968617,-0.950756,0.294418
0,0,0.280802,-0.938815,0.199439
0,0,0.0404262,-0.826044,0.562154
0,0,-0.64282,-0.392294,0.657942
0,0,-0.339234,0.918381,0.203708
0,0,-0.931699,-0.356043,0.0719057
0,0,-0.405831,0.106508,0.907721
0,0,0.838922,0.321335,0.439265
0,0,0.934286,0.171766,0.312421
0,0,-0.555294,-0.677564,0.482241
0,0,-0.551673,-0.780039,0.295291
0,0,-0.16279,-0.615397,0.771224
0,0,0.995811,0.00977576,0.0909166
0,0,0.762599,-0.397886,0.510029
0,0,0.0170645,0.966297,0.256865
0,0,-0.16655,-0.300518,0.939122
0,0,0.402792,-0.609016,0.68327
0,0,0.644734,-0.566968,0.512704
0,0,0.583078,0.533456,0.612736
0,0,0.850433,-0.526082,0.00139313
0,0,0.78123,0.0154219,0.624053
0,0,0.327101,-0.196478,0.924338
0,0,0.830843,0.521706,0.193707
0,0,0.562374,0.583007,0.586378
0,0,0.162305,-0.669928,0.724468
0,0,-0.395524,0.295413,0.86965
0,0,-0.538314,-0.719509,0.438777
0,0,-0.566237,0.817931,0.101808
0,0,-0.12264,-0.923101,0.364478
0,0,0.0160754,-0.853984,0.520051
0,0,-0.88659,-0.443852,0.130207
0,0,-0.897882,0.432727,0.0809655
0,0,-0.556947,-0.633262,0.537391
0,0,-0.250278,0.188385,0.949669
0,0,-0.972377,-0.225576,0.0599818
0,0,0.559764,-0.73562,0.381479
0,0,-0.988773,0.019999,0.14808
0,0,-0.701709,0.15467,0.695473
0,0,-0.022464,0.882894,0.469035
0,0,0.201379,-0.664635,0.719518
0,0,0.634803,-0.246029,0.732458
0,0,0.473992,-0.434505,0.765857
0,0,-0.41175,0.869738,0.272063
0,0,0.665341,-0.666128,0.337037
0,0,0.0747905,-0.986419,0.14623
0,0,-0.366532,0.236872,0.899748
0,0,-0.226191,0.949918,0.215623
0,0,-0.68868,-0.573924,0.443093
0,0,-0.801512,0.133577,0.582869
0,0,-0.419772,-0.429898,0.799362
0,0,-0.0424625,0.996993,0.0648248
0,0,0.572163,-0.817296,0.0682432
0,0,0.152962,-0.197405,0.968315
0,0,0.488217,0.571817,0.659295
0,0,-0.0797639,-0.911638,0.403181
0,0,-0.908859,0.396944,0.128101
0,0,0.715883,-0.373495,0.589926
0,0,-0.797567,-0.164235,0.580443
0,0,0.498888,-0.865143,0.0513702
0,0,0.0592233,0.680325,0.730514
0,0,-0.789804,0.187273,0.58407
0,0,0.239089,-0.269141,0.932952
0,0,0.885854,-0.354244,0.299624
0,0,-0.559567,-0.772577,0.300016
0,0,0.597847,0.454535,0.660286
5.88013,8.45063,-0.218121,-0.0239042,0.975629
0,0,0.411893,-0.246474,0.877265
0,0,-0.59275,-0.77146,0.231293
0,0,0.32243,-0.789301,0.522535
22.8574,34.1673,0.499452,-0.61875,0.606379
0,0,0.588524,-0.491002,0.642305
0,0,0.828541,0.21233,0.518108
0,0,0.0387635,0.20239,0.978538
18.6363,29.0911,0.117436,-0.603384,0.788756
0,0,0.919116,-0.241512,0.311285
0,0,-0.32193,-0.865518,0.383719
22.2906,32.7568,0.67167,-0.258696,0.694216
0,0,0.362923,0.913209,0.185301
0,0,0.340442,0.935164,0.0978148
0,0,-0.935083,0.319638,0.153138
0,0,0.742813,0.524422,0.416185
0,0,0.0374324,-0.523411,0.851258
0,0,-0.952562,0.215294,0.215114
0,0,-0.288583,-0.0401177,0.956614
0,0,0.303398,-0.88257,0.359193
0,0,0.0915673,0.961961,0.257383
0,0,0.116867,-0.905217,0.408564
0,0,-0.882986,-0.337231,0.326514
0,0,-0.180473,-0.901097,0.394276
0,0,-0.287498,-0.451862,0.844492
0,0,0.984886,-0.0851117,0.150852
0,0,-0.949438,0.313932,0.00375892
0,0,-0.956685,0.274185,0.0978645
0,0,-0.356293,-0.349078,0.866718
0,0,0.467894,0.120224,0.875569
0,0,-0.457867,-0.562241,0.688653
0,0,0.594132,-0.359096,0.719762
0,0,-0.970379,-0.152536,0.187342
0,0,-0.225772,-0.473304,0.851476
0,0,0.578761,-0.0207288,0.815234
0,0,-0.686298,-0.378327,0.62118
0,0,-0.00677423,-0.975652,0.21922
0,0,0.948626,-0.292498,0.120638
0,0,0.507605,-0.46325,0.726455
0,0,-0.768186,0.599325,0.225167
16.3103,24.3362,0.960799,0.189208,0.202647
0,0,0.375929,-0.118796,0.919002
0,0,0.449102,-0.0867819,0.889256
0,0,-0.737052,0.665348,0.118599
0,0,0.965467,0.211936,0.151511
0,0,-0.736847,0.455065,0.499972
0,0,0.659953,0.412689,0.627813
0,0,-0.841965,0.328111,0.428296
0,0,-0.0697583,-0.649014,0.757571
0,0,-0.646244,-0.489228,0.585683
0,0,0.321891,-0.514509,0.794775
0,0,0.28834,0.660894,0.692878
0,0,0.798456,0.361919,0.481127
0,0,0.706578,0.67777,0.20341
16.5299,24.3636,0.272518,-0.26036,0.926254
0,0,0.337438,-0.814102,0.472624
0,0,-0.732215,0.167802,0.660078
0,0,0.752346,-0.0533308,0.656606
0,0,0.89711,0.214801,0.386075
0,0,-0.590914,0.621366,0.514515
0,0,-0.794948,0.335166,0.505688
0,0,0.836912,-0.107043,0.536768
0,0,-0.862587,-0.433196,0.261314
0,0,0.7609,-0.540986,0.35828
0,0,-0.149026,-0.591778,0.792206
0,0,-0.990792,0.104523,0.0860564
0,0,0.635298,0.21733,0.741056
0,0,-0.0557702,0.994749,0.085811
0,0,0.84234,-0.522176,0.133397
0,0,0.00945189,0.991109,0.13272
0,0,-0.189545,0.964655,0.183065
0,0,-0.246378,0.551745,0.796791
0,0,-0.937601,-0.047299,0.344482
0,0,0.446718,-0.748003,0.49085
0,0,0.253387,-0.692363,0.675594
0,0,-0.514065,-0.394551,0.761621
0,0,-0.022941,0.442389,0.89653
0,0,-0.0878756,-0.783762,0.614812
0,0,-0.6372,-0.383142,0.668714
0,0,-0.497093,0.382336,0.778921
0,0,0.770797,0.254689,0.583957
0,0,-0.626123,0.0647528,0.777031
0,0,-0.494637,0.034042,0.868433
0,0,-0.626034,-0.728582,0.277938
0,0,-0.0320183,-0.997906,0.0561976
0,0,0.119847,-0.679929,0.723417
0,0,-0.221372,0.91604,0.334462
0,0,0.796016,-0.480694,0.367822
0,0,0.525043,0.734294,0.430282
0,0,0.365039,-0.716442,0.594523
0,0,-0.846286,0.295716,0.443117
0,0,0.815828,-0.577274,0.0343409
0,0,0.823846,-0.400003,0.40159
0,0,0.297728,-0.71265,0.635207
0,0,-0.449531,0.552602,0.701821
0,0,-0.591297,-0.797526,0.119665
0,0,-0.92301,0.299406,0.241678
0,0,0.417842,-0.883703,0.210894
0,0,-0.672922,0.204417,0.710907
0,0,0.83148,-0.550661,0.0735742
0,0,0.743433,0.662133,0.0942704
0,0,-0.152056,0.851207,0.50232
0,0,-0.228501,-0.780609,0.581753
0,0,-0.907389,-0.230182,0.351656
0,0,0.863737,0.0154641,0.503706
0,0,-0.41988,-0.890876,0.17332
0,0,0.665201,-0.569841,0.482482
0,0,-0.304984,0.866831,0.394448
0,0,-0.741604,0.571381,0.351493
0,0,0.775396,0.550857,0.308736
0,0,-0.39185,-0.678699,0.621146
0,0,-0.497273,0.214854,0.84057
0,0,0.673875,0.605429,0.423495
0,0,-0.649009,-0.744802,0.155106
0,0,-0.496123,-0.829685,0.255899
0,0,-0.612969,-0.574468,0.542452
0,0,0.127623,0.98613,0.106117
0,0,0.22541,-0.771055,0.595537
0,0,0.207893,-0.971202,0.116393
0,0,0.268838,0.336247,0.902587
0,0,-0.88048,-0.0136825,0.473886
0,0,0.574823,-0.749677,0.327968
0,0,0.996231,-0.0419024,0.0759411
0,0,0.988509,0.150958,0.00791041
0,0,-0.782455,0.244496,0.5727
0,0,0.125282,-0.801567,0.584632
0,0,0.814166,-0.57274,0.0954101
0,0,-0.0013486,-0.599772,0.80017
0,0,-0.378873,-0.397693,0.835641
0,0,-0.584524,-0.670045,0.457571
0,0,0.959675,0.258703,0.109988
0,0,-0.751408,0.501181,0.429189
0,0,-0.672082,-0.412643,0.614842
21.4519,26.769,0.291675,0.223777,0.929973
0,0,-0.930938,0.230857,0.282946
0,0,-0.453577,0.620436,0.639787
0,0,0.897391,0.432303,0.0883358
0,0,-0.0137223,-0.722627,0.691102
0,0,0.302868,-0.0268246,0.952655
0,0,0.236949,-0.675318,0.698427
0,0,0.880017,-0.422365,0.217203
0,0,0.0893469,0.606491,0.790055
0,0,-0.467435,-0.530435,0.707208
8.41673,9.7321,-0.0255769,0.632468,0.774164
0,0,-0.956342,-0.290083,0.0355232
0,0,-0.98907,0.0799548,0.123888
0,0,0.816226,-0.271439,0.509995
0,0,0.0670752,0.894525,0.441957
16.9118,24.2713,0.226377,-0.147938,0.96274
0,0,-0.197999,-0.960143,0.197288
0,0,-0.649584,0.72953,0.214072
0,0,0.696867,0.620576,0.359529
0,0,-0.0413968,-0.926759,0.373368
0,0,-0.250561,0.64172,0.724855
0,0,0.952368,0.303968,0.0244625
7.7306,10.1768,-0.0145473,0.27775,0.960543
0,0,-0.418001,0.500287,0.758279
0,0,0.573558,-0.748968,0.331781
0,0,0.386175,-0.528482,0.756026
0,0,0.899966,-0.21328,0.380227
0,0,-0.11367,0.754861,0.64596
0,0,-0.742546,-0.379806,0.5517
0,0,-0.168494,-0.976684,0.133031
0,0,0.597346,-0.693465,0.402844
0,0,-0.858511,0.199039,0.472591
0,0,0.674399,-0.651428,0.347602
0,0,0.780809,0.450362,0.433026
0,0,0.0725513,-0.521223,0.850331
0,0,0.987999,-0.00274992,0.154436
0,0,0.028061,0.638153,0.769398
0,0,0.0698801,0.827912,0.556488
0,0,-0.966255,-0.106038,0.234751
0,0,-0.998371,-0.0389626,0.0416762
0,0,-0.37985,-0.589132,0.713188
0,0,0.621577,0.599644,0.504052
0,0,0.872328,0.31591,0.373156
0,0,-0.774635,0.00131456,0.632407
0,0,-0.0374711,-0.462729,0.885707
0,0,0.650545,-0.736251,0.186346
0,0,-0.309206,0.448185,0.838762
0,0,-0.889667,0.105762,0.444193
0,0,-0.84038,-0.502064,0.204191
0,0,0.504933,-0.217063,0.83542
0,0,0.849248,0.09555,0.519277
0,0,-0.885017,0.0369656,0.464088
0,0,0.70678,0.385072,0.593449
0,0,-0.0895793,-0.748329,0.657251
0,0,0.197289,0.640375,0.742291
0,0,0.720681,-0.40511,0.562588
0,0,-0.874288,0.377878,0.30468
0,0,-0.975379,-0.203909,0.0840002
0,0,0.942684,-0.0612826,0.328011
0,0,0.880438,-0.460047,0.11483
0,0,-0.628524,0.193677,0.753291
0,0,0.640349,0.0103358,0.768014
0,0,0.528944,-0.646305,0.550007
0,0,-0.358228,-0.59307,0.721069
0,0,-0.614284,-0.646511,0.452415
0,0,-0.851145,-0.524266,0.0264246
0,0,0.349055,-0.93209,0.0967951
0,0,0.507384,0.836196,0.20818
0,0,-0.51843,-0.436182,0.735511
5.27304,7.06184,0.544131,-0.335946,0.768805
0,0,-0.580094,-0.617704,0.530973
0,0,-0.531906,-0.844685,0.059865
0,0,-0.120264,0.929563,0.348495
0,0,-0.745654,0.535348,0.396739
0,0,0.284962,0.834015,0.472456
0,0,-0.427425,-0.267615,0.863533
0,0,-0.053483,-0.226485,0.972545
0,0,-0.484544,0.867156,0.115137
0,0,0.490786,0.869164,0.0606904
0,0,0.812929,-0.387484,0.434746
0,0,-0.0814449,-0.965722,0.246469
0,0,-0.632974,0.434649,0.640643
0,0,-0.491807,0.536365,0.685885
0,0,0.0301366,0.981853,0.187232
0,0,0.629165,0.195116,0.752383
0,0,0.676405,0.735939,0.029489
0,0,-0.374812,-0.919871,0.115557
0,0,0.269316,-0.460414,0.845865
0,0,-0.886789,0.297143,0.353994
0,0,0.598596,0.776345,0.197413
0,0,0.917889,-0.391305,0.0660305
0,0,-0.67898,0.505098,0.532788
0,0,-0.609174,0.348252,0.71248
0,0,0.78064,-0.421396,0.461548
0,0,0.440171,-0.545552,0.713178
0,0,0.878111,0.39682,0.267309
0,0,0.518458,-0.618586,0.590383
0,0,0.919972,0.1972,0.338768
0,0,-0.00517776,0.89931,0.437281
0,0,0.639825,-0.768419,0.012463
0,0,0.174343,0.649668,0.739956
0,0,0.871362,0.224222,0.43641
0,0,-0.864965,-0.212249,0.454738
0,0,0.652786,0.434547,0.620516
0,0,-0.604499,0.73197,0.314324
0,0,0.00714749,-0.565919,0.82443
0,0,-0.65848,-0.587383,0.470516
0,0,0.0513153,-0.421098,0.905562
0,0,-0.0695002,0.991739,0.107809
0,0,-0.835584,0.12523,0.534899
0,0,0.6052,-0.576928,0.548532
0,0,0.219519,-0.779414,0.586792
0,0,-0.434221,-0.389347,0.812318
0,0,-0.784189,-0.292881,0.547055
0,0,0.135337,-0.21493,0.967207
0,0,-0.449958,-0.831783,0.325076
0,0,-0.781429,0.27717,0.559058
0,0,-0.244103,-0.390668,0.887577
0,0,-0.998218,-0.0109767,0.0586591
0,0,-0.970774,-0.0261913,0.238563
1.09031,1.3299,-0.33425,0.20596,0.919705
0,0,-0.580325,-0.489705,0.650701
0,0,0.0928974,-0.955423,0.280243
0,0,-0.335849,0.314313,0.887926
0,0,-0.0625133,0.512283,0.856538
0,0,-0.153284,0.978314,0.139305
15.7833,23.7582,-0.916332,-0.345197,-0.202915
0,0,0.912094,0.0638385,0.404981
0,0,-0.0311976,-0.997827,0.0580341
0,0,0.458851,-0.493023,0.739178
0,0,-0.181318,0.942187,0.281795
0,0,-0.914231,0.269258,0.302791
0,0,-0.348511,0.302884,0.887018
0,0,-0.222004,0.412286,0.883592
0,0,0.571867,-0.80719,0.146334
0.211366,0.352339,-0.672219,0.363327,0.64507
0,0,-0.591089,0.69297,0.412803
0,0,0.521738,0.697088,0.491791
0,0,-0.0973049,0.399553,0.911531
0,0,-0.509575,-0.857586,0.0698477
0,0,-0.988244,-0.13881,0.0640804
0,0,-0.702521,0.141843,0.697384
0,0,0.423759,-0.885958,0.188434
0,0,-0.0291592,0.793057,0.608449
0,0,-0.91336,-0.278674,0.29684
0,0,0.248914,-0.966321,0.0653166
0,0,-0.580695,0.624014,0.522876
0,0,0.15885,0.881501,0.444661
0,0,-0.289449,-0.688268,0.665211
0,0,-0.10459,-0.986063,0.129385
0,0,0.0785428,-0.45714,0.88592
0,0,-0.492304,0.193774,0.84858
0,0,0.471186,-0.872585,0.128761
0,0,-0.29473,0.87616,0.381416
0,0,-0.58654,0.789639,0.180113
0,0,0.833609,0.52664,0.166569
0,0,0.172132,-0.870931,0.460272
0,0,-0.158389,0.211797,0.964393
0,0,-0.0716819,-0.393037,0.916724
0,0,-0.797609,0.599024,0.0706404
0,0,-0.334761,-0.940564,0.0572123
0,0,-0.462807,0.0612713,0.884339
0,0,0.59402,0.624766,0.506763
0,0,0.0257455,0.984269,0.174789
0,0,-0.242148,0.866733,0.436047
0.821349,1.43046,0.189137,-0.446443,0.874595
0,0,0.581724,0.0922718,0.808135
0,0,0.0338834,0.0221044,0.999181
0,0,0.658412,0.101493,0.745784
0,0,0.605387,-0.795749,0.0170184
0,0,0.484249,-0.757704,0.437479
0,0,-0.955501,0.0718867,0.286096
0,0,-0.7222,-0.417954,0.551128
0,0,0.421917,-0.399063,0.814085
0,0,-0.52281,0.412962,0.745742
0,0,0.393511,0.466719,0.792037
0,0,0.442406,0.892126,0.0915905
0,0,0.184928,-0.248139,0.950909
0,0,0.51894,0.23562,0.821696
0,0,-0.185903,-0.907683,0.376234
0,0,-0.637938,0.755262,0.150381
0,0,-0.231138,-0.946761,0.224094
0,0,-0.31439,-0.671955,0.670549
0,0,-0.737178,-0.641457,0.212371
0,0,-0.120121,0.701264,0.702709
0,0,0.486358,0.744378,0.457556
0,0,0.856682,0.0606493,0.512267
0,0,0.343135,-0.404181,0.847878
0,0,0.210782,0.939114,0.27136
0,0,-0.221002,-0.669069,0.709581
0,0,0.800643,-0.503914,0.324101
0,0,-0.938371,-0.11727,0.325126
0,0,-0.1841,-0.448042,0.874852
0,0,0.158518,0.729834,0.664992
0,0,-0.673432,0.0369242,0.738326
0,0,-0.338559,0.593046,0.73053
0,0,-0.0111462,-0.618471,0.785729
0,0,-0.133888,0.953755,0.269121
0,0,-0.851918,0.433443,0.293876
0,0,-0.533867,0.843299,0.0619022
0,0,-0.0225063,0.418376,0.907995
0,0,0.358259,0.579905,0.731684
0,0,-0.558116,-0.789068,0.256667
0,0,-0.268755,-0.768393,0.580813
0,0,0.435494,0.775935,0.456367
0,0,0.0678094,0.0608896,0.995839
0,0,-0.6471,0.670636,0.362643
0,0,-0.72076,0.251358,0.646006
0,0,-0.274189,0.876526,0.395628
0,0,-0.452032,0.695352,0.558707
0,0,-0.104363,-0.816702,0.567544
0,0,0.917131,0.398277,0.0156823
0,0,0.815987,-0.355961,0.455475
0,0,0.633946,-0.502496,0.587886
0,0,-0.814774,-0.579393,0.0211549
0,0,-0.778121,0.498405,0.382257
0,0,-0.653176,0.718477,0.239062
0,0,0.879609,-0.118998,0.460573
0,0,-0.0851055,-0.08487,0.992751
0,0,-0.348093,0.936229,0.0480202
0,0,-0.821817,0.277412,0.497654
0,0,0.147184,-0.477292,0.866331
0,0,0.576499,-0.792548,0.198789
0,0,0.340842,-0.389187,0.855781
0,0,-0.977983,-0.194204,0.0763796
0,0,-0.104842,0.50749,0.855255
0,0,-0.201138,0.87478,0.440799
0,0,0.039933,-0.908795,0.415327
0,0,-0.783062,0.621943,0.000837418
0,0,-0.0182542,-0.844713,0.534908
14.494,21.8347,-0.0993754,0.309001,0.945856
0,0,0.732653,-0.288785,0.616298
8.962,11.7969,0.0424816,-0.0528503,0.997698
0,0,-0.0383387,-0.970053,0.23985
0,0,-0.103989,0.029201,0.99415
0,0,0.281555,-0.673222,0.683739
0,0,-0.810842,0.572938,0.11949
0,0,-0.929769,-0.129177,0.344735
0,0,-0.61943,-0.662366,0.4214
0,0,-0.922229,-0.366527,0.123094
0,0,0.730601,0.60843,0.309895
0,0,0.954117,-0.121919,0.27349
0,0,-0.779876,0.621167,0.0771047
0,0,0.78461,-0.214106,0.581847
0,0,0.0652098,0.911848,0.405316
0,0,0.623963,0.774074,0.107143
0,0,0.777264,0.416754,0.471355
0,0,0.928763,0.287114,0.234445
0,0,-0.397314,0.526815,0.751404
0,0,-0.945329,-0.325878,0.0125567
0,0,-0.542669,0.66283,0.515914
0,0,-0.934294,0.351997,0.0565
0,0,-0.00239466,0.688321,0.725403
0,0,-0.512552,-0.0446309,0.857496
0,0,0.562649,-0.677394,0.473882
0,0,-0.547655,0.0954624,0.831241
0,0,0.783514,0.621293,0.0100526
0,0,0.0464245,0.769449,0.637019
0,0,0.618937,0.445875,0.646617
0,0,0.106137,0.758863,0.642543
0,0,-0.572819,0.676063,0.463484
0,0,-0.112828,0.925596,0.361306
0,0,-0.854736,-0.335168,0.396344
0,0,0.806113,-0.211102,0.552827
0,0,0.961349,-0.129727,0.242854
0,0,0.751286,-0.192527,0.631271
0,0,-0.958503,-0.110222,0.262912
0,0,0.0142904,0.309351,0.950841
0,0,0.42119,0.755553,0.501735
0,0,0.178376,0.744063,0.643857
0,0,-0.163219,0.78209,0.60141
0,0,0.856875,-0.511241,0.0663211
0,0,0.320928,-0.887744,0.330024
0,0,-0.623344,0.121242,0.772491
0,0,-0.894048,-0.377016,0.241944
0,0,-0.170311,0.705249,0.688199
0,0,-0.725991,-0.141145,0.673064
0,0,0.215494,0.968381,0.1257
0,0,0.160348,-0.311486,0.936624
10.138,13.1281,-0.323493,-0.177695,0.929396
0,0,-0.892274,0.435763,0.11814
0,0,0.807911,-0.575707,0.125861
0,0,0.968737,-0.0404683,0.244766
0,0,0.557515,-0.79818,0.228222
0,0,-0.271783,0.35478,0.894575
0,0,-0.116592,-0.64734,0.753231
0,0,0.680864,0.716329,0.152632
0,0,-0.24572,0.478714,0.842885
0,0,0.365212,-0.377518,0.850941
0,0,-0.578405,0.341492,0.740831
0,0,0.623767,-0.514265,0.588597
0,0,-0.969924,-0.236385,0.0580489
0,0,0.919651,-0.240001,0.310873
0,0,0.931825,-0.343803,0.116196
0,0,0.447048,0.789124,0.421226
0,0,0.399362,0.858196,0.322505
23.3718,32.6698,0.493004,-0.815811,-0.302324
11.7646,17.9383,0.824716,0.527647,0.203549
0,0,0.617891,-0.311548,0.721906
0,0,0.169306,0.924636,0.34115
0,0,0.864894,-0.498885,0.0554187
0,0,0.333151,-0.150547,0.930777
0,0,-0.744761,0.623809,0.237053
0,0,0.84525,-0.109851,0.522958
0,0,0.19095,-0.718419,0.668888
0,0,-0.355967,-0.565455,0.744008
0,0,-0.783935,0.620814,0.00596061
0,0,0.739332,-0.266006,0.61857
0,0,0.569738,-0.777149,0.267277
0,0,-0.141095,-0.550425,0.822876
0,0,0.272606,-0.920425,0.280186
0,0,0.827265,-0.530314,0.185474
0,0,0.113929,-0.116777,0.986602
0,0,-0.41283,-0.389122,0.823502
0,0,0.516917,0.853369,0.067514
0,0,0.159934,-0.183591,0.969905
0,0,-0.564593,-0.80088,0.199563
0,0,-0.00705579,0.572199,0.820084
0,0,-0.702644,0.0769988,0.707363
0,0,0.534032,-0.329215,0.778734
0,0,0.311555,-0.777775,0.545894
0,0,0.373034,-0.882077,0.287725
0,0,0.600116,-0.548586,0.582163
0,0,-0.118167,0.971411,0.205907
0,0,-0.610008,0.671931,0.419999
0,0,0.766089,-0.614527,0.18832
0,0,0.676853,0.428296,0.598692
0,0,-0.838185,0.431852,0.333091
0,0,0.94826,-0.169765,0.268297
0,0,-0.458205,0.547885,0.699907
0,0,-0.281352,-0.942942,0.178048
0,0,0.315687,-0.930426,0.186141
0,0,0.93657,-0.286702,0.201592
0,0,-0.071703,0.848159,0.524866
0,0,-0.691119,-0.330116,0.642945
0,0,-0.198772,-0.946036,0.255939
0,0,0.874095,0.258674,0.411151
0,0,0.355152,-0.209711,0.910982
0,0,-0.458969,-0.364371,0.810297
0,0,0.374867,-0.0575444,0.925291
0,0,0.517174,-0.82947,0.210974
0,0,0.589717,-0.0759582,0.80403
0,0,0.763859,-0.339646,0.548781
0,0,0.828737,-0.486169,0.27719
0,0,0.319184,-0.438752,0.840011
0,0,0.0587768,0.877918,0.47519
0,0,0.538649,0.614414,0.576501
0,0,-0.437587,-0.18781,0.879344
0,0,-0.489549,0.0853627,0.867787
0,0,0.531899,0.812908,0.237201
0,0,-0.873273,-0.371437,0.315322
0,0,0.532624,-0.741074,0.408805
0,0,0.363128,-0.646943,0.670525
2.16106,3.16787,0.0903217,-0.0286109,0.995502
0,0,-0.0335469,-0.818706,0.573232
0,0,0.777025,0.628025,0.0426144
0,0,0.921876,0.386905,0.0211901
0,0,0.8993,0.148758,0.411255
0,0,0.859779,-0.489227,0.146414
0,0,0.235682,0.844947,0.480123
0,0,0.652476,0.738969,0.16793
0,0,0.956198,0.282799,0.0755663
0,0,0.310203,-0.533112,0.787125
0,0,0.618893,0.473713,0.626552
13.1596,18.0637,-0.199729,-0.0392399,0.979065
0,0,-0.557237,-0.334538,0.759981
0,0,0.954178,0.299025,0.0113563
0,0,0.212139,0.862803,0.458878
0,0,0.849325,-0.487572,0.202287
0,0,-0.690253,0.719888,0.07289
0,0,-0.675977,-0.534144,0.507686
0,0,0.985608,-0.169031,0.00252357
0,0,-0.851703,0.493479,0.176299
0,0,0.764777,0.617524,0.183791
0,0,-0.35435,-0.691069,0.629968
0,0,0.595792,0.800633,0.063386
0,0,-0.392275,0.877199,0.276843
0,0,-0.586114,0.703345,0.402215
2.34978,3.21637,0.0781154,0.977477,0.196054
0,0,-0.561119,-0.817406,0.130354
0,0,-0.988058,-0.0156002,0.153289
0,0,0.496231,0.687464,0.530234
0,0,0.283172,-0.910247,0.302098
0,0,0.290235,0.419468,0.860122
0,0,-0.447821,0.550708,0.704398
0,0,-0.661279,0.691698,0.290283
0,0,0.0710844,-0.888268,0.453792
0,0,-0.0500928,-0.354022,0.933894
0,0,0.0552975,0.735537,0.675224
0,0,0.830381,-0.548983,0.0953185
0,0,0.747854,0.143231,0.648228
0,0,-0.837516,-0.50944,0.197579
0,0,0.261888,0.710006,0.653687
0,0,-0.835645,0.547999,0.0373404
0,0,0.34442,-0.568483,0.747129
0,0,-0.118502,-0.862422,0.492124
0,0,0.0718206,0.68126,0.72851
0,0,-0.775295,0.565751,0.280791
0,0,0.904758,0.337508,0.259808
0,0,0.451111,-0.448289,0.771709
0,0,0.569093,-0.590164,0.572573
0,0,-0.949756,0.157413,0.270527
0,0,-0.605452,0.774326,0.183977
0,0,-0.251676,0.129632,0.959091
0,0,-0.213999,0.443598,0.870302
0,0,0.148541,0.565396,0.811334
0,0,-0.102219,-0.501119,0.85932
0,0,0.325486,0.715845,0.617758
0,0,-0.339214,-0.337805,0.877964
0,0,-0.889836,-0.419223,0.180121
0,0,0.10454,-0.916626,0.385834
0,0,-0.470369,-0.877015,0.0979653
0,0,-0.704175,0.0255134,0.709568
0,0,0.259154,0.348175,0.900896
0,0,0.942177,0.323809,0.086318
0,0,-0.709521,-0.471074,0.524089
0,0,0.961293,-0.259989,0.0912269
0,0,-0.507834,0.634347,0.582846
0,0,0.56202,0.151075,0.81321
0,0,0.745238,0.450877,0.491254
0,0,0.634348,-0.00831517,0.773003
0,0,0.923065,-0.311473,0.22569
0,0,-0.0976369,-0.954854,0.280573
0,0,0.891756,-0.338332,0.300503
0,0,0.618617,-0.430322,0.657371
0,0,-0.897303,-0.232996,0.374913
0,0,-0.573846,0.560545,0.597068
19.0216,23.2209,-0.577716,-0.726749,-0.371592
0,0,-0.771741,-0.29007,0.565928
0,0,0.93054,-0.0677278,0.359871
0,0,0.588507,0.800338,0.114539
0,0,-0.828441,-0.303581,0.470663
0,0,-0.633034,-0.0172457,0.773932
0,0,0.0362051,0.94742,0.317939
0,0,-0.0293409,-0.36279,0.931409
0,0,0.581655,-0.0815018,0.809342
0,0,0.235397,0.970764,0.0469579
0,0,-0.675577,0.0608145,0.734777
0,0,0.0517753,-0.047486,0.997529
0,0,0.826419,-0.489677,0.277936
0,0,0.550192,0.0584921,0.832987
0,0,-0.548191,-0.356146,0.756734
0,0,0.641185,-0.650273,0.407464
0,0,0.406611,-0.570377,0.713679
0,0,0.540148,-0.840792,0.0361678
0,0,-0.55143,0.829919,0.084617
0,0,-0.851928,0.514985,0.0949217
0,0,-0.239334,0.817712,0.523514
21.6902,32.811,0.938734,0.344628,0.00303025
0,0,0.811221,-0.184026,0.555027
0,0,0.910405,-0.285962,0.298979
0,0,-0.110243,-0.829274,0.547861
0,0,0.581276,0.0578893,0.811645
0,0,-0.425256,-0.795558,0.431561
0,0,-0.779678,-0.345117,0.522491
0,0,-0.0340295,-0.957815,0.285363
0,0,0.337844,-0.866128,0.368352
0,0,0.502026,-0.430906,0.749859
0,0,-0.0105584,0.950997,0.309019
0,0,0.843306,-0.442577,0.304896
0,0,0.622364,0.539323,0.567268
0,0,0.981549,0.05823,0.182127
0,0,0.256891,0.0107208,0.966381
0,0,-0.417749,0.90275,0.102606
0,0,0.0989837,0.992904,0.0659126
0,0,0.567285,0.64937,0.506464
17.7239,26.1758,-0.0233541,-0.247464,0.968616
0,0,0.897821,0.179107,0.402291
0,0,-0.984663,0.0861655,0.151706
0.944848,1.0754,-0.249814,-0.192297,0.949007
0,0,-0.548403,0.514024,0.659571
0,0,-0.330267,-0.352407,0.875633
0,0,-0.140811,0.98364,0.11236
0,0,-0.579079,-0.474352,0.663067
0,0,-0.590946,0.0353546,0.805936
0,0,-0.936979,0.0767374,0.340855
0,0,-0.399333,-0.892404,0.210116
0,0,0.115763,-0.988148,0.100813
0,0,0.588505,-0.353426,0.727153
0,0,0.222357,-0.941638,0.252736
0,0,0.94808,-0.313792,0.0517628
0,0,0.317764,-0.719255,0.617817
0,0,-0.300158,0.508537,0.807029
0,0,-0.498351,-0.736443,0.457492
0,0,-0.314238,-0.935096,0.163857
0,0,0.670309,0.0728073,0.738501
0,0,-0.429635,0.000292098,0.903003
0,0,-0.738797,0.420972,0.526272
0,0,0.472071,0.866262,0.163522
0,0,0.613827,-0.0183077,0.789228
0,0,-0.099494,0.949887,0.296338
0,0,0.348013,-0.905905,0.241295
0,0,0.58053,-0.497045,0.644927
0,0,-0.0421521,0.978868,0.200104
0,0,-0.833701,-0.240666,0.497013
0,0,0.744841,0.502986,0.438426
0,0,-0.839686,0.333267,0.428789
0,0,-0.53521,-0.0172865,0.844542
0,0,0.577407,0.61094,0.541621
0,0,0.997417,0.017156,0.0697464
0,0,0.019996,0.998914,0.0420781
0,0,0.880417,0.0680999,0.469285
0,0,0.298699,-0.893848,0.334389
0,0,-0.462384,-0.838052,0.289602
0,0,0.825075,-0.000270217,0.565023
0,0,-0.185041,-0.27344,0.943923
0,0,-0.641468,0.238333,0.729188
0,0,0.630245,-0.49747,0.596082
0,0,-0.923381,0.0866367,0.37398
0,0,-0.869909,0.492668,0.0231569
0,0,0.467637,-0.288837,0.835398
0,0,0.249681,0.449776,0.857532
0,0,-0.4755,-0.379296,0.793747
0,0,-0.521986,-0.848744,0.0846436
0,0,0.291836,0.691762,0.660528
0,0,-0.751053,-0.17038,0.637879
0,0,0.0950947,0.941468,0.323412
0,0,0.744675,0.496904,0.445585
0,0,0.202821,0.728984,0.653793
0,0,-0.457462,-0.786505,0.414896
0,0,0.747375,-0.138198,0.649871
0,0,-0.218819,0.412674,0.884205
0,0,0.400592,0.455376,0.795084
0,0,0.75998,-0.647067,0.0611044
0,0,0.14209,-0.95491,0.260685
0,0,0.49223,0.65603,0.572132
0,0,0.46652,-0.209605,0.859317
0,0,0.864565,-0.28261,0.415522
0,0,0.258174,-0.678516,0.687723
0,0,0.549502,0.153472,0.821276
0,0,0.18157,0.909947,0.372865
0,0,-0.886545,-0.267603,0.377394
0,0,0.710502,-0.0536865,0.701645
0,0,-0.844143,0.428207,0.322587
0,0,-0.830782,-0.173162,0.528976
0,0,0.374069,-0.557952,0.740785
0,0,-0.268648,0.94383,0.192388
0,0,0.834423,0.530903,0.14792
0,0,-0.370952,0.34695,0.861406
0,0,-0.52431,-0.390389,0.756766
0,0,-0.590179,0.147622,0.793661
0,0,-0.229078,-0.957654,0.174418
0,0,-0.314708,-0.914593,0.253928
0,0,-0.0756231,0.143793,0.986714
0,0,0.458053,0.745375,0.484359
0,0,-0.0353353,-0.595164,0.802827
0,0,0.176584,-0.55818,0.810712
0,0,-0.125009,-0.80298,0.582748
0,0,0.536173,-0.844056,0.00942006
0,0,0.94402,0.147769,0.294941
0,0,-0.21803,-0.451052,0.865456
0,0,0.85778,0.512731,0.0363195
0,0,-0.0432656,-0.68364,0.728535
0,0,-0.219945,0.687943,0.691635
0,0,-0.148454,0.232719,0.961147
0,0,-0.494902,0.0852546,0.864757
0,0,0.246674,0.865266,0.436425
0,0,0.658975,0.340496,0.670682
0,0,0.853884,0.489793,0.176024
0,0,0.610496,-0.530325,0.58826
0,0,0.806488,-0.583317,0.0965331
0,0,0.120962,-0.958384,0.258588
0,0,0.626819,-0.455619,0.632067
0,0,0.617354,0.524335,0.58647
0,0,0.853437,0.138601,0.502429
0,0,0.842125,0.537156,0.0478374
0,0,-0.995193,-0.0127557,0.0970957
0,0,0.700879,-0.646444,0.301461
0,0,-0.952392,0.243936,0.182879
0,0,-0.242708,0.258668,0.934978
0,0,-0.897341,0.345993,0.273984
0,0,0.216135,0.233566,0.948015
0,0,0.401261,0.404187,0.821962
0,0,-0.212719,0.641999,0.736606
0,0,-0.00323728,0.778189,0.628022
0,0,-0.97159,-0.135257,0.194213
0,0,0.199,0.851099,0.485829
0,0,0.932299,-0.269567,0.241149
0,0,0.0868263,0.994124,0.0646456
0,0,-0.811577,-0.477397,0.336801
0,0,-0.849992,0.342278,0.400449
0,0,-0.569521,-0.701639,0.428193
0,0,-0.821226,0.232042,0.521292
0,0,-0.686915,0.0450134,0.725342
0,0,-0.558452,-0.415829,0.717787
0,0,-0.191313,0.796292,0.573862
21.2558,30.3415,-0.113242,-0.981447,-0.15472
0,0,0.526258,-0.847473,0.0695805
0,0,-0.348833,-0.502483,0.791092
0,0,-0.856755,-0.469278,0.213889
0,0,0.708226,0.697132,0.111462
0,0,0.231381,-0.96367,0.133427
0,0,-0.377099,-0.925887,0.0230137
0,0,-0.223627,-0.764512,0.604576
3.7407,5.13346,0.598782,0.0902602,0.79581
0,0,0.370394,0.712529,0.595911
0,0,0.0691259,-0.81405,0.576667
0,0,0.182948,0.919656,0.347511
0,0,-0.747929,-0.0284318,0.66317
0,0,-0.417828,-0.606589,0.676364
0,0,-0.0910896,-0.77016,0.631313
0,0,0.0121629,0.63788,0.77004
0,0,-0.580103,-0.776335,0.246545
0,0,-0.514675,-0.24608,0.821313
0,0,-0.93902,0.343736,0.00927475
0,0,0.163748,-0.927196,0.33689
0,0,-0.363982,0.923926,0.117807
0,0,0.722369,0.0669856,0.688256
0,0,-0.923531,-0.133107,0.359686
0,0,-0.320264,0.800224,0.507023
0,0,0.855085,0.465135,0.229083
0,0,0.571332,-0.000414041,0.820719
0,0,0.449168,-0.482337,0.752064
0,0,0.64192,0.0342544,0.766006
0,0,0.856257,-0.389464,0.339326
0,0,-0.704677,0.705962,0.0710457
0,0,0.896374,0.15662,0.41471
0,0,0.488815,-0.149066,0.859557
0,0,-0.991432,-0.00999008,0.130243
0,0,0.222154,0.374783,0.900103
0,0,0.0219611,-0.705385,0.708484
0,0,-0.359558,-0.238879,0.902028
0,0,-0.67054,-0.423564,0.609074
0,0,-0.612923,0.672395,0.414982
0,0,0.463096,0.654951,0.597145
0,0,-0.594813,0.744247,0.303799
0,0,-0.635203,-0.769625,0.0647696
0,0,-0.612998,0.0909241,0.784835
0,0,-0.837793,0.503379,0.211452
0,0,-0.97633,-0.158016,0.147684
0,0,-0.553195,0.806996,0.206722
0,0,0.690297,-0.664777,0.28559
0,0,-0.96082,-0.135489,0.241802
0,0,-0.893416,-0.423311,0.150385
0,0,-0.111656,-0.920156,0.375296
0,0,-0.24683,0.968571,0.0307495
0,0,0.729827,-0.514508,0.450149
0,0,0.710541,0.250163,0.657685
0,0,-0.79116,-0.557754,0.25095
0,0,-0.951793,-0.235501,0.196546
0,0,0.261671,-0.610515,0.747529
0,0,0.568838,-0.816501,0.0987394
0,0,0.0674256,-0.812121,0.57958
0,0,-0.430249,-0.869958,0.240954
0,0,0.65025,-0.670086,0.357994
0,0,0.535685,-0.703857,0.466505
0,0,-0.133767,0.850621,0.508479
0,0,0.176305,-0.385633,0.905651
0,0,-0.446485,-0.829903,0.334533
0,0,-0.424805,0.905271,0.00497754
0,0,-0.653541,0.58015,0.486118
0,0,-0.195095,0.971248,0.136436
0,0,-0.846412,-0.524211,0.0937529
0,0,-0.931128,-0.317626,0.179205
0,0,0.333194,-0.357451,0.872474
0,0,-0.0610165,0.990333,0.124567
0,0,-0.155499,-0.427453,0.890564
0,0,0.264054,-0.649522,0.713019
0,0,-0.998472,0.0163943,0.0527723
0,0,0.477277,-0.0286712,0.878285
0,0,-0.609665,-0.271223,0.744813
0,0,0.204726,-0.579744,0.78866
0,0,-0.628676,-0.552107,0.547671
0,0,-0.818871,-0.542978,0.186076
4.4959,6.07993,0.538472,-0.245637,0.806046
0,0,-0.109573,-0.442631,0.889984
0,0,-0.835997,0.332089,0.436836
0,0,0.709278,0.55755,0.43135
0,0,-0.786988,-0.596065,0.159239
0,0,-0.97438,0.192174,0.116849
0,0,-0.493031,-0.86404,0.101762
0,0,0.911906,-0.408257,0.0418825
0,0,0.65453,0.453718,0.604756
0,0,-0.940563,-0.0372894,0.337565
0,0,-0.198444,0.490344,0.848636
0,0,-0.421574,-0.873069,0.245002
0,0,0.724214,-0.128784,0.677443
0,0,-0.70569,-0.464567,0.534957
0,0,0.402371,0.399157,0.823876
0,0,-0.849753,0.352875,0.391661
0,0,0.280574,0.758958,0.587589
21.0872,28.9909,-0.181166,0.186583,0.965591
0,0,-0.163793,-0.803516,0.572305
0,0,-0.0625303,0.943322,0.325936
0,0,0.224444,0.932482,0.283024
0,0,0.772006,0.287892,0.566679
0,0,-0.540926,-0.837903,0.0729285
0,0,-0.558851,-0.00557843,0.829249
0,0,0.411994,0.340344,0.845238
0,0,-0.347465,-0.50216,0.791899
0,0,0.800553,0.41001,0.437044
0,0,0.172483,0.978836,0.110136
0,0,-0.258825,0.751445,0.60691
0,0,0.670934,-0.624898,0.399186
0,0,-0.775455,-0.176119,0.606343
0,0,0.0852868,-0.684343,0.724155
0,0,0.470267,0.395462,0.788961
0,0,0.047017,-0.951742,0.303277
0,0,-0.799426,-0.00865297,0.600702
0,0,0.421037,0.197626,0.885252
0,0,-0.556627,-0.0387215,0.82986
0,0,0.0426747,0.279742,0.959126
0,0,0.231466,-0.889895,0.393078
0,0,0.223032,0.917375,0.329666
0,0,0.30012,0.159073,0.940544
0,0,0.920534,0.273186,0.27926
0,0,0.43859,0.0568836,0.896885
0,0,-0.654681,-0.25327,0.712213
0,0,-0.894721,-0.0487181,0.443961
0,0,0.426284,0.750713,0.50469
0,0,0.248905,-0.59093,0.767365
0,0,0.428581,0.780776,0.45465
0,0,0.360487,0.467175,0.807339
0,0,0.472359,-0.123518,0.872709
0,0,-0.569337,0.788586,0.232354
0,0,-0.721012,-0.648265,0.244732
0,0,0.688351,-0.502174,0.523445
18.885,27.5525,0.77457,0.629921,0.056918
0,0,0.377034,0.480756,0.791656
0,0,0.232822,0.846232,0.479256
0,0,-0.29556,0.80498,0.514443
0,0,0.679898,-0.169601,0.713425
0,0,0.46943,-0.87982,0.0745158
0,0,0.35554,-0.596919,0.719221
0,0,-0.289294,-0.12069,0.949602
0,0,0.38248,0.787732,0.482895
0,0,-0.226349,0.957166,0.180554
0,0,0.309158,-0.246739,0.918445
0,0,0.936374,-0.0844351,0.340698
0,0,-0.748117,-0.136398,0.649398
0,0,0.39746,0.882685,0.250783
0,0,-0.422874,-0.81151,0.403274
0,0,0.358042,0.668679,0.65167
0,0,-0.530703,-0.781665,0.32765
0,0,0.767826,0.640043,0.0280567
0,0,0.657217,-0.753072,0.0307942
0,0,0.210383,-0.358524,0.909505
0,0,-0.936634,0.015774,0.349954
0,0,0.932692,-0.305233,0.19214
0,0,0.496204,-0.77312,0.395052
0,0,0.0515485,0.0338339,0.998097
0,0,-0.638488,-0.369968,0.674875
0,0,0.808952,-0.532528,0.249017
0,0,-0.132173,-0.0941555,0.986745
0,0,0.645548,-0.703596,0.297018
0,0,-0.224429,-0.963529,0.145753
0,0,0.241821,0.736389,0.631865
0,0,-0.543817,0.732907,0.408791
0,0,0.870299,-0.411273,0.270988
0,0,0.922445,-0.35673,0.147779
0,0,-0.732848,-0.432955,0.524866
0,0,0.969308,-0.0697882,0.235736
0,0,0.288906,0.324567,0.900661
0,0,0.951415,0.234258,0.199831
0,0,0.17136,0.920401,0.351422
0,0,0.889879,-0.133022,0.436372
0,0,0.811784,-0.288533,0.507696
0,0,0.201611,0.293572,0.934435
0,0,0.221277,-0.450945,0.864688
0,0,-0.833673,-0.41362,0.365935
0,0,0.285328,0.946575,0.150276
0,0,-0.99041,-0.0194847,0.136781
0,0,-0.975583,-0.147352,0.162867
0,0,-0.0932147,0.698192,0.709817
0,0,-0.409138,-0.37383,0.832381
0,0,-0.662271,0.660305,0.35411
0,0,0.0349802,0.99209,0.120555
0,0,-0.301892,0.518486,0.800021
0,0,-0.893854,-0.446794,0.0374138
0,0,-0.775777,-0.277828,0.566553
0,0,-0.849814,0.520443,0.0833939
0,0,0.24045,0.610119,0.754943
0,0,0.660219,-0.739602,0.130766
0,0,-0.455079,-0.574163,0.680617
0,0,-0.78228,0.227141,0.580039
0,0,0.82105,0.337381,0.46049
0,0,-0.172632,0.93701,0.30366
0,0,-0.15534,0.407357,0.899961
0,0,-0.435239,-0.371596,0.820051
0,0,-0.939691,-0.0253471,0.341084
0,0,0.220871,-0.909892,0.351157
0,0,0.718872,0.593261,0.362305
0,0,-0.481361,0.484052,0.730743
0,0,-0.0550559,0.222229,0.973439
0,0,-0.489336,-0.211203,0.846135
0,0,-0.983627,-0.17957,0.0152699
0,0,-0.896859,-0.178231,0.404817
0,0,-0.336428,-0.358227,0.870913
0,0,-0.47766,-0.475719,0.738601
0,0,-0.660079,-0.747229,0.0771035
0,0,0.437567,-0.175368,0.881919
0,0,0.615561,-0.391672,0.68387
0,0,-0.542596,0.825783,0.153858
0,0,0.548288,-0.719308,0.426587
0,0,0.121759,0.380047,0.916918
0,0,0.527993,0.25192,0.811024
0,0,-0.0862013,0.896949,0.43365
0,0,-0.746991,-0.507107,0.429939
0,0,-0.37238,-0.762741,0.528734
0,0,-0.477864,0.123218,0.869749
0,0,0.0546582,-0.99662,0.0613341
0,0,0.235145,-0.867617,0.438119
0,0,-0.0486189,0.998275,0.0329081
0,0,0.650107,0.512705,0.560798
0,0,0.465491,0.826895,0.315537
0,0,0.395592,-0.148244,0.906383
0,0,0.688346,0.468975,0.553391
0,0,-0.982183,-0.00459715,0.187873
0,0,0.71617,-0.256175,0.649211
0,0,-0.291951,0.552846,0.780465
0,0,0.481639,0.0401891,0.875448
0,0,0.161038,0.261516,0.95167
0,0,0.272071,-0.959522,0.0727674
0,0,-0.629032,-0.463549,0.624053
0,0,0.648674,0.744278,0.158973
22.2548,31.4628,-0.2891,-0.58374,0.758728
0,0,0.754112,-0.103922,0.648471
0,0,-0.396192,0.168072,0.902654
0,0,-0.976541,-0.0663367,0.204861
0,0,-0.94708,0.145986,0.285881
0,0,0.812882,-0.515038,0.271954
0,0,-0.180944,0.910355,0.372172
0,0,-0.615258,0.124071,0.778501
0,0,-0.359911,0.0936393,0.928276
0,0,0.593068,0.754918,0.279943
0,0,0.616595,0.28807,0.732684
0,0,-0.325276,-0.858073,0.397374
0,0,-0.802998,-0.595497,0.0240276
0,0,0.593262,0.768614,0.239318
0,0,-0.142994,0.945513,0.292502
0,0,0.693758,0.458104,0.555735
0,0,0.9594,-0.109223,0.260044
0,0,0.527817,0.603719,0.597438
0,0,-0.2509,-0.958905,0.132481
0,0,-0.0286207,-0.684794,0.728174
0,0,-0.144212,-0.985569,0.0886417
0,0,-0.607861,-0.605951,0.513156
0,0,0.817375,0.505905,0.275605
0,0,0.559024,-0.11222,0.821523
0,0,0.972473,-0.138828,0.187142
0,0,-0.233208,-0.908877,0.345769
0,0,-0.745475,-0.661202,0.0841314
0,0,-0.668256,0.688022,0.282949
0,0,-0.727609,0.26248,0.63379
0,0,-0.4667,-0.0925009,0.879565
0,0,0.912225,-0.409387,0.0157121
0,0,0.850177,0.444151,0.282718
0,0,0.479404,-0.507333,0.71609
0,0,0.426901,-0.894582,0.132206
0,0,-0.237323,-0.837925,0.491488
0,0,0.267482,-0.953016,0.142173
0,0,0.121381,-0.333653,0.934849
0,0,-0.829378,0.35805,0.428874
0,0,-0.471058,-0.504112,0.723861
0,0,-0.602066,0.564268,0.564906
0,0,-0.539287,-0.550713,0.63709
0,0,-0.771335,0.1692,0.613525
0,0,0.804998,-0.578974,0.129493
0,0,0.833667,0.14342,0.533319
0,0,0.120858,-0.719385,0.684016
0,0,0.280286,0.822893,0.494255
0,0,-0.324003,0.519544,0.79063
0,0,-0.152608,-0.921958,0.355956
0,0,0.633389,0.727809,0.262892
0,0,0.107202,0.928028,0.356752
21.1608,30.3953,0.536621,0.0917028,0.838826
0,0,-0.166615,-0.912372,0.37392
0,0,0.678017,-0.734348,0.0320328
0,0,0.590246,-0.752031,0.293359
0,0,0.641266,-0.767303,0.00495507
0,0,-0.764169,0.60569,0.221777
0,0,0.827644,-0.198003,0.525166
0,0,0.298463,0.61778,0.727508
0,0,-0.980129,-0.107576,0.166657
0,0,-0.733832,-0.376276,0.565604
0,0,-0.484009,0.344218,0.804518
0,0,-0.627756,-0.683833,0.37188
0,0,0.544671,0.376804,0.749234
0,0,-0.909324,-0.398834,0.118583
0,0,0.31167,0.823524,0.473994
0,0,-0.314239,-0.930412,0.188645
0,0,0.707471,0.65412,0.267603
0,0,0.0180473,-0.468182,0.883448
0,0,-0.197533,0.780732,0.592822
0,0,-0.671023,0.17369,0.720805
0,0,0.220563,0.852144,0.474555
0,0,0.302787,0.937768,0.170033
0,0,-0.497979,-0.12636,0.857934
0,0,-0.39952,-0.816645,0.416502
0,0,-0.170005,-0.874429,0.454392
0,0,-0.0798522,0.932707,0.351683
0,0,-0.23805,-0.543535,0.804924
0,0,0.980861,0.0489299,0.188463
0,0,-0.364939,-0.390132,0.84535
0,0,-0.0540233,0.993932,0.0958159
0,0,0.249944,0.908966,0.33363
0,0,-0.698719,-0.71428,0.039948
0,0,-0.241655,0.94442,0.222878
0,0,-0.14455,0.142594,0.979169
0,0,-0.427402,-0.903888,0.0177514
0,0,0.0353431,0.00565175,0.999359
3.13091,4.91398,0.557237,-0.339041,0.757983
0,0,0.14241,-0.887891,0.437457
0,0,-0.542074,0.393692,0.742403
0,0,-0.625823,0.129128,0.769202
0,0,-0.971012,0.238909,0.00759306
0,0,0.0818513,0.892435,0.44369
0,0,-0.411927,0.828601,0.379126
0,0,-0.82185,-0.322485,0.469645
0,0,-0.52221,-0.852757,0.0101168
0,0,-0.767835,-0.0685125,0.636974
15.965,24.6754,0.551917,0.51428,0.656432
0,0,0.139434,0.337351,0.930995
0,0,-0.669452,0.420107,0.612654
23.3291,34.7419,0.0967637,-0.154707,0.98321
0,0,0.930604,0.352998,0.0967868
0,0,-0.9519,-0.0354934,0.304347
0,0,0.599711,-0.633903,0.488379
0,0,0.496417,-0.549701,0.671862
0,0,-0.158405,0.764073,0.62538
6.94298,9.12161,0.341176,-0.7496,0.567186
0,0,0.310673,-0.0286658,0.950085
0,0,0.700553,0.285191,0.654134
0,0,0.740858,0.095614,0.664821
0,0,-0.112552,0.987794,0.107677
0,0,0.409281,0.362127,0.837468
0,0,-0.925956,0.377604,0.00454985
0,0,-0.728563,-0.518082,0.448093
0,0,0.731541,0.236523,0.639456
0,0,0.842064,-0.539202,0.0137789
13.7146,20.3372,-0.286213,0.647435,0.706336
0,0,0.729028,-0.565399,0.3858
0,0,0.341226,0.651482,0.677595
0,0,-0.154937,-0.716235,0.680442
16.4286,20.8506,-0.675961,0.503743,-0.537885
22.248,29.317,-0.374538,-0.846681,0.377959
0,0,0.442511,-0.192199,0.875924
0,0,-0.376687,-0.867726,0.324281
0,0,0.321146,0.610255,0.724192
0,0,0.00827848,-0.651032,0.759005
0,0,-0.267306,-0.283522,0.920958
0,0,0.860241,-0.0296875,0.509022
0,0,0.903916,0.182967,0.386598
0,0,-0.0947325,0.214331,0.972156
0,0,0.236091,-0.913136,0.332331
0,0,0.947652,0.299374,0.111047
0,0,0.279979,-0.169232,0.944972
0,0,-0.534901,-0.748481,0.39199
0,0,0.650868,0.644468,0.401287
0,0,-0.896679,0.409623,0.167857
0,0,-0.464846,-0.882853,0.0669974
0,0,0.69128,0.658629,0.297221
0,0,0.726679,0.622709,0.290122
0,0,-0.585574,-0.806769,0.0789082
0,0,-0.58419,-0.0318159,0.810993
0,0,-0.3373,-0.91751,0.210722
0,0,-0.692949,0.24438,0.678307
0,0,0.306283,0.951259,0.0360135
0,0,-0.324935,0.866382,0.37921
0,0,-0.10313,-0.413761,0.904525
0,0,-0.615302,0.495907,0.612764
0,0,-0.355057,-0.435785,0.827059
0,0,-0.752537,-0.0574472,0.65604
0,0,-0.993497,-0.0277276,0.110427
0,0,0.582355,-0.770927,0.257944
0,0,-0.473688,0.674106,0.566746
0,0,0.222422,-0.969692,0.10112
0,0,0.632104,0.468564,0.617165
0,0,-0.364039,-0.134524,0.921617
0,0,-0.0812544,-0.540147,0.837639
0,0,0.260414,-0.553094,0.791373
0,0,0.0885319,-0.391631,0.915853
0,0,0.340712,0.540888,0.768997
0,0,-0.362716,-0.923032,0.128257
0,0,-0.752596,0.139558,0.643524
0,0,-0.614712,0.73811,0.27807
0,0,-0.824159,0.16545,0.541652
0,0,-0.337251,0.890209,0.306251
0,0,0.0148665,0.478508,0.877957
0,0,0.987819,-0.155407,0.00794696
0,0,-0.551226,0.811841,0.192519
0,0,-0.807777,-0.483919,0.336629
0,0,0.690312,-0.598984,0.405817
0,0,-0.807252,0.00684708,0.590167
0,0,-0.310231,0.559451,0.768616
0,0,-0.895678,0.344027,0.28179
0,0,-0.294954,0.230445,0.927307
0,0,-0.0843973,-0.994997,0.0534665
0,0,-0.328113,-0.907433,0.262501
0,0,0.209584,0.894551,0.394782
0,0,0.39897,-0.213584,0.891743
0,0,-0.083133,-0.834998,0.543937
0,0,-0.66951,0.302387,0.678468
0,0,0.816776,0.25979,0.515156
0,0,-0.885259,-0.112527,0.451281
0,0,0.494748,-0.417853,0.761986
0,0,0.563884,0.291197,0.772812
0,0,0.976374,-0.116985,0.181681
0,0,0.68063,0.705684,0.196858
0,0,0.584895,-0.165746,0.793994
0,0,-0.919137,-0.383031,0.0920598
0,0,-0.158428,0.981954,0.103278
0,0,0.329459,0.027399,0.943772
0,0,0.1542,0.950174,0.270908
0,0,0.564718,-0.775622,0.281964
0,0,0.803658,-0.205885,0.558341
0,0,-0.0471809,-0.876023,0.479956
0,0,0.417792,0.0481333,0.907267
0,0,-0.0741747,-0.980155,0.183833
0,0,0.515465,-0.258903,0.816863
0,0,0.488851,-0.31501,0.813507
0,0,0.935007,0.206205,0.288516
0,0,-0.63772,-0.421318,0.644828
0,0,0.283252,0.299203,0.911178
0,0,0.808117,-0.548056,0.21583
0,0,0.10038,0.682948,0.723537
0,0,-0.9071,-0.407315,0.106128
0,0,0.460788,-0.0448662,0.886375
0,0,-0.370394,-0.209645,0.904907
0,0,0.448651,-0.197437,0.871625
0,0,-0.770561,0.637058,0.0198255
0,0,-0.690641,-0.41599,0.59158
0,0,0.441445,-0.575893,0.688094
0,0,0.634149,-0.0975789,0.767029
0,0,-0.376591,0.673128,0.636458
0,0,-0.701947,0.243554,0.669293
0,0,0.585386,-0.0881629,0.805947
0,0,-0.169759,0.745774,0.644207
0,0,0.140649,-0.951748,0.272754
0,0,0.91518,-0.329848,0.231616
0,0,0.615874,-0.667646,0.418268
0,0,0.510093,0.445861,0.735536
23.2649,33.5386,-0.54274,0.663215,0.515345
0,0,0.86881,0.122307,0.479802
0,0,0.909951,-0.306834,0.279002
0,0,0.666004,0.121483,0.735989
0,0,-0.671704,0.375642,0.638519
0,0,-0.239127,0.881322,0.407541
0,0,0.597043,0.775418,0.205586
0,0,-0.349116,0.0798974,0.933667
0,0,-0.106076,0.932637,0.344872
0,0,-0.7124,0.538975,0.449436
0,0,-0.423591,-0.0269168,0.905453
0,0,-0.011012,-0.985176,0.171194
0,0,-0.944279,-0.269783,0.18856
0,0,0.153407,0.536739,0.829686
0,0,-0.827001,0.50873,0.239299
0,0,-0.410999,0.325219,0.851652
0,0,0.765004,-0.628325,0.141338
0,0,-0.198351,-0.936064,0.290588
0,0,0.448341,0.390849,0.803883
0,0,0.438011,-0.71167,0.549247
0,0,-0.0259552,0.857709,0.51348
0,0,0.774576,-0.375042,0.509289
0,0,0.786891,-0.118153,0.605675
0,0,-0.294575,-0.421792,0.857506
0,0,0.682607,-0.619282,0.387992
0,0,0.215947,-0.442388,0.870437
0,0,0.923413,-0.38374,0.00718187
0,0,0.754467,-0.44272,0.484539
0,0,-0.519091,-0.825258,0.22247
24.1617,33.7454,0.879745,-0.451815,0.148026
0,0,-0.817827,0.408562,0.405262
0,0,-0.526043,0.829464,0.187798
0,0,-0.929596,-0.295552,0.22023
0,0,-0.788073,0.0824527,0.610035
0,0,-0.27125,0.39817,0.87629
0,0,-0.0888068,0.547416,0.832135
0,0,0.254101,0.339992,0.905449
0,0,0.496389,0.301262,0.814149
0,0,0.627833,-0.333484,0.703288
0,0,0.482192,-0.768533,0.420533
0,0,0.330873,-0.933617,0.13741
0,0,-0.0910791,-0.971106,0.220584
23.801,33.1705,-0.744891,0.610704,-0.268661
0,0,-0.609581,0.364333,0.70404
0,0,0.98324,-0.175307,0.0500574
0,0,0.746435,0.216864,0.62913
0,0,-0.820546,-0.166655,0.546746
0,0,0.0817022,0.905547,0.416305
0,0,0.948519,-0.307364,0.0764174
0,0,0.838103,0.152163,0.523861
0,0,-0.761859,-0.586262,0.275442
0,0,0.0971594,0.985484,0.139217
0,0,0.113022,0.687968,0.716886
0,0,0.136863,-0.954902,0.263496
0,0,0.529888,0.0981886,0.842364
0,0,-0.0483387,-0.973414,0.223893
0,0,-0.591913,-0.644987,0.483353
0,0,0.455157,-0.450178,0.768227
0,0,-0.286185,-0.068831,0.955699
0,0,0.835359,0.156431,0.526978
0,0,-0.0733321,-0.0881726,0.993402
0,0,-0.887909,-0.124979,0.442716
0,0,0.253124,-0.273754,0.927894
0,0,0.266345,0.711647,0.650091
0,0,0.269437,0.655298,0.705683
0,0,0.112229,-0.112537,0.987289
0,0,0.684928,0.70155,0.196725
0,0,0.140383,-0.933554,0.329803
0,0,-0.765926,0.625012,0.150725
0,0,0.436019,-0.458584,0.774331
0,0,0.356483,-0.617878,0.700819
0,0,-0.725253,-0.0800409,0.683814
0,0,-0.466435,-0.0470819,0.883302
0,0,-0.315337,-0.86732,0.385121
0,0,-0.891921,0.233228,0.387404
0,0,-0.958721,-0.24751,0.139977
0,0,-0.420023,-0.625967,0.657073
0,0,0.312609,-0.452321,0.835273
0,0,0.93508,0.353937,0.0188192
0,0,0.968617,0.163163,0.187507
6.97322,10.2609,0.130461,-0.132563,0.982551
0,0,0.591292,-0.674915,0.441433
0,0,0.703683,0.676299,0.217828
0,0,-0.738363,0.568276,0.363157
0,0,0.726651,-0.631656,0.270167
0,0,-0.339543,0.315397,0.886135
0,0,-0.332429,-0.526681,0.782367
0,0,-0.916256,-0.245965,0.316189
0,0,0.637649,0.74836,0.182652
0,0,0.78716,0.338751,0.51539
0,0,-0.735899,0.535415,0.414468
0,0,-0.364668,0.871315,0.328372
0,0,0.980924,0.193962,0.0129091
0,0,0.577969,-0.69283,0.431206
0,0,0.618057,0.593797,0.51518
0,0,0.19908,0.940693,0.274708
0,0,-0.408966,0.856313,0.315396
0,0,0.495878,-0.471396,0.729309
0,0,-0.380925,-0.923506,0.0450907
0,0,-0.333989,-0.942138,0.0287731
0,0,-0.423178,0.765659,0.484445
0,0,-0.152339,-0.963122,0.221786
0,0,0.608986,0.197998,0.768071
0,0,0.67967,0.718326,0.148511
0,0,-0.621955,0.44248,0.646052
0,0,-0.969854,-0.199274,0.140264
0,0,-0.459536,0.458224,0.760827
0,0,0.406509,0.866294,0.29032
0,0,0.628011,-0.778198,0.00325985
0,0,0.298922,-0.782142,0.546717
0,0,0.110524,0.880876,0.460264
0,0,0.545343,-0.327054,0.771775
0,0,0.794443,0.0266592,0.606753
0,0,0.298591,-0.770604,0.563038
0,0,0.300743,0.579908,0.75714
0,0,-0.235304,-0.944754,0.228191
0,0,0.951822,0.149476,0.267755
0,0,-0.86222,0.102393,0.496077
16.4011,22.8256,0.206839,-0.846003,0.491423
0,0,0.421331,0.904637,0.0641299
0,0,-0.662648,-0.743471,0.0902672
0,0,0.820845,-0.0588339,0.568113
0,0,0.761927,0.53339,0.367372
0,0,-0.909625,-0.406087,0.0876081
0,0,-0.114309,0.724719,0.679497
0,0,0.833036,0.290756,0.470651
0,0,0.504505,-0.830346,0.236644
0,0,0.858655,0.232485,0.456795
0,0,0.639438,-0.301876,0.7071
0,0,0.0439159,-0.572023,0.819061
0,0,0.148086,0.614322,0.775035
0,0,-0.659441,0.564949,0.495954
0,0,0.700701,-0.707898,0.0888721
0,0,-0.466271,0.861076,0.202829
0,0,-0.447221,-0.72311,0.526408
0,0,0.287223,0.930461,0.227476
0,0,-0.00604961,-0.209346,0.977823
0,0,0.730657,0.669871,0.131962
0,0,0.934155,0.200952,0.294911
0,0,0.899476,-0.433083,0.0581513
0,0,0.730357,0.672477,0.119807
0,0,0.416987,-0.83072,0.368817
0,0,0.542982,-0.739465,0.397947
0,0,-0.650691,0.0603942,0.756937
0,0,-0.532021,0.814813,0.230289
0,0,0.488425,0.195395,0.850448
0,0,0.0764474,0.340623,0.937087
0,0,0.707392,-0.689649,0.154854
0,0,-0.441211,0.272228,0.855117
0,0,0.667004,0.155321,0.728685
0,0,0.127601,-0.225307,0.965896
0,0,0.122514,-0.452699,0.883206
0,0,0.334222,-0.682859,0.649615
0,0,0.21919,0.619678,0.753628
0,0,0.566293,0.745868,0.350705
0,0,-0.362661,-0.874931,0.320893
0,0,0.583914,-0.575284,0.572794
0,0,0.476864,-0.574812,0.664975
0,0,-0.670567,-0.0603925,0.739386
0,0,-0.348626,-0.912755,0.212929
0,0,-0.955909,0.116399,0.269608
0,0,-0.826215,-0.364167,0.429827
0,0,-0.476331,-0.155276,0.865447
0,0,-0.601299,-0.798636,0.0248873
0,0,-0.0773208,-0.603585,0.793541
0,0,-0.655868,-0.174263,0.734486
0,0,0.498718,0.792983,0.349941
0,0,0.392812,0.524316,0.755507
0,0,-0.026278,0.314952,0.948744
0,0,0.871237,0.298066,0.390004
0,0,0.766035,-0.356233,0.53506
0,0,-0.979916,-0.19763,0.0265738
0,0,-0.228266,-0.620745,0.750046
0,0,-0.612217,-0.673088,0.414902
10.0569,15.6635,-0.00581186,-0.794863,0.606761
0,0,-0.342384,-0.935399,0.0883276
0,0,-0.198327,-0.525344,0.827454
0,0,0.39065,0.610801,0.688705
0,0,0.0187945,-0.959151,0.282269
0,0,-0.197344,-0.824739,0.529964
0,0,-0.554626,0.689783,0.465392
0,0,-0.955412,-0.0556258,0.28999
0,0,-0.883913,0.459798,0.0853456
0,0,0.612119,-0.681871,0.400454
0,0,0.201481,0.859917,0.468986
0,0,-0.354574,-0.565105,0.744939
0,0,-0.0107483,-0.856974,0.515247
0,0,0.593064,-0.801494,0.0766975
0,0,0.539556,-0.724157,0.429506
0,0,0.222271,0.677932,0.700717
0,0,-0.39543,0.633697,0.664879
0,0,0.173643,0.918214,0.355994
0,0,0.373016,-0.910651,0.177692
0,0,-0.911055,0.195292,0.363097
0,0,-0.963551,0.148453,0.222556
0,0,0.549305,0.601512,0.580041
0,0,0.538754,-0.433027,0.722656
0,0,-0.749091,0.242425,0.616517
0,0,-0.746629,-0.0409,0.663983
0,0,0.0302144,0.758402,0.651086
0,0,-0.981154,0.0648343,0.182023
0,0,0.550897,0.571428,0.608262
0,0,0.124443,0.962151,0.242445
0,0,-0.766587,0.559514,0.315101
7.00938,10.1516,0.230901,-0.97171,0.0496476
0,0,-0.29981,-0.389892,0.870688
0,0,0.980504,0.0690124,0.183983
0,0,0.920616,-0.38982,0.0225238
0,0,-0.54551,0.550003,0.632388
0,0,-0.6699,0.389433,0.63212
0,0,0.249863,-0.867396,0.43034
0,0,-0.375768,0.719387,0.584193
0,0,0.00935962,-0.538822,0.842367
0,0,-0.882049,0.46302,0.0871886
0,0,-0.947181,-0.112574,0.300293
0,0,0.929145,0.365676,0.0544977
0,0,-0.968945,0.165619,0.183621
0,0,0.258648,-0.821931,0.507475
0,0,0.275897,-0.221933,0.935215
0,0,-0.22935,0.972904,0.0292749
0,0,0.859633,-0.496292,0.121348
0,0,0.675588,-0.393085,0.623751
0,0,-0.229058,0.322138,0.918564
0,0,-0.313492,-0.79236,0.523343
0,0,0.498336,0.103996,0.860724
0,0,0.67917,-0.355805,0.641974
0,0,-0.892653,-0.0797728,0.443628
0,0,-0.0507515,-0.163754,0.985195
0,0,-0.557259,0.768845,0.313592
0,0,0.547071,-0.807674,0.219946
0,0,0.78073,-0.229583,0.581165
0,0,-0.760209,-0.209934,0.614825
0,0,-0.486298,0.542836,0.684721
0,0,-0.276709,0.866356,0.415763
0,0,0.497416,0.350921,0.793367
0,0,0.0481005,-0.923354,0.380924
0,0,0.934238,-0.136375,0.329546
0,0,-0.141384,0.989011,0.0432175
0,0,0.955655,0.29389,0.0187786
0,0,0.271206,-0.960969,0.0546366
0,0,0.574951,0.382176,0.723445
0,0,-0.46218,-0.0597079,0.884774
0,0,-0.0898606,0.890198,0.446623
0,0,-0.718627,0.0759979,0.69123
0,0,-0.308018,-0.884815,0.34961
0,0,-0.764271,-0.0495202,0.642991
0,0,-0.735526,0.481794,0.476314
0,0,-0.688766,0.223593,0.689643
0,0,0.552278,0.583357,0.595553
0,0,0.428855,-0.674618,0.600811
0,0,0.926159,0.375336,0.0367726
0,0,-0.655169,0.751197,0.0803553
0,0,0.383477,0.922544,0.0431111
0,0,-0.534258,-0.13117,0.835083
0,0,0.268161,0.82484,0.497723
0,0,0.860709,0.464226,0.208982
0,0,0.00761232,0.919319,0.393439
0,0,-0.918186,-0.365942,0.151727
0,0,0.713199,-0.469859,0.520173
0,0,0.195082,-0.896113,0.398654
0,0,-0.641988,-0.622697,0.447325
0,0,-0.106703,-0.679648,0.725736
0,0,-0.258804,-0.181345,0.948754
0,0,-0.360657,0.497539,0.788911
0,0,-0.173403,0.878746,0.444677
0,0,0.303309,-0.387122,0.870712
0,0,0.552957,0.833119,0.012312
0,0,-0.491656,0.471311,0.732216
0,0,0.409922,0.896424,0.16849
0,0,-0.572449,-0.409132,0.710572
0,0,-0.242926,0.914301,0.3241
0,0,0.546298,-0.808888,0.217393
0,0,-0.0969441,-0.979468,0.176763
0,0,-0.104387,-0.944094,0.312712
0,0,0.548571,0.810228,0.2064
0,0,0.870884,-0.490956,0.0228526
0,0,-0.0235445,-0.829529,0.557968
0,0,0.599557,-0.0957693,0.794581
0,0,0.259509,-0.314758,0.913007
14.6838,22.4219,0.0587429,0.305373,0.950419
0,0,-0.713976,0.243308,0.656536
0,0,-0.674381,-0.656499,0.337963
0,0,-0.826752,0.066062,0.558675
0,0,0.415132,-0.578949,0.701772
0,0,-0.336392,-0.941359,0.0261353
0,0,-0.354127,-0.659818,0.662748
0,0,0.246023,-0.68385,0.686892
0,0,0.884806,0.270462,0.379431
0,0,0.565349,-0.81311,0.13868
0,0,-0.389432,0.191864,0.90085
0,0,0.456767,0.122067,0.881172
0,0,0.00965095,0.987386,0.158038
0,0,-0.721802,-0.557471,0.410156
0,0,-0.179021,0.919845,0.349052
0,0,-0.700225,0.588999,0.403441
0,0,-0.212952,-0.710626,0.670568
0,0,-0.262853,-0.60745,0.749608
0,0,-0.249702,0.523411,0.814672
0,0,-0.813427,0.057367,0.578832
0,0,-0.138414,0.684306,0.715938
0,0,0.770415,-0.287167,0.569206
0,0,0.626849,0.773717,0.0917776
0,0,0.149897,0.808083,0.569677
0,0,-0.176904,-0.937128,0.300826
0,0,-0.867041,-0.363048,0.341228
0,0,0.1486,-0.495076,0.856047
0,0,-0.87414,0.0930647,0.476674
0,0,-0.882013,0.115628,0.456819
0,0,-0.733686,-0.676048,0.068295
0,0,-0.790422,0.519805,0.324091
0,0,-0.856989,-0.0744184,0.509932
0,0,0.637954,-0.694124,0.333475
0,0,0.4975,0.185583,0.84738
0,0,0.181412,0.665582,0.723941
0,0,0.18933,-0.962018,0.196662
0,0,-0.120733,-0.87883,0.461607
0,0,-0.887727,0.307094,0.342979
0,0,-0.531491,0.827919,0.179076
0,0,0.284073,0.561606,0.77711
0,0,0.300334,0.937494,0.175797
0,0,-0.795543,0.102936,0.59709
0,0,-0.891368,0.0670174,0.448298
0,0,-0.370507,0.901663,0.223
0,0,0.495044,0.838611,0.227294
0,0,-0.7408,0.671654,0.00980461
0,0,-0.665746,0.562359,0.490443
0,0,-0.747297,-0.0246839,0.664031
0,0,-0.839395,0.543518,0.00183114
0,0,0.137543,0.00411997,0.990487
0,0,0.70379,0.679275,0.208002
0,0,-0.435732,0.797544,0.417206
0,0,0.997388,-0.0636643,0.0341164
0,0,-0.0034171,0.997771,0.0666371
16.5401,24.3436,-0.252587,0.00521005,0.96756
0,0,0.562575,0.191496,0.804263
0,0,-0.094283,0.995387,0.0177371
0,0,0.679303,0.604669,0.41584
0,0,-0.819491,0.539241,0.194049
0,0,-0.677236,-0.662796,0.319458
0,0,0.0212476,-0.538264,0.842509
0,0,0.187244,0.333826,0.923851
0,0,-0.548983,0.469921,0.691225
0,0,-0.56039,0.52207,0.642966
0,0,-0.274153,0.82057,0.501503
0,0,-0.186711,-0.7464,0.638769
0,0,-0.392849,-0.0261374,0.919232
0,0,0.611058,0.384992,0.691657
0,0,0.0904798,-0.783201,0.61515
0,0,-0.207152,0.836079,0.507996
0,0,-0.512311,-0.858715,0.0120772
0,0,-0.139803,-0.48286,0.864466
0,0,-0.181547,-0.959372,0.215977
0,0,-0.472431,0.577635,0.665693
17.5907,26.5938,0.102747,0.0451334,0.993683
0,0,-0.51726,-0.742245,0.426044
0,0,-0.577748,-0.0297253,0.815674
0,0,-0.732983,0.332508,0.593443
0,0,0.781349,-0.0374689,0.622969
0,0,0.460017,-0.884118,0.0819775
0,0,0.327385,0.677907,0.658226
0,0,0.437498,-0.126017,0.890345
23.163,34.0514,-0.929986,-0.361176,-0.0683914
0,0,-0.599944,0.744269,0.293481
0,0,-0.412258,-0.766142,0.493021
0,0,0.544505,-0.747275,0.380912
0,0,-0.96881,-0.177568,0.172848
0,0,-0.91898,-0.189263,0.345913
0,0,-0.288688,-0.665544,0.688267
0,0,0.950183,0.303964,0.0689848
0,0,0.237268,0.25014,0.938687
0,0,-0.938413,0.29474,0.180302
0,0,-0.416808,-0.278534,0.865269
0,0,0.777163,-0.236863,0.583021
0,0,-0.622302,0.0843527,0.778219
0,0,-0.0857201,-0.952364,0.292669
0,0,0.739996,-0.430053,0.517166
0,0,0.460874,0.111722,0.880405
0,0,-0.267446,-0.960659,0.0748748
0,0,-0.680273,0.186506,0.708833
0,0,-0.606779,-0.511394,0.608519
0,0,0.665126,0.255323,0.701724
0,0,-0.0560398,-0.96743,0.246859
0,0,0.146317,-0.895442,0.420446
0,0,0.946271,0.322329,0.0259758
0,0,0.634376,-0.344425,0.692054
0,0,0.935164,-0.0968761,0.340711
0,0,0.643098,-0.334892,0.688674
0,0,0.827388,-0.222456,0.515695
0,0,0.575861,0.790126,0.209966
0,0,-0.822472,0.0525009,0.566377
0,0,0.322201,0.235053,0.917026
0,0,0.542374,-0.723477,0.427096
0,0,0.503221,-0.81395,0.290266
0,0,-0.472261,0.709139,0.523538
0,0,-0.564084,0.283521,0.775516
0,0,0.480546,-0.0677729,0.874347
0,0,-0.00137153,0.577879,0.816121
0,0,-0.217667,0.863498,0.454963
0,0,0.592928,-0.208552,0.77778
0,0,0.232924,0.874874,0.424666
0,0,-0.535268,-0.141459,0.832753
0,0,0.0363078,0.705339,0.70794
0,0,-0.494875,0.674317,0.548084
0,0,0.456327,-0.0969486,0.884515
0,0,0.398214,0.776559,0.488244
0,0,-0.185854,-0.0524364,0.981177
0,0,-0.866073,-0.0683836,0.495219
0,0,-0.446041,-0.883216,0.144833
0,0,-0.843932,0.53059,0.0790692
0,0,0.787189,0.302437,0.537462
0,0,-0.187287,-0.855048,0.483546
0,0,0.988079,-0.112234,0.10537
0,0,0.344755,-0.650876,0.676391
12.5443,19.2493,0.135424,0.304116,0.94296
18.004,27.1712,-0.336385,-0.139433,0.931345
0,0,0.647121,0.189791,0.738386
0,0,0.959149,0.158624,0.234248
0,0,-0.847696,-0.358317,0.391179
0,0,-0.413048,0.74991,0.516746
0,0,0.58906,-0.79893,0.121319
0,0,-0.40076,-0.842774,0.359336
0,0,0.840591,-0.533762,0.0922184
0,0,0.126029,0.309575,0.942486
0,0,-0.98099,-0.018745,0.193152
0,0,-0.180657,-0.518389,0.835845
0,0,0.535358,-0.526524,0.660427
0,0,-0.0666086,0.608498,0.790755
0,0,-0.423273,0.886683,0.186101
0,0,0.213231,-0.179092,0.960447
0,0,0.772896,0.583402,0.249546
0,0,0.0200079,-0.966511,0.255845
0,0,0.278597,0.934397,0.222006
0,0,0.544689,0.560151,0.624135
0,0,0.630067,0.775158,0.0463149
0,0,-0.568869,-0.357531,0.740648
0,0,0.217869,-0.949123,0.227374
0,0,-0.78148,0.0966134,0.616404
22.9366,34.7479,-0.301474,-0.83861,0.453704
0,0,-0.371879,-0.928265,0.00547532
0,0,0.695986,-0.217707,0.684256
0,0,-0.316705,-0.75111,0.57925
0,0,0.192015,0.602965,0.774315
0,0,-0.738316,0.512786,0.43811
0,0,-0.834866,0.155511,0.528029
0,0,-0.88981,-0.361784,0.278118
0,0,-0.846909,-0.105411,0.521185
0,0,0.351023,-0.672644,0.651409
0,0,0.25044,-0.913501,0.320619
0,0,0.328241,0.921143,0.209171
0,0,0.743734,-0.466175,0.479104
0,0,-0.310632,0.827813,0.467155
0,0,-0.849418,-0.0221474,0.527256
0,0,0.0235244,-0.556279,0.830662
0,0,-0.935668,0.140924,0.323521
0,0,0.297762,-0.626546,0.720262
0,0,0.633793,0.0115243,0.773417
0,0,0.488592,-0.519971,0.700648
0,0,-0.746394,-0.342534,0.570584
0,0,-0.911864,-0.321642,0.255048
0,0,-0.964978,0.190926,0.179903
0,0,-0.538936,0.839195,0.0727959
0,0,0.776829,0.0636877,0.626482
0,0,-0.168178,0.936558,0.30753
0,0,0.741148,0.625514,0.243785
0,0,-0.124809,0.930577,0.344165
0,0,-0.816831,-0.447957,0.363485
0,0,0.731543,0.25688,0.631552
0,0,-0.0754931,-0.59698,0.798696
0,0,-0.293065,0.50767,0.810175
0,0,-0.249988,-0.630389,0.734926
0,0,-0.964934,0.191129,0.179922
0,0,0.0225981,-0.211913,0.977027
0,0,0.838771,-0.453198,0.301784
0,0,-0.726083,0.687519,0.0109525
0,0,-0.763508,0.109936,0.636372
0,0,0.174278,0.526131,0.832354
0,0,-0.274565,0.75723,0.592635
0,0,0.773582,-0.554536,0.306693
0,0,-0.0935428,0.964193,0.248158
0,0,-0.804288,0.000793486,0.594239
0,0,0.594834,0.677395,0.432792
0,0,0.495642,0.801089,0.335552
0,0,-0.546542,0.260138,0.796002
0,0,0.50547,0.759131,0.410146
0,0,0.579502,0.0310089,0.814381
0,0,0.316728,-0.90727,0.276666
0,0,-0.533609,-0.704954,0.467226
0,0,-0.654344,-0.356879,0.666687
0,0,0.315586,-0.492462,0.811102
0,0,-0.647363,0.746998,0.151378
0,0,0.307167,0.778733,0.547013
0,0,-0.758795,0.627872,0.173224
0,0,0.047706,-0.86251,0.503787
0,0,0.612391,-0.696889,0.373261
0,0,-0.225137,0.0723185,0.97164
0,0,-0.834015,0.0450128,0.549903
0,0,0.758403,-0.285443,0.585959
0,0,0.859024,0.19924,0.471572
0,0,-0.634365,0.772438,0.0303543
0,0,-0.489505,-0.824986,0.28246
0,0,-0.66506,0.491681,0.56209
0,0,0.80657,0.527283,0.26724
0,0,0.949636,0.308767,0.053429
0,0,-0.428126,0.902909,0.038263
0,0,0.111034,-0.88247,0.457076
0,0,0.962938,-0.198604,0.182503
0,0,-0.896015,-0.330094,0.296976
0,0,-0.991941,-0.0435098,0.118995
0,0,-0.880605,0.0326898,0.472721
0,0,-0.827215,-0.295535,0.477885
0,0,-0.178339,0.788875,0.588109
0,0,0.013767,0.978457,0.20599
0,0,0.222836,0.257872,0.940131
0,0,0.500493,0.443319,0.743623
0,0,0.376006,0.294715,0.8785
0,0,-0.337492,-0.734282,0.589007
0,0,-0.830188,0.302762,0.468107
0,0,0.152505,0.446199,0.881844
0,0,-0.302072,0.280032,0.911227
0,0,-0.858154,0.0928243,0.504931
0,0,-0.479638,0.275813,0.832991
0,0,-0.0306995,-0.934559,0.354481
7.90754,11.9674,0.457398,0.084116,0.885275
0,0,0.0970467,-0.909305,0.404657
0,0,-0.146849,-0.257045,0.955177
0,0,-0.509749,-0.84179,0.177611
0,0,0.636015,-0.38662,0.66784
0,0,0.614789,0.788691,0.000225993
0,0,0.977875,0.205665,0.0382444
0,0,0.859648,0.503496,0.0865837
0,0,0.00188477,0.752384,0.658722
0,0,-0.330248,-0.916955,0.223895
0,0,-0.0557393,-0.918318,0.3919
0,0,-0.157697,-0.882001,0.444078
0,0,-0.634146,0.464404,0.618214
0,0,-0.731204,0.0142368,0.68201
0,0,-0.301966,0.257855,0.917784
0,0,0.00899401,0.75982,0.650071
0,0,-0.341108,-0.789521,0.510199
0,0,0.433791,-0.848092,0.304245
0,0,0.91088,0.405982,0.0739966
0,0,0.429273,-0.859905,0.276202
0,0,0.615706,0.631893,0.470762
0,0,-0.880381,0.406675,0.244017
0,0,-0.23152,0.961638,0.147141
0,0,0.545852,0.44946,0.707129
0,0,0.222029,0.956159,0.190953
0,0,0.925494,-0.372044,0.0710301
0,0,0.621568,0.762795,0.178316
0,0,-0.364231,0.69011,0.625367
18.4375,24.4727,0.440941,0.0205594,0.897301
0,0,0.450578,0.00534119,0.892721
0,0,-0.323242,-0.452897,0.830902
0,0,0.448996,-0.522098,0.725132
0,0,-0.363365,-0.931555,0.0130932
0,0,0.774264,0.557187,0.300096
0,0,-0.47259,0.706537,0.526749
0,0,0.119057,0.397055,0.91004
0,0,-0.880322,-0.127075,0.45704
0,0,-0.790559,0.612254,0.0126969
0,0,0.0131477,0.372928,0.927767
0,0,0.846416,0.159664,0.508024
0,0,-0.548297,0.580121,0.602354
0,0,-0.210458,-0.210444,0.954684
0,0,-0.983341,-0.113131,0.142271
0,0,0.605152,-0.0550268,0.794206
0,0,0.546566,0.758109,0.355719
0,0,0.298648,-0.714719,0.632444
0,0,0.915814,-0.398646,0.0486384
0,0,-0.326619,-0.798321,0.505968
0,0,-0.0381016,0.880276,0.47293
0,0,0.810536,-0.564218,0.157127
0,0,-0.9951,-0.0121334,0.0981262
0,0,-0.110851,-0.337444,0.934796
0,0,-0.646745,-0.507308,0.569525
0,0,-0.0537479,-0.452782,0.89
0,0,0.12078,-0.863204,0.490195
0,0,-0.76656,0.139652,0.626803
0,0,-0.24449,0.615558,0.749208
0,0,-0.0810842,0.608858,0.789125
0,0,0.974588,0.212386,0.0712071
0,0,-0.192335,-0.149824,0.969825
0,0,-0.898345,-0.16381,0.407606
0,0,0.459115,0.530324,0.71272
0,0,0.586307,0.39462,0.707474
0,0,-0.954926,0.168038,0.244703
0,0,-0.799616,0.212698,0.561582
0,0,-0.610952,-0.763867,0.207951
0,0,0.887076,0.307388,0.344397
0,0,-0.805604,-0.316623,0.500752
0,0,-0.343869,-0.84227,0.415133
0,0,0.374088,-0.586399,0.718467
0,0,-0.840633,0.142314,0.522574
0,0,-0.635456,0.760297,0.134702
0,0,-0.0517381,0.822016,0.567109
0,0,-0.695791,-0.282213,0.660478
0,0,0.0407339,0.948278,0.314816
0,0,0.610395,0.0209313,0.79182
0,0,-0.662062,0.636263,0.396035
0,0,0.365287,0.702881,0.610347
0,0,0.602093,0.422249,0.677636
22.359,32.292,-0.104045,0.865419,-0.490128
0,0,-0.786746,-0.500387,0.361447
0,0,0.470232,-0.882221,0.0238283
0,0,-0.568671,0.708924,0.417181
0,0,0.884528,0.385673,0.262425
0,0,0.292455,0.950602,0.104051
0,0,0.593414,-0.484834,0.642492
0,0,-0.763894,-0.574963,0.293058
0,0,0.846793,-0.00479967,0.531901
0,0,0.822073,-0.439787,0.36164
0,0,0.717518,0.345405,0.604867
0,0,0.287057,0.670974,0.683661
0,0,-0.699394,-0.479489,0.530037
0,0,0.942349,0.23015,0.242918
0,0,0.878213,0.447471,0.168853
0,0,-0.0537795,-0.471499,0.880225
0,0,-0.0874721,0.987608,0.130306
0,0,-0.954881,-0.290949,0.0595871
0,0,0.167686,0.606238,0.777404
0,0,0.803135,-0.492696,0.334998
0,0,0.943054,-0.0453315,0.329536
0,0,0.787323,-0.186248,0.587736
0,0,0.124583,0.881287,0.455863
0,0,-0.645678,-0.332867,0.68724
0,0,-0.677121,0.538056,0.501999
0,0,0.617044,-0.240972,0.749125
0,0,0.64039,0.39314,0.659804
0,0,0.512286,-0.247684,0.822323
14.7785,21.8923,0.476592,0.100771,0.87333
0,0,-0.184261,0.967568,0.1728
0,0,-0.947176,-0.313754,0.0664559
0,0,0.349744,-0.66732,0.657543
0,0,0.367568,-0.920182,0.134756
0,0,0.17048,-0.583869,0.793747
0,0,0.406308,0.265839,0.87421
0,0,-0.76438,0.269636,0.585679
0,0,-0.600526,0.536968,0.592481
0,0,0.285328,-0.870619,0.400761
0,0,-0.462336,-0.56749,0.681323
0,0,-0.503439,-0.631831,0.589355
0,0,-0.726842,0.602964,0.328838
0,0,0.240289,-0.77883,0.579383
0,0,0.253671,0.893446,0.370682
0,0,0.950091,0.121414,0.287376
0,0,0.902614,0.427082,0.0537459
0,0,0.234021,0.695916,0.678922
0,0,0.698607,-0.715152,0.0224991
0,0,0.959548,0.201843,0.196284
0,0,0.693199,0.607614,0.38766
0,0,-0.696337,-0.65676,0.28945
0,0,-0.160956,-0.563261,0.810451
0,0,0.147125,-0.633159,0.75991
0,0,-0.964157,-0.12403,0.23456
0,0,0.880825,-0.118036,0.458492
0,0,-0.143577,-0.855169,0.498067
0,0,-0.862177,-0.0460154,0.504513
0,0,-0.68763,-0.677882,0.260077
0,0,-0.99564,0.0599736,0.0714396
0,0,-0.867369,-0.446317,0.220162
0,0,0.872532,-0.211352,0.440476
0,0,-0.485325,0.815617,0.315004
0,0,0.884978,-0.459159,0.0773721
0,0,-0.869765,-0.223867,0.439763
0,0,-0.736258,-0.293881,0.609555
0,0,-0.0411176,-0.634887,0.77151
0,0,-0.986962,0.0619039,0.148575
0,0,-0.330893,-0.372864,0.866881
0,0,0.152817,0.737057,0.658327
0,0,0.137307,0.776285,0.615247
0,0,-0.805739,0.0645289,0.588744
0,0,0.0494503,-0.394861,0.917409
0,0,0.97546,0.190675,0.110097
0,0,0.314849,-0.948909,0.0210122
0,0,-0.24442,0.37279,0.895146
0,0,-0.0410738,0.787602,0.614813
0,0,0.403092,-0.417677,0.814287
0,0,0.205685,-0.672124,0.711297
0,0,0.474994,0.384839,0.791378
0,0,-0.0235479,0.994619,0.100886
0,0,0.998578,-0.0381352,0.0372634
0,0,0.530992,-0.847373,0.0026083
0,0,0.273523,0.935326,0.224391
0,0,-0.30999,-0.919553,0.241513
0,0,-0.534172,-0.842308,0.0719557
0,0,0.222311,-0.429361,0.875344
0,0,0.0100856,-0.618745,0.785527
0,0,0.870087,-0.479771,0.112997
0,0,0.686818,-0.410666,0.599695
0,0,-0.118321,-0.462517,0.87868
0,0,0.249445,-0.88822,0.3858
0,0,0.565313,-0.0140858,0.824756
0,0,-0.654271,-0.72812,0.204379
0,0,0.794298,-0.410495,0.447867
0,0,0.190882,0.43515,0.879891
0,0,0.829506,-0.0193949,0.558161
0,0,-0.421438,0.803009,0.421387
0,0,-0.949222,-0.132049,0.285553
0,0,0.686508,-0.211143,0.695792
0,0,-0.67477,0.543327,0.499481
0,0,0.734562,-0.507431,0.450481
0,0,0.172265,0.386326,0.906133
0,0,0.575694,-0.789371,0.213234
0,0,0.308813,0.866112,0.393045
0,0,-0.752875,0.189415,0.630319
0,0,0.210329,0.908303,0.361589
0,0,0.420581,0.559195,0.714431
0,0,0.448471,0.636155,0.627837
0,0,0.085467,0.669024,0.73831
0,0,0.615092,0.641326,0.458653
0,0,0.730693,-0.231119,0.642395
0,0,0.641366,-0.0192645,0.766994
0,0,0.0189597,0.655605,0.754866
0,0,-0.599568,0.499001,0.625712
0,0,0.189033,-0.481674,0.85572
0,0,0.0181148,-0.465881,0.884662
0,0,-0.0310865,0.950444,0.309338
0,0,-0.636202,0.730608,0.247909
0,0,0.564923,-0.541257,0.622819
0,0,0.154392,-0.928301,0.338259
0,0,0.459334,-0.46717,0.75549
0,0,-0.220528,0.363379,0.905165
0,0,-0.540617,-0.683133,0.490982
0,0,-0.441439,-0.429065,0.788058
0,0,0.520879,0.840324,0.150134
0,0,-0.373983,-0.0295694,0.926964
0,0,0.61136,-0.168651,0.773173
0,0,-0.0939562,-0.977783,0.187383
0,0,-0.425039,-0.65694,0.622713
0,0,0.863966,0.199339,0.462413
0,0,-0.989619,0.00270986,0.143692
0,0,-0.6926,-0.259782,0.672918
0,0,0.71453,0.698194,0.0444069
0,0,-0.332457,0.919694,0.208889
0,0,-0.707407,-0.684422,0.176472
0,0,-0.37736,-0.749804,0.5435
0,0,-0.143106,0.914479,0.378483
0,0,0.019323,0.916375,0.399854
0,0,0.983984,-0.17724,0.0190012
0,0,-0.836877,0.364401,0.408471
0,0,-0.620958,-0.648437,0.440387
0,0,0.947061,0.21538,0.238089
0,0,-0.794933,-0.538918,0.278655
0,0,-0.38143,0.785089,0.488002
0,0,-0.0861133,0.161807,0.983058
0,0,0.0498045,-0.946899,0.31765
0,0,-0.188165,-0.553045,0.811625
0,0,-0.185913,0.929376,0.3189
0,0,-0.0291434,-0.892228,0.450644
0,0,0.524662,-0.316858,0.790146
0,0,-0.993487,-0.112885,0.0154842
0,0,0.190974,0.760295,0.620871
0,0,-0.714039,-0.254526,0.6522
0,0,-0.516353,-0.274356,0.811239
0,0,0.770256,-0.623322,0.134816
0,0,0.686883,0.720948,0.0917924
0,0,-0.0521434,0.639098,0.767356
0,0,0.98588,-0.164993,0.0286011
0,0,-0.130872,0.363548,0.922337
0,0,-0.787385,-0.597281,0.152582
0,0,-0.696155,0.0150582,0.717733
0,0,0.597144,0.387374,0.702396
0,0,-0.111383,-0.993608,0.0183822
0,0,0.810797,0.0501149,0.583178
0,0,0.0875593,-0.882039,0.46297
0,0,-0.794661,-0.442634,0.415438
0,0,-0.93857,0.320199,0.128683
0,0,-0.185588,0.203715,0.961279
0,0,-0.42682,0.805543,0.411006
0,0,-0.39222,-0.704897,0.591002
0,0,-0.777703,0.0590088,0.625857
0,0,-0.890868,0.187726,0.413658
0,0,-0.683746,0.502096,0.52952
0,0,0.643647,0.723151,0.250543
0,0,0.592984,-0.666904,0.451231
0,0,0.00807932,0.724833,0.688878
0,0,-0.317309,-0.852069,0.416285
0,0,0.986935,-0.0659628,0.146995
0,0,-0.635168,0.734282,0.239567
0,0,-0.614724,-0.611276,0.498454
0,0,0.773815,0.175178,0.608706
0,0,0.656543,-0.180883,0.732279
0,0,-0.0515813,-0.998656,0.00511317
0,0,0.631847,-0.728377,0.265022
0,0,0.941232,-0.337693,0.00676582
0,0,-0.77642,-0.628359,0.0483511
0,0,0.448858,-0.883348,0.134992
0,0,0.583605,0.673125,0.454211
0,0,0.267915,0.0898291,0.959246
0,0,-0.290024,0.363789,0.88518
0,0,-0.0277454,-0.925132,0.378629
0,0,-0.389976,0.747404,0.537872
0,0,0.685223,-0.434317,0.58467
0,0,-0.857465,0.481829,0.180539
0,0,0.795574,-0.136121,0.590367
0,0,-0.0915612,0.619608,0.779552
0,0,-0.778546,0.578385,0.243591
0,0,0.492489,0.522626,0.695929
0,0,-0.617447,-0.758868,0.20707
0,0,-0.222848,-0.177516,0.958555
0,0,-0.315035,0.914678,0.253213
14.2398,21.6637,-0.0684485,-0.174135,0.98234
0,0,-0.727257,0.683731,0.0600719
19.8777,29.0587,-0.86757,-0.450674,0.210272
0,0,-0.816592,-0.183694,0.547206
0,0,0.79572,0.417179,0.439079
0,0,0.913068,0.296792,0.279681
0,0,-0.111535,-0.271272,0.956019
0,0,0.246667,-0.505603,0.826753
0,0,0.599058,0.669351,0.43943
0,0,-0.196314,0.890451,0.410558
0,0,-0.698507,0.696333,0.16495
0,0,-0.666254,-0.0377592,0.744768
0,0,0.719731,-0.383466,0.578741
0,0,-0.0822584,-0.0110851,0.996549
0,0,0.534776,-0.270291,0.800598
0,0,0.652241,-0.667892,0.358471
0,0,-0.950906,-0.267293,0.155986
0,0,0.274858,-0.772772,0.572081
0,0,-0.963318,0.260815,0.0631905
0,0,0.0983355,0.581775,0.807384
0,0,0.450669,-0.80335,0.389264
0,0,-0.419502,-0.776634,0.469954
0,0,0.0592751,0.997084,0.0480536
0,0,0.803886,0.461667,0.375008
0,0,0.860766,0.493671,0.123979
0,0,0.529543,0.714437,0.457344
0,0,0.832616,0.421282,0.359545
0,0,0.118931,0.964143,0.237242
0,0,0.879123,-0.119107,0.461471
0,0,0.818467,0.363918,0.444607
0,0,0.139705,-0.965314,0.220569
0,0,0.455104,-0.809365,0.371226
0,0,-0.0749727,-0.638636,0.765848
0,0,0.401972,0.827943,0.391061
0,0,0.296535,0.709555,0.639217
0,0,-0.699029,-0.713312,0.050436
0,0,0.552691,-0.65026,0.521242
0,0,0.977229,-0.200389,0.0697672
0,0,-0.673362,-0.400467,0.621457
0,0,-0.502961,0.566677,0.652616
0,0,-0.412354,0.706336,0.575372
0,0,-0.373333,-0.855715,0.358293
0,0,0.512325,-0.842354,0.16722
0,0,-0.886558,-0.369506,0.278351
0,0,0.935136,0.20141,0.29147
0,0,-0.718632,-0.272993,0.639565
0,0,-0.729937,-0.154238,0.665884
0,0,0.115047,0.804567,0.582611
0,0,-0.167837,0.672166,0.721127
0,0,-0.678328,-0.410406,0.609457
0,0,-0.200358,-0.889238,0.411233
0,0,-0.952369,-0.21092,0.220239
0,0,0.404722,-0.562798,0.720734
0,0,-0.899429,0.357389,0.251597
0,0,-0.242224,0.936023,0.255319
0,0,-0.704541,-0.630404,0.325901
0,0,-0.0610234,0.92225,0.381748
0,0,0.141202,-0.842236,0.520289
0,0,-0.904186,-0.16058,0.395805
0,0,0.478782,0.700694,0.528958
0,0,-0.206383,0.602109,0.771278
0,0,-0.260908,0.935059,0.239984
0,0,-0.162565,-0.982743,0.0882497
0,0,0.255131,-0.922579,0.289406
0,0,0.151768,0.922403,0.35516
0,0,-0.54053,0.421366,0.728202
0,0,-0.446481,0.771068,0.453993
0,0,-0.64905,-0.760686,0.00953017
0,0,-0.238509,-0.876623,0.417906
0,0,0.368649,-0.741817,0.560183
0,0,0.384229,0.176694,0.906172
0,0,0.954338,0.29822,0.0174352
0,0,-0.0700174,0.0132339,0.997458
0,0,0.273801,0.898357,0.343492
0,0,-0.71935,0.635351,0.280828
0,0,-0.212652,-0.977046,0.0126969
0,0,-0.245312,-0.313143,0.917477
0,0,-0.366759,0.662599,0.653032
0,0,0.700323,0.507653,0.501833
0,0,-0.547343,-0.615362,0.567226
0,0,0.981933,0.0595709,0.179606
0,0,0.295324,-0.871195,0.392178
0,0,-0.12401,-0.793524,0.595769
0,0,0.855219,0.515221,0.0561085
0,0,0.77241,-0.597577,0.21514
0,0,-0.329691,-0.553987,0.764462
0,0,0.715963,-0.692672,0.0871883
0,0,0.964419,-0.252653,0.0778599
0,0,0.481249,-0.0610906,0.874453
0,0,0.433788,0.832311,0.345088
0,0,0.372897,-0.927351,0.0311172
0,0,-0.974577,0.103547,0.19869
0,0,-0.528931,0.119469,0.840214
0,0,-0.985758,0.0944562,0.139138
0,0,-0.246701,-0.462275,0.851728
0,0,0.459679,-0.63549,0.620361
0,0,0.753404,-0.635919,0.167301
0,0,0.710893,-0.664463,0.230479
0,0,0.794012,0.573231,0.202363
0,0,-0.380739,0.712711,0.589136
0,0,-0.292335,0.948378,0.12296
0,0,-0.464459,-0.087365,0.881275
0,0,0.307112,0.884104,0.352196
0,0,0.0504039,0.51168,0.857696
0,0,0.466259,0.690531,0.552965
0,0,-0.496476,-0.624782,0.602627
0,0,-0.511564,-0.339494,0.789333
0,0,0.825429,-0.119091,0.551801
0,0,-0.763829,0.448907,0.463733
0,0,-0.644757,0.429385,0.63239
0,0,-0.0748784,0.395062,0.915598
0,0,-0.411918,0.909282,0.0594163
0,0,0.673011,0.725854,0.142097
0,0,-0.996984,0.0622474,0.0463429
0,0,0.521635,0.733048,0.436506
0,0,-0.566112,0.789477,0.237156
0,0,0.176573,0.931467,0.318104
0,0,0.14337,-0.289125,0.946494
0,0,0.911903,0.38159,0.151073
0,0,0.982204,0.126147,0.139147
0,0,0.492824,-0.776786,0.392083
0,0,-0.764514,0.434303,0.47634
0,0,-0.261829,-0.570623,0.778354
0,0,0.454123,0.700954,0.549941
0,0,-0.19897,-0.977084,0.0756115
0,0,-0.366614,-0.847893,0.382978
0,0,0.398239,-0.914182,0.0753505
0,0,-0.10995,0.471111,0.875194
0,0,-0.631937,-0.29008,0.718686
0,0,-0.560123,-0.308997,0.768624
0,0,-0.553997,0.619713,0.555916
0,0,-0.968079,0.023842,0.24951
0,0,-0.443919,-0.316461,0.838325
0,0,-0.487626,0.622315,0.612327
0,0,-0.786665,0.356217,0.50425
0,0,-0.206838,0.967505,0.145441
0,0,0.358943,0.61511,0.701997
0,0,-0.379093,0.586673,0.715613
0,0,0.671443,0.487193,0.558396
0,0,0.920815,0.386111,0.0549429
0,0,0.0435069,0.876656,0.479147
0,0,-0.0196333,-0.53605,0.843958
0,0,-0.730614,-0.52796,0.432969
0,0,0.973879,0.0535347,0.220668
0,0,-0.85435,0.363615,0.371309
0,0,0.40468,-0.63145,0.661442
0,0,0.710081,-0.637466,0.299037
0,0,0.825803,-0.402412,0.395113
0,0,0.137761,-0.764456,0.629785
0,0,0.193229,0.808906,0.555278
0,0,0.278368,0.198729,0.93969
0,0,-0.864058,0.147806,0.481203
0,0,0.356937,0.911434,0.204658
0,0,-0.66028,0.568079,0.49124
0,0,-0.951338,-0.263794,0.159277
0,0,0.855761,-0.494329,0.152679
0,0,-0.0549035,0.613179,0.788033
0,0,-0.411977,0.454227,0.789907
0,0,-0.330092,0.93362,0.139258
20.7037,28.338,-0.659858,-0.0208943,0.7511
0,0,-0.878241,-0.452888,0.153573
0,0,-0.0289155,-0.819479,0.572379
0,0,-0.659403,-0.596553,0.457506
0,0,0.818167,0.502748,0.279012
0,0,0.834547,-0.53596,0.127582
0,0,-0.46601,0.0462853,0.883568
0,0,0.724412,0.048728,0.687643
0,0,-0.446133,0.148211,0.882609
0,0,-0.383662,0.803101,0.455886
0,0,0.433547,0.731963,0.525611
0,0,-0.84574,0.475133,0.242843
0,0,-0.598286,-0.0547451,0.799411
0,0,0.0344132,0.560478,0.827454
0,0,-0.159096,-0.952227,0.260676
0,0,-0.718006,-0.357584,0.597161
0,0,0.242219,0.77492,0.583806
0,0,-0.400865,0.859245,0.317813
0,0,-0.0796183,0.953432,0.29091
0,0,0.927115,0.374026,0.0237216
0,0,0.673712,-0.382949,0.63203
0,0,0.492121,-0.599387,0.63131
0,0,0.898372,0.428058,0.0984642
0,0,-0.535171,0.756281,0.376339
0,0,-0.17119,0.803919,0.569568
0,0,-0.961551,-0.273022,0.0296255
0,0,0.300829,-0.162817,0.939677
0,0,0.605247,0.732881,0.310743
0,0,0.894108,-0.404568,0.192081
0,0,-0.456317,-0.739609,0.494725
0,0,-0.367538,0.298774,0.88071
0,0,-0.0165386,0.976341,0.215603
0,0,-0.208097,0.459398,0.86351
0,0,-0.471167,-0.294444,0.831447
0,0,0.152338,0.27969,0.947927
0,0,0.352894,-0.830062,0.431814
0,0,-0.769042,-0.154721,0.620189
0,0,0.888852,-0.183825,0.419702
0,0,-0.717187,0.0817003,0.692075
0,0,-0.402443,-0.816651,0.413668
0,0,0.357601,0.929148,0.0938347
0,0,0.533443,0.845476,0.0246571
0,0,-0.184414,0.977441,0.102959
0,0,-0.996198,-0.0747785,0.0447
0,0,-0.950576,0.310356,0.00920824
0,0,-0.949135,0.119247,0.291415
0,0,-0.136957,-0.972512,0.188317
0,0,-0.757784,-0.061725,0.64958
0,0,0.88202,0.223763,0.414693
0,0,-0.520766,-0.625441,0.581056
0,0,0.497749,0.85089,0.168023
0,0,-0.31892,0.659003,0.681179
10.8225,15.879,0.114514,-0.161493,0.980207
0,0,0.402379,-0.809291,0.427948
0,0,0.620079,0.135815,0.772694
0,0,-0.541896,-0.267253,0.796821
0,0,0.265379,-0.0597377,0.962292
0,0,0.833402,-0.364639,0.415307
0,0,-0.440885,-0.158357,0.883484
0,0,0.310426,-0.577225,0.75528
0,0,-0.255055,0.71226,0.653936
0,0,-0.518979,-0.556752,0.648604
0,0,0.954691,-0.129492,0.267948
0,0,-0.648245,-0.706409,0.284193
0,0,0.478492,0.862977,0.162219
0,0,0.120797,-0.629139,0.767849
0,0,-0.576697,0.347265,0.739477
0,0,0.869786,0.49343,2.94875e-05
0,0,-0.880666,-0.4736,0.011376
0,0,-0.11238,-0.734848,0.668857
0,0,0.527993,0.673905,0.516793
0,0,-0.446688,-0.239421,0.86206
0,0,0.274372,-0.95845,0.0780627
0,0,0.126361,0.68653,0.716037
0,0,0.954314,0.248504,0.165922
0,0,-0.456549,-0.4523,0.766151
0,0,0.472584,0.880495,0.0373149
0,0,-0.0543134,0.992218,0.112038
0,0,-0.726208,0.39489,0.562747
0,0,0.676784,0.670363,0.304264
0,0,0.785999,-0.32652,0.524967
0,0,-0.782971,0.621819,0.0172502
0,0,0.716377,-0.134301,0.684666
0,0,0.55636,-0.642185,0.527316
0,0,-0.908102,0.418354,0.0181525
0,0,-0.535227,-0.735378,0.415634
0,0,-0.910294,-0.339737,0.236522
0,0,-0.458646,0.609498,0.64665
22.86,31.9874,0.226796,0.557653,0.79849
0,0,0.278975,0.408139,0.86925
0,0,-0.678567,0.603362,0.418928
0,0,-0.906039,-0.228466,0.356225
0,0,0.519651,-0.853497,0.0388029
0,0,-0.927752,-0.337275,0.159755
0,0,-0.649399,-0.14647,0.746208
0,0,-0.792783,0.190975,0.578812
0,0,-0.913177,0.300394,0.275448
0,0,-0.326199,0.417779,0.847971
0,0,0.172291,0.302906,0.937317
0,0,0.18059,-0.982221,0.0512779
0,0,-0.0246044,0.349665,0.936552
0,0,-0.116288,0.986471,0.11555
0,0,0.157224,0.52337,0.837475
2.35428,2.67673,-0.224644,-0.407534,0.885128
0,0,0.190993,-0.958375,0.212222
0,0,0.916669,-0.220781,0.333127
0,0,-0.856429,-0.20932,0.471926
0,0,-0.79064,-0.593882,0.148972
10.3506,14.2385,-0.0987347,0.452123,0.886474
0,0,-0.189116,0.829214,0.525965
0,0,0.457781,0.66319,0.592128
0,0,-0.0498115,0.833489,0.550286
0,0,0.450341,0.862651,0.230276
0,0,0.874596,-0.464388,0.139379
0,0,-0.256786,0.937521,0.234768
0,0,0.891673,-0.330907,0.308901
0,0,-0.217108,-0.951853,0.216424
0,0,-0.422275,0.0227092,0.906183
0,0,0.0906452,0.366169,0.926123
0,0,-0.502866,0.326836,0.80019
0,0,-0.123047,-0.469942,0.874079
0,0,-0.926527,0.0462173,0.373379
5.78257,8.71965,0.44777,-0.000322663,0.894148
0,0,-0.0202556,0.996014,0.0868646
10.0395,13.5819,-0.0235526,0.433446,0.900872
0,0,0.817733,-0.567569,0.0957978
20.5439,28.0355,-0.634778,-0.309484,0.708009
0,0,-0.965383,0.082356,0.247492
0,0,0.622575,0.509692,0.593813
0,0,0.655676,-0.373072,0.656435
0,0,0.419013,0.438537,0.795056
0,0,-0.179443,0.829693,0.528592
0,0,-0.813277,0.30763,0.493908
0,0,-0.480418,0.767069,0.42521
0,0,0.996201,-0.0706654,0.0508962
0,0,0.586889,-0.799086,0.130476
15.5856,22.2881,-0.834998,0.232447,0.498745
0,0,0.213236,-0.89275,0.396898
0,0,0.765945,-0.185874,0.61545
0,0,0.183516,-0.718681,0.670686
0,0,0.480869,0.371617,0.794145
0,0,0.779041,0.578283,0.242248
0,0,-0.107391,-0.886043,0.450993
0,0,-0.10346,0.965723,0.238064
0,0,-0.638597,0.391071,0.662765
0,0,0.344883,-0.747604,0.567577
0,0,-0.170411,-0.43754,0.882904
0,0,0.797894,0.547918,0.2513
0,0,-0.353674,0.377814,0.85567
0,0,0.613885,-0.456934,0.643705
0,0,0.649981,-0.648517,0.396168
0,0,-0.471507,-0.655134,0.590323
0,0,-0.146563,0.318285,0.936597
0,0,-0.918174,-0.378349,0.117508
0,0,0.840622,-0.529856,0.11228
0,0,-0.675384,0.280943,0.681856
0,0,0.417129,-0.90744,0.0505535
0,0,0.676919,-0.338614,0.653545
0,0,0.724117,-0.508503,0.465918
0,0,0.947144,0.0474676,0.317277
0,0,0.685079,0.106703,0.720612
0,0,0.466717,0.661879,0.586593
0,0,-0.628952,-0.115789,0.768773
0,0,0.452792,-0.890054,0.052762
0,0,0.999946,-0.00113731,0.0102987
0,0,0.40166,0.805475,0.435752
0,0,0.781798,-0.103719,0.614845
0,0,0.958829,0.0529297,0.279008
0,0,0.558842,0.491025,0.668274
0,0,0.606175,-0.790661,0.0860663
0,0,-0.348453,-0.674834,0.650523
0,0,-0.573079,0.648939,0.500458
0,0,-0.964329,0.25143,0.0827843
0,0,0.79254,-0.478086,0.378568
0,0,-0.943021,-0.284258,0.172942
0,0,-0.998374,-0.0532743,0.0202699
0,0,0.625897,0.71474,0.312088
0,0,0.770899,0.628093,0.105896
0,0,0.779703,0.1765,0.600759
18.1627,24.9812,-0.0627533,-0.110019,0.991946
0,0,-0.258619,-0.607444,0.751084
0,0,-0.923659,-0.122928,0.362964
0,0,-0.569912,0.396646,0.719634
0,0,-0.375741,-0.603859,0.702974
14.3358,20.9586,-0.43818,-0.238236,0.866742
0,0,-0.424207,0.613256,0.666308
0,0,0.337469,-0.712406,0.615299
0,0,-0.475139,-0.854099,0.211563
0,0,-0.656087,-0.0977661,0.748326
0,0,-0.193921,0.959793,0.202961
0,0,-0.412301,-0.797854,0.439815
0,0,-0.990587,-0.00436118,0.136812
0,0,-0.565891,0.765143,0.307121
0,0,-0.192359,0.563684,0.80328
0,0,-0.281153,-0.536344,0.795794
21.6168,31.7739,-0.717894,-0.341334,-0.606728
0,0,0.227795,-0.686336,0.69069
0,0,-0.986266,0.0542158,0.156015
0,0,0.278148,-0.509335,0.814378
0,0,0.569212,0.698998,0.432896
0,0,-0.453051,-0.85853,0.240149
0,0,-0.258163,0.658023,0.70736
0,0,0.829415,-0.342175,0.441573
0,0,-0.138547,0.990111,0.022026
0,0,0.746542,-0.480833,0.459863
16.3652,22.1935,-0.137551,-0.44478,0.885014
0,0,0.59229,-0.387297,0.706536
0,0,-0.770309,-0.631171,0.0908131
0,0,-0.788871,0.581722,0.198198
0,0,-0.229076,0.571833,0.787738
0,0,0.656377,0.668255,0.350151
0,0,-0.379002,0.578078,0.722623
0,0,0.78521,0.0829431,0.613649
0,0,-0.160229,0.265041,0.950831
0,0,-0.432038,-0.594922,0.677799
0,0,0.629817,0.553087,0.545367
0,0,-0.54815,0.302847,0.779625
0,0,-0.0226443,-0.999433,0.0249359
0,0,0.912007,-0.0910458,0.399943
23.3523,31.9055,-0.0127281,0.696654,-0.717294
0,0,-0.957267,0.256042,0.134469
0,0,0.825492,-0.0518591,0.562026
0,0,-0.129284,-0.872758,0.470722
0,0,-0.201816,-0.882645,0.42451
0,0,-0.961961,-0.148909,0.229035
17.3622,23.5874,0.489101,-0.543129,0.682489
0,0,0.777667,-0.610664,0.14941
0,0,0.909588,0.0253084,0.414741
0,0,0.66346,0.105668,0.740712
0,0,0.476419,-0.873405,0.100935
0,0,0.6323,-0.335414,0.698351
0,0,-0.956928,-0.288847,0.0292451
0,0,0.15293,0.16802,0.973849
0,0,-0.644187,0.473752,0.600485
0,0,0.0650847,-0.927928,0.367033
0,0,0.413479,0.850608,0.324811
0,0,0.627105,-0.768104,0.129442
0,0,-0.925402,0.338739,0.16996
0,0,-0.998146,-0.043314,0.0427607
0,0,0.95771,0.202024,0.204883
0,0,0.873132,-0.359938,0.328762
0,0,0.33146,0.029403,0.943011
0,0,0.742205,-0.593516,0.311241
0,0,0.0432415,-0.996151,0.0762475
0,0,-0.00940171,0.997319,0.0725722
6.44469,8.85994,-0.201281,-0.0041592,0.979525
0,0,0.0494957,0.723797,0.688236
0,0,-0.0232587,-0.765063,0.643535
0,0,-0.154173,0.653134,0.741382
0,0,0.775633,-0.551914,0.306243
0,0,-0.246248,0.784103,0.569688
0,0,-0.231004,0.837268,0.495601
0,0,-0.445598,-0.809652,0.381975
0,0,-0.657081,0.439837,0.612199
0,0,-0.102974,0.824988,0.55569
0,0,-0.456559,0.363411,0.812088
0,0,-0.933077,0.284143,0.220522
0,0,0.725549,-0.68673,0.0445067
0,0,0.695532,-0.688001,0.2071
0,0,-0.754521,-0.209288,0.622011
0,0,0.505921,-0.239013,0.828804
0,0,0.616922,0.653268,0.438917
0,0,0.738205,0.381955,0.556025
0,0,-0.378277,-0.461209,0.802616
0,0,-0.380569,0.366751,0.848917
0,0,0.474646,-0.752015,0.457366
0,0,0.592243,-0.038931,0.804818
0,0,0.200453,0.823041,0.531434
0,0,0.436901,0.243479,0.86593
0,0,-0.346418,-0.921585,0.175147
0,0,0.421922,0.120844,0.898542
0,0,-0.662408,0.343263,0.665873
0,0,-0.142603,-0.288858,0.946692
0,0,-0.571401,-0.672851,0.469865
0,0,-0.842015,-0.252871,0.476516
0,0,-0.331321,-0.291234,0.897446
0,0,0.32904,0.288417,0.899193
0,0,0.656612,0.212757,0.723599
0,0,0.618877,0.760862,0.19514
0,0,0.884051,0.461687,0.0727976
0,0,-0.50784,0.30394,0.806051
0,0,-0.292576,0.730484,0.617084
0,0,-0.610546,-0.718551,0.333045
0,0,0.331649,-0.535137,0.776941
0,0,-0.73692,-0.670242,0.0878881
0,0,-0.521677,0.749547,0.407472
0,0,0.760353,-0.483017,0.434234
0,0,-0.252471,-0.282964,0.925305
0,0,0.904022,0.00512685,0.427454
0,0,0.437466,-0.807882,0.394905
0,0,0.719629,0.474378,0.50705
0,0,0.374123,-0.926979,0.027236
0,0,0.56612,-0.57513,0.590537
0,0,-0.759334,-0.619073,0.2004
0,0,0.306538,-0.801402,0.513604
0,0,0.765734,0.603185,0.223202
0,0,-0.286295,-0.797603,0.530909
0,0,0.803334,0.584768,0.1127
0,0,0.671619,-0.46878,0.573736
0,0,-0.943326,0.119086,0.309766
0,0,0.028106,-0.273589,0.961436
0,0,-0.428601,-0.273275,0.861175
0,0,0.872082,-0.470544,0.134395
0,0,-0.567845,-0.266084,0.778942
0,0,0.88912,-0.42475,0.17045
0,0,-0.574273,-0.212775,0.790529
0,0,0.774601,0.585917,0.238104
0,0,-0.845894,-0.444492,0.294771
0,0,-0.658522,-0.496236,0.565773
0,0,-0.900793,0.397577,0.174654
0,0,0.123377,-0.964254,0.234503
0,0,-0.435901,0.8421,0.31758
0,0,0.173199,0.686384,0.706314
0,0,0.482097,0.783086,0.392885
0,0,-0.765933,0.191533,0.613728
0,0,0.458085,-0.542967,0.703808
0,0,0.338957,0.931923,0.128945
0,0,0.833101,0.526938,0.168164
0,0,0.451224,-0.646337,0.615342
0,0,-0.787667,-0.109216,0.606343
0,0,-0.771834,0.611782,0.173191
0,0,-0.102324,0.123754,0.987023
0,0,-0.244929,0.378067,0.892791
1.0193,1.16523,-0.259525,-0.374389,0.890213
0,0,0.659045,-0.650719,0.377125
0,0,-0.470723,-0.248771,0.846483
0,0,-0.477651,0.0114511,0.878475
0,0,-0.237328,0.789332,0.566242
0,0,0.254447,0.386168,0.88664
0,0,0.566181,0.685638,0.457536
0,0,-0.143938,-0.571781,0.807681
0,0,-0.337835,-0.719311,0.607008
0,0,-0.505808,0.375571,0.776598
0,0,0.0326061,-0.825894,0.562882
0,0,-0.922453,0.196478,0.332381
0,0,0.0612793,-0.993056,0.10042
0,0,-0.868662,0.201003,0.452796
0,0,0.86922,0.245284,0.429294
0,0,0.526837,-0.328297,0.784005
0,0,0.927743,0.170513,0.331991
0,0,0.0431026,0.256096,0.96569
0,0,-0.241787,-0.354003,0.903449
0,0,0.973153,0.0423428,0.226229
0,0,-0.144561,-0.261529,0.954309
0,0,-0.440185,-0.340832,0.830705
0,0,0.839907,0.347624,0.41679
0,0,-0.198822,0.635282,0.746248
0,0,0.914658,-0.404197,0.00498595
0,0,0.517103,0.807531,0.283721
0,0,-0.297836,-0.17987,0.937518
0,0,-0.645762,-0.444479,0.62083
0,0,-0.896386,0.190701,0.400157
0,0,-0.196076,0.571877,0.796562
0,0,-0.115109,-0.69415,0.710567
0,0,0.835822,0.326025,0.441712
0,0,-0.889584,0.453958,0.0506232
0,0,-0.380006,0.714928,0.586919
0,0,0.473011,-0.495864,0.728271
0,0,-0.049267,0.998423,0.0268989
0,0,0.255342,0.922242,0.290295
0,0,0.797576,0.337676,0.499847
0,0,-0.686991,0.325987,0.649443
0,0,0.281585,0.853153,0.439136
0,0,-0.664138,0.591201,0.457605
0,0,-0.118319,-0.747762,0.653339
0,0,0.938573,0.104964,0.328729
0,0,0.226454,-0.971552,0.0693233
0,0,0.525331,-0.00144588,0.850897
0,0,0.969117,-0.23183,0.0840622
0,0,0.839595,0.534368,0.0976258
0,0,-0.0960331,-0.398833,0.911981
0,0,0.806247,-0.521496,0.279299
0,0,0.256846,0.780378,0.570123
0,0,-0.507532,-0.691005,0.514707
0,0,0.975198,0.0897736,0.202313
0,0,0.515112,-0.709579,0.480789
0,0,-0.883933,-0.120664,0.451777
10.8553,14.7944,-0.725796,-0.496102,0.476553
0,0,0.607053,0.445182,0.658256
0,0,-0.433733,0.52982,0.728812
0,0,0.215191,0.926029,0.310103
0,0,0.426807,-0.632311,0.646543
0,0,-0.498245,0.816269,0.292329
0,0,0.918421,-0.372714,0.132615
0,0,-0.598157,0.756889,0.263299
0,0,-0.773391,-0.621543,0.1247
0,0,0.912535,-0.169908,0.372037
0,0,0.569796,-0.821423,0.0244373
0,0,-0.701727,0.648108,0.295863
0,0,-0.66382,0.644741,0.379014
0,0,0.749951,0.107523,0.652696
0,0,0.990922,0.117809,0.0647624
0,0,0.0868029,0.383016,0.919654
0,0,0.151769,-0.669677,0.726979
0,0,0.236333,0.0422814,0.970752
0,0,-0.889676,0.217786,0.401305
0,0,-0.938849,0.338922,0.0607886
0,0,-0.98649,0.0675591,0.14924
0,0,-0.671583,-0.340565,0.658021
0,0,-0.384522,-0.516903,0.764823
0,0,0.313692,0.942828,0.112578
0,0,0.958133,0.175264,0.226413
0,0,-0.510489,0.127422,0.850391
0,0,0.514448,0.570551,0.640167
0,0,-0.174185,-0.513552,0.840193
0,0,-0.502877,0.602587,0.61968
0,0,-0.187578,-0.557664,0.808594
0,0,-0.96664,-0.103132,0.234458
0,0,-0.526415,-0.27417,0.804809
0,0,0.812055,0.338345,0.475489
0,0,0.657008,0.741674,0.135129
0,0,0.344573,-0.823399,0.450869
0,0,-0.467319,0.66191,0.586079
0,0,-0.281683,-0.293798,0.913421
0,0,0.870052,0.0582374,0.489507
0,0,0.522009,0.831832,0.188579
0,0,-0.815318,0.569707,0.103398
0,0,-0.344736,0.0422957,0.937746
0,0,-0.440685,0.202582,0.874504
0,0,0.867137,-0.109668,0.485847
0,0,0.134238,-0.613406,0.778276
0,0,-0.430431,0.288979,0.855114
16.0792,22.1473,0.158831,-0.10189,0.982034
0,0,-0.919768,0.259286,0.294613
0,0,0.332293,0.941291,0.059608
0,0,0.673348,-0.498374,0.546101
0,0,0.950322,-0.292768,0.105713
0,0,-0.389505,-0.798727,0.458608
0,0,0.634104,0.149544,0.75865
0,0,-0.988238,0.0882698,0.124879
0,0,0.595729,-0.0902748,0.798096
0,0,0.0679589,0.956426,0.283954
6.02653,8.12047,0.273443,-0.0326872,0.961333
0,0,-0.595495,-0.284972,0.751117
0,0,0.644315,0.697842,0.312849
0,0,0.782985,-0.586862,0.206223
0,0,-0.536797,-0.819079,0.202382
0,0,0.54322,0.823576,0.163201
0,0,0.613271,-0.719044,0.326917
0,0,0.0317241,0.41413,0.909665
0,0,0.481512,-0.631681,0.607557
0,0,-0.867936,-0.0795362,0.490266
0,0,0.961494,0.273582,0.0261233
0,0,0.524123,-0.056486,0.849767
0,0,0.40159,0.0274457,0.915408
0,0,0.63826,-0.706733,0.305209
0,0,-0.125727,0.966743,0.222714
0,0,0.961543,0.250824,0.111908
0,0,0.97401,0.187366,0.127272
0,0,-0.550534,0.249789,0.796566
0,0,-0.202238,-0.477556,0.855009
0,0,0.272277,-0.708487,0.651084
0,0,-0.303237,-0.276781,0.911833
0,0,-0.462149,-0.717396,0.521308
0,0,-0.833139,0.531269,0.153732
0,0,-0.975126,-0.206813,0.0797311
0,0,-0.729118,-0.367367,0.577433
0,0,0.583087,0.0443036,0.811201
0,0,0.609399,-0.586872,0.533118
0,0,-0.80105,-0.0241869,0.598109
0,0,0.877729,0.247366,0.410368
0,0,-0.801203,-0.534331,0.269377
0,0,0.391734,-0.368644,0.842998
0,0,-0.796951,0.550317,0.249039
0,0,-0.84991,-0.0153137,0.526705
0,0,-0.064469,0.787475,0.612965
0,0,-0.409559,0.00695921,0.912257
0,0,-0.51774,0.83722,0.176089
0,0,0.281286,0.91934,0.275123
0,0,-0.714068,-0.699396,0.0308456
0,0,0.0331435,0.943907,0.328545
0,0,-0.449621,0.866478,0.216925
0,0,-0.0904372,0.85239,0.515027
0,0,-0.262132,0.566724,0.781096
21.5757,30.3262,0.140287,-0.0350507,0.98949
0,0,-0.54092,0.83795,0.0724232
0,0,0.504179,0.706748,0.496297
0,0,0.00730766,-0.976402,0.215837
0,0,0.618401,-0.781146,0.085967
0,0,-0.155173,-0.258769,0.953394
0,0,-0.451723,-0.642564,0.618916
0,0,0.578884,0.457306,0.675104
0,0,-0.386621,0.614054,0.688086
0,0,-0.928568,-0.275293,0.248946
0,0,-0.212271,0.73066,0.648905
0,0,-0.988566,-0.0857068,0.124063
0,0,-0.482818,-0.838796,0.251613
0,0,0.692309,0.277249,0.666214
0,0,-0.277213,-0.900745,0.334382
0,0,0.706029,0.629678,0.324081
0,0,-0.633575,-0.529217,0.564369
0,0,-0.856175,0.189618,0.480634
0,0,0.827936,0.29552,0.476644
0,0,-0.74935,-0.60592,0.267089
0,0,0.398882,-0.605719,0.688475
0,0,0.633085,0.553449,0.541201
0,0,-0.528972,-0.591027,0.608996
0,0,0.463784,0.834495,0.297526
0,0,-0.534628,-0.0746647,0.841783
0,0,-0.762833,-0.0377028,0.645496
0,0,0.315346,-0.914449,0.253654
0,0,-0.111902,-0.894583,0.432665
0,0,0.0912006,0.995829,0.00266323
0,0,-0.298718,-0.214857,0.929841
0,0,0.856321,-0.254177,0.449565
0,0,-0.560173,-0.0793305,0.824569
0,0,-0.96274,-0.030936,0.268652
0,0,-0.874373,-0.000182536,0.485254
0,0,0.632258,0.660293,0.405293
0,0,0.0510584,0.653441,0.755253
0,0,0.349331,0.215385,0.911908
0,0,0.832105,0.390762,0.39358
0,0,-0.986433,-0.108198,0.123464
0,0,-0.406381,-0.346581,0.845421
0,0,0.776093,-0.444517,0.447308
0,0,-0.582318,0.442228,0.682158
0,0,0.333839,0.222895,0.915898
9.58833,13.8788,0.234295,0.217369,0.947553
0,0,-0.44789,-0.335987,0.828557
0,0,-0.515992,0.846269,0.132597
0,0,0.235946,-0.579853,0.779807
0,0,-0.754525,0.317862,0.574156
0,0,0.052406,0.875392,0.480565
23.9534,34.8316,-0.31468,0.854864,0.412534
0,0,-0.947438,-0.249301,0.200526
0,0,-0.028306,-0.997593,0.063306
0,0,0.129048,0.578159,0.805654
0,0,-0.156046,0.869346,0.468922
0,0,-0.169304,-0.515047,0.840275
4.23116,6.44506,0.191765,-0.0989218,0.976443
0,0,0.8149,-0.477782,0.32812
0,0,0.205185,0.87606,0.43637
0,0,-0.880458,0.158894,0.446707
0,0,0.320893,-0.339776,0.88407
0,0,0.654047,0.241481,0.716875
0,0,0.990703,-0.014989,0.135214
0,0,-0.230002,0.840763,0.490119
0,0,-0.678842,0.511237,0.527077
0,0,0.982587,-0.0620769,0.175125
0,0,0.61101,-0.115954,0.783084
0,0,0.683932,-0.00708423,0.729511
0,0,0.595311,-0.507121,0.623244
0,0,-0.221948,-0.679636,0.699166
0,0,-0.516596,-0.818492,0.251393
0,0,-0.151718,0.641625,0.751864
0,0,-0.723804,-0.344031,0.598122
0,0,-0.753112,0.562021,0.341986
0,0,0.0314684,0.952278,0.303607
0,0,0.936864,0.0293182,0.348463
0,0,-0.843636,-0.00731458,0.536865
0,0,0.707075,0.122948,0.696368
0,0,-0.198362,-0.980023,0.0143836
20.834,32.2331,0.198057,0.299309,0.933374
0,0,-0.888608,0.45565,0.0525283
0,0,-0.495633,0.186437,0.848286
0,0,0.31427,-0.92084,0.230845
0,0,-0.90426,0.362219,0.226078
0,0,-0.168452,0.616671,0.768987
0,0,-0.999729,0.0176456,0.0151608
0,0,-0.203083,0.976243,0.0755471
0,0,-0.0194512,-0.561418,0.827304
0,0,-0.851525,-0.0372334,0.52299
0,0,0.141981,-0.913136,0.382131
0,0,0.0546822,-0.182158,0.981748
0,0,-0.0985448,-0.505674,0.857078
6.03919,8.85574,0.512741,-0.206961,0.833225
0,0,-0.647309,0.0345265,0.761445
0,0,-0.541905,0.799922,0.257805
0,0,-0.267425,-0.267105,0.925818
0,0,-0.797169,-0.155315,0.583437
0,0,-0.41276,-0.109196,0.90427
0,0,0.977293,-0.130859,0.166658
0,0,0.82164,-0.544592,0.168306
0,0,0.043807,-0.839482,0.541618
0,0,0.913333,0.350962,0.206514
0,0,0.931588,0.356714,0.0699888
0,0,0.876021,0.478598,0.0594264
0,0,0.578515,0.776483,0.24979
23.8965,33.9173,0.277165,-0.75091,0.599428
0,0,-0.622238,-0.15625,0.767076
0,0,0.444156,0.360983,0.82001
0,0,0.944268,-0.103819,0.312377
0,0,0.342066,-0.369554,0.863956
0,0,0.947894,0.247241,0.20092
0,0,0.0633659,0.973874,0.218071
0,0,0.348703,-0.129483,0.928246
0,0,-0.695281,0.703035,0.149416
0,0,-0.599572,0.139776,0.78802
0,0,0.927116,0.136441,0.349055
0,0,-0.729741,-0.515826,0.448778
0,0,0.0165067,-0.726482,0.686987
0,0,0.780668,0.598822,0.178802
0,0,-0.604141,0.529932,0.595135
0,0,-0.280559,0.634885,0.719866
0,0,-0.525032,-0.850523,0.030853
0,0,0.381536,-0.52893,0.758066
0,0,0.460559,0.204975,0.863638
0,0,0.779694,0.626026,0.0129698
0,0,0.478117,0.461806,0.747087
0,0,0.0777613,-0.825746,0.558656
0,0,0.698684,-0.676542,0.232664
0,0,0.0295166,0.39806,0.916884
0,0,0.308272,-0.140537,0.94086
0,0,0.755827,-0.476862,0.448697
0,0,-0.814882,0.231587,0.531352
0,0,0.18534,0.720193,0.668559
0,0,-0.999405,0.0234154,0.0253223
0,0,0.96152,0.253307,0.106373
0,0,-0.942029,-0.133476,0.30784
0,0,-0.888375,-0.328933,0.320301
0,0,-0.202238,-0.477555,0.855009
0,0,0.0591881,-0.71495,0.696665
0,0,-0.164367,0.973025,0.161883
0,0,-0.878676,-0.253337,0.404659
0,0,-0.00587976,-0.988011,0.154274
13.7355,19.8616,-0.0607212,-0.480787,0.874732
0,0,0.80649,0.360677,0.468494
0,0,0.397487,0.0997836,0.912166
0,0,0.0645095,-0.22187,0.97294
19.4883,27.243,-0.0139606,-0.300627,0.95364
0,0,0.455181,0.644874,0.613961
0,0,-0.0575239,0.237671,0.969641
0,0,-0.688317,-0.614496,0.385505
0,0,-0.224777,0.513932,0.827858
0,0,0.534032,0.80781,0.249505
0,0,-0.780706,-0.579484,0.233873
0,0,0.400606,-0.531174,0.746571
0,0,-0.249939,-0.951374,0.18005
0,0,-0.109099,-0.817488,0.565518
0,0,0.737501,-0.59032,0.328047
0,0,0.322556,0.247782,0.913543
0,0,-0.182124,-0.977072,0.110278
0,0,0.915018,0.334559,0.225414
0,0,0.761479,-0.387181,0.519847
0,0,0.665934,0.741483,0.0820654
0,0,-0.0101497,-0.470246,0.882477
0,0,0.535797,-0.749881,0.388073
0,0,-0.393048,0.838914,0.37648
0,0,0.7736,0.353397,0.525979
0,0,0.420502,0.503412,0.754821
0,0,-0.938766,-0.226948,0.259255
0,0,0.172417,-0.451003,0.875711
0,0,0.874391,0.324822,0.360458
0,0,0.118131,-0.0638449,0.990943
0,0,-0.0738803,0.980838,0.180274
0,0,-0.121194,0.955498,0.268954
0,0,-0.220016,-0.145242,0.964623
0,0,-0.353961,-0.615377,0.704289
0,0,0.0931009,0.48691,0.868476
0,0,-0.0254584,0.69826,0.715391
0,0,-0.55571,-0.546139,0.626832
0,0,-0.650469,-0.745874,0.143394
0,0,0.224867,0.597233,0.769901
0,0,-0.31353,0.312326,0.896745
0,0,0.864643,0.257505,0.431374
0,0,0.933198,0.18019,0.310924
0,0,-0.799263,0.567421,0.198018
0,0,-0.298659,0.940005,0.164906
0,0,-0.314032,-0.0947699,0.944671
0,0,0.517776,-0.855514,0.00166919
0,0,-0.76356,0.57253,0.298639
0,0,-0.782426,0.618877,0.0692934
0,0,0.992107,-0.0685785,0.104983
0,0,0.563273,-0.673893,0.478113
0,0,-0.110994,-0.589531,0.800084
0,0,0.724314,0.513353,0.460259
0,0,0.94764,-0.216035,0.235175
0,0,0.520371,0.55628,0.647893
17.2926,23.4655,-0.28959,0.453867,0.842699
0,0,-0.110135,0.628809,0.769721
0,0,-0.0280487,-0.631089,0.775203
0,0,0.238953,0.958812,0.15356
0,0,0.0857079,0.953604,0.288605
0,0,-0.0302588,0.880433,0.473204
0,0,-0.412968,0.136763,0.900418
0,0,0.372833,0.769529,0.518479
0,0,-0.362104,-0.0641245,0.92993
0,0,0.926315,-0.0659528,0.370932
0,0,0.757886,0.500834,0.418061
0,0,0.30335,-0.748994,0.589055
0,0,-0.223632,-0.212129,0.95131
0,0,0.162699,-0.780455,0.603671
0,0,-0.949556,-0.271179,0.157495
0,0,-0.149935,-0.459031,0.875677
0,0,-0.851344,-0.130832,0.508031
0,0,0.422031,0.804823,0.417313
0,0,-0.800067,-0.522996,0.293885
0,0,-0.811311,-0.58419,0.0222845
0,0,-0.422759,0.456214,0.783035
0,0,-0.146924,0.290727,0.945458
0,0,-0.937723,-0.275113,0.212104
0,0,0.649611,0.27105,0.710308
0,0,0.771996,-0.0816335,0.630363
0,0,-0.802408,0.578621,0.146081
0,0,-0.313092,0.0884667,0.945593
0,0,0.635974,0.561185,0.529726
0,0,0.0467501,0.996812,0.064653
0,0,0.352978,-0.357462,0.864654
0,0,0.163741,-0.459876,0.872756
0,0,0.655269,0.740604,0.148754
0,0,0.385488,-0.903795,0.185886
0,0,0.850439,-0.51411,0.111552
0,0,0.472431,0.860339,0.191377
0,0,0.617593,-0.163731,0.769266
0,0,0.489619,0.398979,0.775299
0,0,-0.232774,0.688802,0.686563
0,0,0.805123,-0.436158,0.401924
0,0,0.389345,0.790776,0.472317
0,0,0.56539,0.799166,0.204127
0,0,-0.0164619,-0.527363,0.84948
0,0,0.259554,-0.948117,0.183594
0,0,-0.445491,0.374405,0.81324
0,0,0.357237,0.76404,0.537237
0,0,0.0813582,-0.685751,0.723275
0,0,0.554037,0.812916,0.179471
0,0,-0.660575,-0.72977,0.176285
0,0,-0.739571,-0.0998542,0.66563
0,0,0.198068,-0.258014,0.94562
0,0,-0.888806,0.194911,0.41477
0,0,0.369064,0.630521,0.682814
0,0,0.609485,0.761128,0.221838
0,0,-0.468432,0.521842,0.712918
0,0,-0.0660546,0.509136,0.858148
0,0,0.9611,0.26225,0.0866759
0,0,0.419747,-0.400982,0.814264
0,0,0.980664,-0.0896158,0.173973
0,0,-0.230974,-0.626726,0.744222
0,0,0.996263,-0.0603594,0.0617806
0,0,0.487274,-0.760288,0.429565
0,0,-0.500012,0.806057,0.316638
0,0,0.539529,0.841937,0.00714694
0,0,0.75386,-0.449396,0.479309
0,0,0.882344,-0.0531274,0.467596
0,0,0.234814,-0.511375,0.826655
0,0,0.225214,-0.961528,0.157299
0,0,0.56524,0.692296,0.448588
0,0,-0.516477,0.146266,0.843717
0,0,0.910392,-0.384945,0.151671
0,0,0.564097,0.367255,0.739539
0,0,0.986458,-0.163957,0.00420775
0,0,-0.443875,0.895883,0.0192193
0,0,-0.0452429,0.352035,0.934893
0,0,0.772844,0.528585,0.351156
0,0,-0.882151,0.369717,0.291752
0,0,0.422541,-0.877905,0.22526
0,0,-0.517531,-0.615745,0.594155
0,0,0.296513,0.95428,0.0378202
0,0,0.485238,0.518853,0.703801
0,0,-0.675697,-0.701794,0.225651
0,0,0.814298,0.293417,0.500825
0,0,-0.507576,0.188235,0.840793
0,0,-0.0242904,-0.913858,0.405308
0,0,0.325663,-0.556232,0.764559
0,0,0.591593,-0.509839,0.624565
0,0,0.77593,-0.468144,0.422817
0,0,-0.979423,-0.115787,0.165301
0,0,-0.536796,0.788794,0.299423
0,0,-0.986296,0.104744,0.127467
0,0,0.453878,0.286033,0.843908
0,0,0.542757,0.838859,0.0416019
0,0,-0.315732,-0.669823,0.67205
0,0,0.129601,-0.57753,0.806016
0,0,-0.516103,0.354401,0.779768
0,0,-0.158518,0.528033,0.834298
0,0,-0.528947,-0.688176,0.496617
0,0,-0.459937,0.827698,0.321519
0,0,0.536515,-0.805713,0.250954
0,0,-0.422428,-0.45986,0.781079
0,0,0.107022,0.994234,0.0067453
0,0,0.345723,0.582018,0.736024
0,0,-0.524613,0.619549,0.583901
0,0,0.565649,-0.721202,0.399887
0,0,-0.432121,0.867261,0.247246
0,0,-0.671444,-0.640034,0.373525
0,0,0.493078,-0.396415,0.774422
0,0,0.581629,0.809121,0.0838481
0,0,0.313907,0.861579,0.398928
0,0,-0.574102,-0.792356,0.206348
0,0,-0.910475,-0.000244367,0.413564
0,0,-0.21756,0.976003,0.00924658
0,0,0.912204,-0.378399,0.157158
0,0,-0.292061,-0.953536,0.0739503
0,0,-0.87005,0.491285,0.0406458
0,0,0.866869,0.469533,0.167564
0,0,-0.638607,-0.15726,0.753293
0,0,0.929894,-0.358228,0.0834789
0,0,-0.143972,-0.208331,0.967404
0,0,0.0296187,0.414252,0.90968
0,0,-0.171663,0.36988,0.913083
0,0,0.866651,-0.491152,0.087669
0,0,-0.748405,-0.137932,0.648741
0,0,-0.452235,0.128668,0.882569
0,0,0.395017,-0.904491,0.160802
0.922858,0.837852,0.41962,0.806545,-0.416419
0,0,-0.669522,0.0574469,0.740568
0,0,0.0226685,-0.866726,0.498269
0,0,-0.958969,0.275345,0.0675502
0,0,-0.437112,0.242002,0.866238
0,0,0.682285,0.501659,0.531813
0,0,-0.010843,0.952898,0.303096
0,0,-0.343715,-0.904957,0.250823
0,0,-0.822366,-0.568741,0.0157485
0,0,0.315443,0.919403,0.234936
0,0,0.603222,0.669739,0.433097
0,0,-0.366773,-0.421544,0.829324
0,0,-0.259491,-0.675048,0.690634
0,0,-0.743029,0.512947,0.429876
0,0,-0.354689,0.118522,0.927442
0,0,0.79973,0.399179,0.448429
0,0,0.647577,-0.757762,0.0802573
0,0,0.969846,0.102136,0.221285
0,0,0.718992,0.694962,0.00887385
0,0,-0.315686,-0.907495,0.277119
0,0,-0.918037,0.396008,0.0196355
0,0,-0.528113,0.837418,0.140807
0,0,0.446605,-0.894424,0.0234371
0,0,-0.870429,0.18259,0.457182
0,0,-0.851626,-0.00401836,0.524135
0,0,-0.236336,-0.85379,0.463884
0,0,0.207457,-0.872152,0.443072
0,0,-0.693741,-0.180203,0.697316
0,0,0.816386,0.38265,0.432543
0,0,-0.736535,-0.344309,0.582209
0,0,-0.754959,-0.35364,0.552247
0,0,0.934126,-0.03845,0.354867
0,0,0.541855,0.418455,0.728896
0,0,-0.998547,-0.0195071,0.0502265
0,0,-0.416051,0.535985,0.73459
0,0,-0.70059,-0.059102,0.711113
0,0,0.284957,0.695909,0.659174
0,0,-0.703196,0.19785,0.682913
0,0,-0.918527,0.395186,0.0116888
0,0,0.693175,0.448859,0.563945
0,0,-0.644783,0.13353,0.752612
0,0,0.974315,0.218555,0.0542534
0,0,0.876796,0.417899,0.237884
0,0,-0.589456,0.502571,0.632427
0,0,0.44767,-0.658662,0.604778
0,0,0.815531,-0.386033,0.431148
0,0,0.742361,0.206941,0.637241
0,0,0.0880766,-0.709506,0.699174
0,0,0.683703,-0.486619,0.543831
0,0,-0.769855,0.566334,0.294259
0,0,0.699593,-0.661167,0.270976
0,0,-0.921492,-0.197867,0.334218
0,0,0.592029,0.799787,0.0992086
0,0,0.709738,-0.420799,0.564978
0,0,0.724018,-0.611398,0.319359
0,0,0.12693,0.388158,0.91281
0,0,0.165172,-0.452442,0.876364
0,0,-0.912286,-0.180146,0.367807
11.594,17.8474,0.0857923,0.326473,0.941305
0,0,-0.500884,0.449502,0.739637
0,0,0.100103,0.453436,0.885649
0,0,0.376766,0.813437,0.443133
0,0,0.511944,-0.552148,0.658062
0,0,0.253391,0.719308,0.64683
0,0,0.363061,0.454922,0.813162
0,0,-0.0709219,0.349124,0.934389
0,0,0.0921588,0.818285,0.567377
0,0,0.480289,0.398631,0.781291
0,0,-0.697674,0.50599,0.507174
0,0,-0.697403,-0.716492,0.0163777
0,0,-0.430535,0.335778,0.837791
0,0,0.594612,-0.699951,0.395607
0,0,-0.419886,0.385849,0.821472
0,0,-0.839149,0.21239,0.500718
0,0,-0.121381,-0.92093,0.370344
0,0,-0.84242,0.517818,0.148975
0,0,0.955489,-0.244675,0.16485
0,0,0.14581,0.833539,0.532872
0,0,0.600777,-0.193227,0.775713
0,0,0.736056,-0.515754,0.438429
0,0,-0.351749,0.616667,0.704269
0,0,-0.609924,0.0327799,0.791782
0,0,0.673816,0.719029,0.170202
0,0,0.849555,0.471757,0.236011
0,0,-0.816824,0.00286427,0.57688
0,0,-0.523298,0.7282,0.442588
0,0,-0.813105,0.452628,0.366045
0,0,-0.972324,0.00716221,0.233528
0,0,-0.313656,-0.7126,0.627552
0,0,-0.413193,-0.663409,0.623828
0,0,-0.98961,-0.125275,0.0705628
0,0,-0.961659,0.22436,0.157716
0,0,-0.576243,0.65388,0.490291
0,0,-0.687728,-0.501578,0.524834
0,0,-0.381797,-0.822941,0.420712
0,0,0.580717,-0.787073,0.208049
8.82529,12.9194,-0.704759,-0.176259,0.687203
0,0,0.843437,-0.171174,0.509228
0,0,0.163886,-0.976713,0.138463
0,0,0.925683,0.137626,0.352377
0,0,-0.504098,0.816992,0.280015
0,0,-0.433316,-0.60884,0.664494
0,0,0.11004,-0.828555,0.548988
0,0,-0.491226,0.629082,0.602455
0,0,0.42423,-0.476645,0.76996
0,0,-0.414869,-0.446086,0.793027
0,0,-0.0182294,-0.736652,0.676026
0,0,-0.807412,0.248002,0.535332
0,0,0.243301,-0.836731,0.490598
0,0,-0.547026,-0.601521,0.582182
0,0,0.135166,0.343135,0.92951
0,0,0.819725,0.570572,0.0499881
0,0,-0.810879,-0.584974,0.0167303
0,0,-0.0980246,-0.99377,0.0530359
0,0,-0.721175,0.647784,0.245526
0,0,-0.00445033,-0.804923,0.593363
0,0,0.756102,-0.356309,0.548957
0,0,0.00258714,0.889804,0.456336
0,0,-0.967991,-0.166803,0.187538
0,0,-0.779201,0.150264,0.608495
0,0,-0.550176,0.548992,0.629217
0,0,-0.860952,-0.506604,0.0459846
0,0,-0.333415,-0.149907,0.930786
0,0,-0.592887,0.576963,0.561781
0,0,0.664085,-0.711963,0.228253
4.03227,6.56687,0.418387,0.72358,-0.548985
0,0,0.986911,-0.156195,0.0401114
0,0,-0.515513,0.352051,0.781221
0,0,-0.54421,0.725315,0.421609
0,0,-0.978335,-0.0278822,0.205142
0,0,0.407238,0.870269,0.277107
0,0,-0.0130342,0.0379886,0.999193
0,0,0.637392,0.719259,0.276401
0,0,-0.544984,-0.786415,0.290766
0,0,-0.859409,0.076325,0.50556
0,0,0.459948,0.14974,0.875229
0,0,0.613243,0.59757,0.516569
0,0,-0.477443,0.205372,0.854324
0,0,-0.0822051,-0.243772,0.966342
0,0,-0.602729,-0.740925,0.296221
0,0,0.863454,0.194761,0.465313
0,0,-0.312103,0.0314127,0.949529
0,0,0.266988,-0.149795,0.951987
0,0,0.480289,-0.632667,0.607499
0,0,-0.538301,-0.505422,0.674374
0,0,-0.488537,-0.0433977,0.871463
0,0,-0.38323,0.705038,0.596704
0,0,0.164371,0.93821,0.30454
0,0,0.351052,0.876964,0.328173
0,0,-0.0211704,-0.471111,0.88182
0,0,0.2482,-0.878972,0.407192
0,0,-0.156954,-0.379173,0.911917
0,0,0.789742,-0.0351993,0.612428
0,0,0.873162,-0.14962,0.463899
0,0,0.880536,-0.198061,0.430614
0,0,-0.0763678,0.954554,0.288089
13.5335,21.8746,-0.697203,-0.305488,0.648525
0,0,-0.911365,0.35643,0.205842
0,0,0.92055,0.382541,0.0790552
0,0,-0.866565,-0.203707,0.455597
0,0,0.00435148,0.933805,0.357756
0,0,0.34387,-0.41453,0.842566
0,0,-0.80543,-0.568887,0.166281
0,0,0.315054,0.0168193,0.948925
0,0,0.996969,-0.0581348,0.0517102
0,0,-0.841118,-0.0978488,0.531926
0,0,0.819051,-0.207365,0.534935
0,0,0.124162,0.936368,0.328326
0,0,0.577251,-0.790158,0.205988
0,0,0.0319272,-0.530748,0.846928
0,0,-0.644293,-0.739948,0.193296
0,0,-0.82749,-0.558575,0.057046
0,0,-0.456385,-0.510213,0.728969
0,0,0.769266,-0.538659,0.343621
0,0,-0.846077,-0.134474,0.515821
0,0,0.775207,-0.111011,0.621876
0,0,0.790823,-0.574914,0.209934
0,0,-0.73366,0.226516,0.640651
0,0,0.689256,0.624663,0.367045
0,0,0.48298,-0.871076,0.0892047
0,0,-0.941992,-0.158923,0.295625
0,0,-0.650496,-0.0658283,0.756651
0,0,-0.0155323,-0.983195,0.181899
0,0,0.00925917,0.462088,0.886786
0,0,-0.303841,-0.674568,0.672785
0,0,-0.708391,-0.677843,0.196751
0,0,0.031951,-0.319646,0.946998
0,0,-0.706691,-0.560774,0.431417
0,0,-0.71639,0.676904,0.169077
0,0,0.0193997,0.420758,0.906965
0,0,0.789144,0.426547,0.441938
0,0,-0.593974,0.417302,0.687789
0,0,-0.442244,-0.796149,0.412997
0,0,0.496278,-0.0398573,0.867248
0,0,-0.504572,0.498197,0.705129
0,0,0.48128,-0.653195,0.584555
0,0,-0.46899,-0.0851957,0.879085
0,0,0.167602,-0.532605,0.829603
0,0,0.543173,0.124272,0.830373
0,0,0.817982,-0.501168,0.282376
0,0,0.145655,0.837656,0.526419
0,0,0.438546,0.39317,0.808143
0,0,0.621538,-0.313342,0.717988
0,0,0.343395,0.163792,0.924798
0,0,0.166668,0.647394,0.743709
0,0,-0.79284,0.60861,0.0315989
0,0,-0.12618,-0.0721863,0.989378
0,0,-0.869883,0.348073,0.349498
0,0,0.00283785,-0.755746,0.654859
0,0,-0.175778,-0.860231,0.47865
0,0,0.311567,0.0690186,0.947714
0,0,0.896932,0.284587,0.338414
0,0,0.0470637,0.0631445,0.996894
0,0,0.17192,-0.733895,0.657147
0,0,0.279164,0.21821,0.935121
0,0,-0.371808,0.2845,0.883639
0,0,0.944494,0.3229,0.0605534
0,0,0.746122,0.369725,0.55372
0,0,0.185722,0.173456,0.967171
0,0,-0.273711,-0.0152227,0.961691
0,0,-0.164043,0.325954,0.931045
0,0,0.169842,-0.971396,0.165963
0,0,-0.245014,-0.434274,0.866818
0,0,-0.417773,-0.364328,0.832304
0,0,0.47423,-0.433055,0.76653
0,0,-0.191008,-0.699952,0.688174
0,0,-0.723284,0.690362,0.0161046
0,0,-0.384486,-0.250427,0.888514
0,0,-0.552347,-0.814578,0.177132
0,0,0.0309821,0.461404,0.886649
0,0,-0.579424,0.182012,0.794443
0,0,-0.34688,-0.278483,0.895612
0,0,-0.040736,0.997218,0.0624291
0,0,0.0701185,0.430535,0.899846
0,0,-0.84495,0.492511,0.208549
0,0,-0.608422,0.467296,0.641449
0,0,0.715859,0.698225,0.0052962
0,0,-0.0825396,-0.973369,0.213871
0,0,0.514794,-0.038503,0.856449
0,0,-0.756956,-0.614607,0.22198
0,0,0.960285,0.274684,0.0490145
0,0,0.215215,-0.797845,0.563139
0,0,-0.0392464,-0.0486323,0.998045
0,0,-0.677365,0.660021,0.324883
0,0,0.256866,0.885248,0.387757
0,0,0.926286,-0.36924,0.0752051
0,0,-0.358148,-0.821493,0.44371
0,0,-0.510604,-0.731578,0.45175
0,0,0.737523,0.357149,0.573153
0,0,-0.517294,0.31426,0.796019
0,0,0.38589,0.535431,0.751267
0,0,-0.521301,0.770013,0.367866
0,0,0.984759,0.0549903,0.165002
0,0,-0.502405,0.730985,0.461791
0,0,0.659286,0.743811,0.109943
0,0,0.326218,-0.684645,0.6518
0,0,0.402897,-0.335612,0.851492
0,0,0.249783,-0.954111,0.165168
0,0,0.875872,0.478544,0.061997
0,0,0.148219,-0.620318,0.770219
0,0,-0.144874,-0.267038,0.952734
0,0,0.0652631,-0.354494,0.932778
0,0,0.449413,-0.647626,0.615312
0,0,0.966287,0.182866,0.181246
0,0,0.711505,-0.555867,0.429851
0,0,-0.767039,0.235319,0.596889
0,0,0.582831,-0.772117,0.253266
0,0,-0.185528,-0.933871,0.305719
0,0,-0.970951,-0.107615,0.213714
0,0,0.156393,-0.686835,0.709787
0,0,0.0118415,-0.748975,0.662493
0,0,0.186263,0.818679,0.543204
0,0,-0.956008,-0.068279,0.285284
0,0,0.540937,-0.42211,0.727469
0,0,-0.704713,0.54111,0.458889
0,0,0.741561,-0.0437803,0.669455
0,0,-0.375604,-0.892203,0.250791
0,0,-0.738941,0.611367,0.283191
0,0,0.392122,-0.71335,0.580837
0,0,-0.550763,0.311513,0.774351
0,0,-0.119623,-0.950651,0.286274
0,0,0.88277,-0.454921,0.117318
11.6795,16.9786,-0.535413,0.734387,0.417145
0,0,0.377757,0.896668,0.230839
0,0,0.31071,-0.844162,0.436864
0,0,0.781104,-0.360717,0.509666
0,0,-0.353169,-0.900782,0.252711
0,0,-0.835184,-0.504787,0.218308
0,0,0.471881,-0.716979,0.513097
0,0,0.396746,-0.135394,0.907888
0,0,-0.972989,0.0453929,0.226343
0,0,0.801994,-0.22687,0.552572
0,0,-0.632304,-0.312265,0.709001
0,0,-0.165313,-0.712479,0.681943
0,0,-0.643266,0.314195,0.698205
0,0,0.294526,-0.510644,0.807773
0,0,0.962323,-0.14172,0.232058
0,0,0.754245,-0.528108,0.390148
0,0,-0.738206,0.484508,0.469365
0,0,0.629539,-0.046743,0.775562
0,0,0.505603,-0.781126,0.366343
0,0,-0.42687,-0.100163,0.898749
0,0,-0.858996,0.336013,0.386292
0,0,-0.718446,-0.0136933,0.695448
0,0,-0.0138251,-0.988549,0.150266
0,0,0.875912,0.287436,0.387502
0,0,0.140084,0.710324,0.689794
0,0,-0.757728,-0.57259,0.313033
0,0,0.910669,-0.309425,0.273749
0.801171,1.3505,0.6807,-0.261931,0.684134
0,0,0.585528,-0.770256,0.252711
0,0,0.633771,-0.477592,0.608474
0,0,-0.584531,0.74634,0.318277
0,0,0.791452,-0.107144,0.601767
0,0,-0.379512,-0.862766,0.334074
0,0,0.352947,-0.934961,0.0357179
0,0,0.169825,-0.854273,0.491301
0,0,0.205204,-0.398766,0.893799
0,0,0.487286,-0.171483,0.856239
0,0,-0.328661,-0.401401,0.854903
0,0,-0.188805,-0.937125,0.293512
0,0,0.570822,0.535859,0.622107
0,0,0.772274,-0.611348,0.17276
0,0,0.473118,0.879509,0.0512146
0,0,-0.498969,-0.862178,0.0876311
0,0,0.649201,0.23018,0.724952
0,0,0.468473,-0.814266,0.342787
0,0,0.798073,0.601998,0.0260249
0,0,0.596297,0.390297,0.701497
0,0,-0.739875,-0.225399,0.633861
0,0,-0.292723,-0.0246835,0.955879
0,0,0.367423,0.48153,0.795694
0,0,-0.321173,0.230143,0.918631
0,0,-0.431436,0.291147,0.853871
0,0,-0.719576,-0.548261,0.426169
0,0,0.627362,-0.746238,0.22259
0,0,-0.627701,0.231103,0.74336
0,0,-0.354989,0.928007,0.113078
0,0,-0.42583,0.701904,0.570964
15.2517,21.7017,0.592267,0.188389,0.783409
0,0,-0.620439,0.755219,0.211422
0,0,0.860197,0.146256,0.48854
0,0,-0.0296486,-0.425897,0.904286
0,0,-0.942073,-0.221046,0.252264
0,0,-0.410199,-0.632881,0.656657
0,0,0.939485,0.337488,0.0589088
0,0,0.089345,-0.970703,0.223054
0,0,0.0831567,-0.902818,0.421906
0,0,0.562964,-0.210902,0.799119
0,0,0.866641,0.19275,0.460196
0,0,-0.650654,-0.689578,0.318013
0,0,0.855541,-0.511449,0.0804331
0,0,0.318842,0.0655685,0.945537
0,0,-0.378109,-0.677939,0.630422
0,0,0.660424,0.230686,0.71458
0,0,-0.740873,-0.516739,0.429054
0,0,0.663782,-0.60602,0.438331
0,0,0.854004,0.496057,0.15686
0,0,-0.600017,-0.792915,0.106141
0,0,0.268425,-0.61765,0.739227
0,0,-0.762517,0.581207,0.284194
0,0,-0.606034,-0.476235,0.63712
0,0,0.0567472,0.98696,0.150631
0,0,-0.415603,0.576385,0.703601
0,0,0.724341,0.687764,0.0480756
0,0,0.52356,-0.609698,0.595108
0,0,0.925575,0.189868,0.327509
0,0,0.806618,-0.079481,0.585705
0,0,0.0840017,-0.862602,0.498859
0,0,-0.954289,0.0576527,0.293272
0,0,-0.66298,0.00605755,0.748613
0,0,-0.590659,0.114366,0.798775
0,0,-0.589941,-0.699205,0.403834
0,0,0.280985,-0.932879,0.225353
0,0,-0.617355,-0.786075,0.0309695
0,0,0.506823,0.029179,0.861556
0,0,-0.562431,0.825479,0.0474961
0,0,-0.307392,0.769287,0.560096
0,0,0.57434,-0.435646,0.69307
0,0,0.028455,-0.483164,0.875067
0,0,0.368683,-0.421976,0.828256
0,0,-0.672159,0.105214,0.732893
0,0,0.753778,-0.630753,0.184307
0,0,-0.943438,0.248751,0.219198
0,0,0.800262,0.215897,0.559437
0,0,-0.0506288,-0.698962,0.713364
0,0,-0.174846,-0.76384,0.621271
0,0,-0.551929,0.175686,0.815174
0,0,-0.850262,-0.357764,0.386082
0,0,0.967502,-0.0565725,0.246455
0,0,0.259585,0.687637,0.678064
0,0,0.277829,-0.291343,0.915385
0,0,0.575445,0.626476,0.525729
0,0,0.0124342,0.981285,0.192162
0,0,-0.635383,-0.227729,0.737854
0,0,-0.346733,0.118295,0.930475
22.4899,32.0324,-0.0510823,0.840387,0.539574
0,0,0.815319,-0.367123,0.447746
0,0,-0.404368,0.558604,0.724188
0,0,-0.801868,0.500815,0.325871
0,0,0.0910588,0.703506,0.704832
0,0,-0.494339,-0.54164,0.679894
0,0,-0.72273,-0.406674,0.558818
0,0,0.742543,-0.669099,0.0306095
0,0,-0.645974,0.722394,0.246709
0,0,-0.7052,0.357102,0.612512
0,0,-0.243484,0.47278,0.846874
0,0,0.932266,0.116129,0.342629
0,0,-0.982971,-0.18364,0.00666998
0,0,-0.0555775,-0.791248,0.608964
0,0,0.085551,0.480708,0.872698
0,0,-0.565755,0.487832,0.664786
0,0,-0.258689,-0.305252,0.916461
0,0,-0.54277,0.400362,0.738316
0,0,0.00893551,0.974287,0.225131
0,0,-0.838858,-0.0613558,0.540881
0,0,0.0758294,0.963322,0.257413
0,0,-0.374069,0.869466,0.322648
0,0,-0.277234,-0.366225,0.888268
0,0,0.969185,-0.0985147,0.225775
5.92105,7.52112,0.299287,0.10871,0.94795
0,0,-0.12966,-0.978877,0.158076
0,0,-0.978579,-0.191655,0.0751763
0,0,-0.613605,0.499575,0.611485
0,0,-0.68825,0.115884,0.716158
0,0,-0.994299,0.0996134,0.0380383
0,0,0.0481655,0.9153,0.399882
0,0,0.55893,0.771871,0.303005
0,0,0.444484,-0.893583,0.0627981
0,0,-0.520997,-0.444964,0.728402
0,0,-0.557884,-0.527382,0.640807
0,0,0.764413,0.641745,0.0619345
0,0,0.120317,0.93435,0.335432
0,0,0.14682,-0.289145,0.945959
0,0,0.421632,0.762323,0.491009
0,0,0.701392,-0.704677,0.107143
0,0,0.214243,-0.85674,0.469144
0,0,0.226948,0.447855,0.864824
0,0,0.818823,-0.500494,0.281129
0,0,0.638452,-0.32489,0.697728
0,0,0.406395,0.455857,0.791857
0,0,-0.344386,0.271468,0.898723
0,0,0.468594,0.451512,0.759313
0,0,0.225915,-0.65254,0.723293
0,0,0.406025,-0.751269,0.520325
0,0,0.42133,-0.610655,0.670509
0,0,0.153478,0.476121,0.865883
0,0,0.273245,0.377991,0.884568
0,0,-0.202601,-0.837367,0.507709
0,0,-0.244443,0.825531,0.508671
0,0,-0.852806,-0.0743343,0.516911
0,0,-0.410147,0.569339,0.712484
0,0,0.781503,0.295214,0.549638
0,0,0.502001,-0.135822,0.854135
0,0,-0.183717,-0.230934,0.955467
0,0,0.66699,0.304033,0.680212
0,0,0.187783,-0.847875,0.495829
0,0,-0.819104,-0.188382,0.541832
0,0,0.980923,-0.0105029,0.194112
0,0,0.616092,-0.739757,0.270537
0,0,0.617203,-0.769468,0.164254
0,0,0.860328,-0.321905,0.395238
0,0,-0.0587486,-0.964598,0.257099
0,0,0.375728,-0.904056,0.203746
0,0,0.678631,-0.184395,0.710956
0,0,-0.639664,-0.413042,0.648249
0,0,-0.276377,-0.851198,0.446181
0,0,-0.00970587,0.216737,0.976182
0,0,-0.852122,-0.106143,0.512466
0,0,0.04478,0.997324,0.0577897
0,0,-0.928759,0.329159,0.170475
0,0,-0.043721,-0.387396,0.920876
0,0,0.194788,-0.980845,4.96107e-05
0,0,-0.403115,0.757614,0.513342
0,0,-0.87671,0.445172,0.182214
0,0,0.240078,0.865062,0.440489
0,0,-0.696593,-0.280991,0.660154
0,0,0.581127,0.504168,0.638832
0,0,-0.605082,-0.589374,0.535271
0,0,-0.509001,0.860629,0.0153382
0,0,0.560744,0.0420366,0.826922
0,0,-0.303353,0.207703,0.929966
0,0,-0.808012,0.197732,0.554995
0,0,-0.278924,-0.455363,0.845486
0,0,-0.456317,0.878428,0.141909
0,0,-0.529629,0.581689,0.617358
0,0,0.547793,0.818784,0.171802
0,0,0.363492,0.0132471,0.931503
0,0,0.303053,-0.365113,0.880256
0,0,-0.743868,-0.576754,0.337662
0,0,0.0212031,-0.909074,0.416095
0,0,0.47386,-0.813639,0.33682
0,0,0.809558,-0.57744,0.105734
0,0,0.396984,0.487919,0.777393
0,0,0.654305,-0.717667,0.238409
0,0,0.582402,0.698617,0.415623
0,0,-0.893173,0.202532,0.401526
0,0,-0.529223,-0.543101,0.651893
0,0,0.523103,-0.816141,0.245515
0,0,0.830578,0.476052,0.288988
0,0,0.349265,0.429706,0.832687
0,0,0.217963,-0.899506,0.378656
0,0,-0.359067,-0.224075,0.906014
0,0,0.0111259,-0.953979,0.299666
0,0,-0.0902566,-0.927574,0.362575
0,0,-0.763702,0.389589,0.514762
0,0,-0.489672,0.843073,0.222372
0,0,-0.0294913,0.322743,0.946027
0,0,-0.110855,0.639957,0.760373
0,0,-0.194273,0.0165338,0.980808
0,0,-0.399902,0.785036,0.473071
0,0,-0.3461,0.189652,0.918829
0,0,-0.749427,-0.523886,0.404848
0,0,-0.936528,-0.123906,0.327966
0,0,-0.0105734,0.22585,0.974105
0,0,-0.593289,-0.804276,0.0339031
0,0,-0.440418,0.838061,0.322004
0,0,0.823794,0.566734,0.0132945
0,0,0.845588,0.366799,0.387865
0,0,-0.722066,-0.635169,0.274191
0,0,0.812944,0.561047,0.156037
0,0,0.181385,0.943395,0.27768
0,0,-0.222143,0.403674,0.887525
0,0,-0.417975,0.719358,0.554816
0,0,-0.581327,-0.795071,0.172977
0,0,0.320926,0.616803,0.718721
0,0,-0.0764796,0.314015,0.946333
0,0,0.914189,0.404253,0.0289571
0,0,0.378753,0.629516,0.678421
0,0,0.00847508,0.304056,0.952617
0,0,0.382847,-0.503939,0.774257
0,0,-0.956116,0.149511,0.251968
0,0,0.00131799,-0.974694,0.223538
0,0,-0.877383,-0.233355,0.41922
0,0,-0.0590052,0.66526,0.744276
0,0,-0.735522,-0.0250325,0.677038
0,0,0.129326,-0.349211,0.928077
0,0,0.478114,0.462551,0.746628
0,0,0.289046,0.844629,0.450615
0,0,-0.0870204,-0.850191,0.519234
0,0,0.895358,-0.0183074,0.444971
0,0,0.547045,0.15778,0.822099
0,0,0.592933,-0.694162,0.408129
0,0,-0.428497,0.767913,0.476131
0,0,0.430696,0.717922,0.54689
0,0,-0.301201,-0.922486,0.241448
0,0,0.160394,-0.365567,0.916861
0,0,0.508333,0.731321,0.454717
0,0,0.56763,0.704291,0.426346
0,0,-0.707339,-0.706714,0.0150818
0,0,-0.262683,-0.328169,0.90736
0,0,0.469503,-0.881605,0.048371
0,0,0.940738,-0.243164,0.236397
0,0,0.66579,-0.299275,0.68349
0,0,-0.867567,0.15783,0.471611
0,0,-0.843502,-0.00431412,0.537109
0,0,0.356963,-0.851226,0.384696
0,0,-0.92157,-0.138124,0.362808
0,0,0.157347,0.917632,0.364956
0,0,0.742506,0.654325,0.143327
0,0,-0.798975,-0.599336,0.0493528
0,0,0.341237,-0.314949,0.885644
0,0,0.903728,0.166248,0.394509
0,0,-0.839077,0.343329,0.421989
0,0,-0.98752,0.147596,0.0549452
0,0,-0.567633,0.552117,0.610704
0,0,0.027028,0.0516346,0.9983
0,0,-0.482462,0.515341,0.708275
0,0,0.338593,0.912626,0.229061
0,0,0.752826,-0.658088,0.0131409
0,0,0.00780912,0.0260026,0.999631
0,0,0.262344,-0.636601,0.7252
0,0,0.0108905,-0.690715,0.723045
0,0,-0.302939,0.939911,0.157466
0,0,-0.153627,-0.888417,0.432567
0,0,0.0386599,-0.897537,0.439241
0,0,-0.121125,0.660997,0.740548
0,0,-0.978055,0.162645,0.130212
0,0,-0.0880598,-0.311507,0.946155
0,0,0.614613,-0.202376,0.762427
0,0,-0.445397,0.21433,0.869301
0,0,0.367458,0.429896,0.824721
0,0,0.0445593,0.867271,0.495839
0,0,-0.762358,0.18867,0.619042
0,0,-0.759725,0.480593,0.438006
0,0,0.217995,-0.658576,0.720247
0,0,-0.114997,-0.137769,0.983766
0,0,0.742444,-0.46875,0.478592
0,0,0.290177,-0.885929,0.361839
0,0,0.873297,0.02369,0.486612
0,0,-0.628915,-0.558909,0.54045
0,0,-0.327909,-0.176828,0.928013
0,0,0.427157,-0.236907,0.872589
0,0,-0.149508,0.704491,0.693786
0,0,0.104657,0.502375,0.858293
0,0,0.827227,0.453074,0.332295
0,0,0.507184,0.0219406,0.861559
0,0,-0.710847,-0.556355,0.43031
0,0,-0.429962,0.825073,0.366587
0,0,0.532016,-0.232911,0.814071
0,0,0.145151,-0.394924,0.907175
0,0,0.555686,0.671625,0.490034
0,0,-0.440807,-0.896752,0.0390524
0,0,0.625325,-0.639258,0.44757
0,0,-0.140889,0.989206,0.0402744
0,0,0.442787,-0.0708777,0.893821
0,0,0.763636,0.57296,0.29762
0,0,-0.0895211,0.950543,0.297411
13.2996,20.8234,0.145095,-0.453156,0.879544
0,0,0.886394,0.23338,0.399799
0,0,0.888389,-0.310593,0.338078
0,0,-0.014721,0.899575,0.436518
0,0,-0.582742,0.781395,0.223233
0,0,0.184937,-0.932301,0.310827
7.75949,12.295,-0.0912772,0.312686,0.945461
0,0,-0.984537,0.0343751,0.17177
0,0,-0.308781,-0.921204,0.236721
0,0,-0.886232,0.374167,0.273115
0,0,-0.264584,0.913813,0.308126
0,0,-0.156787,-0.447709,0.880326
0,0,0.480337,-0.537497,0.693089
0,0,0.00905455,-0.907754,0.419406
0,0,0.158948,-0.565698,0.809148
0,0,-0.363219,-0.90001,0.240942
0,0,-0.652988,-0.631229,0.418517
0,0,0.560614,0.200475,0.803444
0,0,-0.86641,0.293767,0.403775
0,0,0.722142,-0.0176623,0.691519
0,0,-0.707705,-0.447396,0.5468
0,0,-0.891621,0.197113,0.407626
0,0,-0.264541,0.56593,0.780859
0,0,-0.495277,0.501585,0.709305
0,0,-0.0540866,-0.991888,0.115038
15.3407,21.6102,-0.151756,-0.0689385,0.986011
0,0,-0.933874,0.297388,0.198595
0,0,0.484131,-0.783643,0.389257
0,0,0.167206,0.655523,0.736431
0,0,0.373017,-0.910309,0.179434
0,0,-0.693244,-0.640329,0.330745
0,0,0.675338,-0.683375,0.277339
0,0,0.764379,-0.630807,0.133442
0,0,-0.16982,0.114667,0.978781
0,0,-0.119429,-0.788321,0.603562
16.0335,21.1987,-0.776038,-0.611351,0.154966
0,0,-0.394663,-0.912186,0.110259
0,0,0.96851,-0.0956339,0.229875
0,0,-0.974666,-0.202714,0.0945172
0,0,0.0520766,-0.537489,0.841661
0,0,0.353435,-0.343424,0.87014
0,0,0.532429,-0.748358,0.395577
0,0,-0.119374,-0.864431,0.488375
0,0,0.515904,-0.202932,0.832263
0,0,-0.200955,-0.978583,0.0446255
0,0,-0.115353,-0.687849,0.716629
0,0,-0.165278,-0.924422,0.343695
0,0,0.0387104,0.831314,0.554453
0,0,0.733676,0.627645,0.260347
0,0,-0.634958,-0.524233,0.567457
0,0,-0.818496,0.515728,0.253159
0,0,0.580621,-0.687548,0.436071
0,0,-0.722103,0.409682,0.557429
0,0,-0.0789952,-0.633222,0.769929
0,0,-0.968739,0.0601578,0.240678
0,0,-0.716339,-0.0406983,0.696565
0,0,-0.151402,-0.63524,0.757329
0,0,0.990098,-0.0873548,0.109885
0,0,0.126604,-0.903962,0.40844
0,0,0.32139,0.790527,0.521321
0,0,0.585192,0.0903276,0.805848
0,0,-0.32555,0.94148,0.0873593
0,0,-0.484833,-0.304643,0.819835
0,0,-0.574287,0.75909,0.306555
0,0,0.462411,0.589293,0.662503
0,0,0.782048,0.589186,0.20313
0,0,0.36769,-0.70182,0.610125
0,0,-0.96686,0.143934,0.210865
0,0,-0.294869,0.953859,0.0566175
0,0,0.980838,-0.0428628,0.19005
0,0,-0.876546,0.441936,0.190679
0,0,-0.272182,-0.880826,0.38738
0,0,0.280983,-0.166196,0.945213
0,0,0.35426,0.12908,0.926196
0,0,0.00338516,0.777935,0.628335
0,0,-0.980792,0.0413817,0.190617
0,0,-0.043049,0.0436226,0.99812
0,0,0.506999,-0.853798,0.118245
0,0,0.565446,0.667652,0.484264
0,0,0.878298,0.44511,0.174554
0,0,-0.590198,0.426997,0.685083
0,0,-0.60885,0.280819,0.741918
0,0,0.465295,0.782121,0.414472
0,0,0.768999,-0.164587,0.617699
0,0,-0.153192,0.932989,0.325674
0,0,-0.505167,0.835147,0.21757
0,0,0.502644,0.851173,0.151171
0,0,0.1903,0.910004,0.368346
20.7935,29.8585,-0.449199,0.428037,0.784222
0,0,-0.637713,0.12616,0.759872
0,0,0.886861,0.45434,0.0839783
0,0,0.689714,0.497814,0.525809
0,0,0.443011,-0.54564,0.71135
0,0,0.808108,0.149317,0.569795
0,0,0.330463,0.928411,0.169846
0,0,0.750404,-0.575942,0.324321
0,0,0.246767,0.949393,0.194319
0,0,-0.306188,-0.567509,0.764318
0,0,0.301422,0.452518,0.839269
0,0,0.608104,-0.605825,0.513016
0,0,0.850843,0.31846,0.417912
0,0,0.614296,0.167425,0.771109
0,0,-0.169724,-0.951241,0.257555
0,0,-0.800792,0.320197,0.506168
0,0,0.335483,-0.866009,0.370781
0,0,0.84131,-0.222279,0.492737
0,0,-0.948623,0.14037,0.283567
0,0,-0.694247,0.678722,0.239494
0,0,-0.642795,-0.661924,0.385578
0,0,0.593535,0.662407,0.457091
0,0,0.829325,0.555783,0.0576678
0,0,0.0105429,-0.99863,0.0512553
0,0,0.102764,-0.703742,0.702984
0,0,-0.688575,0.00933388,0.725105
0,0,0.596084,-0.775637,0.207538
0,0,0.678653,-0.495938,0.541734
0,0,0.128598,0.0724239,0.989049
0,0,-0.705328,0.631135,0.322771
0,0,-0.377305,-0.0313334,0.925559
0,0,-0.199637,0.727039,0.656932
0,0,-0.661386,-0.675499,0.32599
0,0,0.963981,-0.236566,0.121563
0,0,-0.31962,-0.0033976,0.94754
0,0,-0.67391,-0.502728,0.541397
0,0,-0.0443628,-0.856226,0.514693
0,0,-0.619081,0.731003,0.287009
0,0,0.301281,0.48174,0.822895
0,0,0.146223,-0.416447,0.897324
0,0,0.167876,0.619821,0.766577
0,0,0.220263,-0.442426,0.869335
0,0,0.875368,0.0918085,0.47466
0,0,0.15753,0.679952,0.716135
0,0,-0.751949,-0.361329,0.551375
0,0,-0.187781,0.826085,0.53134
0,0,-0.691578,-0.675598,0.255514
0,0,-0.173527,-0.790444,0.587441
0,0,-0.265199,-0.212769,0.940425
0,0,0.496725,-0.428343,0.754842
0,0,-0.493665,0.864284,0.0964807
0,0,0.723205,0.322168,0.610886
0,0,-0.973085,-0.226743,0.041154
0,0,-0.554892,0.798377,0.233856
0,0,0.68171,-0.183756,0.70817
0,0,0.262241,-0.679656,0.685053
0,0,0.702614,-0.665106,0.25292
0,0,-0.922308,-0.384404,0.039774
0,0,0.944444,-0.0466064,0.32535
0,0,-0.810129,-0.0377453,0.585036
0,0,0.0921273,-0.763783,0.638865
0,0,0.152587,0.348373,0.924853
0,0,0.958416,0.222499,0.178697
0,0,-0.9893,-0.142008,0.0334644
0,0,-0.912072,-0.338147,0.231908
0,0,-0.111956,0.382368,0.917203
0,0,0.744603,0.297441,0.597575
0,0,-0.31927,0.512844,0.796905
0,0,-0.758206,0.60195,0.250559
0,0,0.518244,0.247397,0.818668
0,0,0.863485,0.338372,0.374031
0,0,0.438466,0.479056,0.760429
0,0,-0.930211,-0.161836,0.329417
0,0,0.714075,-0.0596906,0.69752
0,0,-0.596851,0.170749,0.783973
0,0,-0.498324,0.478473,0.723005
0,0,0.308998,-0.254719,0.916318
0,0,0.0626977,0.7196,0.691553
18.4405,28.5291,-0.336223,0.443405,0.830871
0,0,-0.281659,0.952013,0.119745
0,0,0.815662,0.578366,0.0137346
0,0,0.567643,-0.823256,0.005661
0,0,-0.384924,-0.402662,0.83048
0,0,0.378016,-0.0400046,0.924934
0,0,0.27109,0.870719,0.410316
0,0,-0.442915,0.0401402,0.895664
0,0,0.191401,-0.041225,0.980646
0,0,-0.406514,0.314615,0.857766
0,0,-0.0149238,0.825607,0.564048
0,0,0.020157,-0.856371,0.515967
0,0,0.0969872,-0.0076567,0.995256
0,0,-0.735558,-0.670245,0.0986176
0,0,-0.842577,-0.388713,0.372781
0,0,0.218704,0.11608,0.968862
0,0,0.551079,0.712866,0.433745
0,0,-0.32477,0.048512,0.944548
0,0,0.599861,0.227589,0.767053
0,0,0.87367,0.479619,0.081642
0,0,-0.214208,0.269644,0.938833
0,0,-0.767016,0.0645368,0.638374
0,0,0.431945,0.319767,0.843311
0,0,0.592029,-0.268673,0.759814
0,0,-0.85626,-0.010764,0.516432
0,0,0.77784,-0.123009,0.616306
0,0,0.553582,0.403222,0.728669
0,0,-0.281425,0.484327,0.828388
0,0,0.991093,0.0822594,0.104733
0,0,-0.646422,0.652166,0.396003
0,0,0.617125,0.771848,0.152998
0,0,0.610847,0.0775216,0.787944
0,0,0.664653,-0.271953,0.695901
0,0,-0.846862,-0.0543709,0.529026
0,0,0.134902,-0.989938,0.0427169
0,0,0.290653,-0.899595,0.32596
0,0,0.624905,-0.779669,0.0401177
0,0,-0.773791,0.571006,0.274224
0,0,-0.207242,0.401939,0.891906
0,0,-0.614529,-0.497482,0.612262
0,0,-0.286737,-0.74621,0.600793
0,0,0.262457,-0.839209,0.476281
0,0,0.836123,0.533916,0.12583
0,0,-0.207301,-0.846389,0.490563
0,0,-0.268475,0.957604,0.104482
0,0,0.259105,0.378344,0.888662
0,0,0.405883,-0.529881,0.744638
0,0,0.621027,0.265641,0.737401
0,0,0.830361,0.408097,0.379417
0,0,0.78331,-0.148449,0.603646
0,0,0.903848,-0.396249,0.161387
0,0,-0.895433,0.143374,0.421478
0,0,0.132432,-0.982424,0.131546
0,0,0.259413,-0.928399,0.266045
0,0,-0.0713377,-0.930174,0.360121
0,0,-0.099778,0.874299,0.475022
0,0,-0.286033,0.601065,0.746261
0,0,0.623907,-0.693732,0.359828
0,0,0.734651,0.292369,0.612216
0,0,0.0981345,-0.564682,0.819453
0,0,-0.564871,0.565169,0.601252
0,0,0.90127,-0.428119,0.0665255
0,0,0.875894,-0.481879,0.0245425
0,0,0.563177,0.32569,0.759445
0,0,-0.565915,-0.309304,0.764246
0,0,-0.157097,0.973554,0.16587
0,0,-0.692259,-0.702591,0.164752
0,0,0.810853,0.576777,0.0992256
0,0,0.798429,-0.558569,0.224749
0,0,-0.476174,-0.59783,0.64487
0,0,0.0271935,-0.832019,0.554081
0,0,0.782348,0.114438,0.612238
0,0,-0.623213,0.359063,0.694751
0,0,0.405506,-0.834625,0.372782
0,0,0.495282,-0.0966322,0.863341
0,0,-0.378752,0.707657,0.596463
0,0,-0.0309568,-0.78516,0.618519
0,0,0.356896,0.205221,0.911323
0,0,-0.673924,-0.326762,0.662611
0,0,-0.726401,-0.556074,0.403886
0,0,-0.317738,0.948165,0.00509322
0,0,0.111206,0.990269,0.08367
0,0,0.0914994,0.964832,0.246429
0,0,0.682441,-0.722254,0.112354
0,0,-0.543644,0.761382,0.353198
0,0,-0.903789,0.343658,0.255078
0,0,0.77569,-0.491651,0.395706
0,0,-0.837236,0.0880794,0.539702
0,0,-0.0853749,-0.709414,0.699602
0,0,0.208152,0.786203,0.581858
0,0,0.950551,-0.214979,0.224135
20.7256,28.9594,0.328043,-0.24617,0.912024
0,0,0.0986797,0.878264,0.467883
0,0,-0.202094,0.958803,0.199636
0,0,-0.391064,0.229743,0.891228
0,0,-0.0673071,0.811753,0.580109
0,0,0.533722,0.437658,0.723599
0,0,0.555079,0.0437428,0.830647
0,0,0.292937,-0.522098,0.801
0,0,0.625875,-0.689217,0.365049
0,0,0.851653,0.289381,0.436973
0,0,0.674134,0.695048,0.249904
0,0,-0.24288,-0.909539,0.337267
23.3877,34.2292,-0.408131,-0.79063,0.456436
10.8114,14.8718,-0.153441,-0.22068,0.963201
0,0,-0.675115,0.697254,0.240952
0,0,-0.2168,-0.930094,0.296519
0,0,-0.627035,0.56719,0.533969
0,0,0.36795,-0.627425,0.686259
0,0,-0.714895,-0.696919,0.0568314
0,0,0.581997,0.484254,0.653282
0,0,-0.197113,-0.826567,0.527195
0,0,-0.31993,-0.932104,0.169783
0,0,0.591933,0.128102,0.795742
0,0,0.0654566,0.263117,0.962541
0,0,-0.89501,-0.388627,0.21892
0,0,-0.182648,0.811561,0.554985
0,0,0.860323,-0.0956846,0.500689
0,0,-0.395902,0.805164,0.441558
0,0,-0.525148,0.0850673,0.846749
0,0,0.297571,0.725578,0.620474
0,0,0.819621,0.556128,0.137636
0,0,-0.175897,0.0243394,0.984108
0,0,0.777976,0.240834,0.580304
0,0,0.970255,-0.206613,0.126156
0,0,-0.722156,0.641369,0.259106
0,0,-0.297101,0.875787,0.380432
0,0,0.0978248,0.754839,0.648574
0,0,-0.461021,-0.85894,0.222894
0,0,-0.502087,-0.0919258,0.859917
0,0,-0.567573,0.722714,0.394393
0,0,-0.715202,-0.543875,0.438961
0,0,0.962655,0.270354,0.014319
0,0,-0.48305,-0.337821,0.8078
0,0,-0.0169285,0.996908,0.0767271
0,0,0.051355,-0.511165,0.857947
0,0,0.122263,0.983794,0.13115
0,0,-0.370184,-0.529399,0.763348
0,0,-0.481438,-0.839964,0.250357
0,0,0.226284,0.681407,0.696046
0,0,-0.07552,0.558689,0.825932
0,0,-0.67242,-0.37801,0.636365
0,0,0.0597913,0.80651,0.588189
0,0,0.796939,0.372615,0.475442
0,0,0.39819,-0.91604,0.048125
0,0,0.691241,0.362557,0.625091
0,0,0.34894,-0.723034,0.596207
0,0,0.201789,-0.88535,0.418851
0,0,-0.680105,-0.618909,0.392949
0,0,-0.336954,-0.0786066,0.938234
0,0,-0.0269546,0.942318,0.333633
0,0,-0.0407636,0.936805,0.347469
0,0,-0.217337,-0.924262,0.313855
11.0596,14.8622,-0.118979,0.388191,0.913867
0,0,-0.286836,-0.26843,0.919603
0,0,-0.0179143,-0.152651,0.988118
0,0,-0.583937,0.723699,0.367801
0,0,0.991979,0.0220725,0.12446
0,0,-0.555518,0.797777,0.234416
0,0,0.359744,-0.477009,0.801902
0,0,-0.729823,0.675886,0.102648
0,0,0.137871,-0.837087,0.529412
0,0,0.222578,0.962356,0.15598
0,0,0.806258,-0.283449,0.519234
0,0,-0.943227,-0.271847,0.190846
0,0,-0.0902489,-0.681347,0.726376
0,0,-0.796596,0.537766,0.276122
0,0,0.590199,-0.555435,0.585795
0,0,0.0318831,0.972423,0.231034
0,0,0.265966,-0.508673,0.818849
0,0,-0.258302,-0.218382,0.941058
0,0,-0.79015,0.567034,0.232669
0,0,-0.90383,0.424026,0.0573788
0,0,-0.641073,-0.0727235,0.764027
0,0,0.544655,-0.759142,0.356447
0,0,-0.543799,0.475179,0.691727
0,0,-0.8432,0.502511,0.191043
0,0,-0.123605,-0.0898576,0.988255
0,0,0.315541,-0.057036,0.947196
0,0,0.214681,0.758776,0.614956
0,0,-0.839132,-0.11685,0.531229
0,0,0.653165,-0.179166,0.735714
0,0,-0.0229033,0.755827,0.654371
0,0,0.879812,0.407042,0.245454
0,0,-0.929481,-0.365881,0.046861
0,0,0.665692,-0.451865,0.593862
0,0,-0.508004,0.489801,0.708539
0,0,0.45256,0.855367,0.252063
0,0,0.629903,-0.560996,0.537127
0,0,-0.521599,0.627862,0.577689
0,0,0.463074,0.443533,0.76736
0,0,0.787267,0.539966,0.297736
0,0,0.86326,-0.278806,0.420772
0,0,-0.284757,-0.235392,0.929249
0,0,-0.105582,0.38174,0.91822
0,0,-0.922621,-0.145445,0.357235
0,0,-0.310968,0.600789,0.736445
0,0,-0.657426,0.581935,0.478688
0,0,-0.893152,-0.226611,0.388493
0,0,-0.279502,0.893614,0.351187
0,0,0.882613,-0.229264,0.410404
0,0,0.98181,-0.175879,0.071524
0,0,-0.493691,0.833378,0.248496
0,0,0.126661,0.918275,0.375138
0,0,0.975187,-0.213598,0.0581835
0,0,-0.144317,0.401067,0.904609
0,0,0.954589,0.0767176,0.287878
0,0,-0.339108,-0.771316,0.538589
0,0,0.468661,-0.84749,0.249236
0,0,-0.523316,-0.500003,0.690027
18.1372,27.7597,-0.0981087,-0.104336,0.989691
0,0,-0.904167,-0.163641,0.394594
0,0,0.748879,0.420343,0.51234
0,0,-0.739034,-0.396045,0.544956
0,0,0.257403,0.948943,0.182346
0,0,0.661383,-0.748286,0.0513889
0,0,-0.588851,-0.535943,0.604996
0,0,0.498236,0.215168,0.839919
0,0,0.527946,-0.58662,0.614126
0,0,-0.925928,-0.0745201,0.370276
0,0,-0.194863,0.842232,0.502666
0,0,-0.60909,-0.43394,0.663857
0,0,0.433811,-0.323507,0.840923
0,0,-0.620425,-0.323578,0.714402
0,0,0.241838,0.881524,0.405499
0,0,0.535053,-0.472441,0.70037
0,0,0.43956,-0.867388,0.233294
0,0,-0.60178,-0.310718,0.735742
3.98523,5.74164,-0.297158,-0.202921,0.933017
0,0,-0.965568,-0.192337,0.175172
0,0,0.913368,0.389284,0.119232
0,0,0.236218,-0.825818,0.512079
0,0,-0.794353,0.163161,0.585134
0,0,0.788646,-0.2055,0.579488
0,0,0.98463,-0.0366227,0.170768
0,0,-0.574015,0.78924,0.218192
0,0,-0.275614,0.930065,0.242931
0,0,-0.993065,-0.0456553,0.108344
0,0,0.43575,0.184586,0.880937
0,0,0.503189,-0.0766752,0.860768
0,0,0.939093,-0.341326,0.0400154
0,0,0.637725,-0.345497,0.688432
0,0,0.765452,0.0937684,0.636624
0,0,-0.829997,0.0546486,0.555084
0,0,0.0561309,0.934673,0.351049
0,0,0.979376,0.0827326,0.184332
0,0,0.937674,-0.231394,0.259275
0,0,-0.816267,-0.076278,0.572616
0,0,0.576683,0.77944,0.244764
0,0,0.479546,-0.618518,0.622472
0,0,0.301029,-0.949042,0.0932802
0,0,0.14553,-0.282778,0.948081
0,0,-0.955574,0.195085,0.220952
0,0,-0.756626,0.653347,0.0256063
0,0,-0.838115,0.540485,0.0737511
0,0,-0.232446,0.964155,0.127957
0,0,0.998153,-0.0585855,0.0160759
0,0,-0.866296,0.490373,0.0952114
0,0,-0.644912,-0.364553,0.671706
0,0,0.28719,0.707941,0.645245
0,0,0.465932,-0.791415,0.395689
0,0,0.022988,0.948452,0.316086
22.4752,33.3554,0.492505,0.723334,-0.48397
0,0,0.787379,0.612022,0.0739198
0,0,0.512413,-0.774393,0.371143
0,0,0.796238,0.392126,0.460697
0,0,-0.648065,-0.668457,0.364935
5.01853,6.82983,-0.027523,-0.116371,0.992824
0,0,-0.995461,0.0943317,0.0125923
0,0,0.559078,-0.305306,0.770856
0,0,-0.463432,-0.877979,0.119936
0,0,-0.0730694,0.783071,0.617625
0,0,0.0768532,-0.71737,0.692441
0,0,0.689948,-0.713549,0.121736
23.8888,33.0126,-0.959752,0.0321251,-0.279006
21.3467,32.1852,0.437106,-0.0659473,0.896989
0,0,0.940108,-0.134386,0.31327
0,0,0.0720293,-0.875179,0.478407
0,0,-0.987932,-0.145955,0.0518362
0,0,0.595723,-0.803153,0.007728
0,0,0.380866,-0.818046,0.430977
0,0,-0.557871,-0.525989,0.641962
0,0,0.964247,0.264867,0.00858676
0,0,0.678457,-0.190891,0.709406
0,0,-0.539093,0.841668,0.0312032
0,0,-0.553422,0.120043,0.824205
0,0,-0.307425,0.946287,0.10015
0,0,-0.870431,-0.355466,0.34058
0,0,0.820496,0.571611,0.0068876
0,0,-0.987346,-0.158566,0.00232063
0,0,0.118812,0.615852,0.778852
0,0,-0.807656,0.00990137,0.589571
0,0,-0.246787,0.814488,0.525077
0,0,-0.227643,0.453649,0.861615
0,0,-0.126581,0.61545,0.777945
0,0,-0.588146,0.793406,0.156813
0,0,0.302006,0.953173,0.0159321
0,0,-0.611592,0.67829,0.407282
19.843,25.5326,0.379311,-0.0887599,0.921002
0,0,-0.754116,0.343118,0.559982
0,0,0.393265,-0.872244,0.290745
0,0,-0.732949,0.567287,0.375462
0,0,0.341492,0.939296,0.0332615
0,0,0.614946,-0.493122,0.615363
0,0,-0.949642,-0.101199,0.296546
0,0,0.675394,0.238407,0.697858
0,0,0.513965,0.434338,0.739723
0,0,-0.220228,-0.806339,0.548924
0,0,-0.599688,0.537669,0.592694
0,0,0.435409,-0.711684,0.551295
0,0,0.124082,-0.42055,0.898744
0,0,-0.363289,0.834726,0.413828
0,0,0.717134,0.0737638,0.693021
0,0,0.603904,0.775143,0.185616
0,0,0.0930887,0.14993,0.984305
0,0,0.342244,-0.128809,0.93074
0,0,-0.380008,-0.916502,0.12497
0,0,-0.497351,-0.484013,0.719982
0,0,0.30118,-0.890227,0.341739
0,0,0.876251,0.21258,0.432429
0,0,0.455944,-0.0987516,0.884513
0,0,0.216317,0.705471,0.67492
0,0,0.396476,-0.885558,0.24206
0,0,0.608854,-0.719409,0.334287
0,0,-0.184562,0.646496,0.740256
0,0,0.581709,-0.261993,0.770049
0,0,0.0640424,0.480358,0.874731
0,0,-0.297234,-0.541104,0.786675
0,0,0.415631,-0.062241,0.907401
0,0,0.815042,-0.208816,0.540464
0,0,-0.640819,-0.445175,0.625437
0,0,-0.768389,-0.257756,0.585781
0,0,-0.0106186,0.585182,0.810832
0,0,0.322194,-0.219766,0.920812
0,0,0.0690671,-0.926483,0.369943
0,0,0.399545,0.748322,0.529507
0,0,0.966892,-0.228505,0.113605
0,0,0.314922,0.771585,0.552703
0,0,-0.339366,0.810829,0.476852
0,0,0.340823,-0.88669,0.312443
0,0,-0.431509,-0.614134,0.660787
0,0,-0.208463,-0.899152,0.384796
0,0,-0.279591,0.442761,0.851934
0,0,-0.218848,-0.500128,0.837841
0,0,0.705372,-0.676089,0.212964
0,0,0.974081,-0.0593811,0.218267
0,0,-0.157407,0.767006,0.622032
0,0,0.0765328,0.992981,0.0901696
0,0,0.0987957,0.906784,0.409856
0,0,-0.223974,0.828372,0.513454
0,0,0.462272,0.869376,0.174615
0,0,-0.914369,0.343644,0.214097
0,0,0.641525,-0.165813,0.748967
0,0,0.860956,0.308934,0.404122
0,0,-0.00735824,0.891187,0.453576
0,0,0.880878,0.431512,0.194555
0,0,-0.033434,-0.43411,0.900239
0,0,0.284705,0.502658,0.816259
0,0,-0.863673,-0.476833,0.163396
0,0,0.749896,0.574964,0.327218
0,0,-0.899393,0.277179,0.338029
0,0,0.984794,-0.169198,0.039412
0,0,-0.351075,0.825549,0.441832
0,0,0.645699,0.0723455,0.760158
0,0,0.0582519,-0.956418,0.286132
0,0,-0.220551,0.731613,0.645057
0,0,0.773751,-0.305488,0.554966
0,0,-0.493513,0.356809,0.793178
0,0,-0.580586,-0.282808,0.763505
0,0,0.305425,0.69055,0.655634
0,0,-0.34483,-0.802898,0.486259
0,0,0.612643,-0.625165,0.483567
0,0,0.49015,0.854263,0.173168
0,0,-0.370907,0.631468,0.680937
0,0,-0.993656,-0.0711092,0.087132
0,0,0.171794,0.472183,0.864598
0,0,-0.517452,0.855344,0.0250991
0,0,0.870396,-0.0580017,0.488924
0,0,0.607561,0.56214,0.561131
0,0,-0.816153,-0.548179,0.182741
0,0,0.251267,0.365428,0.896285
0,0,-0.786667,-0.407638,0.463666
0,0,-0.021884,0.986122,0.164575
0,0,-0.206851,0.963534,0.169751
0,0,-0.64637,0.360609,0.672433
0,0,0.552456,-0.459263,0.695607
0,0,-0.228744,-0.950415,0.210682
0,0,0.450878,0.88734,0.0966232
0,0,-0.785575,-0.498284,0.366858
0,0,-0.223063,0.912702,0.342371
0,0,0.997435,0.0684356,0.020986
0,0,-0.339685,0.936011,0.0921838
14.7087,19.7332,0.331547,0.432393,0.838519
0,0,-0.220634,-0.624413,0.749286
0,0,-0.931473,0.36378,0.00457681
0,0,0.171502,0.968696,0.179486
0,0,-0.297817,-0.520736,0.800087
0,0,0.787737,-0.614895,0.0370591
0,0,-0.419703,-0.815606,0.398292
0,0,-0.169949,0.833874,0.52514
0,0,-0.359777,0.12629,0.924452
0,0,-0.716755,-0.290868,0.633764
0,0,0.0893244,-0.692948,0.715433
0,0,-0.487692,0.815869,0.310668
0,0,0.695057,-0.197184,0.691386
0,0,-0.465454,0.274435,0.84145
0,0,0.246787,-0.909355,0.334917
0,0,-0.39625,-0.569404,0.720253
0,0,0.176693,0.942455,0.283829
0,0,-0.460493,0.860361,0.218461
0,0,-0.797152,-0.540518,0.269052
0,0,-0.249508,0.569189,0.783435
0,0,0.632218,0.749492,0.196373
0,0,0.333391,0.241989,0.911203
0,0,0.920038,-0.0346262,0.390296
0,0,-0.939518,0.0436083,0.339711
0,0,-0.43387,0.421759,0.796163
0,0,-0.349992,0.848276,0.397409
0,0,0.945928,-0.323432,0.0247373
0,0,0.198122,0.979906,0.0230674
0,0,-0.315328,-0.586039,0.746409
0,0,0.198754,0.962133,0.186541
0,0,-0.56008,0.155622,0.81369
0,0,-0.396554,-0.676577,0.620475
0,0,0.730875,-0.540616,0.416601
0,0,-0.170214,-0.616977,0.768353
0,0,0.850827,-0.0174634,0.525156
0,0,0.670323,-0.737942,0.0781527
0,0,0.278163,-0.0111399,0.960469
0,0,-0.626809,0.293706,0.721698
13.5071,19.0458,-0.413035,0.0266952,0.910324
0,0,-0.171451,-0.847328,0.502633
0,0,0.323198,0.526434,0.786391
0,0,0.872629,0.299343,0.38589
0,0,-0.484787,0.199655,0.851539
0,0,-0.434964,0.340386,0.833633
3.84262,5.59389,0.345451,0.422254,0.838073
0,0,0.957605,0.230334,0.173031
0,0,0.871415,-0.103178,0.479573
0,0,-0.679757,0.141032,0.719751
0,0,-0.797506,-0.495287,0.344492
0,0,0.505641,0.586766,0.632482
0,0,0.465912,-0.690308,0.553535
0,0,0.266617,0.942945,0.199423
0,0,0.48227,0.0273059,0.875597
0,0,0.442603,-0.834281,0.328752
0,0,-0.963898,-0.0534649,0.260849
0,0,-0.221794,-0.838702,0.49738
0,0,-0.535558,-0.251527,0.806171
0,0,0.839911,0.540768,0.0460434
0,0,-0.23347,0.0139741,0.972263
0,0,0.486993,-0.180334,0.854586
0,0,0.610321,0.754298,0.241957
3.94992,6.05292,0.166021,-0.231368,0.958596
0,0,0.0306719,0.998484,0.0457022
0,0,-0.726068,0.459553,0.511504
0,0,-0.317352,0.929801,0.186434
0,0,0.730526,-0.472705,0.492831
0,0,-0.0306092,-0.568121,0.822376
9.23138,13.1689,-0.406925,-0.377803,0.831671
0,0,0.154051,-0.968666,0.194819
0,0,-0.00374789,-0.929031,0.369984
0,0,-0.826289,0.462332,0.321708
0,0,0.889106,0.259839,0.376794
0,0,0.0560094,-0.316731,0.94686
0,0,-0.730761,-0.646465,0.219252
0,0,-0.479157,-0.461193,0.746799
0,0,0.741669,-0.0917854,0.664457
0,0,0.569907,-0.48293,0.664819
0,0,-0.085929,-0.977999,0.190092
0,0,-0.143049,-0.869788,0.472234
0,0,-0.282994,0.936586,0.206692
0,0,-0.889761,0.210197,0.405145
0,0,0.901874,-0.312573,0.298197
0,0,-0.609437,0.360096,0.706341
0,0,-0.942177,-0.0945771,0.321493
0,0,-0.572746,0.80241,0.167631
0,0,-0.83056,0.549166,0.0926644
0,0,-0.958804,-0.246073,0.141925
0,0,-0.864443,-0.18374,0.467951
0,0,-0.0465302,0.616038,0.786341
0,0,0.83196,-0.093613,0.546881
0,0,-0.649728,0.472419,0.595545
0,0,-0.0208699,-0.536083,0.843907
0,0,0.90778,-0.0878528,0.410144
0,0,-0.0932654,-0.509183,0.85559
0,0,-0.918513,-0.329678,0.218282
0,0,-0.197943,-0.980214,-0.000115165
0,0,0.425107,-0.0489477,0.903819
0,0,0.967454,0.116569,0.224597
0,0,0.885859,-0.463817,0.0113065
0,0,0.103863,0.897378,0.428865
0,0,-0.437111,0.627486,0.644356
0,0,0.787201,-0.127313,0.603412
0,0,-0.355559,-0.404346,0.842664
0,0,-0.304482,-0.649899,0.696363
0,0,-0.631476,-0.735089,0.246744
0,0,0.942965,0.332554,0.015021
0,0,0.94416,0.17895,0.276656
0,0,0.0046997,-0.988494,0.151187
0,0,-0.662193,0.634026,0.399389
0,0,0.133991,0.549213,0.824871
0,0,0.281366,0.938664,0.199359
0,0,0.357147,0.928281,0.103642
0,0,0.835687,0.445078,0.321765
0,0,-0.740339,0.200808,0.641541
0,0,0.821293,-0.243569,0.515899
0,0,-0.785729,-0.140306,0.602448
0,0,-0.424522,-0.0180133,0.905238
0,0,-0.346129,0.812753,0.468645
0,0,-0.700842,0.364784,0.612987
0,0,-0.808929,0.00738839,0.58786
0,0,-0.696561,-0.0743018,0.71364
0,0,0.839377,0.0659538,0.539533
0,0,-0.40361,-0.0859066,0.910889
0,0,0.0461242,0.841183,0.53878
0,0,-0.360326,-0.762463,0.537416
0,0,0.36066,-0.837587,0.410331
0,0,-0.048238,0.436848,0.898241
0,0,-0.878205,0.055439,0.47506
0,0,0.155874,0.953476,0.258044
0,0,0.355043,-0.763855,0.538954
0,0,-0.406613,-0.311835,0.858735
0,0,0.983527,-0.000496887,0.18076
0,0,0.374771,-0.67644,0.634016
23.4896,33.295,0.981661,-0.13169,0.137836
0,0,0.694329,-0.245876,0.676352
0,0,0.14961,-0.778015,0.610172
0,0,-0.197149,0.242538,0.949899
0,0,-0.70948,0.31106,0.63236
0,0,-0.905258,0.310163,0.290355
0,0,-0.502756,0.793272,0.343446
0,0,-0.449579,0.52073,0.725755
0,0,0.251476,0.296742,0.921251
0,0,-0.352289,0.812568,0.464355
0,0,0.243468,-0.230558,0.942107
13.5181,21.5152,0.129058,-0.425677,0.895624
0,0,-0.14463,-0.796726,0.586778
0,0,-0.744946,-0.640212,0.187574
0,0,0.070236,-0.964011,0.256415
0,0,0.315392,0.342082,0.88516
0,0,-0.0603505,0.471207,0.879956
0,0,-0.473512,0.856836,0.204007
0,0,0.446613,0.0564189,0.892947
0,0,0.355071,0.775056,0.522698
0,0,0.972065,-0.205155,0.11402
0,0,0.082164,0.688569,0.720501
0,0,-0.487446,0.183936,0.85356
0,0,-0.297002,-0.0452431,0.953804
0,0,-0.191437,-0.456685,0.868787
0,0,0.26266,-0.129314,0.956184
0,0,-0.056636,-0.929962,0.363267
0,0,0.0927588,0.226466,0.969592
0,0,-0.907261,-0.381807,0.176355
0,0,0.568796,-0.138624,0.810713
0,0,0.65264,0.309069,0.691764
0,0,0.310594,-0.722794,0.617333
0,0,-0.259411,-0.660285,0.70479
0,0,-0.404479,-0.143291,0.903252
0,0,-0.89274,-0.433587,0.122549
0,0,-0.791013,-0.181109,0.584378
0,0,-0.480151,-0.646688,0.592663
0,0,0.534016,0.585008,0.610403
0,0,-0.365324,0.91612,0.165116
0,0,-0.478136,0.54327,0.690104
0,0,0.752646,-0.496118,0.432887
0,0,0.0110093,-0.710732,0.703376
0,0,0.237673,0.269773,0.933131
0,0,0.408443,0.896305,0.172662
6.44579,7.95757,0.0714197,-0.371292,0.925765
0,0,-0.551524,0.53024,0.643947
0,0,0.542049,-0.72153,0.430788
0,0,0.329458,-0.904647,0.270318
0,0,0.495003,0.771826,0.39907
0,0,-0.312664,0.655114,0.687799
0,0,-0.411768,0.697987,0.585884
0,0,-0.786551,0.301769,0.53877
0,0,-0.168415,0.96356,0.207819
0,0,-0.200288,0.861781,0.466066
0,0,-0.307927,-0.897165,0.316664
0,0,-0.936416,-0.111338,0.332761
0,0,-0.664726,0.548542,0.507189
0,0,-0.136053,-0.531329,0.836169
0,0,0.870379,-0.10994,0.479952
0,0,-0.779071,0.337415,0.528393
0,0,-0.300244,-0.952875,0.0433952
0,0,0.653892,-0.550852,0.51864
0,0,-0.397934,-0.165077,0.90244
0,0,-0.0626371,0.794934,0.603454
0,0,-0.838736,-0.358012,0.410304
0,0,-0.0992923,-0.846915,0.522375
0,0,0.670759,0.739494,0.056844
0,0,-0.00219504,0.971869,0.235513
0,0,-0.512232,-0.782157,0.354753
0,0,-0.262141,-0.658933,0.705045
0,0,-0.0415742,0.978993,0.199613
0,0,-0.720005,0.687495,0.0945739
0,0,-0.204948,0.81222,0.546163
0,0,-0.188158,0.969454,0.15734
0,0,-0.92629,0.150759,0.345338
0,0,-0.307677,0.260586,0.915112
0,0,0.469991,-0.0052528,0.882656
0,0,-0.719136,-0.641158,0.267881
0,0,-0.912114,-0.0881126,0.400355
0,0,-0.0335222,-0.999095,0.0261758
0,0,-0.311807,0.457858,0.832552
0,0,0.50042,-0.828554,0.251154
0,0,0.324075,-0.856992,0.400674
0,0,-0.17737,0.53346,0.827019
0,0,-0.257948,-0.0649574,0.963973
0,0,-0.965949,0.258666,0.0058462
0,0,0.404008,0.836536,0.370115
0,0,0.175554,0.328142,0.928172
0,0,0.990425,-0.0389404,0.132445
0,0,0.078934,0.988517,0.128852
0,0,-0.676554,0.518624,0.522785
0,0,-0.441654,0.752452,0.488627
0,0,0.338934,0.295465,0.89321
0,0,0.422824,0.876685,0.229443
0,0,0.210895,0.72983,0.650286
0,0,-0.203886,-0.741112,0.639674
0,0,0.702083,0.695943,0.150807
0,0,0.66145,0.705303,0.255013
0,0,-0.871443,-0.405619,0.27579
0,0,-0.318682,0.630906,0.70739
0,0,0.726398,-0.579063,0.370178
0,0,-0.392766,0.901016,0.184133
0,0,-0.395644,-0.911585,0.111706
0,0,0.519656,-0.779167,0.35051
0,0,-0.759366,0.290923,0.582003
0,0,0.780145,0.483014,0.397582
0,0,-0.423763,0.167842,0.890087
0,0,-0.419157,-0.848673,0.322586
0,0,0.360368,0.812733,0.45782
0,0,-0.573801,0.351149,0.739896
0,0,0.326684,0.475673,0.816709
0,0,0.386849,0.294185,0.873958
0,0,0.635316,0.604704,0.480319
0,0,-0.270737,-0.000769611,0.962653
0,0,0.597803,-0.797803,0.0783709
0,0,-0.532582,-0.832118,0.15471
0,0,0.493353,0.53636,0.684777
0,0,0.189429,-0.962638,0.193509
0,0,-0.741102,0.662969,0.106016
0,0,-0.89299,0.104532,0.437768
0,0,0.378746,0.0572408,0.923729
0,0,-0.711923,-0.340916,0.613956
0,0,0.260244,-0.917385,0.301127
0,0,0.336289,0.910557,0.240409
0,0,-0.72472,-0.480603,0.493762
0,0,0.89414,0.446916,0.0279166
0,0,-0.215223,-0.856636,0.468886
0,0,0.271164,0.0921716,0.95811
0,0,-0.809905,0.529179,0.253029
0,0,-0.316739,-0.646406,0.694144
0,0,-0.662083,0.176736,0.728293
0,0,0.297313,0.620526,0.725639
0,0,0.371102,0.632863,0.679535
0,0,-0.48989,0.818488,0.300141
0,0,-0.741002,-0.391613,0.545486
0,0,-0.516582,-0.851727,0.087778
0,0,0.533013,0.213765,0.818659
0,0,0.916357,-0.189567,0.352639
0,0,0.287458,0.955597,0.0648231
0,0,0.320505,-0.842597,0.43279
0,0,0.474774,-0.716623,0.510921
0,0,0.133606,0.54581,0.827188
0,0,0.739688,-0.556411,0.378508
0,0,-0.722748,0.690057,0.0381719
0,0,-0.5764,-0.759888,0.300554
0,0,-0.407174,-0.681771,0.607781
0,0,-0.875545,-0.425819,0.228253
0,0,0.107218,-0.98703,0.119485
0,0,0.885336,0.143598,0.442221
0,0,0.247918,-0.804039,0.540424
0,0,-0.677421,-0.553101,0.484953
0,0,-0.212445,0.369061,0.904799
0,0,-0.991683,0.0924957,0.0894915
0,0,0.0614245,-0.51009,0.857925
0,0,0.614983,-0.686016,0.388815
0,0,0.85413,-0.516165,0.0635342
0,0,0.198157,0.97992,0.0221494
0,0,0.214458,0.959569,0.182305
0,0,-0.182516,-0.561436,0.807142
0,0,0.370012,-0.257808,0.892539
0,0,-0.952168,-0.223631,0.208245
0,0,-0.386826,0.53861,0.748509
0,0,0.042202,0.634972,0.771382
0,0,-0.417526,0.789142,0.450474
0,0,0.816163,-0.51818,0.255673
0,0,0.870738,0.489,0.0519005
0,0,-0.878399,0.449667,0.16191
0,0,-0.458637,0.268832,0.846984
0,0,0.58072,0.81256,0.050113
0,0,0.368435,0.272266,0.888891
0,0,-0.671682,-0.289089,0.682108
0,0,0.951342,-0.262231,0.161815
0,0,0.442249,-0.671959,0.594043
0,0,0.930132,0.0853583,0.357166
0,0,0.15112,0.505951,0.849221
0,0,0.941601,-0.0680177,0.329791
0,0,-0.470403,0.221348,0.85424
0,0,0.0318405,0.229691,0.972743
0,0,0.490186,0.81307,0.314063
0,0,0.754037,0.609486,0.244856
0,0,0.328872,0.735244,0.592672
0,0,0.883789,-0.266435,0.384617
0,0,-0.899384,-0.209515,0.383682
0,0,-0.813127,-0.0150842,0.581891
0,0,0.961795,-0.265027,0.0686424
0,0,-0.723025,0.00447808,0.690808
0,0,-0.327983,0.220354,0.918625
0,0,0.377577,0.906499,0.188931
0,0,0.192923,0.963383,0.186207
0,0,-0.311064,-0.862462,0.399248
15.2789,21.3216,-0.094338,-0.0194338,0.995351
0,0,0.0700592,0.991743,0.107416
0,0,-0.502647,0.17188,0.847233
0,0,0.385664,0.303764,0.871201
0,0,-0.645016,0.762855,0.0447906
0,0,-0.3557,0.277424,0.892476
0,0,0.306558,-0.590247,0.746746
0,0,0.611703,0.263473,0.745923
0,0,0.277953,0.245646,0.928655
0,0,-0.798202,0.535002,0.276849
0,0,-0.00060148,-0.885364,0.464898
0,0,0.264643,0.878455,0.397846
0,0,0.754503,0.387215,0.529896
0,0,-0.26434,0.914201,0.307183
0,0,-0.64034,0.768035,0.00931631
0,0,0.652844,0.0890782,0.752237
0,0,-0.594966,0.720776,0.355666
23.2869,30.0286,0.823297,-0.246853,0.511122
0,0,0.165063,-0.183725,0.96902
0,0,0.561105,-0.82122,0.10373
0,0,0.232371,0.423407,0.875631
0,0,-0.707516,0.435011,0.556944
0,0,-0.879838,0.318887,0.352414
0,0,0.370547,0.138074,0.918494
0,0,-0.375358,0.283461,0.882472
0,0,0.309158,0.0809437,0.94756
0,0,-0.0973224,-0.55348,0.827157
0,0,-0.230518,-0.972685,0.0272874
0,0,-0.796868,-0.602842,0.0397795
0,0,-0.159207,-0.74555,0.647154
0,0,-0.645837,0.76166,0.052621
0,0,0.986458,-0.149832,0.066723
0,0,-0.111348,-0.897743,0.426216
22.7505,32.0228,-0.239472,-0.18674,-0.952776
0,0,-0.342112,-0.529159,0.776499
0,0,0.847859,-0.249411,0.467898
0,0,0.134982,0.79707,0.588608
0,0,-0.648294,0.104002,0.754254
0,0,0.589061,0.306705,0.747623
0,0,-0.269066,0.912993,0.306672
0,0,0.0911208,0.991048,0.09757
0,0,0.0898183,-0.995015,0.0433301
0,0,0.630381,0.189535,0.752792
0,0,-0.492952,-0.849643,0.187363
0,0,-0.44249,-0.227218,0.867511
0,0,-0.727783,-0.668579,0.152754
0,0,-0.11857,-0.211508,0.970157
0,0,0.488284,0.454973,0.7447
0,0,0.774862,-0.617292,0.13616
0,0,-0.108636,0.990535,0.0838997
0,0,0.402417,0.238768,0.883771
0,0,-0.989095,-0.129364,0.0703995
0,0,-0.235091,0.967297,0.0952313
0,0,0.105064,0.889669,0.444355
0,0,-0.545228,0.27933,0.790381
0,0,0.223359,0.830669,0.51
0,0,-0.589262,0.545097,0.596355
0,0,0.972513,0.0932336,0.213368
0,0,-0.42594,-0.773298,0.469666
0,0,-0.932844,0.240114,0.268602
0,0,0.171641,-0.47618,0.862434
0,0,0.825391,-0.564095,0.0229251
0,0,0.158571,-0.897149,0.412285
0,0,0.220782,0.95869,0.179359
0,0,0.754507,-0.637448,0.156141
4.78957,7.31896,-0.6713,0.362669,0.646396
4.75666,5.92405,-0.1362,0.349575,0.926956
0,0,-0.557894,0.119627,0.821245
0,0,0.863207,-0.283934,0.417439
0,0,0.749134,0.20663,0.629367
0,0,-0.321919,0.928192,0.18662
0,0,0.152747,-0.282636,0.946988
0,0,-0.950481,-0.139294,0.277819
0,0,-0.224377,-0.9655,0.132156
0,0,0.00444668,-0.590166,0.80727
0,0,0.197826,-0.949421,0.243853
0,0,-0.636559,0.623629,0.45374
0,0,-0.0223471,0.887586,0.4601
0,0,-0.702343,0.664281,0.255822
0,0,0.743653,-0.651833,0.148641
0,0,-0.189766,-0.570618,0.798989
0,0,0.493945,-0.0433131,0.868414
0,0,-0.641019,-0.588282,0.49297
0,0,-0.29829,0.716544,0.630545
0,0,0.76027,0.648875,0.0308288
0,0,-0.223096,-0.609592,0.760674
0,0,-0.449857,0.0121444,0.893018
0,0,-0.888344,0.24905,0.385771
18.2015,25.8553,-0.12195,-0.971719,0.202212
0,0,0.165358,-0.910523,0.378952
0,0,0.885728,0.450805,0.110725
0,0,0.518217,0.768247,0.375829
0,0,-0.742982,0.661352,0.102914
0,0,-0.584061,0.776959,0.234965
0,0,0.185432,-0.537236,0.822796
0,0,-0.766703,-0.09243,0.635313
0,0,-0.76985,-0.198963,0.60642
0,0,0.356705,0.49693,0.791089
0,0,0.0106194,-0.548691,0.835958
0,0,0.627342,0.3691,0.685717
23.0868,32.3405,0.449241,-0.791321,0.414721
0,0,0.401768,-0.914558,0.0465506
0,0,0.450717,-0.271618,0.85034
0,0,-0.516436,0.855064,0.0464719
0,0,-0.749508,0.65334,0.106699
0,0,0.439207,0.499326,0.746841
0,0,0.21026,0.456135,0.864715
0,0,-0.871954,-0.0995694,0.479356
0,0,-0.492513,0.269617,0.827489
0,0,-0.744119,-0.0872732,0.662321
0,0,-0.493243,-0.0159829,0.869745
0,0,-0.362929,-0.931314,0.0306025
0,0,-0.160368,-0.98225,0.0972972
0,0,-0.604751,-0.110067,0.788772
0,0,0.115365,-0.58283,0.804363
0,0,-0.270257,-0.817375,0.508781
0,0,-0.0287833,0.799412,0.600093
0,0,0.628807,-0.465154,0.623084
7.21061,8.29653,-0.101707,-0.508345,0.855127
0,0,-0.17874,-0.685881,0.705422
19.8073,26.1936,0.16308,-0.15991,0.973568
0,0,-0.21661,0.546593,0.808898
0,0,0.407818,-0.0803506,0.909521
0,0,-0.285799,-0.261752,0.921849
0,0,-0.0950081,-0.986855,0.130732
0,0,-0.915016,0.0472074,0.400647
0,0,-0.931077,-0.175814,0.319663
0,0,-0.888666,-0.458132,0.0196719
0,0,0.0641028,0.800052,0.596496
0,0,0.71022,-0.64846,0.27402
12.8366,18.3292,0.128556,-0.991434,0.0230858
0,0,-0.270193,-0.440476,0.85614
0,0,-0.921207,-0.358418,0.151376
0,0,-0.901386,-0.007726,0.432949
0,0,-0.79383,0.297677,0.530305
0,0,-0.925833,-0.236951,0.294428
0,0,0.786534,-0.34383,0.512977
0,0,-0.530871,-0.346158,0.773531
0,0,0.477289,-0.806195,0.349634
0,0,0.0682842,0.372876,0.925365
0,0,-0.822476,-0.560948,0.0941877
0,0,-0.0359018,-0.96679,0.253038
0,0,-0.679762,-0.220346,0.699551
0,0,-0.335173,0.63306,0.697779
0,0,-0.208651,0.653306,0.727775
0,0,-0.525806,-0.407197,0.746805
0,0,0.36524,0.741585,0.562717
0,0,-0.47214,0.434061,0.767252
0,0,0.470549,-0.317021,0.823457
0,0,0.484036,-0.745689,0.457884
0,0,-0.804914,-0.57001,0.164931
0,0,0.357197,0.781151,0.512068
0,0,-0.387936,-0.729313,0.563567
0,0,0.286459,-0.84132,0.458389
0,0,-0.786126,0.478766,0.390884
0,0,0.976943,-0.212614,0.0194386
0,0,0.970778,-0.050702,0.234564
0,0,-0.981227,0.0709599,0.179327
0,0,0.907767,0.353043,0.22654
0,0,0.559147,0.828356,0.03437
0,0,0.475081,0.827063,0.300442
0,0,-0.374504,-0.926515,0.0362814
0,0,-0.492539,0.0282668,0.869831
0,0,-0.307991,-0.285736,0.907467
0,0,-0.773647,-0.611929,0.164357
0,0,0.480489,-0.826049,0.294574
0,0,0.216839,0.400598,0.890226
0,0,-0.860678,-0.11621,0.49571
0,0,0.88221,-0.0666932,0.466108
0,0,-0.600619,-0.630321,0.491887
0,0,-0.0634366,0.0557217,0.996429
0,0,0.706505,0.00317379,0.707701
0,0,-0.192345,-0.589987,0.784168
0,0,-0.539939,-0.838195,0.0767803
0,0,0.223445,0.780829,0.583419
0,0,-0.0573949,0.911705,0.406816
0,0,0.813278,-0.287025,0.506157
0,0,0.74792,0.560026,0.356353
0,0,0.276204,-0.85377,0.441348
0,0,-0.593889,0.803221,0.0461728
0,0,0.240113,0.838526,0.489101
0,0,-0.187991,-0.963797,0.189089
0,0,-0.874001,-0.0556172,0.482732
0,0,-0.41133,-0.558538,0.720307
0,0,0.286765,0.948162,0.136946
0,0,0.905954,0.41201,0.0974411
0,0,0.100514,-0.299526,0.948779
0,0,0.78544,0.0998265,0.610835
0,0,0.687304,-0.634842,0.352971
0,0,0.154829,0.96249,0.222801
0,0,0.260508,0.901435,0.34576
0,0,0.309143,-0.460761,0.831943
0,0,-0.692871,0.202489,0.692046
0,0,0.19066,0.57108,0.798446
0,0,0.21021,-0.291885,0.933068
0,0,0.306223,-0.341689,0.888525
0,0,0.462449,-0.249593,0.850791
0,0,-0.364008,-0.246647,0.898145
0,0,-0.551471,0.307072,0.77562
0,0,-0.771715,0.220801,0.596408
18.7182,26.2791,0.62487,-0.298556,0.721389
0,0,-0.252315,-0.923861,0.287782
0,0,-0.825975,0.540645,0.159586
0,0,-0.957834,0.242603,0.153938
0,0,0.445975,0.402486,0.799444
0,0,0.159379,0.82615,0.540439
0,0,-0.926142,0.252097,0.28055
0,0,0.0333234,-0.998449,0.0445983
0,0,-0.217644,0.380383,0.898855
0,0,0.674674,0.686825,0.270346
0,0,0.899011,-0.171793,0.402822
0,0,-0.983536,0.0393452,0.176374
0,0,-0.381262,-0.271787,0.883613
0,0,-0.368133,-0.341866,0.864642
0,0,0.766761,0.631335,0.11616
0,0,0.469271,-0.349105,0.811117
0,0,0.245451,0.198041,0.948964
0,0,0.460839,-0.483562,0.744174
0,0,-0.414432,-0.865379,0.281717
0,0,-0.734707,0.263773,0.625004
0,0,-0.33001,-0.399061,0.855478
0,0,0.490546,0.594592,0.637044
9.31737,13.3572,-0.101515,0.298963,0.94885
0,0,0.302632,-0.397978,0.866041
0,0,-0.205472,-0.858629,0.469614
0,0,0.508878,0.4479,0.735139
0,0,0.0174671,0.957212,0.288861
0,0,0.520672,-0.466452,0.715069
23.58,37.067,0.231724,-0.39508,0.888941
0,0,-0.717104,-0.670983,0.188529
0,0,0.036722,-0.932004,0.360582
0,0,-0.996745,0.0537372,0.0600893
0,0,0.258257,-0.917455,0.302623
0,0,0.414872,-0.809679,0.415092
0,0,-0.037714,-0.00799415,0.999257
0,0,0.703403,0.685917,0.186394
0,0,-0.391105,-0.903689,0.174306
0,0,-0.963172,-0.0982941,0.250278
0,0,0.402538,-0.706642,0.581911
0,0,0.264115,-0.895523,0.358164
20.4027,29.7176,0.956948,-0.289429,-0.0219255
0,0,-0.98528,-0.0988962,0.139441
0,0,0.892063,0.409123,0.191942
0,0,-0.509987,0.477901,0.715209
0,0,-0.384762,-0.386229,0.838323
0,0,0.6754,-0.701963,0.226015
0,0,0.549769,0.436385,0.712265
0,0,0.768857,-0.18224,0.612901
0,0,0.649015,0.0931924,0.755046
0,0,-0.391554,-0.743035,0.542757
0,0,-0.390672,-0.920514,0.00544976
0,0,0.233206,-0.504472,0.831338
0,0,0.454434,0.889781,0.0421748
0,0,0.83937,-0.396295,0.372032
0,0,0.440038,-0.890546,0.1153
0,0,0.581914,0.555035,0.594401
0,0,-0.251392,0.237348,0.938332
0,0,-0.538766,0.839623,0.069031
0,0,0.331678,-0.113924,0.936489
0,0,0.200894,-0.939221,0.278398
0,0,-0.260391,0.910601,0.320939
0,0,0.96756,-0.251055,0.0282732
0,0,-0.447058,-0.894387,0.0145362
0,0,-0.30269,-0.689243,0.658272
0,0,0.942026,0.329203,0.0649005
0,0,0.310441,0.93559,0.168218
0,0,0.710555,0.313,0.630192
0,0,0.6108,-0.441763,0.65709
0,0,0.0842518,-0.417083,0.904955
0,0,-0.973445,0.227582,0.0247413
0,0,-0.49809,-0.378136,0.780332
0,0,-0.99618,-0.0769554,0.0412792
0,0,-0.664249,0.715603,0.21607
0,0,0.148535,0.954008,0.260395
0,0,-0.462057,0.264015,0.84664
0,0,0.937527,-0.33905,0.0780324
0,0,-0.221934,-0.852362,0.473523
0,0,-0.372815,-0.394572,0.839834
10.9015,15.8109,-0.321054,-0.105386,0.941179
0,0,-0.703785,0.710255,0.0150128
0,0,-0.986209,-0.147193,0.0756687
0,0,0.0892824,-0.987694,0.128411
0,0,-0.232381,-0.90407,0.358688
0,0,-0.629522,0.259261,0.732452
13.6318,20.6857,0.386347,0.477051,0.789403
0,0,0.9632,0.211149,0.166319
0,0,0.686737,0.14791,0.711699
0,0,-0.603333,0.235281,0.761992
0,0,0.279121,0.372724,0.884968
0,0,-0.665756,0.350885,0.65852
0,0,0.677803,-0.71047,0.189252
0,0,0.813852,-0.319718,0.485206
0,0,0.131465,-0.670905,0.729797
0,0,-0.0958765,0.940572,0.325779
0,0,-0.88816,-0.0195006,0.45912
0,0,-0.86623,-0.460853,0.193029
0,0,-0.462579,-0.807908,0.365111
0,0,0.565367,-0.45468,0.688205
0,0,0.305005,-0.909262,0.283223
0,0,0.885414,0.345543,0.310875
0,0,0.764686,0.454905,0.456418
0,0,0.0961809,-0.943392,0.317429
0,0,0.505855,0.748326,0.429091
0,0,0.109438,-0.856241,0.504851
0,0,-0.112498,0.693275,0.711838
0,0,0.774582,0.530266,0.344732
0,0,-0.579282,-0.0218129,0.814835
0,0,0.923375,0.0396557,0.381846
8.20942,12.8105,0.00829955,-0.273247,0.961908
17.2735,26.2719,0.436395,-0.899751,-0.00278721
0,0,-0.141137,-0.43751,0.888068
0,0,-0.413898,0.750468,0.515253
0,0,-0.286371,-0.411568,0.865219
0,0,-0.332073,-0.895736,0.29561
0,0,0.38608,0.511385,0.767741
0,0,0.847332,-0.200524,0.491751
0,0,0.0564701,-0.315909,0.947108
0,0,-0.252261,-0.666985,0.701068
0,0,0.404685,-0.854879,0.324673
0,0,-0.637252,0.421359,0.645265
0,0,-0.0158174,0.465962,0.884664
0,0,-0.689846,-0.0407274,0.72281
0,0,0.136375,-0.602275,0.786554
0,0,-0.752247,0.238256,0.614296
0,0,0.562394,-0.804904,0.189323
0,0,-0.195685,0.976949,0.0853168
0,0,0.691853,-0.669894,0.269411
0,0,0.681737,-0.462447,0.566901
0,0,0.43198,0.521769,0.735629
0,0,0.421396,-0.120116,0.898887
0,0,0.630216,0.671217,0.390252
0,0,-0.910896,-0.255906,0.323698
0,0,-0.0583548,0.726769,0.684399
0,0,-0.800007,0.333806,0.49856
0,0,0.656738,0.58694,0.473494
11.7617,16.5933,-0.0360168,-0.333061,0.942217
0,0,-0.739849,-0.473966,0.477473
0,0,-0.586095,0.733097,0.345053
0,0,-0.588093,-0.780521,0.211974
0,0,0.270785,-0.401702,0.874821
0,0,0.581381,-0.110408,0.806106
0,0,-0.430533,0.345503,0.833828
0,0,0.330004,0.220876,0.917775
0,0,-0.730513,-0.60448,0.317735
0,0,-0.441475,-0.723864,0.530209
0,0,0.79067,-0.0817062,0.606766
0,0,0.429154,-0.767852,0.475637
0,0,-0.773933,-0.623593,0.110266
0,0,-0.351866,0.924797,0.14471
0,0,0.813833,-0.547391,0.195034
0,0,0.6543,0.755001,0.0431857
0,0,0.0917809,0.587082,0.804308
0,0,0.0591882,-0.146728,0.987405
0,0,0.0162843,-0.92075,0.389814
0,0,-0.571318,0.709939,0.411803
0,0,0.829608,0.120781,0.545126
0,0,-0.991805,0.0714743,0.1059
0,0,0.811973,0.297575,0.502144
0,0,-0.223224,-0.974192,0.0334869
0,0,0.0780559,-0.235546,0.968724
0,0,-0.0429534,0.597684,0.80058
0,0,-0.576265,0.747814,0.329686
0,0,0.432326,0.263543,0.862345
0,0,0.216286,-0.972856,0.0822956
0,0,-0.0314005,0.983999,0.175383
0,0,-0.597022,-0.643183,0.479458
0,0,-0.749908,-0.536855,0.386555
0,0,0.140188,-0.984368,0.106615
0,0,-0.738799,0.364656,0.566747
0,0,-0.00258035,-0.99617,0.0873954
0,0,0.395905,0.896011,0.201054
0,0,0.771921,0.0621767,0.63267
0,0,0.524051,-0.614996,0.589194
0,0,0.348017,-0.796152,0.495
0,0,-0.0315148,0.683501,0.729269
0,0,-0.910014,-0.254273,0.327446
0,0,-0.170971,-0.308966,0.935579
0,0,-0.322147,-0.406016,0.855203
0,0,0.915591,0.366439,0.165579
0,0,0.264258,-0.854446,0.447315
0,0,0.630412,-0.102652,0.769443
0,0,-0.198142,0.465847,0.862395
0,0,-0.879248,-0.2222,0.421368
0,0,-0.796643,0.44527,0.408772
0,0,-0.601195,0.375594,0.705332
0,0,-0.324287,0.919214,0.223345
0,0,0.212273,-0.276956,0.937142
0,0,-0.290796,-0.860387,0.418535
0,0,-0.879486,0.0343848,0.474682
0,0,-0.965582,-0.257321,0.0379063
0,0,0.706765,-0.566923,0.423181
0,0,0.954648,0.00719756,0.29765
0,0,0.140451,-0.764904,0.628645
0,0,0.233543,0.560901,0.794259
0,0,-0.1364,0.941158,0.309221
0,0,-0.674304,0.39513,0.623848
0,0,-0.513924,-0.828038,0.224133
0,0,-0.519232,0.190204,0.833199
13.7609,19.3322,-0.0701543,-0.0635429,0.99551
0,0,0.574552,0.618831,0.535666
24.3849,32.8872,-0.871377,-0.428626,-0.238707
0,0,0.118744,-0.871843,0.475173
0,0,0.0532082,0.817534,0.573417
0,0,-0.375196,0.187401,0.907804
0,0,-0.459144,0.0308478,0.887826
0,0,0.43836,0.0156279,0.898664
0,0,-0.513524,0.518629,0.683606
0,0,-0.971463,-0.0372517,0.234249
0,0,-0.527862,0.836862,0.144992
0,0,-0.877099,-0.338494,0.340763
0,0,0.32751,-0.0785267,0.941579
0,0,0.951889,0.292695,0.090759
0,0,-0.795514,-0.604608,0.0400805
0,0,-0.729744,0.679031,0.0799366
0,0,0.694832,0.719076,0.0117394
0,0,-0.59293,-0.805046,0.0182806
0,0,-0.575073,-0.447744,0.684702
0,0,0.760519,0.148856,0.632023
0,0,-0.549628,0.437989,0.711389
0,0,0.493015,-0.630586,0.599415
0,0,-0.697385,-0.587384,0.410652
0,0,0.481029,-0.759531,0.437862
0,0,0.588592,0.292565,0.753635
0,0,-0.587588,0.676595,0.443802
0,0,-0.271854,-0.88508,0.377795
0,0,-0.702151,-0.701373,0.12272
0,0,-0.084581,-0.0845082,0.992826
0,0,-0.470828,0.810295,0.348916
0,0,-0.652097,-0.707864,0.271475
0,0,-0.33916,0.675314,0.654921
0,0,0.296287,0.484015,0.823373
0,0,-0.309158,0.839721,0.446419
0,0,0.0761397,0.796865,0.599341
0,0,-0.769873,0.292185,0.567382
0,0,0.963306,-0.235579,0.128628
0,0,0.893231,0.165198,0.418149
0,0,0.332097,-0.92115,0.202965
0,0,-0.333311,0.851873,0.403999
0,0,-0.115147,-0.481016,0.869117
0,0,0.540916,-0.20279,0.816264
0,0,-0.963991,-0.0772382,0.254473
0,0,-0.50317,0.169127,0.847476
0,0,0.393142,-0.087498,0.915305
0,0,0.649891,0.611017,0.451996
0,0,0.699532,0.180041,0.691549
0,0,-0.0175678,-0.949825,0.312287
0,0,-0.263559,-0.957098,0.120418
0,0,-0.924149,0.0266118,0.381105
0,0,-0.312008,-0.830284,0.461822
0,0,0.904159,0.203434,0.375648
0,0,-0.46168,0.886549,0.0297212
0,0,-0.197379,0.28496,0.937998
0,0,0.371213,-0.926239,0.0654418
0,0,0.134306,0.93787,0.31994
0,0,0.375428,-0.514617,0.770859
0,0,0.428227,0.291521,0.855358
0,0,0.181707,-0.032706,0.982809
0,0,-0.559875,-0.31776,0.765224
0,0,-0.546173,0.455821,0.702795
0,0,-0.463117,-0.882415,0.082863
5.07922,7.77108,-0.364931,0.0474687,0.929824
0,0,-0.837671,-0.187045,0.513149
0,0,-0.0479437,-0.781718,0.621786
0,0,0.827533,-0.05545,0.558672
0,0,-0.0737535,0.982709,0.169836
0,0,-0.52913,0.288904,0.797845
0,0,0.304193,-0.33141,0.893104
0,0,0.553485,0.173364,0.814616
0,0,-0.515408,-0.628912,0.582086
0,0,-0.201357,0.978537,0.043831
0,0,-0.882111,-0.0297735,0.470101
21.3375,27.5666,-0.331302,0.209811,0.919901
0,0,0.0276094,0.999409,0.0204824
0,0,-0.0976016,0.969631,0.224253
0,0,-0.88984,0.180806,0.41892
0,0,0.163284,-0.744066,0.647846
0,0,-0.42021,-0.685534,0.594531
0,0,0.185755,-0.343171,0.920722
0,0,-0.150466,-0.928994,0.338127
15.7567,21.7453,-0.97028,-0.167807,0.17435
0,0,0.477992,-0.87379,0.0895297
0,0,0.363074,0.883695,0.295398
0,0,-0.584611,-0.797798,0.147475
0,0,-0.958441,-0.118489,0.259522
0,0,-0.0420921,0.958903,0.280595
0,0,0.522123,0.648018,0.554491
0,0,0.334656,-0.898071,0.285437
0,0,0.894595,0.222446,0.387579
0,0,-0.638693,0.428708,0.638968
0,0,0.693221,-0.366739,0.620442
0,0,0.573246,-0.0550125,0.817535
0,0,-0.835074,-0.307356,0.456271
0,0,0.649328,0.760362,0.0149039
0,0,0.176957,-0.97025,0.165232
0,0,-0.780911,-0.615159,0.108433
0,0,-0.781541,-0.266356,0.564134
0,0,0.674183,0.679987,0.288261
0,0,-0.352216,0.412914,0.839908
0,0,0.879798,-0.474706,0.024707
0,0,0.800379,0.362349,0.477595
0,0,0.497674,-0.106126,0.860847
0,0,-0.975698,-0.14796,0.161621
0,0,0.0713705,0.670049,0.738878
0,0,-0.570251,-0.707711,0.417083
0,0,0.016831,-0.324292,0.945807
0,0,-0.301981,-0.735247,0.606811
0,0,-0.138068,-0.898297,0.417134
0,0,0.197232,-0.486519,0.851116
0,0,0.196734,0.870319,0.451487
0,0,0.818027,0.468619,0.33351
0,0,-0.199563,0.886615,0.417239
0,0,-0.266899,-0.704516,0.657588
0,0,0.843956,-0.536321,0.00989794
0,0,-0.95353,-0.000818091,0.301297
0,0,-0.708548,0.670067,0.221292
0,0,0.71115,-0.697742,0.0861551
0,0,0.216953,-0.554322,0.803529
0,0,-0.493922,-0.377942,0.783071
0,0,-0.461223,-0.609085,0.645205
0,0,0.610915,0.77302,0.170946
0,0,0.485895,-0.544334,0.683817
0,0,-0.577546,-0.0502101,0.814813
0,0,-0.676583,0.34839,0.648736
0,0,0.817742,-0.0120562,0.575459
0,0,0.51825,0.847953,0.111322
0,0,-0.0369367,-0.488702,0.871669
0,0,-0.303382,-0.871579,0.38511
0,0,0.249397,0.693332,0.676085
0,0,-0.329841,-0.76424,0.554204
0,0,-0.123986,-0.532393,0.837368
0,0,-0.875624,0.0463921,0.480759
0,0,-0.251752,-0.178194,0.951245
0,0,-0.225599,-0.736645,0.637542
0,0,0.355621,0.932875,0.0572545
0,0,0.890976,-0.0970345,0.443562
0,0,-0.525954,0.517661,0.674833
0,0,0.916332,0.0505803,0.397212
0,0,0.835187,0.0939837,0.541875
0,0,0.16628,-0.648051,0.743223
0,0,0.499999,-0.50017,0.706988
0,0,-0.151182,0.659091,0.736711
0,0,-0.321813,0.455854,0.829839
0,0,0.249186,0.691392,0.678147
0,0,-0.693104,-0.24031,0.679602
0,0,-0.103572,-0.334289,0.936762
7.8012,12.4257,-0.147218,-0.0735681,0.986364
0,0,-0.787523,-0.275818,0.551119
0,0,0.514762,-0.464872,0.720357
0,0,-0.491798,0.401685,0.772518
0,0,0.801707,-0.472361,0.366252
0,0,0.78363,-0.34555,0.516255
0,0,0.493285,0.00746216,0.869836
0,0,0.236795,-0.870807,0.430841
0,0,-0.690647,-0.703823,0.166249
0,0,-0.0638531,0.556187,0.828601
0,0,-0.981959,0.114175,0.150736
0,0,0.870102,-0.0647428,0.488601
0,0,-0.731334,-0.681975,0.00781464
0,0,0.330212,-0.736235,0.590693
0,0,-0.47027,-0.758008,0.451961
0,0,-0.969204,-0.0305212,0.244359
14.9962,21.0942,0.287013,-0.306507,0.907567
0,0,-0.502073,-0.671276,0.545263
0,0,0.917369,-0.114652,0.381169
0,0,0.136928,-0.891614,0.431595
0,0,-0.800637,-0.211324,0.560644
0,0,0.900431,0.143727,0.410568
0,0,-0.856084,0.308435,0.414715
0,0,-0.176306,0.137543,0.974678
0,0,0.991072,-0.132648,0.0134659
0,0,-0.869434,-0.441539,0.221648
0,0,0.724675,-0.0527921,0.687066
0,0,-0.18602,0.91199,0.365611
0,0,-0.298868,0.673034,0.676537
0,0,0.284442,-0.690764,0.664784
0,0,0.133074,0.925125,0.355578
0,0,0.503353,-0.854896,0.12565
0,0,0.549715,0.309776,0.775792
0,0,-0.154831,0.935973,0.316199
0,0,0.467115,-0.783266,0.410241
0,0,-0.705645,0.707776,0.0334438
0,0,0.285766,0.668548,0.686572
0,0,-0.969,0.118249,0.216922
0,0,0.672884,0.557766,0.485927
0,0,-0.687978,0.306429,0.657866
0,0,0.78649,0.615808,0.0470485
0,0,-0.420476,-0.679661,0.60105
0,0,0.55342,-0.238663,0.797977
0,0,0.482234,0.238141,0.843054
0,0,0.0388974,0.390804,0.919652
0,0,-0.413698,0.784757,0.461531
0,0,-0.929003,0.0446956,0.367362
0,0,-0.0614791,-0.836804,0.54404
0,0,0.39703,-0.24708,0.883922
0,0,0.208102,0.924967,0.318009
0,0,-0.468066,-0.832893,0.295302
0,0,0.0571388,0.326756,0.94338
0,0,-0.0765818,0.813606,0.576351
13.733,21.5648,-0.389749,0.786516,-0.479048
0,0,-0.239033,0.814318,0.528914
0,0,-0.102776,-0.513283,0.852043
0,0,0.639866,-0.554671,0.531894
0,0,-0.0876871,-0.966952,0.239405
0,0,0.80382,0.0933808,0.587497
0,0,0.679217,-0.692897,0.241988
0,0,0.0619514,-0.832246,0.550935
0,0,0.787826,-0.463344,0.405762
0,0,-0.600193,0.722245,0.343701
0,0,-0.0292802,0.663829,0.747311
0,0,-0.962222,-0.0475328,0.268086
0,0,0.570727,-0.234503,0.786942
0,0,0.974576,-0.220459,0.0399834
0,0,0.575335,-0.123464,0.808546
0,0,0.508843,0.568348,0.646575
0,0,0.583604,0.262799,0.768338
0,0,-0.00258653,-0.524392,0.851473
0,0,-0.875808,0.411957,0.251501
0,0,-0.0217089,0.9939,0.108124
0,0,0.565616,0.401126,0.720539
0,0,-0.947192,0.245336,0.206487
0,0,-0.720788,-0.487632,0.492626
0,0,0.850042,0.0872,0.519447
0,0,-0.80054,0.0833492,0.593455
0,0,-0.272911,-0.483085,0.831955
0,0,0.92407,0.028384,0.381167
0,0,-0.344704,0.690574,0.635835
0,0,-0.667261,-0.530508,0.522805
0,0,0.715226,0.398078,0.574443
0,0,0.363489,0.926764,0.0947881
0,0,-0.887719,-0.122476,0.443796
0,0,0.758687,-0.642675,0.106597
0,0,0.540605,-0.76621,0.347375
0,0,0.136393,0.657747,0.740788
0,0,0.28292,-0.950818,0.1261
0,0,0.084898,-0.927199,0.364821
0,0,-0.636709,0.632648,0.440861
0,0,-0.430745,0.348767,0.832358
0,0,-0.524269,0.407535,0.747701
0,0,-0.779768,0.228735,0.582788
0,0,0.242162,-0.873641,0.422031
0,0,0.219097,0.940201,0.260804
0,0,0.240461,-0.25399,0.936839
0,0,-0.0559733,0.499022,0.86478
0,0,-0.591925,0.161895,0.789566
0,0,-0.335632,0.905785,0.25866
0,0,0.810231,0.351228,0.469218
0,0,-0.995719,-0.0917956,0.0107878
0,0,-0.990525,-0.0425082,0.130586
0,0,0.234311,0.957431,0.168592
0,0,0.383998,0.710204,0.590047
0,0,-0.16803,0.442427,0.880922
0,0,0.673459,-0.299856,0.675677
0,0,-0.297645,-0.941776,0.156415
0,0,-0.382764,-0.416559,0.824603
0,0,-0.510448,0.425969,0.746989
0,0,0.613575,0.386136,0.688785
0,0,0.0305369,-0.00467475,0.999523
0,0,0.483084,-0.300762,0.822297
0,0,0.578016,-0.555942,0.597349
0,0,-0.355655,-0.934598,0.00609324
0,0,-0.695771,0.281063,0.660989
0,0,0.753187,0.403539,0.519486
0,0,0.874653,-0.205523,0.439025
0,0,-0.733271,-0.654599,0.183884
0,0,-0.807401,-0.305827,0.504553
0,0,0.572599,-0.487025,0.659497
0,0,-0.698547,-0.709284,0.0945926
0,0,0.989219,0.145341,0.0179588
0,0,-0.501512,-0.217998,0.837235
0,0,-0.671813,-0.110552,0.732424
0,0,0.176082,0.954101,0.242254
0,0,-0.547603,-0.450209,0.705296
0,0,0.756033,-0.387058,0.527826
0,0,-0.688542,-0.66494,0.289422
0,0,-0.376929,0.116615,0.918872
0,0,-0.788246,-0.0543256,0.612957
0,0,0.890722,0.41635,0.182391
0,0,-0.676492,0.678411,0.286561
0,0,0.0218184,-0.420214,0.907163
0,0,-0.412628,0.900445,0.137611
0,0,-0.929795,-0.160518,0.331233
0,0,0.0121276,-0.999782,0.0170024
0,0,0.141055,-0.309272,0.940454
0,0,0.74596,0.276676,0.6058
0,0,-0.551948,0.708699,0.439431
0,0,0.378581,-0.91125,0.162172
0,0,0.97117,0.0345404,0.235874
0,0,-0.110369,-0.956631,0.269584
0,0,0.186028,0.527441,0.828975
0,0,0.061957,-0.4428,0.894477
0,0,-0.0549435,-0.860149,0.507074
0,0,-0.212363,0.801866,0.558492
0,0,-0.697963,0.16934,0.695825
0,0,0.24352,0.307425,0.919885
0,0,0.694402,-0.0696523,0.716209
0,0,0.51987,0.0626979,0.851941
0,0,0.713456,-0.674462,0.189951
0,0,0.267618,0.95719,0.110308
0,0,0.423883,0.149317,0.893324
0,0,0.643037,-0.375466,0.667479
0,0,0.621155,-0.450086,0.641551
0,0,-0.804892,-0.591748,0.0445211
0,0,-0.34484,-0.932699,0.105632
0,0,-0.622772,-0.78228,0.0138867
0,0,-0.154809,0.0778583,0.984872
0,0,-0.76865,0.408004,0.492655
0,0,0.749398,0.15627,0.643414
0,0,-0.087971,0.988016,0.126828
0,0,-0.482236,0.0309411,0.875495
0,0,0.167466,-0.960753,0.221151
0,0,-0.4739,0.263565,0.840209
0,0,-0.493808,-0.367784,0.787965
0,0,-0.0391081,0.390848,0.919624
0,0,0.930268,0.3645,0.041739
0,0,-0.90008,-0.330136,0.284368
0,0,0.354008,0.13292,0.925749
0,0,-0.791159,-0.433731,0.431214
0,0,0.789002,-0.490368,0.370156
0,0,0.156921,-0.319041,0.934659
0,0,0.649484,-0.0307964,0.759752
0,0,-0.048413,-0.92931,0.366115
0,0,-0.0238633,0.976473,0.214313
0,0,-0.325075,-0.334349,0.884611
0,0,-0.623295,-0.455379,0.635715
0,0,0.751486,0.253246,0.609208
0,0,-0.93748,-0.253755,0.238199
0,0,0.0744801,-0.746366,0.661355
0,0,-0.896276,-0.226169,0.381492
22.875,32.6149,0.355646,-0.46894,0.808462
0,0,0.964554,-0.247189,0.0923696
17.1279,26.4656,-0.695238,-0.0567833,0.716533
0,0,0.32834,0.438005,0.836866
0,0,-0.578093,0.50297,0.642518
0,0,0.410327,0.569167,0.712517
0,0,-0.0573136,-0.971723,0.229062
0,0,0.715876,-0.454602,0.529961
0,0,-0.566165,0.589304,0.576349
0,0,0.869592,-0.469392,0.153234
0,0,0.084225,-0.926023,0.36795
0,0,-0.31615,-0.709525,0.629781
0,0,-0.883494,-0.358702,0.301283
0,0,0.339578,0.40914,0.84693
0,0,0.104171,-0.622114,0.775966
0,0,-0.430435,-0.367166,0.82457
0,0,-0.282606,-0.929663,0.236348
6.01017,8.27984,0.109353,-0.244837,0.963378
0,0,0.133039,-0.824365,0.550203
0,0,-0.294319,-0.776838,0.556685
0,0,-0.656772,-0.428912,0.62023
0,0,0.948691,-0.219862,0.227259
0,0,-0.583472,0.811323,0.0362588
0,0,-0.375133,-0.906482,0.193819
0,0,-0.828719,-0.172504,0.532416
0,0,0.796293,0.603621,0.0394835
0,0,-0.230655,0.460049,0.857411
0,0,0.188189,-0.29679,0.936216
0,0,-0.336188,-0.493583,0.802093
0,0,0.583965,0.754521,0.299471
0,0,0.757325,-0.539145,0.368487
0,0,0.441231,-0.768017,0.464182
0,0,0.431934,-0.799453,0.417501
0,0,0.459794,0.775658,0.432371
0,0,-0.488894,-0.85831,0.155845
21.2352,31.0264,0.930957,0.0453364,-0.362302
0,0,-0.917065,-0.0668867,0.393088
0,0,0.187336,-0.972871,0.135749
0,0,0.372499,0.858659,0.352065
0,0,0.993111,-0.0842799,0.0814116
0,0,0.934859,0.295823,0.196284
0,0,-0.620511,0.0712466,0.780954
0,0,0.275414,-0.341999,0.898434
0,0,0.310675,0.835572,0.453101
0,0,-0.491278,0.385052,0.781269
0,0,0.0914701,0.993433,0.0687354
0,0,0.697098,-0.583624,0.416458
0,0,0.950484,-0.310762,0.00275406
0,0,-0.918327,-0.352169,0.180702
0,0,0.157136,-0.300126,0.940868
0,0,-0.865949,-0.417201,0.275819
0,0,-0.190793,-0.753594,0.629042
0,0,0.810482,-0.577027,0.100792
0,0,-0.429008,-0.832971,0.349443
0,0,0.317123,0.430719,0.844934
23.6078,36.4125,-0.632786,-0.577499,0.515826
0,0,-0.89055,-0.00720503,0.454828
0,0,0.206634,0.822477,0.529937
0,0,-0.86807,0.475618,0.142274
0,0,-0.978547,0.203998,0.0288266
0,0,0.776629,0.177678,0.604382
0,0,-0.125276,0.495172,0.859715
0,0,-0.501145,-0.865359,0.00279297
0,0,-0.35031,0.0664183,0.934276
0,0,0.0425893,0.998699,0.0280292
0,0,-0.849048,-0.441104,0.290766
0,0,0.699934,0.673482,0.237728
0,0,-0.367831,-0.551878,0.74842
0,0,0.234202,0.601721,0.763598
0,0,0.506124,0.198903,0.839212
0,0,0.905443,-0.410422,0.108291
0,0,-0.757597,-0.573386,0.31189
0,0,-0.517937,0.732151,0.442375
0,0,-0.586029,0.284834,0.758577
0,0,-0.843975,0.359817,0.397791
0,0,0.941214,0.0743828,0.329519
0,0,0.205775,0.452457,0.867721
0,0,0.689488,0.699784,0.186839
0,0,-0.0534683,0.791846,0.608376
0,0,-0.317025,-0.810107,0.493174
0,0,-0.658251,-0.440774,0.610266
0,0,-0.318998,0.840222,0.438483
19.9073,28.8598,-0.0970724,0.0959404,0.990642
0,0,-0.956843,0.000602849,0.290605
0,0,-0.884124,-0.409584,0.22487
0,0,-0.830581,-0.0446625,0.555103
0,0,-0.777909,0.513859,0.361671
0,0,-0.0884379,0.285532,0.95428
0,0,0.94504,0.325637,0.0293408
0,0,0.168794,-0.862744,0.476635
0,0,-0.421074,0.656973,0.625366
0,0,-0.533568,-0.691113,0.487512
0,0,-0.389973,-0.448821,0.80404
0,0,-0.602803,-0.294459,0.741568
0,0,-0.967628,-0.0403113,0.249141
0,0,0.582795,-0.296876,0.756449
9.90239,14.2341,0.0971386,-0.110879,0.989075
15.6698,23.0189,0.153547,-0.123153,0.980437
0,0,-0.840961,0.539893,0.0360569
0,0,0.219911,0.924875,0.310235
0,0,0.169064,-0.598311,0.783225
0,0,0.981411,-0.034707,0.188755
0,0,0.75023,-0.641621,0.159617
0,0,0.974914,-0.19414,0.108872
0,0,-0.620493,0.26773,0.737095
0,0,0.237161,0.700122,0.673486
0,0,-0.539783,0.00872519,0.841759
0,0,0.428401,0.197695,0.881697
0,0,-0.868631,-0.104649,0.484282
0,0,-0.409098,-0.205867,0.888964
0,0,-0.0628294,-0.00236836,0.998021
0,0,-0.215107,0.971948,0.0951084
0,0,0.33488,0.92632,0.172589
0,0,-0.0443061,0.963145,0.265308
0,0,-0.547569,-0.836691,0.0107398
0,0,0.777841,-0.0911878,0.621811
0,0,-0.183758,-0.723499,0.665419
0,0,0.718081,0.623683,0.308835
0,0,0.475647,0.0670267,0.877079
0,0,0.465517,0.721975,0.511905
0,0,0.961593,-0.055348,0.268842
0,0,-0.539371,0.819129,0.195207
0,0,-0.645653,0.727948,0.230704
0,0,0.816823,-0.171547,0.550791
0,0,-0.811821,-0.461737,0.357415
0,0,-0.292403,0.92148,0.255685
0,0,-0.868115,0.496133,0.0151209
0,0,0.745414,0.354854,0.564302
0,0,-0.532976,0.821339,0.203319
0,0,0.380039,-0.794484,0.473672
0,0,-0.286729,0.103432,0.952412
0,0,0.165057,0.871354,0.462058
0,0,0.739005,0.652789,0.166545
0,0,0.773858,-0.517604,0.365007
0,0,-0.697773,-0.231532,0.677868
12.4837,18.3071,-0.285507,0.378045,0.880663
0,0,0.584204,-0.354829,0.729933
0,0,0.973196,0.104701,0.204762
0,0,-0.0614918,0.993838,0.0922192
0,0,-0.264152,0.0900485,0.960268
0,0,-0.285046,-0.956194,0.066645
0,0,-0.00131246,0.898581,0.438806
0,0,-0.0824717,0.956622,0.279416
0,0,0.388509,0.855285,0.342853
0,0,0.63434,-0.156975,0.756949
0,0,-0.194101,-0.913833,0.356699
0,0,-0.552244,0.535036,0.639346
0,0,0.436585,-0.47046,0.766851
0,0,-0.579967,0.797436,0.166537
0,0,0.0586828,-0.994058,0.0916825
0,0,-0.743839,-0.541092,0.39233
0,0,0.3739,0.849853,0.371415
0,0,0.531567,0.189879,0.825459
0,0,0.311089,0.95038,0.00140087
0,0,0.297881,0.949399,0.0995411
0,0,0.655822,0.320487,0.68351
0,0,0.277652,-0.28268,0.918151
0,0,-0.893697,0.159419,0.419394
0,0,0.195319,0.949653,0.244969
0,0,0.255977,0.768224,0.586778
0,0,0.655013,-0.383493,0.651069
0,0,0.95457,0.291603,0.0613528
0,0,-0.346968,-0.0158834,0.937742
0,0,-0.307741,-0.924245,0.22598
0,0,0.316338,0.920969,0.227478
0,0,-0.603637,-0.785149,0.138435
0,0,-0.543921,0.512867,0.664167
0,0,-0.907712,0.305858,0.287244
0,0,-0.401303,0.915866,0.0120704
0,0,0.0532325,-0.75223,0.656747
0,0,0.25883,-0.596951,0.759379
0,0,0.690155,0.670931,0.271179
0,0,-0.615893,-0.62513,0.479467
0,0,0.780051,0.0853219,0.619872
0,0,-0.468053,0.229386,0.85341
0,0,-0.5125,0.371048,0.774382
0,0,0.735217,-0.529331,0.423396
0,0,0.995127,-0.081672,0.0552453
0,0,-0.440251,0.398452,0.804621
0,0,-0.0657092,0.772518,0.631584
0,0,-0.953853,-0.085765,0.287766
0,0,0.671238,-0.0157786,0.741074
0,0,0.634785,-0.485879,0.600807
0,0,-0.640431,-0.473354,0.604801
0,0,-0.296156,-0.557882,0.77528
0,0,0.339011,0.775218,0.533019
0,0,0.603775,-0.577519,0.549479
0,0,0.51988,-0.0404769,0.85328
0,0,-0.892196,0.245679,0.378982
0,0,0.155592,-0.876724,0.455133
0,0,0.235153,0.933772,0.269763
0,0,-0.326897,-0.236416,0.915011
0,0,-0.255352,-0.735625,0.627416
0,0,-0.071525,-0.843709,0.532014
0,0,-0.302459,0.490914,0.81702
0,0,-0.11534,-0.874566,0.470989
0,0,-0.248372,-0.746491,0.617303
0,0,-0.80456,0.0164909,0.593642
0,0,-0.489234,0.86591,0.104165
0,0,0.408046,0.821341,0.39862
0,0,-0.229791,0.0600803,0.971384
0,0,0.939632,0.223984,0.258694
0,0,0.178107,-0.957359,0.227469
0,0,-0.244154,0.657551,0.712752
0,0,-0.117611,-0.842352,0.525937
0,0,0.322555,0.934119,0.152905
0,0,-0.777683,0.606693,0.164723
0,0,0.699943,0.45188,0.553068
0,0,0.543576,0.820431,0.177251
0,0,-0.61524,0.701392,0.359902
0,0,0.742615,-0.254455,0.619496
0,0,0.0914339,0.588423,0.803367
0,0,0.824312,0.565544,0.0258719
0,0,0.218768,0.254924,0.941889
0,0,0.109527,-0.383733,0.916926
0,0,-0.262528,0.805591,0.531134
0,0,0.619987,0.103114,0.777807
0,0,-0.468469,0.882473,0.042179
0,0,-0.462598,-0.373487,0.804059
0,0,0.599676,-0.515425,0.612149
0,0,-0.00731687,-0.757562,0.652723
0,0,-0.876121,-0.124578,0.465716
0,0,0.248711,-0.564061,0.787387
0,0,-0.934295,-0.347413,0.0799841
0,0,-0.576025,-0.745901,0.334405
0,0,-0.159223,-0.421603,0.892692
0,0,0.916648,0.231426,0.325881
0,0,-0.348623,0.936926,0.0251464
0,0,-0.0306759,-0.0537626,0.998082
0,0,0.413031,-0.481165,0.773231
0,0,-0.249889,0.640238,0.726396
0,0,-0.293526,-0.547049,0.783952
0,0,-0.602595,0.279453,0.74752
0,0,0.786604,-0.175648,0.591948
0,0,-0.87693,0.468634,0.106662
0,0,0.427032,-0.317913,0.846508
0,0,-0.821014,-0.390858,0.416131
0,0,0.477405,0.484578,0.732986
0,0,-0.211544,0.296476,0.931317
0,0,0.511412,0.149409,0.846247
0,0,0.0534511,-0.658883,0.750344
0,0,0.4348,-0.377194,0.817725
0,0,0.745564,-0.162571,0.646301
0,0,0.626773,0.69392,0.354443
0,0,-0.769333,-0.604327,0.20716
0,0,-0.544001,0.784532,0.297611
0,0,-0.937501,-0.226821,0.263901
0,0,-0.822811,0.549189,0.146195
0,0,-0.693589,-0.640875,0.328958
0,0,0.145866,0.970764,0.190631
0,0,0.231117,-0.000432521,0.972926
0,0,-0.823197,-0.54394,0.162715
0,0,0.0869312,-0.162321,0.982901
0,0,-0.0889635,0.887059,0.453003
0,0,0.0875615,-0.62508,0.775634
0,0,-0.537833,-0.757981,0.369052
0,0,0.237264,-0.186568,0.953362
0,0,0.765049,0.560516,0.317051
0,0,0.881309,0.196045,0.429955
0,0,0.0393207,-0.558521,0.828558
0,0,-0.253642,0.776824,0.576377
0,0,-0.670034,-0.080434,0.73796
0,0,-0.904284,0.40893,0.122669
0,0,0.839855,0.348261,0.416364
0,0,-0.0493492,-0.998542,0.0218733
0,0,0.656821,0.654575,0.374324
0,0,0.422084,0.834836,0.353404
0,0,0.770907,-0.19276,0.607081
0,0,0.587082,0.0720645,0.806313
0,0,0.329722,0.139906,0.933654
0,0,-0.23047,-0.953275,0.195322
0,0,-0.765891,0.633018,0.112688
0,0,0.0617522,-0.998027,0.0113651
0,0,0.409616,0.912057,0.0191498
0,0,0.560731,-0.827992,0.00304203
0,0,-0.41547,-0.905179,0.0896387
0,0,-0.918368,0.155619,0.363844
0,0,0.526302,0.785181,0.32634
0,0,-0.523321,-0.754567,0.395935
0,0,-0.326036,-0.936863,0.126444
0,0,-0.531378,0.359009,0.767301
0,0,0.0628135,0.897326,0.436875
0,0,-0.160939,-0.847658,0.505544
0,0,0.505432,-0.624966,0.594942
0,0,0.966233,0.0854196,0.243101
0,0,-0.494368,-0.711872,0.498837
0,0,-0.00569536,-0.968393,0.249362
0,0,0.560187,-0.135993,0.817127
0,0,-0.516523,0.471946,0.714473
0,0,0.158217,-0.300384,0.940605
0,0,-0.144588,0.954101,0.26227
0,0,-0.202513,0.604836,0.77017
0,0,0.465997,-0.825242,0.319096
0,0,-0.903921,-0.338597,0.261301
0,0,0.564792,-0.763236,0.313815
0,0,0.660624,-0.582113,0.474046
0,0,0.327589,0.485402,0.810599
0,0,0.731192,0.676359,0.0888683
0,0,0.889299,0.449286,0.0853799
10.4763,16.1979,0.0556831,0.0719776,0.995851
0,0,0.574228,0.0750081,0.815252
0,0,0.597112,0.593125,0.540055
0,0,-0.281181,0.865565,0.414408
0,0,-0.642164,0.0994685,0.760086
0,0,0.360471,0.476819,0.801688
0,0,0.414447,-0.316174,0.853386
0,0,0.738759,-0.569765,0.360003
0,0,-0.175474,-0.746477,0.641858
0,0,-0.618605,0.00847217,0.785657
0,0,0.0260997,0.801623,0.59726
0,0,0.741012,-0.456942,0.492042
0,0,0.0755804,-0.63657,0.767506
0,0,-0.856488,0.0559615,0.513124
0,0,0.641778,-0.608247,0.467072
0,0,0.443399,-0.0853795,0.892248
0,0,0.846946,0.530391,0.0369837
0,0,-0.963468,0.014758,0.267417
0,0,0.181422,0.680661,0.70978
0,0,0.809893,-0.187954,0.55565
0,0,-0.0774234,-0.821485,0.564949
0,0,-0.0195149,0.932766,0.359953
0,0,0.986513,-0.150138,0.0651896
0,0,-0.369935,-0.311512,0.875276
0,0,-0.581834,-0.646988,0.492823
0,0,0.390923,-0.81749,0.422953
0,0,-0.205404,0.482453,0.851498
0,0,0.723085,0.425843,0.543881
0,0,-0.0615945,0.560433,0.825906
0,0,-0.716665,0.467449,0.517574
0,0,0.599047,-0.787785,0.143306
0,0,-0.122811,-0.0527283,0.991028
0,0,-0.514277,-0.317605,0.796647
0,0,0.888219,-0.14995,0.43426
0,0,-0.65352,0.581427,0.484617
0,0,0.69108,-0.268526,0.671045
0,0,0.855882,-0.400027,0.327788
0,0,-0.132153,-0.389127,0.911656
0,0,-0.885411,-0.378061,0.270401
0,0,0.0984398,0.452359,0.886386
0,0,0.639084,0.0899335,0.763861
0,0,0.14879,0.965942,0.211702
0,0,-0.247674,0.221889,0.943092
0,0,-0.943403,0.26029,0.205521
0,0,0.224306,0.319733,0.920575
0,0,-0.234951,-0.0686857,0.969577
0,0,-0.596378,-0.382668,0.705619
0,0,-0.397423,0.915438,0.0634656
0,0,0.288211,-0.654988,0.698517
0,0,0.738085,-0.653795,0.166681
0,0,-0.995955,-0.0780833,0.044459
0,0,-0.238553,-0.0726557,0.968408
0,0,0.781107,0.597013,0.182884
0,0,-0.385783,0.756443,0.528172
18.5474,25.0582,0.241602,0.039569,0.969568
17.2591,25.7396,-0.792088,0.564893,-0.231286
0,0,-0.409792,-0.772944,0.484383
0,0,-0.942927,-0.286852,0.169132
0,0,0.639749,-0.697155,0.323569
0,0,-0.453331,-0.443362,0.773254
0,0,0.667618,-0.23823,0.705359
0,0,-0.476481,0.796336,0.372578
0,0,0.489532,-0.861094,0.137389
0,0,0.11955,-0.240057,0.963369
0,0,-0.361345,0.64961,0.668908
0,0,0.406048,-0.875129,0.263199
0,0,-0.50997,0.397378,0.762903
0,0,0.901977,0.429953,0.0397276
0,0,-0.0462228,0.985914,0.160741
0,0,0.414325,0.209132,0.885776
0,0,-0.385642,0.857756,0.339904
0,0,0.825682,0.555591,0.0978207
0,0,-0.0393192,0.646776,0.761666
0,0,0.0554961,-0.439245,0.896652
0,0,-0.443724,0.0670386,0.893652
0,0,-0.142924,0.588675,0.795635
0.662032,1.07788,0.0661954,0.325223,0.943318
0,0,-0.96902,-0.0235259,0.24586
0,0,-0.190566,0.884902,0.425009
0,0,0.14112,-0.699374,0.700686
0,0,-0.0824284,0.923999,0.373404
0,0,-0.364103,-0.427997,0.827193
0,0,0.971745,-0.236022,0.00241435
0,0,-0.672293,-0.304244,0.674876
0,0,0.356457,0.157655,0.920914
0,0,-0.0712487,-0.702641,0.707968
0,0,0.633892,-0.730325,0.254571
0,0,0.494527,-0.40244,0.77038
0,0,0.216749,-0.828246,0.516749
0,0,-0.652167,-0.487548,0.580495
0,0,0.437381,-0.840047,0.320966
0,0,-0.684346,-0.728781,0.0234258
0,0,0.861003,-0.207823,0.464202
0,0,-0.295696,0.382434,0.87539
0,0,-0.666544,0.375587,0.643935
0,0,-0.703576,-0.562823,0.433832
0,0,-0.514218,-0.208458,0.83194
0,0,-0.538474,0.756055,0.372057
0,0,0.315031,-0.698268,0.642789
0,0,0.170782,0.0360859,0.984648
0,0,-0.31147,-0.503585,0.805847
0,0,-0.0756682,-0.743348,0.664612
0,0,-0.202193,0.913274,0.353622
0,0,0.545706,0.733075,0.405964
0,0,-0.481276,-0.229612,0.845962
0,0,-0.430736,0.737973,0.519484
0,0,0.0521242,0.949522,0.309341
0,0,0.656953,-0.293556,0.694433
0,0,-0.806989,-0.563874,0.17554
0,0,0.708553,-0.394448,0.585119
0,0,0.263965,0.958959,0.103539
0,0,-0.928091,0.0481355,0.36923
0,0,-0.447834,0.471173,0.759895
0,0,0.829727,-0.00311224,0.558161
0,0,0.873567,-0.44802,0.190155
0,0,0.484483,0.813378,0.322015
0,0,0.701062,0.362413,0.61414
0,0,0.420179,-0.905538,0.0587436
0,0,0.275923,-0.193925,0.941414
0,0,0.817256,0.334696,0.469117
0,0,-0.194881,0.66188,0.723835
0,0,0.506113,-0.540903,0.671769
0,0,-0.16347,-0.906523,0.389222
0,0,0.0442662,-0.107249,0.993246
0,0,-0.571472,0.623741,0.53326
0,0,0.857748,-0.356498,0.370376
0,0,0.523239,-0.486992,0.699328
0,0,-0.762546,0.324975,0.559388
0,0,0.840053,0.409984,0.35528
0,0,0.802996,0.377032,0.461567
0,0,0.390143,0.487232,0.781277
0,0,0.658585,0.453302,0.600652
0,0,0.954404,-0.0176587,0.297996
0,0,0.321799,-0.316418,0.89237
0,0,-0.932505,-0.352892,0.0768144
0,0,0.344085,-0.837486,0.424526
0,0,-0.92736,0.330271,0.175854
0,0,0.360788,-0.534214,0.764492
0,0,0.785024,0.3063,0.53844
0,0,0.094847,-0.78277,0.61504
0,0,0.479004,0.596698,0.643823
0,0,-0.811773,0.252206,0.526704
0,0,0.827122,0.0452948,0.560194
0,0,0.463914,-0.455469,0.759823
0,0,0.291647,-0.626409,0.722879
0,0,0.0986633,-0.717837,0.689184
0,0,0.43452,-0.39409,0.809868
0,0,-0.878263,-0.45093,0.15911
0,0,-0.208241,0.862677,0.460895
0,0,-0.405682,0.0959558,0.908963
0,0,0.0519252,0.897724,0.437488
0,0,0.529245,0.844635,0.0805658
0,0,0.734634,0.610712,0.29554
0,0,0.228803,-0.598729,0.767576
0,0,0.878218,0.233099,0.41761
0,0,-0.0858723,0.619307,0.780439
0,0,0.172685,-0.47227,0.864373
0,0,-0.596385,-0.460277,0.657624
0.0372074,0.00765228,-0.253036,0.0261993,0.967102
0,0,0.752119,0.160962,0.639069
0,0,-0.527475,-0.113577,0.841944
0,0,0.57927,-0.0816857,0.811033
0,0,-0.213247,-0.919348,0.330643
0,0,-0.480637,-0.269909,0.834349
20.1768,29.0487,-0.901618,0.287124,-0.323489
0,0,-0.781167,-0.328663,0.53081
0,0,-0.589133,0.416625,0.692348
0,0,0.779333,0.561961,0.277199
0,0,0.177307,-0.747659,0.639976
0,0,0.431345,-0.288441,0.854835
0,0,-0.524905,0.0148315,0.851032
0,0,-0.84718,-0.505985,0.162064
0,0,-0.522879,-0.13514,0.841626
0,0,-0.0968429,-0.370318,0.923843
0,0,0.441913,-0.516846,0.733201
0,0,0.296122,-0.917504,0.265514
0,0,-0.102697,-0.42377,0.899929
0,0,-0.999802,0.0186172,0.00699943
0,0,0.178788,-0.976172,0.122979
0,0,0.33229,0.483983,0.809533
0,0,0.0988442,0.77628,0.62259
0,0,0.833147,-0.334401,0.440502
0,0,-0.0804639,-0.910756,0.40503
0,0,-0.532103,-0.617845,0.578908
0,0,-0.682814,-0.610847,0.400788
0,0,0.326783,-0.931346,0.160646
0,0,0.177961,-0.117388,0.977011
0,0,0.558956,-0.714328,0.421076
0,0,-0.526471,0.849862,0.0237078
0,0,0.566999,0.707928,0.421129
0,0,-0.697664,-0.129154,0.704687
0,0,-0.341902,-0.929152,0.140638
0,0,0.046914,0.825316,0.562719
0,0,0.133343,-0.870554,0.473662
0,0,-0.765945,-0.597775,0.23663
0,0,0.143841,0.902876,0.405124
0,0,0.474918,0.620076,0.624467
0,0,0.157837,-0.933546,0.321837
0,0,0.957519,0.233775,0.168839
0,0,-0.980863,0.135394,0.139913
0,0,0.206748,0.219895,0.953363
0,0,0.0713744,-0.816072,0.573526
0,0,-0.614842,0.221361,0.756947
0,0,-0.991151,0.109709,0.0747226
0,0,0.880372,-0.429031,0.202182
0,0,-0.878021,-0.240792,0.41364
0,0,-0.776988,0.384969,0.498084
0,0,0.889009,0.118496,0.442291
0,0,-0.661142,-0.330929,0.673332
0,0,-0.543456,-0.761899,0.352372
0,0,-0.17797,0.922627,0.342179
0,0,0.187355,0.497792,0.846818
0,0,0.440599,0.327377,0.835881
0,0,0.592327,0.805005,0.0334154
0,0,-0.67177,0.665502,0.325319
0,0,-0.600855,0.223557,0.76746
0,0,-0.922882,0.0840682,0.375795
0,0,-0.588728,0.177174,0.788675
0,0,-0.803606,0.540165,0.249879
0,0,0.184516,-0.685603,0.704204
0,0,0.243626,-0.530324,0.812036
0,0,0.423758,0.336614,0.840904
0,0,0.0973312,0.60192,0.792603
0,0,0.898105,-0.0572058,0.436045
0,0,-0.0629232,-0.996959,0.0459757
0,0,0.938336,-0.274192,0.21058
0,0,-0.572201,0.610018,0.548146
0,0,-0.663096,0.720301,0.203641
0,0,-0.897864,0.440183,0.00887937
0,0,0.981786,0.160667,0.101402
0,0,0.00822627,-0.231627,0.97277
0,0,0.755849,0.14637,0.638176
0,0,0.819926,-0.499299,0.28004
0,0,0.242006,-0.616898,0.748913
0,0,-0.402887,0.509444,0.760361
0,0,-0.769712,0.412988,0.48681
0,0,-0.459046,0.886208,0.0625542
0,0,-0.212817,-0.955292,0.205246
0,0,0.513464,-0.135794,0.847299
0,0,-0.834225,0.26611,0.482963
0,0,0.960822,-0.21426,0.175823
0,0,-0.152806,-0.38924,0.908373
0,0,-0.756998,0.497541,0.423565
0,0,-0.834729,0.172344,0.522997
0,0,-0.163391,-0.57058,0.804824
0,0,0.954383,0.297946,0.0195244
0,0,-0.687125,-0.57428,0.44504
0,0,-0.77334,-0.562993,0.291522
0,0,-0.589612,0.22751,0.774982
0,0,-0.162626,0.974433,0.155026
0,0,-0.108572,0.0374837,0.993382
0,0,-0.952942,-0.155581,0.260185
0,0,-0.821426,-0.446267,0.355112
21.9584,31.2529,0.333453,-0.116072,0.935594
0,0,-0.412442,0.493641,0.765644
0,0,0.95245,0.0745537,0.295434
0,0,-0.206376,-0.970304,0.126168
0,0,-0.48368,-0.094369,0.870143
0,0,0.442781,-0.75265,0.487301
0,0,0.117418,-0.357538,0.926488
0,0,-0.78014,0.267553,0.565506
0,0,0.534741,-0.839592,0.0955956
0,0,-0.789066,-0.504841,0.350014
0,0,0.969376,0.222891,0.103106
0,0,-0.0777569,0.923411,0.375854
0,0,0.327035,-0.60289,0.727717
0,0,0.702472,0.0192995,0.71145
0,0,0.315619,-0.645023,0.695939
0,0,-0.817404,0.349086,0.458246
0,0,-0.406513,0.757926,0.510192
0,0,-0.531125,0.443517,0.721941
0,0,0.14664,0.957495,0.248396
0,0,0.339382,0.928628,0.149901
0,0,-0.930927,-0.332303,0.151491
0,0,-0.807756,-0.0309066,0.588706
0,0,0.0926586,-0.979724,0.177637
0,0,-0.862114,0.160592,0.480594
0,0,0.251429,-0.825399,0.50547
0,0,-0.0367913,-0.538724,0.841678
0,0,-0.430871,0.724572,0.537909
0,0,-0.697975,0.543973,0.465751
0,0,0.211621,0.530653,0.820746
0,0,0.168356,-0.255608,0.952009
0,0,-0.141847,-0.45503,0.879106
0,0,0.962981,-0.0629903,0.262107
0,0,0.605691,0.0632547,0.793182
0,0,0.151392,-0.309399,0.938804
0,0,-0.703529,-0.35432,0.616039
0,0,-0.587002,-0.00975603,0.809527
0,0,-0.63757,0.718753,0.277304
0,0,-0.148258,-0.899812,0.410314
5.13644,7.7838,-0.389676,-0.282873,0.876434
0,0,0.862245,-0.42121,0.281274
0,0,-0.989554,0.143756,0.0107924
7.49139,10.6839,0.540676,-0.788278,-0.293745
0,0,0.353424,0.648043,0.674635
0,0,-0.06646,0.994227,0.0842376
0,0,-0.418649,0.493329,0.762469
0,0,0.668398,0.464051,0.581292
0,0,0.406294,0.320347,0.855747
0,0,-0.535154,0.185173,0.824209
0,0,-0.585103,-0.516566,0.625152
0,0,0.924023,0.0167988,0.381967
0,0,-0.75077,-0.425242,0.505483
0,0,-0.909271,0.279431,0.308456
0,0,-0.712601,0.0541839,0.699475
0,0,0.755869,-0.168877,0.632568
0,0,-0.796855,-0.575615,0.183549
0,0,0.266853,0.667799,0.694862
0,0,-0.319341,-0.501822,0.803863
0,0,-0.75597,0.651717,0.0614336
0,0,-0.252601,-0.869486,0.424485
0,0,-0.389774,-0.338531,0.85643
0,0,-0.348177,0.300763,0.887871
0,0,-0.914613,0.320261,0.24681
0,0,-0.568538,0.749945,0.338151
0,0,-0.437346,0.473524,0.764528
0,0,0.398921,0.813672,0.422847
0,0,0.425367,-0.262154,0.866221
0,0,-0.256859,-0.913216,0.316323
0,0,-0.548455,-0.707757,0.445284
0,0,0.779772,-0.0310455,0.625294
0,0,0.454825,0.275342,0.846948
0,0,-0.270626,0.920428,0.28209
0,0,-0.855317,-0.0180598,0.51779
0,0,0.394604,-0.110843,0.912141
0,0,-0.666474,0.432019,0.607595
0,0,0.542221,0.771206,0.333522
0,0,-0.5623,-0.0758161,0.82345
0,0,0.876578,0.351655,0.328557
0,0,-0.475457,-0.492726,0.728808
0,0,-0.784043,-0.192166,0.590211
0,0,-0.286854,0.579995,0.762444
0,0,0.855701,0.240111,0.458391
0,0,0.823476,0.566924,0.0220221
0,0,-0.530752,-0.778222,0.335668
0,0,-0.709041,-0.584534,0.394437
0,0,0.674283,0.737506,0.0377779
0,0,-0.769949,0.636218,0.0490383
0,0,0.418541,-0.684654,0.596719
0,0,-0.0367267,-0.383003,0.923017
0,0,0.893415,0.103099,0.437241
0,0,-0.42806,0.903672,0.0119151
0,0,-0.503931,0.785295,0.359674
0,0,0.971207,0.22081,0.0894406
0,0,-0.417939,-0.378244,0.82599
0,0,-0.962743,0.249569,0.104118
0,0,-0.84932,-0.514796,0.116792
0,0,0.470073,-0.665846,0.579379
0,0,-0.429572,-0.707171,0.561585
0,0,-0.456634,0.102434,0.883738
0,0,-0.414606,-0.726824,0.547566
0,0,0.560354,0.631862,0.535494
10.9164,14.664,-0.602093,0.010536,0.798356
0,0,-0.655801,0.754606,0.0222564
0,0,0.587318,-0.639698,0.495826
0,0,0.45059,-0.860521,0.237639
0,0,0.371015,-0.876368,0.307126
0,0,0.446732,0.610066,0.654408
0,0,0.015462,0.827849,0.560738
0,0,0.559324,-0.420925,0.714128
0,0,0.785985,0.609593,0.103071
0,0,-0.392745,-0.523251,0.75628
0,0,-0.479741,0.296471,0.825804
0,0,0.760739,-0.648286,0.0316537
0,0,0.926308,0.13746,0.350796
0,0,0.0639474,-0.560226,0.825868
0,0,0.271349,0.754719,0.597302
0,0,0.483111,0.388314,0.78474
0,0,0.7594,-0.582958,0.288914
0,0,0.380121,0.210324,0.900706
0,0,0.406335,-0.768539,0.494206
0,0,-0.146822,-0.162711,0.975689
0,0,-0.0484833,-0.462441,0.885324
0,0,0.114855,0.861748,0.494165
0,0,-0.129395,0.408961,0.903332
0,0,0.962372,-0.109872,0.248533
0,0,0.493328,-0.502123,0.710282
0,0,-0.585317,0.649117,0.48585
0,0,0.981125,0.113469,0.156587
0,0,-0.849244,0.419203,0.321018
0,0,0.0119727,0.977133,0.212293
0,0,0.800051,-0.388681,0.456995
0,0,-0.175323,-0.811371,0.55762
0,0,0.0105891,0.771444,0.636209
0,0,-0.867725,0.0678403,0.492393
0,0,0.540948,-0.820631,0.184226
0,0,-0.358219,-0.927147,0.109897
0,0,0.648777,-0.393663,0.651243
0,0,0.319289,0.755627,0.571911
0,0,-0.532624,0.741829,0.407433
0,0,0.609885,-0.236388,0.756413
0,0,0.949032,-0.088469,0.302507
0,0,-0.885756,-0.0329016,0.462984
0,0,0.858603,-0.485415,0.16484
0,0,-0.870725,-0.339922,0.355374
0,0,0.248666,0.967687,0.0417998
0,0,0.191008,0.221085,0.956367
0,0,0.758351,-0.380239,0.529455
0,0,-0.619504,-0.70058,0.354121
0,0,0.81448,-0.408855,0.411655
0,0,0.492726,0.861203,0.124702
0,0,-0.389753,-0.776438,0.495213
0,0,0.0543519,0.952528,0.299559
0,0,0.549327,0.107004,0.828728
0,0,-0.48122,-0.876558,0.00852635
0,0,-0.983163,-0.0728821,0.167567
0,0,-0.509468,0.541515,0.668733
0,0,0.384907,-0.454143,0.803493
0,0,-0.655957,-0.6595,0.367125
0,0,0.633376,-0.2426,0.734834
0,0,-0.114584,0.331646,0.936419
0,0,-0.6523,0.302557,0.694956
0,0,-0.688331,0.496759,0.528612
0,0,-0.585795,-0.221236,0.779678
0,0,-0.507038,0.0859337,0.857629
0,0,0.401498,-0.522276,0.752347
0,0,-0.747008,0.660484,0.075762
0,0,-0.737881,-0.00668821,0.674898
0,0,-0.203045,0.493954,0.845448
0,0,0.184373,-0.578478,0.794588
0,0,0.407917,-0.880765,0.240533
0,0,0.126237,0.886999,0.444182
0,0,-0.420531,-0.298327,0.856828
0,0,-0.829555,0.296087,0.473468
0,0,0.317164,-0.825415,0.467009
0,0,0.423195,0.184935,0.886964
0,0,0.274251,-0.948476,0.158678
0,0,-0.108968,-0.682825,0.72241
0,0,-0.199561,-0.69093,0.694832
0,0,-0.938217,-0.0838641,0.335731
0,0,-0.667366,-0.429292,0.608549
0,0,0.638349,-0.638254,0.430282
0,0,0.559192,-0.725518,0.401158
0,0,0.566814,0.74545,0.350751
0,0,0.308852,-0.473625,0.824797
0,0,0.4534,0.82904,0.327294
0,0,0.580649,0.804953,0.122059
0,0,0.908712,0.200184,0.366291
0,0,0.38364,-0.882808,0.271055
0,0,-0.739968,0.247691,0.625377
0,0,-0.0602243,0.722849,0.688376
0,0,-0.0930453,-0.415796,0.904686
0,0,0.656619,0.320266,0.682848
0,0,-0.708666,-0.097276,0.698806
0,0,0.522927,0.591016,0.614205
0,0,-0.82428,0.167751,0.54076
0,0,0.627599,-0.655594,0.4199
0,0,0.698257,0.715432,0.0243605
0,0,-0.253217,0.596662,0.761496
0,0,0.0554583,0.406474,0.911978
0,0,-0.233786,-0.446792,0.863551
0,0,0.764437,-0.45579,0.455951
0,0,-0.883999,-0.44048,0.156598
0,0,0.934115,0.00186964,0.356966
0,0,0.124553,0.477708,0.869645
7.76791,11.4802,-0.862969,-0.461339,0.206034
0,0,-0.0391891,0.48239,0.87508
0,0,-0.488816,0.118511,0.8643
0,0,0.44607,0.555927,0.701404
0,0,-0.963791,0.0675061,0.257972
0,0,-0.876444,-0.312463,0.36635
0,0,-0.686869,0.663336,0.296979
0,0,-0.694619,-0.322064,0.643257
0,0,-0.333554,-0.794773,0.507028
0,0,0.59051,-0.105541,0.800099
0,0,-0.675743,-0.185078,0.713524
0,0,-0.449548,0.893039,0.0196899
0,0,0.624053,-0.0387102,0.780423
0,0,-0.577123,0.571665,0.583205
0,0,-0.990468,-0.0737359,0.116343
0,0,-0.295964,-0.824074,0.483019
0,0,0.878529,0.342733,0.332748
0,0,0.243505,0.874428,0.41962
0,0,-0.749414,0.606456,0.265686
0,0,-0.357443,0.906267,0.22564
0,0,-0.390275,0.338551,0.856194
0,0,-0.0884247,0.340703,0.936004
0,0,0.241399,0.958481,0.151795
0,0,-0.320544,0.8932,0.315349
0,0,0.852399,0.0857546,0.515812
0,0,0.33735,0.935601,0.104139
0,0,0.904507,0.165775,0.392919
0,0,-0.374787,-0.756296,0.536237
0,0,-0.457499,0.345904,0.819174
0,0,0.851658,-0.153663,0.501065
0,0,0.721438,0.170262,0.671222
0,0,0.545134,-0.197709,0.814702
0,0,-0.729183,0.6613,0.175996
0,0,-0.395809,-0.877864,0.269609
0,0,-0.129858,-0.967147,0.218549
0,0,0.893926,0.177215,0.411694
8.60795,12.6026,0.137899,-0.35648,0.92407
0,0,-0.462456,-0.827589,0.318168
0,0,0.0887046,0.970578,0.223852
0,0,0.573669,-0.818504,0.0309129
0,0,-0.0976168,0.63473,0.766543
0,0,0.759792,0.610156,0.224557
0,0,0.801245,-0.576684,0.159507
0,0,0.846049,0.504261,0.172981
0,0,0.625607,-0.686538,0.370516
0,0,0.266287,-0.456121,0.849144
0,0,0.795436,0.605332,0.0292505
0,0,0.680434,-0.500783,0.535001
0,0,0.0228759,0.928638,0.37028
0,0,-0.951955,0.305343,0.0234049
0,0,0.883129,-0.123392,0.452611
0,0,-0.57903,-0.499441,0.644425
0,0,-0.572587,-0.728694,0.375699
0,0,0.408853,-0.909079,0.0800879
0,0,-0.663184,0.729572,0.167069
0,0,-0.92484,0.350759,0.147101
0,0,-0.123551,-0.0394674,0.991553
0,0,0.449177,0.891349,0.0611313
0,0,0.441006,-0.857954,0.263494
0,0,0.492065,0.744524,0.451172
0,0,-0.444854,-0.416579,0.792822
0,0,-0.36961,-0.11948,0.921473
0,0,0.489731,0.0293708,0.871379
0,0,0.731248,-0.469937,0.494404
2.57273,3.44952,0.101112,-0.403541,0.909358
0,0,0.659865,0.360232,0.659402
0,0,-0.017917,-0.339892,0.940294
18.7071,27.9658,0.0467911,-0.132687,0.990053
0,0,0.545307,0.805157,0.233157
17.3978,26.1344,0.0779308,-0.357842,0.930525
0,0,0.315999,-0.607388,0.728852
0,0,0.33482,-0.0861321,0.938337
0,0,0.851473,0.364595,0.376913
0,0,0.753697,0.122025,0.645794
0,0,-0.130793,-0.929758,0.344156
0,0,-0.950039,-0.230247,0.210742
0,0,0.207626,0.977455,0.0383826
0,0,0.636761,-0.661535,0.396115
0,0,-0.830625,0.228616,0.507737
0,0,0.0799861,0.863649,0.497707
0,0,0.933079,-0.211321,0.291044
0,0,-0.838247,0.542384,0.0562348
0,0,-0.755409,-0.653997,0.040555
0,0,0.197056,0.741849,0.640959
0,0,0.831105,-0.453818,0.321424
0,0,-0.492653,0.257853,0.831147
0,0,0.927412,-0.284509,0.242819
0,0,0.679893,0.683473,0.265725
0,0,0.602548,-0.798064,0.0055173
0,0,-0.259816,-0.305339,0.916113
0,0,0.342002,0.783787,0.518375
0,0,-0.732036,0.60061,0.321544
0,0,0.62017,0.186543,0.761965
1.87526,3.10963,0.228042,-0.0225041,0.973391
0,0,-0.109561,0.987811,0.110573
0,0,0.436211,0.7416,0.509656
0,0,-0.482799,-0.718315,0.500928
22.4653,29.0487,0.841907,0.0798883,0.533676
0,0,0.243706,-0.489557,0.837222
0,0,0.353374,0.898096,0.26182
0,0,0.470113,0.495441,0.730433
0,0,-0.331029,-0.941584,0.0619592
10.8341,12.6958,0.208961,-0.201373,0.956966
0,0,0.0341049,-0.616978,0.786241
0,0,-0.620107,0.588817,0.518422
0,0,-0.33708,-0.608378,0.718508
0,0,-0.114312,-0.993124,0.0252557
0,0,-0.138409,0.986569,0.0867437
0,0,-0.751735,0.32237,0.575301
0,0,0.61394,0.146891,0.775565
0,0,0.96223,-0.244286,0.120156
0,0,-0.537689,0.70686,0.459608
0,0,-0.29058,0.406174,0.866363
0,0,-0.689935,0.579642,0.433595
0,0,0.74466,0.576119,0.336999
0,0,0.691565,0.341764,0.636345
0,0,0.466535,-0.768774,0.437416
0,0,0.610735,0.790617,0.0439039
0,0,-0.56028,-0.784945,0.264476
0,0,-0.0956778,-0.889802,0.446205
0,0,-0.696318,-0.670823,0.255221
13.9869,22.0394,-0.00174747,-0.00479913,0.999987
0,0,0.990002,0.116099,0.0801116
0,0,0.167024,-0.379836,0.90985
0,0,-0.255423,0.31934,0.912568
0,0,0.0194582,0.98345,0.18013
0,0,-0.10501,0.983466,0.147536
0,0,0.596678,-0.641638,0.481949
0,0,-0.251417,-0.307742,0.917652
0,0,-0.0439984,0.681312,0.73067
0,0,0.854028,-0.441351,0.275402
0,0,-0.612237,0.762153,0.21045
0,0,0.974875,-0.222752,0.000578451
0,0,0.685875,0.514637,0.514513
0,0,-0.975492,0.216566,0.0389288
0,0,-0.423806,-0.404606,0.81036
0,0,-0.859078,-0.38607,0.336059
0,0,0.173486,0.44374,0.879203
0,0,-0.151752,0.305821,0.939918
0,0,-0.745209,0.326259,0.581565
0,0,-0.99157,-0.116414,0.0568946
0,0,-0.532906,-0.547616,0.645079
0,0,0.715545,0.365475,0.595334
0,0,0.676208,-0.732789,0.0759209
0,0,0.127506,-0.98207,0.138854
0,0,0.653305,-0.301417,0.694507
0,0,0.125737,0.398493,0.908511
0,0,-0.474475,0.605554,0.638888
0,0,0.498462,-0.587418,0.637554
0,0,-0.801899,-0.154468,0.577146
0,0,-0.0858561,-0.986822,0.137156
0,0,-0.858793,-0.105058,0.501436
0,0,-0.363953,0.275768,0.889657
0,0,0.586671,-0.803069,0.104394
0,0,-0.795249,-0.564276,0.221746
0,0,-0.539574,-0.808478,0.234997
0,0,-0.528371,0.291132,0.797538
0,0,0.0509281,0.762298,0.645219
0,0,-0.0118092,0.311611,0.950136
0,0,-0.350005,0.37467,0.858556
0,0,-0.188489,0.931556,0.310925
0,0,-0.42311,-0.630386,0.650839
0,0,0.233258,-0.972374,0.00890592
0,0,0.128171,0.484707,0.865235
0,0,0.908401,-0.185941,0.374478
0,0,0.546996,0.249528,0.799081
0,0,-0.642212,-0.678492,0.356668
0,0,-0.432473,-0.45203,0.780151
0,0,0.516041,-0.480284,0.709245
0,0,0.750033,0.624883,0.216729
0,0,0.348885,0.581276,0.735117
0,0,0.921576,-0.375246,0.0994391
0,0,0.642038,0.40103,0.653424
0,0,-0.204701,0.425384,0.881559
0,0,0.576092,0.307498,0.75734
0,0,0.826736,-0.358916,0.433229
0,0,-0.239177,0.916616,0.320328
0,0,-0.273772,-0.356809,0.893161
0,0,0.852081,0.0991151,0.51394
0,0,0.0973436,0.365658,0.925645
0,0,0.988849,-0.148909,0.00187027
0,0,0.979731,-0.0205852,0.199259
0,0,-0.812515,0.155896,0.561707
0,0,0.668548,0.572768,0.474321
0,0,-0.586339,-0.70532,0.398409
0,0,0.902859,-0.264005,0.339333
0,0,0.721859,0.595573,0.352438
0,0,-0.892877,0.148168,0.425225
0,0,0.0964678,0.735525,0.670594
0,0,0.0729376,-0.932789,0.352965
0,0,0.810389,0.0393827,0.584568
0,0,0.406958,-0.167278,0.898
0,0,0.791676,-0.23732,0.562965
0,0,0.556959,0.736391,0.38409
0,0,-0.961024,-0.26114,0.0907728
0,0,0.247709,-0.0519425,0.967441
0,0,0.274664,-0.953412,0.124759
0,0,0.884057,0.0582487,0.463734
0,0,-0.844053,0.477575,0.24392
0,0,0.843785,-0.0536695,0.533992
0,0,-0.8274,-0.444055,0.343838
0,0,0.761417,0.626811,0.165383
0,0,0.369551,0.0990505,0.923916
0,0,0.141478,0.83162,0.537021
0,0,-0.165772,0.592531,0.788306
0,0,0.557313,0.767036,0.317896
0,0,-0.905737,0.238777,0.35018
0,0,0.680504,0.431824,0.591981
0,0,-0.4092,-0.743241,0.52929
0,0,-0.734802,-0.642435,0.217585
0,0,0.329233,0.394389,0.857941
0,0,0.632691,0.0888992,0.769285
0,0,0.0750823,-0.356543,0.931257
0,0,-0.975069,0.0323731,0.219526
0,0,0.862626,0.00248679,0.505837
0,0,-0.965631,-0.189592,0.177794
0,0,-0.458607,0.800231,0.386405
0,0,0.537413,-0.725738,0.429525
0,0,0.174381,0.984574,0.0142982
0,0,-0.863155,-0.0113031,0.504813
0,0,0.945788,0.0279651,0.323578
0,0,-0.88775,0.367345,0.277413
0,0,-0.318335,0.774667,0.5464
0,0,0.401767,-0.165172,0.900723
0,0,0.0350159,0.710699,0.702624
0,0,-0.430605,-0.706247,0.561955
0,0,0.521046,-0.853285,0.0203934
0,0,-0.176209,-0.75451,0.63219
0,0,-0.400069,-0.42731,0.810772
0,0,0.0259546,0.676377,0.736098
0,0,-0.421032,0.448028,0.788672
0,0,-0.503825,0.842347,0.191341
0,0,-0.877125,-0.0570044,0.476868
0,0,-0.754145,0.24663,0.608636
0,0,-0.465434,-0.883938,0.0449969
0,0,-0.356894,-0.538774,0.763118
0,0,-0.422226,0.862463,0.279075
0,0,0.0958651,0.984189,0.148938
0,0,-0.525357,-0.376663,0.762972
0,0,0.45347,-0.875904,0.164792
0,0,0.452575,-0.72212,0.523182
0,0,-0.928896,-0.214598,0.301827
0,0,-0.561198,0.452805,0.692838
0,0,0.654039,0.311165,0.689499
0,0,-0.189177,-0.919915,0.343466
0,0,0.395496,-0.780853,0.483582
0,0,0.0978569,0.565624,0.818837
0,0,-0.0948337,-0.43086,0.897422
0,0,-0.467834,0.246675,0.848695
0,0,-0.0929739,-0.895182,0.435896
0,0,-0.483932,-0.712936,0.507476
0,0,0.178456,-0.395779,0.90084
0,0,-0.761446,-0.624577,0.173505
0,0,-0.971571,-0.208684,0.111806
0,0,-0.517512,0.826742,0.220632
0,0,-0.661775,0.0750158,0.74594
0,0,-0.63427,-0.516231,0.575506
0,0,-0.560007,0.710576,0.425997
0,0,0.750454,-0.22052,0.623049
0,0,-0.101417,-0.457833,0.883235
5.62574,7.72063,-0.163441,0.322892,0.932217
0,0,0.0976447,-0.972018,0.213651
0,0,-0.169239,0.326951,0.929764
0,0,-0.998286,0.0478832,0.0336585
0,0,0.325074,-0.761905,0.560203
0,0,0.244948,0.638172,0.729888
0,0,0.523177,0.849538,0.0676048
0,0,0.631603,0.219918,0.743447
0,0,-0.511406,0.242804,0.824324
0,0,-0.431269,-0.864847,0.256997
0,0,-0.810271,-0.133574,0.57063
0,0,0.886238,0.224941,0.404948
0,0,0.619203,0.673423,0.403843
0,0,-0.161834,-0.0905273,0.982657
0,0,-0.835055,0.50805,0.21111
0,0,-0.410566,-0.799045,0.439276
0,0,-0.745126,0.377379,0.549884
0,0,0.891944,0.109566,0.438669
8.75082,11.7707,0.214182,0.114198,0.970095
0,0,0.36464,-0.401487,0.840146
0,0,0.482655,0.837422,0.256456
0,0,0.151443,0.748014,0.646173
0,0,-0.0556548,0.995664,0.0745336
0,0,0.815298,0.314634,0.486102
0,0,-0.916204,0.345296,0.203326
0,0,0.129138,0.597381,0.791492
16.1182,22.8157,-0.0145023,0.0930859,0.995552
0,0,0.405374,0.395476,0.824179
0,0,0.443706,-0.364036,0.818904
0,0,0.699263,0.714568,0.0205937
0,0,-0.86583,-0.409556,0.287407
0,0,-0.586808,0.684228,0.432999
0,0,0.0892498,-0.706843,0.701718
0,0,0.600535,0.798382,0.0441017
0,0,0.546672,0.426447,0.72062
0,0,0.823052,0.0241324,0.567453
0,0,0.547436,0.581839,0.601479
0,0,-0.514376,0.680786,0.521487
0,0,0.151318,0.87421,0.461368
0,0,-0.289427,0.788765,0.542293
0,0,0.447185,0.873312,0.193263
0,0,0.449101,0.59766,0.664161
0,0,-0.488282,-0.440504,0.75335
0,0,0.232455,-0.708016,0.666842
0,0,0.989518,0.0975761,0.106457
0,0,0.275189,-0.960485,0.041702
0,0,-0.568168,-0.309759,0.762388
0,0,0.435028,0.0386522,0.899587
0,0,-0.240973,-0.850082,0.468286
0,0,-0.982382,-0.164139,0.0893527
0,0,-0.0957088,0.992499,0.0760614
0,0,0.951939,0.260876,0.160485
0,0,0.561935,0.779582,0.276551
0,0,0.984022,-0.10529,0.143578
0,0,0.870962,-0.479873,0.105581
0,0,-0.937835,-0.299771,0.174939
0,0,-0.687321,-0.574901,0.443935
0,0,0.151127,-0.936816,0.315493
17.0448,24.0875,-0.0173075,0.786863,0.616885
0,0,0.431103,-0.52236,0.735725
0,0,-0.471582,-0.1617,0.86687
0,0,-0.571311,0.256549,0.779606
0,0,0.0599746,-0.888196,0.455534
0,0,-0.659165,0.665424,0.350304
0,0,-0.198657,-0.865913,0.459054
0,0,0.294466,0.531423,0.794279
0,0,0.460745,-0.848334,0.260853
0,0,0.205116,-0.373065,0.904848
0,0,0.441279,-0.0466274,0.896158
0,0,-0.140884,0.984043,0.108683
0,0,0.799872,0.00849281,0.600111
20.4469,27.8486,-0.0429371,-0.109109,0.993102
0,0,-0.545366,-0.338634,0.766749
0,0,-0.152235,-0.947719,0.280451
0,0,-0.95878,0.284032,0.00813597
0,0,-0.894183,0.111743,0.433533
0,0,0.344797,-0.91823,0.194856
0,0,0.919594,0.354495,0.169352
0,0,-0.0470714,-0.971232,0.233435
0,0,-0.694056,-0.287402,0.660065
0,0,0.624268,-0.780903,0.0219065
0,0,-0.758625,-0.366253,0.538838
0,0,0.926656,0.253316,0.277739
0,0,-0.186556,0.973016,0.135781
0,0,0.876551,0.24356,0.415135
0,0,0.470908,-0.0468068,0.88094
0,0,-0.28957,0.853221,0.433777
0,0,0.557411,-0.646482,0.520917
0,0,0.391299,0.916305,0.0852665
0,0,-0.700225,0.662949,0.26492
0,0,-0.146235,0.767904,0.62365
0,0,-0.094172,-0.941172,0.324541
0,0,0.763351,-0.00698944,0.645946
0,0,0.525873,0.812375,0.252002
0,0,0.0300066,-0.26257,0.964446
0,0,-0.925647,-0.372542,0.0662586
0,0,0.863038,-0.309074,0.399548
0,0,0.655582,-0.621723,0.428571
0,0,0.662946,0.0614524,0.746141
0,0,-0.604012,-0.35003,0.715995
0,0,-0.080771,0.806937,0.585088
0,0,0.66013,-0.593223,0.460777
0,0,0.0227952,-0.565999,0.824091
0,0,-0.270735,-0.794067,0.544206
0,0,0.436878,-0.826475,0.355072
0,0,-0.896104,-0.230597,0.379241
0,0,0.68642,-0.583321,0.434239
0,0,0.343969,-0.937128,0.0589631
0,0,0.821838,-0.239338,0.517011
0,0,0.0957969,-0.986683,0.131451
0,0,-0.344277,-0.358072,0.867904
0,0,-0.795747,-0.51793,0.313902
0,0,0.0998347,-0.185293,0.977599
0,0,0.0578787,-0.858528,0.50949
0,0,0.329752,-0.676683,0.658304
0,0,-0.385786,0.892885,0.232218
0,0,0.453045,0.493403,0.742498
0,0,-0.927639,0.133929,0.348638
0,0,-0.915362,0.400501,0.0413734
0,0,-0.206655,0.820416,0.533114
0,0,-0.198494,0.594382,0.779301
0,0,0.0566689,0.559185,0.827104
0,0,0.53899,-0.232351,0.809631
0,0,-0.970341,-0.23144,0.0698187
0,0,-0.998241,0.00454393,0.0591068
0,0,-0.34052,0.938649,0.0546277
0,0,0.727095,-0.150487,0.66984
0,0,-0.969707,-0.242531,0.0290969
0,0,0.504777,0.160685,0.848163
0,0,0.0816893,-0.821479,0.564358
0,0,-0.0175406,0.883019,0.469009
0,0,0.150101,0.763287,0.628381
0,0,0.70937,0.684622,0.167593
0,0,-0.0166443,-0.551152,0.834239
0,0,-0.0476265,0.790302,0.610864
0,0,-0.262225,-0.809733,0.524949
0,0,0.107176,-0.773381,0.624817
0,0,-0.353307,0.54323,0.761627
0,0,0.581038,-0.745252,0.3271
0,0,-0.0603117,0.996429,0.0590855
0,0,-0.47749,-0.616411,0.626132
0,0,0.644702,-0.738416,0.197742
0,0,0.809525,0.360429,0.463422
0,0,-0.966632,-0.219455,0.132147
0,0,0.916393,-0.165616,0.364411
24.2337,34.341,-0.638561,0.443319,0.629054
0,0,-0.186282,-0.973535,0.132397
0,0,-0.83163,-0.135302,0.538595
0,0,-0.476339,0.648601,0.593648
0,0,0.636246,-0.128862,0.760648
0,0,0.30197,-0.486978,0.819553
0,0,-0.770321,0.257241,0.583467
0,0,0.151324,-0.598741,0.786518
0,0,0.0221406,0.968221,0.249114
0,0,-0.778531,-0.626784,0.0321313
0,0,-0.00737224,0.997849,0.0651355
0,0,-0.563377,-0.823429,0.0676037
0,0,-0.24927,-0.939623,0.234465
0,0,0.441229,0.833534,0.332473
0,0,0.0748249,0.98973,0.121804
0,0,-0.432802,-0.898452,0.0739326
0,0,-0.74636,-0.588204,0.311388
0,0,-0.20009,-0.950567,0.237458
0,0,-0.0392909,-0.675526,0.736288
0,0,-0.827691,0.547107,0.124908
0,0,0.345257,0.831215,0.435751
0,0,-0.84211,-0.513482,0.164887
0,0,0.534717,-0.780642,0.323535
0,0,-0.663199,0.657822,0.356983
0,0,-0.567787,-0.189298,0.801115
0,0,-0.894502,-0.334908,0.296146
0,0,0.243426,0.969821,0.0138584
0,0,0.751424,0.658218,0.0459467
0,0,0.347823,-0.737592,0.578773
0,0,0.394032,-0.410503,0.82233
0,0,-0.616356,0.770683,0.161718
0,0,0.249628,-0.903979,0.347143
0,0,0.800294,-0.587043,0.122108
0,0,-0.123908,-0.52936,0.8393
0,0,-0.283848,0.938637,0.195934
2.21946,2.28425,-0.0121814,0.234113,0.972133
0,0,0.662999,-0.263621,0.700669
0,0,-0.68166,-0.535607,0.498462
0,0,-0.999267,0.00608583,0.0377939
0,0,0.0886483,0.996038,0.00712373
0,0,-0.638578,0.763775,0.0941568
0,0,-0.763657,-0.544576,0.346792
0,0,0.283912,-0.953667,0.0995669
0,0,-0.0594352,-0.0603231,0.996408
0,0,-0.771922,-0.630458,0.0816022
0,0,-0.51507,-0.721602,0.462595
0,0,0.957416,0.249024,0.146087
0,0,0.96487,-0.232491,0.12237
0,0,0.880578,-0.207795,0.425914
0,0,-0.624923,-0.692209,0.360995
0,0,-0.951534,-0.294582,0.0883395
0,0,0.816744,0.132559,0.561567
0,0,0.0485053,-0.920668,0.387321
0,0,-0.412531,-0.384097,0.826007
0,0,0.167841,0.80812,0.564598
0,0,0.490971,0.423932,0.761071
0,0,0.777593,0.574489,0.255562
0,0,-0.971172,0.237646,0.0187078
0,0,-0.619588,-0.534792,0.57455
0,0,0.159109,0.911885,0.378352
0,0,-0.903594,0.325737,0.278231
0,0,-0.288846,0.449492,0.845295
0,0,0.946626,0.060532,0.3166
0,0,0.859314,0.369436,0.35369
0,0,-0.0589433,0.811006,0.582061
0,0,0.830608,-0.55557,0.0378376
0,0,0.218739,-0.522624,0.824025
0,0,0.884754,-0.0205079,0.465606
24.3407,34.2681,-0.12182,0.716838,-0.686516
0,0,-0.166873,-0.941605,0.29246
0,0,-0.397674,0.892207,0.214061
0,0,-0.146039,-0.94746,0.284592
0,0,-0.417602,0.621486,0.662845
0,0,-0.910145,-0.378042,0.16947
0,0,-0.517578,0.469344,0.715422
0,0,0.517818,0.287048,0.805896
0,0,-0.388772,0.880128,0.272453
0,0,0.690149,-0.592161,0.41598
0,0,-0.58353,0.809795,0.061038
0,0,0.72525,-0.469559,0.503514
0,0,-0.625446,0.72486,0.288784
0,0,-0.825052,-0.360307,0.435279
0,0,0.56635,-0.431267,0.702322
0,0,-0.0406752,-0.475979,0.878516
0,0,-0.690611,0.721866,0.0443301
0,0,-0.171613,-0.930684,0.323074
0,0,-0.69131,0.279801,0.666185
0,0,0.175527,0.657115,0.733069
0,0,0.731063,-0.0346065,0.681432
14.5687,20.4393,0.914533,0.404484,0.00466564
0,0,0.614002,-0.768495,0.180046
0,0,-0.188303,-0.431836,0.882077
0,0,0.328167,-0.881401,0.339761
0,0,0.398291,-0.803838,0.441825
0,0,0.576803,-0.18301,0.796119
0,0,0.743403,0.0511693,0.666884
0,0,0.652437,-0.295535,0.697843
0,0,-0.880981,0.285828,0.377061
0,0,0.705924,0.68303,0.187461
0,0,0.463606,-0.885485,0.0314109
0,0,-0.972615,-0.1786,0.148733
0,0,-0.505034,0.812994,0.289795
0,0,0.240676,-0.945286,0.220251
0,0,-0.274048,0.815241,0.510176
0,0,-0.816682,0.263059,0.513645
0,0,0.932444,-0.360211,0.0282301
0,0,-0.812316,0.581455,0.0452999
0,0,-0.0719869,-0.995872,0.0552895
0,0,0.994878,-0.0971926,0.0277582
0,0,0.116986,-0.871108,0.476955
0,0,-0.154195,0.32356,0.933559
0,0,0.117805,0.990638,0.068978
0,0,0.283672,-0.817898,0.500572
0,0,0.768234,-0.638506,0.0461173
0,0,0.439511,0.566495,0.697075
0,0,-0.180137,-0.912359,0.367629
2.59997,3.869,-0.0631101,0.105183,0.992448
0,0,0.449882,0.316845,0.834994
0,0,-0.37042,-0.761109,0.532449
0,0,-0.685385,-0.624993,0.373673
0,0,0.467767,-0.771847,0.430635
0,0,0.687123,-0.724036,0.0602783
0,0,-0.486199,-0.376986,0.788347
0,0,0.514136,-0.257401,0.818174
0,0,0.483299,0.293776,0.824693
0,0,-0.568353,0.809118,0.149341
0,0,0.193779,-0.769464,0.608584
0,0,-0.224742,5.43381e-05,0.974418
0,0,0.237384,0.925661,0.294619
0,0,-0.925794,-0.167383,0.338953
0,0,-0.676928,0.353711,0.645489
0,0,0.386646,0.897844,0.21067
0,0,-0.515063,0.16745,0.840637
0,0,0.844489,0.201236,0.496328
0,0,0.259272,0.957985,0.122647
0,0,0.627223,-0.657508,0.417463
0,0,-0.830086,0.421993,0.364527
0,0,-0.618546,-0.683865,0.386949
0,0,-0.165962,0.546114,0.821106
0,0,0.22616,-0.946255,0.2312
0,0,0.368745,-0.877911,0.305451
0,0,-0.777539,0.262277,0.571527
0,0,-0.0962399,0.97817,0.184177
0,0,-0.224065,0.497366,0.838106
0,0,-0.958382,0.264895,0.106463
0,0,0.647921,-0.646928,0.402098
0,0,-0.471855,-0.786542,0.398378
0,0,0.321722,-0.224861,0.919746
0,0,-0.0445071,-0.953463,0.298206
0,0,0.843097,0.527723,0.10342
0,0,-0.484502,-0.695744,0.530281
0,0,-0.243166,-0.909956,0.335932
0,0,-0.137318,0.815545,0.562165
0,0,-0.212294,-0.152383,0.965252
0,0,-0.298977,-0.8178,0.491747
0,0,0.962252,0.241186,0.126101
0,0,0.0695612,-0.491313,0.868201
0,0,0.0567683,-0.0921469,0.994126
0,0,0.0791541,0.659461,0.74756
0,0,0.230325,0.955918,0.182129
0,0,-0.371784,-0.812761,0.44855
21.6734,32.6671,0.328475,0.924596,-0.192942
0,0,0.75922,-0.611959,0.221566
0,0,-0.582314,-0.429032,0.690537
0,0,0.256795,-0.712872,0.652587
0,0,0.90743,-0.411527,0.0849526
0,0,-0.312176,0.52001,0.79507
0,0,-0.83129,-0.518961,0.199088
0,0,0.413315,0.905505,0.0960797
0,0,0.998629,0.0500289,0.0154221
0,0,-0.655637,-0.361672,0.662823
0,0,-0.291348,0.637002,0.713684
0,0,0.761942,0.231824,0.604733
0,0,-0.765507,0.552877,0.329131
0,0,0.140185,-0.977295,0.158877
0,0,-0.00703108,-0.902025,0.431627
0,0,0.390337,-0.0560126,0.918967
0,0,-0.77039,-0.162184,0.6166
0,0,0.852019,-0.475069,0.21994
0,0,0.393501,0.896522,0.203482
0,0,0.749552,0.289363,0.595349
0,0,0.098636,0.489062,0.866654
0,0,0.271133,-0.401819,0.874659
0,0,-0.0465775,0.799523,0.598827
14.758,20.7357,0.0310366,-0.288204,0.957066
0,0,-0.414786,0.0802186,0.906376
0,0,0.868965,-0.275974,0.410778
0,0,0.976394,0.0486409,0.210448
0,0,-0.904579,-0.127116,0.406913
0,0,-0.0731418,-0.797012,0.599519
0,0,-0.32148,-0.404733,0.856062
0,0,0.760622,0.181546,0.623293
0,0,0.275649,-0.029841,0.960795
0,0,-0.37841,0.286379,0.880223
0,0,0.164648,0.722104,0.671905
0,0,-0.0260233,0.914476,0.403803
0,0,0.40901,-0.660165,0.629994
0,0,0.416425,0.817516,0.397817
0,0,0.372539,-0.275093,0.886306
0,0,0.952337,0.219993,0.211325
22.7187,31.1835,0.942742,-0.0981966,-0.318739
0,0,0.454778,0.0871708,0.886328
0,0,-0.95413,0.122626,0.273129
0,0,-0.699506,-0.675339,0.233685
0,0,0.315546,-0.588897,0.744064
0,0,-0.676324,-0.191302,0.711329
0,0,0.483536,-0.423114,0.766269
17.0449,25.0987,-0.803181,-0.512595,0.303555
0,0,-0.970932,0.135013,0.197644
0,0,0.121182,-0.972042,0.201122
0,0,-0.882417,-0.460196,0.0977757
0,0,-0.736756,0.204525,0.644485
0,0,-0.257877,0.959973,0.109324
0,0,-0.682971,-0.398644,0.612073
0,0,-0.209081,-0.876377,0.433877
0,0,-0.611731,0.725986,0.314212
0,0,0.727621,-0.666044,0.164176
0,0,-0.910452,0.339619,0.236086
0,0,-0.277122,0.281891,0.918554
0,0,-0.368435,-0.22084,0.903042
0,0,0.595696,-0.641104,0.483872
0,0,0.479785,-0.786957,0.38795
0,0,-0.267794,-0.783961,0.560082
0,0,0.498193,0.231503,0.835589
0,0,-0.59942,0.113469,0.792351
21.6026,29.7807,-0.00508336,-0.941115,-0.338049
0,0,0.145194,-0.454788,0.878685
0,0,-0.0780002,-0.339488,0.937371
0,0,-0.0603449,-0.958832,0.277488
0,0,0.322542,0.473972,0.81934
0,0,0.229643,-0.939646,0.253632
0,0,0.365253,0.930898,0.00443821
0,0,0.339057,0.519233,0.784498
0,0,-0.964019,-0.00989053,0.265648
0,0,0.44494,0.642112,0.624276
0,0,-0.609274,0.784449,0.115864
0,0,0.229855,-0.0882448,0.969216
0,0,0.298435,-0.945173,0.132604
0,0,-0.302799,0.499411,0.811727
0,0,0.31514,0.650104,0.691413
0,0,-0.662639,0.36684,0.652945
0,0,-0.973055,0.192087,0.127539
0,0,-0.582498,0.522952,0.622268
0,0,-0.877595,-0.405404,0.255879
0,0,-0.494217,0.711062,0.50014
0,0,-0.36787,0.479642,0.796628
0,0,-0.802193,0.273407,0.530788
0,0,0.728082,0.457475,0.510503
0,0,-0.886951,0.219859,0.406178
0,0,-0.897411,0.435279,0.0720078
0,0,-0.0500802,-0.587699,0.807528
0,0,-0.559504,0.507993,0.654903
0,0,-0.508664,0.841969,0.179858
0,0,0.6518,-0.342003,0.676898
0,0,-0.0203892,-0.537677,0.842904
0,0,0.124517,-0.167685,0.977945
0,0,0.732944,-0.567836,0.37464
0,0,0.611607,0.253912,0.74931
0,0,-0.171823,-0.673707,0.718746
6.79092,9.16269,0.152743,0.963562,-0.219585
0,0,0.628703,0.528676,0.570292
0,0,-0.739285,-0.459381,0.492368
0,0,-0.447494,-0.507697,0.736202
0,0,-0.644822,-0.443341,0.622618
0,0,-0.566699,-0.529705,0.631082
0,0,0.554538,-0.792134,0.254974
0,0,0.397038,0.905083,0.152266
0,0,-0.244264,0.0316437,0.969192
0,0,-0.766082,0.121956,0.631067
0,0,-0.552634,-0.826552,0.106803
0,0,0.670523,-0.324505,0.667155
0,0,-0.378833,0.413523,0.82794
0,0,0.79106,0.447311,0.417297
0,0,0.634018,0.122579,0.763541
0,0,0.407763,-0.556783,0.723687
0,0,0.254598,-0.552862,0.793425
0,0,0.405275,0.065559,0.911841
0,0,-0.291748,0.800909,0.522903
0,0,0.201091,0.404289,0.892251
0,0,-0.975349,-0.220358,0.0117169
4.05607,5.86102,0.327135,-0.423741,0.844646
0,0,0.363312,-0.833338,0.416596
0,0,-0.851048,0.383372,0.358809
0,0,-0.0174069,0.773122,0.634019
0,0,-0.31233,-0.949973,0.00129696
16.7997,24.507,-0.946036,-0.311494,-0.0893727
0,0,-0.559021,0.360451,0.746706
0,0,-0.221483,-0.929759,0.294099
0,0,0.335507,0.551318,0.763861
0,0,0.579379,0.43986,0.68618
16.046,21.9367,-0.391048,-0.0678632,0.917865
0,0,-0.872932,0.113267,0.474511
0,0,0.79863,0.331929,0.502009
0,0,0.247499,-0.791357,0.559015
0,0,-0.666629,0.298376,0.683065
0,0,0.897041,0.413987,0.154702
0,0,-0.329811,0.158168,0.930703
0,0,-0.631971,-0.767434,0.107967
0,0,-0.839504,-0.187195,0.510088
0,0,0.54981,-0.821435,0.151504
0,0,0.609085,0.425852,0.669078
0,0,-0.535267,0.579063,0.61496
0,0,-0.31293,0.248165,0.916782
0,0,0.560632,0.433264,0.705672
0,0,-0.527623,-0.635597,0.563587
0,0,0.286842,-0.0938852,0.953366
0,0,-0.795225,0.556403,0.2409
0,0,-0.611608,0.516772,0.599068
0,0,-0.619712,-0.754108,0.217435
0,0,0.76757,0.477756,0.427299
0,0,-0.838633,-0.536455,0.0943983
0,0,-0.112836,0.784375,0.609937
0,0,0.57092,0.0220629,0.820709
0,0,-0.741361,0.652699,0.1561
0,0,0.645646,0.382425,0.660979
0,0,0.793999,0.426452,0.433249
0,0,0.970336,0.232208,0.0672827
0,0,-0.444705,-0.798924,0.404918
0,0,0.586866,-0.131281,0.79897
4.17526,5.71213,-0.629512,-0.769317,0.108928
0,0,0.917569,-0.30755,0.251954
0,0,-0.67554,-0.735355,0.0538485
0,0,-0.615172,-0.477612,0.627257
0,0,0.353736,0.716965,0.600693
0,0,-0.63428,0.129658,0.762153
0,0,0.633506,-0.328321,0.700625
0,0,-0.933246,-0.0639894,0.353492
0,0,0.917381,-0.369142,0.148814
0,0,0.612615,-0.631332,0.475524
0,0,-0.861236,0.134112,0.490191
0,0,0.586956,-0.789173,0.180802
0,0,0.147747,-0.543862,0.826066
0,0,-0.459771,0.477971,0.748434
0,0,0.586287,-0.801065,0.120673
0,0,0.78919,-0.523328,0.321414
0,0,0.788363,0.284388,0.545534
0,0,-0.337153,0.941132,0.0244672
0,0,-0.683928,-0.247265,0.686369
0,0,-0.732082,0.0672405,0.67789
0,0,0.519655,-0.201694,0.830228
0,0,0.76162,-0.598308,0.248921
0,0,0.505848,0.426897,0.749585
0,0,0.170439,0.523149,0.835025
0,0,0.244672,-0.0412614,0.968728
0,0,-0.619868,-0.463473,0.633211
0,0,0.633257,-0.751091,0.186678
0,0,0.675154,-0.280339,0.682332
0,0,-0.656979,0.236635,0.715809
0,0,-0.655098,-0.00794826,0.755502
0,0,0.652621,-0.551981,0.51904
0,0,-0.949137,0.30927,0.0590883
0,0,0.299346,-0.888141,0.348708
0,0,-0.625365,0.205409,0.752812
0,0,0.77584,0.0921725,0.624161
0,0,0.48888,-0.872351,0.000125333
0,0,0.974901,-0.220504,0.0307737
0,0,0.196401,0.376459,0.905376
0,0,0.44262,-0.441252,0.780631
0,0,-0.487612,-0.0265127,0.872658
0,0,-0.130819,0.567133,0.813171
0,0,-0.463265,0.633642,0.619584
0,0,0.581456,0.799634,0.149983
0,0,0.767064,0.611072,0.195456
0,0,-0.187168,0.940956,0.282081
0,0,0.622153,-0.63231,0.461638
11.2873,16.5944,0.429147,-0.145472,0.891443
0,0,0.985024,0.0613571,0.161131
0,0,0.806474,0.366766,0.463769
0,0,-0.87343,-0.429686,0.229106
0,0,-0.25203,-0.134038,0.958392
0,0,-0.102096,0.994775,0.000124313
0,0,-0.577201,-0.767423,0.279107
0,0,0.953906,-0.137986,0.266503
0,0,0.916517,-0.354977,0.184357
0,0,-0.697194,-0.0210172,0.716575
0,0,-0.089384,-0.987132,0.132596
0,0,0.00708881,0.339358,0.94063
0,0,0.804149,-0.0756942,0.589589
0,0,0.393879,-0.832024,0.390633
0,0,-0.42882,0.0635824,0.90115
0,0,0.319843,-0.0197927,0.947264
0,0,0.715721,-0.684689,0.137635
0,0,0.580795,-0.516702,0.629044
0,0,0.78288,-0.44512,0.434704
0,0,-0.56044,0.340952,0.754757
0,0,0.26796,-0.494992,0.826547
0,0,-0.331868,-0.0167657,0.943177
0,0,0.712346,-0.655442,0.250914
0,0,-0.732355,-0.448956,0.511951
0,0,-0.182562,-0.858431,0.479341
0,0,0.501822,-0.854122,0.136563
0,0,0.702938,0.422863,0.571896
0,0,-0.203096,0.66853,0.715416
0,0,0.872211,0.156601,0.463383
0,0,0.672913,0.734502,0.0877274
0,0,-0.267975,-0.820467,0.504998
0,0,0.287862,-0.937345,0.196265
0,0,-0.2325,-0.571299,0.787122
0,0,-0.49413,0.63035,0.598744
0,0,-0.61657,-0.598999,0.510922
0,0,0.596151,0.226319,0.770314
0,0,-0.147181,0.227769,0.962527
0,0,-0.0764387,0.976721,0.200431
0,0,0.192157,0.980988,0.027182
0,0,0.724132,-0.466626,0.507831
0,0,-0.43534,0.130006,0.89083
0,0,-0.393597,-0.483271,0.782004
0,0,-0.840604,0.478066,0.254634
0,0,0.144709,0.0207371,0.989257
0,0,-0.138777,-0.378638,0.915082
0,0,-0.483011,-0.820444,0.305896
0,0,0.590359,-0.802597,0.0855213
0,0,0.920376,-0.204537,0.333277
0,0,-0.313935,0.461373,0.829807
0,0,-1.54694e-05,0.714272,0.699869
0,0,0.0680093,-0.997684,0.00114526
0,0,-0.133222,0.979503,0.151083
0,0,0.171092,0.973236,0.153425
0,0,0.357567,0.931707,0.0637747
0,0,-0.118423,0.158796,0.980184
0,0,0.750529,-0.161382,0.640829
0,0,-0.832334,0.48879,0.261351
0,0,0.291337,-0.0995748,0.951424
0,0,0.367874,-0.888909,0.272966
0,0,-0.700623,-0.442722,0.559576
0,0,-0.54897,0.234505,0.802271
0,0,-0.0143402,-0.580933,0.813825
0,0,0.503904,0.668605,0.546853
0,0,0.0518363,0.108904,0.9927
0,0,-0.671301,-0.127201,0.730188
0,0,0.59693,0.396516,0.69746
0,0,0.755747,-0.0883119,0.648882
0,0,0.378507,-0.745342,0.548815
0,0,-0.447261,-0.691209,0.567616
0,0,-0.904141,0.248026,0.347869
0,0,-0.662535,-0.595425,0.45444
0,0,-0.920305,-0.258028,0.294042
18.1934,26.9131,-0.223447,-0.428867,0.875297
0,0,-0.276139,-0.960873,0.0216706
0,0,-0.449208,0.545992,0.707181
0,0,0.547726,0.714809,0.434792
0,0,0.766035,0.450443,0.458575
0,0,0.846603,-0.517537,0.124171
0,0,0.161488,0.0199577,0.986673
0,0,-0.833173,-0.453185,0.316933
0,0,0.935638,-0.127929,0.328963
0,0,0.666979,-0.685379,0.292223
0,0,-0.628722,0.767481,0.125227
0,0,-0.712147,0.216986,0.667656
0,0,-0.917228,0.385228,0.101448
0,0,-0.496686,-0.456503,0.738178
0,0,-0.475541,-0.879198,0.0295305
0,0,0.785403,-0.406649,0.466668
0,0,-0.456115,-0.63483,0.623659
0,0,-0.517187,0.446195,0.730361
0,0,0.649958,0.254197,0.716197
0,0,0.941124,0.331293,0.0673166
0,0,0.564372,-0.464282,0.682588
0,0,0.944802,0.222912,0.240124
0,0,0.534543,0.834702,0.132424
0,0,0.562234,0.802982,0.197771
0,0,-0.736362,-0.0523244,0.674561
0,0,-0.78222,-0.619873,0.0623661
0,0,0.597616,-0.797546,0.0823179
0,0,-0.654287,0.649919,0.38667
0,0,-0.824402,-0.525923,0.209206
0,0,0.480374,0.877064,7.80216e-05
11.0084,15.8687,0.00276312,-0.198142,0.980169
0,0,-0.0301421,0.01804,0.999383
0,0,-0.552089,-0.442802,0.706487
0,0,-0.505919,0.85901,0.0784077
0,0,0.638018,-0.533993,0.554784
0,0,0.530794,0.826173,0.188935
0,0,-0.709705,0.0248698,0.70406
0,0,0.544177,-0.761096,0.352994
14.1803,20.0287,0.950368,0.310685,0.0166269
0,0,0.218115,-0.369395,0.903312
0,0,0.334601,0.92004,0.203885
0,0,-0.885026,0.299257,0.356615
0,0,-0.445206,-0.883223,0.147339
0,0,0.289332,0.801958,0.522638
0,0,0.711561,-0.0963534,0.695987
0,0,-0.479475,0.649477,0.590155
0,0,0.374663,-0.736623,0.56304
0,0,0.459727,-0.521624,0.718721
0,0,0.948052,-0.309588,0.0731574
0,0,-0.280172,-0.0274494,0.959557
0,0,-0.427973,-0.486912,0.761417
0,0,0.966318,0.209928,0.148859
0,0,-0.961155,-0.153232,0.229568
0,0,0.249288,-0.965014,0.0812649
0,0,0.316693,-0.424972,0.848
0,0,-0.886953,0.417945,0.196561
0,0,0.968747,-0.0364292,0.245363
0,0,-0.202727,-0.518677,0.830588
0,0,-0.642361,-0.436479,0.629967
21.9839,30.74,-0.207833,-0.971913,0.110415
0,0,0.949984,-0.249081,0.188384
0,0,0.796704,-0.217804,0.563759
0,0,-0.73996,-0.0803897,0.66783
0,0,0.10742,0.853847,0.50932
0,0,-0.588956,0.8024,0.0963579
0,0,0.259783,-0.185311,0.94772
0,0,-0.460649,-0.829543,0.31569
0,0,0.959153,-0.125373,0.253587
0,0,-0.979388,0.201324,0.016393
0,0,-0.843903,-0.481515,0.236581
0,0,-0.197906,0.774669,0.600601
0,0,-0.890244,-0.422121,0.171112
0,0,0.8844,-0.17328,0.433371
0,0,-0.738579,-0.257168,0.62319
0,0,-0.784827,0.591999,0.183258
0,0,0.483776,-0.0896929,0.870584
0,0,0.244017,0.807333,0.537279
0,0,0.00183404,-0.99999,0.00396131
0,0,0.524281,-0.157233,0.836904
0,0,-0.27914,0.934784,0.21968
0,0,0.565173,-0.732994,0.378547
0,0,-0.534234,0.841106,0.084467
0,0,0.81933,-0.531502,0.214952
20.1706,28.7118,-0.850536,-0.0677464,0.521535
0,0,0.732303,-0.605732,0.311161
0,0,-0.291541,-0.785715,0.545579
0,0,0.037481,-0.998512,0.0396135
0,0,0.508825,-0.513023,0.691306
0,0,-0.180302,-0.267293,0.946597
0,0,-0.966173,-0.204739,0.15682
0,0,-0.986542,0.124569,0.105913
0,0,0.260943,-0.946288,0.190912
0,0,0.38015,-0.919804,0.0971953
0,0,-0.533623,-0.828567,0.169481
0,0,-0.0103123,-0.696605,0.717381
0,0,-0.715231,-0.259741,0.648829
0,0,-0.0612289,0.750962,0.6575
0,0,0.150986,-0.739646,0.655841
0,0,0.378635,-0.135533,0.915569
0,0,0.284619,-0.883499,0.372049
0,0,-0.138747,0.933311,0.331179
0,0,-0.473176,-0.572709,0.669409
0,0,-0.262118,-0.918052,0.297447
0,0,0.57332,-0.793091,0.205695
0,0,0.57261,0.211486,0.792081
0,0,-0.195736,0.605429,0.771455
0,0,0.65404,0.746322,0.123432
0,0,0.593921,0.405083,0.695101
0,0,-0.542186,-0.137887,0.828867
0,0,0.928747,-0.358759,0.0933855
0,0,0.078909,0.377748,0.92254
0,0,0.861922,-0.238128,0.447646
0,0,-0.368735,0.777161,0.509957
0,0,0.0660146,0.621107,0.780941
0,0,-0.363505,0.735884,0.571261
0,0,0.800888,-0.197342,0.565362
0,0,0.258492,-0.52664,0.809835
0,0,-0.3332,-0.0720612,0.940098
0,0,-0.850752,0.511875,0.119182
0,0,0.56514,0.824037,0.0397429
0,0,-0.158588,0.864086,0.477709
0,0,-0.3105,-0.822578,0.476398
0,0,-0.959182,0.282741,0.00531057
0,0,-0.205871,-0.606693,0.767816
0,0,0.758815,0.013642,0.651164
0,0,-0.55232,0.369255,0.747391
0,0,0.2778,0.908927,0.310933
0,0,-0.38966,0.466807,0.793887
0,0,-0.46415,0.701603,0.540664
0,0,0.989719,-0.142983,0.00346881
0,0,0.704963,0.617689,0.34855
0,0,-0.814791,-0.221168,0.53591
0,0,-0.818215,0.50092,0.28214
0,0,0.648101,0.699052,0.302145
0,0,-0.419408,-0.883909,0.206883
0,0,-0.838662,-0.53751,0.0879224
0,0,0.943572,0.308386,0.120705
0,0,0.863661,0.114064,0.490999
0,0,-0.0382608,-0.852217,0.521788
0,0,0.299079,0.283978,0.910993
0,0,-0.713333,-0.694493,0.0940008
0,0,-0.386906,0.700251,0.599961
0,0,0.506126,-0.407708,0.760007
0,0,0.469662,-0.521142,0.712621
0,0,-0.407019,0.453599,0.792833
0,0,-0.435148,-0.673535,0.597492
0,0,-0.00844312,-0.705426,0.708733
0,0,0.0684099,0.892833,0.445162
0,0,-0.600386,0.757882,0.255249
0,0,0.0285668,-0.0111192,0.99953
0,0,-0.946817,-0.195746,0.255383
0,0,-0.217678,-0.866987,0.448274
0,0,0.974916,0.154216,0.16049
0,0,0.814681,0.472819,0.335763
0,0,0.234261,-0.969058,0.077775
0,0,0.19429,-0.28121,0.939773
0,0,-0.536128,-0.533044,0.654546
0,0,-0.267885,0.870966,0.411893
0,0,0.92549,0.363862,0.10523
0,0,0.874303,0.112268,0.472218
0,0,0.721798,-0.669752,0.174467
0,0,-0.554241,0.500698,0.66492
0,0,0.355017,-0.933899,0.0423676
0,0,0.105551,-0.991769,0.072482
0,0,0.583276,0.794267,0.170088
0,0,0.427596,-0.731549,0.531035
0,0,-0.171345,-0.757775,0.629617
0,0,-0.46754,0.797929,0.380413
0,0,0.992492,0.115344,0.0406959
0,0,-0.775053,0.630149,0.0469609
0,0,-0.0788289,0.721982,0.687407
0,0,0.601744,-0.523947,0.602813
4.50505,6.40347,-0.206644,-0.403103,0.891519
0,0,0.781423,0.502726,0.369655
19.2259,23.3022,-0.655744,0.154591,-0.738987
0,0,-0.820545,-0.501968,0.273374
0,0,0.346022,-0.367325,0.863331
17.4176,23.1951,0.973736,-0.111825,-0.198327
0,0,-0.19206,-0.344215,0.919037
0,0,-0.80095,-0.559393,0.213444
0,0,0.0839246,0.991749,0.0969064
0,0,0.0540925,-0.822396,0.566338
0,0,0.316778,0.88963,0.328951
0,0,0.361854,0.51405,0.777698
0,0,0.0707857,-0.163006,0.984082
3.68191,5.62437,-0.275377,-0.24954,0.928384
0,0,-0.24458,0.773845,0.584247
0,0,-0.42642,0.770605,0.473638
0,0,0.261892,-0.551713,0.791849
22.5466,32.0321,0.838455,-0.539787,-0.0749858
0,0,-0.195346,0.275022,0.941383
0,0,0.972348,0.0194662,0.232723
0,0,0.0876384,-0.889438,0.448574
20.7254,29.0929,-0.0216685,0.310866,0.950207
0,0,0.892163,-0.242838,0.380887
0,0,0.0194299,-0.802376,0.596503
0,0,0.122438,-0.31004,0.942806
0,0,-0.271029,0.505125,0.819385
0,0,0.0651377,0.472221,0.87907
0,0,-0.908529,-0.415302,0.0458314
0,0,-0.701618,-0.217608,0.678512
0,0,-0.311675,0.542266,0.78026
0,0,-0.705113,0.031961,0.708374
0,0,-0.977422,-0.150568,0.148242
23.6402,35.9827,-0.879917,-0.463744,-0.103376
0,0,-0.458822,-0.737066,0.496201
10.8028,16.1049,0.0188221,0.218517,0.975652
0,0,0.504966,0.826409,0.249113
0,0,-0.717597,-0.597669,0.357556
0,0,0.707455,-0.149694,0.690724
0,0,-0.719042,-0.458474,0.522284
0,0,0.358447,-0.0245934,0.933226
0,0,-0.202842,-0.978933,0.0233555
0,0,-0.819102,0.547974,0.169697
0,0,0.89794,-0.14667,0.41496
0,0,0.0865157,0.490595,0.867082
8.03931,13.6309,0.252963,0.169752,0.952467
0,0,-0.276744,-0.169427,0.94589
0,0,0.0625968,0.573359,0.816909
0,0,-0.466348,0.693768,0.548822
0,0,-0.126125,-0.918344,0.37515
0,0,0.632658,-0.630671,0.449443
0,0,-0.557154,0.0743275,0.827076
0,0,-0.304786,-0.80944,0.501909
0,0,0.376273,-0.924883,0.0548658
0,0,0.919795,0.0892443,0.382116
0,0,0.622324,0.18013,0.761752
0,0,-0.0754543,0.922433,0.378713
0,0,0.287489,0.833962,0.471017
0,0,0.776477,0.52489,0.348674
0,0,0.147535,0.240128,0.959464
0,0,-0.560144,-0.81862,0.126887
0,0,-0.908506,0.326544,0.26074
0,0,0.735487,-0.522468,0.431377
0,0,0.70623,-0.430674,0.561925
0,0,0.977192,-0.0926904,0.191059
0,0,-0.451741,-0.871613,0.190317
0,0,-0.565204,0.64387,0.515728
0,0,-0.417843,-0.498051,0.759837
0,0,-0.51442,0.362018,0.777377
0,0,0.68367,-0.727051,0.063185
0,0,0.900443,0.125568,0.416456
0,0,0.320742,0.947167,0.000155031
0,0,0.512178,0.608164,0.606474
0,0,-0.815665,-0.47763,0.326436
0,0,0.00178806,0.989847,0.142128
23.7656,35.2809,0.990457,-0.0329137,-0.133831
0,0,-0.740161,0.576966,0.345357
0,0,0.994608,0.0777412,0.0686377
0,0,0.401614,0.61529,0.678324
0,0,0.0333156,0.984454,0.172457
0,0,-0.412697,-0.0849578,0.906898
0,0,-0.616468,-0.78235,0.0888618
0,0,0.848896,-0.156414,0.504886
0,0,0.903378,0.362021,0.229888
0,0,0.207673,0.767512,0.606463
0,0,0.178301,-0.794255,0.580834
0,0,0.550868,-0.059438,0.832473
0,0,-0.730566,0.680371,0.058037
0,0,-0.98364,-0.0921537,0.154789
0,0,-0.898823,-0.0488038,0.435586
0,0,0.318979,-0.283497,0.904368
0,0,0.398428,0.381261,0.834203
0,0,-0.0986918,0.60162,0.792662
0,0,-0.387811,-0.0872615,0.917599
0,0,0.512011,-0.831213,0.216632
0,0,-0.49881,-0.52198,0.6919
0,0,0.0637248,-0.927898,0.367349
0,0,-0.937942,-0.343882,0.0448252
0,0,-0.858323,0.228209,0.459567
0,0,-0.858452,0.0432217,0.51107
0,0,0.871596,-0.0287967,0.489378
0,0,-0.119133,0.969004,0.216424
0,0,-0.987318,-0.0641481,0.145218
0,0,-0.58587,0.74627,0.315972
0,0,-0.177819,0.403636,0.897473
0,0,-0.0106049,0.98744,0.157637
0,0,-0.779418,0.280632,0.560137
0,0,0.851166,0.492472,0.181626
0,0,-0.509003,-0.85336,0.112662
0,0,-0.531754,0.37161,0.761015
0,0,0.599787,0.581313,0.549847
0,0,-0.923599,-0.362983,0.12332
0,0,0.590574,-0.806535,0.0268938
0,0,0.962936,-0.00743708,0.269629
0,0,0.738059,-0.370858,0.563678
0,0,0.853995,0.0738834,0.515008
0,0,-0.774597,0.164149,0.610781
0,0,0.0990251,0.927612,0.360181
0,0,-0.0318783,-0.465583,0.88443
0,0,-0.900691,0.394646,0.181687
0,0,-0.324112,-0.945455,0.0326398
0,0,-0.226675,-0.955033,0.191127
0,0,-0.394638,0.918781,0.0101262
0,0,-0.819645,-0.306751,0.483824
0,0,-0.816566,-0.40632,0.410029
0,0,0.338725,-0.441586,0.830823
0,0,0.140602,-0.749557,0.646834
0,0,0.351351,-0.360336,0.864124
0,0,-0.401416,-0.84922,0.343061
0,0,-0.457375,-0.186877,0.869417
0,0,0.842271,0.16832,0.512101
0,0,-0.616943,0.592527,0.517969
0,0,-0.461925,-0.496002,0.73526
0,0,-0.260489,-0.653988,0.710243
0,0,0.809622,0.397575,0.431795
0,0,0.122894,0.974415,0.188184
0,0,-0.622732,-0.358566,0.695438
0,0,-0.614615,0.49417,0.614853
0,0,-0.310758,-0.865951,0.391865
0,0,-0.793561,0.521927,0.312816
0,0,0.798015,-0.220825,0.560722
0,0,-0.671814,-0.728108,0.136107
0,0,-0.951495,-0.272953,0.141961
0,0,-0.0204777,0.0992355,0.994853
0,0,-0.649552,0.201003,0.733266
0,0,0.308204,0.935165,0.174576
0,0,0.515779,-0.665464,0.539564
0,0,0.257602,0.936202,0.239097
0,0,0.526917,0.84762,0.0624347
0,0,-0.244747,-0.739959,0.626546
0,0,0.1731,-0.845914,0.504446
0,0,0.767284,-0.124464,0.629114
0,0,-0.740422,0.0833171,0.666959
0,0,0.6178,-0.786077,0.0201282
0,0,-0.669304,-0.173828,0.722368
0,0,0.116691,0.198036,0.973224
0,0,0.610803,-0.0964931,0.785881
0,0,0.453631,-0.245945,0.85658
0,0,-0.18684,0.890501,0.414849
0,0,0.123777,0.60256,0.788417
0,0,0.0756732,0.889555,0.450516
0,0,0.222872,-0.526056,0.820727
0,0,-0.219596,-0.586028,0.779967
0,0,-0.977744,-0.199502,0.0649217
0,0,0.797736,-0.0549556,0.600497
0,0,-0.954002,0.207784,0.216116
0,0,0.653558,-0.530614,0.539733
0,0,-0.522811,-0.683348,0.509611
0,0,-0.154032,-0.197722,0.968081
0,0,0.974259,0.211878,0.0769923
0,0,0.0172164,-0.575558,0.81758
0,0,-0.890168,-0.148109,0.430888
0,0,0.31842,0.404519,0.857306
0,0,0.876132,-0.284096,0.389464
0,0,-0.609801,-0.792553,0.00171241
0,0,-0.863681,0.0508102,0.501472
0,0,-0.44567,-0.863228,0.237099
0,0,-0.521756,-0.412714,0.746618
0,0,0.0532477,0.808214,0.586477
0,0,0.38479,0.220298,0.896329
0,0,0.599718,0.449038,0.662346
0,0,0.967896,-0.0982089,0.231371
0,0,-0.544856,-0.535679,0.64512
0,0,0.530988,0.614234,0.583754
0,0,-0.831624,-0.269777,0.485408
0,0,0.629736,-0.425845,0.649683
0,0,0.298804,0.320692,0.898817
0,0,-0.593828,0.715843,0.367337
0,0,-0.71113,-0.356735,0.605834
0,0,-0.40255,-0.484375,0.776746
0,0,0.498426,0.288802,0.817413
0,0,0.393599,-0.650584,0.649477
0,0,0.917352,0.150992,0.36833
0,0,-0.481498,-0.0754204,0.873196
0,0,-0.605044,0.454128,0.653979
0,0,-0.168536,-0.275221,0.946493
0.0647343,0.124811,-0.27828,-0.194911,0.940516
0,0,0.863399,0.305381,0.401603
0,0,-0.913095,0.258112,0.315652
0,0,0.544957,0.19248,0.816072
0,0,-0.918572,0.371104,0.13604
0,0,0.00278687,0.0955719,0.995419
0,0,-0.506852,0.834825,0.214866
0,0,0.472124,-0.425306,0.772149
0,0,0.828147,-0.0575087,0.557552
0,0,0.981942,-0.0402865,0.184842
0,0,-0.150973,-0.706477,0.691446
0,0,0.0584592,0.892431,0.447381
0,0,-0.635082,-0.473357,0.610413
0,0,-0.349991,0.698317,0.624387
0,0,-0.446602,0.0157419,0.894594
0,0,0.525344,-0.0480069,0.849535
0,0,0.39328,-0.63249,0.667298
0,0,-0.831192,-0.22964,0.506345
0,0,0.728899,-0.345071,0.591298
0,0,0.701572,0.0473492,0.711024
0,0,0.641161,0.564745,0.519591
0,0,-0.75122,-0.133576,0.646395
0,0,0.251451,0.200553,0.946864
0,0,-0.43545,-0.887742,0.149323
0,0,-0.537214,0.650133,0.537335
0,0,0.0886976,0.630658,0.770975
0,0,0.845375,0.0624973,0.530504
0,0,0.816459,-0.315702,0.483453
0,0,-0.873115,-0.31616,0.371096
0,0,0.0585166,-0.998171,0.0151586
0,0,-0.897015,0.422964,0.128319
0,0,0.970859,0.218518,0.0983989
0,0,-0.688026,0.45875,0.562288
0,0,0.380138,-0.889614,0.253143
0,0,-0.564469,0.662345,0.49262
0,0,0.00487105,-0.703235,0.710941
0,0,-0.35634,-0.00791085,0.934323
0,0,0.951397,0.213473,0.221977
0,0,0.630138,0.413764,0.657059
0,0,-0.755224,-0.603782,0.255116
0,0,-0.955234,-0.153957,0.252637
0,0,0.0221448,-0.751924,0.658878
0,0,0.147665,-0.42104,0.894942
0,0,0.83285,-0.530591,0.157586
0,0,-0.586567,0.797641,0.140386
0,0,-0.586762,0.681476,0.437379
0,0,-0.472475,0.809939,0.347516
0,0,0.802593,-0.142211,0.579328
0,0,-0.209144,0.756374,0.619804
0,0,0.73699,0.651067,0.18154
0,0,-0.469029,0.876185,0.110956
0,0,-0.264871,0.67236,0.691213
12.8588,17.8309,-0.217065,-0.54265,0.811427
0,0,0.487347,-0.486076,0.725412
0,0,-0.0692036,-0.991224,0.112634
0,0,0.359508,0.93225,0.0407951
0,0,-0.0925456,-0.750475,0.654388
0,0,0.401162,-0.424414,0.811752
0,0,-0.203721,-0.935968,0.287161
0,0,-0.830219,0.0911277,0.549938
0,0,0.887344,-0.440913,0.134964
0,0,0.594267,0.33844,0.729592
0,0,0.102401,0.631208,0.768824
0,0,0.502569,0.84171,0.197352
0,0,-0.234429,-0.582709,0.778134
0,0,0.899669,-0.386489,0.203031
5.12298,7.4341,-0.32901,-0.541213,-0.773848
19.0427,25.1878,-0.66601,-0.700704,-0.255821
0,0,0.374111,0.374541,0.848387
0,0,-0.644357,-0.472094,0.601607
22.4772,29.3137,0.239307,-0.207521,0.948508
0,0,-0.826901,0.555822,0.0854217
0,0,0.0475781,-0.382154,0.922873
0,0,0.229697,-0.772514,0.591997
0,0,0.141891,0.947661,0.286016
0,0,-0.515087,0.182981,0.837379
0,0,-0.385837,-0.884379,0.262684
0,0,-0.822268,0.423459,0.380209
0,0,-0.522978,-0.803804,0.283536
0,0,-0.637994,0.505509,0.580882
0,0,-0.0472245,-0.990275,0.13086
0,0,-0.650729,-0.739568,0.172018
0,0,0.359823,0.903588,0.232499
0,0,-0.618838,0.468748,0.630329
3.38783,5.51851,-0.19018,-0.799212,0.570168
0,0,-0.918296,0.363136,0.157684
0,0,0.0815646,0.847899,0.523846
0,0,-0.387325,-0.674444,0.628573
0,0,-0.30832,-0.504829,0.806279
0,0,0.780884,-0.619187,0.0826289
0,0,0.332932,-0.612841,0.716647
0,0,0.524652,0.254162,0.812491
0,0,-0.168851,0.299408,0.939066
0,0,0.842271,-0.526936,0.113654
0,0,-0.841683,0.21623,0.494788
0,0,0.275313,0.961024,0.0252201
0,0,0.27883,0.600259,0.749629
16.3078,24.733,-0.0551629,-0.485559,0.872462
0,0,0.529514,0.702053,0.476169
0,0,-0.906881,-0.371194,0.199455
0,0,-0.686752,0.711867,0.147029
0,0,-0.44673,0.78719,0.425164
0,0,0.321585,0.864745,0.385745
0,0,0.585889,-0.194952,0.786592
0,0,0.497861,0.379463,0.779835
0,0,-0.777959,0.194165,0.597562
0,0,0.997099,-0.0562194,0.0513096
0,0,0.470099,0.854741,0.220056
0,0,0.701995,0.0499813,0.710426
0,0,0.602391,0.630984,0.48886
0,0,-0.397702,-0.847537,0.351446
0,0,0.297969,-0.340422,0.891811
0,0,0.793732,-0.289564,0.534922
0,0,-0.0167386,0.83819,0.545122
0,0,0.388617,-0.814198,0.431344
0,0,-0.815056,0.186763,0.548455
0,0,0.187546,0.873522,0.449207
0,0,0.226248,-0.0406152,0.973223
0,0,-0.372154,-0.725402,0.579045
0,0,0.640863,-0.0435891,0.766417
0,0,0.813754,-0.567924,0.123561
0,0,0.344439,0.912399,0.221109
0,0,0.784138,0.444201,0.433374
0,0,0.756196,-0.216252,0.617578
0,0,-0.801402,-0.570711,0.179005
0,0,0.193546,-0.180454,0.964353
0,0,-0.0618688,0.996507,0.0560882
0,0,0.587445,0.797692,0.136368
0,0,-0.348844,0.863533,0.364168
0,0,0.171119,0.893181,0.415868
0,0,-0.574182,0.064911,0.816151
0,0,-0.75034,0.560704,0.350145
0,0,-0.331469,0.865097,0.376477
0,0,0.194381,0.680454,0.70654
0,0,-0.483747,-0.837075,0.255529
0,0,0.824305,-0.42788,0.370729
0,0,-0.322915,-0.924677,0.201738
0,0,-0.361461,-0.861924,0.355574
0,0,0.508224,0.850575,0.135021
0,0,-0.776744,-0.622307,0.0969694
0,0,0.692196,-0.421839,0.585591
0,0,-0.237982,0.0332676,0.9707
0,0,0.781822,0.623185,0.0198876
0,0,-0.10165,-0.52809,0.843083
0,0,-0.163019,-0.935095,0.314677
0,0,0.831564,-0.538336,0.136732
18.559,23.7991,-0.58185,0.750456,-0.313474
0,0,-0.712027,0.583026,0.391278
0,0,0.990002,0.0283187,0.138183
0,0,-0.804901,0.160013,0.571429
0,0,-0.579753,-0.402738,0.7083
0,0,-0.871757,0.322003,0.369261
0,0,0.853097,-0.513211,0.0940251
0,0,-0.494737,-0.661187,0.563974
17.1554,23.1796,0.068762,-0.136328,0.988274
0,0,-0.545572,0.810063,0.214824
0,0,-0.151849,0.488648,0.859165
0,0,0.596257,0.029327,0.802258
0,0,0.534741,0.148465,0.831871
0,0,-0.501518,0.865088,0.0100922
0,0,-0.735543,-0.258407,0.62626
0,0,0.147348,-0.965921,0.212805
0,0,-0.371558,0.309149,0.875427
0,0,-0.680356,-0.659642,0.319356
0,0,0.220361,-0.894802,0.388291
0,0,-0.268098,0.813259,0.516462
0,0,0.704888,0.677946,0.208619
0,0,-0.165606,-0.131703,0.977358
0,0,-0.0190092,0.480191,0.876958
0,0,0.624849,0.774075,0.101841
23.659,33.9612,0.940936,0.316053,-0.121454
0,0,0.00350711,-0.992903,0.118875
0,0,-0.612559,-0.519577,0.59566
0,0,0.653816,-0.736527,0.173353
0,0,0.897096,-0.436466,0.068667
0,0,0.975268,0.213562,0.0569505
0,0,0.307863,0.949474,0.06098
0,0,0.569788,0.630798,0.526722
0,0,-0.532811,-0.815755,0.225069
0,0,0.125918,0.53132,0.837761
0,0,0.983468,0.150292,0.101009
0,0,-0.849609,0.471268,0.236791
0,0,-0.471865,0.486539,0.735271
0,0,0.811234,-0.0455195,0.582947
0,0,0.282921,0.52203,0.804637
0,0,0.787828,-0.182906,0.588109
0,0,-0.0725149,-0.496698,0.864889
0,0,0.41705,-0.900621,0.122278
0,0,0.124018,0.991939,0.0259957
0,0,0.0334498,-0.945524,0.323829
0,0,0.9575,0.287353,0.0249372
0,0,-0.979744,-0.162987,0.116344
0,0,-0.617912,0.727706,0.297706
0,0,-0.747206,0.294103,0.595976
0,0,0.245431,-0.805129,0.539937
0,0,-0.685118,-0.411305,0.6012
0,0,0.155338,0.803715,0.57438
0,0,0.759758,-0.502578,0.412533
0,0,-0.517109,0.812475,0.269225
0,0,-0.634492,0.28403,0.718851
0,0,-0.396744,-0.552666,0.732908
0,0,0.215369,-0.432264,0.87565
0,0,-0.85991,-0.502357,0.090511
0,0,0.164032,-0.955413,0.245519
0,0,-0.893053,0.209993,0.397945
0,0,0.874234,-0.201857,0.441552
0,0,-0.689307,0.472176,0.54946
0,0,-0.353839,0.794026,0.494287
0,0,-0.100211,-0.322319,0.941312
0,0,-0.423635,-0.676524,0.602369
0,0,-0.54955,0.737087,0.393315
0,0,-0.918381,0.0646588,0.39038
0,0,-0.221616,0.971324,0.0861132
0,0,-0.295963,-0.67377,0.677082
0,0,0.372651,-0.786083,0.493159
0,0,0.90404,0.360112,0.230287
0,0,0.191977,0.980983,0.0285749
0,0,0.438238,0.822542,0.362453
0,0,-0.0478495,0.986323,0.157723
0,0,-0.932584,-0.0615429,0.355667
0,0,-0.401331,-0.895198,0.193789
0,0,-0.417942,0.905009,0.0792673
0,0,-0.215739,-0.767607,0.603519
0,0,-0.0943419,-0.43308,0.896405
0,0,-0.0795354,-0.926836,0.366946
0,0,-0.441343,-0.593002,0.673472
0,0,0.211031,-0.763068,0.610895
0,0,0.211416,0.86626,0.452656
0,0,-0.624085,-0.59796,0.502953
0,0,0.425447,-0.020685,0.904747
0,0,-0.520907,0.594708,0.612355
0,0,0.631217,-0.725551,0.27412
0,0,0.0106198,0.912937,0.407961
0,0,-0.0875315,-0.967578,0.236918
0,0,-0.235757,0.0330726,0.971249
0,0,-0.579665,-0.729955,0.362152
0,0,-0.71669,-0.150226,0.681019
0,0,0.932064,-0.360316,0.0378062
0,0,-0.703563,0.0845929,0.70558
0,0,-0.620054,-0.745709,0.243827
0,0,0.896196,-0.238827,0.373892
0,0,0.573692,-0.818957,0.0136521
0,0,0.873722,0.0877862,0.478438
0,0,0.912644,-0.406387,0.0439329
0,0,0.702107,-0.707913,0.0768434
0,0,0.280158,-0.924013,0.260216
0,0,-0.726939,-0.672202,0.140371
17.1981,22.7614,-0.0555376,-0.083457,0.994963
0,0,0.946579,-0.207075,0.247199
0,0,-0.890778,-0.339299,0.302309
0,0,0.736164,-0.645487,0.203493
0,0,0.981897,-0.0848195,0.169362
0,0,-0.803616,0.497306,0.326939
0,0,-0.528931,0.162144,0.833031
0,0,0.468475,0.691785,0.549513
0,0,0.865995,-0.179931,0.466559
0,0,-0.133576,-0.486066,0.863653
0,0,0.273413,-0.952174,0.136418
0,0,-0.548132,0.736289,0.396774
0,0,-0.889364,-0.356613,0.286109
0,0,-0.201765,0.312145,0.928362
0,0,-0.0579733,-0.715211,0.6965
0,0,-0.632244,0.681805,0.367979
0,0,0.835655,0.548762,0.0232766
0,0,-0.179661,0.198461,0.963502
0,0,0.179041,-0.85126,0.493255
0,0,-0.754301,0.649519,0.0956815
0,0,0.187508,-0.8339,0.519088
0,0,0.259794,-0.572912,0.777354
0,0,-0.472304,0.637999,0.608183
0,0,0.406729,-0.474124,0.780883
0,0,0.199864,0.899335,0.388911
0,0,-0.525742,0.202283,0.826243
0,0,0.616274,0.207636,0.759667
0,0,-0.763211,0.468348,0.44515
0,0,-0.0401719,-0.871392,0.48894
0,0,0.265765,0.810975,0.521238
0,0,-0.523792,0.565866,0.63674
0,0,-0.93252,-0.115056,0.3423
0,0,0.569816,-0.382231,0.727467
0,0,0.490536,-0.86036,0.138404
0,0,0.350965,-0.928978,0.117572
0,0,0.809598,0.250072,0.531051
0,0,0.431649,-0.810492,0.395956
0,0,-0.603365,0.0285341,0.796955
0,0,-0.478673,0.869019,0.125211
0,0,0.807745,0.290802,0.512818
0,0,-0.66333,-0.690562,0.2883
0,0,0.44362,0.603288,0.662755
0,0,0.487001,0.855244,0.177168
0,0,0.236558,-0.166064,0.957321
0,0,0.467005,-0.801423,0.373667
0,0,0.532389,0.554986,0.639182
0,0,-0.227213,0.970225,0.0838887
0,0,-0.944683,-0.301491,0.129144
0,0,0.193782,0.54982,0.812494
0,0,0.350486,-0.734874,0.58062
0,0,0.558243,-0.828903,0.0358479
0,0,0.90388,0.377312,0.201586
4.13574,6.50959,-0.0459495,0.443715,0.894989
0,0,-0.0911805,0.514226,0.852794
0,0,-0.118372,-0.950445,0.287477
0,0,0.461424,0.879906,0.113374
0,0,0.939426,0.333683,0.0783288
0,0,0.413271,-0.880893,0.230727
0,0,-0.0250692,-0.753053,0.657482
0,0,0.770887,-0.162584,0.615873
0,0,-0.193732,-0.455694,0.868799
0,0,-0.371366,-0.471327,0.799962
0,0,0.327768,-0.944613,0.0165809
0,0,0.704205,0.675506,0.218603
0,0,0.818939,0.0293088,0.573132
0,0,-0.0923456,0.609197,0.787624
0,0,-0.693659,0.65518,0.299292
0,0,0.881195,0.0584952,0.46912
0,0,-0.98039,0.178193,0.0841588
0,0,-0.529471,-0.834073,0.154863
0,0,-0.433507,-0.737861,0.517333
0,0,-0.489416,-0.871041,0.041945
0,0,0.552086,0.804108,0.220478
0,0,0.827604,0.525827,0.196412
0,0,-0.439834,-0.111336,0.891151
0,0,-0.877994,0.476354,0.0470412
0,0,0.888237,0.458778,0.0236236
0,0,-0.300672,-0.395882,0.867683
0,0,0.0943065,0.582249,0.807522
0,0,0.676853,-0.109962,0.727859
0,0,0.611137,-0.669621,0.422041
0,0,-0.538995,-0.815666,0.210177
21.285,28.6859,0.521494,0.00846203,0.853213
0,0,-0.267837,0.515584,0.813902
0,0,0.880321,-0.347729,0.322675
0,0,0.448048,-0.622606,0.641573
0,0,-0.361174,0.34032,0.86818
0,0,0.421534,-0.250954,0.871396
0,0,-0.386221,0.454452,0.802687
0,0,-0.927886,0.288141,0.23665
0,0,0.311383,0.812209,0.493312
0,0,0.755456,0.151775,0.637378
0,0,-0.730524,0.618684,0.289077
0,0,0.0443793,-0.998875,0.0167383
0,0,-0.374178,0.920042,0.11625
0,0,0.606863,-0.7444,0.278542
0,0,-0.469807,0.863081,0.1854
0,0,-0.117952,-0.507779,0.853374
0,0,0.832,0.367336,0.415741
0,0,0.673312,0.731611,0.106756
24.6028,35.1119,0.402723,-0.626819,0.667017
0,0,-0.954422,-0.14784,0.259271
0,0,0.661856,0.692502,0.287032
0,0,0.400615,0.225138,0.888156
0,0,-0.692103,0.457165,0.558563
0,0,0.949876,-0.129614,0.284491
0,0,-0.447381,0.221211,0.866554
0,0,-0.520547,0.331103,0.787021
0,0,0.0628708,0.716948,0.694286
0,0,0.702036,-0.677153,0.220476
0,0,-0.45298,-0.237139,0.859404
0,0,-0.782951,-0.618134,0.0699796
0,0,0.902879,-0.0463632,0.427387
0,0,0.348882,-0.409161,0.84313
0,0,0.0125046,-0.955554,0.294552
0,0,-0.793171,-0.458794,0.400484
0,0,0.504191,-0.0906964,0.858817
0,0,-0.265397,-0.866201,0.423392
0,0,-0.0182807,0.963864,0.265767
0,0,0.167316,0.267061,0.949044
0,0,0.120115,-0.968642,0.217495
0,0,0.139126,0.280323,0.94977
0,0,-0.257778,-0.563169,0.785106
0,0,0.717937,-0.623695,0.309147
0,0,-0.917061,-0.323299,0.233401
0,0,0.0505306,0.216736,0.974922
0,0,0.851087,-0.309755,0.423913
0,0,0.22069,-0.909568,0.35211
0,0,-0.506262,0.840967,0.19098
0,0,-0.242344,0.407178,0.880611
0,0,-0.433234,0.458101,0.776178
0,0,-0.110396,-0.902511,0.416276
0,0,-0.0831667,-0.961423,0.2622
0,0,0.994046,-0.0942335,0.0547066
0,0,-0.738763,0.671319,0.0596671
0,0,0.600968,0.735202,0.313552
0,0,0.128058,-0.32618,0.936594
0,0,0.634817,-0.529138,0.563045
0,0,0.12826,0.513141,0.848667
0,0,-0.196939,-0.356354,0.91336
0,0,0.313847,-0.456437,0.832565
0,0,-0.645854,0.745702,0.16371
0,0,0.614538,-0.724041,0.31322
0,0,-0.561976,0.82659,0.030537
0,0,-0.296692,-0.838947,0.456226
0,0,-0.741913,0.526272,0.415455
0,0,0.904212,0.0498162,0.424168
0,0,-0.728998,-0.610699,0.309207
0,0,-0.484466,0.669764,0.562769
0,0,0.275322,0.904292,0.326273
0,0,-0.487966,0.554736,0.673911
0,0,0.0654271,-0.856168,0.512538
0,0,0.203294,-0.538822,0.817523
0,0,0.44553,0.875147,0.188735
0,0,0.163354,-0.26471,0.950392
0,0,-0.781019,0.152399,0.605627
0,0,-0.829707,0.469433,0.302026
0,0,0.918668,-0.0630533,0.389966
0,0,-0.825686,-0.227098,0.516401
0,0,-0.73211,0.663627,0.153669
0,0,-0.924256,0.176151,0.338706
0,0,-0.517031,0.760217,0.393382
0,0,0.328319,0.654417,0.681135
0,0,0.14167,-0.570263,0.809154
0,0,-0.589827,0.805097,0.0626324
0,0,-0.860129,0.38717,0.33208
0,0,0.951567,0.307375,0.00646459
0,0,-0.219331,-0.808761,0.54571
20.3861,27.8518,-0.74737,-0.296747,0.594457
0,0,-0.166313,0.710684,0.68357
17.899,24.4625,0.413549,0.882183,-0.225236
0,0,-0.0591024,0.90553,0.420146
0,0,0.969981,0.201929,0.135506
0,0,0.128228,-0.821495,0.555611
0,0,-0.000950362,-0.306245,0.951952
0,0,0.560866,0.819351,0.118716
0,0,0.15926,0.941463,0.297126
0,0,-0.416756,0.509577,0.752759
0,0,0.378925,-0.655814,0.652935
0,0,0.633577,0.174502,0.753743
0,0,-0.736226,-0.0270404,0.676196
0,0,0.727796,0.39502,0.560599
0,0,-0.719732,-0.133871,0.681223
0,0,-0.896328,-0.436886,0.0756753
0,0,0.855616,-0.114053,0.504889
0,0,0.835301,-0.0607889,0.546422
0,0,-0.551626,-0.0960442,0.828544
0,0,0.298245,0.818241,0.491458
0,0,0.551066,0.0245699,0.8341
0,0,0.0742883,-0.995498,0.0588645
0,0,-0.330757,-0.0392671,0.942899
0,0,0.100681,0.887976,0.448734
0,0,-0.694678,-0.6591,0.288112
4.85357,6.33721,0.111392,0.204943,0.972415
0,0,-0.959506,-0.0825521,0.26932
0,0,0.789193,0.0495121,0.612146
0,0,0.235314,0.393797,0.888567
0,0,-0.0282462,-0.982134,0.186053
0,0,-0.393407,0.185404,0.900476
0,0,-0.861025,-0.49804,0.102914
0,0,0.484502,-0.176759,0.856746
0,0,-0.664965,0.634513,0.393973
0,0,-0.632614,0.733757,0.247791
0,0,-0.528392,-0.736832,0.42176
0,0,0.086901,0.616474,0.782565
0,0,0.500843,0.830411,0.244078
0,0,0.362973,-0.45204,0.814807
0,0,-0.905571,0.340742,0.252659
0,0,0.987853,0.148775,0.0448504
0,0,-0.86339,0.433971,0.257346
0,0,0.169253,-0.520709,0.836789
0,0,-0.604251,-0.637646,0.477795
0,0,-0.998449,-0.0180751,0.0526504
0,0,-0.773803,0.00303769,0.633419
0,0,-0.860637,0.131496,0.491948
0,0,0.471907,0.802167,0.36583
0,0,0.419058,0.0184748,0.907772
0,0,0.393842,-0.475903,0.786387
0,0,0.0107838,-0.937346,0.348234
0,0,-0.14387,0.742416,0.654309
0,0,0.930249,-0.104498,0.351734
0,0,0.409431,-0.230012,0.882871
0,0,0.457399,-0.87146,0.177041
0,0,-0.316558,-0.892284,0.321901
15.1278,20.2338,0.445408,0.389656,0.806089
0,0,0.572944,0.808258,0.135848
0,0,0.183559,-0.8336,0.520977
0,0,-0.989214,0.0166454,0.145526
0,0,-0.911401,-0.299213,0.282525
0,0,-0.200068,-0.77872,0.594615
0,0,-0.144678,-0.653182,0.743251
0,0,0.644339,-0.0579044,0.762545
0,0,-0.778416,-0.593868,0.203446
0,0,-0.903713,0.252138,0.346019
20.7623,29.491,-0.0995725,-0.030901,0.99455
0,0,-0.728503,0.181753,0.660492
0,0,0.110447,-0.0536332,0.992434
0,0,0.0358654,-0.90759,0.418323
0,0,-0.124464,0.616574,0.777396
0,0,-0.863269,0.501394,0.0580603
0,0,-0.95225,-0.135893,0.273409
0,0,-0.827944,0.504498,0.244932
0,0,-0.142736,0.580091,0.801948
0,0,0.169501,-0.553298,0.815556
0,0,-0.564663,0.701789,0.434336
0,0,-0.652854,0.133225,0.745676
0,0,-0.361086,-0.866751,0.344034
0,0,-0.134658,-0.915177,0.379891
0,0,0.47621,0.79557,0.374556
0,0,-0.889372,-0.332091,0.314217
0,0,0.805918,0.437517,0.398842
0,0,-0.0140729,-0.332137,0.943126
0,0,0.587168,0.0349423,0.808711
0,0,-0.532863,-0.621259,0.574538
0,0,0.559992,-0.666827,0.491681
0,0,-0.752607,0.494035,0.435331
0,0,0.480716,-0.0309567,0.87633
0,0,-0.158419,0.840098,0.518786
0,0,0.795985,0.0226853,0.604891
0,0,0.132981,-0.550451,0.824208
0,0,-0.774383,-0.482381,0.409437
0,0,-0.701801,-0.709926,0.0589938
0,0,-0.99303,-0.0583836,0.102384
0,0,-0.935894,-0.209104,0.283511
0,0,0.985878,-0.0202391,0.166238
0,0,-0.327236,0.940052,0.0960141
0,0,-0.319104,-0.331857,0.887718
0,0,0.806515,-0.530804,0.260347
0,0,-0.388362,0.19055,0.90159
0,0,-0.444395,-0.586682,0.676991
0,0,0.886912,0.461932,0.00238529
0,0,-0.281178,0.749269,0.599612
0,0,-0.0415371,0.993533,0.105675
0,0,-0.424111,0.256397,0.868557
0,0,-0.435294,0.52076,0.73439
0,0,0.672434,0.582137,0.457109
0,0,0.0613155,0.659524,0.749178
0,0,-0.627744,0.337204,0.701591
0,0,-0.117929,0.932092,0.342487
0,0,0.675948,0.41773,0.607121
0,0,-0.0870809,-0.726982,0.681112
0,0,-0.608208,0.625222,0.48906
0,0,0.218227,-0.792314,0.56975
0,0,-0.0482768,-0.068397,0.996489
0,0,-0.204435,0.955694,0.211791
0,0,-0.00498557,0.402205,0.915536
0,0,0.777752,-0.324707,0.538208
0,0,0.731155,-0.243474,0.637285
0,0,-0.703061,-0.69357,0.157051
0,0,0.812271,-0.190848,0.551174
0,0,0.00367127,0.280623,0.959811
0,0,-0.246909,0.938334,0.242001
0,0,0.295687,0.311516,0.903065
0,0,0.709308,0.581253,0.398782
0,0,0.144309,0.447514,0.882557
0,0,-0.934774,0.217576,0.280817
0,0,-0.594051,-0.469561,0.653158
0,0,0.495564,-0.595906,0.631911
0,0,0.189099,0.979767,0.0655587
0,0,-0.0462412,0.780457,0.623497
0,0,-0.36058,0.820697,0.443214
0,0,-0.862556,-0.420809,0.280921
0,0,0.865063,-0.276859,0.418348
0,0,0.959453,-0.0361159,0.279545
0,0,-0.154682,-0.949954,0.271406
0,0,0.17328,-0.605295,0.776912
0,0,0.437842,-0.87311,0.214416
0,0,0.286826,-0.752301,0.593105
0,0,-0.507354,-0.387767,0.769564
0,0,-0.867048,-0.315406,0.385677
0,0,-0.866997,-0.21836,0.447924
0,0,-0.478894,0.700973,0.528486
0,0,0.46611,-0.78082,0.416007
0,0,0.584461,-0.691248,0.424948
0,0,0.488842,0.705925,0.512547
0,0,0.732642,0.658203,0.173218
0,0,-0.383976,-0.65451,0.651291
0,0,0.0880796,-0.437221,0.895031
0,0,-0.901697,0.386538,0.193729
0,0,-0.613865,0.629318,0.47658
0,0,-0.962288,0.267721,0.0482388
0,0,0.642825,-0.0971959,0.759821
0,0,0.975153,0.127163,0.181399
0,0,-0.79872,-0.362984,0.479884
0,0,0.851877,0.185919,0.489632
0,0,0.516167,0.296229,0.803629
0,0,0.581658,0.812397,0.0410516
0,0,0.108915,-0.872816,0.475742
0,0,-0.556756,-0.725172,0.405153
0,0,-0.235264,-0.826035,0.512169
0,0,-0.0454805,0.893736,0.446282
0,0,0.949963,-0.310256,0.0362263
0,0,-0.957959,0.264008,0.112312
0,0,0.92842,0.174436,0.328037
0,0,-0.945947,-0.230562,0.228089
0,0,-0.100579,0.532435,0.840474
0,0,0.0548379,0.997149,0.0518374
0,0,0.294453,0.116471,0.948542
0,0,0.69615,-0.631755,0.34097
0,0,0.563457,-0.780002,0.272237
0,0,0.826565,0.136656,0.546
0,0,-0.295324,0.213254,0.931293
0,0,0.995054,0.083003,0.0545756
0,0,-0.891717,0.390381,0.229006
0,0,0.771008,0.581191,0.260313
0,0,0.610866,-0.357892,0.706227
0,0,-0.222896,-0.586547,0.77864
0,0,0.977716,0.04657,0.204703
0,0,-0.592517,-0.775656,0.217443
0,0,0.00299501,0.00483267,0.999984
0,0,0.622673,0.730172,0.281295
0,0,0.326541,-0.823676,0.463604
0,0,0.0597741,-0.671581,0.738516
0,0,-0.475527,-0.231253,0.848761
0,0,-0.0940239,-0.854303,0.511201
0,0,0.315498,0.753652,0.576602
0,0,0.30105,-0.939716,0.162181
0,0,0.739667,0.642647,0.199744
0,0,0.61879,0.683174,0.387779
0,0,0.654088,-0.0973057,0.750134
0,0,-0.504841,-0.786676,0.355353
0,0,-0.933605,-0.168291,0.316323
0,0,0.0627846,-0.989905,0.127068
0,0,0.66046,-0.00967113,0.750799
0,0,0.287854,-0.81223,0.507368
0,0,0.668918,0.300457,0.679908
0,0,0.5166,0.608202,0.602674
0,0,-0.328127,0.585949,0.740943
0,0,-0.926343,0.368328,0.0788918
0,0,-0.598866,-0.695174,0.397609
0,0,0.933568,-0.238688,0.267355
0,0,-0.273668,0.0478516,0.960633
0,0,-0.974054,-0.176244,0.141972
0,0,0.375892,-0.911223,0.168459
0,0,0.796317,0.576819,0.182099
0,0,-0.602496,-0.774179,0.194023
0,0,0.2615,-0.229934,0.937416
0,0,0.402873,0.792083,0.458582
0,0,0.541461,-0.688013,0.483175
0,0,0.916249,-0.328842,0.228803
0,0,-0.516987,-0.423633,0.743814
0,0,-0.107964,-0.946642,0.303666
0,0,-0.656476,0.752715,0.0495923
0,0,0.471077,0.709267,0.52443
0,0,-0.884069,-0.188726,0.427557
0,0,-0.0972608,0.768364,0.632579
0,0,-0.437191,-0.316663,0.841777
0,0,-0.214675,0.924325,0.315497
0,0,-0.344679,-0.561124,0.752553
0,0,-0.116403,0.95471,0.273824
0,0,0.854907,0.147096,0.49749
0,0,0.817546,-0.333563,0.469419
0,0,0.76353,0.409016,0.499727
0,0,-0.66729,0.0731547,0.741197
0,0,-0.0163975,-0.538565,0.842425
0,0,0.0827786,0.8437,0.530395
0,0,0.605284,0.431401,0.668973
0,0,-0.262934,-0.818889,0.510182
0,0,-0.783898,0.477393,0.396988
0,0,0.470705,-0.702106,0.534307
0,0,-0.206792,0.636373,0.743146
0,0,0.104265,-0.494171,0.86309
0,0,-0.0433643,-0.852672,0.520643
0,0,-0.0534389,0.989532,0.134054
0,0,0.966896,-0.0347071,0.2528
0,0,0.458425,-0.642347,0.614196
0,0,-0.272162,-0.380076,0.884008
0,0,-0.850024,-0.20606,0.484766
0,0,0.604782,0.132592,0.785276
0,0,0.700487,-0.185586,0.689112
0,0,-0.813999,-0.575356,0.0798207
0,0,-0.208527,-0.772273,0.600093
0,0,-0.503746,0.8595,0.0865987
0,0,0.574264,0.772919,0.269847
0,0,-0.0983549,0.857111,0.505655
0,0,0.264571,-0.691758,0.671917
0,0,-0.391448,-0.437413,0.809591
0,0,0.434959,-0.349822,0.82972
0,0,0.190333,0.435685,0.879745
0,0,0.010511,-0.898863,0.438105
0,0,-0.00863674,0.418814,0.908031
0,0,-0.545889,-0.687468,0.478951
0,0,0.853814,0.202164,0.47972
0,0,-0.252414,0.772642,0.582505
0,0,0.54056,0.38341,0.74886
0,0,-0.214168,0.53029,0.82032
0,0,-0.660791,0.622247,0.419719
0,0,-0.777597,0.626598,0.0521301
0,0,-0.991118,0.118688,0.0599801
0,0,0.778024,0.495194,0.386603
0,0,0.519712,-0.815316,0.255263
0,0,0.676224,0.71509,0.177109
0,0,0.276553,-0.756562,0.592565
0,0,-0.928521,0.203987,0.310222
0,0,-0.396979,-0.184742,0.899043
0,0,0.121007,0.989541,0.0785202
0,0,-0.634126,0.663322,0.397351
0,0,-0.280669,0.866198,0.413433
0,0,0.596711,0.0417038,0.801372
0,0,0.632044,0.379678,0.675548
0,0,-0.876447,0.480656,0.0284576
0,0,0.440065,0.897271,0.0353267
0,0,0.828024,0.0983973,0.551991
0,0,0.729954,-0.178507,0.659775
9.29536,11.569,0.606416,0.0198382,0.7949
0,0,0.550278,-0.748068,0.370929
0,0,0.528518,0.844178,0.0896222
0,0,0.436684,0.102342,0.893775
0,0,-0.786482,-0.616575,0.0357896
0,0,0.125836,0.893948,0.430141
0,0,-0.694383,0.660189,0.286326
0,0,0.819143,-0.440968,0.366812
0,0,-0.42213,-0.710601,0.562896
0,0,0.219214,-0.920033,0.324783
0,0,0.0388762,-0.433963,0.900091
19.812,28.4329,0.529582,0.15998,0.833036
0,0,-0.345638,-0.000834196,0.938368
0,0,0.297472,0.357838,0.885134
0,0,0.642425,-0.763512,0.0658727
0,0,0.522251,-0.590818,0.61497
0,0,-0.909946,-0.315655,0.269
17.2354,23.3043,-0.44749,-0.349942,-0.822978
0,0,0.450709,-0.426521,0.784182
0,0,0.331468,0.877293,0.34711
18.6368,28.8122,-0.246685,0.656515,0.712836
0,0,0.252315,0.610106,0.751071
0,0,-0.89348,-0.347029,0.285067
0,0,-0.484724,-0.666839,0.566011
0,0,0.638034,0.57691,0.509987
0,0,-0.939077,0.00015181,0.343706
0,0,0.470747,0.559639,0.682056
0,0,-0.746958,-0.350611,0.564913
0,0,-0.366043,-0.917365,0.156377
0,0,-0.350185,0.666726,0.657911
0,0,-0.335336,0.349779,0.874759
0,0,0.226831,0.409711,0.883563
0,0,0.510879,-0.858606,0.042415
0,0,-0.788818,0.551679,0.270955
0,0,-0.934767,0.352757,0.0421048
0,0,-0.215163,-0.976435,0.0167259
0,0,-0.172149,-0.761628,0.62473
0,0,0.843389,-0.520526,0.13322
0,0,0.770805,-0.444035,0.45683
0,0,-0.643631,0.574271,0.505917
11.9886,14.5478,0.263452,-0.37926,0.886992
18.4285,26.7924,-0.598625,-0.401345,0.693232
0,0,-0.767783,-0.106403,0.631813
0,0,-0.165856,-0.9841,0.0635588
0,0,0.256073,-0.927955,0.270787
0,0,-0.572611,0.274209,0.77261
0,0,-0.197813,0.928356,0.314682
0,0,-0.311148,-0.89339,0.3241
0,0,-0.381026,0.863095,0.331491
0,0,0.443216,-0.842136,0.307191
0,0,-0.794482,-0.116375,0.596032
0,0,0.434419,-0.65092,0.622562
0,0,-0.533743,0.821014,0.20262
0,0,0.164022,-0.323812,0.931795
0,0,-0.134305,-0.584224,0.800402
0,0,-0.854125,0.460576,0.241537
0,0,-0.821274,-0.4342,0.370107
21.8249,30.6296,-0.393291,0.440809,0.806852
0,0,0.709174,0.283403,0.645565
0,0,0.54115,-0.783262,0.306035
0,0,-0.376795,0.598305,0.707146
0,0,-0.53186,-0.791112,0.302103
0,0,0.692626,0.103088,0.713893
0,0,0.72971,0.576064,0.368338
0,0,0.789992,-0.117668,0.601719
0,0,0.19307,0.327688,0.924849
0,0,0.665326,-0.72899,0.160984
0,0,0.362981,-0.323245,0.873932
0,0,0.437922,0.27979,0.854366
0,0,-0.18635,0.894335,0.406742
0,0,0.704447,-0.614292,0.355527
0,0,0.357454,0.0520338,0.93248
0,0,-0.409966,0.264993,0.872758
0,0,0.424071,0.0707845,0.902859
0,0,0.196168,0.518748,0.832117
0,0,0.595327,-0.798979,0.0849658
0,0,-0.0859721,0.889554,0.448667
0,0,0.274802,-0.958635,0.074188
0,0,-0.29846,0.868574,0.395602
0,0,0.311469,0.489728,0.814342
0,0,0.436105,0.837651,0.328866
0,0,0.462988,0.15279,0.873097
0,0,0.589373,-0.0410484,0.806818
0,0,-0.633832,-0.69597,0.337465
0,0,-0.729044,0.575316,0.370819
0,0,-0.367481,-0.925296,0.0937264
0,0,-0.356063,0.794721,0.491567
11.1926,16.5897,-0.150168,0.359606,0.920941
0,0,-0.639649,0.667608,0.380984
0,0,-0.858126,0.116499,0.500047
0,0,0.646753,0.160782,0.74556
0,0,-0.920502,0.390412,0.0159654
0,0,-0.786002,0.586967,0.19409
0,0,0.519761,-0.245638,0.818236
0,0,0.0836804,0.915919,0.392543
0,0,-0.760726,-0.325109,0.561784
0,0,-0.48108,0.484281,0.730776
0,0,0.17377,0.963408,0.20408
0,0,0.244375,0.956051,0.162008
0,0,-0.334323,0.364228,0.869233
0,0,0.800807,0.283303,0.527681
0,0,0.497763,-0.37328,0.782876
0,0,-0.0147471,0.963083,0.268801
0,0,0.261703,0.411477,0.87304
0,0,0.655495,0.117411,0.746017
0,0,0.540363,0.77682,0.323354
0,0,-0.766171,0.595075,0.242626
0,0,-0.158322,0.754613,0.636783
0,0,-0.0341226,-0.0991007,0.994492
0,0,-0.265753,-0.786233,0.557865
0,0,-0.276867,-0.898235,0.341348
0,0,-0.0193059,0.44397,0.895834
0,0,-0.170118,-0.92392,0.342685
0,0,0.364866,-0.534515,0.762343
0,0,0.453649,0.638297,0.621916
0,0,0.89184,0.272369,0.361159
0,0,-0.0607345,0.554994,0.829634
0,0,-0.119508,0.451211,0.884379
0,0,-0.268359,0.946315,0.1802
0,0,0.860273,0.40671,0.307437
0,0,-0.853819,0.11941,0.50669
0,0,-0.439427,-0.35967,0.823129
0,0,0.422843,-0.337398,0.841051
0,0,0.4235,0.8399,0.339435
0,0,0.0922628,0.405535,0.909411
0,0,0.387671,-0.168974,0.906178
0,0,0.57846,0.334157,0.744126
0,0,0.749291,0.648358,0.134892
0,0,0.925046,0.0307547,0.378608
0,0,0.683548,-0.650642,0.330798
0,0,-0.578447,-0.660501,0.478682
0,0,-0.533829,-0.16224,0.829882
0,0,0.0679791,-0.867238,0.493232
0,0,-0.76741,-0.391708,0.507589
0,0,0.381644,0.471656,0.794914
0,0,-0.248896,-0.699111,0.670294
0,0,0.406755,-0.804268,0.433248
0,0,0.473219,0.722047,0.50469
0,0,-0.0993401,0.927957,0.359204
0,0,0.757074,-0.634714,0.154848
0,0,-0.897658,-0.377189,0.2279
0,0,-0.542158,0.837533,0.0678499
0,0,-0.91371,-0.0947883,0.395156
0,0,0.889339,-0.3457,0.299279
0,0,0.618717,0.410372,0.669913
0,0,0.442302,0.399002,0.803223
0,0,-0.130621,0.814998,0.56455
0,0,0.836495,-0.223183,0.500466
0,0,-0.804557,0.581442,0.120886
0,0,0.508943,-0.553638,0.659137
0,0,0.533004,0.825594,0.185207
0,0,-0.817565,0.566343,0.104133
0,0,-0.259539,-0.651405,0.712959
0,0,0.967375,-0.24741,0.0545281
0,0,0.708778,0.138935,0.691614
0,0,-0.384714,-0.620496,0.683359
0,0,-0.135622,-0.760812,0.634643
0,0,-0.507607,0.752153,0.420238
0,0,0.37159,-0.597178,0.710844
0,0,0.186023,0.0859944,0.978775
0,0,-0.802475,0.565154,0.191402
0,0,0.0979641,-0.933562,0.344767
0,0,-0.0920865,0.807419,0.582748
0,0,-0.936131,-0.2844,0.206823
0,0,-0.285761,-0.00542822,0.958285
0,0,0.537781,0.688947,0.485947
0,0,0.731771,0.664609,0.151015
0,0,0.36758,0.868612,0.332262
0,0,0.649208,0.690201,0.319612
0,0,0.582003,0.50597,0.636606
0,0,-0.614796,0.580869,0.533495
0,0,-0.825351,0.311372,0.471002
0,0,0.801137,-0.425262,0.421108
0,0,-0.844519,0.290484,0.449895
0,0,-0.901587,0.215573,0.37506
0,0,-0.68858,-0.305305,0.657758
0,0,-0.787901,0.614671,0.0372936
6.75887,9.02844,0.131578,0.0329051,0.990759
0,0,0.0787907,-0.537724,0.839431
0,0,0.776446,-0.49592,0.388839
0,0,0.472982,-0.112638,0.873842
0,0,0.446219,0.30294,0.842091
0,0,-0.400596,0.629494,0.665778
0,0,0.0380912,-0.413074,0.909901
0,0,0.695888,0.682722,0.222779
0,0,-0.788014,-0.602236,0.127848
0,0,-0.0220885,-0.651055,0.758709
0,0,0.467577,0.115408,0.876386
0,0,-0.640736,0.521948,0.563052
0,0,-0.712076,-0.11639,0.692388
0,0,0.0910183,-0.968921,0.230019
20.6137,30.6006,0.407047,0.251677,0.87805
0,0,0.873617,0.165712,0.457528
0,0,0.458228,0.833966,0.307453
0,0,0.541305,-0.778066,0.318751
0,0,0.244911,-0.6947,0.676321
0,0,0.789794,-0.60989,0.0652574
0,0,-0.233893,-0.721674,0.651522
0,0,-0.68261,-0.244521,0.68866
0,0,0.522673,-0.786966,0.327869
0,0,0.911463,-0.0526383,0.408
0,0,0.456871,-0.211769,0.863957
0,0,-0.464059,0.28302,0.839374
0,0,-0.932861,-0.0667027,0.354007
0,0,0.62942,0.125171,0.766918
0,0,0.952222,0.218242,0.213646
0,0,-0.596966,0.271514,0.754925
0,0,0.699032,-0.456747,0.550215
0,0,0.748633,0.662967,0.00482918
0,0,0.0156778,-0.752807,0.658054
0,0,0.0128191,0.383987,0.923249
0,0,0.565761,-0.671558,0.47846
0,0,-0.38332,-0.888878,0.25092
0,0,0.258301,-0.240358,0.935686
0,0,-0.729575,0.511071,0.454453
0,0,-0.987133,-0.138929,0.0791707
0,0,0.310862,0.847117,0.430997
0,0,0.935782,-0.32438,0.138167
0,0,-0.162424,-0.90186,0.400333
0,0,0.0354923,-0.933965,0.355599
0,0,0.474675,0.856248,0.203772
0,0,-0.717117,0.636295,0.284379
0,0,0.614037,0.788851,0.0259382
0,0,0.427772,0.547128,0.719487
0,0,0.816959,0.121813,0.563684
0,0,-0.375002,0.740792,0.557316
0,0,-0.973848,0.0696826,0.216249
0,0,0.876646,0.407327,0.256078
0,0,0.82294,-0.530942,0.202165
0,0,-0.560065,-0.75464,0.341825
0,0,-0.973219,0.21409,0.083734
0,0,0.877881,-0.459103,0.136196
0,0,-0.344945,-0.890232,0.297488
0,0,-0.14115,-0.331202,0.932943
0,0,0.0971313,0.983862,0.15027
0,0,-0.659533,-0.122287,0.741661
0,0,0.709134,0.180842,0.681487
0,0,-0.768456,-0.559002,0.311436
0,0,-0.397004,-0.916948,0.039934
0,0,0.677103,0.0825463,0.731244
0,0,0.927649,-0.370649,0.0456694
0,0,0.669866,-0.738752,0.0743354
0,0,-0.306248,-0.569632,0.762713
0,0,-0.875767,0.173649,0.450421
0,0,0.170454,0.722933,0.669562
0,0,0.920663,-0.384615,0.0667135
0,0,-0.480759,-0.871714,0.0947883
0,0,-0.926624,0.0492039,0.372755
0,0,-0.47585,0.712119,0.516191
0,0,-0.905558,0.391087,0.164366
0,0,0.807838,-0.56324,0.173662
0,0,0.383295,0.0560375,0.921925
0,0,-0.496247,-0.761646,0.416695
0,0,-0.227825,0.928184,0.294228
0,0,0.809317,-0.478458,0.340711
0,0,0.84104,-0.474096,0.260545
0,0,-0.201745,-0.964889,0.168192
0,0,0.629059,0.512476,0.584511
0,0,0.880821,0.332892,0.336655
0,0,0.446383,0.893373,0.0512508
0,0,0.179812,0.968607,0.171661
0,0,0.950338,-0.103709,0.293433
0,0,-0.310686,-0.950432,0.0123981
0,0,-0.00157382,0.608116,0.793846
0,0,-0.179931,-0.712925,0.677763
0,0,0.981374,-0.159987,0.106343
0,0,0.805065,0.208049,0.555505
0,0,0.312784,-0.0640729,0.947661
0,0,0.64197,0.739774,0.201518
0,0,0.0807481,-0.792942,0.603922
0,0,0.594206,-0.224679,0.772294
0,0,-0.64331,-0.445944,0.622324
18.4132,27.4841,-0.25577,-0.965495,0.049004
0,0,-0.427528,-0.181893,0.885514
0,0,-0.569504,-0.591769,0.570504
0,0,-0.302203,-0.49527,0.814482
0,0,0.922484,-0.217963,0.318615
0,0,0.30455,0.942543,0.137336
0,0,0.810653,-0.539491,0.227575
0,0,0.365961,-0.916478,0.161683
0,0,-0.577028,0.139786,0.804673
0,0,0.71525,0.675466,0.179341
0,0,-0.96453,0.255661,0.0657292
0,0,-0.215309,0.0396432,0.975741
0,0,0.335377,-0.540344,0.771719
0,0,0.927463,-0.13112,0.350171
0,0,0.239406,0.966261,0.094992
0,0,0.238788,-0.623047,0.744844
0,0,-0.373066,0.104458,0.921906
0,0,0.950665,0.297389,0.0882956
0,0,-0.459973,-0.482338,0.745503
0,0,0.596819,-0.512242,0.617588
0,0,-0.892421,0.063746,0.446678
0,0,0.659251,-0.330494,0.675398
0,0,-0.763558,-0.157706,0.626185
0,0,-0.834895,0.129587,0.534938
0,0,-0.493104,-0.796768,0.349298
0,0,-0.496964,-0.847687,0.185619
0,0,0.386307,-0.910203,0.149321
0,0,0.538578,0.289421,0.791309
0,0,-0.33562,-0.518881,0.786207
0,0,0.113671,-0.269866,0.956165
18.8816,26.871,0.350669,-0.130611,0.927347
0,0,-0.998153,0.0605951,0.00422686
0,0,-0.0482701,0.28784,0.956461
0,0,0.656217,-0.0930365,0.748815
0,0,0.423647,0.212275,0.880603
0,0,-0.321685,0.401364,0.857569
0,0,0.871072,0.370683,0.322224
0,0,-0.260664,0.918969,0.295887
0,0,-0.939856,0.271455,0.207324
0,0,0.49896,-0.866189,0.0274865
0,0,-0.803775,0.594663,0.0179576
0,0,-0.578191,0.713712,0.395361
0,0,-0.466588,0.877548,0.110479
0,0,0.0455238,0.177405,0.983085
0,0,0.564462,-0.187266,0.803937
0,0,0.950359,0.052379,0.306716
21.5633,32.228,-0.0187025,-0.582693,0.812477
0,0,0.678032,0.504048,0.534984
0,0,-0.580519,0.0714959,0.811102
0,0,0.449043,0.0259504,0.893133
0,0,0.109796,-0.663892,0.739725
0,0,-0.476342,-0.476763,0.738779
0,0,-0.0481795,-0.569383,0.820659
0,0,0.46653,0.86811,0.169514
19.3124,28.0256,-0.14311,-0.415033,0.898481
0,0,-0.687899,0.316223,0.653298
0,0,0.848482,0.31,0.428927
0,0,-0.73041,-0.433077,0.528153
0,0,0.977863,-0.207254,0.0288059
0,0,-0.610346,-0.475218,0.633755
0,0,0.00672683,0.899981,0.435878
0,0,-0.759798,0.438106,0.480385
0,0,0.872923,0.456359,0.172459
0,0,0.937634,-0.345034,0.0423548
0,0,0.622112,-0.547738,0.559428
0,0,0.336024,-0.526352,0.781052
0,0,-0.548316,-0.511577,0.661543
0,0,0.275613,0.79369,0.542304
0,0,-0.350271,-0.252684,0.901921
0,0,0.840686,0.122662,0.527448
0,0,-0.260947,-0.807475,0.529047
0,0,0.42782,-0.663464,0.613829
0,0,0.195334,-0.842648,0.501786
0,0,-0.973162,-0.210332,0.0933573
0,0,-0.695805,-0.00024304,0.718231
0,0,-0.0590504,0.548804,0.833863
0,0,-0.568565,0.766457,0.298794
0,0,0.872666,0.269168,0.407434
0,0,-0.809816,-0.579129,0.0938481
0,0,-0.616138,-0.658808,0.431678
0,0,-0.155388,-0.438501,0.885196
0,0,0.514585,0.509644,0.68954
0,0,-0.735451,-0.325241,0.594415
0,0,-0.630496,0.277828,0.724767
0,0,-0.473939,-0.158513,0.866173
0,0,0.549268,0.692914,0.467092
0,0,0.896153,-0.389307,0.212957
15.7091,20.6972,-0.588512,0.0989084,0.802416
0,0,-0.308421,-0.576223,0.756864
0,0,-0.0663348,-0.17014,0.983185
0,0,-0.873381,-0.192469,0.447395
0,0,-0.59964,0.449631,0.662015
0,0,0.875472,0.0924444,0.474344
0,0,-0.36932,-0.743027,0.558134
0,0,-0.87714,-0.428938,0.21596
0,0,-0.899679,0.344955,0.267552
0,0,0.773195,0.0784007,0.629304
0,0,0.125368,0.973294,0.192304
0,0,0.823673,-0.442354,0.354803
0,0,-0.991482,0.105214,0.07677
0,0,-0.353695,0.897572,0.26318
0,0,0.29932,0.482854,0.822958
0,0,0.590858,-0.806143,0.0319513
0,0,0.929031,-0.0502817,0.366569
0,0,-0.573451,-0.0188665,0.819022
0,0,0.576161,0.56255,0.592939
0,0,-0.571274,0.718996,0.395841
0,0,-0.715577,-0.615351,0.330596
0,0,-0.1844,0.241914,0.952615
0,0,-0.979569,-0.148016,0.136147
0,0,-0.298321,-0.691337,0.658071
0,0,-0.430815,-0.277054,0.85886
0,0,0.806622,0.564605,0.174878
0,0,-0.732706,0.650064,0.20139
0,0,-0.118056,0.529629,0.839974
0,0,0.796756,-0.0737072,0.599789
0,0,0.787158,0.0885828,0.610357
0,0,-0.186631,0.764775,0.616675
0,0,0.245792,0.53054,0.811242
0,0,0.573854,0.615605,0.540113
4.49576,5.95229,-0.216192,0.332555,0.91797
0,0,-0.0387059,0.957926,0.284394
0,0,-0.373781,-0.0220684,0.927254
0,0,-0.700454,-0.376204,0.606493
0,0,-0.180812,0.479896,0.858491
0,0,0.247144,0.0949685,0.964314
0,0,-0.583692,0.758683,0.289317
0,0,0.0774065,-0.741229,0.666775
0,0,-0.74059,0.271429,0.614697
0,0,-0.576754,0.350673,0.737823
0,0,-0.193886,-0.981023,0.00173861
0,0,0.236066,-0.11595,0.964794
0,0,-0.600922,0.277428,0.749618
0,0,-0.74241,0.565422,0.359341
0,0,0.979651,0.0431552,0.196012
0,0,0.674483,-0.687783,0.268379
0,0,0.785046,-0.429652,0.446209
0,0,0.170461,-0.919725,0.353622
0,0,0.781401,0.466694,0.414258
0,0,0.728565,-0.250564,0.637504
0,0,-0.173724,-0.958153,0.227512
0,0,-0.117645,-0.368244,0.922256
0,0,0.786382,0.329153,0.522744
0,0,0.457033,-0.0610654,0.887351
0,0,-0.961568,0.240877,0.131779
0,0,-0.034453,0.795271,0.605274
0,0,0.726217,0.669357,0.156752
0,0,-0.111231,0.364068,0.924706
0,0,0.0698728,0.560137,0.825448
0,0,-0.248983,-0.957529,0.145413
0,0,0.823006,-0.118868,0.555456
0,0,0.569775,-0.36542,0.736087
0,0,0.362666,0.623217,0.692874
0,0,-0.433839,-0.74671,0.504191
0,0,-0.737843,0.63898,0.217469
0,0,-0.898573,0.42767,0.0983131
0,0,-0.822986,-0.18132,0.538346
0,0,0.811345,0.0201005,0.584222
0,0,0.647444,-0.741452,0.176252
0,0,0.146976,0.890821,0.429925
0,0,-0.261744,-0.00324815,0.965132
0,0,0.025138,-0.170625,0.985015
0,0,0.962645,0.218815,0.159483
0,0,-0.785049,0.047499,0.61761
0,0,0.676303,0.417982,0.606552
0,0,0.0860091,0.934811,0.344573
5.30102,7.64749,0.361853,0.427107,0.828638
0,0,0.563764,-0.773602,0.289327
0,0,0.395411,-0.748645,0.532147
0,0,-0.48273,0.128724,0.866257
0,0,-0.725862,0.594558,0.345868
0,0,-0.921449,0.21245,0.325263
0,0,0.146134,-0.733666,0.663611
0,0,0.0598353,0.879599,0.471938
0,0,0.126511,-0.496121,0.858987
0,0,-0.289999,-0.954207,0.0734171
11.9039,18.2538,0.658394,0.371723,0.654476
0,0,-0.567277,0.823425,0.0129515
0,0,0.454059,-0.264088,0.850933
0,0,-0.163977,-0.958437,0.233472
0,0,-0.320048,0.865529,0.385265
0,0,-0.592485,0.802531,0.0700424
0,0,0.422563,-0.0777847,0.90299
0,0,0.764696,-0.603273,0.226499
0,0,0.762488,-0.313358,0.566055
0,0,-0.703123,-0.710489,0.0286882
0,0,-0.368492,-0.122449,0.921531
0,0,-0.302433,0.561022,0.770577
0,0,0.670132,0.105198,0.734749
0,0,0.483048,-0.875498,0.0129967
0,0,-0.74505,-0.47159,0.471704
0,0,-0.51635,-0.856156,0.0195
0,0,-0.523762,0.586427,0.617881
0,0,0.732708,-0.220035,0.643991
0,0,0.860209,-0.350772,0.370135
0,0,-0.184167,-0.977709,0.100832
0,0,0.436348,-0.179892,0.881612
0,0,-0.00539954,-0.418101,0.908384
0,0,-0.705184,-0.679549,0.202308
0,0,0.52976,0.847889,0.0209382
0,0,-0.352592,-0.426979,0.832687
0,0,0.738,0.59924,0.310268
0,0,0.678765,0.687521,0.258057
0,0,0.690215,-0.723459,0.0145112
0,0,0.877674,0.383293,0.287705
0,0,-0.487759,0.709763,0.508259
0,0,-0.212781,-0.692446,0.689379
0,0,-0.210965,-0.846262,0.489218
0,0,-0.155935,-0.749054,0.643896
0,0,-0.0783702,0.58047,0.810501
0,0,0.662994,-0.0959964,0.742445
0,0,-0.337965,-0.274027,0.900383
0,0,-0.244056,-0.762383,0.59934
0,0,-0.98702,0.157237,0.0326642
0,0,-0.226909,-0.726434,0.648695
0,0,-0.00786015,-0.930258,0.366821
0,0,0.08681,-0.735472,0.671971
0,0,-0.598762,0.139787,0.788634
0,0,0.379273,-0.0622795,0.923186
0,0,-0.751616,-0.384325,0.536067
0,0,-0.492326,0.818565,0.295916
0,0,-0.164437,0.946328,0.278252
0,0,0.612663,0.0565614,0.788317
0,0,0.241266,-0.43814,0.865924
0,0,0.694044,0.572087,0.437058
0,0,0.538018,-0.181243,0.823218
0,0,0.329128,0.772842,0.542576
0,0,0.625973,0.156043,0.764073
0,0,0.701523,0.673636,0.232551
0,0,0.329886,0.0616479,0.942006
0,0,0.934458,0.354805,0.0300295
0,0,0.387081,0.0309691,0.921526
0,0,0.241134,-0.259032,0.935284
0,0,-0.449952,-0.860918,0.237407
0,0,-0.365318,-0.730962,0.576401
0,0,0.914769,0.30617,0.263546
0,0,-0.792982,0.163617,0.586864
0,0,-0.0834918,0.53952,0.837823
0,0,-0.636733,0.699059,0.325404
0,0,-0.0149835,0.192366,0.981209
0,0,0.207531,-0.666324,0.7162
12.4748,17.6863,-0.0905173,0.0202069,0.99569
0,0,0.528019,0.724624,0.44285
0,0,0.494857,-0.127407,0.859584
0,0,-0.21766,0.853952,0.472642
0,0,-0.603166,-0.727383,0.327269
0,0,0.00207942,-0.931516,0.363695
0,0,-0.231853,-0.912673,0.336559
0,0,0.4452,-0.125004,0.886663
0,0,-0.17611,-0.370428,0.912013
0,0,0.749401,0.64506,0.149321
0,0,-0.788536,-0.48214,0.381774
0,0,0.396796,0.474305,0.785868
0,0,0.362701,-0.593798,0.718229
0,0,0.38015,-0.854155,0.354831
0,0,-0.8576,-0.497635,0.129929
0,0,-0.677201,-0.735221,0.0291341
0,0,-0.529918,-0.78275,0.326327
0,0,-0.0229289,0.785179,0.618845
0,0,0.192515,0.925004,0.327576
0,0,0.761434,0.473591,0.442639
0,0,-0.415937,-0.642131,0.643944
0,0,-0.206356,0.250364,0.945905
0,0,-0.839106,0.351644,0.415027
0,0,-0.801606,0.567802,0.187157
0,0,-0.602987,0.295628,0.740952
0,0,-0.786352,-0.612704,0.0790217
0,0,0.130121,0.810811,0.570661
0,0,-0.415964,-0.550781,0.723612
0,0,0.383202,0.60955,0.693977
0,0,0.867652,0.232661,0.439373
0,0,-0.584073,0.29232,0.757237
0,0,0.308017,0.268849,0.912604
0,0,0.662074,-0.743128,0.0970503
0,0,0.850496,0.518652,0.0875058
0,0,-0.258944,0.101232,0.960573
0,0,0.528165,0.572592,0.627041
0,0,0.842053,-0.533687,0.0782597
0,0,0.57922,0.799022,0.161454
0,0,0.596199,-0.375925,0.709385
0,0,-0.879034,-0.44439,0.172675
0,0,0.56794,-0.192669,0.800202
0,0,0.528974,-0.828165,0.185282
0,0,0.301592,0.841723,0.447821
2.60812,3.94137,-0.185181,0.0333189,0.982139
0,0,-0.595764,0.579526,0.55607
0,0,0.213816,0.649422,0.729749
0,0,-0.581011,-0.363271,0.728327
0,0,0.0391133,0.872766,0.48657
0,0,-0.238375,0.83524,0.495532
0,0,0.0367649,0.456594,0.888915
0,0,0.201968,0.907022,0.369487
0,0,0.60969,-0.63,0.481018
0,0,-0.451747,0.873365,0.182096
0,0,0.666688,0.657331,0.351345
0,0,0.529376,0.842376,0.100813
0,0,0.34058,0.335997,0.878129
0,0,0.578166,0.220929,0.785439
0,0,-0.338656,-0.756568,0.559389
0,0,0.605434,0.376295,0.701321
0,0,0.716616,0.405286,0.567631
0,0,-0.905685,0.103963,0.411006
0,0,0.710916,0.699091,0.0766145
0,0,0.471362,0.856448,0.210511
0,0,0.00979984,0.014233,0.999851
0,0,-0.198573,-0.968157,0.152453
0,0,0.440355,-0.888983,0.125687
0,0,-0.258666,0.965942,0.00687884
0,0,0.86492,-0.266773,0.425141
0,0,-0.912804,-0.391995,0.114577
0,0,0.813938,-0.285051,0.506213
0,0,0.0681133,-0.932931,0.353555
0,0,0.272128,0.95141,0.144104
0,0,0.476227,0.678121,0.559785
0,0,-0.722312,-0.371931,0.583037
0,0,-0.175829,-0.430704,0.885199
0,0,-0.750646,0.478408,0.455692
0,0,-0.576632,0.0220048,0.816708
0,0,-0.558742,0.803021,0.207279
0,0,-0.247719,0.355943,0.901077
0,0,0.917327,-0.344998,0.198715
0,0,-0.335222,0.386536,0.859195
0,0,0.0866893,-0.707363,0.701515
0,0,-0.566676,0.284639,0.773213
0,0,0.599286,0.780696,0.177116
0,0,-0.246488,0.86432,0.438401
0,0,-0.397398,0.370898,0.839351
0,0,-0.635825,0.770847,0.0390083
0,0,-0.729448,0.285342,0.62168
0,0,-0.856419,-0.31151,0.411714
0,0,0.702931,0.673224,0.22947
0,0,-0.540936,-0.161446,0.825423
0,0,-0.210507,0.43281,0.876563
0,0,-0.945128,0.0230375,0.325886
0,0,-0.386816,-0.796645,0.464468
0,0,-0.592667,-0.355912,0.722546
0,0,0.481161,-0.834048,0.269905
0,0,-0.745006,-0.518311,0.419904
0,0,0.708585,0.435413,0.555269
0,0,-0.751298,0.235096,0.616669
0,0,0.26284,0.309099,0.913987
0,0,-0.547987,0.462218,0.697183
0,0,-0.699853,-0.551919,0.453421
0,0,0.30878,0.381368,0.871329
0,0,0.795301,0.20485,0.570554
0,0,-0.291034,-0.871088,0.395607
0,0,-0.93369,-0.357601,0.0185808
0,0,0.53109,0.679563,0.506099
0,0,0.487759,-0.553061,0.675436
0,0,0.856474,0.20181,0.475105
0,0,-0.0259398,0.232128,0.972339
0,0,-0.696451,-0.623463,0.355317
0,0,0.0609337,0.421849,0.904616
18.9891,29.8895,0.736819,0.509326,0.444618
0,0,0.124629,-0.583164,0.802737
0,0,-0.663853,0.471762,0.580293
0,0,0.935642,0.312724,0.163641
0,0,0.145619,-0.978467,0.146282
0,0,0.503183,-0.67388,0.541011
0,0,0.110045,0.724654,0.68027
0,0,-0.445518,0.568835,0.691332
0,0,-0.85184,-0.448263,0.270979
0,0,0.960968,0.276627,0.00422996
0,0,-0.763187,0.590944,0.261402
0,0,0.7996,-0.0687483,0.596584
0,0,0.683398,-0.644433,0.343036
0,0,-0.272976,-0.852167,0.446425
0,0,-0.222103,0.884146,0.411042
0,0,0.662903,0.419566,0.6201
0,0,-0.151235,-0.965481,0.212071
0,0,0.638033,0.465903,0.613065
0,0,-0.819709,-0.48094,0.311085
0,0,0.229884,0.542722,0.80784
0,0,-0.801001,0.0117827,0.598547
0,0,-0.244518,-0.258221,0.93463
0,0,-0.441095,0.780287,0.443382
0,0,-0.190137,0.884338,0.426373
24.0896,33.7155,0.0454601,0.161832,0.985771
0,0,-0.493641,0.675344,0.547932
0,0,-0.0836353,-0.653407,0.752373
0,0,-0.0807175,0.452249,0.888232
0,0,-0.760576,0.61223,0.216099
0,0,0.438105,-0.651331,0.619542
24.0009,33.7307,-0.571386,-0.150179,0.806824
0,0,-0.307726,-0.682714,0.662727
0,0,-0.946569,0.0763949,0.313322
0,0,0.758182,-0.586116,0.285706
0,0,0.508145,0.453151,0.732422
0,0,0.961157,-0.207104,0.18244
0,0,0.082253,-0.881195,0.465543
0,0,0.533932,0.843262,0.0618576
0,0,-0.865629,-0.495338,0.0729793
0,0,-0.088229,0.551722,0.829348
0,0,-0.532206,0.193072,0.824306
0,0,0.656367,-0.625728,0.421482
0,0,-0.774601,0.60864,0.171905
0,0,0.115955,-0.521142,0.845556
0,0,0.679906,-0.0609937,0.730758
0,0,0.865428,-0.462648,0.192333
0,0,-0.10412,0.97436,0.199456
0,0,0.213487,0.947484,0.238112
0,0,-0.274195,0.533317,0.800244
0,0,-0.582946,-0.151108,0.798336
0,0,0.168962,-0.281683,0.944514
0,0,-0.588602,-0.808106,0.0226313
0,0,-0.12347,0.982937,0.136342
0,0,-0.948802,0.0239448,0.314963
0,0,0.366423,0.707161,0.604697
0,0,-0.517798,0.748226,0.414781
0,0,0.347778,0.249204,0.903852
0,0,-0.557557,0.366394,0.744906
0,0,0.159885,-0.351497,0.922435
0,0,-0.860076,-0.442176,0.254458
0,0,0.0857382,0.834962,0.543588
0,0,-0.768099,0.615172,0.177729
0,0,-0.992585,-0.0693621,0.0998235
23.0083,32.2845,-0.999673,-0.000530116,-0.0255541
0,0,-0.934848,-0.339965,0.10239
0,0,0.0855647,-0.664011,0.742811
0,0,-0.0136186,0.619266,0.785063
0,0,-0.710222,0.365864,0.601439
0,0,-0.168046,0.813367,0.556951
0,0,-0.200874,0.892933,0.402891
0,0,0.911045,-0.393293,0.123766
0,0,-0.862315,-0.503123,0.0572804
0,0,-0.018106,-0.323108,0.946189
0,0,-0.332777,-0.918143,0.215113
0,0,-0.206599,0.163517,0.964665
0,0,0.161208,-0.91798,0.362387
0,0,0.152452,0.986481,0.0601139
0,0,0.328174,0.692888,0.642035
0,0,-0.914533,-0.404152,0.0170614
0,0,0.119824,0.797959,0.590681
0,0,-0.834651,-0.252738,0.489368
0,0,0.311024,0.826463,0.469279
0,0,-0.486434,0.706502,0.51404
0,0,0.772953,-0.0848592,0.628762
0,0,0.150989,-0.118002,0.981467
0,0,-0.0411682,0.699298,0.713643
0,0,0.311267,-0.158487,0.937014
1.21658,2.32394,-0.152298,0.118436,0.981213
0,0,0.409985,-0.0863698,0.907994
0,0,-0.481315,-0.801342,0.355227
0,0,0.883836,0.410376,0.224555
0,0,0.141958,0.585047,0.798479
0,0,0.337165,-0.329505,0.881899
0,0,-0.337871,0.436303,0.833956
0,0,0.659372,0.0796282,0.747588
0,0,0.176489,-0.911276,0.372059
0,0,-0.906887,-0.088272,0.412024
0,0,-0.955143,0.0983559,0.279336
0,0,0.0657288,0.978752,0.194227
0,0,-0.118524,0.73822,0.664066
0,0,0.00935217,0.408873,0.912543
0,0,0.629589,0.63258,0.451066
0,0,-0.614505,0.430517,0.661089
0,0,0.361721,-0.611667,0.703577
0,0,0.370219,-0.318612,0.872596
0,0,-0.275436,-0.66242,0.69666
0,0,0.267323,0.485883,0.83214
0,0,-0.493432,0.781105,0.382623
0,0,-0.0229897,-0.88491,0.465195
0,0,0.926189,-0.303738,0.223424
0,0,-0.267976,0.560398,0.783673
0,0,0.368285,-0.184724,0.911177
0,0,-0.816673,0.248652,0.520786
0,0,0.0133629,-0.524063,0.851575
0,0,-0.435228,-0.36439,0.823284
0,0,0.371763,-0.511548,0.774668
0,0,0.449886,-0.878252,0.162099
0,0,-0.649693,0.587912,0.481933
0,0,0.245907,0.219744,0.944056
0,0,0.387038,0.745857,0.542124
0,0,0.925044,-0.0385214,0.377903
15.1361,22.7974,0.610287,0.0590136,0.789979
0,0,0.554434,-0.791115,0.25834
0,0,0.496517,0.867554,0.028632
0,0,-0.910387,-0.34466,0.22892
0,0,0.165245,-0.906763,0.387912
0,0,0.610974,-0.675154,0.413375
0,0,0.805062,0.242459,0.541377
0,0,-0.174309,0.371063,0.912101
0,0,0.0549558,0.604509,0.7947
0,0,-0.299467,0.877942,0.373548
0,0,0.392281,-0.915851,0.0856356
0,0,0.631948,-0.616296,0.469915
0,0,-0.405563,-0.855429,0.322118
0,0,-0.267751,-0.249276,0.930683
0,0,0.735735,0.665367,0.126419
0,0,-0.517756,-0.708298,0.479836
0,0,-0.0318252,0.998944,0.033143
0,0,0.884833,0.12334,0.449286
0,0,0.715084,-0.218871,0.663891
0,0,-0.224023,-0.955452,0.192157
0,0,0.104542,-0.867512,0.486307
0,0,-0.742315,0.597629,0.303
0,0,0.760358,0.506793,0.406223
0,0,0.505212,0.312896,0.804274
0,0,0.551021,0.111933,0.826951
0,0,-0.514961,-0.692531,0.505188
0,0,-0.709942,0.69075,0.137283
0,0,0.908562,0.187576,0.373271
0,0,-0.660369,0.456781,0.59604
0,0,-0.911896,-0.17747,0.370069
0,0,-0.165319,-0.968036,0.188618
0,0,-0.997312,0.0510096,0.0526074
0,0,-0.92586,-0.264266,0.270088
0,0,0.616531,0.677148,0.401695
0,0,-0.859627,-0.509882,0.0325648
0,0,-0.931016,0.154817,0.330516
0,0,-0.507121,0.847139,0.158695
0,0,-0.760126,0.640252,0.110841
0,0,-0.672631,-0.713907,0.194691
0,0,-0.386834,0.134704,0.912258
10.9459,14.5822,0.229252,-0.465777,-0.85469
0,0,-0.348356,0.0377249,0.936603
0,0,0.750228,-0.654744,0.0920214
0,0,-0.793198,0.23882,0.560181
0,0,-0.0749882,-0.513862,0.854589
0,0,0.969048,-0.134641,0.206925
0,0,-0.518211,-0.55298,0.652435
0,0,-0.298445,0.829277,0.472472
0,0,0.869879,-0.463914,0.167614
0,0,0.621817,0.780546,0.0639633
0,0,-0.796818,-0.39624,0.456152
0,0,-0.723024,-0.608414,0.327214
0,0,0.898175,-0.394879,0.193267
0,0,0.729162,-0.658727,0.185474
0,0,-0.457361,-0.811896,0.362829
0,0,0.196545,0.928637,0.314649
0,0,-0.953766,0.245164,0.173852
0,0,0.00232972,-0.877319,0.479901
0,0,-0.389819,0.905292,0.168785
21.7913,29.8386,0.602389,-0.530465,0.596435
0,0,-0.719941,0.0624388,0.691221
0,0,-0.957757,-0.062893,0.280616
0,0,-0.114887,-0.875157,0.470001
0,0,-0.482916,-0.786216,0.38556
0,0,-0.884289,-0.463018,0.0603931
0,0,-0.0282462,0.962141,0.271086
0,0,-0.486311,-0.272221,0.830299
0,0,-0.496093,-0.331983,0.802296
0,0,0.51741,0.845563,0.13157
0,0,0.409072,0.397073,0.821579
0,0,-0.0432415,-0.165888,0.985196
0,0,0.490434,-0.676793,0.549023
22.1985,31.3564,0.0478834,-0.701701,0.71086
0,0,0.308371,-0.26431,0.913809
0,0,0.415812,0.85059,0.321864
0,0,0.768242,0.480774,0.422682
0,0,-0.742309,-0.0392026,0.66891
0,0,-0.932495,0.334982,0.135058
0,0,-0.867693,0.481165,0.124861
0,0,0.178745,-0.854353,0.487987
0,0,0.50716,0.861685,0.0169729
0,0,-0.725848,-0.668261,0.163007
0,0,-0.671404,-0.697493,0.250438
0,0,-0.792882,-0.204273,0.574118
0,0,0.246797,-0.59283,0.76658
0,0,-0.0184893,0.962157,0.271866
0,0,-0.835942,0.06595,0.544841
0,0,-0.27181,-0.740251,0.614937
0,0,0.34124,0.570682,0.746912
0,0,-0.0962446,-0.972891,0.210284
0,0,-0.532763,0.809533,0.246616
0,0,0.883066,-0.360555,0.300325
0,0,-0.13354,0.897853,0.419555
0,0,0.480767,0.696873,0.532195
0,0,0.581944,-0.284418,0.761871
0,0,-0.68186,0.553941,0.477719
0,0,0.208594,0.771155,0.601505
0,0,0.41629,0.869308,0.266472
0,0,0.885786,-0.376605,0.271205
0,0,0.0472474,0.788037,0.613812
0,0,-0.58636,0.0799331,0.806097
0,0,-0.247368,0.956328,0.155713
0,0,0.576199,0.0590843,0.815171
0,0,-0.356154,0.00434034,0.934417
0,0,-0.197777,-0.813627,0.546714
0,0,-0.789414,-0.554533,0.263283
0,0,-0.400592,0.593477,0.698077
0,0,0.702754,-0.523895,0.481322
0,0,-0.319514,0.947489,0.0132222
0,0,0.593483,0.228608,0.771697
0,0,0.680103,-0.53109,0.505374
0,0,-0.425493,-0.899307,0.101006
0,0,0.726058,0.612269,0.312995
0,0,-0.806132,0.471749,0.357217
0,0,-0.76604,0.476273,0.43168
0,0,-0.727152,0.63961,0.249298
0,0,0.203255,0.900281,0.384943
0,0,-0.280285,-0.942173,0.183714
0,0,0.711492,-0.639584,0.291052
0,0,0.581745,0.223009,0.782202
0,0,0.313102,-0.888473,0.335533
0,0,0.70177,-0.379594,0.60285
16.3051,23.0424,-0.0310227,0.345534,0.937893
0,0,0.383338,0.0236786,0.923305
0,0,0.528657,0.0562705,0.846968
0,0,-0.074574,-0.797984,0.598048
0,0,-0.187707,0.886606,0.422724
0,0,-0.820726,0.217458,0.528319
0,0,0.899857,0.28753,0.327998
0,0,0.446711,0.835722,0.319403
0,0,-0.248543,0.83711,0.487312
0,0,0.0725843,0.848973,0.523427
0,0,0.929453,0.343947,0.133482
0,0,-0.595476,-0.751875,0.283006
0,0,-0.275396,0.79507,0.540389
0,0,-0.43844,0.332748,0.834895
0,0,-0.276409,-0.769581,0.575625
0,0,-0.947628,-0.211104,0.239658
0,0,0.195192,-0.931365,0.307343
0,0,-0.158362,0.725466,0.669792
0,0,-0.0835309,0.993274,0.0801778
0,0,0.964763,0.181765,0.190249
0,0,0.35212,0.550447,0.756981
0,0,0.35086,0.545762,0.760947
0,0,0.802204,-0.579782,0.142557
0,0,0.719385,0.598395,0.352718
0,0,-0.403661,-0.908829,0.105298
0,0,-0.918914,0.394379,0.00789254
0,0,0.950601,0.304644,0.0595844
0,0,-0.104815,0.448377,0.887678
0,0,0.0331184,0.970132,0.240305
21.7191,31.716,-0.617806,0.48397,0.619749
0,0,-0.251605,-0.228691,0.940423
0,0,-0.470269,-0.508017,0.721641
0,0,0.360633,-0.671641,0.64718
0,0,-0.501221,-0.16211,0.849999
0,0,-0.893347,0.119728,0.433124
0,0,0.839514,-0.543254,0.0095861
0,0,0.943661,-0.313126,0.107037
0,0,-0.103293,-0.196205,0.975107
0,0,0.141437,-0.989259,0.0369026
0,0,-0.872735,0.162272,0.460436
0,0,0.22447,-0.452614,0.862991
0,0,0.845505,0.390475,0.364212
0,0,-0.806295,0.468333,0.361321
0,0,-0.280845,-0.783817,0.553856
0,0,0.421325,0.269428,0.865964
0,0,-0.450835,-0.850506,0.2709
0,0,-0.210961,0.561715,0.799982
0,0,0.723662,-0.509034,0.466045
0,0,-0.276582,0.958679,0.0666092
0,0,0.137448,0.959924,0.24424
0,0,0.667293,-0.555978,0.495589
0,0,0.432168,-0.771237,0.467359
0,0,-0.381466,0.815892,0.434515
0,0,-0.220777,0.241046,0.945068
0,0,-0.842807,-0.512213,0.165271
0,0,0.92172,-0.373706,0.103809
0,0,0.681367,0.714407,0.15925
0,0,-0.737591,-0.673554,0.047802
0,0,0.545762,-0.74439,0.384744
19.8361,27.5387,-0.864813,-0.376559,0.332117
0,0,0.89927,-0.306594,0.311951
0,0,0.223535,-0.959692,0.170363
0,0,0.568342,-0.564014,0.599062
0,0,0.293302,0.818091,0.494673
0,0,-0.611722,-0.504731,0.609133
0,0,0.334264,-0.696642,0.634789
0,0,-0.749755,0.43666,0.497188
0,0,0.456644,0.402268,0.793509
0,0,-0.953426,-0.209496,0.217004
0,0,-0.920499,0.0565128,0.386636
0,0,-0.900116,-0.322682,0.29269
0,0,-0.154797,0.49862,0.852887
0,0,0.74541,0.216056,0.630621
0,0,0.451956,0.520565,0.724395
0,0,-0.649131,-0.437441,0.622314
0,0,0.533805,0.241617,0.810354
0,0,0.754702,-0.582387,0.302078
0,0,0.238593,-0.613764,0.752574
0,0,-0.829997,0.382277,0.406163
11.3952,17.597,-0.631908,0.677299,0.376774
0,0,0.743799,0.0771048,0.663941
0,0,-0.634652,0.523412,0.568557
0,0,-0.881888,0.2082,0.422998
0,0,-0.704843,0.511332,0.491667
0,0,0.791281,-0.594061,0.144794
0,0,-0.135403,-0.967564,0.213275
0,0,-0.919953,0.0903253,0.381482
0,0,0.729657,-0.228833,0.644388
0,0,0.997305,0.0704019,0.0206492
0,0,0.211367,0.968988,0.128007
0,0,-0.932925,-0.359497,0.0203212
0,0,0.155251,0.715198,0.681461
0,0,0.237552,-0.194006,0.951804
21.4464,28.451,0.986385,-0.0869517,-0.139583
0,0,0.898109,-0.0606329,0.435572
0,0,0.762733,-0.520947,0.383213
0,0,0.837851,0.516828,0.175769
0,0,-0.536928,-0.359483,0.763204
0,0,0.740711,-0.551521,0.383631
0,0,0.161661,0.382719,0.909611
0,0,-0.530644,0.311201,0.788398
0,0,0.553182,0.801122,0.228459
0,0,-0.426774,0.541633,0.724222
0,0,-0.250312,-0.789689,0.56012
0,0,-0.936177,0.0663948,0.345201
17.9201,25.4021,0.18229,0.652842,0.735233
0,0,-0.896728,-0.360237,0.257114
0,0,0.573072,0.756861,0.314244
0,0,-0.130912,-0.806963,0.57591
0,0,-0.0329305,-0.990538,0.133231
0,0,-0.980183,-0.197747,0.0117531
0,0,-0.306704,0.501355,0.809058
0,0,0.644723,-0.00508824,0.7644
0,0,-0.0189016,-0.831758,0.554816
0,0,-0.361011,0.567953,0.739662
0,0,-0.368782,0.924981,0.0917033
0,0,0.37727,-0.418563,0.826119
0,0,0.266616,-0.310237,0.912507
0,0,-0.621534,0.660003,0.422008
0,0,0.0490056,-0.0778252,0.995762
0,0,-0.231896,0.676691,0.698795
0,0,-0.32137,-0.730822,0.60218
0,0,-0.298747,-0.723965,0.621792
0,0,0.978902,-0.152854,0.135596
0,0,0.166346,0.708812,0.685503
0,0,0.560303,0.820327,0.114562
0,0,-0.392898,-0.642046,0.658337
0,0,-0.391927,-0.666521,0.634147
0,0,0.708064,-0.695409,0.122688
0,0,0.370054,-0.368536,0.852784
0,0,0.867533,-0.0206789,0.49695
0,0,0.647539,-0.748435,0.143314
0,0,0.851326,0.0961876,0.515744
0,0,-0.402561,0.79897,0.446757
0,0,-0.754298,0.379396,0.535811
0,0,0.457163,0.180526,0.870869
0,0,0.0733313,-0.618451,0.782394
0,0,0.839122,0.528809,0.127415
0,0,-0.877605,0.399725,0.26463
0,0,-0.728631,0.366943,0.578316
0,0,0.365731,-0.883692,0.292111
12.1531,15.9134,-0.106636,0.930928,0.349288
0,0,0.472383,-0.636567,0.60962
0,0,0.793283,-0.479256,0.37552
0,0,-0.73732,0.167366,0.654483
0,0,0.648772,0.640235,0.411332
0,0,-0.321898,0.538981,0.778384
0,0,0.283566,-0.9033,0.321931
0,0,-0.779589,-0.626239,0.00813413
0,0,0.978434,0.199967,0.0517647
0,0,0.25566,0.00682623,0.966743
0,0,0.45654,0.868756,0.19192
0,0,-0.80708,-0.404964,0.429681
0,0,0.227418,-0.279163,0.932925
0,0,-0.919652,-0.388617,0.0567148
0,0,0.832375,0.266462,0.485952
9.12983,13.9089,-0.192048,0.324731,-0.926103
0,0,-0.21251,-0.42731,0.878775
0,0,-0.0601168,-0.595473,0.801123
0,0,0.327966,0.919335,0.217395
0,0,0.598864,0.497997,0.627185
0,0,0.204944,0.959133,0.195096
0,0,-0.321533,0.601695,0.73115
0,0,-0.317484,-0.381407,0.868178
0,0,0.265679,0.27292,0.924624
0,0,-0.192491,-0.920179,0.340907
0,0,0.777829,0.434426,0.454155
0,0,-0.957828,-0.0808492,0.275735
0,0,0.815628,-0.577474,0.0357044
0,0,-0.514885,-0.319571,0.795467
0,0,-0.409627,-0.817054,0.405745
0,0,0.195036,-0.847728,0.493273
0,0,0.690245,-0.0154896,0.72341
0,0,0.859148,0.498627,0.115051
0,0,0.0703121,-0.797179,0.599635
0,0,-0.764132,-0.606086,0.22082
0,0,-0.881482,0.203547,0.426096
0,0,0.584778,0.108746,0.803871
0,0,0.916572,0.273707,0.291515
0,0,-0.660349,-0.313699,0.682299
0,0,0.121407,-0.991917,0.0369026
0,0,0.410096,-0.351418,0.841621
0,0,-0.993163,-0.0245978,0.114114
0,0,0.544463,0.553682,0.630076
0,0,-0.671634,0.72355,0.15932
0,0,-0.276863,-0.696533,0.661958
0,0,-0.611952,0.442715,0.655376
0,0,0.897175,-0.302622,0.321709
0,0,0.614181,0.586167,0.528384
0,0,0.737909,0.277685,0.615127
0,0,0.525091,-0.823183,0.215984
0,0,0.281709,-0.595279,0.752517
0,0,0.965724,0.210505,0.151871
0,0,0.700429,0.1935,0.686991
0,0,-0.42826,0.581043,0.692085
0,0,0.609519,0.185954,0.770654
0,0,0.174299,0.359203,0.916839
0,0,-0.794723,-0.0472937,0.605128
0,0,-0.899357,-0.437204,0.00322542
0,0,0.992962,-0.0504823,0.107132
0,0,-0.837458,-0.527291,0.143624
0,0,0.0315216,0.461769,0.88644
0,0,-0.264329,-0.822698,0.503287
0,0,-0.114767,-0.986865,0.113694
0,0,-0.0848892,0.550545,0.830478
0,0,-0.415271,0.547655,0.726377
0,0,-0.640154,-0.65462,0.40209
0,0,0.105192,0.99417,0.0236808
0,0,0.875091,-0.386737,0.290947
0,0,-0.492276,0.259817,0.830758
0,0,0.8957,-0.29452,0.333137
0,0,0.288004,-0.943835,0.161956
0,0,-0.847856,-0.0342798,0.529118
0,0,-0.906045,-0.371412,0.20282
0,0,-0.618502,-0.200301,0.759825
0,0,-0.989685,-0.00746924,0.143068
0,0,-0.582669,-0.801189,0.136355
0,0,0.855991,0.0569235,0.513847
0,0,-0.820879,-0.276153,0.499896
0,0,0.240354,-0.586067,0.773793
0,0,0.537633,-0.841385,0.0549714
0,0,0.313211,0.414339,0.854531
0,0,-0.796485,-0.544023,0.263914
0,0,0.844903,0.225082,0.48526
0,0,0.665567,-0.554374,0.499691
0,0,0.669742,0.317856,0.671128
0,0,0.133595,-0.99101,0.00717636
0,0,-0.93578,-0.115777,0.333034
0,0,0.618463,-0.757659,0.208461
0,0,0.47613,0.804267,0.355606
0,0,-0.111295,-0.993642,0.0170266
0,0,0.682768,0.490934,0.54112
0,0,-0.396947,0.433931,0.808787
0,0,-0.701847,-0.693027,0.164693
0,0,0.718449,-0.189024,0.669403
23.4854,34.5331,0.247242,0.000636046,0.968954
0,0,-0.95054,0.283606,0.126657
0,0,-0.355699,-0.896019,0.26576
0,0,-0.0871289,-0.972436,0.216281
0,0,-0.233162,0.464269,0.854453
0,0,0.765156,-0.0527251,0.641682
0,0,0.879976,-0.338231,0.333529
0,0,-0.690133,-0.535801,0.48645
0,0,-0.63567,0.701305,0.322639
0,0,0.965891,-0.230294,0.118404
0,0,-0.600769,-0.354745,0.716403
0,0,0.496236,-0.728322,0.472544
0,0,-0.631393,-0.105084,0.76831
0,0,0.532676,-0.265274,0.80367
0,0,-0.275575,-0.960229,0.0449369
0,0,0.795305,0.00574115,0.606183
0,0,-0.611481,-0.311152,0.727513
0,0,-0.748225,0.459779,0.478292
0,0,0.387251,0.337545,0.857963
0,0,-0.801628,0.57868,0.150076
0,0,-0.261791,-0.958815,0.110181
0,0,-0.564923,-0.824187,0.0397251
0,0,0.241,-0.547946,0.801046
0,0,0.898863,-0.437623,0.0230649
0,0,-0.900157,0.43472,0.0271435
0,0,-0.607797,0.218588,0.763414
0,0,-0.674889,0.54558,0.496859
0,0,0.129971,-0.689566,0.712464
0,0,0.0963185,0.923467,0.371391
0,0,-0.48511,-0.834578,0.261051
0,0,0.595601,-0.353759,0.721189
0,0,0.416873,0.588903,0.692394
0,0,0.820127,-0.331632,0.466275
0,0,0.239475,-0.74924,0.617488
0,0,0.678053,0.403152,0.614584
0,0,-0.723495,0.574761,0.382367
0,0,0.805316,-0.590441,0.0533373
4.32891,5.26208,-0.0749028,0.299141,0.951265
0,0,-0.569931,-0.242341,0.785143
7.37808,10.3389,0.904513,0.0883902,0.417186
0,0,0.418742,0.0669014,0.905638
0,0,0.809869,-0.514131,0.282456
0,0,-0.557178,-0.765148,0.322647
0,0,-0.707382,0.631483,0.317554
0,0,0.475776,0.132845,0.869477
0,0,0.84245,0.387862,0.373954
15.9886,23.0888,0.0348049,0.666445,0.744741
0,0,-0.712864,-0.275699,0.644837
0,0,-0.262587,0.956161,0.129634
0,0,-0.348138,0.840099,0.415973
0,0,-0.379029,0.878092,0.292048
0,0,0.152906,-0.986241,0.0628388
0,0,-0.67791,0.728369,0.0995818
0,0,-0.747246,0.503134,0.434143
0,0,0.746345,-0.119558,0.654733
0,0,-0.349456,-0.110403,0.930426
0,0,0.311851,-0.481591,0.819035
0,0,-0.683781,-0.304902,0.662931
0,0,-0.688234,-0.478434,0.545376
0,0,-0.302046,0.952425,0.0406851
24.0255,33.977,0.85448,-0.274298,-0.441163
0,0,-0.29183,0.337736,0.894857
0,0,-0.170314,0.979824,0.104582
0,0,-0.240529,0.539207,0.807095
0,0,-0.705104,-0.708186,0.0360816
0,0,0.646031,0.651479,0.397767
0,0,-0.748934,-0.611164,0.256079
0,0,-0.556905,-0.0280253,0.830103
0,0,-0.147495,0.400323,0.904426
0,0,-0.40162,0.908854,0.112635
0,0,-0.0321612,0.988096,0.150439
0,0,-0.889109,-0.455327,0.046494
0,0,-0.56858,-0.795839,0.208222
0,0,-0.229781,-0.827862,0.511708
0,0,-0.180187,-0.635498,0.750783
0,0,-0.458901,0.4832,0.745606
0,0,-0.715787,-0.560296,0.416795
12.4091,19.2498,0.325694,-0.434651,0.839644
0,0,0.268423,0.962341,0.0429897
10.4996,15.976,0.339822,-0.0737155,0.937596
0,0,0.779363,0.619886,0.0912922
0,0,-0.522751,0.681744,0.511817
0,0,-0.238865,-0.0904846,0.966828
0,0,0.591346,0.70703,0.387839
0,0,0.670302,-0.0862305,0.737062
0,0,0.923808,0.181319,0.337198
0,0,0.687187,0.508844,0.51851
0,0,-0.437995,-0.203353,0.875676
0,0,-0.147072,-0.145625,0.978347
0,0,-0.111416,0.954531,0.276509
0,0,0.616205,-0.535903,0.577148
0,0,0.67567,-0.722936,0.144339
0,0,0.542782,0.49226,0.680491
0,0,-0.481206,0.852081,0.20591
0,0,-0.197961,-0.429945,0.880885
0,0,-0.0972161,0.948854,0.300374
0,0,0.0774158,-0.959094,0.272297
8.59459,13.5218,-0.262942,0.42657,0.86539
0,0,-0.529339,0.750884,0.394935
0,0,0.134118,0.976187,0.1705
0,0,0.378407,-0.699438,0.606296
0,0,-0.847151,-0.370586,0.38079
0,0,0.657196,0.664963,0.35485
0,0,0.476386,-0.627486,0.615888
0,0,-0.253357,0.743223,0.619218
0,0,0.0364763,0.585206,0.810064
0,0,0.484856,-0.669798,0.562393
0,0,-0.133663,-0.974696,0.179169
0,0,-0.924329,-0.378842,0.0457609
0,0,-0.24671,-0.393697,0.885515
0,0,-0.361917,0.65046,0.667771
0,0,-0.582785,0.0020958,0.812624
0,0,-0.426558,-0.304114,0.8518
0,0,-0.1432,0.753892,0.641202
0,0,-0.906431,0.409627,0.1029
0,0,-0.083079,-0.17725,0.980653
0,0,-0.403083,-0.78957,0.462712
0,0,-0.769523,-0.4212,0.480025
0,0,0.589464,0.776054,0.224217
0,0,-0.312225,0.818564,0.482151
0,0,0.833724,0.470623,0.288821
0,0,-0.123462,-0.981746,0.144679
0,0,0.445736,0.845789,0.29319
0,0,0.700995,0.711247,0.0522817
0,0,-0.817393,0.292308,0.496412
0,0,-0.54997,-0.695326,0.462661
0,0,0.0638694,0.964967,0.25448
0,0,-0.608633,0.788508,0.0884356
0,0,-0.730203,0.4609,0.504356
0,0,0.915403,-0.181389,0.359353
0,0,0.735745,-0.651606,0.184633
0,0,0.463543,0.681505,0.566285
0,0,0.732618,0.680527,0.0123814
0,0,0.696191,0.717418,0.0250709
0,0,-0.917754,0.175815,0.356115
0,0,0.12887,-0.888567,0.440273
0,0,0.846539,0.359974,0.392161
0,0,-0.301009,0.202638,0.931843
0,0,0.475566,-0.176919,0.861706
0,0,-0.299236,0.65501,0.693844
0,0,0.652285,0.726529,0.216053
0,0,0.107472,0.383481,0.917274
0,0,0.0520354,-0.742438,0.667891
0,0,-0.543069,-0.828421,0.137094
0,0,0.246736,-0.361551,0.899112
0,0,-0.140788,0.392556,0.908889
0,0,-0.921322,0.388667,0.010206
0,0,-0.576698,0.772075,0.267059
0,0,0.878951,0.29239,0.376767
0,0,0.665179,0.440004,0.603269
0,0,-0.529907,-0.330832,0.780864
0,0,0.189496,0.577243,0.794281
0,0,-0.142791,0.833791,0.533295
0,0,-0.591567,0.49611,0.63555
0,0,-0.925068,0.379471,0.0158095
0,0,-0.250788,-0.220761,0.942534
0,0,0.0491416,-0.831448,0.553425
0,0,-0.181194,-0.828384,0.530046
0,0,-0.259034,0.793779,0.550287
0,0,-0.576699,0.0942505,0.811502
22.4744,30.9709,-0.934653,-0.0092223,-0.355441
0,0,0.808809,0.362591,0.462986
0,0,-0.888761,0.431589,0.154386
0,0,0.494793,-0.259314,0.829419
0,0,-0.0717825,-0.753302,0.653745
0,0,0.866686,0.48836,0.101784
0,0,0.95847,0.113393,0.26168
0,0,-0.786026,0.16106,0.596844
0,0,-0.174478,0.944309,0.278993
0,0,0.0102242,-0.880868,0.473251
0,0,0.732303,-0.197593,0.651682
0,0,-0.739147,0.671814,0.0482424
0,0,-0.0411563,-0.974429,0.220894
0,0,0.00834026,-0.936089,0.351664
0,0,-0.877679,0.0450603,0.477125
0,0,-0.644096,0.66033,0.386142
0,0,-0.329459,-0.807818,0.48876
0,0,-0.529652,0.838822,0.125882
0,0,0.0861623,-0.122416,0.988732
0,0,0.757365,0.378496,0.532109
0,0,0.549066,0.337078,0.764791
0,0,-0.215517,0.939419,0.266542
0,0,-0.0155549,-0.978717,0.204624
0,0,-0.381576,-0.890138,0.249107
0,0,0.115429,-0.643163,0.756979
0,0,0.592738,-0.10799,0.798123
0.862203,0.674108,0.220107,-0.176906,0.9593
0,0,0.467066,-0.856815,0.218444
0,0,0.947691,-0.318761,0.0165569
0,0,0.179175,0.787335,0.589915
19.7183,29.6061,0.591268,-0.175556,0.787135
0,0,0.968302,0.245501,0.0460572
0,0,-0.424164,-0.772141,0.473163
0,0,0.837541,-0.411144,0.359842
0,0,-0.595112,-0.00238504,0.803639
0,0,0.651703,-0.641612,0.404496
0,0,-0.291755,0.948435,0.123893
0,0,-0.855719,-0.205803,0.474753
0,0,0.0995377,-0.327185,0.939703
0,0,-0.40373,0.312537,0.859839
0,0,-0.140833,-0.716451,0.683274
0,0,-0.158334,0.845128,0.510577
0,0,0.23426,-0.393087,0.88916
0,0,-0.832934,0.432508,0.345193
0,0,-0.174224,0.638839,0.749353
0,0,0.281036,0.856649,0.432633
0,0,-0.337079,0.885767,0.319051
0,0,-0.0480107,0.762162,0.645604
0,0,0.963734,0.135095,0.230144
0,0,-0.432525,-0.0389903,0.900779
0,0,0.197825,0.979341,0.0419028
0,0,-0.960469,0.197963,0.195731
0,0,-0.0693772,-0.207387,0.975796
0,0,-0.109646,0.957894,0.265361
0,0,-0.706339,0.1391,0.694072
0,0,-0.111825,0.860034,0.497831
0,0,-0.0460351,0.970728,0.23573
0,0,0.7214,0.647274,0.246208
0,0,-0.764747,-0.379323,0.520841
0,0,0.535959,-0.78203,0.318084
0,0,0.180278,0.0709276,0.981055
0,0,-0.549155,-0.828596,0.108895
0,0,-0.831265,0.343972,0.436672
0,0,-0.146507,0.494523,0.856728
0,0,0.0550042,-0.890079,0.452475
0,0,-0.911283,0.308107,0.27319
0,0,-0.765357,0.643332,0.0188033
0,0,0.37617,-0.308096,0.873827
0,0,0.525778,-0.483907,0.699565
0,0,0.934776,-0.0382748,0.35317
0,0,-0.00124596,0.520703,0.853737
0,0,0.473885,0.492826,0.729764
0,0,0.143524,-0.809167,0.569781
0,0,-0.783281,0.467443,0.409838
0,0,-0.170476,-0.864672,0.472525
0,0,-0.865583,0.496056,0.0685173
0,0,-0.585915,-0.0441823,0.809167
0,0,-0.273623,-0.909158,0.313947
0,0,0.868963,0.403346,0.286733
0,0,-0.69922,-0.571014,0.430157
0,0,-0.857562,0.433025,0.277627
0,0,-0.637094,0.61688,0.462137
0,0,0.264629,-0.768437,0.582646
0,0,-0.946051,-0.306845,0.104087
0,0,0.122656,-0.744201,0.656598
0,0,-0.878518,-0.308312,0.364897
0,0,0.858045,0.17652,0.482287
0,0,-0.906011,0.193871,0.376242
0,0,-0.269672,-0.0180084,0.962784
0,0,-0.0802389,-0.879508,0.469071
0,0,-0.164015,0.827688,0.536686
0,0,-0.301512,0.0702319,0.950872
0,0,0.296638,-0.887854,0.35174
0,0,-0.195804,-0.444055,0.874343
0,0,0.577598,0.766268,0.281449
0,0,0.621488,-0.783367,0.00937117
0,0,0.282867,-0.959123,0.00827631
0,0,0.879615,0.3871,0.276462
0,0,0.0667107,0.99157,0.111075
0,0,0.284926,0.411882,0.865546
0,0,0.752277,0.214645,0.622902
0,0,0.737103,0.208279,0.642883
0,0,0.533473,0.61507,0.580599
0,0,-0.0309808,-0.157544,0.987026
0,0,-0.158868,0.776947,0.609192
0,0,0.829212,-0.189925,0.525677
0,0,0.063955,0.592426,0.803083
0,0,0.0155312,-0.87046,0.491994
0,0,-0.327913,0.823402,0.463123
0,0,-0.773909,-0.00622666,0.633266
0,0,-0.392012,0.685693,0.613312
0,0,0.470834,-0.187516,0.862063
0,0,0.0126071,-0.709488,0.704605
0,0,0.981103,-0.13446,0.139132
0,0,0.952575,0.198911,0.230296
0,0,0.788421,0.016197,0.614923
0,0,0.768766,-0.399483,0.499412
19.0388,28.2724,0.0990898,-0.112197,0.988733
0,0,0.517263,0.834536,0.189707
0,0,-0.829781,-0.54093,0.137321
0,0,-0.797418,-0.561776,0.220299
0,0,-0.556734,-0.802139,0.215919
0,0,-0.338519,0.155271,0.92806
0,0,0.517626,-0.442448,0.732327
0,0,-0.343016,-0.0608886,0.937354
0,0,-0.0832443,0.964772,0.24957
0,0,-0.465469,-0.605858,0.645194
0,0,-0.301326,-0.481725,0.822887
0,0,-0.603986,0.780873,0.159496
0,0,-0.389748,-0.896405,0.211081
0,0,-0.598798,-0.733169,0.32234
0,0,0.28328,0.773781,0.566582
0,0,-0.697307,-0.320468,0.641142
0,0,-0.865834,-0.487837,0.111118
0,0,0.212815,-0.760124,0.613939
0,0,-0.847291,0.454319,0.275122
0,0,-0.980283,-0.0752147,0.182725
0,0,0.526798,-0.285054,0.800767
0,0,-0.7491,0.651507,0.119948
0,0,-0.300381,-0.93477,0.189676
0,0,0.293095,-0.930429,0.219994
0,0,-0.0857436,0.871903,0.482113
0,0,-0.851961,0.109352,0.512059
0,0,-0.856765,-0.167893,0.487612
0,0,0.100726,-0.730088,0.675889
0,0,0.477137,-0.415161,0.774585
0,0,0.448108,-0.487101,0.749621
0,0,0.295661,-0.763851,0.573687
0,0,-0.96485,0.195173,0.175988
0,0,0.355771,-0.0300318,0.934091
0,0,-0.270751,0.775107,0.570879
0,0,-0.099212,-0.98237,0.15845
0,0,0.372899,-0.623693,0.686989
0,0,0.0529132,-0.0451898,0.997576
0,0,-0.801553,0.363842,0.47448
0,0,0.462065,-0.473692,0.749742
0,0,0.958862,-0.105756,0.263438
0,0,-0.597907,-0.616434,0.512363
0,0,-0.493365,-0.69573,0.522064
0,0,-0.430959,-0.265052,0.862567
0,0,-0.175642,0.847247,0.50132
0,0,-0.75063,-0.660185,0.0266495
0,0,0.368734,-0.925677,0.0846025
0,0,-0.313405,-0.939,0.141623
0,0,-0.903783,-0.0310415,0.426865
0,0,0.307085,0.911519,0.273556
0,0,-0.374781,-0.860379,0.34538
15.1503,18.9726,-0.173961,-0.0311299,0.98426
10.737,15.8783,-0.785799,0.617186,0.0400162
0,0,0.389059,-0.491462,0.779165
0,0,0.283294,-0.935539,0.210979
0,0,-0.70102,-0.675367,0.229021
0,0,0.980573,0.108535,0.163388
0,0,-0.0901743,0.0537303,0.994476
0,0,-0.644934,0.762273,0.0547731
0,0,-0.948288,-0.164046,0.271734
0,0,-0.822461,-0.457832,0.337562
0,0,0.610752,0.294053,0.735198
0,0,0.253407,-0.697192,0.670602
0,0,0.951043,-0.295678,0.0899597
0,0,-0.89166,0.426411,0.152039
0,0,0.886467,-0.45983,0.0522736
0,0,0.878783,0.477222,2.04805e-05
0,0,0.135339,0.286975,0.948329
0,0,0.542127,-0.827561,0.145745
0,0,-0.550253,-0.531892,0.643671
0,0,-0.697778,0.680823,0.22268
0,0,-0.01677,-0.490427,0.871321
0,0,0.558682,-0.380135,0.737137
0,0,0.969626,0.24114,0.040951
0,0,0.112695,0.578408,0.807926
0,0,-0.539149,-0.392762,0.745021
0,0,0.88654,0.320866,0.333304
0,0,-0.867245,-0.0571979,0.494585
0,0,0.112649,0.875736,0.469465
0,0,0.52646,0.716887,0.45707
0,0,-0.60503,-0.570098,0.555812
0,0,0.307268,0.945694,0.106063
0,0,-0.614136,0.671657,0.414384
17.2325,24.1065,0.258076,0.224702,0.939631
0,0,0.812963,0.392714,0.429961
0,0,-0.0903305,-0.966319,0.240974
0,0,-0.943109,0.123416,0.308729
0,0,0.478468,0.564833,0.672333
0,0,0.624586,0.761184,0.174617
0,0,-0.0801304,0.0208808,0.996566
0,0,0.684706,0.307464,0.66079
0,0,-0.166105,0.946434,0.276898
0,0,0.976506,0.215465,0.00339233
0,0,0.826398,-0.459968,0.324801
0,0,-0.655292,0.272573,0.704483
0,0,-0.31608,-0.93687,0.14956
0,0,-0.0350821,-0.996281,0.0786939
0,0,-0.235503,0.510885,0.826762
0,0,-0.966478,-0.107676,0.23308
0,0,-0.159268,-0.976028,0.148332
0,0,0.352301,-0.797646,0.489535
0,0,0.800337,-0.525696,0.288278
0,0,0.612207,-0.593645,0.522291
0,0,-0.777347,-0.538075,0.325894
0,0,-0.770902,-0.460401,0.440159
24.2776,34.5757,-0.194425,0.729447,0.655825
0,0,0.374936,0.804558,0.460554
0,0,0.931385,-0.0671367,0.357792
0,0,-0.0346138,0.975152,0.218815
0,0,-0.845472,0.472663,0.24853
0,0,0.237057,0.824116,0.514428
0,0,0.356927,-0.796571,0.487933
0,0,0.802142,0.597071,0.00857146
0,0,0.61245,-0.246489,0.751098
0,0,-0.646449,0.499408,0.576797
0,0,0.973827,-0.135787,0.18227
0,0,-0.466464,-0.273832,0.841087
0,0,-0.203673,-0.968682,0.142029
0,0,-0.478702,0.600483,0.640519
0,0,0.747111,0.377817,0.546881
0,0,-0.816416,-0.17502,0.550302
0,0,0.704371,0.332273,0.627261
0,0,0.580751,-0.751226,0.313667
0,0,0.31798,0.427056,0.84647
0,0,-0.950396,-0.224305,0.215487
0,0,0.186864,-0.419857,0.888145
0,0,0.333651,0.326105,0.884496
0,0,-0.156657,-0.422259,0.892836
0,0,-0.988757,-0.122585,0.0856259
0,0,-0.0611601,-0.982175,0.177739
0,0,0.901673,-0.422851,0.0904545
0,0,-0.884702,0.457389,0.0899852
0,0,-0.634737,-0.431728,0.640875
0,0,-0.181339,-0.78059,0.59816
0,0,0.753809,0.26008,0.603432
0,0,-0.861678,0.465699,0.201584
0,0,0.948092,-0.312395,0.0594283
0,0,0.0879374,-0.340003,0.936304
0,0,0.99614,-0.0681431,0.0553303
0,0,-0.875923,-0.407397,0.258431
0,0,0.488247,-0.848603,0.203686
0,0,-0.243696,-0.747503,0.617942
0,0,-0.9575,-0.115068,0.264487
0,0,0.154376,-0.91284,0.378009
0,0,0.588348,0.52575,0.614356
0,0,0.311078,-0.264682,0.912784
0,0,0.547141,0.739192,0.392725
0,0,0.866572,0.354588,0.351171
0,0,0.801531,0.364501,0.474011
0,0,0.493165,-0.346763,0.797837
0,0,-0.426121,0.604565,0.672995
0,0,-0.429712,0.902779,0.018372
0,0,0.884771,-0.465571,0.0205847
0,0,0.00116146,0.0233787,0.999726
0,0,-0.0574932,-0.873467,0.483476
0,0,-0.248936,-0.390663,0.886236
4.93819,6.77312,-0.129603,0.19039,0.973116
0,0,0.354328,0.599553,0.717627
0,0,0.237665,0.314275,0.919101
0,0,-0.117584,0.92444,0.362746
22.2074,33.5213,-0.546437,-0.065134,0.834964
0,0,0.280663,-0.215839,0.935223
0,0,0.931008,0.198691,0.306179
0,0,0.544841,0.782002,0.30269
11.5681,15.5548,0.116499,0.629647,0.768097
0,0,-0.854185,0.345123,0.388918
0,0,0.486675,0.850076,0.201289
0,0,0.860242,0.113514,0.49709
0,0,0.678826,-0.0691631,0.731035
0,0,0.0410886,0.906396,0.420426
0.755501,0.520412,0.218821,-0.227693,0.948827
0,0,0.62195,0.746061,0.237846
0,0,0.381305,0.0457788,0.923315
0,0,0.750625,-0.658776,0.0507523
0,0,0.466114,0.201957,0.861366
0,0,-0.569992,-0.044829,0.820426
0,0,0.525274,-0.549523,0.649701
0,0,-0.687948,-0.724427,0.0439547
0,0,0.230745,-0.539683,0.809629
0,0,0.984473,-0.12793,0.120192
0,0,0.109398,0.575257,0.810624
15.9858,23.702,-0.41023,0.866598,-0.284112
0,0,-0.225216,0.459097,0.859365
0,0,-0.610536,-0.141437,0.779257
0,0,-0.725701,-0.68735,0.0301305
0,0,-0.0450034,-0.192624,0.98024
0,0,0.0925857,0.154553,0.983637
0,0,0.513375,0.842079,0.165374
0,0,0.136587,-0.954157,0.266324
0,0,0.171347,-0.817835,0.54935
0,0,-0.615453,-0.637605,0.463333
0,0,0.514662,0.578081,0.633203
0,0,-0.692524,0.306016,0.653273
0,0,0.589946,0.731647,0.34155
0,0,-0.172004,-0.265164,0.948737
0,0,0.162888,0.826777,0.538431
0,0,0.829647,0.514044,0.217819
0,0,-0.319847,0.722652,0.612758
0,0,-0.341144,-0.238971,0.909128
0,0,0.0164163,-0.630718,0.775839
0,0,0.946998,0.139456,0.28939
0,0,-0.928708,0.296864,0.222201
0,0,0.371184,-0.908923,0.189951
0,0,-0.645238,0.275873,0.712434
0,0,0.943595,-0.321424,0.0794671
0,0,-0.466905,0.120528,0.876055
0,0,0.832396,0.520783,0.189478
0,0,-0.0666409,-0.793257,0.605229
0,0,-0.158527,-0.938757,0.305948
0,0,0.311144,-0.454144,0.834831
0,0,-0.0781706,0.328203,0.941367
0,0,-0.339614,-0.528852,0.777803
0,0,-0.527815,0.613466,0.587426
0,0,0.662412,0.747473,0.0499378
0,0,-0.614477,0.596484,0.516357
0,0,-0.0296571,-0.967249,0.25209
0,0,0.125715,-0.535333,0.835233
0,0,-0.124904,-0.986042,0.110088
0,0,0.836661,0.518641,0.176094
0,0,0.459471,-0.666037,0.587606
0,0,0.799209,-0.590333,0.113013
0,0,-0.983027,0.0251003,0.181736
0,0,0.587908,-0.42836,0.686202
0,0,0.998822,-0.0399452,0.0275439
0,0,0.135486,-0.775488,0.616654
0,0,0.0967274,0.172518,0.980246
0,0,-0.471396,0.421537,0.774656
0,0,-0.252834,-0.842591,0.475517
0,0,-0.316855,-0.939879,0.127402
0,0,0.834802,0.521553,0.176318
0,0,0.336207,0.656997,0.674774
0,0,0.404114,-0.874643,0.267755
0,0,-0.912471,-0.398797,0.091416
0,0,-0.0285293,0.855149,0.517596
13.993,21.5821,-0.0317187,0.0411721,0.998648
0,0,0.822405,0.264753,0.503543
0,0,0.0646265,-0.336369,0.93951
0,0,0.388592,-0.689529,0.611184
0,0,0.455594,0.480646,0.749275
0,0,-0.449917,-0.802457,0.391966
0,0,0.486453,-0.210519,0.847965
0,0,0.611084,-0.0887919,0.78657
0,0,-0.536547,-0.636806,0.553711
0,0,-0.411225,-0.777803,0.475308
0,0,-0.0275721,-0.852927,0.521301
0,0,-0.150005,0.814991,0.559721
0,0,-0.309342,-0.905715,0.289806
0,0,-0.654438,0.172679,0.736134
0,0,0.649013,0.158228,0.744142
0,0,-0.816252,0.337224,0.469054
0,0,-0.185758,0.419799,0.888405
0,0,-0.892205,0.0481118,0.449061
0,0,-0.117355,-0.651848,0.749214
0,0,0.388324,0.33269,0.859373
0,0,-0.470647,0.197503,0.859932
0,0,-0.852061,-0.0495071,0.521096
0,0,0.110058,0.00242297,0.993922
0,0,0.132902,-0.585736,0.799532
0,0,0.0656129,-0.99508,0.0742286
0,0,-0.227881,-0.26859,0.935911
0,0,0.741724,-0.658314,0.128328
0,0,0.365553,0.828973,0.423292
19.7067,27.488,0.455608,0.845136,0.279583
0,0,0.784242,0.065236,0.617016
0,0,-0.778509,-0.510962,0.364476
0,0,0.701664,-0.362768,0.613242
0,0,0.800822,-0.529638,0.279584
0,0,-0.545125,-0.288402,0.787187
0,0,0.510804,0.68858,0.514719
0,0,-0.176616,0.897987,0.403021
0,0,0.00498687,-0.882979,0.469386
0,0,-0.94129,0.279227,0.189753
0,0,0.0180197,-0.72883,0.684457
0,0,-0.224344,0.377776,0.898306
0,0,-0.0873712,-0.961208,0.26162
0,0,-0.411659,-0.624377,0.663845
0,0,0.182422,-0.969968,0.160883
0,0,0.929048,0.0263495,0.36902
0,0,-0.00722199,-0.514609,0.857394
0,0,0.2914,0.21482,0.932169
0,0,0.94385,-0.0390736,0.328056
0,0,0.974429,0.122784,0.188183
0,0,-0.939687,0.0690063,0.335001
0,0,-0.866475,0.0343235,0.498039
0,0,-0.454391,0.519186,0.723861
0,0,-0.822036,0.537092,0.189181
0,0,0.0256828,-0.0869045,0.995886
0,0,-0.553249,-0.528809,0.643643
19.1524,25.5295,-0.0796021,-0.875647,0.476345
0,0,-0.591828,-0.7802,0.202552
0,0,-0.829448,0.464396,0.310406
0,0,0.42936,-0.135225,0.892953
0,0,0.474193,0.727389,0.49603
0,0,-0.928065,-0.300598,0.219857
0,0,0.247818,0.834966,0.491343
0,0,0.510359,-0.567413,0.646202
0,0,0.402643,-0.915273,0.0124173
0,0,0.830699,-0.1347,0.540181
0,0,-0.00333897,0.440727,0.897635
0,0,0.383358,-0.832865,0.399214
0,0,0.797657,0.400838,0.450636
0,0,0.316229,-0.890247,0.327811
0,0,-0.69723,-0.112524,0.707961
0,0,0.292371,-0.74024,0.605446
0,0,0.761414,0.644931,0.0656724
0,0,-0.5364,-0.575968,0.616876
0,0,-0.0483387,-0.497001,0.866402
0,0,0.270306,-0.952517,0.140161
0,0,0.419883,-0.876705,0.234707
0,0,0.125139,0.892141,0.434079
0,0,-0.416772,0.786708,0.455403
0,0,0.435806,-0.620575,0.651889
0,0,-0.649918,0.148976,0.74526
0,0,0.322787,0.368098,0.871959
0,0,0.939846,-0.304015,0.15577
0,0,0.564649,-0.370967,0.737262
0,0,0.170608,0.961549,0.215213
0,0,0.336469,0.187115,0.922917
1.47093,2.13923,0.29102,-0.126725,0.948287
0,0,-0.0383411,0.540434,0.840512
0,0,-0.290091,-0.828062,0.47975
0,0,-0.229867,0.30538,0.924069
0,0,-0.945803,0.32172,0.0441952
0,0,0.770914,-0.0848663,0.631261
0,0,0.814227,0.211731,0.540559
0,0,0.565283,-0.78868,0.241743
0,0,0.553806,-0.080054,0.828789
22.8467,31.3724,-0.823824,-0.486274,0.291293
0,0,0.0250514,-0.73778,0.674577
0,0,0.274267,-0.675721,0.684235
0,0,0.795778,-0.316056,0.516572
0,0,0.155374,0.423477,0.892483
0,0,0.413654,-0.528392,0.741412
0,0,-0.941717,-0.110683,0.317677
0,0,-0.14906,-0.202647,0.96784
0,0,-0.122303,0.445432,0.886923
0,0,-0.604626,0.704108,0.372369
5.23947,7.51734,-0.243845,-0.24703,0.937825
0,0,0.952956,-0.136929,0.270418
0,0,0.426235,0.102975,0.898732
0,0,-0.169078,0.356914,0.918708
0,0,-0.62517,0.775383,0.089132
0,0,0.0728435,-0.624266,0.777808
0,0,-0.0115668,0.570792,0.821013
0,0,-0.35633,0.815704,0.455693
0,0,-0.195072,0.548276,0.813229
0,0,0.290371,-0.916388,0.275533
0,0,-0.160165,0.910123,0.382129
0,0,-0.234016,-0.752681,0.615393
0,0,-0.362623,0.810606,0.459807
0,0,-0.729554,0.678259,0.0878382
0,0,0.82372,-0.26414,0.501712
0,0,-0.644444,0.458273,0.612109
0,0,0.567232,0.789668,0.233819
0,0,0.0225954,-0.300637,0.953471
0,0,-0.568005,0.82058,0.063394
0,0,0.352209,0.120328,0.928154
0,0,0.390581,0.29795,0.871018
0,0,0.473464,-0.136623,0.870153
0,0,-0.0381154,0.553293,0.832114
0,0,0.924372,0.33656,0.179618
0,0,0.819214,-0.365082,0.442272
0,0,-0.394298,-0.108376,0.91257
0,0,0.859526,0.220273,0.461188
0,0,-0.00180128,-0.831439,0.555613
0,0,-0.0347517,0.689781,0.723184
0,0,0.69154,0.5749,0.437336
0,0,0.46298,0.0629565,0.88413
0,0,0.336083,0.936545,0.0996604
0,0,0.958181,-0.0498932,0.281781
0,0,0.821694,-0.460875,0.335281
0,0,0.0340823,-0.964378,0.262323
0,0,-0.8831,0.413487,0.221728
0,0,-0.953321,0.0591288,0.296114
0,0,0.435527,0.603139,0.668236
17.1114,22.0041,-0.0795688,0.271206,0.959227
0,0,0.886028,-0.0679471,0.458626
0,0,-0.676778,-0.565539,0.471314
0,0,-0.205825,-0.936641,0.283444
0,0,-0.192763,0.692025,0.695661
0,0,-0.0644176,-0.726496,0.684145
0,0,-0.0149537,0.987521,0.156774
0,0,-0.512234,0.555739,0.654806
0,0,-0.577252,0.695364,0.428076
0,0,0.449936,-0.616552,0.646081
0,0,0.867119,0.224341,0.44472
0,0,0.0833968,0.865093,0.494631
0,0,0.428577,0.409379,0.805438
0,0,-0.302337,0.783034,0.543553
0,0,0.897412,0.427249,0.110042
0,0,-0.267282,0.962729,0.0413845
0,0,0.842686,0.234725,0.484546
0,0,-0.361633,-0.678638,0.639274
0,0,-0.288924,0.278776,0.915864
0,0,-0.000871648,0.68904,0.724723
0,0,0.953492,0.28111,0.108768
0,0,-0.169686,0.420286,0.891385
0,0,0.552244,0.438894,0.708801
0,0,-0.662309,0.707769,0.245786
0,0,0.687402,0.472544,0.551526
0,0,-0.347406,-0.935308,0.0671383
0,0,0.141414,-0.810544,0.568349
0,0,0.0437305,-0.742281,0.66866
0,0,-0.948023,-0.30582,0.0879013
0,0,0.0629927,0.790998,0.608567
0,0,-0.45244,0.878809,0.151636
0,0,0.345592,-0.252716,0.903715
0,0,0.502767,-0.863236,0.0452687
0,0,-0.119175,0.991123,0.0589247
0,0,0.388495,-0.463872,0.796175
0,0,-0.958656,-0.218477,0.182337
0,0,-0.975532,-0.181618,0.123907
0,0,0.912873,0.309542,0.26617
0,0,0.0897376,-0.826197,0.556189
0,0,-0.832626,-0.395606,0.387596
0,0,0.0695323,-0.828025,0.556363
0,0,0.416289,0.615725,0.669019
0,0,0.225683,0.699255,0.678314
0,0,-0.443793,-0.870303,0.21359
0,0,0.9153,-0.349089,0.200906
0,0,0.296475,0.920171,0.255712
0,0,0.395974,0.273267,0.876658
0,0,-0.0187384,-0.892189,0.451274
0,0,0.567726,-0.180251,0.803241
0,0,0.52332,0.782645,0.337051
0,0,0.314991,0.444888,0.838365
0,0,0.886496,0.252698,0.387645
0,0,0.823623,-0.120803,0.554122
0,0,0.439433,-0.857924,0.266204
0,0,0.204736,-0.869923,0.448685
0,0,-0.600933,0.773662,0.200816
0,0,0.790946,0.177164,0.585677
0,0,-0.957556,-0.176889,0.22759
0,0,-0.136907,-0.393938,0.908883
0,0,-0.190016,0.12477,0.973821
0,0,-0.796248,0.513341,0.32011
0,0,0.918252,0.0786531,0.388108
0,0,-0.230552,-0.620719,0.749368
0,0,0.629407,0.0966514,0.771042
0,0,0.872316,0.37136,0.31805
0,0,-0.792037,0.610323,0.0135319
0,0,0.241925,0.796178,0.554593
0,0,-0.710398,-0.520709,0.473493
0,0,0.869662,0.349789,0.348331
0,0,0.95424,-0.251846,0.161244
0,0,0.143921,0.982224,0.12051
0,0,-0.667934,0.0124612,0.744117
0,0,-0.881816,0.22908,0.412216
0,0,0.451258,-0.883785,0.123656
0,0,0.733325,0.0262608,0.679371
0,0,0.114987,-0.895966,0.42898
0,0,-0.126217,-0.775215,0.61896
0,0,-0.306288,0.947457,0.0922663
22.0292,36.0601,-0.17255,0.101833,0.979723
0,0,-0.109523,-0.88497,0.452585
0,0,-0.629829,0.115,0.768173
0,0,0.678472,-0.670505,0.300163
0,0,-0.417747,-0.433446,0.798506
0,0,0.446038,-0.273927,0.852065
0,0,-0.630233,0.76564,0.12885
0,0,-0.746109,0.453728,0.487292
0,0,0.664552,-0.737232,0.121899
24.022,31.2111,-0.534397,0.509123,-0.674695
0,0,0.705221,-0.662573,0.25231
0,0,0.16767,-0.940244,0.296359
0,0,0.823287,-0.00625323,0.567591
0,0,0.553189,0.224185,0.802324
0,0,-0.535122,-0.123763,0.83566
0,0,-0.898982,-0.303021,0.316244
0,0,-0.349882,0.716939,0.602977
0,0,-0.162968,-0.086709,0.982814
0,0,0.49755,0.867018,0.0269073
0,0,-0.550472,0.397422,0.734191
0,0,-0.198696,0.737174,0.645829
0,0,-0.102773,-0.297071,0.949308
0,0,-0.475645,0.19836,0.85698
0,0,0.948527,-0.305876,0.0820746
0,0,-0.960204,0.0356471,0.277017
0,0,0.946514,0.235027,0.221073
0,0,-0.508131,-0.853607,0.11471
0,0,-0.619748,-0.437129,0.651791
0,0,-0.116554,0.857401,0.501277
0,0,0.357056,0.0978593,0.928943
0,0,0.803357,-0.504235,0.316803
12.5299,17.1577,-0.464345,-0.870487,0.163204
0,0,0.618249,0.256935,0.7428
0,0,0.612117,0.415101,0.673056
0,0,-0.135978,-0.921673,0.363357
0,0,0.800119,-0.496435,0.336692
0,0,-0.966913,-0.223598,0.122817
0,0,-0.954885,0.238729,0.176643
0,0,-0.325492,0.853777,0.406349
0,0,0.176449,-0.408562,0.895513
0,0,-0.220341,0.692542,0.686903
0,0,-0.678795,0.67524,0.288597
0,0,0.104617,-0.650866,0.75195
0,0,-0.595963,0.760803,0.256917
0,0,-0.678366,-0.149461,0.719361
0,0,0.958674,0.243408,0.147296
0,0,0.397354,0.661227,0.636308
0,0,-0.254098,0.856461,0.449342
0,0,0.287848,0.630084,0.721206
0,0,-0.0187775,0.919428,0.39281
0,0,0.275584,-0.411271,0.868856
0,0,-0.182732,0.750088,0.635592
0,0,0.503753,-0.846921,0.170168
0,0,-0.173255,-0.557446,0.811934
0,0,-0.063942,-0.861464,0.503776
0,0,-0.214998,-0.893771,0.393635
0,0,0.760849,0.141368,0.633344
0,0,0.651255,-0.349633,0.673516
16.8452,24.563,0.249444,0.367734,0.895851
0,0,-0.657844,0.286579,0.696501
19.4875,28.9321,0.0443309,-0.526143,0.84924
0,0,0.717605,0.608342,0.339062
0,0,0.414619,-0.256282,0.873161
0,0,0.256688,-0.966463,0.00779913
0,0,0.335376,0.280905,0.899231
0,0,0.206546,0.881283,0.425064
0,0,-0.468614,-0.395988,0.78968
0,0,-0.0275155,-0.976138,0.2154
0,0,0.372234,0.279816,0.884955
0,0,0.61252,0.790281,0.0165763
0,0,0.673338,-0.261792,0.691434
0,0,-0.816978,-0.516876,0.255707
0,0,-0.599718,-0.56113,0.570501
0,0,0.324325,-0.114108,0.939038
0,0,0.773904,-0.461874,0.433296
0,0,0.760582,-0.565006,0.319816
0,0,-0.799038,-0.278863,0.532704
0,0,-0.0195102,-0.491625,0.870589
0,0,0.714176,-0.646057,0.269377
0,0,-0.946125,0.135224,0.294215
0,0,-0.798722,0.256888,0.544107
0,0,-0.505649,-0.759792,0.408698
0,0,-0.800063,-0.593109,0.0901231
0,0,-0.438018,0.443518,0.781941
0,0,0.562265,-0.39037,0.72902
0,0,0.50874,-0.7418,0.436941
0,0,0.293686,0.949632,0.109304
0,0,0.0755358,-0.398653,0.913986
0,0,0.539988,-0.267966,0.797877
0,0,0.0521528,0.982654,0.177965
0,0,-0.595915,0.744977,0.299823
0,0,0.301213,-0.948524,0.0978458
0,0,0.283689,0.52668,0.801329
0,0,0.047984,0.957808,0.283376
0,0,0.212248,-0.976948,0.022858
0,0,0.235225,-0.286502,0.928755
0,0,-0.274742,0.266134,0.923953
0,0,-0.345386,0.466623,0.814231
0,0,0.271014,0.455933,0.847748
0,0,-0.572851,-0.297224,0.763872
0,0,0.524693,-0.788323,0.321316
0,0,-0.9698,-0.121421,0.211528
0,0,-0.204612,-0.405664,0.890826
0,0,-0.488028,0.770053,0.410909
0,0,0.946053,0.315613,0.0732967
0,0,0.296635,-0.656708,0.693355
0,0,-0.464787,0.0930961,0.880515
0,0,0.459588,0.462127,0.758431
0,0,0.202158,0.931853,0.301299
0,0,-0.263217,-0.828179,0.49481
0,0,0.970096,0.231009,0.0744931
0,0,-0.954896,0.268015,0.127834
0,0,0.455076,-0.408048,0.791456
0,0,-0.501572,0.830249,0.243129
0,0,-0.569495,0.138193,0.810295
0,0,0.67695,0.209658,0.705537
0,0,0.821793,0.569581,0.0152666
0,0,-0.798152,-0.259168,0.543862
0,0,0.28751,-0.934401,0.210316
0,0,-0.483288,-0.843175,0.235561
0,0,0.666368,-0.432624,0.607281
0,0,0.578347,0.720026,0.383506
0,0,0.615329,-0.786006,0.0597013
0,0,-0.0862776,-0.81994,0.56591
0,0,-0.781488,-0.564763,0.265176
0,0,0.289103,-0.29262,0.911478
0,0,0.221046,0.520896,0.824504
0,0,-0.919219,-0.388588,0.0635242
0,0,-0.767038,-0.247736,0.591844
0,0,-0.920701,-0.118827,0.371739
0,0,-0.617845,0.744942,0.251651
0,0,0.295919,-0.420999,0.857433
0,0,-0.654985,0.57588,0.489241
0,0,0.125778,0.984119,0.125256
0,0,0.205755,0.970927,0.122333
0,0,-0.430365,-0.524105,0.734915
0,0,0.154033,-0.864076,0.479214
0,0,-0.477795,-0.0700703,0.875672
0,0,-0.60871,0.719432,0.3345
0,0,0.83567,-0.521136,0.173417
0,0,-0.315951,-0.769016,0.555689
0,0,-0.417005,0.0161904,0.90876
0,0,-0.384887,0.545083,0.744813
0,0,0.312118,-0.912867,0.263166
0,0,-0.485591,0.167352,0.858018
0,0,0.738086,-0.673602,0.0386038
0,0,-0.0309891,0.883341,0.467705
0,0,0.394069,-0.738331,0.547337
0,0,0.895343,0.286208,0.341243
0,0,-0.946894,0.317463,0.0510695
0,0,0.37353,-0.765996,0.523187
0,0,-0.716425,0.676852,0.169135
0,0,0.65939,-0.366528,0.656401
0,0,0.614438,0.319543,0.721358
0,0,-0.18998,0.967996,0.163986
0,0,0.58987,-0.73156,0.341868
0,0,0.735836,-0.649816,0.190485
0,0,-0.829196,-0.0860469,0.552295
0,0,0.847772,0.487863,0.208019
0,0,0.0736033,0.996076,0.0491438
0,0,-0.487994,-0.656695,0.57499
0,0,-0.623257,-0.219043,0.750714
0,0,0.933809,0.187875,0.304473
0,0,0.685632,-0.152377,0.711821
3.8682,5.23338,0.460907,-0.156062,0.873619
0,0,-0.11847,-0.984385,0.130195
0,0,-0.739513,-0.476589,0.475377
0,0,-0.223146,-0.738753,0.635963
0,0,-0.813523,0.0598866,0.578442
5.1543,7.88446,-0.0120636,-0.81564,0.578434
0,0,-0.929215,0.333633,0.1589
0,0,-0.648953,-0.589234,0.481314
0,0,-0.632503,-0.436658,0.639742
0,0,-0.584215,0.100188,0.805391
0,0,-0.774684,-0.36569,0.515882
0,0,-0.373405,0.685034,0.625538
0,0,-0.940155,-0.339445,0.0297527
0,0,-0.90891,-0.241846,0.339696
0,0,-0.623549,-0.0737074,0.778302
0,0,-0.147903,0.515815,0.843836
0,0,0.364769,-0.546836,0.753601
0,0,0.325277,0.469695,0.82072
0,0,0.249277,0.822157,0.511779
0,0,0.523292,0.697362,0.489746
0,0,-0.370662,-0.845756,0.383805
0,0,0.479122,0.699335,0.530446
0,0,-0.275414,-0.671849,0.68758
0,0,-0.221146,0.79832,0.56016
0,0,0.224992,0.957287,0.181603
0,0,-0.546663,-0.76555,0.339254
0,0,-0.650303,-0.582765,0.48733
0,0,0.893996,0.350149,0.279584
0,0,-0.776362,0.221636,0.590033
0,0,0.503596,0.444929,0.74056
0,0,0.865402,0.152781,0.477219
18.8937,27.2704,0.771665,-0.605918,0.19338
22.281,30.0023,0.773688,-0.528694,0.349126
0,0,0.0114575,-0.994465,0.104442
0,0,-0.391835,-0.91851,0.0529578
0,0,0.406278,0.866812,0.289093
0,0,0.792188,0.573849,0.207693
0,0,0.781884,0.517469,0.347682
0,0,-0.930151,-0.36717,0.00246018
0,0,0.41241,0.869769,0.270962
0,0,-0.719159,-0.148265,0.678843
0,0,-0.89417,0.238461,0.378941
0,0,-0.249734,-0.840153,0.48143
0,0,-0.960923,-0.25631,0.10456
0,0,0.78676,-0.615994,0.0395001
0,0,0.717218,0.675449,0.171368
0,0,-0.444186,-0.0316617,0.895375
0,0,0.887852,-0.128417,0.441846
0,0,-0.832569,-0.384019,0.399196
0,0,0.985719,-0.121789,0.116297
0,0,-0.166821,0.375533,0.911672
0,0,-0.133847,0.947144,0.291552
24.1468,33.5079,-0.695449,0.178531,-0.696044
0,0,0.215932,0.968715,0.12233
0,0,0.0556764,0.582521,0.810907
0,0,-0.511191,-0.851203,0.118898
0,0,0.772788,0.191401,0.605115
0,0,0.76748,0.585873,0.260247
0,0,0.671063,-0.734509,0.100847
0,0,-0.913842,0.37349,0.159367
0,0,0.0507428,0.934027,0.353579
0,0,-0.954929,-0.220672,0.198529
0.427974,0.823054,-0.233599,0.199134,0.951723
0,0,-0.742415,0.434607,0.50984
0,0,-0.518428,-0.853117,0.0585177
0,0,0.151916,0.988315,0.0124229
0,0,0.213618,-0.880071,0.424079
0,0,0.0574714,0.908041,0.41492
0,0,0.512317,-0.549809,0.659728
0,0,-0.060624,-0.553186,0.830849
0,0,-0.750564,0.0175268,0.660565
0,0,0.637373,0.720366,0.273549
0,0,0.790726,0.02726,0.611563
0,0,-0.747317,-0.658928,0.0856205
0,0,0.0437607,-0.79099,0.610262
0,0,0.0995199,0.803196,0.587343
0,0,-0.282284,0.946418,0.156871
0,0,0.223727,0.963016,0.150154
0,0,-0.940403,0.339134,0.0250969
0,0,0.803587,0.592762,0.0536777
0,0,0.788798,-0.602482,0.121711
0,0,0.831716,0.290675,0.473029
0,0,-0.651933,0.754319,0.0773653
0,0,-0.151843,-0.654737,0.740448
0,0,0.857719,-0.365047,0.36202
0,0,0.442704,-0.724951,0.527693
0,0,0.794092,0.604853,0.0597537
0,0,-0.0628807,-0.251734,0.965752
0,0,0.594572,-0.358865,0.719514
0,0,-0.803837,-0.424803,0.416399
0,0,-0.662597,-0.260004,0.702398
0,0,-0.218428,0.73286,0.644364
0,0,-0.948339,0.0541846,0.312599
0,0,-0.726544,0.557826,0.401203
0,0,-0.0529162,-0.919301,0.389982
0,0,0.377841,-0.349526,0.857361
0,0,0.60942,0.645727,0.460047
0,0,-0.0976678,0.770555,0.629846
0,0,0.00618863,-0.0348628,0.999373
0,0,-0.418642,-0.352846,0.836803
0,0,-0.42222,-0.707115,0.567203
0,0,0.957902,-0.189393,0.215763
0,0,0.866508,0.465761,0.179528
0,0,0.67457,-0.28446,0.681203
0,0,0.626382,-0.674894,0.390082
0,0,-0.279026,0.0195788,0.960084
0,0,0.693819,-0.720129,0.0054517
0,0,-0.981999,-0.0855645,0.168397
0,0,-0.530082,-0.380572,0.757745
0,0,0.477505,0.836064,0.27016
14.2626,18.5581,0.220072,0.59438,0.773486
0,0,0.237878,0.913178,0.330937
0,0,0.608437,0.707972,0.358581
0,0,0.759461,0.278149,0.588092
0,0,0.641806,-0.536062,0.548382
0,0,0.851674,-0.145976,0.503331
0,0,-0.369326,-0.609474,0.701526
0,0,0.130116,0.496761,0.858078
0,0,-0.853511,-0.259063,0.452113
0,0,-0.899067,-0.379499,0.218312
0,0,0.56158,0.733454,0.38298
0,0,0.492504,0.0230874,0.870004
0,0,-0.354697,-0.0279963,0.934562
0,0,-0.148368,0.85846,0.490951
0,0,0.767051,0.426715,0.479111
0,0,-0.511842,-0.427075,0.745402
0,0,0.538242,-0.671612,0.50915
0,0,0.819334,-0.528922,0.221206
0,0,-0.0420566,-0.9506,0.307558
0,0,-0.369636,-0.719951,0.5874
0,0,0.176511,-0.419003,0.890663
0,0,0.492146,0.348565,0.797681
0,0,-0.952676,0.303487,0.0174338
0,0,-0.731316,0.405415,0.548467
0,0,-0.923901,-0.351739,0.150619
0,0,-0.685462,-0.210199,0.697107
0,0,0.501751,-0.742427,0.4439
0,0,-0.682086,-0.613494,0.397974
0,0,0.220377,0.924969,0.309624
0,0,0.270698,-0.0982745,0.957635
0,0,0.118753,0.886606,0.447021
0,0,-0.263955,-0.930342,0.254542
0,0,-0.837882,-0.452624,0.305098
0,0,-0.915886,-0.272618,0.294674
0,0,0.358143,0.357779,0.862397
0,0,-0.0297021,0.980811,0.192683
0,0,0.870426,-0.456203,0.185034
0,0,0.475259,-0.309839,0.823486
0,0,0.743674,0.0011824,0.668541
0,0,-0.946939,-0.253967,0.196994
0,0,0.0821693,-0.996579,0.00890606
0,0,0.576686,-0.811654,0.0930094
0,0,0.81182,0.00452849,0.58389
0,0,-0.518182,-0.429857,0.739398
0,0,-0.64247,0.0413449,0.765195
0,0,-0.438255,0.737789,0.51342
0,0,0.527411,0.80573,0.269512
0,0,0.809326,0.412517,0.418116
0,0,0.516764,-0.539051,0.665115
0,0,0.319634,-0.946633,0.0414719
0,0,-0.515625,-0.531172,0.6723
0,0,0.66102,0.264651,0.702148
0,0,0.414216,-0.0118379,0.910102
0,0,0.795729,0.221088,0.563858
0,0,-0.682584,0.621087,0.385135
0,0,-0.0513644,-0.992148,0.114036
0,0,-0.933577,-0.212256,0.28876
0,0,-0.54244,-0.00633119,0.840071
0,0,-0.982235,-0.186698,0.0189274
0,0,-0.936136,-0.301282,0.181323
0,0,0.803833,-0.504159,0.315716
0,0,0.162405,-0.190643,0.968132
0,0,0.56757,0.673391,0.473719
0,0,-0.332094,0.367702,0.868625
0,0,0.45134,0.635931,0.626007
0,0,0.185074,0.849039,0.494855
0,0,0.757426,-0.303494,0.578097
0,0,0.577586,-0.675496,0.458366
0,0,0.811853,0.102299,0.57483
0,0,0.310064,0.950033,0.036035
0,0,0.913049,-0.373259,0.164372
0,0,0.60157,0.798293,0.0290122
0,0,0.947044,0.253121,0.19758
0,0,0.518623,0.147421,0.842198
0,0,0.208009,-0.977948,0.0187015
0,0,-0.588183,0.576153,0.567529
0,0,0.829321,0.258769,0.495243
0,0,-0.654712,-0.749981,0.0942406
0,0,-0.211064,0.699521,0.682731
0,0,0.977427,-0.00451725,0.211227
0,0,-0.416885,0.70042,0.579326
0,0,-0.0578022,-0.395108,0.916814
0,0,0.590176,0.518962,0.618361
0,0,0.388601,0.540813,0.745996
0,0,0.834571,-0.524821,0.167492
0,0,-0.122101,-0.912776,0.389783
0,0,-0.409425,0.669807,0.619459
0,0,-0.0670077,-0.391166,0.917878
0,0,-0.416588,0.84155,0.343871
0,0,0.330402,0.94384,0.000853521
0,0,0.12494,0.296052,0.946965
0,0,-0.103613,-0.728747,0.676899
0,0,0.859354,0.432297,0.273186
0,0,0.801658,-0.526629,0.282855
0,0,0.533234,-0.476479,0.699021
0,0,0.271162,-0.953703,0.130086
0,0,0.598457,-0.751042,0.278898
0,0,-0.72078,0.00658165,0.693132
0,0,0.555359,-0.240214,0.796161
0,0,-0.246467,0.749217,0.614758
0,0,0.804661,-0.194547,0.560957
0,0,0.166663,0.537092,0.826895
0,0,-0.647384,0.748101,0.145733
0,0,0.413421,-0.637777,0.649864
0,0,-0.546709,0.652768,0.524407
0,0,-0.997718,-0.0613571,0.0281975
0,0,0.913795,-0.0345696,0.404702
0,0,0.274785,0.125294,0.953307
0,0,-0.519883,-0.828166,0.209435
0,0,0.958242,0.151146,0.242748
0,0,0.399099,0.781754,0.479146
0,0,0.993757,0.0841341,0.0732735
0,0,-0.308231,-0.253226,0.91699
0,0,-0.045546,-0.883327,0.46654
0,0,0.166601,0.670604,0.722865
0,0,-0.745144,-0.665669,0.0405525
0,0,-0.670747,-0.0626091,0.739039
0,0,0.858142,0.498254,0.123834
0,0,-0.451758,-0.60151,0.658863
0,0,0.517038,-0.770349,0.373142
9.13252,11.8722,0.466499,-0.112641,0.87732
0,0,0.934256,0.332492,0.1289
0,0,-0.783752,-0.55248,0.283724
0,0,0.473855,0.870165,0.135182
0,0,0.120662,0.919445,0.374248
0,0,-0.179318,0.949061,0.259091
0,0,0.294934,-0.743792,0.599822
0,0,0.110506,-0.725688,0.679092
0,0,-0.724587,-0.149187,0.672843
0,0,-0.477238,-0.641842,0.600236
0,0,0.82528,-0.300707,0.478004
20.0864,30.5092,-0.475479,0.240741,-0.846146
0,0,0.798782,-0.228966,0.556347
0,0,0.26004,0.958549,0.116459
0,0,-0.863878,0.459998,0.205224
0,0,0.429702,0.140222,0.892017
0,0,-0.322952,-0.901233,0.288929
6.48837,9.30763,-0.109568,0.377275,0.919597
0,0,-0.848691,-0.518508,0.104276
0,0,-0.585761,-0.783689,0.206677
0,0,0.742058,-0.403008,0.535662
0,0,0.049886,0.809827,0.584544
0,0,-0.616076,0.585686,0.526709
0,0,0.525694,-0.327695,0.785023
0,0,0.991375,0.124154,0.041977
0,0,0.217962,0.368068,0.903891
0,0,-0.349027,-0.318455,0.881343
0,0,0.00836409,0.845779,0.533468
0,0,0.367947,-0.860279,0.352896
0,0,0.63884,-0.273269,0.719172
0,0,0.897929,-0.24885,0.363038
22.9387,35.1966,0.659732,0.651974,0.373743
0,0,-0.759396,-0.460999,0.459128
0,0,0.303068,-0.638443,0.707489
0,0,-0.280411,-0.820191,0.498655
0,0,-0.214207,-0.968519,0.126833
0,0,0.2398,0.134407,0.961473
0,0,-0.0447108,0.504562,0.862217
0,0,0.548503,0.825839,0.130896
0,0,-0.359054,0.759244,0.542797
0,0,0.149336,-0.305969,0.940256
0,0,0.757734,0.11336,0.642642
0,0,-0.220612,0.389165,0.894361
0,0,0.250782,0.194365,0.94833
0,0,0.512321,0.726935,0.457267
0,0,0.222652,-0.97161,0.0800011
0,0,-0.762458,0.589462,0.26682
0,0,-0.126334,0.597458,0.791886
0,0,-0.937274,-0.161664,0.30884
0,0,0.604094,-0.796227,0.0330651
0,0,0.884124,0.345251,0.314844
0,0,-0.142534,-0.660905,0.736809
0,0,0.232521,-0.171502,0.957351
0,0,-0.901872,-0.415145,0.119502
0,0,-0.974563,-0.00647175,0.224019
0,0,0.252198,0.963613,0.0885807
0,0,0.532398,0.402008,0.744944
0,0,0.311753,0.432382,0.846083
0,0,-0.0735184,0.883785,0.46208
0,0,-0.723343,-0.619831,0.304278
0,0,-0.173586,-0.521096,0.83566
0,0,0.751124,-0.0899591,0.654003
0,0,0.403711,0.716587,0.568789
0,0,0.621624,-0.104076,0.776371
0,0,0.339821,-0.331706,0.880053
0,0,-0.586364,-0.499909,0.637391
0,0,-0.446453,0.566054,0.69301
0,0,-0.76108,0.214238,0.612257
0,0,-0.53775,-0.481041,0.692405
0,0,0.691648,0.603607,0.396587
0,0,-0.497858,0.653691,0.569934
0,0,-0.648687,0.405603,0.643965
0,0,-0.267185,0.89846,0.348399
0,0,0.0681316,0.876142,0.477214
0,0,-0.290404,-0.555417,0.779216
0,0,0.0376693,-0.570465,0.820457
0,0,-0.625312,0.67215,0.396484
0,0,-0.246694,-0.291603,0.924181
0,0,-0.417397,0.432336,0.799291
0,0,0.168206,-0.445698,0.879238
0,0,-0.301645,0.862139,0.407096
0,0,-0.176695,-0.721785,0.669182
0,0,0.135285,0.974759,0.177605
0,0,0.934888,0.296543,0.195054
0,0,-0.234976,-0.437171,0.868141
0,0,-0.885088,-0.138489,0.444342
0,0,-0.719353,0.476811,0.505157
0,0,0.420867,0.276239,0.864039
0,0,0.401999,0.595618,0.695439
0,0,0.257484,0.958595,0.121642
0,0,0.573881,0.807231,0.137981
0,0,0.792075,0.310209,0.525727
0,0,0.712185,0.0152814,0.701825
0,0,-0.332976,0.899047,0.284328
0,0,0.0297703,0.991506,0.12661
0,0,0.347362,0.934949,0.0721826
0,0,-0.761454,-0.339184,0.552396
0,0,-0.224507,-0.974441,0.00787454
0,0,0.462689,0.885782,0.0361741
0,0,0.483341,-0.840472,0.244923
0,0,-0.854429,0.124455,0.504442
0,0,0.976248,-0.215313,0.0241054
0,0,-0.472336,0.878497,0.07171
0,0,-0.112078,0.985401,0.128156
0,0,-0.197856,0.800071,0.566339
0,0,0.753736,0.169616,0.634911
0,0,0.53767,0.419043,0.731651
0,0,-0.438773,-0.547304,0.712697
0,0,0.793498,-0.245691,0.556773
0,0,-0.155365,0.959898,0.233361
0,0,-0.056434,-0.191982,0.979775
0,0,0.153803,-0.470694,0.868787
0,0,-0.604151,0.737238,0.302459
0,0,0.803359,0.593479,0.0489576
0,0,-0.26959,-0.183492,0.945332
0,0,0.867151,0.214296,0.449585
0,0,-0.785456,-0.618909,0.00332698
0,0,0.262472,-0.803649,0.534094
16.05,20.7047,0.327661,-0.0770438,0.941649
7.99255,11.2113,-0.33062,0.278027,-0.901882
0,0,0.145344,-0.98801,0.0520676
0,0,0.745092,0.619254,0.247716
0,0,0.831338,-0.491796,0.258869
0,0,0.919797,0.388657,0.0540371
0,0,-0.376318,-0.92633,0.0172777
0,0,-0.802527,0.338557,0.491253
0,0,-0.284987,-0.850504,0.442069
0,0,-0.69104,0.668969,0.273759
0,0,-0.458364,-0.845521,0.273855
0,0,-0.58428,-0.711166,0.390973
0,0,-0.921463,-0.291222,0.257091
0,0,0.707648,-0.703541,0.0652999
0,0,0.493371,0.75394,0.433773
0,0,-0.644576,-0.514809,0.565237
0,0,-0.440342,-0.63987,0.629814
0,0,-0.497167,0.723134,0.479481
0,0,-0.401622,0.882995,0.242938
0,0,-0.926928,0.156075,0.341241
0,0,0.653448,-0.755727,0.0433901
0,0,0.549173,0.834604,0.0429588
0,0,0.927437,0.198411,0.317007
0,0,-0.810364,-0.168344,0.561222
0,0,-0.403442,-0.866259,0.294669
0,0,0.47874,0.362658,0.799554
0,0,-0.426996,0.709001,0.561241
0,0,0.969242,0.124362,0.212377
0,0,-0.00762177,0.907199,0.420632
0,0,-0.593787,0.770671,0.231264
0,0,0.161735,0.57098,0.804875
0,0,0.382831,-0.644314,0.662042
0,0,-0.60107,0.259819,0.755784
0,0,-0.509209,0.79351,0.33324
0,0,-0.619315,0.4263,0.659331
0,0,0.256781,-0.296842,0.919754
0,0,-0.58577,0.426581,0.689132
0,0,0.352862,0.898522,0.261049
0,0,-0.269755,-0.10035,0.957686
0,0,0.672203,0.290647,0.680932
0,0,0.799434,0.451478,0.396324
0,0,-0.6334,0.360024,0.684972
0,0,-0.00725524,0.794024,0.607843
0,0,0.749979,0.196635,0.631558
0,0,-0.620777,-0.333195,0.70966
0,0,-0.899907,0.435803,0.015581
0,0,-0.936227,-0.0662501,0.345093
0,0,-0.646427,-0.629795,0.430687
0,0,-0.204744,-0.446567,0.87101
0,0,-0.33545,-0.779029,0.529705
0,0,0.262348,0.886382,0.381446
0,0,0.118891,0.439424,0.890377
0,0,0.386838,-0.5962,0.703493
0,0,0.785702,0.469991,0.40222
0,0,0.695971,-0.647407,0.310627
0,0,0.448674,-0.147033,0.881517
0,0,0.172315,0.810521,0.559789
0,0,-0.0362241,-0.993509,0.107835
0,0,-0.460178,0.235534,0.856014
0,0,0.426287,0.840512,0.334393
0,0,-0.40594,0.629453,0.662571
20.2764,28.1099,-0.191703,0.354737,0.915102
0,0,-0.54862,-0.0343607,0.835365
0,0,0.793102,0.259138,0.551215
0,0,-0.850812,-0.0730781,0.520364
0,0,-0.0897823,-0.967997,0.234352
0,0,0.973651,0.203061,0.103778
0,0,-0.547664,0.832463,0.0840826
0,0,0.851396,0.517875,0.0832462
0,0,-0.662199,-0.630616,0.404742
0,0,0.410967,0.844808,0.342645
0,0,-0.940945,-0.337551,0.0260982
0,0,-0.426615,-0.224735,0.876068
0,0,0.785419,0.577154,0.22363
0,0,-0.369906,0.265364,0.890366
0,0,0.67322,0.735431,0.0769191
0,0,-0.160454,-0.924642,0.345387
0,0,0.884628,-0.106527,0.453966
0,0,-0.237734,-0.638829,0.731697
0,0,-0.935164,-0.096728,0.340753
0,0,0.651467,-0.75867,0.00335757
0,0,0.900926,0.130952,0.413745
0,0,0.306322,-0.860524,0.407021
0,0,-0.308,-0.837452,0.451453
0,0,0.591932,-0.520504,0.61538
0,0,-0.379957,-0.490903,0.783994
0,0,-0.814867,0.343649,0.466794
0,0,-0.275943,0.958522,0.071351
0,0,-0.928182,-0.372115,0.00296214
0,0,-0.501762,-0.656216,0.563574
0,0,-0.705251,-0.133791,0.696219
0,0,0.313535,-0.94454,0.0976715
0,0,-0.335155,-0.917456,0.214349
0,0,0.410559,-0.334965,0.84808
0,0,-0.459435,-0.858201,0.228934
0,0,0.0967452,0.835182,0.541398
0,0,-0.387893,0.268106,0.881849
0,0,-0.520451,0.409634,0.74922
0,0,-0.36612,-0.593364,0.716851
0,0,0.826628,0.378942,0.416041
0,0,0.787509,-0.412774,0.457654
0,0,-0.773097,-0.305862,0.555671
0,0,-0.607809,-0.289856,0.739291
0,0,0.299193,0.852356,0.42892
0,0,0.439989,0.169009,0.881956
0,0,0.303368,0.110514,0.946443
0,0,0.599081,-0.503733,0.622379
0,0,-0.263936,0.957321,0.117793
0,0,-0.182747,-0.974826,0.127741
0,0,0.850188,-0.427565,0.307195
0,0,0.109821,-0.963488,0.244195
0,0,-0.274582,-0.771512,0.573911
0,0,-0.818655,0.516098,0.251887
0,0,-0.269973,-0.592823,0.758733
0,0,0.0573318,0.630345,0.774195
0,0,0.170525,-0.878881,0.445521
0,0,0.978206,0.118648,0.1704
0,0,-0.716568,0.222573,0.661053
0,0,0.215149,-0.646313,0.732114
0,0,0.604291,-0.522807,0.601253
0,0,-0.562662,0.729575,0.388755
0,0,0.609395,-0.648531,0.456119
18.617,27.1996,0.0751255,-0.211969,0.974385
0,0,-0.70938,-0.420064,0.565974
0,0,-0.214339,-0.908929,0.35764
0,0,-0.812615,-0.425517,0.398236
0,0,0.592439,-0.487072,0.641699
0,0,-0.709714,0.621378,0.331957
0,0,-0.401252,0.624507,0.670066
0.313342,0.635092,0.0353646,-0.385497,0.922031
0,0,0.973924,-0.226734,0.00800325
3.90186,5.8838,-0.203878,0.313451,0.92746
0,0,0.856968,0.503424,0.110318
0,0,0.424738,0.381305,0.8211
0,0,-0.0996257,0.561324,0.821578
0,0,-0.986843,0.149944,0.0604844
0,0,-0.700479,-0.160325,0.695431
0,0,0.829755,-0.525366,0.18841
0,0,-0.602703,-0.530118,0.596426
0,0,-0.103621,0.837938,0.535837
0,0,-0.267327,-0.917636,0.294078
0,0,0.458257,-0.14218,0.877374
0,0,-0.601421,-0.687171,0.407539
0,0,0.248326,0.215106,0.944491
0,0,0.3742,0.609839,0.69862
0,0,0.523989,-0.345847,0.778348
0,0,-0.730806,0.0529566,0.680528
0,0,0.787653,-0.234042,0.569936
0,0,-0.906628,0.386238,0.16984
0,0,0.683696,0.0814918,0.725203
0,0,0.82728,0.310862,0.467946
0,0,-0.662633,-0.744462,0.0818197
0,0,-0.27733,0.212055,0.937081
0,0,-0.348226,-0.750994,0.561023
0,0,0.978443,0.196146,0.0646151
0,0,-0.585899,-0.409627,0.699234
0,0,-0.813451,0.106547,0.57179
0,0,-0.120797,0.992669,0.00392671
0,0,-0.193235,-0.00762293,0.981123
0,0,0.135053,-0.512391,0.848066
0,0,0.742696,-0.495355,0.450584
0,0,-0.754611,0.360228,0.54845
0,0,0.870626,-0.0807589,0.485271
0,0,-0.869162,0.00495834,0.494502
0,0,0.196073,-0.814268,0.546372
0,0,0.688878,0.684361,0.238949
0,0,0.0912128,0.819047,0.566429
0,0,0.285113,0.229114,0.930708
0,0,-0.0422216,-0.906932,0.419157
0,0,-0.430394,0.254765,0.865942
0,0,0.420947,-0.29846,0.856577
0,0,0.345343,-0.634421,0.691554
0,0,0.64244,-0.247178,0.725378
0,0,0.114026,-0.880338,0.460438
0,0,-0.682669,-0.14015,0.717162
0,0,0.622059,-0.12976,0.772143
0,0,0.10928,0.700811,0.704926
0,0,0.613325,0.6774,0.406154
0,0,-0.599739,-0.496604,0.627454
0,0,0.410843,0.878008,0.245583
0,0,-0.111467,0.907929,0.404029
0,0,-0.76157,-0.0567312,0.645595
0,0,-0.57964,0.254707,0.774043
0,0,0.457013,0.45955,0.761546
0,0,0.79395,0.452813,0.405714
0,0,-0.587616,-0.682977,0.433877
0,0,-0.495307,0.113999,0.861206
0,0,-0.341581,0.801237,0.491264
0,0,-0.0850152,-0.711618,0.697404
0,0,0.940675,-0.0746469,0.330996
0,0,0.217013,-0.786766,0.577844
0,0,0.887765,0.0100528,0.460186
0,0,0.806091,0.228405,0.545938
0,0,0.00578975,0.101103,0.994859
0,0,-0.489298,-0.424362,0.761908
0,0,0.306018,0.937888,0.163461
0,0,-0.82751,-0.50272,0.249999
0,0,-0.299926,0.242173,0.922712
0,0,0.200734,-0.979624,0.00649284
0,0,0.678829,-0.359431,0.640313
0,0,-0.160579,0.0307942,0.986543
23.9513,34.4582,-0.998197,0.0355102,-0.0483844
0,0,0.335509,0.586758,0.736987
0,0,0.474071,0.810576,0.343836
0,0,0.396164,-0.903741,0.162191
0,0,-0.979568,0.198872,0.0299317
0,0,0.669402,0.260437,0.695754
0,0,-0.835603,0.103035,0.539585
0,0,-0.758029,0.512111,0.403899
0,0,0.90872,-0.368857,0.195378
0,0,-0.34217,0.892778,0.293031
0,0,-0.261043,0.518431,0.814301
0,0,-0.893809,0.179925,0.41077
0,0,-0.578468,0.108236,0.808492
0,0,-0.892259,0.10376,0.439439
0,0,0.903256,-0.0705851,0.423256
0,0,0.0181796,-0.670543,0.741648
0,0,0.440749,0.865885,0.236606
0,0,-0.485107,-0.836246,0.255664
0,0,0.678368,0.515781,0.523247
0,0,-0.452787,-0.843393,0.289261
0,0,0.481886,-0.860623,0.164664
0,0,-0.876619,0.480204,0.0307097
0,0,0.769403,0.23901,0.592362
0,0,-0.53482,-0.345688,0.771017
0,0,0.876363,0.370546,0.307706
0,0,-0.467301,-0.870366,0.155222
0,0,0.120395,-0.964862,0.23355
0,0,-0.47023,-0.881785,0.036578
0,0,-0.811859,0.313886,0.492301
0,0,0.272841,-0.152747,0.949856
0,0,0.601852,0.0184528,0.798394
0,0,-0.70478,-0.656883,0.267938
0,0,-0.790475,-0.0489752,0.610534
0,0,0.582648,-0.502812,0.638515
0,0,-0.523051,0.0206333,0.852052
0,0,0.992132,0.0638988,0.107665
0,0,-0.197318,-0.469052,0.860846
0,0,0.524895,0.783652,0.332228
11.2499,16.7442,-0.426182,-0.58106,0.693353
0,0,0.0316288,0.999244,0.0226082
0,0,0.589233,-0.394694,0.704997
0,0,-0.38554,-0.0269943,0.922296
0,0,-0.895092,0.280108,0.346914
0,0,0.480922,-0.575441,0.6615
0,0,-0.527135,0.78818,0.31765
0,0,0.510975,-0.243387,0.82442
0,0,-0.586833,0.0622744,0.80731
0,0,-0.843648,0.433986,0.316092
0,0,0.3226,-0.819589,0.473501
0,0,-0.280177,-0.348932,0.894286
0,0,-0.952757,0.0534911,0.298988
0,0,-0.536947,-0.84327,0.0241391
0,0,-0.0225779,-0.410911,0.911396
0,0,-0.716773,-0.600694,0.354123
0,0,0.642162,0.206989,0.738095
0,0,0.798246,0.299963,0.522327
0,0,0.90292,-0.259442,0.342675
0,0,0.249095,-0.146694,0.957305
0,0,0.634067,0.282305,0.719905
0,0,-0.214845,0.564055,0.797298
0,0,-0.380154,0.825533,0.417107
0,0,-0.888719,-0.437431,0.137236
0,0,-0.402012,0.206785,0.891979
0,0,-0.107221,0.889206,0.444765
0,0,0.670717,0.542311,0.506002
0,0,-0.210087,0.282604,0.935948
0,0,-0.493355,-0.392025,0.776478
0,0,-0.401239,-0.166647,0.900686
0,0,0.103979,-0.822531,0.559135
0,0,0.262936,0.82481,0.500552
0,0,-0.69061,-0.0105903,0.72315
0,0,-0.991343,0.131297,0.000531466
0,0,-0.271231,0.958835,0.0840779
0,0,0.324435,-0.930304,0.171104
0,0,0.374967,-0.879535,0.292947
0,0,-0.804901,-0.580064,0.125143
0,0,0.402935,0.331815,0.852961
0,0,-0.173302,0.172057,0.969723
0,0,0.496914,0.655323,0.568883
0,0,0.139991,-0.388008,0.910962
0,0,0.828295,-0.187834,0.527868
0,0,0.832336,-0.0279593,0.553566
17.9836,26.3378,-0.480162,0.332533,0.811706
0.385723,0.624065,0.0241638,-0.405295,0.913867
0,0,-0.341535,0.823935,0.4522
0,0,-0.687777,0.263636,0.676357
23.3626,33.4916,0.538589,-0.706084,0.459747
0,0,-0.951799,0.103506,0.288732
0,0,0.134697,0.949564,0.283171
0,0,0.733827,0.0861982,0.673845
0,0,-0.797894,0.547143,0.252983
0,0,0.592167,0.452634,0.666679
0,0,-0.31119,0.6857,0.658009
0,0,-0.6851,-0.726854,0.0481676
0,0,-0.540639,0.566088,0.622297
0,0,0.432882,-0.377224,0.818728
0,0,0.614437,0.747604,0.252102
0,0,0.246383,-0.968887,0.0235089
0,0,-0.532488,-0.0315877,0.845848
0,0,-0.708974,0.705037,0.0167084
0,0,0.903795,0.183131,0.386805
0,0,0.770081,0.147401,0.620684
0,0,-0.639005,0.414319,0.648084
0,0,0.143479,0.879443,0.453866
0,0,-0.593727,-0.777378,0.207778
0,0,-0.409264,-0.902574,0.133655
0,0,0.000215977,0.593903,0.804536
0,0,-0.224205,0.689819,0.688391
0,0,-0.0828865,0.555774,0.827191
0,0,-0.396322,0.904087,0.159862
0,0,0.579257,0.433312,0.690436
0,0,0.407148,0.884279,0.228649
0,0,-0.538498,-0.184241,0.822238
0,0,0.190522,-0.8379,0.511493
0,0,-0.0863013,-0.598961,0.796114
0,0,0.347742,0.432188,0.832039
0,0,-0.767961,0.62227,0.151711
0,0,-0.567285,0.519198,0.639234
0,0,-0.857531,-0.190748,0.477761
0,0,-0.692764,-0.720356,0.0341454
0,0,-0.663754,0.0214214,0.747644
0,0,-0.0320718,-0.619486,0.784353
0,0,0.259711,0.87457,0.409485
0,0,0.114175,-0.61167,0.782831
0,0,0.232498,0.916157,0.326497
0,0,0.981006,0.124084,0.149099
0,0,0.903224,-0.187426,0.38608
0,0,-0.0271026,0.811983,0.583051
0,0,0.958182,0.249907,0.139406
0,0,-0.0698303,0.985309,0.155853
0,0,0.950154,0.0081776,0.311674
0,0,-0.622551,0.71978,0.307159
0,0,-0.559271,0.335537,0.758044
0,0,-0.498126,-0.431486,0.752124
0,0,-0.774203,0.437228,0.457648
0,0,-0.445774,0.866918,0.223023
0,0,-0.104027,0.982647,0.15357
0,0,0.729157,0.250939,0.636678
6.16852,9.14013,0.411199,-0.561195,0.718314
0,0,-0.701407,-0.372192,0.607866
0,0,-0.791757,0.206673,0.574811
0,0,0.276055,0.296768,0.914179
21.7882,26.816,0.209367,0.95148,-0.225501
15.2278,21.7534,-0.627144,0.418821,0.656719
0,0,-0.897728,-0.199348,0.392867
0,0,0.89069,-0.186599,0.41455
0,0,-0.40033,-0.553919,0.730006
0,0,0.48504,0.658444,0.575489
16.7493,22.9865,-0.351723,-0.515625,0.781295
0,0,0.0235897,0.050661,0.998437
0,0,0.601528,0.169531,0.780656
0,0,-0.359291,0.848456,0.388628
0,0,0.0785068,-0.89707,0.434859
0,0,-0.282249,-0.597782,0.750328
0,0,-0.823898,0.297393,0.482442
0,0,-0.308243,-0.62594,0.716369
0,0,-0.162904,0.980002,0.114276
0,0,-0.221461,0.845513,0.485863
0,0,0.198731,-0.918239,0.342554
0,0,-0.0629915,0.934712,0.34978
0,0,0.104953,-0.993531,0.0433809
0,0,0.72791,-0.141777,0.670855
0,0,-0.322304,-0.227143,0.918981
0,0,0.704222,-0.637495,0.312525
0,0,0.731905,-0.649303,0.206688
0,0,0.782116,-0.497084,0.375769
0,0,0.784521,0.128355,0.606673
0,0,-0.949006,0.16365,0.269456
0,0,0.946708,0.32198,0.00847492
0,0,-0.547949,0.593588,0.589411
0,0,-0.759923,0.197633,0.61924
0,0,0.301526,0.953443,0.00530334
0,0,0.809033,-0.487902,0.327746
0,0,-0.03419,-0.952198,0.303563
0,0,0.459467,0.221033,0.860253
0,0,0.230367,0.548643,0.803693
0,0,0.840509,-0.146989,0.521477
0,0,0.338812,-0.577717,0.742596
0,0,0.725441,-0.391531,0.566073
0,0,0.555973,0.645076,0.524185
0,0,-0.439775,0.579786,0.685891
0,0,-0.934115,0.35158,0.0618178
0,0,-0.588268,-0.154472,0.793776
0,0,0.448196,0.421036,0.788574
23.8973,33.7754,0.319669,0.630049,0.707708
0,0,0.875857,-0.2972,0.380193
0,0,0.427333,0.85584,0.291418
0,0,-0.435427,-0.895846,0.0886746
0,0,0.797711,-0.276545,0.535892
0,0,0.89718,0.126461,0.423173
0,0,-0.0522639,0.9876,0.148036
0,0,0.77478,0.178198,0.606598
0,0,-0.703046,-0.478324,0.526245
0,0,-0.602286,-0.374866,0.704788
0,0,0.0629506,0.395902,0.916133
0,0,-0.588885,0.500602,0.634518
0,0,0.947744,0.28123,0.150636
0,0,0.101216,-0.769098,0.631066
0,0,0.92446,0.318805,0.209136
0,0,-0.907739,-0.163956,0.386171
0,0,0.141276,-0.98523,0.096764
0,0,0.825349,-0.505935,0.250658
0,0,-0.788475,-0.182297,0.587431
0,0,-0.00732855,0.193694,0.981035
0,0,0.478808,-0.425985,0.767645
0,0,0.739077,0.286995,0.609425
0,0,-0.329348,-0.386882,0.861309
0,0,0.82963,0.552867,0.0777872
0,0,-0.899435,0.2031,0.386998
0,0,-0.955874,-0.0517768,0.289179
0,0,0.415022,-0.727113,0.546867
0,0,-0.400792,0.112006,0.909296
0,0,-0.184041,0.741667,0.645027
0,0,-0.403853,-0.902037,0.152422
0,0,0.562868,0.797194,0.218317
0,0,0.924699,0.310619,0.22011
0,0,-0.48306,-0.642868,0.594452
0,0,0.741752,0.56988,0.353612
0,0,-0.545695,0.780564,0.304854
0,0,-0.101879,-0.698912,0.707915
0,0,-0.500054,-0.865992,0.00197402
0,0,-0.83217,-0.0404711,0.553041
0,0,-0.977854,0.207899,0.0240932
0,0,0.72507,-0.442941,0.52733
0,0,-0.415772,0.0679581,0.906926
0,0,0.89339,0.406925,0.190435
0,0,0.0172919,0.975047,0.221326
0,0,0.438124,-0.728379,0.526794
0,0,-0.0220241,0.353228,0.935278
0,0,0.284747,0.669581,0.685988
0,0,-0.244853,-0.179207,0.952855
0,0,-0.154974,-0.861087,0.484265
0,0,0.0268085,0.999462,0.0188962
0,0,-0.644913,0.552583,0.527958
0,0,-0.772918,-0.522652,0.359767
0,0,-0.910915,-0.0594625,0.408287
0,0,-0.018048,0.174144,0.984555
11.8448,16.2304,0.250252,0.811953,0.527359
0,0,0.901755,0.364171,0.232848
0,0,-0.222598,-0.92009,0.322312
0,0,0.285085,-0.852709,0.437737
0,0,0.834807,-0.43664,0.335325
0,0,0.814749,-0.227947,0.533126
0,0,-0.516999,-0.621884,0.588194
0,0,-0.521744,0.739754,0.424909
0,0,0.00431927,0.930226,0.366963
0,0,0.339303,0.796219,0.500907
0,0,-0.153001,0.82477,0.544376
0,0,-0.352514,-0.565104,0.745916
0,0,0.622442,0.188403,0.759651
0,0,-0.221054,0.554711,0.802141
0,0,-0.248972,-0.732036,0.634142
0,0,0.606842,-0.65047,0.456762
0,0,0.925738,-0.335084,0.175295
0,0,0.419858,-0.874023,0.244546
0,0,0.892749,-0.291514,0.343538
0,0,0.488193,0.856223,0.168967
0,0,-0.535615,-0.609444,0.584547
0,0,0.293975,-0.157531,0.942742
0,0,-0.797539,0.593708,0.106966
0,0,0.759669,0.64103,0.109472
0,0,0.242412,-0.308567,0.919795
0,0,-0.887716,0.319037,0.331927
0,0,-0.681725,-0.698,0.219194
0,0,-0.00150347,-0.164281,0.986412
0,0,0.337958,0.199173,0.919845
0,0,-0.145025,0.397646,0.906005
0,0,-0.429975,-0.780557,0.453709
0,0,-0.943245,0.174673,0.282449
0,0,0.373612,0.867927,0.327289
0,0,-0.443641,-0.795528,0.412697
0,0,0.239764,0.96656,0.0909621
0,0,0.719261,0.446657,0.532129
0,0,-0.382425,-0.752699,0.535906
0,0,-0.67447,0.276163,0.684708
0,0,0.17173,-0.918084,0.357255
0,0,-0.106522,-0.670147,0.734545
0,0,-0.681344,0.0784106,0.727752
0,0,0.974188,0.201921,0.100927
0,0,-0.639421,-0.375927,0.670686
0,0,-0.0571197,-0.272629,0.960422
0,0,-0.0186635,0.422528,0.906158
0,0,0.897228,-0.259174,0.357506
0,0,0.436765,0.489093,0.754999
0,0,0.571367,-0.163315,0.804281
0,0,-0.215744,0.941818,0.257747
0,0,-0.607032,-0.517872,0.602761
0,0,-0.445053,0.874584,0.192432
0,0,-0.536664,0.375958,0.755412
0,0,-0.859126,-0.500411,0.107199
0,0,-0.962427,-0.01028,0.271344
0,0,-0.796553,0.587288,0.143516
0,0,-0.0670164,-0.982507,0.173751
0,0,0.115162,0.691604,0.713037
0,0,-0.22262,-0.865162,0.449372
0,0,-0.994161,-0.107435,0.010085
0,0,0.762193,0.578268,0.290977
0,0,0.29084,-0.644651,0.706992
0,0,0.398678,-0.494036,0.772647
0,0,-0.568557,0.454405,0.685754
0,0,0.198628,0.948912,0.24518
0,0,-0.524155,-0.0285366,0.851144
0,0,0.982984,-0.0598351,0.173672
0,0,-0.749308,-0.479867,0.45636
0,0,-0.169935,-0.669,0.723575
0,0,-0.228956,-0.726522,0.647877
0,0,0.937083,0.30649,0.167149
0,0,0.863984,-0.0981176,0.493867
0,0,-0.382904,-0.905537,0.18272
0,0,0.634003,0.609677,0.475746
0,0,-0.885961,0.323875,0.331932
0,0,-0.4148,-0.355837,0.837449
0,0,0.928069,-0.371965,0.0181961
0,0,0.397646,-0.903723,0.158625
0,0,0.742048,0.455557,0.491765
0,0,0.0404783,-0.905831,0.4217
0,0,-0.66836,-0.714822,0.20573
0,0,-0.469181,-0.188624,0.862723
0,0,-0.483161,-0.863208,0.146382
0,0,-0.657354,-0.0916741,0.747985
0,0,0.44433,-0.87945,0.1707
0,0,0.0212123,0.434928,0.900215
0,0,-0.93111,0.011877,0.364544
0,0,0.318358,-0.456514,0.830809
0,0,-0.300993,-0.767442,0.56607
0,0,-0.240781,-0.443499,0.863327
0,0,0.740232,-0.322006,0.590227
0,0,-0.188084,0.764347,0.616764
0,0,-0.347372,-0.333425,0.876447
0,0,0.030706,0.786398,0.616957
0,0,0.647859,-0.48431,0.587982
0,0,0.657408,-0.486786,0.575199
0,0,0.318926,-0.719963,0.616392
0,0,-0.815187,-0.558748,0.152549
0,0,-0.00853618,-0.374609,0.927143
0,0,0.917433,-0.372228,0.140583
0,0,0.495436,-0.41573,0.7627
0,0,-0.884833,-0.121132,0.449887
0,0,0.957352,-0.231445,0.172944
0,0,0.741352,-0.083419,0.665912
0,0,-0.340447,0.92518,0.167741
0,0,0.0777118,0.444523,0.89239
0,0,-0.919769,-0.246269,0.305578
0,0,0.0592258,-0.857191,0.511581
0,0,-0.382291,0.922127,0.0594609
0,0,0.834005,0.222575,0.504873
0,0,0.867983,-0.331786,0.36949
0,0,0.856524,0.14378,0.495675
0,0,-0.254708,0.524378,0.812497
0,0,0.375519,0.482923,0.791057
0,0,-0.356871,-0.67908,0.641478
14.2391,20.3472,0.70414,0.708056,0.0533211
0,0,0.319182,0.243637,0.91584
0,0,-0.274403,0.607161,0.745693
0,0,-0.809014,0.0188373,0.587488
0,0,0.467354,0.660357,0.587799
0,0,-0.111555,0.925372,0.362274
0,0,-0.839145,0.23374,0.491122
0,0,0.374927,0.902229,0.213102
0,0,-0.44544,0.757429,0.477373
0,0,0.0156273,0.656336,0.754307
0,0,-0.550531,0.833891,0.0392658
0,0,0.976093,-0.116831,0.183284
0,0,0.919931,-0.33256,0.207678
0,0,-0.795738,-0.48931,0.356898
0,0,0.552661,-0.824135,0.123966
0,0,-0.218242,0.541635,0.811789
0,0,0.412787,-0.906143,0.092256
0,0,-0.507731,0.0924315,0.856543
0,0,0.0777763,-0.443224,0.893031
0,0,-0.112539,0.96958,0.217368
0,0,0.323323,0.538034,0.778449
0,0,-0.210205,-0.493131,0.844177
0,0,-0.385405,0.791836,0.47377
0,0,0.989338,0.0550827,0.134821
0,0,0.351027,0.909243,0.223734
0,0,0.272536,0.57429,0.771955
0,0,0.305287,0.833997,0.459619
0,0,-0.0583345,-0.916951,0.394713
0,0,-0.2586,-0.737495,0.62388
0,0,-0.863091,0.106763,0.493635
0,0,-0.749975,0.0925644,0.654958
0,0,0.269143,0.606287,0.748317
0,0,0.900507,-0.40418,0.160391
0,0,0.0945102,0.647964,0.755784
0,0,0.419645,-0.863985,0.278258
0,0,0.356567,0.702872,0.615493
0,0,-0.159232,0.918323,0.362392
0,0,-0.420237,-0.849502,0.31898
0,0,-0.95701,-0.286156,0.047401
0,0,0.312429,-0.713679,0.626938
0,0,-0.228188,0.639639,0.734024
0,0,0.635122,0.668558,0.386847
0,0,-0.471456,0.810403,0.347816
0,0,0.425337,0.766398,0.481375
0,0,0.200642,0.448546,0.870947
0,0,0.790164,-0.584179,0.185406
0,0,-0.863006,-0.381003,0.33175
0,0,-0.971421,0.134846,0.195339
0,0,-0.521952,0.339626,0.782445
0,0,0.0687279,-0.993654,0.0890362
0,0,0.865023,0.0890195,0.493772
0,0,0.800549,0.598763,0.0246032
0,0,-0.820354,-0.0157408,0.57164
0,0,-0.262588,-0.804756,0.532368
1.07216,1.85877,0.159268,-0.581819,0.797572
0,0,-0.322857,0.151626,0.934223
0,0,-0.0268458,0.990134,0.13753
0,0,-0.811313,0.584456,0.013479
0,0,0.436199,0.763152,0.476791
0,0,-0.318004,-0.911967,0.259211
0,0,0.427292,0.110108,0.897384
0,0,0.519879,0.655621,0.54762
0,0,-0.685335,-0.587897,0.429759
0,0,0.516272,-0.855864,0.0309905
0,0,0.648404,0.382028,0.658503
0,0,0.769824,0.628349,0.11202
0,0,0.41282,0.0429973,0.909797
0,0,0.551181,-0.785958,0.280124
0,0,-0.713297,0.0737009,0.696976
0,0,-0.45199,-0.407213,0.793652
0,0,-0.793573,0.544924,0.270741
0,0,0.149882,-0.745953,0.648914
0,0,-0.659033,0.4666,0.589882
0,0,-0.667991,0.734366,0.120394
0,0,-0.832708,-0.261718,0.487956
0,0,0.662791,-0.0141669,0.748671
0,0,0.977059,0.155152,0.145889
0,0,-0.274715,0.816172,0.508325
0,0,0.788645,-0.50413,0.351983
0,0,-0.289179,0.911975,0.290995
0,0,-0.0697238,0.66756,0.741284
0,0,-0.313999,-0.942404,0.115236
5.94103,9.48935,0.373219,0.0583919,0.925904
0,0,0.992832,-0.0142873,0.118664
0,0,0.902953,-0.0547995,0.42623
0,0,0.656598,-0.094901,0.748247
0,0,-0.997841,0.0655307,0.00429538
0,0,-0.671559,-0.735472,0.0899398
0,0,0.258498,-0.403938,0.877504
0,0,-0.280156,0.851448,0.443338
0,0,0.631231,0.772129,0.0732374
0,0,-0.171838,-0.818415,0.548332
0,0,-0.974723,-0.197877,0.103734
0,0,0.646116,-0.353638,0.676369
0,0,0.531351,0.377069,0.758608
0,0,-0.406063,-0.454046,0.793067
0,0,0.583965,-0.0206415,0.811517
11.3205,16.2755,-0.0961285,-0.170492,0.980659
0,0,-0.554627,-0.676599,0.484358
0,0,0.63518,0.236733,0.73519
12.5593,18.3285,-0.272261,0.44437,0.853469
0,0,-0.0251189,-0.301715,0.953067
0,0,-0.654877,-0.667699,0.353996
0,0,-0.649764,0.736932,0.186384
0,0,-0.221189,-0.738616,0.636806
0,0,0.0287708,-0.937759,0.346093
0,0,0.828286,-0.378284,0.413332
0,0,-0.983929,-0.045381,0.1727
0,0,-0.691584,0.151133,0.706307
0,0,0.857958,0.26403,0.440677
0,0,0.482379,-0.573041,0.662522
0,0,-0.831011,0.367479,0.417587
21.8504,32.137,-0.0116731,-0.976154,0.216765
0,0,-0.181283,-0.894833,0.407934
0,0,-0.806999,0.38564,0.447252
0,0,0.725064,-0.22859,0.649637
0,0,-0.0209348,0.484117,0.874753
0,0,-0.393732,0.421168,0.817063
0,0,0.829621,0.491282,0.265277
0,0,-0.168554,0.416861,0.893206
0,0,0.833687,-0.552225,0.00371689
0,0,0.15958,0.39114,0.90639
0,0,0.709289,-0.0121352,0.704813
0,0,0.599304,-0.0955014,0.794804
0,0,0.365307,-0.271449,0.89043
0,0,-0.795564,0.486378,0.361267
0,0,0.527739,-0.485765,0.696796
0,0,-0.582799,0.633822,0.508542
0,0,0.936262,-0.348291,0.0459031
0,0,0.742959,-0.669293,0.00771973
0,0,0.766338,-0.3403,0.544906
0,0,0.674472,-0.54111,0.502282
0,0,-0.937274,-0.0957183,0.335195
0,0,-0.940329,0.209725,0.26795
0,0,0.0195606,0.987396,0.157057
0,0,-0.849683,-0.512994,0.121967
0,0,0.435069,-0.505722,0.744957
0,0,-0.472144,0.383346,0.793805
0,0,0.239617,0.76006,0.604064
0,0,-0.79264,0.609668,0.00513465
0,0,-0.771263,0.636337,0.0150869
0,0,0.382724,-0.70971,0.591467
0,0,0.0648301,-0.693683,0.717357
0,0,-0.70107,-0.475286,0.531605
0,0,-0.93712,-0.300408,0.177653
0,0,0.298712,0.124446,0.946195
0,0,0.690601,0.0100479,0.723166
0,0,-0.4902,0.748387,0.44679
0,0,-0.49114,0.516855,0.701172
0,0,-0.267517,-0.866146,0.422167
0,0,0.7889,0.302128,0.535122
0,0,-0.834695,0.0764577,0.545379
0,0,0.248659,-0.0713421,0.96596
0,0,0.003996,-0.72648,0.687176
0,0,-0.269706,-0.960653,0.0663671
0,0,-0.130413,-0.829251,0.543447
20.1157,28.1571,-0.183271,-0.0868893,0.979215
0,0,0.399248,-0.655985,0.640535
13.9532,20.5406,0.98669,-0.0300483,0.159815
0,0,0.226134,0.523132,0.821704
0,0,-0.303122,0.644513,0.70194
0,0,-0.285907,0.608013,0.74066
0,0,0.60735,-0.472039,0.638987
0,0,0.781707,0.622272,0.0413706
0,0,-0.0357248,0.767945,0.639519
0,0,0.261991,0.887052,0.380131
0,0,0.881026,0.459401,0.112887
0,0,-0.619931,0.581654,0.526653
0,0,-0.902413,-0.180569,0.39121
18.8823,28.5502,-0.257503,-0.246527,0.9343
0,0,-0.190691,-0.956054,0.222705
0,0,-0.11165,-0.984136,0.137882
0,0,0.591211,-0.697539,0.404857
0,0,-0.194949,0.881226,0.430622
0,0,-0.117843,-0.589591,0.799059
0,0,-0.411828,-0.491697,0.767223
0,0,-0.869157,0.168027,0.465115
0,0,-0.141541,0.790049,0.59648
0,0,-0.644073,0.351062,0.679651
0,0,0.0366092,0.995201,0.0907483
0,0,-0.444741,0.503505,0.740735
0,0,0.186304,0.0577701,0.980792
0,0,-0.294503,-0.278924,0.91404
10.5819,14.7155,-0.0533265,-0.270347,0.961285
0,0,-0.0647541,0.686998,0.723768
0,0,0.111693,0.858647,0.50025
0,0,0.652375,-0.677055,0.340591
0,0,0.304039,0.928302,0.214047
0,0,0.0507087,0.362024,0.930789
0,0,0.420959,-0.759307,0.496232
0,0,-0.285513,0.56641,0.773086
0,0,-0.629516,-0.776085,0.0374436
0,0,-0.908298,0.375467,0.184445
0,0,-0.268432,-0.958412,0.0969009
0,0,0.804344,-0.321618,0.499591
0,0,-0.518941,0.831086,0.199992
0,0,-0.761665,0.361685,0.537634
0,0,0.519614,0.410304,0.749435
0,0,-0.485089,-0.465116,0.740511
0,0,-0.87089,0.323457,0.370036
0,0,0.0323942,-0.970914,0.237227
0,0,-0.654773,0.563104,0.504169
0,0,-0.760691,0.607204,0.22946
0,0,0.511769,0.676688,0.529325
0,0,0.667237,-0.292904,0.684838
0,0,0.417854,0.602426,0.68006
0,0,-0.461534,0.0988159,0.881602
0,0,0.290155,-0.493669,0.819817
0,0,0.817109,-0.044249,0.574782
0,0,-0.532305,0.377413,0.757767
0,0,0.376151,-0.9174,0.129953
0,0,0.580207,0.419019,0.698415
0,0,-0.759738,0.182156,0.624194
0,0,0.320011,0.658849,0.680817
0,0,0.559974,0.54275,0.625981
0,0,-0.33474,0.94103,0.0490971
0,0,0.354975,0.785709,0.506611
0,0,-0.378031,-0.579075,0.722333
0,0,-0.207174,0.97006,0.126737
0,0,-0.174689,0.327782,0.928463
0,0,-0.146307,-0.984481,0.096914
0,0,0.787254,0.276995,0.550913
0,0,0.931566,0.0356387,0.361822
0,0,-0.988563,-0.0971103,0.115383
0,0,-0.529674,0.084613,0.84397
0,0,0.817736,-0.0764987,0.570487
0,0,0.638402,0.686329,0.348418
0,0,-0.0337756,0.826054,0.562579
0,0,0.315515,-0.838067,0.445077
0,0,-0.113607,0.68394,0.720638
0,0,0.595966,0.678438,0.429588
0,0,0.288101,0.288018,0.91326
0,0,-0.0261428,-0.183646,0.982645
0,0,-0.315064,0.143756,0.93812
0,0,0.49216,0.177435,0.852229
0,0,0.585582,-0.399811,0.705156
0,0,-0.263119,-0.953119,0.149438
0,0,0.581481,-0.427619,0.692114
0,0,0.126947,-0.291641,0.948067
0,0,-0.854047,-0.177865,0.488844
0,0,-0.961967,0.221078,0.16045
0,0,-0.299715,-0.954023,0.00324624
0,0,0.581506,0.440436,0.684008
0,0,0.465998,-0.448255,0.762832
0,0,-0.173209,-0.0402942,0.98406
0,0,0.986521,0.137159,0.0892362
0,0,-0.398623,0.913538,0.0809197
0,0,-0.516795,0.8543,0.0556267
0,0,-0.432353,0.626888,0.648138
0,0,-0.797877,0.120189,0.590717
0,0,-0.410462,0.896195,0.168392
0,0,0.366707,-0.712094,0.598705
0,0,0.167845,0.217547,0.96151
0,0,0.144342,-0.267583,0.952662
0,0,0.890771,-0.441061,0.109509
0,0,-0.723056,0.586698,0.364658
0,0,0.405804,-0.300018,0.863315
0,0,-0.637957,-0.559112,0.529532
0,0,0.81204,-0.0782377,0.578333
0,0,0.866348,0.151875,0.475789
0,0,0.290614,-0.487085,0.823585
0,0,0.649865,0.172427,0.740233
0,0,-0.855778,-0.371171,0.360384
16.7773,23.4948,0.337376,-0.60067,0.724826
0,0,0.203932,-0.429067,0.879951
0,0,-0.0321881,0.943397,0.330099
0,0,-0.886085,-0.347913,0.306283
0,0,0.830637,0.548979,0.0930839
0,0,-0.0278267,-0.665487,0.745891
0,0,0.282772,-0.806513,0.519207
0,0,-0.0735845,0.915906,0.394591
0,0,-0.496843,-0.522359,0.693028
0,0,-0.480888,0.376434,0.791861
0,0,0.408852,-0.15325,0.899641
0,0,0.561381,-0.814824,0.144614
0,0,0.261267,-0.663463,0.701111
0,0,-0.452612,-0.0412387,0.890753
0,0,-0.113267,-0.991814,0.0589503
0,0,-0.483036,-0.78266,0.392581
0,0,0.738758,-0.653312,0.165588
0,0,-0.23931,0.959571,0.148169
0,0,-0.548765,0.828078,0.114646
0,0,-0.499144,-0.288672,0.817021
0,0,-0.674202,0.348368,0.651223
0,0,-0.111578,0.939022,0.325252
0,0,0.406482,0.594637,0.693671
0,0,0.387042,-0.43074,0.815267
0,0,-0.94538,-0.117569,0.304029
0,0,-0.895665,-0.43786,0.0778645
0,0,0.173963,0.65783,0.732801
0,0,-0.406421,-0.55365,0.726838
0,0,-0.758409,-0.555285,0.341282
0,0,-0.533861,0.843135,0.0641523
0,0,-0.848965,-0.387738,0.359052
0,0,0.0426329,0.969403,0.241745
0,0,-0.0843709,0.491689,0.866674
0,0,0.219962,-0.576294,0.787084
0,0,0.576894,-0.808813,0.114084
0,0,-0.966603,0.25608,0.0100998
6.60261,9.11529,-0.944435,0.313771,-0.0979305
0,0,0.999815,0.0181254,0.00637593
0,0,-0.679031,-0.330324,0.655594
0,0,-0.992828,0.0215072,0.117597
0,0,-0.606631,-0.622653,0.49427
0,0,-0.87334,-0.340172,0.348655
0,0,0.886158,-0.132801,0.443945
0,0,-0.0166197,-0.766088,0.64252
0,0,0.773637,-0.463172,0.432385
0,0,0.186376,-0.483392,0.855334
0,0,0.70859,-0.676585,0.200334
0,0,-0.169012,0.936584,0.306995
0,0,-0.0926988,0.908014,0.408554
0,0,-0.954709,-0.267174,0.13095
0,0,0.348079,0.911982,0.217092
0,0,0.974568,0.113702,0.193105
0,0,-0.860485,-0.504144,0.0735118
0,0,-0.498842,0.856085,0.135188
0,0,0.968858,-0.093644,0.229226
0,0,-0.767928,-0.601106,0.221266
0,0,-0.368781,0.25922,0.89264
0,0,-0.609678,0.715328,0.341465
0,0,0.392876,0.292686,0.87177
0,0,-0.931843,0.163172,0.324103
0,0,-0.346354,-0.936705,0.0512019
0,0,0.54553,-0.697206,0.465082
0,0,-0.49208,-0.477929,0.727627
21.7143,30.5907,0.807085,0.587242,0.0613217
0,0,-0.896906,-0.368579,0.244356
0,0,0.921733,0.384903,0.0475279
0,0,0.886591,-0.349745,0.302712
21.9558,32.8166,0.763361,-0.323155,0.559331
0,0,-0.41601,-0.13517,0.899258
0,0,0.847004,0.169241,0.503927
0,0,-0.666507,-0.223392,0.711241
0,0,-0.083245,0.874776,0.477324
0,0,-0.103778,-0.733624,0.671585
0,0,0.730212,0.359498,0.580993
0,0,0.53463,-0.777733,0.330608
0,0,-0.700357,0.608765,0.372701
0,0,-0.401208,-0.499292,0.767945
0,0,-0.883744,0.437217,0.166851
0,0,0.976477,-0.108127,0.18655
0,0,-0.740569,0.284473,0.608796
0,0,-0.422659,-0.763706,0.487968
0,0,0.214727,0.512981,0.831109
0,0,-0.422173,-0.835741,0.351151
0,0,0.992434,-0.0604554,0.10686
0,0,0.0449746,-0.503106,0.863054
0,0,0.393507,-0.654316,0.645773
0,0,-0.872356,-0.180109,0.454484
0,0,0.270337,0.868305,0.41589
0,0,-0.726128,-0.447967,0.521597
0,0,-0.448287,-0.67898,0.5814
0,0,0.963246,0.0841103,0.255113
0,0,-0.511414,-0.0638211,0.856961
0,0,-0.200421,-0.979667,0.00916819
0,0,0.931816,0.338137,0.13184
0,0,0.578192,0.375094,0.724568
0,0,-0.767069,-0.561939,0.309563
0,0,-0.987422,-0.158105,0.00081454
0,0,0.353313,-0.124653,0.927163
0,0,-0.663212,0.441832,0.604098
0,0,0.374593,0.0584076,0.925348
0,0,-0.823198,-0.222042,0.522534
0,0,-0.836942,0.019944,0.546927
0,0,-0.299211,0.291643,0.908525
0,0,0.934966,0.313765,0.165502
0,0,-0.0722241,-0.97424,0.213638
0,0,0.740272,-0.488468,0.461949
0,0,0.16629,-0.853594,0.493686
0,0,0.186931,-0.559266,0.807638
0,0,0.974949,0.0432986,0.218175
0,0,-0.578525,0.81262,0.0704087
0,0,-0.52675,-0.833073,0.168891
0,0,0.638859,0.328894,0.695477
0,0,-0.162959,0.647009,0.744865
0,0,-0.748629,0.584625,0.312678
0,0,0.212165,0.806223,0.55226
0,0,0.971296,-0.192236,0.140104
0,0,-0.486261,0.1183,0.865768
0,0,-0.0821156,-0.585847,0.80625
0,0,0.0207471,0.830585,0.556505
0,0,0.742641,0.633776,0.216362
0,0,-0.519915,-0.590678,0.61708
0,0,-0.476856,0.539899,0.693626
0,0,0.216146,0.349439,0.911687
0,0,0.508034,-0.11213,0.854007
0,0,0.968284,-0.107094,0.225737
0,0,0.244817,-0.867396,0.43323
0,0,-0.845339,0.511207,0.155141
0,0,-0.753786,-0.363964,0.547117
0,0,0.628071,0.290128,0.722047
0,0,0.810384,-0.559248,0.174699
0,0,-0.424233,-0.905104,0.0285325
0,0,-0.276415,0.248303,0.928408
0,0,0.879707,-0.355065,0.316298
0,0,-0.0206792,0.30224,0.953008
15.7109,23.891,-0.979656,0.0623753,-0.190743
0,0,0.0263301,0.371219,0.928172
0,0,0.912475,0.405059,0.0575923
0,0,0.111021,-0.925098,0.363137
0,0,0.751305,-0.0220739,0.659586
0,0,0.366247,-0.475012,0.800141
0,0,-0.627745,0.729433,0.271779
0,0,-0.342661,-0.0631079,0.937337
0,0,-0.849923,-0.415806,0.32363
0,0,-0.378576,0.851436,0.362955
0,0,0.0523222,-0.338273,0.939592
0,0,0.600379,0.591841,0.537837
0,0,-0.55776,-0.806378,0.196617
0,0,-0.806838,-0.38104,0.451465
0,0,-0.591945,0.140763,0.793591
0,0,0.68211,0.125441,0.72041
0,0,0.625993,-0.446814,0.639133
0,0,0.574271,-0.657191,0.488173
0,0,0.332602,0.171667,0.927311
0,0,-0.95852,-0.186933,0.215163
0,0,-0.749062,-0.619583,0.234569
0,0,-0.431943,-0.0628615,0.899708
0,0,0.766526,0.130684,0.628777
0,0,-0.206812,0.857962,0.470244
0,0,0.20706,0.508177,0.835992
0,0,-0.588008,0.200538,0.783602
0,0,-0.636753,-0.440818,0.632634
0,0,0.537741,0.745507,0.39377
0,0,-0.931049,0.317863,0.179196
0,0,-0.160351,-0.897443,0.410955
0,0,0.936184,-0.261723,0.23465
0,0,-0.47678,-0.579686,0.660791
0,0,-0.347259,-0.937168,0.0335877
0,0,0.0428616,0.989445,0.138422
0,0,-0.00564199,0.907203,0.420656
0,0,0.969777,0.236429,0.0602889
0,0,-0.295277,0.373561,0.879354
0,0,-0.335817,0.230302,0.913339
0,0,-0.364838,-0.603441,0.70905
0,0,0.589669,-0.780331,0.208264
0,0,-0.894264,0.228199,0.38499
0,0,-0.0904647,-0.2672,0.959385
0,0,-0.0788891,-0.933966,0.348545
0,0,-0.768366,-0.574649,0.281765
0,0,0.822936,-0.440737,0.358507
0,0,0.577399,-0.803225,0.146424
0,0,0.780235,0.321852,0.536326
0,0,0.739639,-0.275883,0.613859
0,0,-0.955489,-0.145373,0.256725
0,0,-0.609049,-0.409479,0.679254
0,0,0.241202,0.402192,0.883212
0,0,-0.826331,0.548487,0.127823
0,0,0.814667,-0.507471,0.280698
0,0,0.624991,-0.655881,0.423328
0,0,-0.792038,0.124816,0.597576
0,0,0.2565,-0.915663,0.309467
0,0,0.262415,0.862331,0.433041
0,0,-0.323269,0.764052,0.558321
0,0,0.31484,-0.0925773,0.944619
0,0,0.58389,0.382507,0.716073
0,0,-0.0537093,0.117485,0.991621
0,0,0.0531701,-0.598525,0.799338
0,0,0.45683,-0.0319727,0.888979
0,0,0.778218,0.176738,0.602611
0,0,0.189818,-0.508662,0.839781
0,0,0.908338,0.0423897,0.416084
0,0,-0.656438,0.117161,0.745226
0,0,-0.79604,0.541162,0.271044
0,0,0.719424,0.623376,0.30632
0,0,-0.798184,0.397171,0.452942
0,0,-0.673615,0.590457,0.444526
0,0,0.212669,-0.190457,0.958383
0,0,-0.659327,0.743063,0.114655
0,0,0.923375,0.164271,0.346977
0,0,0.948838,0.126272,0.289416
0,0,0.952961,-0.261048,0.154007
0,0,-0.772252,0.595571,0.221184
0,0,-0.713534,0.687604,0.134426
0,0,-0.600777,0.0406224,0.798384
0,0,0.496227,0.785988,0.368757
0,0,0.884999,-0.324365,0.334011
0,0,0.472755,-0.496176,0.728225
0,0,0.983349,-0.0909169,0.157351
0,0,0.290562,0.639978,0.711338
0,0,-0.788695,0.0918914,0.607878
0,0,-0.38616,0.311265,0.868329
15.9925,23.6009,-0.492676,-0.153754,0.856522
0,0,0.417085,0.308066,0.855065
0,0,-0.617495,0.435692,0.654883
0,0,0.545091,0.0958198,0.832883
0,0,0.869143,-0.44019,0.225438
0,0,0.868749,0.142428,0.474331
0,0,0.203248,0.515634,0.832353
0,0,0.454331,-0.761675,0.46199
0,0,-0.594465,-0.585445,0.551239
0,0,0.49415,-0.452548,0.742304
0,0,-0.804013,0.427172,0.413628
0,0,-0.814795,-0.240542,0.527492
0,0,-0.442832,0.80509,0.394626
0,0,0.568918,0.273457,0.775598
0,0,0.79492,-0.00801775,0.606662
0,0,-0.0552142,0.869802,0.490301
18.274,26.0871,0.0556643,0.326686,0.943492
0,0,0.870938,-0.42627,0.24446
0,0,-0.813092,0.243557,0.528735
0,0,-0.778916,0.227579,0.584378
0,0,0.488639,0.19938,0.8494
0,0,-0.0653857,-0.185131,0.980536
0,0,0.863272,0.46486,0.196638
0,0,-0.0484189,-0.998578,0.022298
0,0,0.17797,0.789024,0.58802
0,0,0.0422683,0.673401,0.738068
0,0,-0.0230093,-0.841604,0.539605
0,0,0.927235,0.121699,0.354153
0,0,0.80676,-0.103936,0.581666
0,0,0.287539,-0.111692,0.951234
0,0,0.48954,-0.765992,0.41666
0,0,-0.587449,-0.800409,0.119365
0,0,0.218821,0.567856,0.79351
0,0,-0.875256,0.478179,0.0726037
0,0,-0.346887,0.286777,0.892989
0,0,0.024983,0.752097,0.658579
0,0,-0.347799,0.936856,0.0365538
0,0,-0.303521,0.483778,0.820874
0,0,-0.971963,-0.232377,0.035901
0,0,-0.435505,-0.499761,0.748715
0,0,0.315864,0.00528174,0.94879
0,0,0.594374,0.619145,0.513204
0,0,0.986749,0.0547039,0.152754
0,0,0.26244,-0.883689,0.387581
0,0,-0.95199,0.106813,0.286891
0,0,-0.987034,0.0261705,0.158366
0,0,-0.7377,-0.333994,0.586726
0,0,-0.108098,-0.324406,0.939721
0,0,0.426095,0.0690009,0.902043
0,0,0.728033,0.574215,0.374493
0,0,-0.331321,0.517377,0.789017
0,0,0.646835,0.642991,0.410082
7.00365,8.79476,-0.292035,0.411725,-0.863249
0,0,0.236287,-0.172379,0.956271
0,0,-0.649543,-0.736816,0.187607
0,0,0.166474,-0.547386,0.820155
0,0,-0.96097,0.164625,0.222342
0,0,-0.551491,0.805385,0.217284
0,0,-0.583334,0.779692,0.227599
0,0,0.692472,-0.111084,0.712842
0,0,-0.245681,-0.337405,0.908735
0,0,-0.383402,-0.148235,0.911608
0,0,0.763728,-0.0646683,0.642291
0,0,-0.987045,0.155227,0.0405816
0,0,-0.229189,0.531141,0.815697
0.594809,0.717296,0.298221,0.143594,0.943634
0,0,0.238682,0.786513,0.569586
0,0,-0.990019,-0.123221,0.0683963
0,0,-0.438913,-0.819826,0.367752
0,0,-0.864639,0.500779,0.0402469
0,0,0.396872,0.791444,0.464875
0,0,0.346232,-0.689683,0.635972
0,0,0.683552,0.590759,0.428672
0,0,0.651451,0.758677,0.00453899
0,0,-0.617245,-0.786769,0.00166395
0,0,-0.413086,0.59211,0.691929
0,0,0.898154,0.434536,0.0670727
0,0,0.874623,-0.436934,0.210054
0,0,-0.97229,0.189972,0.136244
0,0,0.455867,-0.643211,0.615195
0,0,0.274886,0.400985,0.87387
0,0,0.0178155,-0.999145,0.0373182
0,0,0.85076,0.145136,0.505116
0,0,0.711447,-0.34413,0.612713
0,0,0.969159,-0.0336898,0.244121
0,0,0.930958,0.0647911,0.359332
0,0,-0.999348,-0.0336306,0.0131341
0,0,0.382954,0.770953,0.508899
0,0,0.270649,0.0957105,0.957908
0,0,0.624646,-0.757761,0.188722
0,0,-0.615608,0.787818,0.0192385
0,0,-0.828019,-0.54832,0.117176
0,0,-0.867479,-0.465432,0.175651
0,0,0.240047,0.685289,0.687572
0,0,-0.912496,-0.373225,0.167495
0,0,0.455794,-0.697494,0.552951
0,0,0.873421,0.07808,0.480665
0,0,0.525388,-0.691289,0.496071
0,0,-0.126541,-0.886979,0.444135
0,0,-0.0618431,0.960279,0.272104
0,0,0.374242,0.784546,0.494399
0,0,-0.801649,0.548074,0.238693
0,0,0.186125,0.797485,0.573913
0,0,0.497361,0.25192,0.830161
0,0,0.447633,0.830219,0.332205
0,0,0.768395,0.0821007,0.634688
0,0,-0.0205712,0.559917,0.828293
0,0,-0.555746,0.805921,0.20405
18.6499,25.87,-0.366723,0.435366,0.822175
0,0,0.909954,0.0037761,0.414691
0,0,-0.180043,0.88358,0.432286
0,0,0.0330763,-0.979476,0.19883
0,0,-0.565586,0.0834183,0.820459
0,0,0.302953,0.707347,0.638654
0,0,0.636129,0.756769,0.150464
0,0,-0.328554,0.916109,0.229775
0,0,-0.283714,-0.91678,0.281107
0,0,-0.275649,0.334025,0.901357
0,0,0.188405,0.973111,0.132507
0,0,-0.293902,-0.686364,0.665227
0,0,-0.676323,0.0208906,0.736309
0,0,-0.895491,0.104982,0.432521
0,0,-0.449087,-0.822691,0.34857
0,0,-0.0633383,-0.549828,0.832873
0,0,-0.705399,-0.412364,0.576514
0,0,0.350666,0.44169,0.825799
0,0,-0.281752,0.579977,0.764357
0,0,-0.104773,0.948057,0.300351
0,0,0.988571,0.116914,0.095171
0,0,-0.418233,0.664954,0.618803
0,0,0.177782,0.984026,0.00927276
0,0,-0.0897898,0.993035,0.0762858
0,0,0.00219635,0.0693839,0.997588
0,0,0.480876,0.454767,0.74963
0,0,0.0822103,0.93006,0.358093
0,0,-0.590317,0.775567,0.223656
0,0,0.777169,-0.465055,0.423949
0,0,0.0856419,-0.848434,0.522327
0,0,-0.467305,0.672851,0.573496
0,0,0.596065,-0.403052,0.694446
0,0,-0.528278,0.650788,0.545342
0,0,-0.806846,-0.582288,0.0996986
0,0,-0.991881,-0.113344,0.0576588
0,0,-0.668071,0.639636,0.380193
0,0,-0.434147,-0.0619037,0.898713
0,0,0.82176,0.567653,0.0498045
0,0,-0.0394674,-0.926972,0.373049
0,0,-0.801515,0.130169,0.583635
0,0,0.533084,0.845855,0.0187184
0,0,-0.434343,0.771624,0.464695
0,0,0.564031,-0.735616,0.375152
0,0,0.751511,0.0763732,0.655285
0,0,-0.746572,0.562733,0.354911
0,0,0.0876877,-0.984686,0.150678
0,0,0.70795,0.686081,0.167632
0,0,0.657581,0.735774,0.161936
0,0,0.353844,0.579472,0.734171
0,0,0.838978,-0.511209,0.186498
0,0,-0.802417,-0.045003,0.595065
0,0,0.0283378,-0.945665,0.323907
0,0,0.605185,0.345975,0.716975
0,0,-0.84717,-0.199095,0.49261
0,0,-0.486181,-0.837071,0.250878
0,0,-0.486303,-0.814196,0.317167
0,0,0.581761,0.582644,0.567521
0,0,0.219706,0.901529,0.372793
0,0,0.0441596,-0.86549,0.498976
0,0,-0.375694,0.899032,0.224935
0,0,-0.252343,0.185981,0.949597
0,0,-0.0501243,0.564396,0.823981
0,0,0.800269,0.218792,0.558301
0,0,0.115523,0.947508,0.298132
0,0,-0.990498,0.00758802,0.137319
0,0,0.16884,-0.522193,0.835947
0,0,-0.560441,0.406891,0.72135
0,0,-0.889086,0.00488354,0.457714
0,0,-0.553405,0.342357,0.759298
0,0,0.733438,-0.665948,0.136311
0,0,0.437725,0.536841,0.721248
0,0,0.986708,-0.158801,0.0344894
0,0,-0.480769,-0.402388,0.779067
0,0,-0.327538,0.935531,0.132291
0,0,0.581742,0.797169,0.161552
0,0,-0.207664,-0.902229,0.377968
0,0,0.277872,0.249097,0.927759
0,0,0.897794,0.290503,0.33102
0,0,-0.32311,-0.0623542,0.944305
0,0,-0.702649,-0.313601,0.638701
0,0,-0.0116324,-0.855063,0.518394
0,0,0.970004,-0.227776,0.0849184
0,0,0.584185,-0.364519,0.725158
0,0,-0.626099,-0.767646,0.136821
0,0,0.917659,0.284225,0.2777
0,0,0.603889,0.787797,0.121217
0,0,0.923885,-0.153831,0.350389
0,0,-0.0870679,-0.99529,0.0426291
0,0,0.2697,0.872094,0.408305
0,0,-0.921425,0.349988,0.168771
0,0,-0.677567,-0.100982,0.728496
0,0,-0.852864,0.468322,0.230864
0,0,-0.0851541,-0.695584,0.713381
0,0,0.87719,0.443942,0.182903
0,0,0.403271,-0.303266,0.863367
0,0,-0.597118,0.555638,0.578547
0,0,0.161176,-0.949122,0.270536
0,0,-0.0697246,-0.677617,0.732102
0,0,0.258984,-0.964372,0.0539873
0,0,-0.160709,-0.874215,0.458172
0,0,-0.967136,0.200152,0.156801
0,0,-0.813095,-0.557943,0.166063
0,0,-0.177324,0.947973,0.264392
0,0,0.670763,0.456402,0.584615
0,0,0.435528,0.883455,0.172694
0,0,0.581946,-0.352751,0.732738
0,0,-0.828283,-0.40219,0.390117
0,0,0.0950561,-0.659371,0.745785
0,0,-0.397683,-0.397081,0.827149
0,0,-0.779291,0.516684,0.354603
0,0,-0.2723,-0.914936,0.297901
0,0,-0.672809,-0.558979,0.484635
0,0,0.388348,-0.894186,0.22275
0,0,-0.627425,0.568982,0.531598
0,0,-0.571535,-0.793047,0.210772
0,0,0.344803,-0.535033,0.771265
0,0,-0.371858,0.789094,0.488929
8.94948,12.7182,0.567766,-0.444534,0.692842
0,0,-0.802486,-0.596519,0.0134921
0,0,0.483363,-0.760243,0.43404
0,0,-0.0191204,0.925102,0.379237
0,0,-0.254835,-0.646963,0.718678
0,0,-0.473813,0.0213533,0.880367
0,0,-0.0194348,0.980553,0.195288
0,0,-0.615752,-0.329439,0.715765
0,0,0.0856871,-0.785317,0.613136
0,0,0.525303,-0.208171,0.825059
0,0,-0.411445,0.35969,0.837458
0,0,0.208499,0.5637,0.799231
0,0,0.219559,0.898409,0.380334
0,0,0.963422,0.262511,0.0539144
12.157,18.412,0.205649,0.0975259,0.973754
0,0,-0.0188496,-0.99019,0.138447
0,0,0.821177,-0.568172,0.053379
0,0,-0.549665,-0.641401,0.535232
0,0,0.981264,0.189166,0.036565
0,0,0.623916,0.674403,0.394853
0,0,-0.342458,0.856899,0.385288
0,0,-0.214768,-0.918545,0.331889
0,0,-0.528123,0.725859,0.440699
0,0,0.762249,0.639972,0.0970215
0,0,-0.836094,-0.163244,0.523735
0,0,0.401865,0.737915,0.542205
0,0,-0.958072,0.194967,0.209967
0,0,0.580126,0.546409,0.604062
0,0,-0.748009,-0.634197,0.195644
0,0,-0.790485,-0.594216,0.148463
0,0,-0.828265,-0.252247,0.500348
0,0,0.297132,0.334933,0.894166
0,0,-0.696111,0.471401,0.541489
0,0,0.333423,-0.593869,0.732222
0,0,-0.171232,0.925186,0.33869
0,0,0.769547,0.63807,0.025773
0,0,-0.52463,0.467272,0.711632
0,0,0.391199,-0.461214,0.796395
0,0,-0.682632,0.164456,0.712016
24.4508,33.425,0.328518,0.801267,-0.500047
0,0,-0.422629,-0.847322,0.321605
0,0,0.845603,0.490615,0.210365
0,0,0.333189,-0.0605257,0.940915
0,0,0.479705,0.442932,0.757426
0,0,0.720914,-0.0393142,0.691909
0,0,-0.790209,0.0741841,0.608331
0,0,0.48417,-0.0264198,0.874575
0,0,0.41806,-0.838822,0.348717
0,0,0.0389507,-0.0354769,0.998611
0,0,0.307979,0.221588,0.925229
0,0,0.969852,-0.231553,0.07597
0,0,0.439358,-0.861916,0.253113
0,0,0.191675,-0.216484,0.957285
0,0,0.620572,-0.756217,0.207428
0,0,0.773417,0.140464,0.618139
0,0,0.671216,-0.494021,0.552641
0,0,0.70387,-0.228375,0.672615
0,0,-0.493544,0.8022,0.335991
0,0,0.463082,-0.639373,0.613806
0,0,0.542537,-0.653295,0.528071
0,0,0.468083,-0.60907,0.64026
0,0,0.926341,-0.0321742,0.37531
0,0,-0.321399,0.749339,0.57896
21.5957,31.592,-0.354497,-0.908483,0.221337
0,0,0.444525,0.547077,0.709298
0,0,0.190934,0.590762,0.783929
0,0,-0.887826,-0.460057,0.0106483
0,0,0.511168,-0.117585,0.8514
0,0,0.238891,-0.971035,0.00460682
0,0,0.258858,0.22281,0.939866
0,0,0.146759,0.80227,0.578641
0,0,0.548922,0.672099,0.496959
0,0,-0.574186,0.333775,0.747599
0,0,-0.867921,-0.144309,0.475277
0,0,-0.1158,0.860535,0.496055
0,0,0.849622,-0.114246,0.514869
0,0,0.424886,0.829449,0.362611
0,0,0.237891,0.49429,0.836113
0,0,0.988188,0.105908,0.110763
0,0,-0.397019,0.914188,0.0814654
0,0,-0.546182,-0.34825,0.761845
0,0,0.674423,-0.591207,0.442297
0,0,-0.213177,-0.84982,0.482038
0,0,0.628134,-0.735175,0.254884
0,0,-0.963947,-0.250962,0.0884569
0,0,0.288363,-0.870234,0.399424
0,0,0.687398,0.109392,0.717995
0,0,-0.92393,0.313005,0.219958
0,0,-0.703559,-0.710272,0.0227884
0,0,0.142044,-0.0977247,0.985025
0,0,-0.966389,-0.216648,0.138403
0,0,0.196901,0.710691,0.675387
0,0,0.751219,-0.210736,0.625508
0,0,0.650615,0.13984,0.746422
0,0,0.534724,-0.827542,0.171009
0,0,-0.345047,-0.607039,0.715853
0,0,-0.747179,-0.321546,0.581663
0,0,-0.787263,-0.00916264,0.616549
0,0,-0.747595,0.563732,0.351152
0,0,0.705058,-0.150221,0.693056
17.379,25.4677,0.0181906,-0.423194,0.905856
0,0,0.155546,-0.433678,0.887541
0,0,-0.0459748,-0.99764,0.0509923
0,0,0.00151079,0.846967,0.531644
0,0,0.0358905,-0.635312,0.771421
0,0,0.800801,0.201186,0.564129
0,0,0.872477,0.301004,0.384941
0,0,-0.336997,-0.606838,0.719848
0,0,0.276283,-0.796306,0.538111
0,0,-0.223966,0.424531,0.877276
0,0,-0.473222,0.862144,0.181019
0,0,0.452865,-0.347226,0.821187
0,0,0.24706,0.967424,0.0552454
0,0,0.585315,-0.431564,0.68641
0,0,0.609243,0.641178,0.466598
0,0,-0.586751,-0.808619,0.0431179
0,0,0.319466,0.557416,0.766309
0,0,-0.215339,-0.900795,0.37709
0,0,-0.670843,-0.680699,0.294311
0,0,0.61548,0.571798,0.542431
0,0,-0.211126,0.973842,0.0840068
0,0,0.555064,-0.0982826,0.825981
0,0,-0.600153,0.497489,0.626355
0,0,-0.491703,-0.133944,0.8604
0,0,0.914998,-0.265417,0.303863
0,0,-0.919367,-0.379104,0.105095
0,0,-0.364997,-0.873875,0.321122
0,0,0.451884,-0.393197,0.800747
0,0,-0.89736,-0.437135,0.0604782
0,0,0.188238,-0.536617,0.822562
0,0,0.64315,-0.660117,0.388077
0,0,-0.41057,-0.774607,0.481058
0,0,0.999986,0.00436419,0.00286711
23.0519,31.8749,-0.0471112,0.915424,0.399724
0,0,0.991029,-0.104869,0.0828452
0,0,0.150163,0.826575,0.542426
0,0,-0.381524,0.609123,0.695276
0,0,-0.600568,-0.375451,0.705942
0,0,0.212081,-0.22586,0.950794
0,0,-0.511691,-0.839113,0.184556
0,0,-0.475081,0.148996,0.867236
0,0,-0.415806,-0.840137,0.348246
0,0,0.682487,-0.0525273,0.729008
0,0,0.00812986,-0.905863,0.423493
0,0,0.336684,-0.681726,0.649533
0,0,0.0178748,0.861715,0.507078
0,0,0.0221721,0.875228,0.483202
0,0,0.487637,-0.802452,0.34392
0,0,0.482351,-0.725029,0.491599
0,0,-0.900229,0.02374,0.434769
0,0,-0.637755,-0.461024,0.61703
0,0,-0.116028,-0.992676,0.033644
0,0,-0.0369243,-0.687228,0.725503
0,0,-0.887786,-0.063223,0.455893
0,0,0.302163,0.0325848,0.952699
0,0,0.449641,0.529526,0.719323
0,0,-0.368446,0.199456,0.908001
0,0,0.261386,-0.151048,0.953343
0,0,0.519303,-0.583687,0.624206
0,0,0.318742,0.882555,0.345688
0,0,0.547295,-0.312543,0.776392
0,0,0.872239,0.48777,0.0357644
0,0,-0.614358,0.697091,0.369632
0,0,0.65892,-0.520487,0.543063
0,0,0.762849,0.505649,0.402964
0,0,0.391992,0.034369,0.919327
0,0,0.494337,-0.799115,0.34212
0,0,0.892544,-0.196253,0.406017
0,0,0.795907,0.120198,0.593366
0,0,0.828708,0.447306,0.336393
0,0,-0.75099,0.609825,0.253235
0,0,0.0410892,0.998486,0.0365714
0,0,-0.789486,0.50132,0.354105
0,0,-0.605659,0.794771,0.0389476
0,0,-0.979582,-0.146507,0.137675
0,0,-0.370913,-0.926487,0.0635991
0,0,0.812813,-0.399024,0.424399
0,0,-0.100342,-0.698756,0.708288
0,0,0.880416,0.280995,0.381981
0,0,-0.72849,0.682054,0.0640706
0,0,-0.391072,0.798546,0.457588
0,0,-0.302102,0.481787,0.822566
0,0,-0.0989415,0.990265,0.0979117
0,0,0.0493477,-0.957099,0.285529
0,0,0.219209,-0.932072,0.288425
0,0,0.587656,-0.808832,0.0212651
0,0,0.420404,0.396691,0.816025
0,0,0.2146,0.577201,0.787899
0,0,-0.705247,-0.548073,0.449714
0,0,-0.542422,0.433268,0.719762
0,0,-0.360184,0.538535,0.76174
0,0,-0.805398,0.303501,0.509138
0,0,0.808423,-0.51307,0.288464
0,0,0.303728,-0.392224,0.86828
0,0,-0.448999,0.327453,0.831369
0,0,-0.869088,-0.485797,0.0932027
0,0,0.166611,0.975226,0.145514
0,0,-0.276936,-0.338156,0.89942
0,0,0.985002,-0.120162,0.123827
0,0,-0.469683,-0.407064,0.783388
0,0,0.464574,-0.86924,0.169095
0,0,-0.140447,0.616999,0.77433
0,0,0.903783,0.230151,0.360841
0,0,0.654271,-0.352204,0.66924
0,0,-0.216868,0.651462,0.727025
0,0,0.70433,0.400824,0.585883
0,0,0.410319,0.494615,0.766155
0,0,0.266341,-0.789404,0.553086
0,0,0.0887965,-0.954653,0.284171
0,0,0.605427,-0.756412,0.247586
0,0,0.793154,-0.322372,0.516705
0,0,-0.752592,-0.249163,0.609527
0,0,-0.0794935,-0.298893,0.95097
0,0,-0.822061,0.569306,0.0102661
0,0,-0.238563,-0.637101,0.732932
0,0,-0.161334,0.915463,0.368646
0,0,-0.545645,0.837867,0.0158656
0,0,-0.408319,0.260644,0.874838
0,0,0.0742987,-0.997205,0.00789934
0,0,-0.655303,-0.661502,0.364683
0,0,-0.808066,0.300954,0.506414
0,0,0.825526,-0.564196,0.0137511
0,0,0.115234,-0.460495,0.880151
0,0,0.0429274,-0.142723,0.988831
0,0,-0.517882,-0.789122,0.330281
0,0,0.368993,0.617429,0.694712
0,0,-0.107586,-0.284886,0.952505
0,0,0.512961,-0.549017,0.659887
0,0,0.199223,-0.968086,0.152049
0,0,0.473044,0.77894,0.411681
0,0,0.942781,-0.147075,0.299221
0,0,-0.54788,-0.354658,0.757658
0,0,0.837481,0.519945,0.168177
0,0,0.805888,0.534699,0.254245
0,0,-0.911672,0.349791,0.215641
0,0,0.565987,0.762805,0.31271
0,0,0.902317,-0.372289,0.217312
0,0,-0.354516,0.364953,0.860888
0,0,-0.320613,0.188186,0.928328
0,0,-0.459302,-0.70284,0.543192
0,0,-0.690381,-0.370774,0.621209
0,0,-0.010523,-0.0958253,0.995343
0,0,0.760053,-0.546001,0.352424
0,0,0.754239,-0.653922,0.0592449
0,0,0.46627,-0.882179,0.0659706
0,0,-0.915157,-0.20122,0.349282
0,0,0.249262,-0.966903,0.0544746
0,0,-0.72655,0.39577,0.561686
0,0,0.780985,0.226072,0.582197
14.3265,21.3998,-0.907303,0.101557,-0.408028
0,0,-0.600448,-0.75037,0.276417
0,0,0.138984,-0.22688,0.963955
0,0,-0.187754,0.962513,0.195748
0,0,0.411651,-0.0710459,0.908568
0,0,0.475104,-0.626385,0.617996
0,0,0.551922,-0.590744,0.588561
0,0,-0.0683357,0.0744735,0.994879
0,0,0.180936,-0.827217,0.531954
0,0,-0.554679,-0.522318,0.6477
0,0,-0.458265,-0.205852,0.864649
0,0,-0.320535,-0.658266,0.681134
0,0,0.98397,-0.0909709,0.153384
0,0,-0.111049,0.093769,0.989381
0,0,0.911366,0.410601,0.0286322
0,0,0.42138,-0.899372,0.116489
0,0,-0.523294,-0.250453,0.814516
0,0,-0.875812,-0.21303,0.433096
0,0,0.166749,0.228433,0.959173
0,0,0.464546,0.392972,0.79358
0,0,-0.00858864,-0.445504,0.895239
0,0,0.0266912,-0.76987,0.637642
0,0,0.223299,-0.849302,0.478355
0,0,-0.0433609,-0.744676,0.666016
0,0,-0.862109,0.498256,0.0922402
0,0,0.672423,0.627603,0.392379
0,0,-0.310744,0.630451,0.711315
5.23854,7.33588,-0.137226,0.548812,0.824606
0,0,0.280599,0.927633,0.2465
0,0,0.426172,0.620646,0.658161
0,0,-0.580451,0.134936,0.803037
0,0,0.437551,0.897549,0.0543565
0,0,-0.719732,0.053105,0.692218
0,0,-0.131187,-0.991109,0.0222228
0,0,-0.0575102,0.93315,0.354858
0,0,-0.215596,-0.434152,0.87466
0,0,0.745374,0.65068,0.145031
0,0,-0.786344,-0.16084,0.596485
0,0,-0.564776,-0.609212,0.556677
0,0,0.716214,-0.251915,0.650827
0,0,0.00706852,0.469777,0.882757
14.6368,21.4265,0.703577,0.66028,0.262699
0,0,-0.537889,0.00492116,0.843002
0,0,-0.103171,0.764299,0.636556
0,0,0.552892,-0.348751,0.756759
0,0,0.991253,-0.0464206,0.123545
0,0,0.343355,-0.710494,0.614252
0,0,-0.890398,-0.445632,0.0927602
0,0,0.22075,0.898812,0.37869
0,0,-0.429083,0.872406,0.234083
0,0,0.394986,0.323511,0.859841
0,0,0.670328,0.079442,0.737801
0,0,-0.959536,0.280857,0.0202643
0,0,0.822945,0.109288,0.55751
0,0,0.133645,-0.987491,0.083673
0,0,0.843339,0.158534,0.513465
0,0,0.0349369,0.228571,0.9729
0,0,-0.995297,-0.0956244,0.0155014
0,0,-0.223133,-0.444748,0.867416
0,0,-0.0934761,-0.636385,0.765687
0,0,0.789143,-0.277442,0.547978
0,0,0.23086,0.295062,0.927169
0,0,0.970817,-0.224266,0.0849636
0,0,0.711696,-0.414733,0.566997
0,0,0.380991,-0.923548,0.0436432
0,0,0.38766,-0.12938,0.912678
0,0,0.729953,0.150753,0.666665
0,0,-0.611321,0.657492,0.440444
0,0,0.255333,-0.0892071,0.962729
0,0,0.519431,-0.84899,0.0969908
0,0,-0.983258,-0.180658,0.023782
0,0,0.399314,0.204409,0.893737
0,0,0.640463,-0.276685,0.716416
0,0,-0.848548,0.113821,0.516731
0,0,-0.369195,-0.620922,0.691485
0,0,-0.561165,-0.382628,0.733955
0,0,0.213653,-0.371516,0.903509
0,0,-0.661412,0.56335,0.495147
0,0,0.331303,0.829582,0.449479
0,0,0.59425,-0.168745,0.786379
0,0,-0.0737556,0.258889,0.963087
0,0,-0.93964,0.335803,0.0656767
0,0,0.48075,0.143934,0.864964
0,0,0.998402,-0.0520497,0.0220105
0,0,-0.46869,0.671861,0.573527
0,0,-0.521374,0.580617,0.625342
0,0,-0.440046,-0.866981,0.233889
0,0,-0.841821,0.0710069,0.535065
0,0,-0.773699,0.579845,0.255283
0,0,-0.686102,0.528556,0.499892
0,0,0.623302,0.638866,0.450938
0,0,0.113989,-0.564543,0.817495
0,0,0.994145,-0.0297421,0.103882
0,0,0.170837,0.83221,0.527485
0,0,-0.881353,-0.3981,0.254429
0,0,-0.620767,-0.165237,0.766384
0,0,0.529349,-0.796946,0.290975
0,0,-0.598324,-0.567024,0.56612
0,0,0.645557,-0.230066,0.728235
0,0,0.321966,-0.946489,0.0222604
0,0,-0.871415,-0.0964248,0.480977
0,0,-0.647369,0.745835,0.156982
0,0,-0.670642,-0.0223165,0.741446
0,0,0.731658,-0.485686,0.478316
0,0,-0.871719,0.489199,0.0281097
0,0,0.257082,-0.569895,0.780467
0,0,-0.824725,0.482852,0.294419
0,0,0.236231,0.156883,0.958949
0,0,-0.2529,0.519347,0.816285
0,0,0.685624,0.703333,0.187731
0,0,0.347788,0.821742,0.451424
0,0,-0.774371,0.256197,0.578544
0,0,-0.645141,0.293281,0.705534
0,0,0.716092,-0.0293897,0.697387
0,0,0.517948,-0.113539,0.847844
0,0,0.00658911,-0.8971,0.441778
0,0,-0.54657,0.608668,0.575138
0,0,0.427116,0.900276,0.084108
0,0,-0.576826,0.766216,0.283169
0,0,0.129546,-0.0809133,0.988267
0,0,-0.909458,-0.0218813,0.41522
0,0,0.906907,0.320399,0.273612
0,0,0.454504,0.763168,0.459347
0,0,-0.95571,0.0440505,0.290995
0,0,0.991005,0.0404357,0.127571
0,0,0.491669,0.156766,0.856555
0,0,-0.828167,0.201163,0.523138
0,0,-0.66671,0.63889,0.383819
0,0,-0.597366,-0.801455,0.0286941
0,0,-0.0378446,0.674523,0.737283
0,0,-0.357684,0.460433,0.812443
0,0,0.305068,0.765732,0.566204
0,0,0.469732,-0.614211,0.634111
0,0,0.568733,0.178576,0.802903
0,0,0.240135,0.346888,0.906644
0,0,0.902266,0.137538,0.408655
0,0,0.259447,0.907302,0.330893
0,0,-0.0272933,0.833418,0.551969
0,0,-0.538233,-0.596863,0.59503
0,0,-0.564595,-0.252205,0.785891
0,0,-0.232513,0.513687,0.825871
0,0,0.671635,-0.730807,0.12177
0,0,0.440995,0.681979,0.583462
0,0,-0.210894,0.396028,0.893692
0,0,0.609325,-0.177396,0.772822
0,0,-0.0765155,-0.473772,0.877317
0,0,0.374327,0.667874,0.643292
0,0,0.463269,0.151538,0.873165
0,0,-0.786643,-0.445592,0.427365
0,0,-0.263237,0.964316,0.0282859
0,0,0.836796,0.52097,0.16841
0,0,0.886412,0.0828213,0.455427
0,0,-0.450834,-0.532081,0.716686
0,0,-0.10134,0.362979,0.92627
0,0,0.789804,0.553348,0.264604
0,0,0.578823,-0.788463,0.208062
0,0,-0.886442,-0.315679,0.338477
0,0,-0.363292,0.876381,0.316189
0,0,0.797388,0.50663,0.327871
0,0,0.361659,0.502051,0.785587
0,0,-0.409241,-0.89665,0.168939
0,0,0.0395676,0.961432,0.272182
0,0,-0.842829,-0.30529,0.443212
0,0,-0.794632,0.591015,0.138783
0,0,0.21938,0.962083,0.162075
0,0,-0.268887,0.89422,0.357868
0,0,-0.925533,-0.349138,0.146598
20.1585,26.6289,-0.54941,0.173153,0.817415
0,0,-0.744689,-0.608574,0.274
0,0,-0.636442,-0.694848,0.334855
0,0,-0.740454,0.258424,0.620439
0,0,-0.579811,0.796369,0.172094
0,0,0.0736007,-0.934497,0.348278
0,0,-0.161262,-0.975304,0.150918
0,0,-0.403838,-0.528605,0.746654
0,0,-0.510912,-0.684604,0.519891
7.6018,10.9978,0.508196,-0.653514,0.560942
0,0,-0.402163,0.502629,0.765264
0,0,0.3816,-0.284746,0.879375
0,0,0.337493,0.937336,0.086596
0,0,-0.124588,-0.942729,0.309417
0,0,-0.367951,0.823821,0.431198
0,0,0.408248,-0.194132,0.89199
15.6923,22.0654,-0.0523125,0.3489,-0.935699
0,0,0.119938,-0.860591,0.494973
0,0,-0.996821,-0.0381105,0.0699639
0,0,0.504142,-0.425429,0.751566
0,0,0.555801,0.0564766,0.829395
0,0,-0.240138,-0.868876,0.432883
0,0,0.942494,-0.125941,0.309587
0,0,0.601461,0.470119,0.645935
0,0,0.423206,-0.727795,0.53964
0,0,-0.992663,0.0597994,0.105088
0,0,-0.388825,-0.15505,0.908171
0,0,0.17546,-0.0539941,0.983005
0,0,-0.476202,0.185984,0.859443
0,0,-0.341611,0.357206,0.869313
0,0,-0.335178,-0.885481,0.321836
0,0,0.349308,-0.261005,0.899922
0,0,-0.936957,0.27337,0.217668
0,0,0.518373,-0.0935821,0.850019
0,0,0.952058,0.154674,0.263934
0,0,-0.209033,0.519065,0.82878
0,0,0.80582,-0.147853,0.573405
0,0,0.761276,-0.0635899,0.645303
0,0,-0.829682,0.00450826,0.558218
0,0,-0.619026,0.264896,0.739349
0,0,0.531805,-0.832649,0.15453
0,0,-0.760691,-0.638537,0.116708
0,0,0.267435,-0.121355,0.955904
0,0,0.044429,-0.998937,0.0122732
0,0,-0.65073,0.628438,0.426164
0,0,0.111487,0.77018,0.628007
0,0,-0.226654,-0.948426,0.221622
0,0,0.692563,0.337821,0.637364
0,0,-0.987721,-0.156158,0.00457726
0,0,0.702108,-0.70176,0.120735
0,0,0.052823,-0.76341,0.643751
0,0,-0.611433,-0.367551,0.700754
0,0,-0.128134,-0.284863,0.949966
0,0,0.825411,-0.543441,0.152869
0,0,0.155131,-0.245264,0.956964
0,0,0.822726,0.0924112,0.560876
0,0,-0.557102,-0.156915,0.815485
0,0,-0.629752,0.0268566,0.776332
0,0,-0.497051,0.617839,0.609275
0,0,0.501162,0.845084,0.1862
0,0,0.0764049,-0.545084,0.834893
12.0649,18.0281,0.30426,0.792395,0.528712
0,0,-0.986633,-0.16129,0.0232779
0,0,-0.276955,-0.911065,0.305378
0,0,0.793766,-0.546446,0.267082
0,0,0.419312,0.905318,0.0676499
0,0,-0.334639,0.791069,0.51208
0,0,0.98301,-0.0226217,0.18215
0,0,0.889562,-0.452802,0.0604046
0,0,-0.299068,-0.394475,0.868877
0,0,-0.0277962,0.499303,0.865982
0,0,0.233808,-0.647681,0.725151
0,0,-0.256579,-0.957917,0.128696
0,0,0.379332,-0.631168,0.676561
0,0,0.961523,0.147004,0.232083
0,0,-0.0387734,0.130402,0.990703
0,0,0.975936,0.201819,0.0825701
0,0,-0.863053,0.102632,0.494576
0,0,-0.921113,-0.064865,0.383853
0,0,-0.667752,0.364254,0.649173
15.9539,19.2534,0.592775,-0.69389,0.408821
0,0,0.876941,0.325405,0.353675
0,0,0.869565,0.492476,0.0363873
0,0,-0.954201,0.127341,0.27071
0,0,-0.743717,0.285494,0.604465
0,0,0.408331,-0.502282,0.762219
0,0,0.0327986,0.815714,0.577524
0,0,0.561656,-0.114041,0.819473
0,0,-0.365593,0.022719,0.930498
0,0,-0.831884,-0.258761,0.49093
0,0,0.867546,0.133808,0.479018
0,0,-0.63306,0.297885,0.714493
0,0,-0.85529,-0.399471,0.330005
0,0,-0.832589,0.493975,0.250569
0,0,-0.867573,0.491424,0.0762866
0,0,-0.549906,-0.344618,0.760817
0,0,0.144734,0.312828,0.938718
0,0,0.344835,-0.299694,0.889535
0,0,-0.073787,-0.960356,0.268834
0,0,0.4211,-0.891623,0.166383
0,0,0.23428,0.442533,0.865608
0,0,-0.268626,0.724123,0.635206
0,0,-0.177775,-0.621455,0.763014
0,0,-0.236077,0.695266,0.678877
0,0,-0.642912,-0.698571,0.314105
0,0,-0.898935,-0.43796,0.0103469
0,0,-0.423312,-0.273615,0.863679
0,0,0.963476,0.242888,0.112778
0,0,-0.248875,0.294677,0.922619
0,0,0.246825,-0.273996,0.929518
0,0,-0.610156,0.684831,0.398391
0,0,-0.64969,-0.00129418,0.760198
0,0,0.14927,0.78108,0.606327
0,0,0.631854,0.730835,0.258148
0,0,0.792276,-0.370701,0.484644
0,0,0.758467,-0.643108,0.105549
0,0,0.902413,0.241084,0.357111
0,0,0.0379054,0.749401,0.66103
0,0,-0.52648,0.635091,0.565224
0,0,-0.101665,-0.852042,0.513507
0,0,0.274329,0.870414,0.408806
0,0,0.508105,-0.763833,0.397981
0,0,0.734223,-0.320693,0.598392
0,0,0.504816,0.269499,0.82008
0,0,-0.237747,-0.455123,0.858102
19.5213,27.6181,0.0601041,-0.00570675,0.998176
0,0,-0.137031,-0.899362,0.415175
0,0,-0.932603,-0.0329545,0.359395
0,0,0.0985053,-0.930388,0.353094
0,0,-0.544395,-0.542046,0.640173
0,0,-0.422275,0.520142,0.742385
0,0,-0.886997,-0.461387,0.0189416
0,0,0.491231,0.770338,0.406537
0,0,-0.672116,0.0396509,0.739383
0,0,0.607141,0.634063,0.478899
0,0,0.762388,0.180194,0.621526
0,0,0.289951,-0.830428,0.475728
0,0,0.410587,-0.795904,0.444922
0,0,-0.761553,-0.451908,0.46456
0,0,-0.956365,0.121424,0.265748
0,0,0.292577,-0.612446,0.734376
0,0,0.742632,0.125094,0.657913
0,0,0.00811556,-0.942449,0.334251
0,0,-0.978185,-0.122326,0.167898
0,0,-0.441791,-0.884405,0.150493
0,0,0.349721,-0.918276,0.185647
0,0,0.179183,0.419663,0.889818
0,0,0.494827,-0.193707,0.847127
0,0,0.17848,0.118422,0.976791
0.536047,0.498929,-0.143645,0.983041,-0.113998
0,0,-0.586124,0.350317,0.730573
0,0,0.564194,0.376168,0.734971
0,0,0.00221553,-0.841598,0.5401
0,0,-0.705037,-0.261033,0.659382
0,0,-0.416197,-0.146429,0.897406
0,0,0.551648,0.723549,0.414923
0,0,0.416877,-0.80105,0.429572
0,0,0.899706,-0.20354,0.386136
0,0,-0.581127,0.215008,0.784897
21.6747,31.045,-0.437908,-0.0965615,-0.893819
0,0,-0.165116,-0.30763,0.93707
0,0,0.312717,-0.880825,0.355464
0,0,-0.00781168,0.450923,0.892528
0,0,0.0927322,-0.400499,0.911593
11.5121,17.5564,-0.329862,0.692785,0.64128
0,0,0.273083,0.165963,0.947566
0,0,0.443556,0.894801,0.0508803
0,0,0.242443,0.91219,0.330349
0,0,0.800664,0.224405,0.555499
0,0,-0.313958,0.123177,0.941413
0,0,0.00208766,0.715417,0.698694
0,0,0.935298,-0.0652773,0.347788
0,0,-0.0452516,-0.979558,0.196008
0,0,0.911789,-0.331916,0.241813
0,0,0.861052,0.387834,0.328899
0,0,0.187177,0.885735,0.42478
0,0,0.930829,0.363999,0.0325915
0,0,0.74735,-0.418493,0.516073
0,0,-0.503085,0.590096,0.631421
0,0,0.242595,0.626582,0.740636
0,0,0.350229,-0.420235,0.837104
0,0,0.99356,-0.103188,0.0467947
0,0,-0.632196,-0.77015,0.0848342
14.3834,19.9722,-0.240951,0.217727,0.9458
0,0,-0.159768,0.430459,0.888358
0,0,0.286687,-0.0224313,0.957762
0,0,-0.226658,0.811318,0.538878
0,0,0.545681,-0.807759,0.223066
0,0,0.0923679,-0.667814,0.738575
0,0,0.356268,-0.856451,0.373584
0,0,-0.0700069,-0.320338,0.944713
0,0,-0.358806,0.830522,0.426019
0,0,0.0567889,-0.997822,0.0335659
0,0,0.243842,-0.647175,0.722292
0,0,0.892747,-0.430412,0.133221
0,0,-0.14397,-0.705644,0.693786
0,0,-0.383763,-0.774916,0.502225
0,0,-0.667055,-0.60461,0.435298
0,0,-0.68569,0.685989,0.243409
11.2658,15.7211,-0.22931,-0.0431393,0.972397
0,0,0.899161,-0.259836,0.352128
0,0,-0.456154,0.422869,0.78301
0,0,0.588045,-0.797182,0.136761
0,0,0.702789,0.698064,0.137093
0,0,0.385497,-0.637425,0.667144
0,0,-0.879228,-0.264344,0.396333
0,0,0.300621,0.497169,0.81391
0,0,-0.260415,-0.564895,0.782993
0,0,0.635552,0.54517,0.546684
0,0,-0.782613,-0.622149,0.0211423
0,0,0.606111,-0.751428,0.260742
0,0,-0.15399,0.675868,0.720756
0,0,0.808175,0.140269,0.571994
0,0,-0.0629442,-0.529777,0.845798
0,0,-0.767313,-0.426525,0.478861
0,0,-0.288638,-0.339313,0.895296
0,0,-0.494525,-0.717979,0.489849
0,0,0.0478933,0.325642,0.944279
0,0,-0.197167,-0.614495,0.763885
0,0,0.314503,0.919749,0.234838
0,0,-0.310872,0.872711,0.376475
0,0,-0.620616,-0.638422,0.455252
0,0,0.608228,-0.139474,0.781412
0,0,-0.723265,-0.618343,0.307473
0,0,0.749118,0.197949,0.632169
0,0,0.662709,-0.748131,0.033424
0,0,-0.0337865,0.75397,0.65604
0,0,0.870824,0.488192,0.0577392
0,0,0.0723244,-0.971091,0.227491
0,0,-0.760276,-0.648618,0.0357169
0,0,-0.419882,-0.361872,0.832315
0,0,0.265129,-0.884426,0.384054
0,0,0.653845,0.4723,0.591117
0,0,0.174767,0.886843,0.427745
0,0,-0.517656,0.639301,0.568619
0,0,-0.0676423,-0.929775,0.361861
0,0,0.164117,0.834813,0.525502
0,0,0.83118,-0.550291,0.0795006
0,0,-0.899855,-0.0246708,0.435491
0,0,0.463639,0.00048653,0.886024
0,0,0.869102,-0.364382,0.334494
0,0,-0.462592,0.522524,0.716224
0,0,0.375868,-0.290585,0.879934
0,0,-0.262971,0.808983,0.52573
0,0,-0.380095,-0.734253,0.562495
0,0,0.89871,-0.225071,0.376381
0,0,0.358394,0.194803,0.91302
0,0,-0.0154122,0.675585,0.737121
0,0,-0.476511,-0.747797,0.462317
0,0,0.142906,-0.575637,0.805121
0,0,0.127843,0.731796,0.669426
11.4138,17.377,0.205495,-0.0376706,0.977933
0,0,-0.809398,0.437148,0.392143
0,0,-0.749454,0.126607,0.649838
0,0,-0.704772,0.551652,0.446067
0,0,0.535005,0.0937083,0.839636
0,0,-0.672452,0.731574,0.11229
0,0,-0.42333,-0.807526,0.410722
0,0,-0.251045,0.92417,0.287899
0,0,0.639331,-0.638447,0.428533
0,0,-0.74032,0.209254,0.638857
0,0,-0.786457,-0.604292,0.127737
0,0,0.472258,-0.870106,0.141023
0,0,-0.383407,-0.923214,0.0259922
0,0,-0.493942,0.336506,0.801739
0,0,-0.23299,0.97225,0.0211159
0,0,0.432959,0.46663,0.771234
21.5797,31.2115,0.46945,-0.584284,0.661989
0,0,0.284674,-0.683172,0.672486
0,0,-0.823384,-0.27433,0.496771
0,0,-0.694665,-0.380963,0.61017
0,0,-0.35452,-0.9341,0.0420959
0,0,0.496336,-0.377916,0.781556
0,0,0.839865,0.537423,0.0761831
0,0,0.448492,-0.863369,0.23119
0,0,-0.12071,-0.168577,0.978269
0,0,-0.97183,-0.00463149,0.235639
0,0,-0.755439,-0.528217,0.387683
0,0,-0.229563,-0.884755,0.405597
21.915,31.1489,-0.0305398,0.985022,0.169702
19.1377,27.3559,-0.158739,0.979342,-0.125267
0,0,0.971896,0.171819,0.160924
0,0,-0.912011,0.398059,0.0989156
0,0,0.580564,-0.702197,0.412146
0,0,-0.0714656,-0.994753,0.073212
0,0,-0.028025,0.949465,0.312619
0,0,0.176594,-0.684846,0.706965
0,0,0.0690051,0.503399,0.861294
0,0,0.284597,-0.655516,0.699503
0,0,0.0649494,0.447905,0.891719
0,0,-0.268834,-0.3243,0.90695
0,0,-0.0387552,0.588049,0.807896
0,0,-0.811729,-0.572499,0.1155
0,0,-0.657822,-0.129013,0.742042
0,0,-0.784989,-0.125277,0.606711
0,0,0.65211,0.693589,0.306082
0,0,-0.998013,0.0151508,0.0611516
0,0,0.197844,0.125868,0.972119
0,0,0.666418,-0.0552975,0.743524
0,0,-0.493084,0.810619,0.315857
0,0,-0.286186,0.837977,0.464642
0,0,-0.419862,0.324055,0.847764
0,0,0.635555,0.698516,0.328853
0,0,0.468786,-0.861806,0.193729
0,0,0.587839,0.0618742,0.806608
0,0,-0.098801,-0.192971,0.976217
0,0,-0.0275994,0.7893,0.613387
0,0,0.963048,0.133947,0.233659
0,0,-0.124757,-0.979821,0.156165
0,0,0.915628,-0.0215258,0.401449
0,0,0.584222,0.739657,0.334054
0,0,0.657126,-0.0967593,0.747545
0,0,-0.132699,-0.989871,0.0504601
0,0,-0.730664,0.276562,0.624214
0,0,0.774664,-0.464746,0.428843
0,0,-0.726491,0.614949,0.306673
0,0,-0.934981,-0.304674,0.181617
0,0,0.320321,-0.935222,0.150847
0,0,0.0966706,-0.99481,0.0317416
0,0,0.000737358,-0.0673293,0.997731
0,0,-0.659544,0.221068,0.718422
0,0,0.0972913,-0.965651,0.240942
20.5126,31.1486,-0.332576,-0.877994,-0.344267
0,0,-0.00494618,-0.775762,0.631007
0,0,-0.680997,-0.114564,0.723269
0,0,0.149825,0.962065,0.228
0,0,0.802621,-0.525928,0.281424
0,0,0.889313,-0.0260691,0.456555
0,0,-0.00635261,0.974669,0.223562
0,0,0.167922,-0.909147,0.381122
0,0,-0.704658,-0.626905,0.332335
0,0,-0.157296,-0.356365,0.921011
0,0,0.880459,0.131411,0.455547
0,0,-0.246942,0.595736,0.764276
0,0,0.256488,0.370861,0.892567
0,0,-0.123966,-0.772552,0.622733
0,0,0.923672,0.242383,0.296784
0,0,0.494137,-0.720446,0.486607
0,0,0.112479,-0.946381,0.302839
0,0,-0.997709,-0.0296049,0.060834
0,0,-0.319081,-0.482513,0.815702
0,0,-0.398477,0.450114,0.799133
0,0,-0.729573,0.442909,0.521109
0,0,0.679309,0.729122,0.0831877
0,0,0.949362,-0.271668,0.157824
0,0,0.429071,-0.390026,0.814725
0,0,-0.288837,-0.7632,0.578012
0,0,0.337202,-0.553522,0.761517
0,0,0.54718,-0.829826,0.109467
0,0,0.734989,0.510469,0.446332
0,0,-0.608224,-0.782628,0.132502
0,0,-0.424705,-0.787546,0.446539
0,0,0.675995,0.102111,0.729798
0,0,-0.0590898,-0.178541,0.982157
0,0,-0.426328,0.443736,0.788253
0,0,0.0934857,-0.99402,0.0564398
0,0,0.150034,0.889405,0.431796
0,0,0.223934,0.944648,0.239778
0,0,0.0348641,0.65033,0.758851
0,0,0.985297,0.131026,0.109643
0,0,0.778865,0.62714,0.00804397
0,0,-0.421496,-0.153635,0.893721
0,0,0.590193,-0.75122,0.295534
0,0,0.945241,-0.146195,0.291799
0,0,0.418674,-0.686135,0.594921
0,0,0.75424,0.443458,0.484218
0,0,-0.293912,0.242513,0.924556
0,0,-0.472542,0.498118,0.727037
0,0,0.662413,0.395825,0.636028
0,0,-0.547889,0.527328,0.649418
0,0,-0.258978,0.307037,0.915783
0,0,0.0860955,-0.788959,0.608384
0,0,-0.159929,-0.987046,0.0127811
0,0,-0.00253817,0.755791,0.654808
0,0,-0.228839,0.973464,0.00049323
0,0,-0.953375,0.188434,0.235731
0,0,-0.31855,-0.787853,0.52708
0,0,-0.393684,0.385065,0.834708
0,0,-0.637607,0.752891,0.163135
0,0,-0.215243,0.968064,0.128536
0,0,0.885578,-0.323338,0.333473
0,0,0.38893,0.416937,0.821521
0,0,-0.0319928,-0.866626,0.497931
0,0,-0.686609,0.209463,0.696199
0,0,-0.635397,0.695933,0.334585
0,0,0.0825462,0.6249,0.776329
0,0,-0.215309,-0.772704,0.597136
0,0,-0.0247939,-0.877293,0.479314
0,0,-0.813942,-0.0298318,0.58018
0,0,-0.923361,-0.383933,0.000977996
0,0,-0.860093,0.477491,0.179561
0,0,0.442243,0.837521,0.320904
0,0,0.511474,0.394837,0.763216
0,0,0.265124,-0.846238,0.462159
0,0,-0.441599,0.331109,0.833881
0,0,0.259711,-0.693075,0.672456
0,0,0.230459,0.324428,0.917407
0,0,0.54375,0.410258,0.732137
0,0,0.485612,-0.553983,0.676228
0,0,0.215912,-0.222665,0.950685
0,0,-0.381698,0.798285,0.465883
0,0,-0.446614,-0.851845,0.273673
0,0,-0.530867,0.48525,0.694775
0,0,-0.949727,0.217361,0.225326
0,0,0.608058,-0.342141,0.716383
0,0,0.457394,-0.367825,0.809627
0,0,-0.537645,0.394409,0.745237
0,0,-0.716253,0.657291,0.234415
0,0,0.54368,0.726416,0.420395
0,0,0.215612,-0.368346,0.904341
0,0,0.603869,-0.326599,0.727101
0,0,0.381187,0.775805,0.502816
0,0,-0.634223,-0.773042,0.0128932
0,0,0.317759,-0.860587,0.398019
0,0,0.635411,0.673619,0.37748
0,0,-0.561336,-0.216054,0.798888
0,0,0.903713,0.426148,0.0412338
0,0,-0.713149,-0.250236,0.654829
0,0,-0.446021,0.572681,0.687824
0,0,0.95601,-0.292456,0.0226937
0,0,-0.169128,0.895635,0.411379
0,0,0.204409,0.377892,0.903003
0,0,-0.669093,-0.0208617,0.742886
0,0,0.786946,0.289925,0.544664
0,0,0.288506,0.935572,0.203642
0,0,-0.41108,-0.905571,0.104663
0,0,0.334574,-0.546733,0.767557
0,0,0.467813,0.708616,0.528217
0,0,0.103265,-0.405108,0.908419
0,0,-0.31423,-0.72804,0.609276
0,0,-0.87116,-0.420765,0.253057
0,0,0.539811,-0.282596,0.792933
0,0,-0.980238,0.14275,0.136955
0,0,0.814885,0.565353,0.127819
0,0,0.217731,0.465284,0.857965
0,0,0.907162,-0.400007,0.130581
0,0,-0.0318817,-0.897707,0.439438
0,0,0.892984,0.176776,0.413921
0,0,-0.310721,-0.950408,0.0132848
0,0,0.641777,0.729322,0.237088
0,0,0.0541702,-0.60505,0.794342
0,0,-0.266793,0.0131374,0.963664
16.2011,23.718,0.600008,0.510109,0.616262
0,0,0.327613,0.338261,0.882184
0,0,0.759517,0.233128,0.607277
0,0,-0.350592,-0.932097,0.0910009
0,0,0.824694,-0.494289,0.27488
0,0,-0.0726862,0.97297,0.219192
0,0,0.356588,0.243827,0.901883
0,0,0.745661,0.654169,0.126699
0,0,0.372016,0.383697,0.84521
0,0,-0.484891,0.77496,0.405361
0,0,-0.799072,-0.530677,0.282605
0,0,-0.476967,0.474956,0.73954
0,0,0.777768,-0.550344,0.303643
0,0,0.798668,-0.345752,0.492529
0,0,-0.841976,0.533438,0.0807513
0,0,0.165537,-0.54961,0.818856
0,0,0.707183,-0.707007,0.00572539
0,0,-0.125383,-0.334457,0.934033
0,0,-0.503037,0.397146,0.767612
0,0,-0.0885064,0.956386,0.278373
0,0,-0.328602,0.726768,0.603183
0,0,0.670375,-0.545154,0.503393
0,0,0.368771,-0.529777,0.76377
0,0,-0.900434,-0.426822,0.0839107
0,0,0.994615,-0.0963504,0.0381793
0,0,0.607925,0.722292,0.32973
0,0,0.0811431,0.713386,0.696058
0,0,-0.127892,0.836775,0.532401
0,0,-0.487688,-0.70475,0.515255
0,0,0.718892,0.648531,0.250202
0,0,-0.688977,-0.514142,0.510851
0,0,0.822512,0.196417,0.533754
0,0,-0.77721,0.236463,0.583121
0,0,0.667582,0.709197,0.226656
0,0,0.165602,-0.757828,0.631088
0,0,0.0212278,0.802066,0.596857
0,0,0.215512,-0.897083,0.385742
0,0,0.0582635,0.91446,0.40046
0,0,-0.162778,-0.929485,0.330998
11.2037,16.3623,0.485316,0.067399,0.871737
0,0,-0.900676,-0.141778,0.410708
0,0,0.649938,-0.305451,0.695903
0,0,0.874547,-0.235488,0.423925
0,0,-0.00624141,-0.930256,0.366859
0,0,0.958695,-0.208957,0.19298
0,0,0.94958,0.198742,0.242484
0,0,-0.879672,0.0391745,0.473964
0,0,0.479091,-0.664781,0.573183
0,0,-0.262176,0.948849,0.175923
0,0,-0.231741,-0.433975,0.87061
0,0,0.807047,-0.100667,0.581843
0,0,-0.332529,0.899092,0.284709
0,0,0.758295,0.541725,0.36266
0,0,0.51103,0.442043,0.737188
0,0,-0.461064,-0.44879,0.765511
0,0,0.677102,-0.474009,0.562893
0,0,-0.389251,-0.920179,0.0418958
0,0,-0.415475,-0.854824,0.310897
0,0,0.213676,-0.441704,0.871344
0,0,-0.96079,0.146991,0.235109
0,0,0.768098,0.576826,0.278025
0,0,-0.809686,0.453132,0.372934
0,0,0.950523,0.230286,0.208506
0,0,0.65641,-0.387023,0.647564
0,0,0.19714,-0.933289,0.300178
0,0,0.371751,0.521833,0.767784
0,0,0.206858,-0.75677,0.620088
0,0,0.766826,-0.341321,0.543578
0,0,-0.542614,-0.256445,0.799879
0,0,-0.358937,-0.0171337,0.933205
0,0,0.449089,-0.343645,0.824759
0,0,0.00399022,-0.999971,0.00640973
0,0,-0.969175,0.231791,0.083502
0,0,-0.864004,0.492074,0.106581
0,0,0.868359,0.45704,0.192531
0,0,-0.413498,0.474168,0.777292
0,0,-0.465945,-0.17179,0.867976
0,0,0.252766,0.966362,0.0474646
0,0,0.0576889,-0.434152,0.898991
0,0,-0.914772,0.400242,0.0547682
0,0,0.960435,0.11387,0.254162
0,0,-0.603976,0.770378,0.20428
0,0,-0.302585,0.512095,0.803867
0,0,-0.61857,0.53297,0.577333
0,0,0.3305,0.892232,0.30772
0,0,-0.0213934,0.0383588,0.999035
0,0,0.843786,0.376313,0.382641
0,0,-0.892247,-0.341694,0.295196
0,0,-0.5904,0.795951,0.133752
0,0,0.504858,0.114428,0.855584
0,0,-0.620515,0.596063,0.509579
0,0,0.401983,-0.891579,0.208558
0,0,-0.78472,-0.271945,0.557011
0,0,0.501046,0.788381,0.356942
0,0,-0.931581,-0.0951794,0.350852
0,0,-0.245837,-0.215177,0.945126
0,0,-0.673219,-0.0742788,0.735703
0,0,-0.717545,0.121236,0.685879
0,0,0.32797,-0.0401832,0.943833
0,0,0.84265,0.180468,0.507318
0,0,0.626907,-0.751422,0.205798
0,0,-0.622028,0.151466,0.768205
0,0,-0.876662,0.443997,0.185286
0,0,-0.327291,-0.748399,0.576871
0,0,-0.630043,0.640505,0.439089
0,0,0.858652,-0.0891017,0.504755
0,0,-0.883049,-0.381869,0.272765
0,0,0.662985,-0.420458,0.619408
0,0,0.518267,-0.0995071,0.84941
0,0,0.445906,0.865855,0.226853
0,0,-0.831585,-0.487079,0.266872
0,0,-0.469348,0.251991,0.846294
0,0,-0.535902,0.239255,0.80967
0,0,0.0640094,0.40875,0.910399
0,0,-0.720444,0.55016,0.422237
0,0,-0.772073,0.513585,0.374344
0,0,-0.421939,0.473472,0.77317
0,0,0.715049,-0.64062,0.27984
0,0,0.98539,-0.0621341,0.158573
0,0,0.666577,0.0482702,0.743871
0,0,-0.0824602,-0.369764,0.925459
3.24936,5.42374,0.396736,-0.78457,0.476498
0,0,0.364418,-0.113986,0.924233
0,0,0.884002,-0.263403,0.386213
0,0,-0.293496,-0.372713,0.88031
0,0,0.786302,-0.615832,0.0498117
0,0,0.174917,0.790956,0.586338
0,0,0.475434,0.416248,0.775049
0,0,0.450135,0.61299,0.649324
0,0,0.704334,-0.292511,0.6468
0,0,-0.987806,0.14673,0.0520551
0,0,-0.828484,0.215065,0.51707
0,0,0.896251,0.269792,0.352061
0,0,0.519526,0.587214,0.620703
0,0,0.616045,0.786381,0.045756
0,0,0.683741,-0.446229,0.577389
0,0,0.773707,-0.0438059,0.632028
0,0,0.547907,-0.0182234,0.836341
0,0,0.0344007,-0.565866,0.823779
0,0,-0.471,-0.813498,0.341145
0,0,-0.603717,-0.797107,0.0120882
0,0,-0.856496,0.488568,0.166479
24.4237,36.1908,0.865234,0.163576,0.473934
0,0,0.161684,-0.602523,0.781553
0,0,0.582933,0.641761,0.498329
0,0,-0.174261,0.885059,0.43163
0,0,0.0409764,-0.884302,0.465114
0,0,-0.281674,-0.599745,0.748976
0,0,0.338181,0.864009,0.372991
0,0,0.769312,-0.0380617,0.637739
0,0,-0.167461,0.933556,0.316906
0,0,-0.775363,0.192817,0.60136
0,0,-0.564921,-0.380893,0.731973
0,0,0.104606,-0.933612,0.342675
0,0,0.150204,0.876813,0.456769
0,0,0.0123131,-0.329895,0.943937
0,0,-0.589797,0.558708,0.583082
0,0,0.262188,0.957491,0.120289
0,0,-0.13825,0.519152,0.843427
0,0,-0.811452,-0.331039,0.481621
0,0,0.968047,-0.0011009,0.250767
0,0,0.370056,-0.700948,0.609697
0,0,0.744058,0.428868,0.5123
0,0,-0.48516,0.812998,0.321954
0,0,0.829864,0.211446,0.516349
0,0,0.423992,-0.798581,0.4272
0,0,0.0475903,-0.710488,0.702099
13.0214,17.6682,0.358328,0.200664,0.911776
0,0,0.271568,0.090753,0.958131
0,0,0.815127,0.210845,0.539549
0,0,0.0499767,-0.626655,0.777693
0,0,0.69607,-0.576036,0.428567
0,0,-0.465937,0.721626,0.512015
0,0,0.201468,-0.12969,0.970871
19.6229,25.7482,-0.35151,0.526578,0.774052
0,0,-0.227611,0.841989,0.489129
0,0,0.421871,-0.853848,0.304906
0,0,0.350668,-0.344785,0.870721
0,0,0.0951229,0.907329,0.409519
0,0,-0.209482,0.844699,0.492545
0,0,-0.547328,-0.734277,0.401584
0,0,-0.0645939,0.9348,0.349252
0,0,0.111289,-0.866509,0.486597
0,0,-0.35758,-0.675186,0.645183
0,0,-0.292072,-0.926711,0.236431
0,0,0.847357,-0.465307,0.25588
0,0,-0.278528,0.189972,0.941453
0,0,-0.174596,0.240122,0.954912
0,0,-0.532184,-0.211113,0.819885
22.4981,30.9185,-0.157821,-0.118296,0.980356
0,0,0.337908,-0.823309,0.456048
0,0,0.309859,0.94989,0.0411839
0,0,0.351114,0.935867,0.0295264
0,0,0.346438,0.0763086,0.934964
0,0,0.628999,0.53807,0.561106
0,0,-0.632879,-0.307784,0.710446
0,0,-0.627375,-0.767559,0.131351
0,0,0.1661,0.977001,0.133715
0,0,7.33977e-05,-0.836728,0.547618
0,0,-0.706247,-0.252876,0.661264
0,0,-0.969316,0.131915,0.207426
0,0,0.802093,-0.419246,0.425299
0,0,-0.61533,-0.144108,0.774985
0,0,-0.227111,-0.970558,0.080241
0,0,0.955471,-0.294951,0.00891381
0,0,-0.547183,-0.33012,0.769163
0,0,0.899641,0.261566,0.349614
0,0,0.993778,-0.0363085,0.105294
0,0,-0.654809,-0.420765,0.62784
0,0,-0.410563,0.806658,0.425136
0,0,0.0762584,-0.928809,0.362627
0,0,-0.389224,-0.0613106,0.919101
3.5628,6.27693,-0.168089,0.0734802,0.983029
0,0,0.815638,-0.00656508,0.578525
0,0,-0.824095,0.495854,0.273852
0,0,-0.589133,-0.701306,0.401363
0,0,-0.970426,0.19022,0.148626
0,0,-0.224464,-0.966583,0.12383
0,0,0.141678,-0.822987,0.550109
0,0,0.902152,-0.26614,0.339546
0,0,0.830783,0.539202,0.138061
0,0,-0.231516,0.323725,0.917389
0,0,0.680412,0.596361,0.425903
0,0,-0.864641,0.341116,0.368831
0,0,-0.0651657,-0.453904,0.888665
0,0,0.182638,0.471088,0.862971
0,0,-0.149933,0.179648,0.972238
0,0,0.760036,-0.279222,0.586839
0,0,0.563278,-0.794989,0.225189
0,0,0.827021,-0.531637,0.182751
0,0,0.881867,0.0430482,0.469529
0,0,0.069193,-0.820795,0.567017
0,0,-0.0230711,0.714173,0.699589
0,0,-0.793832,-0.509353,0.33225
0,0,0.875463,-0.326001,0.356773
0,0,-0.301032,-0.587583,0.751083
0,0,0.540547,0.736368,0.406904
0,0,-0.712688,-0.534647,0.454125
0,0,-0.422622,0.332885,0.842958
5.10233,7.58421,-0.135417,-0.276994,0.951282
0,0,0.132033,0.981861,0.136072
0,0,-0.692431,-0.715758,0.0907221
0,0,-0.390325,0.796567,0.461656
0,0,-0.983643,-0.121952,0.132569
0,0,0.759818,0.62564,0.176777
0,0,-0.820889,-0.144119,0.552604
5.62875,8.5254,-0.137552,0.546254,0.826248
0,0,-0.58107,-0.237041,0.778569
0,0,-0.429427,-0.679839,0.594484
0,0,0.19743,0.877646,0.43676
0,0,0.265436,-0.828266,0.493476
23.0518,35.2149,0.158391,0.813612,-0.559417
0,0,-0.147826,0.955149,0.256589
0,0,0.291202,-0.788706,0.541428
0,0,-0.365668,-0.640168,0.675627
0,0,-0.0356626,0.980603,0.192733
0,0,0.432547,-0.781783,0.449131
0,0,-0.755544,0.0545262,0.652825
0,0,0.623165,0.624246,0.47115
0,0,-0.941267,-0.112008,0.318544
0,0,-0.933874,-0.163682,0.317943
0,0,0.206591,-0.794118,0.571574
0,0,-0.684502,0.0221413,0.728675
0,0,-0.780379,-0.252158,0.57221
0,0,-0.931334,-0.0323262,0.362728
0,0,-0.0707952,0.997427,0.0113267
1.9128,3.04062,-0.178039,0.00946634,0.983978
0,0,0.941562,-0.0457652,0.333718
17.8362,26.3109,0.669498,0.410606,-0.619011
0,0,0.197267,0.486238,0.851269
0,0,0.515911,0.0304231,0.856102
0,0,-0.634125,0.585478,0.505075
0,0,0.690621,0.698337,0.188065
0,0,-0.969952,-0.123702,0.2095
0,0,-0.126331,-0.726078,0.675908
0,0,-0.982965,-0.0263663,0.181891
0,0,-0.0454765,0.859228,0.509567
0,0,0.37741,-0.50863,0.773859
0,0,-0.515412,0.810075,0.279516
0,0,0.798545,0.379216,0.467462
0,0,0.97275,-0.189101,0.134157
0,0,-0.832745,0.363444,0.417666
0,0,0.117085,-0.897057,0.426123
0,0,0.527256,-0.757779,0.384412
0,0,0.305085,0.206114,0.929753
0,0,0.619423,0.225476,0.751981
0,0,-0.990121,0.113031,0.082978
0,0,-0.94318,-0.095817,0.318169
0,0,0.298737,-0.713848,0.633386
0,0,0.822825,-0.532403,0.19876
0,0,0.541676,0.757753,0.363865
0,0,-0.411855,-0.851758,0.323858
0,0,-0.00869534,0.95867,0.284389
0,0,-0.920785,-0.355445,0.160667
0,0,0.477426,0.0761084,0.87537
0,0,0.88152,-0.455172,0.125462
0,0,-0.508715,-0.849145,0.141989
0,0,0.584398,0.797385,0.150521
0,0,0.787025,-0.61303,0.0691851
0,0,0.740796,0.189974,0.644307
0,0,0.289438,-0.290552,0.912033
0,0,0.711524,-0.608649,0.351113
0,0,-0.546413,-0.606144,0.577947
0,0,0.11292,0.969808,0.21615
0,0,0.734979,-0.623792,0.265877
22.7776,32.5792,0.223233,-0.211679,0.951504
0,0,0.289842,-0.666628,0.68673
0,0,-0.72692,0.543552,0.419689
0,0,0.399726,0.384439,0.832121
0,0,-0.025803,-0.927719,0.372386
0,0,-0.641742,0.76692,0.000884021
0,0,0.652024,0.392396,0.648761
0,0,0.505041,0.122152,0.854408
0,0,0.327462,-0.434911,0.838821
0,0,0.673244,0.713908,0.192555
0,0,0.772627,0.09474,0.627751
0,0,-0.162107,0.471194,0.867005
0,0,0.969722,-0.179144,0.165971
0,0,-0.271267,0.102651,0.957015
0,0,-0.332114,0.922735,0.195602
0,0,-0.155645,-0.788102,0.595542
0,0,-0.697069,0.505047,0.508943
0,0,-0.909251,-0.364,0.201906
0,0,-0.482658,-0.803727,0.347942
0,0,-0.697923,0.534358,0.476828
0,0,-0.724677,0.266081,0.635644
0,0,0.187747,-0.82847,0.527626
0,0,0.100893,-0.994885,0.00484826
0,0,0.243028,0.32755,0.913044
0,0,0.386178,-0.907781,0.163706
0,0,0.491179,0.688453,0.533643
0,0,0.434438,0.845498,0.310477
0,0,0.415135,0.650657,0.635852
0,0,0.181609,-0.044039,0.982384
0,0,0.521888,-0.739167,0.425752
0,0,-0.804668,0.196441,0.560286
0,0,0.788746,-0.569448,0.231535
0,0,-0.00307883,0.95163,0.30723
0,0,-0.213553,0.97676,0.0183145
0,0,-0.0843399,-0.96293,0.256229
0,0,0.65688,-0.670696,0.344493
0,0,0.443139,0.527911,0.724526
0,0,0.486993,0.839105,0.242364
0,0,-0.98646,0.0688612,0.148848
0,0,0.934706,-0.190463,0.300081
0,0,0.325105,0.877309,0.353037
0,0,0.0351863,0.982326,0.183842
0,0,0.214579,-0.701837,0.67925
0,0,0.895166,0.0114483,0.445586
0,0,-0.705176,-0.231899,0.670037
0,0,-0.333716,-0.700071,0.631296
0,0,-0.531994,0.416934,0.736986
0,0,0.732842,0.538477,0.415914
0,0,0.213748,-0.976372,0.0317865
0,0,0.79999,-0.517023,0.304473
0,0,-0.497812,0.865291,0.0587718
0,0,-0.037814,0.986707,0.158047
0,0,-0.44715,-0.894012,0.028268
0,0,-0.131608,0.10172,0.986069
0,0,0.767393,-0.150354,0.6233
0,0,-0.615506,-0.309447,0.724842
0,0,-0.896277,0.356078,0.264378
0,0,-0.422452,-0.34305,0.838959
0,0,-0.49425,-0.667491,0.556932
0,0,-0.794467,0.415057,0.44334
0,0,0.557997,-0.566743,0.60617
0,0,-0.730042,-0.631799,0.260518
0,0,0.157529,0.606542,0.779289
0,0,-0.602987,-0.580025,0.547702
0,0,0.366125,-0.753376,0.546238
0,0,0.641901,-0.0501651,0.765145
0,0,0.73587,-0.260493,0.625011
0,0,-0.470903,0.299947,0.829628
0,0,0.385521,0.341768,0.857069
0,0,-0.537412,0.807943,0.241693
0,0,0.757221,-0.651699,0.0436397
0,0,0.668629,0.731282,0.134764
0,0,0.99462,0.101038,0.0228648
0,0,0.853213,0.384778,0.352099
0,0,-0.0847081,-0.964349,0.250711
0,0,-0.969663,0.0768204,0.232061
0,0,-0.556844,0.346156,0.75505
0,0,0.20354,0.808456,0.552241
0,0,-0.893122,0.230385,0.386337
0,0,-0.631959,0.216244,0.744222
0,0,-0.785993,-0.184873,0.589947
0,0,0.112218,0.926436,0.359337
0,0,-0.0726518,0.605616,0.792434
0,0,0.28882,0.498846,0.817151
0,0,0.337761,-0.885193,0.319923
0,0,0.462291,0.23488,0.855055
0,0,0.503366,0.108093,0.857286
0,0,0.570986,0.0947856,0.815469
0,0,0.307672,-0.916046,0.257288
0,0,-0.495003,-0.317171,0.808934
0,0,-0.284166,0.758473,0.586488
0,0,-0.911733,-0.374639,0.168488
0,0,-0.87725,-0.441948,0.187389
0,0,0.825118,0.558758,0.0834815
0,0,0.559113,0.58929,0.583207
0,0,0.0206329,-0.664192,0.747277
0,0,-0.410064,-0.911334,0.0363037
0,0,0.815029,-0.0329256,0.578484
0,0,-0.0591854,-0.0810891,0.994948
0,0,-0.15977,0.76376,0.625416
0,0,0.224669,0.608305,0.761241
0,0,0.28663,0.886959,0.362141
0,0,-0.722399,-0.68105,0.119627
0,0,0.164608,-0.631752,0.757492
0,0,-0.783641,0.152148,0.602294
8.89091,10.6853,-0.373994,-0.23959,0.89595
0,0,0.450812,0.86582,0.21708
0,0,-0.647466,-0.607123,0.460639
14.351,22.1127,0.774231,-0.0839449,0.627311
0,0,0.149991,0.775289,0.613539
0,0,0.286513,-0.885005,0.366983
0,0,0.0747351,0.448462,0.890672
0,0,-0.928958,0.245066,0.277451
0,0,0.927754,0.372183,0.0274175
0,0,0.426105,-0.901952,0.0701251
0,0,-0.351786,0.238022,0.905313
0,0,0.802187,-0.502384,0.322656
0,0,0.296546,-0.952877,0.0639196
0,0,0.836313,0.203912,0.508921
0,0,0.478005,0.790747,0.3824
0,0,-0.236779,-0.273395,0.932304
0,0,0.686857,0.459336,0.563239
0,0,-0.959174,-0.263113,0.103714
0,0,0.966847,-0.236449,0.0964253
0,0,-0.901803,-0.123695,0.414067
0,0,-0.741999,-0.591716,0.315134
0,0,-0.454976,0.81585,0.356911
0,0,-0.150972,0.934075,0.323592
0,0,0.3865,0.846105,0.367047
0,0,-0.334911,-0.915841,0.221519
0,0,0.905217,0.0442574,0.42264
23.0427,31.6328,0.0467364,0.627583,0.777146
0,0,0.343499,-0.921465,0.181416
0,0,-0.226574,0.716684,0.659567
0,0,0.694734,0.625636,0.354858
0,0,-0.535401,0.116968,0.83646
0,0,-0.559759,0.0167601,0.828486
0,0,0.259751,-0.655532,0.709089
0,0,0.855767,0.514217,0.0569519
0,0,0.417323,-0.231698,0.878725
0,0,-0.191721,0.536596,0.821771
0,0,0.41962,-0.565538,0.70999
0,0,-0.927536,-0.287546,0.238735
0,0,-0.544681,-0.788571,0.285443
21.8599,31.156,-0.784936,0.420688,0.454859
0,0,-0.242067,0.404945,0.881716
0,0,-0.734682,-0.62328,0.267888
0,0,0.634565,0.74707,0.198024
0,0,0.965383,0.228636,0.125542
0,0,-0.697896,0.612927,0.370488
0,0,-0.200443,-0.849103,0.48872
0,0,0.167478,-0.894022,0.415542
0,0,-0.380117,-0.00924702,0.924892
0,0,-0.649758,-0.516663,0.557561
0,0,0.690482,0.718791,0.0810827
0,0,-0.812893,-0.12152,0.569594
0,0,-0.976714,-0.00318026,0.214521
0,0,-0.22077,-0.788095,0.574601
0,0,-0.427973,0.10724,0.897407
0,0,0.502041,0.86243,0.0645786
0,0,-0.0673837,-0.748622,0.659564
0,0,-0.787269,0.193764,0.585375
0,0,-0.261768,-0.951896,0.159281
0,0,-0.9759,0.136625,0.170155
0,0,-0.621688,-0.024564,0.782879
0,0,-0.456202,-0.830496,0.319619
0,0,0.171798,-0.296952,0.939311
0,0,0.0474324,-0.417853,0.907275
0,0,0.12823,-0.431835,0.892791
0,0,0.080534,0.996616,0.0164784
0,0,0.441244,-0.769045,0.462464
0,0,0.241288,-0.595118,0.76656
0,0,0.629462,0.75717,0.174559
0,0,0.937151,-0.2983,0.181012
0,0,0.568907,0.382508,0.728033
0,0,0.402833,0.805753,0.434152
0,0,0.246457,0.331642,0.910644
0,0,0.758819,-0.587877,0.280348
16.8315,24.7313,-0.45735,0.0796451,0.885713
0,0,0.817438,-0.515907,0.256193
0,0,0.672287,0.289515,0.68133
0,0,0.572652,-0.814128,0.0962604
0,0,-0.966606,-0.227576,0.117825
0,0,0.575703,0.397227,0.714686
0,0,0.542763,0.474313,0.693135
0,0,-0.708596,0.423614,0.564307
0,0,0.233091,-0.964726,0.122357
0,0,0.984794,0.0874882,0.150091
0,0,-0.635842,-0.731548,0.246055
0,0,-0.256849,-0.904071,0.34159
0,0,-0.143293,-0.85828,0.492771
0,0,-0.627305,-0.45563,0.631577
0,0,0.992658,0.044037,0.112656
0,0,-0.304808,-0.570893,0.762347
0,0,0.860188,0.184014,0.47562
0,0,-0.353691,-0.253131,0.90046
0,0,0.753271,-0.154347,0.639343
0,0,-0.398122,0.91733,0.00196289
0,0,-0.432199,0.828752,0.35549
0,0,-0.0533335,0.662287,0.747349
0,0,0.736439,-0.612729,0.286743
0,0,0.928421,0.240072,0.28355
0,0,0.734975,-0.461508,0.496812
0,0,-0.736018,-0.590097,0.331757
0,0,0.968818,0.140701,0.20395
0,0,-0.530738,-0.518436,0.670478
0,0,-0.512032,0.332336,0.792071
0,0,-0.612689,0.455598,0.645788
0,0,-0.803634,-0.179251,0.567487
0,0,0.545088,-0.836506,0.0560054
0,0,-0.898396,-0.148427,0.413346
0,0,-0.787564,-0.360224,0.499981
0,0,-0.327358,-0.639856,0.695285
0,0,0.461999,0.863141,0.203825
15.2188,22.6408,0.80456,-0.0312727,0.593047
0,0,-0.259619,0.80515,0.533227
0,0,-0.648107,0.160209,0.744506
0,0,-0.676307,0.258375,0.689819
0,0,-0.0633858,0.979095,0.193273
0,0,-0.209168,-0.938426,0.274964
0,0,-0.0570057,0.200637,0.978006
0,0,0.457338,0.474873,0.751889
0,0,-0.935665,-0.191895,0.296154
0,0,-0.571954,-0.202964,0.79478
0,0,-0.260357,0.964617,0.0415605
21.3042,30.2852,0.114805,0.688398,0.71619
0,0,0.688869,0.131338,0.712889
0,0,0.323278,0.767133,0.554074
0,0,0.709794,0.583395,0.39477
3.33047,4.42005,-0.27109,0.113344,0.955857
0,0,0.929581,-0.358152,0.0872111
0,0,-0.397128,-0.260212,0.880102
0,0,0.53146,-0.337189,0.777081
0,0,-0.88767,-0.0963984,0.450277
0,0,0.353264,-0.905543,0.234939
0,0,0.892904,-0.251155,0.373688
0,0,-0.970891,0.235994,0.0409458
0,0,-0.865085,-0.0662891,0.497226
0,0,-0.720747,0.0309431,0.692507
0,0,0.945434,0.0825238,0.315189
0,0,-0.995102,-0.0283367,0.0947082
0,0,0.476887,0.875848,0.0739542
0,0,0.638607,-0.503696,0.581784
0,0,-0.023901,-0.841603,0.539567
0,0,-0.788174,-0.569062,0.234414
0,0,0.95671,0.247213,0.153597
0,0,-0.573472,0.528578,0.625888
0,0,-0.647682,0.698971,0.303228
0,0,-0.358777,0.585777,0.726735
0,0,0.00677061,-0.939732,0.341844
0,0,-0.101559,-0.433509,0.895408
0,0,0.343498,0.848187,0.403222
0,0,-0.480753,-0.457682,0.747933
0,0,0.480884,-0.504387,0.717178
0,0,0.700797,0.265314,0.662188
0,0,0.847277,-0.483898,0.21901
0,0,0.256455,0.801351,0.540432
0,0,-0.886024,0.290031,0.361722
0,0,-0.690337,0.430271,0.581637
0,0,0.415491,-0.869538,0.266968
0,0,0.495955,-0.865158,0.0743575
0,0,0.515916,-0.817517,0.255922
0,0,0.727051,-0.604187,0.326119
0,0,0.912261,-0.278083,0.300748
0,0,0.799276,0.280605,0.53143
0,0,-0.275934,0.88833,0.367056
0,0,-0.00615373,0.627974,0.77821
0,0,0.859115,-0.489724,0.148635
0,0,-0.204547,-0.554379,0.806737
0,0,-0.546483,0.26502,0.794431
0,0,-0.276365,0.674055,0.685035
0,0,-0.965693,-0.182437,0.18481
0,0,-0.523759,-0.700208,0.485165
0,0,-0.221797,0.938576,0.264349
0,0,-0.951828,-0.271028,0.143415
0,0,0.442957,-0.11407,0.889257
0,0,0.0943392,-0.059353,0.993769
0,0,-0.345721,0.127343,0.929656
0,0,0.53211,0.410113,0.74072
0,0,0.884771,-0.465692,0.0176561
0,0,0.512955,0.480113,0.711595
0,0,0.504702,-0.237417,0.830006
0,0,0.688768,-0.575406,0.441029
0,0,-0.334156,-0.70559,0.624886
0,0,-0.414867,0.714519,0.563337
0,0,-0.555693,0.590823,0.584922
0,0,-0.363269,-0.137981,0.92141
0,0,-0.351529,-0.501026,0.790823
0,0,-0.117688,0.328365,0.937191
0,0,-0.726643,-0.682008,0.0827955
0,0,0.911954,-0.380371,0.153808
0,0,0.334618,0.432818,0.837078
0,0,-0.706578,-0.0221856,0.707288
0,0,0.489716,0.459336,0.741073
0,0,0.398151,0.544967,0.737894
0,0,-0.558553,-0.395218,0.729261
0,0,-0.856889,0.407166,0.316158
0,0,0.894828,-0.204275,0.39693
0,0,-0.19867,0.802408,0.562735
0,0,0.807498,-0.352542,0.472928
17.053,25.9037,0.361404,-0.926867,0.10151
0,0,-0.865583,-0.360796,0.347264
0,0,0.147968,-0.0124776,0.988913
0,0,0.690812,-0.69932,0.183659
0,0,0.71426,-0.697805,0.0538646
0,0,0.0422856,-0.341417,0.93896
0,0,-0.652414,0.429749,0.624237
0,0,-0.203988,0.536615,0.8188
19.3139,28.5968,-0.339634,0.333966,0.87927
0,0,0.389152,0.884277,0.2581
0,0,0.633005,-0.615181,0.469954
0,0,0.719809,0.670981,0.17793
0,0,0.722236,0.483243,0.494824
0,0,0.702316,0.11843,0.701944
0,0,0.907441,0.256566,0.332753
0,0,-0.661507,-0.191578,0.725056
0,0,-0.496196,0.0139861,0.868098
0,0,0.843145,-0.116067,0.525009
0,0,0.299127,0.756782,0.58121
0,0,-0.219974,-0.433824,0.873732
0,0,-0.50646,-0.833697,0.220107
0,0,0.626868,-0.455905,0.631813
0,0,-0.85482,0.518905,0.00443579
0,0,0.789256,-0.532515,0.305782
0,0,-0.0607609,0.668179,0.741516
0,0,-0.749047,0.105684,0.654033
0,0,-0.84371,0.505342,0.181062
0,0,0.965472,-0.255807,0.0492693
0,0,0.316045,-0.52676,0.789075
0,0,-0.894931,-0.436499,0.0925644
0,0,0.857817,-0.16468,0.486858
0,0,0.321339,0.889963,0.323584
0,0,-0.717456,0.337684,0.609283
0,0,-0.845751,0.504944,0.172443
0,0,-0.0297986,-0.968429,0.247503
0,0,0.674216,-0.516444,0.527937
0,0,-0.320293,-0.714368,0.622166
0,0,0.873809,0.29347,0.387728
0,0,0.26103,-0.9653,0.00765813
0,0,-0.737511,-0.662333,0.13188
0,0,-0.279603,0.744174,0.606653
0,0,0.520931,0.393193,0.757648
0,0,0.412295,-0.910961,0.0127524
0,0,0.124866,0.672152,0.729808
0,0,0.628548,0.356996,0.691
0,0,-0.779306,0.600192,0.180144
9.90013,13.7024,0.102835,0.356573,0.928591
0,0,-0.563963,0.641514,0.520005
0,0,0.598285,0.16333,0.78446
0,0,-0.308407,-0.909111,0.280003
0,0,0.897907,0.038823,0.438469
0,0,0.699336,-0.299763,0.648899
0,0,-0.284485,-0.536949,0.7942
0,0,-0.965767,-0.145699,0.214631
0,0,0.0343767,0.256274,0.965993
0,0,0.386897,-0.676332,0.626806
4.9097,7.41049,-0.285271,0.304579,0.908764
0,0,0.612478,0.603161,0.510948
0,0,0.338979,0.934572,0.10802
0,0,-0.216613,-0.167143,0.961843
0,0,-0.524137,-0.836408,0.160318
0,0,-0.0150825,0.809426,0.587029
0,0,0.898434,-0.438945,0.0119939
0,0,-0.220456,0.920397,0.322906
0,0,0.510284,-0.842907,0.17064
0,0,-0.0365164,0.983143,0.179155
0,0,-0.88266,0.00694973,0.46996
0,0,0.774737,-0.481156,0.41021
0,0,-0.0742528,0.994055,0.0796374
0,0,0.462547,-0.00670967,0.886569
0,0,0.440942,-0.722605,0.532365
0,0,0.310873,0.77306,0.552934
0,0,-0.569429,-0.781751,0.254195
0,0,-0.0707878,0.651924,0.754973
0,0,0.353238,0.935334,0.0192939
0,0,0.590795,0.4286,0.683567
0,0,-0.659366,0.525585,0.537584
0,0,0.308403,-0.375464,0.874022
0,0,0.939688,-0.0481859,0.338622
0,0,0.602243,0.749331,0.275331
0,0,-0.956484,0.290456,0.0278139
0,0,-0.236151,0.32713,0.914997
0,0,-0.158464,0.943827,0.289965
0,0,0.375167,-0.579853,0.723201
0,0,0.297124,-0.60977,0.734778
0,0,0.680434,0.472266,0.560334
0,0,0.840293,-0.538157,0.0655275
0,0,0.392137,0.508714,0.766445
0,0,-0.368637,-0.869164,0.329636
0,0,-0.424421,-0.72475,0.542774
0,0,0.603549,0.753617,0.260365
0,0,0.02133,0.303965,0.952444
0,0,0.32606,0.383623,0.864013
0,0,0.453239,0.882843,0.123135
0,0,-0.832709,-0.166319,0.528142
0,0,0.792881,-0.586721,0.164612
0,0,0.842296,0.402573,0.358432
0,0,-0.572555,0.80833,0.137054
0,0,-0.772783,0.28468,0.567243
0,0,0.943094,-0.0116642,0.332323
0,0,0.204934,-0.730287,0.651677
0,0,0.84012,-0.0778097,0.53679
0,0,0.462503,0.111557,0.879571
0,0,-0.697315,0.675538,0.239583
0,0,-0.726208,-0.619977,0.297068
0,0,0.865054,-0.332653,0.37553
0,0,-0.873463,0.0166266,0.486606
0,0,-0.953938,-0.299117,0.023051
0,0,-0.660692,0.206727,0.72163
0,0,0.0886612,0.625958,0.774801
0,0,0.747404,0.110248,0.655159
0,0,-0.163615,-0.91178,0.376679
0,0,0.633821,-0.286541,0.718446
0,0,0.353727,-0.788611,0.502961
0,0,0.656343,0.376023,0.65408
0,0,0.233043,-0.712972,0.661333
0,0,-0.831353,0.542572,0.120281
0,0,0.953621,-0.131603,0.270716
0,0,0.711951,0.572628,0.406477
0,0,-0.70802,0.600955,0.370891
0,0,-0.0445306,0.840597,0.539828
0,0,0.876739,-0.113146,0.467467
0,0,0.22482,0.69952,0.678327
0,0,-0.065523,-0.667041,0.742134
0,0,0.667268,-0.311359,0.676616
0,0,0.801937,-0.465805,0.374062
0,0,0.703835,0.672987,0.227388
0,0,0.187886,0.976475,0.105809
0,0,-0.0347313,0.747134,0.663766
0,0,0.0460429,-0.99759,0.0519149
0,0,-0.581622,-0.568474,0.581853
0,0,-0.800132,0.550453,0.238306
0,0,-0.00958205,0.27632,0.961018
0,0,-0.245537,0.32093,0.914721
0,0,-0.62736,-0.710761,0.318181
0,0,0.186046,-0.0147218,0.982431
0,0,-0.267261,0.546533,0.793646
0,0,0.303567,-0.853071,0.424402
0,0,-0.963826,0.0701831,0.257126
0,0,0.322274,-0.653123,0.685252
0,0,0.712387,0.241313,0.658994
0,0,0.764414,-0.00897714,0.644663
0,0,-0.879089,-0.153579,0.451239
0,0,0.350369,0.928761,0.121015
0,0,0.592127,0.716079,0.369615
0,0,0.0923975,-0.923404,0.372542
0,0,-0.67835,0.704072,0.210058
0,0,0.680194,0.410437,0.607353
0,0,0.540274,0.765058,0.350414
0,0,0.459167,0.0198076,0.888129
16.2383,23.2988,0.661227,0.692945,0.287414
0,0,-0.880975,0.289556,0.37422
0,0,0.389234,-0.398746,0.83036
0,0,-0.500436,0.705318,0.502086
0,0,-0.246838,0.95806,0.145574
0,0,0.976982,-0.111823,0.181663
0,0,-0.854839,0.136048,0.500741
0,0,-0.992533,-0.089173,0.0832203
0,0,-0.871141,0.359398,0.334584
0,0,0.536943,-0.621884,0.570046
0,0,-0.619372,-0.572105,0.537657
0,0,0.833534,0.357383,0.421307
0,0,0.0373815,0.727179,0.685429
0,0,-0.741418,0.627899,0.236731
0,0,-0.142986,-0.591511,0.793517
0,0,-0.278267,0.916402,0.287705
0,0,-0.112495,0.749399,0.652493
0,0,0.732786,0.465044,0.496748
0,0,0.912031,0.191577,0.362627
0,0,-0.435015,0.708049,0.556263
0,0,-0.93722,0.348358,0.0163067
0,0,-0.686856,0.143884,0.712409
0,0,0.547573,0.160644,0.821192
0,0,0.762828,0.61783,0.190735
0,0,0.521153,0.790874,0.320808
0,0,0.0738153,-0.993561,0.0859548
0,0,-0.295951,-0.80994,0.506369
0,0,0.642127,0.750455,0.156493
0,0,0.627627,-0.750989,0.205183
0,0,-0.488271,0.461412,0.740736
0,0,-0.869347,0.466666,0.162662
0,0,0.981769,0.166017,0.0925666
0,0,-0.0297886,-0.232199,0.972212
0,0,-0.540594,0.816653,0.20208
0,0,-0.711418,-0.232549,0.663178
0,0,-0.765925,0.463566,0.445494
0,0,0.380754,-0.670935,0.636296
0,0,-0.569315,0.243791,0.785141
0,0,-0.0448529,-0.564316,0.824339
0,0,0.269142,-0.892179,0.362739
0,0,-0.563559,0.818478,0.111785
0,0,-0.29319,0.265252,0.918521
0,0,0.681743,0.479423,0.552612
0,0,-0.96808,-0.0826401,0.236627
0,0,0.221747,0.577912,0.785395
0,0,0.914558,0.127438,0.383852
0,0,0.817686,-0.0621102,0.572303
0,0,0.522399,-0.303112,0.797008
0,0,0.0878456,0.620971,0.778895
0,0,0.828807,0.541275,0.141774
0,0,0.0893817,-0.746414,0.659452
0,0,0.908089,0.413905,0.0637003
0,0,0.36195,0.932109,0.0128725
0,0,0.313954,-0.947682,0.0577195
0,0,0.933206,-0.188608,0.305866
0,0,0.468285,-0.288521,0.835144
0,0,0.204893,0.719767,0.663291
0,0,0.0200817,-0.931899,0.36216
0,0,0.676407,0.716036,0.172528
0,0,0.0972363,-0.671663,0.734448
0,0,0.214325,0.588731,0.779397
0,0,-0.768768,-0.518079,0.374953
0,0,-0.604529,0.661423,0.443919
0,0,0.782544,-0.313514,0.537897
0,0,-0.76849,-0.638989,0.0333978
0,0,0.731449,-0.574078,0.367991
0,0,0.971948,-0.0934424,0.215838
0,0,0.254733,0.722411,0.642832
0,0,0.321425,0.909899,0.26224
0,0,0.651271,-0.204914,0.730654
0,0,-0.673479,0.220747,0.705476
0,0,0.585618,0.579254,0.567024
0,0,-0.39689,0.848047,0.351134
0,0,0.2038,0.708456,0.675689
0,0,0.879655,0.0704742,0.470361
0,0,-0.457102,-0.816287,0.353175
0,0,0.41455,-0.253913,0.873886
0,0,-0.747543,-0.658693,0.0854568
0,0,0.400761,-0.890877,0.213843
0,0,-0.805833,-0.00276226,0.592137
0,0,-0.720307,0.5086,0.471682
0,0,-0.214181,0.934808,0.283302
0,0,-0.786307,-0.388972,0.480023
0,0,0.767491,0.0943814,0.634074
0,0,-0.284559,0.487569,0.82541
0,0,0.632655,0.116144,0.765675
0,0,-0.314204,0.793491,0.521198
0,0,0.362494,0.389286,0.846791
0,0,-0.462697,0.616093,0.637449
0,0,0.467058,-0.345719,0.81384
0,0,0.741589,0.460357,0.487972
0,0,-0.0456543,-0.959013,0.27966
0,0,-0.577001,-0.675365,0.459295
0,0,0.722629,-0.629821,0.284837
0,0,-0.888256,0.0135499,0.459149
0,0,0.648237,-0.604701,0.462737
0,0,-0.998877,-0.0133721,0.0454537
0,0,0.368568,-0.928444,0.0463641
0,0,0.101635,-0.959367,0.26322
0,0,0.54069,-0.17446,0.822933
17.1478,25.4621,0.146434,-0.349941,0.925256
0,0,-0.975844,0.216915,0.0260109
0,0,-0.860755,-0.244759,0.446312
0,0,-0.637351,0.155712,0.754677
0,0,0.641005,-0.0119881,0.767443
0,0,-0.434171,-0.368963,0.821804
0,0,-0.199524,0.945811,0.256186
0,0,-0.604058,0.732566,0.313784
0,0,-0.911196,0.350149,0.217064
0,0,-0.632298,-0.333196,0.699414
0,0,0.482521,-0.875818,0.0107614
0,0,0.792554,-0.607781,0.0495994
0,0,-0.261021,0.63439,0.727611
0,0,0.356579,-0.907307,0.222813
0,0,-0.489798,-0.386513,0.781476
0,0,-0.136915,-0.988384,0.0659659
0,0,-0.568325,-0.589951,0.573555
0,0,0.0635068,-0.676609,0.733599
0,0,-0.632001,-0.676665,0.377755
0,0,-0.118917,-0.989401,0.0833377
0,0,-0.0658284,0.774256,0.629439
0,0,-0.284247,0.810354,0.512377
0,0,0.934293,-0.348832,0.073571
0,0,-0.561523,0.104639,0.820818
0,0,0.820799,0.489926,0.293703
0,0,0.313106,-0.266075,0.911684
0,0,-0.000617396,-0.995147,0.0983996
0,0,-0.637655,-0.749376,0.178413
0,0,-0.680437,-0.185554,0.708925
0,0,0.338482,-0.327655,0.882084
0.736658,1.07852,0.302271,0.148537,0.941578
0,0,0.558528,0.00983515,0.829427
0,0,-0.582627,-0.0616461,0.810398
0,0,-0.165061,-0.984365,0.0614864
0,0,-0.31373,0.829617,0.461854
0,0,-0.877196,-0.288608,0.383708
0,0,-0.0498854,-0.0419715,0.997873
0,0,0.664542,0.698013,0.266763
0,0,-0.716309,0.499188,0.487558
0,0,-0.881845,-0.075803,0.465407
0,0,0.160862,0.377248,0.912035
0,0,-0.00054802,0.934534,0.355874
0,0,0.694061,0.63019,0.348051
0,0,-0.0212606,0.636252,0.771189
0,0,0.516278,-0.242312,0.821427
0,0,-0.454222,0.866531,0.206896
0,0,0.312063,0.91211,0.265842
23.3797,30.5852,0.766095,0.262949,0.586478
0,0,-0.161082,-0.704858,0.690816
0,0,-0.445819,0.847371,0.288456
0,0,-0.0079984,-0.551123,0.834385
0,0,-0.917008,-0.197558,0.346508
0,0,-0.98825,0.135522,0.0706872
0,0,0.900022,0.434745,0.030929
20.2187,29.1353,0.566561,-0.538058,0.624101
0,0,0.764743,-0.288957,0.57591
0,0,0.620026,-0.659885,0.424405
0,0,-0.00511192,-0.93857,0.34505
0,0,0.0719157,-0.716409,0.693964
0,0,-0.628265,-0.103286,0.771113
0,0,-0.178411,0.718707,0.672034
0,0,-0.265782,0.124409,0.955972
0,0,0.18543,-0.855227,0.483945
0,0,-0.43933,0.884962,0.154372
0,0,0.659941,0.657211,0.364076
0,0,0.0793699,0.995353,0.0545263
0,0,0.0043532,-0.458801,0.888528
0,0,-0.795643,0.288835,0.532472
0,0,-0.787845,-0.254307,0.560917
18.2945,25.6557,0.519307,-0.175338,0.836407
0,0,-0.0393675,0.748965,0.661439
21.0193,29.6272,0.222197,-0.974638,0.0266364
0,0,0.27324,-0.540001,0.796077
0,0,0.448205,-0.377279,0.810415
0,0,0.129275,-0.140902,0.981547
0,0,0.972419,0.0900402,0.215158
0,0,-0.582099,0.646746,0.49283
0,0,0.813659,-0.324449,0.482382
0,0,0.970874,-0.200016,0.131896
0,0,-0.659788,-0.277897,0.698178
0,0,0.752808,-0.190774,0.629988
0,0,-0.0936644,0.496149,0.86317
0,0,-0.910379,0.27286,0.31106
0,0,0.962415,-0.144247,0.230108
0,0,0.149077,0.658616,0.737564
0,0,-0.492417,0.191075,0.849126
0,0,0.545529,0.625645,0.557644
0,0,0.110826,-0.381075,0.917878
0,0,0.833889,-0.538447,0.121259
0,0,-0.168094,0.44804,0.878069
0.571065,0.914813,0.371637,-0.354522,0.858021
0,0,-0.979111,-0.0217689,0.20216
0,0,0.652497,-0.751825,0.0949028
0,0,0.447617,0.706269,0.548473
0,0,-0.444116,0.887595,0.122218
0,0,0.818564,0.445023,0.363191
0,0,0.980827,-0.178027,0.0792808
0,0,-0.460009,0.533717,0.709604
0,0,-0.92153,0.342963,0.182093
0,0,0.880694,-0.00985501,0.473583
0,0,0.200492,-0.00196636,0.979693
0,0,-0.929828,0.287027,0.230296
0,0,0.98901,0.100048,0.108858
0,0,-0.505411,-0.0855803,0.858624
0,0,0.484421,-0.11374,0.86741
0,0,-0.314604,0.0416481,0.948309
0,0,0.461033,-0.527121,0.713857
0,0,0.225598,-0.950496,0.213691
0,0,0.215991,0.0264583,0.976037
0,0,-0.37668,0.129717,0.917216
0,0,0.810848,-0.187107,0.554542
0,0,-0.789493,0.490443,0.369007
0,0,0.583698,0.100059,0.805782
0,0,-0.224107,-0.66511,0.712324
0,0,0.488512,0.859183,0.152186
23.9528,31.6758,0.0723603,-0.973943,-0.21494
0,0,-0.109263,0.854313,0.508145
0,0,-0.0547361,-0.506253,0.860646
0,0,0.160101,0.70762,0.688216
0,0,0.585011,0.788462,0.189971
0,0,-0.0654539,0.817572,0.572095
0,0,0.509544,-0.62067,0.595931
0,0,-0.655581,-0.604906,0.451998
0,0,-0.527218,0.634383,0.565331
0,0,-0.539824,-0.241761,0.806313
0,0,-0.401487,0.911875,0.0853992
0,0,-0.538689,-0.231582,0.810052
0,0,0.869213,0.0346298,0.493224
0,0,-0.54671,0.768099,0.333364
0,0,-0.820851,0.571137,0.00260773
0,0,-0.983749,-0.114267,0.138497
0,0,-0.260215,-0.298994,0.918091
0,0,0.57807,-0.815986,0.00110022
0,0,0.9223,0.260102,0.28585
0,0,0.0877927,-0.407784,0.908848
8.25645,13.2293,0.108061,0.144147,0.983638
0,0,0.581606,0.811562,0.0556883
0,0,-0.146499,-0.327744,0.933339
0,0,-0.986175,-0.0949972,0.135774
0,0,0.387293,0.632764,0.670532
0,0,-0.923556,0.100659,0.370015
0,0,0.371067,-0.727431,0.577194
0,0,-0.233659,0.486793,0.841686
0,0,-0.135192,-0.480833,0.866327
0,0,0.474627,-0.762992,0.438831
0,0,-0.187069,0.204239,0.960881
0,0,-0.393821,-0.839959,0.373329
0,0,0.477428,0.757196,0.445777
0,0,0.119336,-0.584162,0.802816
11.6619,17.7575,-0.401533,0.168701,0.900173
0,0,0.880198,0.470701,0.0607617
0,0,0.441579,-0.570355,0.692606
0,0,-0.0673138,-0.362441,0.929573
0,0,0.00364957,-0.22095,0.975278
0,0,-0.404287,0.0145356,0.914517
0,0,-0.524067,0.362126,0.770856
0,0,0.0920593,0.961235,0.259909
0,0,0.989338,-0.0462201,0.138105
0,0,0.302279,-0.279977,0.911175
0,0,-0.351253,0.669751,0.654259
0,0,0.499728,-0.514544,0.69679
0,0,-0.0641023,-0.869196,0.490294
0,0,0.310373,-0.577651,0.754975
0,0,-0.391793,-0.435069,0.810687
0,0,-0.671723,0.691141,0.266668
0,0,0.820183,0.108483,0.561721
0,0,0.508159,-0.263449,0.819981
0,0,0.810051,0.0945912,0.57868
0,0,-0.0448108,0.625373,0.779038
0,0,-0.966153,0.0272623,0.256526
0,0,-0.309117,-0.232076,0.922273
0,0,0.434616,0.382319,0.815439
0,0,0.213672,-0.901261,0.376925
0,0,0.214627,-0.90361,0.370708
0,0,0.288136,0.79991,0.526423
0,0,0.0916351,0.708915,0.699316
0,0,-0.331067,-0.756499,0.564007
0,0,-0.622777,0.643744,0.444683
0,0,0.892084,-0.430777,0.136446
0,0,0.00445002,-0.376302,0.926487
0,0,0.436173,-0.777147,0.453648
0,0,0.37364,0.923003,0.0919751
0,0,-0.527677,0.134244,0.83877
0,0,0.634253,-0.701872,0.324189
15.0944,22.4683,0.0770076,0.0043987,0.997021
0,0,-0.620805,-0.629173,0.467699
0,0,0.0274111,-0.564844,0.824743
0,0,-0.218352,-0.813516,0.538993
0,0,-0.362886,-0.54167,0.758226
0,0,0.00565968,0.299709,0.954014
0,0,0.262644,0.1596,0.951602
0,0,0.0966774,0.511488,0.853835
0,0,0.344532,-0.117701,0.931367
3.19842,4.799,0.201689,0.295988,0.933655
0,0,-0.732121,-0.364159,0.575663
0,0,0.219641,0.690105,0.689574
0,0,0.985038,0.106305,0.135645
0,0,0.568619,0.738491,0.36236
0,0,-0.901634,-0.353117,0.249727
0,0,-0.681708,-0.609722,0.404367
0,0,-0.838474,-0.499312,0.218285
9.55557,13.7601,0.254885,0.0735989,0.964166
0,0,-0.811275,0.506292,0.292406
0,0,-0.393281,0.193501,0.898826
0,0,0.884495,-0.38909,0.257443
0,0,0.620735,-0.703199,0.346698
0,0,0.363526,-0.929185,0.0668163
0,0,-0.634668,-0.0327413,0.772091
21.4076,28.7912,-0.906121,0.376995,-0.191884
0,0,0.804797,-0.235347,0.544898
0,0,-0.439879,-0.598329,0.669708
0,0,0.358602,0.895578,0.263334
0,0,0.135229,0.410493,0.901781
0,0,0.247119,0.954682,0.165877
0,0,-0.947246,-0.317302,0.0452145
0,0,0.260068,-0.846412,0.464705
0,0,0.716496,-0.589134,0.37357
0,0,0.281796,-0.116152,0.952418
0,0,-0.756041,-0.638309,0.144787
0,0,-0.490103,-0.215425,0.844625
0,0,-0.545927,0.501102,0.671461
0,0,-0.653348,-0.734987,0.181469
0,0,0.745155,0.666754,0.0135493
0,0,0.441394,-0.45413,0.77391
0,0,-0.951281,-0.179595,0.25062
0,0,0.147747,-0.909849,0.387745
0,0,-0.265148,0.447268,0.854194
0,0,0.653492,-0.407883,0.637636
0,0,0.570324,-0.70014,0.429575
0,0,-0.172305,0.505375,0.845522
0,0,0.0834915,0.958145,0.273837
0,0,-0.084903,0.983534,0.159535
0,0,-0.369236,0.912939,0.1738
0,0,0.44349,0.478822,0.757659
0,0,-0.500968,0.540388,0.676026
0,0,-0.26703,0.908262,0.32211
0,0,0.62536,-0.779674,0.0321486
0,0,0.714044,-0.0846975,0.694959
0,0,0.634108,-0.114285,0.764752
0,0,-0.612851,-0.569768,0.54752
0,0,0.965618,0.226926,0.126835
0,0,-0.387923,-0.765427,0.513456
0,0,0.768404,0.424396,0.479002
0,0,0.647318,0.719971,0.250242
0,0,0.887507,-0.114222,0.446413
0,0,-0.277037,-0.957558,0.0795842
0,0,0.178481,0.960834,0.211997
0,0,-0.690994,0.225293,0.686855
0,0,0.202651,0.845077,0.49475
0,0,-0.247598,0.953514,0.171773
0,0,0.281549,0.203163,0.937793
0,0,-0.0736514,-0.585475,0.807338
0,0,0.487046,0.815544,0.312527
0,0,0.558484,0.16806,0.812312
0,0,-0.231598,0.819593,0.524052
0,0,-0.804752,-0.0919056,0.586453
0,0,0.0364424,-0.750509,0.659855
0,0,-0.462831,-0.257288,0.848287
0,0,0.763589,-0.589663,0.263115
0,0,0.00706532,0.999141,0.040824
0,0,0.265855,-0.961276,0.072592
18.4713,26.7328,0.388856,0.15923,0.907434
0,0,-0.852926,-0.258607,0.453475
0,0,0.572689,-0.335778,0.74785
0,0,-0.385971,0.351183,0.853051
0,0,0.619057,-0.431757,0.656014
0,0,0.0654044,0.508839,0.858374
0,0,-0.727482,0.359959,0.584123
0,0,-0.170096,-0.158241,0.972639
0,0,-0.235095,0.546715,0.803637
0,0,-0.507669,0.492138,0.707158
0,0,0.0933277,-0.967628,0.234493
0,0,0.159102,0.594763,0.788
0,0,0.814032,0.53426,0.227855
0,0,0.363575,0.575742,0.732348
0,0,0.926512,-0.274598,0.257238
0,0,-0.564487,-0.806647,0.175143
0,0,-0.034113,0.207559,0.977627
0,0,-0.648883,-0.753977,0.102324
0,0,0.318379,-0.359765,0.877043
0,0,-0.101827,0.295129,0.950016
0,0,0.665986,0.392782,0.634181
0,0,0.976372,0.215693,0.0131738
0,0,-0.822026,-0.568446,0.0338096
0,0,-0.483542,-0.453969,0.748398
0,0,-0.388633,-0.665882,0.636841
0,0,-0.41171,-0.433961,0.801357
0,0,-0.635564,0.120229,0.76263
0,0,0.204089,0.288948,0.935338
0,0,-0.0338654,-0.0043507,0.999417
0,0,-0.702234,0.572169,0.423662
0,0,0.821058,0.0504816,0.568608
0,0,0.829966,0.0837853,0.551486
0,0,-0.0330053,-0.640417,0.767318
0,0,-0.92662,0.375599,0.0173523
0,0,0.72764,0.685673,0.019842
0,0,-0.470657,-0.51971,0.71301
0,0,-0.0635262,0.266139,0.961839
0,0,0.991383,-0.0831075,0.101259
0,0,0.519914,-0.691355,0.501715
0,0,-0.402039,0.0488102,0.91432
0,0,0.509376,0.512723,0.691123
0,0,-0.617072,-0.0650111,0.784217
0,0,-0.279831,-0.272485,0.920569
0,0,0.687622,0.718198,0.106619
0,0,-0.381041,0.909526,0.166044
0,0,0.708681,0.704424,0.0394832
0,0,0.10354,0.742401,0.661907
0,0,-0.0994167,-0.935629,0.338696
0,0,-0.412393,0.861103,0.297379
0,0,0.346813,-0.261433,0.900763
0,0,0.189009,0.522994,0.831115
0,0,-0.574247,-0.390906,0.719328
0,0,0.580074,-0.322456,0.748022
0,0,0.382903,-0.880468,0.279574
0,0,-0.482964,-0.701543,0.524006
0,0,0.994812,0.0955754,0.0348601
0,0,0.129996,-0.0169222,0.99137
0,0,0.985372,-0.16968,0.0158076
0,0,-0.595292,0.420248,0.684849
0,0,-0.388779,-0.343513,0.854897
0,0,-0.39074,0.721025,0.572228
0,0,-0.114606,0.795754,0.594677
0,0,-0.88037,-0.119842,0.458897
0,0,-0.116652,0.332312,0.935928
0,0,0.680469,0.666156,0.305283
0,0,-0.83328,-0.299615,0.464624
0,0,0.681956,0.537003,0.496552
0,0,0.771049,0.19669,0.605638
0,0,0.686428,-0.568839,0.453033
0,0,0.842167,0.501504,0.198113
0,0,0.0920936,-0.93451,0.343817
0,0,0.522334,0.418112,0.743202
0,0,-0.886418,-0.347809,0.305436
0,0,0.560894,0.178208,0.80848
0,0,-0.373403,-0.722675,0.581646
0,0,0.64976,-0.337684,0.681015
0,0,0.809216,-0.574742,0.121819
0,0,0.284951,0.387832,0.876578
0,0,-0.0760549,-0.961447,0.264265
0,0,0.648114,-0.326122,0.68818
0,0,0.0404443,0.998687,0.0314533
0,0,0.149998,0.412062,0.898724
0,0,0.525984,0.720679,0.451623
0,0,0.958072,0.0314056,0.284801
0,0,-0.711705,-0.370932,0.596561
0,0,0.0405091,0.998006,0.0484143
0,0,0.348445,-0.935878,0.0521357
0,0,0.49902,-0.682945,0.533447
0,0,-0.988394,-0.141301,0.0557819
0,0,-0.756528,-0.630178,0.174761
0,0,0.10721,-0.987884,0.112214
0,0,0.190609,0.972486,0.133938
0,0,-0.633614,0.556745,0.537186
0,0,-0.213212,-0.492191,0.843972
0,0,0.44804,-0.892139,0.0578626
0,0,-0.357616,0.562776,0.745248
0,0,-0.839466,-0.421517,0.342958
0,0,0.434877,0.09653,0.895301
0,0,-0.902018,0.0455507,0.429289
0,0,-0.74104,0.618274,0.261909
0,0,-0.177436,0.852179,0.492247
0,0,0.526846,0.849444,0.029645
0,0,-0.810466,-0.550991,0.19888
0,0,-0.224425,0.852067,0.472881
0,0,0.484704,0.861475,0.151401
0,0,0.939052,-0.0348656,0.342004
0,0,-0.464346,-0.133867,0.875479
0,0,-0.358855,0.299295,0.884107
0,0,0.407016,-0.908436,0.095301
0,0,0.413674,-0.183623,0.891715
0,0,0.703336,0.586659,0.401435
0,0,-0.981784,0.0980593,0.16274
11.8855,17.2952,-0.634591,-0.496071,0.592628
0,0,-0.667163,0.74044,0.0815005
0,0,-0.457791,-0.429149,0.778626
0,0,-0.504748,0.623856,0.596685
0,0,0.346972,-0.804221,0.482533
0,0,-0.155994,-0.987367,0.0277808
22.1645,30.1493,-0.615489,0.0699681,0.785033
0,0,-0.491591,0.183384,0.851298
0,0,-0.13043,-0.35206,0.926845
0,0,0.600477,-0.674616,0.429326
0,0,-0.962822,0.256122,0.08588
0,0,-0.916855,-0.030523,0.398052
0,0,-0.338396,-0.322104,0.884159
0,0,-0.475427,-0.371844,0.797309
0,0,0.143021,0.23144,0.962279
0,0,-0.806938,0.368485,0.461595
0,0,-0.390337,0.404557,0.827025
0,0,-0.500867,-0.077483,0.862049
0,0,0.230901,0.956446,0.178593
0,0,-0.642228,-0.325591,0.693927
0,0,-0.451658,-0.57401,0.683021
0,0,-0.0992901,-0.975318,0.197222
0,0,0.829446,-0.242278,0.503309
0,0,0.634968,0.128395,0.761794
0,0,-0.573024,0.817516,0.057539
0,0,0.266681,-0.371109,0.889471
0,0,0.85936,0.169929,0.482312
0,0,0.61229,-0.477746,0.629968
0,0,-0.620048,0.773033,0.134014
0,0,-0.231024,-0.467605,0.853214
0,0,0.442305,-0.421293,0.791757
0,0,0.444168,0.520629,0.729151
0,0,-0.820308,-0.561572,0.108314
0,0,-0.533424,0.82634,0.180612
13.8883,20.8283,0.131637,-0.485679,0.864169
0,0,-0.570314,-0.346983,0.744543
0,0,-0.17767,0.93564,0.304979
0,0,-0.316323,-0.200206,0.927285
0,0,0.167771,-0.771789,0.613347
0,0,0.58409,0.607857,0.537912
0,0,0.24341,0.964839,0.0991791
0,0,0.72059,0.506568,0.473434
0,0,-0.0137282,0.991305,0.13087
0,0,-0.41387,0.909402,0.0412305
0,0,0.916562,-0.245364,0.315769
0,0,0.88038,-0.463606,0.099999
0,0,0.888052,0.0732813,0.453866
0,0,-0.0668173,-0.995531,0.0667273
0,0,0.0465497,0.842403,0.536834
0,0,-0.922925,0.0361355,0.383281
0,0,0.845684,-0.512695,0.148196
0,0,0.917735,0.382708,0.106283
0,0,0.576647,0.801361,0.159054
0,0,0.657506,-0.0875601,0.748344
0,0,0.929605,0.0873857,0.358047
0,0,-0.580545,-0.707285,0.40338
0,0,0.318739,0.868679,0.379212
0,0,-0.82113,0.351385,0.449749
0,0,-0.196386,-0.913358,0.356663
0,0,0.916905,0.0855573,0.389828
0,0,-0.103667,-0.461014,0.881317
0,0,-0.798174,0.015668,0.602223
0,0,0.438073,0.354703,0.826001
0,0,-0.380385,-0.0483189,0.923565
0,0,0.134027,0.0226688,0.990718
0,0,0.818862,0.571622,0.0520925
0,0,-0.123648,-0.670653,0.731393
0,0,-0.248372,-0.327559,0.911601
0,0,-0.383309,-0.758015,0.527719
0,0,-0.46352,-0.671827,0.577752
0,0,0.0516551,-0.768704,0.637515
0,0,-0.837326,0.0669099,0.542593
17.8064,25.5129,-0.0339446,0.209682,0.97718
0,0,0.183554,-0.980572,0.0691836
0,0,0.427447,-0.830501,0.357151
0,0,0.48267,-0.873664,0.0611599
0,0,0.772825,0.495366,0.396678
0,0,0.54406,0.156937,0.824238
0,0,-0.923946,0.046404,0.379699
0,0,0.142436,-0.921773,0.36062
0,0,0.0345744,0.871384,0.489382
0,0,0.160487,0.576604,0.801106
0,0,0.560601,-0.258298,0.786771
0,0,-0.998905,-0.0460582,0.00818943
0,0,-0.535235,-0.0386641,0.843818
0,0,0.370257,0.605062,0.704847
0,0,-0.196463,0.672623,0.713429
0,0,0.128137,-0.826929,0.547512
0,0,0.485401,0.871083,0.0748296
0,0,0.345581,0.269099,0.898977
0,0,-0.496878,0.139646,0.856511
0,0,0.734548,-0.678552,0.00249837
0,0,-0.774924,-0.614024,0.149893
0,0,0.412623,-0.866849,0.279849
0,0,0.198942,0.858615,0.472443
0,0,0.681906,0.659437,0.316459
0,0,-0.123494,-0.81475,0.566508
0,0,0.363821,0.785056,0.501319
0,0,-0.192417,0.72547,0.660809
0,0,0.897724,-0.34973,0.267917
0,0,0.655707,0.0999859,0.748366
0,0,-0.744822,-0.550819,0.376614
0,0,0.106473,0.99428,0.0084568
0,0,-0.807097,-0.559143,0.189614
0,0,0.982503,0.12783,0.135449
0,0,0.933512,-0.241008,0.265462
0,0,-0.0730712,-0.64835,0.757828
0,0,0.41221,0.6647,0.623103
0,0,0.550035,0.830248,0.0902745
0,0,-0.398084,-0.490651,0.775107
0,0,0.388263,0.915368,0.106552
0,0,0.249544,0.82059,0.51416
0,0,0.723689,0.660373,0.200455
0,0,-0.586839,0.656496,0.473955
0,0,0.859989,-0.414031,0.298324
0,0,0.190394,0.461193,0.866632
0,0,-0.342002,-0.702523,0.624096
0,0,0.426249,-0.456732,0.780838
0,0,-0.690156,-0.663511,0.288855
0,0,-0.626422,-0.397157,0.670717
0,0,0.405054,-0.584656,0.702928
0,0,0.704722,-0.709402,0.0107566
0,0,-0.430648,0.703265,0.56565
0,0,0.580822,0.291888,0.759899
0,0,-0.0264884,0.654518,0.755582
0,0,0.470748,0.370811,0.800559
0,0,0.0644869,0.797189,0.600275
0,0,-0.00351946,0.339254,0.940688
0,0,0.90889,-0.352248,0.223248
0,0,0.741941,0.404551,0.534661
0,0,-0.198889,-0.314415,0.928217
0,0,0.779501,-0.606098,0.158189
0,0,0.993267,-0.0623827,0.0976153
0,0,-0.757466,0.65264,0.0174868
0,0,0.225393,-0.972117,0.0646989
0,0,0.131898,-0.978675,0.157474
0,0,0.159021,-0.98655,0.0378437
0,0,0.173212,0.566769,0.805463
0,0,0.0344733,0.978574,0.202991
23.4135,32.6874,-0.227654,-0.0814951,0.970326
0,0,0.212964,0.783163,0.584211
0,0,0.0257843,-0.40702,0.913055
0,0,0.139937,-0.60576,0.783245
0,0,-0.819088,0.0242138,0.573156
0,0,-0.450259,0.85004,0.273311
0,0,-0.31908,-0.295417,0.900509
0,0,-0.763382,0.550554,0.337844
0,0,-0.627224,0.767384,0.133087
0,0,-0.677549,-0.470017,0.565695
0,0,-0.943644,-0.247799,0.219391
0,0,0.0855489,0.906205,0.414093
0,0,0.215782,0.523116,0.824492
0,0,0.571432,-0.725734,0.383113
0,0,0.878425,-0.352935,0.32219
0,0,-0.597531,0.781866,0.17788
0,0,-0.214745,0.2161,0.952463
22.4163,29.1282,0.736338,-0.482628,-0.474211
0,0,0.786298,0.221211,0.57689
0,0,-0.765087,-0.59961,0.234756
0,0,0.713984,0.346632,0.608337
0,0,-0.828236,-0.535172,0.166178
0,0,-0.95763,-0.281427,0.0611848
0,0,0.410921,0.909889,0.0569692
0,0,-0.774832,0.354331,0.523531
0,0,-0.806409,0.570161,0.156908
0,0,0.451851,-0.840213,0.299787
0,0,-0.11234,0.557365,0.822632
22.1686,29.4923,0.28714,0.289781,0.913005
0,0,-0.41173,0.91125,0.0100951
0,0,-0.803813,-0.41294,0.428212
0,0,-0.726334,-0.664884,0.174264
0,0,-0.895407,-0.386869,0.220405
0,0,-0.702158,0.711143,0.0353473
0,0,-0.431523,0.883286,0.183284
0,0,-0.287109,0.526143,0.800463
0,0,-0.540042,-0.603402,0.586737
0,0,-0.253914,0.192964,0.947783
0,0,-0.574478,-0.677752,0.458942
0,0,0.335821,-0.941731,0.019138
0,0,0.547707,0.834822,0.0555861
0,0,0.994402,-0.0939654,0.0483285
0,0,-0.50941,0.821171,0.257254
0,0,-0.038979,0.712484,0.700605
0,0,-0.63362,0.495933,0.593781
0,0,0.224753,-0.00201824,0.974414
0,0,-0.467253,0.867399,0.171151
0,0,0.123989,-0.621193,0.773787
0,0,-0.29807,0.519141,0.801029
0,0,-0.911515,0.405461,0.0688638
0,0,0.503868,0.707022,0.496222
0,0,-0.788032,0.605203,0.112848
0,0,0.017772,0.852172,0.52296
0,0,0.230279,-0.948762,0.216385
0,0,-0.486427,-0.808861,0.330352
0,0,0.0867082,0.747011,0.659133
0,0,-0.366909,0.924729,0.101263
0,0,-0.914183,-0.312316,0.258319
0,0,0.93401,0.357011,0.0129814
0,0,0.157724,-0.80119,0.577251
0,0,-0.105035,-0.809888,0.577104
0,0,0.516857,-0.648033,0.559385
0,0,0.158893,0.946565,0.280656
0,0,-0.226698,0.707848,0.668999
0,0,-0.000879417,-0.602467,0.798143
0,0,-0.213283,0.79482,0.56813
0,0,-0.593328,-0.564737,0.573615
0,0,0.973434,0.183294,0.137218
0,0,0.740639,-0.630776,0.231466
0,0,-0.197363,0.730921,0.653301
0,0,0.281824,-0.92879,0.240675
0,0,0.115016,0.970512,0.211845
0,0,-0.986687,0.0791689,0.142059
0,0,-0.609035,-0.478081,0.632862
0,0,-0.890214,-0.047932,0.453014
0,0,-0.847064,-0.10818,0.520364
0,0,-0.84516,0.280754,0.454842
0,0,0.731466,0.681687,0.0161067
0,0,-0.298186,0.74489,0.596845
0,0,0.450657,0.759587,0.468973
0,0,-0.592273,-0.529439,0.607378
0,0,0.648466,0.00337722,0.761236
0,0,0.978514,-0.0817656,0.189277
0,0,0.830209,-0.129692,0.542156
0,0,-0.154162,0.20782,0.965943
0,0,-0.497267,-0.699283,0.513545
0,0,0.760969,-0.627783,0.163753
0,0,0.437315,-0.258802,0.861265
0,0,-0.946811,0.165816,0.27578
0,0,0.69997,0.604588,0.380153
0,0,0.0924205,-0.0728788,0.993049
0,0,0.585241,0.543398,0.60184
9.49499,13.9739,-0.841661,-0.103563,0.529983
0,0,-0.780945,0.104584,0.615782
0,0,-0.852951,-0.513867,0.0917388
0,0,-0.996505,-0.0767816,0.0328949
0,0,0.893727,-0.109276,0.435098
0,0,-0.897233,-0.429897,0.100804
0,0,0.0749939,0.995842,0.0517121
0,0,-0.853233,-0.338032,0.397149
0,0,-0.466984,-0.409342,0.783815
0,0,0.544989,0.650156,0.529419
0,0,0.736765,0.07566,0.671902
0,0,-0.635309,0.610641,0.472759
0,0,0.0191834,-0.811229,0.584414
0,0,0.784368,-0.600989,0.153558
0,0,0.363098,0.769258,0.525739
0,0,-0.481295,0.871875,0.090493
0,0,0.65615,0.642543,0.395734
0,0,0.555246,-0.644065,0.526196
0,0,-0.986497,0.128813,0.101149
0,0,-0.54462,0.83725,0.0490083
0,0,0.571151,-0.208933,0.793809
0,0,0.124143,0.526797,0.840877
0,0,0.69556,0.718468,0.000620741
0,0,0.750841,0.0999674,0.652873
0,0,-0.840206,-0.326118,0.433245
0,0,0.756659,-0.559782,0.337803
0,0,-0.328739,0.437224,0.837118
0,0,-0.865443,-0.4865,0.11969
0,0,0.546933,-0.0593403,0.83507
0,0,0.576938,0.589853,0.564991
0,0,0.197378,-0.979878,0.0296865
0,0,-0.156726,0.943162,0.293059
0,0,0.350651,0.620224,0.701688
0,0,-0.366038,0.918998,0.146486
10.0328,16.4768,-0.524964,-0.470039,0.70956
0,0,0.397035,0.87505,0.276858
0,0,0.502022,-0.852909,0.14325
0,0,-0.741524,-0.414853,0.527294
0,0,0.218765,-0.973256,0.0701104
0,0,0.773744,-0.00328694,0.63349
0,0,0.362122,0.895886,0.257403
0,0,0.457003,0.297017,0.838408
0,0,-0.592013,0.102325,0.799406
0,0,-0.363881,0.924729,0.111653
0,0,0.823342,-0.329061,0.462414
0,0,-0.696651,0.243613,0.674782
0,0,-0.762411,-0.309602,0.568222
0,0,-0.524511,-0.372407,0.765638
0,0,-0.305533,0.409442,0.859655
0,0,0.156796,-0.0155135,0.987509
17.3595,27.0197,-0.0608525,0.325813,0.943474
0,0,0.0699554,0.527066,0.84694
0,0,0.0913847,-0.943202,0.319403
0,0,0.870392,-0.0243519,0.491757
0,0,-0.688477,0.724075,0.0414156
0,0,-0.279865,-0.667389,0.690121
0,0,0.633449,-0.773779,0.00309654
0,0,0.38893,0.606255,0.693677
0,0,0.589565,-0.0969367,0.801883
0,0,0.169367,-0.693111,0.700651
0,0,-0.139524,-0.937394,0.319102
0,0,0.134212,-0.619598,0.77336
0,0,0.455766,0.889435,0.0343812
0,0,0.87131,0.444871,0.207147
0,0,-0.267855,-0.890835,0.36697
0,0,0.652566,0.611588,0.447346
0,0,-0.70092,-0.195766,0.685847
0,0,0.294495,0.752266,0.58938
0,0,-0.46271,-0.151084,0.873541
0,0,-0.0445752,-0.394484,0.917821
0,0,-0.991614,-0.127946,0.0181771
0,0,-0.0182405,-0.907437,0.419791
0,0,0.00673216,0.627178,0.778847
0,0,0.785877,0.496649,0.368425
0,0,0.385043,-0.185848,0.903993
0,0,0.391821,0.0616956,0.917971
0,0,0.238367,-0.501222,0.83184
0,0,-0.555808,0.825923,0.0944921
0,0,-0.955351,0.262762,0.135131
0,0,-0.31578,-0.276796,0.907561
0,0,0.261604,0.713843,0.649609
0,0,-0.0937618,0.95777,0.27182
0,0,0.940196,-0.251143,0.230126
0,0,-0.264853,-0.638424,0.722681
0,0,-0.545777,-0.0453508,0.836702
0,0,0.282453,0.958996,0.0233773
0,0,0.074899,0.338226,0.93808
0,0,-0.875058,0.283556,0.392262
0,0,-0.776,-0.376746,0.505852
0,0,0.256801,-0.416436,0.872143
0,0,0.897025,-0.267073,0.352161
0,0,0.407578,-0.90641,0.110908
0,0,-0.992375,0.101053,0.0705672
0,0,0.0792122,-0.368939,0.926072
0,0,0.353105,-0.601698,0.716433
0,0,-0.0135089,0.7375,0.675212
19.1881,29.269,0.79291,-0.563616,0.231583
0,0,0.811819,0.560864,0.162427
0,0,0.64934,-0.701827,0.292909
0,0,-0.821579,-0.200759,0.533576
0,0,0.0115151,0.20346,0.979016
0,0,0.693948,0.427641,0.579275
0,0,0.221123,0.473849,0.852392
0,0,-0.615926,0.412668,0.671074
0,0,0.825165,-0.0331268,0.56392
0,0,0.563915,-0.611474,0.555068
0,0,0.368171,0.464338,0.805506
0,0,-0.636647,-0.537158,0.553301
0,0,0.898137,-0.283481,0.336138
22.6909,30.9669,-0.482534,-0.497511,0.720863
0,0,0.589435,-0.756633,0.28297
0,0,-0.732751,0.53587,0.419428
0,0,0.430593,-0.830963,0.352263
0,0,0.326903,-0.404048,0.85433
0,0,-0.603084,0.0847712,0.793161
0,0,-0.540702,0.0444866,0.840037
0,0,0.120812,0.830531,0.543712
0,0,-0.471823,-0.265491,0.840772
0,0,-0.548557,0.818871,0.168923
0,0,0.99164,-0.0518018,0.118184
16.5775,23.6623,-0.781879,0.0475865,0.621611
0,0,-0.393998,0.17915,0.901483
0,0,-0.540487,0.636166,0.550605
0,0,-0.0104815,-0.677698,0.735265
0,0,0.230078,0.968355,0.0967109
0,0,-0.864683,-0.488181,0.118334
0,0,0.0818687,-0.993664,0.0770034
0,0,-0.755748,-0.124455,0.642927
0,0,-0.591186,0.523181,0.613825
0,0,-0.123264,0.982103,0.142407
0,0,-0.333576,0.821741,0.462026
0,0,0.271241,0.800493,0.534453
0,0,0.596153,0.691495,0.407967
0,0,-0.824813,0.551018,0.126741
0,0,-0.54387,0.503662,0.671216
0,0,0.765489,0.633095,0.114962
0,0,0.932624,0.0279477,0.359765
0,0,-0.232606,0.784245,0.575199
0,0,-0.792849,0.56888,0.218553
0,0,-0.214658,-0.962483,0.165977
0,0,0.882858,-0.462999,0.0787023
0,0,0.785596,-0.61155,0.0940518
0,0,-0.551428,0.719563,0.422085
0,0,0.254686,0.58645,0.768902
0,0,0.477523,0.30109,0.825419
0,0,0.501409,-0.13611,0.854437
0,0,-0.6884,0.70606,0.166087
0,0,-0.261088,-0.432618,0.862945
0,0,-0.8296,-0.0488416,0.556218
0,0,0.541839,-0.717039,0.43848
0,0,0.409609,0.754698,0.512495
0,0,-0.515756,-0.719533,0.465047
0,0,-0.819571,-0.572915,0.0084695
0,0,-0.517451,0.474654,0.712002
0,0,0.498462,0.129186,0.857232
0,0,-0.592893,0.796571,0.118119
0,0,-0.507692,0.688598,0.517766
0,0,0.975759,-0.00720528,0.218728
0,0,0.519539,0.064235,0.852029
0,0,0.838814,-0.154911,0.521913
0,0,-0.995973,0.0848701,0.0289068
0,0,0.452073,0.835135,0.313335
0,0,-0.888951,0.437724,0.134772
0,0,-0.288123,-0.696789,0.656864
0,0,0.0909546,0.0750873,0.99302
0,0,0.790246,-0.60976,0.060866
0,0,0.390945,0.805535,0.445282
0,0,0.0446257,-0.673416,0.737916
0,0,-0.957395,0.279825,0.0713647
0,0,-0.173087,0.896164,0.408572
0,0,0.700172,0.251504,0.668211
0,0,-0.647733,-0.206657,0.733304
0,0,-0.709648,-0.0375156,0.703556
0,0,0.851196,0.111819,0.512798
0,0,0.814849,-0.264348,0.51589
0,0,-0.288252,-0.0624439,0.955516
22.1354,33.8861,-0.734779,-0.447742,0.509535
0,0,-0.502124,-0.422835,0.754375
0,0,0.414357,0.477582,0.774741
0,0,0.412997,-0.111761,0.903849
0,0,0.410986,0.548487,0.728184
0,0,-0.864412,-0.319994,0.387809
0,0,0.863691,-0.49657,0.0863473
0,0,0.663416,-0.545442,0.512223
0,0,0.349574,0.363939,0.863334
0,0,0.819027,0.561964,0.115717
0,0,-0.691525,0.352436,0.63054
0,0,0.153213,0.438521,0.885565
0,0,-0.716696,-0.498222,0.487977
0,0,-0.518775,-0.603132,0.605892
24.6101,34.6723,0.218574,0.182613,0.958581
0,0,0.0100258,0.704031,0.710098
0,0,-0.0498939,-0.933773,0.35437
0,0,0.313419,-0.832527,0.456801
0,0,-0.88033,0.112661,0.460789
0,0,0.842708,0.534617,0.0634686
0,0,-0.600112,0.726023,0.335792
0,0,0.642524,0.14951,0.751538
0,0,0.503721,0.171637,0.846644
0,0,0.781008,0.351982,0.515883
0,0,-0.567445,-0.214192,0.795065
0,0,-0.073335,-0.870102,0.487385
0,0,0.108486,0.641158,0.759702
0,0,0.68519,-0.646566,0.335361
0,0,-0.673162,0.738856,0.0307367
0,0,0.400242,0.388648,0.829915
0,0,0.942178,0.147191,0.301056
0,0,-0.391437,-0.905057,0.166277
0,0,0.0560289,0.985751,0.158604
0,0,-0.97136,-0.130718,0.198424
0,0,-0.358887,-0.191386,0.913549
15.7427,22.9859,-0.333194,0.112202,0.936158
0,0,-0.516908,0.800716,0.302754
0,0,-0.866779,-0.110588,0.486276
0,0,-0.134874,0.196793,0.971124
0,0,-0.659751,-0.380091,0.648274
0,0,-0.4409,-0.191001,0.876998
0,0,0.620292,0.0225347,0.784047
0,0,0.673136,-0.621114,0.401379
0,0,-0.0299856,0.785591,0.618019
0,0,0.889,-0.350747,0.294373
0,0,-0.90997,-0.235292,0.341457
0,0,0.685591,0.494389,0.534363
0,0,0.379729,-0.864292,0.329856
0,0,0.73118,-0.499003,0.465158
0,0,0.991627,-0.129119,0.00215841
0,0,-0.305325,0.624349,0.719003
0,0,-0.534631,0.460034,0.708899
0,0,0.204472,-0.63061,0.74868
0,0,-0.878588,0.0198019,0.47717
0,0,-0.479126,-0.869441,0.120458
0,0,-0.66281,-0.747927,0.0358912
0,0,-0.00575226,0.930788,0.365515
21.8805,28.1283,-0.767472,-0.410582,-0.49235
0,0,0.738584,0.430259,0.51901
0,0,0.728414,-0.296306,0.617751
0,0,-0.590759,0.36007,0.722048
0,0,0.542075,-0.0121386,0.840242
0,0,-0.470626,0.708372,0.526043
0,0,-0.53486,0.841069,0.0807908
0,0,0.0514124,0.624579,0.779267
0,0,-0.397742,-0.905314,0.149023
0,0,0.380704,-0.609463,0.695428
15.6595,22.2646,-0.261959,-0.00908491,0.965036
0,0,-0.946468,0.320033,0.0421652
0,0,0.611924,-0.662537,0.431966
0,0,-0.906464,0.405135,0.119119
0,0,-0.53613,0.57346,0.619441
0,0,0.389051,-0.813951,0.43142
0,0,0.613052,-0.655566,0.440909
0,0,-0.286562,-0.956659,0.0518136
0,0,0.606492,0.747555,0.270793
0,0,-0.763877,-0.0312421,0.644605
0,0,0.284875,-0.880862,0.378059
0,0,-0.566781,-0.0709706,0.820806
0,0,-0.627659,0.157982,0.76229
0,0,0.73591,0.622023,0.26744
0,0,-0.24489,-0.0773336,0.966462
0,0,0.222507,0.490923,0.842309
0,0,-0.905971,-0.0218036,0.422778
0,0,-0.231588,-0.311411,0.921624
0,0,0.442077,-0.106184,0.89067
0,0,-0.0812529,0.917593,0.389128
0,0,-0.165112,0.961172,0.221105
0,0,0.752473,0.204471,0.626081
0,0,-0.787388,0.430956,0.440792
0,0,-0.143753,-0.935857,0.321724
0,0,-0.594816,0.71217,0.372837
0,0,-0.68623,0.425026,0.590289
0,0,-0.736978,-0.579045,0.348669
0,0,-0.373942,-0.348236,0.859593
0,0,0.32625,-0.513571,0.793603
0,0,-0.451804,-0.269486,0.850441
0,0,0.495068,0.0356577,0.868122
0,0,0.851377,-0.32789,0.409444
0,0,0.480533,0.29257,0.826735
0,0,0.793214,-0.498029,0.350398
8.81209,12.7631,-0.350223,0.721536,0.597269
0,0,-0.296939,0.92574,0.234163
0,0,-0.520638,0.80663,0.279793
0,0,0.58703,-0.146912,0.796124
0,0,0.61195,-0.79006,0.0363615
0,0,-0.27031,0.939149,0.211969
0,0,0.512205,0.747396,0.423137
0,0,0.683718,0.445196,0.578213
0,0,-0.402597,-0.613547,0.67932
0,0,-0.311638,0.644367,0.698336
0,0,0.131894,-0.252851,0.958473
0,0,0.714003,0.674906,0.186286
0,0,0.0111493,0.542433,0.840025
0,0,0.296044,0.542493,0.786168
0,0,-0.917789,-0.312896,0.244456
0,0,0.389895,0.475506,0.788591
0,0,0.9207,-0.0916981,0.379346
0,0,0.825749,-0.513528,0.233297
0,0,-0.434073,0.22389,0.872613
0,0,-0.383788,0.578315,0.719902
0,0,-0.372984,0.165882,0.912889
0,0,-0.1195,-0.783883,0.609301
0,0,0.251377,0.661222,0.706821
0,0,-0.36288,-0.232448,0.902378
0,0,-0.67967,0.516243,0.521097
0,0,-0.391546,-0.494669,0.775883
0,0,-0.748246,0.476322,0.461785
0,0,0.683982,-0.717505,0.131736
0,0,-0.345609,-0.910302,0.227828
0,0,0.787702,-0.0103705,0.615969
0,0,-0.278542,0.858884,0.429806
0,0,-0.79061,0.562108,0.242837
0,0,0.763723,0.38668,0.516919
0,0,0.461223,0.753889,0.467894
0,0,0.348675,-0.93724,0.00265237
0,0,-0.272891,0.804257,0.527921
0,0,0.632637,-0.759054,0.15365
0,0,0.978222,-0.184239,0.0955906
0,0,0.969291,0.245903,0.00264007
0,0,0.743018,0.387844,0.545437
0,0,-0.79626,-0.0912298,0.598037
0,0,-0.763011,-0.146036,0.629673
0,0,-0.130222,-0.634194,0.762129
0,0,-0.430657,-0.899558,0.0730098
0,0,-0.718742,-0.695274,0.0021613
0,0,0.701686,0.706252,0.0940534
0,0,0.724583,0.68402,0.0842362
0,0,0.837411,0.536363,0.105156
0,0,0.574387,-0.0382961,0.817687
0,0,-0.911011,-0.158624,0.380655
0,0,-0.866922,-0.49844,0.00183022
0,0,-0.0904683,-0.767932,0.63411
0,0,-0.119569,0.635583,0.762717
0,0,-0.686864,-0.280257,0.670577
0,0,-0.648938,0.0186504,0.760612
0,0,-0.921379,-0.369015,0.122017
0,0,-0.0258871,-0.993869,0.107491
0,0,0.790759,-0.531631,0.303427
0,0,0.588251,0.652269,0.478024
0,0,0.975511,-0.00203974,0.219942
0,0,0.347261,0.919336,0.185016
0,0,-0.0774947,0.389423,0.917793
0,0,0.807519,-0.145955,0.571498
0,0,0.529742,0.0121579,0.848072
0,0,0.143921,0.480341,0.865193
0,0,-0.208367,0.193928,0.958632
0,0,0.456137,0.623213,0.635251
0,0,-0.546233,0.563925,0.619369
0,0,-0.458177,0.114503,0.881455
0,0,-0.353173,0.839318,0.413297
0,0,-0.323657,0.943567,0.0701993
0,0,-0.623309,-0.696438,0.355613
0,0,-0.0705254,0.705793,0.704899
0,0,-0.765009,0.152278,0.625758
0,0,0.290022,-0.921411,0.25863
0,0,0.126798,0.150637,0.980424
0,0,0.240067,0.967832,0.075297
0,0,0.306936,0.162995,0.937669
0,0,0.545603,-0.265979,0.794716
0,0,0.226176,0.039289,0.973294
0,0,0.710708,-0.459932,0.532312
0,0,-0.130793,-0.79663,0.590147
0,0,0.831483,-0.460563,0.310673
0,0,-0.739793,-0.104129,0.664728
0,0,0.00170684,-0.836797,0.54751
0,0,-0.210577,-0.807569,0.550899
0,0,0.953998,-0.173075,0.244811
0,0,0.823391,-0.567411,0.00845759
0,0,-0.947676,-0.102106,0.302465
0,0,0.818761,-0.573948,0.0146297
0,0,-0.00625692,-0.966154,0.257889
0,0,-0.886913,0.460144,0.0406556
0,0,0.157491,-0.634739,0.756507
0,0,0.670846,0.733026,0.112419
0,0,-0.761401,0.0943782,0.641375
0,0,0.656193,0.500476,0.564743
0,0,-0.592979,-0.792828,0.140711
0,0,-0.638357,-0.431985,0.637095
0,0,0.783876,-0.598308,0.16603
0,0,0.805059,0.0381543,0.591967
0,0,-0.141645,-0.358586,0.922688
0,0,-0.766461,0.157638,0.622646
0,0,-0.434383,-0.853577,0.287607
0,0,-0.727078,0.176198,0.66356
0,0,-0.426623,0.743303,0.515261
0,0,0.397627,-0.129525,0.908359
0,0,-0.204928,-0.0820561,0.975331
0,0,-0.364109,0.744028,0.56022
0,0,0.0747092,0.94091,0.330313
0,0,0.524241,0.611441,0.592715
0,0,0.506411,-0.698697,0.505342
0,0,-0.351923,-0.560808,0.74943
0,0,0.391408,0.436125,0.810305
0,0,-0.41224,-0.0465588,0.909885
11.9204,16.5747,0.665617,-0.588632,0.458766
0,0,-0.992613,0.105946,0.0591208
0,0,-0.46339,0.826263,0.320249
0,0,-0.398815,-0.601279,0.692394
0,0,-0.66589,-0.571383,0.479699
0,0,-0.827915,-0.560431,0.0217669
0,0,0.289901,-0.635828,0.715318
0,0,-0.424264,0.786668,0.448501
0,0,0.201997,-0.872257,0.445381
0,0,-0.634783,-0.749756,0.186863
0,0,0.641833,-0.238061,0.728957
0,0,-0.629202,0.0739481,0.773716
0,0,0.546801,0.800073,0.246762
0,0,0.479087,-0.14014,0.866508
0,0,-0.838575,0.295317,0.457799
0,0,0.913325,0.0376101,0.40549
0,0,-0.0720756,-0.460848,0.884548
0,0,0.402462,0.402737,0.822087
0,0,-0.896281,0.244985,0.36968
0,0,0.815632,-0.315283,0.485119
0,0,-0.303391,0.514025,0.80233
0,0,0.683669,0.687158,0.245787
0,0,0.0371669,0.0701277,0.996845
0,0,-0.304692,-0.443849,0.84271
0,0,-0.612659,0.533958,0.582698
0,0,-0.0374824,-0.188539,0.98135
0,0,-0.795246,-0.337879,0.50341
0,0,-0.534961,-0.626002,0.567397
0,0,0.635776,0.472258,0.610542
0,0,-0.604196,-0.0922693,0.791476
0,0,-0.0185204,-0.873275,0.486875
0,0,0.25815,0.283401,0.923603
0,0,0.0558487,-0.103341,0.993077
0,0,0.168803,0.87124,0.460919
0,0,0.763696,0.0169939,0.645353
0,0,-0.884557,0.060874,0.462443
0,0,0.17313,0.984339,0.0332213
0,0,-0.0226055,0.962692,0.269654
0,0,0.406954,-0.5495,0.729684
0,0,0.0897737,0.995738,0.0211366
24.5159,35.1812,-0.164474,0.170614,0.971514
0,0,-0.9066,-0.421477,0.0208501
0,0,-0.900017,-0.209687,0.382101
0,0,0.632052,-0.702889,0.326277
0,0,-0.922728,0.119204,0.366557
0,0,0.373486,-0.609872,0.698973
0,0,0.916711,0.237416,0.321363
0,0,0.221406,0.544392,0.809084
0,0,-0.171922,0.433778,0.884465
12.5654,18.5955,-0.263208,-0.154919,0.952219
0,0,-0.278016,-0.782075,0.557732
0,0,-0.0910479,-0.801236,0.591381
19.1909,25.6044,0.930514,0.315019,0.186833
0,0,-0.594191,-0.804324,0.000849912
0,0,0.532873,-0.802785,0.267551
0,0,-0.99876,-0.0128369,0.048096
0,0,-0.479982,0.326304,0.814336
0,0,-0.402994,0.890373,0.211735
0,0,-0.869557,0.342863,0.355409
0,0,0.85259,-0.429849,0.297186
0,0,0.768449,0.196653,0.608944
0,0,-0.11494,-0.556551,0.822824
0,0,0.108078,0.618572,0.77826
0,0,0.524576,0.423035,0.738824
0,0,0.166876,-0.913831,0.370224
0,0,-0.330094,-0.770486,0.545333
0,0,-0.818149,0.488437,0.303417
0,0,0.300164,-0.901862,0.310718
0,0,0.868189,0.0248838,0.49561
0,0,-0.418636,0.517709,0.746138
0,0,-0.562575,-0.823676,0.0711835
0,0,-0.725352,0.586457,0.360463
0,0,-0.220979,-0.430094,0.875321
0,0,-0.617147,0.345873,0.706754
0,0,-0.784561,-0.578652,0.222771
0,0,0.757961,0.568345,0.320123
0,0,0.552524,-0.763039,0.335393
0,0,0.288959,0.0793041,0.954051
0,0,0.776345,0.176113,0.605205
0,0,-0.0150011,0.636421,0.771196
0,0,0.500188,-0.609821,0.61476
0,0,0.126293,0.261985,0.956773
0,0,0.717814,-0.426893,0.550005
0,0,-0.597401,0.760052,0.255797
0,0,0.551143,-0.283474,0.784783
0,0,0.133543,0.299249,0.944784
0,0,0.599309,-0.797304,0.0716621
0,0,-0.723354,0.531288,0.441013
0,0,-0.558384,-0.668406,0.491366
0,0,-0.326046,0.0170795,0.9452
0,0,-0.888833,0.408557,0.2075
0,0,0.195383,-0.919079,0.342226
0,0,0.5451,-0.0514446,0.836791
0,0,-0.974432,-0.0569904,0.217336
0,0,0.90119,0.124478,0.415164
0,0,-0.739017,-0.40686,0.536954
0,0,-0.467661,0.859552,0.206067
0,0,-0.544876,-0.070355,0.83556
14.0945,20.8347,-0.202285,0.262854,0.943392
18.0602,27.5658,-0.13315,-0.315851,0.93942
0,0,0.489517,0.606414,0.626607
0,0,0.0450734,-0.558418,0.828334
0,0,0.999136,-0.039707,0.0122982
0,0,-0.36826,-0.892772,0.259503
0,0,0.368141,-0.463091,0.806238
0,0,-0.746991,-0.339848,0.571408
0,0,0.352428,-0.24289,0.903769
0,0,0.585925,-0.758195,0.286063
0,0,0.433839,0.714636,0.548706
0,0,-0.499661,-0.0931597,0.861197
0,0,0.522301,0.198156,0.829419
0,0,0.0716466,0.581402,0.810456
0,0,-0.359902,-0.880255,0.309228
0,0,-0.225097,0.971354,0.0761719
0,0,-0.841341,-0.386615,0.377722
0,0,0.796095,-0.40374,0.450806
0,0,0.116602,-0.401271,0.908507
0,0,-0.291828,-0.824152,0.485396
0,0,0.935465,0.140842,0.324144
0,0,-0.299032,-0.445365,0.843937
0,0,0.368199,-0.688966,0.624303
0,0,0.675722,-0.313749,0.667055
0,0,-0.588008,0.714365,0.379381
0,0,0.216498,-0.973706,0.0708935
0,0,-0.897044,-0.359064,0.257652
0,0,-0.87093,-0.450219,0.196938
0,0,0.81251,0.0808926,0.577308
0,0,0.134823,0.983698,0.119
0,0,0.818376,-0.441294,0.368132
0,0,0.35039,0.195983,0.91587
0,0,0.902318,0.318534,0.290444
0,0,0.765503,0.345493,0.542807
0,0,-0.163598,-0.963679,0.21109
0,0,-0.00203898,0.502573,0.864532
0,0,0.669412,0.294345,0.682091
0,0,-0.955419,-0.00197384,0.295246
0,0,0.981086,0.171981,0.0888453
0,0,-0.185752,0.378416,0.906806
0,0,0.299517,0.145906,0.942869
0,0,-0.14595,-0.774169,0.615923
0,0,0.00133501,-0.647706,0.761889
0,0,0.525644,0.757881,0.386414
0,0,-0.968743,0.218505,0.117442
0,0,0.624862,-0.0682855,0.777743
0,0,-0.415639,-0.867791,0.272367
0,0,-0.829876,0.379795,0.408731
0,0,-0.989238,0.0715707,0.127617
0,0,-0.893704,0.411098,0.179696
0,0,0.671692,-0.588964,0.449389
0,0,0.183168,-0.437184,0.880522
0,0,-0.278205,-0.00423511,0.960512
0,0,0.611275,0.778562,0.142068
0,0,0.499345,-0.2312,0.834985
0,0,0.720113,0.531838,0.445629
0,0,0.356984,-0.856152,0.373586
0,0,0.247723,-0.771964,0.58541
0,0,-0.721726,-0.159314,0.673595
0,0,0.224115,-0.540956,0.810641
0,0,-0.402088,-0.873666,0.273922
0,0,0.568277,0.567157,0.59615
0,0,0.336181,0.821479,0.460602
0,0,-0.229737,-0.456132,0.859747
0,0,0.350196,0.179841,0.91925
0,0,0.650542,0.33724,0.680489
0,0,0.673718,0.738988,0.00125146
0,0,0.194728,0.595742,0.779213
0,0,0.0705453,0.951807,0.298474
0,0,0.614019,-0.774143,0.153894
0,0,-0.234976,-0.582205,0.778346
0,0,-0.0734054,0.0998674,0.992289
0,0,0.547852,-0.438713,0.712312
0,0,-0.0214873,0.282706,0.958966
0,0,0.504882,0.540035,0.673392
0,0,-0.681398,-0.362773,0.635683
0,0,-0.489641,-0.0528141,0.870323
0,0,0.166581,-0.219181,0.961359
0,0,0.863322,-0.248179,0.439412
0,0,0.812421,-0.568604,0.129079
0,0,-0.756957,-0.0868744,0.647664
0,0,0.129866,0.625774,0.769117
0,0,0.492729,-0.803145,0.334926
0,0,0.583832,-0.196097,0.787836
21.8103,31.2739,-0.427601,0.883131,-0.192968
0,0,0.214278,-0.91905,0.330805
0,0,-0.409653,0.294838,0.863282
0,0,0.948103,-0.0855592,0.306237
0,0,-0.613112,-0.202676,0.763555
0,0,0.390099,0.361455,0.846861
0,0,0.317598,0.249675,0.914764
0,0,-0.338533,-0.910576,0.237166
0,0,-0.0987396,-0.941561,0.322046
0,0,0.109539,0.750697,0.651502
0,0,-0.8343,-0.127169,0.536444
0,0,0.703428,-0.446451,0.553056
0,0,0.334658,-0.135735,0.932513
0,0,0.635379,-0.435872,0.637424
0,0,-0.126773,-0.984688,0.119658
0,0,0.704794,-0.63658,0.3131
0,0,-0.0442556,-0.879645,0.473567
0,0,0.271423,-0.864852,0.422327
3.5998,5.6132,-0.200376,-0.415662,0.887172
0,0,0.953106,-0.276124,0.123874
0,0,0.0321464,-0.272802,0.961533
0,0,-0.971145,0.194966,0.137352
0,0,0.0133785,0.996929,0.0771645
0,0,0.468495,0.519008,0.714942
0,0,-0.621623,0.673122,0.400614
0,0,0.31497,-0.614377,0.723418
0,0,0.786386,0.494904,0.369685
0,0,0.744298,-0.526685,0.410639
0,0,-0.171236,-0.857875,0.484488
0,0,0.395306,-0.775855,0.491713
0,0,0.340328,-0.0663486,0.937963
0,0,0.640464,0.444112,0.626555
0,0,0.635835,-0.749935,0.182515
0,0,0.0803612,-0.813752,0.57563
0,0,-0.92001,0.249013,0.302614
0,0,0.944586,-0.30739,0.115188
0,0,-0.432313,-0.398039,0.809117
0,0,0.0503066,0.417333,0.90736
0,0,0.796363,0.209088,0.567529
0,0,0.570814,-0.758046,0.315496
0,0,-0.31982,0.201871,0.925723
0,0,0.536894,0.750946,0.38448
0,0,0.633202,-0.668513,0.390058
0,0,0.596343,-0.576524,0.558565
0,0,-0.30742,-0.112557,0.944894
0,0,-0.128943,0.439081,0.889147
0,0,0.583986,-0.386081,0.714074
0,0,0.408769,0.376761,0.831239
0,0,-0.856847,-0.127839,0.499469
0,0,-0.545019,-0.136681,0.827208
0,0,0.478014,-0.228001,0.848244
0,0,-0.00844186,0.999956,0.00418859
0,0,-0.766562,-0.640025,0.0524503
0,0,0.249849,0.875016,0.414635
0,0,-0.631888,0.771916,0.0697333
0,0,0.725211,0.26726,0.63454
0,0,-0.316278,-0.883372,0.345864
0,0,0.838011,-0.479882,0.259712
0,0,-0.827634,0.365303,0.426117
0,0,-0.485354,0.786147,0.382628
0,0,-0.574313,0.42504,0.699646
0,0,0.68668,-0.231872,0.688989
0,0,-0.722354,0.683562,0.104634
0,0,0.0460228,-0.524568,0.850123
0,0,-0.959333,0.27991,0.0364868
0,0,0.34604,0.332609,0.877284
0,0,0.38952,0.826266,0.406889
0,0,-0.670754,0.569437,0.475216
3.86457,5.34622,-0.44085,-0.177214,0.879913
0,0,-0.790211,0.612797,0.00680166
0,0,0.671907,-0.721175,0.168663
0,0,0.255844,-0.858223,0.444969
0,0,-0.0758594,0.927463,0.366139
0,0,-0.834236,0.505001,0.221414
0,0,0.668451,-0.704721,0.237785
0,0,-0.641211,-0.746812,0.17641
0,0,-0.462974,0.287967,0.83829
0,0,-0.586592,0.637688,0.499263
0,0,0.586889,-0.620495,0.520142
0,0,-0.392946,0.859494,0.326898
0,0,0.116785,-0.674242,0.729218
0,0,0.8961,0.330932,0.295784
0,0,-0.200634,0.365194,0.909054
0,0,-0.287406,0.876682,0.38578
0,0,0.644504,0.114206,0.756024
0,0,0.589066,-0.535873,0.604849
0,0,0.297681,-0.216473,0.929799
0,0,0.539552,0.293819,0.789021
0,0,0.926618,-0.27467,0.25678
0,0,0.57465,-0.239265,0.782643
0,0,-0.895617,-0.442243,0.0478788
0,0,-0.297574,-0.951763,0.0748157
0,0,-0.623722,0.69778,0.35224
0,0,-0.388886,0.442426,0.808101
0,0,0.704586,-0.661354,0.257234
0,0,0.335809,0.730029,0.595223
0,0,-0.568117,-0.26394,0.779473
0,0,0.747411,0.656334,0.102967
0,0,0.581744,0.539072,0.609078
0,0,0.785514,-0.511202,0.348768
0,0,-0.602721,-0.13135,0.787067
0,0,0.403831,-0.336267,0.850791
16.1305,23.342,0.0659219,-0.103034,0.992491
0,0,-0.636146,0.756604,0.151225
0,0,0.585917,0.00896041,0.810321
0,0,-0.411104,0.588709,0.696
0,0,0.799408,-0.591019,0.107903
0,0,-0.616185,0.334763,0.712917
0,0,-0.18374,-0.271658,0.944691
0,0,0.759019,0.449614,0.470891
0,0,-0.591855,0.169177,0.788091
22.0484,30.4555,0.0603256,0.685995,-0.725101
0,0,0.0399436,-0.997219,0.062922
0,0,0.601338,0.755999,0.25857
0,0,0.494009,-0.416893,0.762991
0,0,-0.539562,-0.126229,0.83243
0,0,0.238811,0.535188,0.810274
0,0,0.535585,0.202488,0.819846
0,0,-0.442598,0.53401,0.720375
0,0,-0.919833,-0.349252,0.178691
0,0,-0.134704,0.884969,0.44574
0,0,0.681944,-0.0189323,0.73116
0,0,0.789797,-0.500543,0.35451
0,0,-0.23679,-0.560017,0.793921
0,0,0.177013,-0.465317,0.867264
0,0,-0.254926,0.176094,0.950791
0,0,0.109435,-0.992212,0.0594897
0,0,-0.934215,0.203037,0.293287
0,0,-0.0304195,0.992634,0.117272
0,0,-0.806147,0.315913,0.500326
0,0,0.440857,-0.483691,0.7561
0,0,-0.436138,0.114672,0.892544
0,0,0.591944,0.681063,0.430994
0,0,0.130051,-0.814945,0.564758
0,0,-0.0897462,-0.675896,0.731512
0,0,-0.885644,0.287483,0.364675
0,0,0.585772,0.290768,0.756522
0,0,-0.868325,-0.207652,0.450437
0,0,-0.373279,-0.8878,0.269209
0,0,0.043064,-0.376512,0.92541
0,0,0.986522,0.0761622,0.144823
0,0,-0.11752,-0.960836,0.250965
0,0,0.473806,-0.512996,0.715782
0,0,0.366303,-0.799222,0.476514
0,0,-0.843055,0.322655,0.430293
0,0,-0.643464,0.668338,0.373201
0,0,-0.453511,0.646111,0.613896
0,0,-0.971136,-0.219353,0.093697
0,0,-0.241878,-0.771334,0.588676
0,0,-0.256194,-0.790422,0.556415
0,0,-0.533252,0.768705,0.353179
0,0,0.234764,-0.963567,0.128158
0,0,0.998963,-0.0395104,0.0226078
0,0,0.147943,0.981539,0.121217
0,0,-0.468374,-0.750774,0.465793
0,0,0.251511,-0.18577,0.949859
0,0,-0.761399,-0.227081,0.607212
0,0,-0.128485,-0.838318,0.529825
0,0,-0.532116,-0.84656,0.0137401
0,0,-0.428492,-0.23588,0.872213
0,0,-0.600645,0.780872,0.171653
0,0,0.0799409,-0.634831,0.768505
0,0,0.942191,0.23305,0.240756
0,0,0.125842,0.963144,0.237735
0,0,-0.493743,0.300719,0.815957
0,0,-0.122933,-0.472208,0.872873
0,0,-0.617422,0.341155,0.708804
0,0,-0.584356,0.549772,0.596891
0,0,-0.560286,-0.587872,0.583512
0,0,-0.715072,0.132263,0.686425
0,0,0.110766,0.827232,0.550834
0,0,-0.989935,-0.0182507,0.140343
0,0,-0.752409,-0.462119,0.46939
20.5501,26.8869,-0.263578,-0.358601,0.895506
0,0,-0.954279,-0.0383438,0.296449
0,0,0.862948,0.240748,0.444253
0,0,-0.594674,-0.80043,0.0753349
0,0,-0.551873,0.516766,0.654514
0,0,0.865088,-0.340046,0.36877
0,0,-0.943087,-0.0812161,0.322476
0,0,0.455459,0.411548,0.789421
0,0,0.841035,-0.502772,0.1997
0,0,-0.383121,-0.871668,0.305635
0,0,0.412678,-0.509158,0.755285
0,0,0.171659,0.973573,0.150628
8.82358,10.9973,0.200643,-0.555761,0.806766
0,0,-0.354707,0.931571,0.0797389
0,0,-0.148319,0.536249,0.830926
0,0,-0.958992,-0.249466,0.134538
0,0,0.489388,-0.87202,0.00900427
0,0,-0.932186,-0.0406976,0.359685
0,0,0.461476,-0.325387,0.825326
0,0,0.775145,0.215145,0.594023
0,0,-0.107437,0.988506,0.106359
0,0,-0.239342,-0.710986,0.661222
0,0,-0.948681,-0.285921,0.135107
0,0,-0.87684,-0.479449,0.0357871
0,0,-0.900524,-0.279649,0.332946
0,0,-0.553706,-0.0682494,0.829911
0,0,-0.874079,0.244702,0.419652
0,0,0.297417,-0.357949,0.885108
0,0,-0.424845,-0.500181,0.754536
0,0,-0.85738,0.329529,0.395361
0,0,-0.389286,-0.539125,0.74686
0,0,0.667053,0.718439,0.197197
0,0,-0.870991,0.186336,0.454591
0,0,0.788281,0.478399,0.386973
0,0,-0.197475,0.485487,0.851649
0,0,-0.509731,-0.748861,0.423535
0,0,-0.21826,-0.471435,0.854465
0,0,-0.31682,-0.837862,0.444536
0,0,0.123011,-0.93608,0.329579
0,0,-0.455573,-0.87461,0.165861
0,0,-0.0202948,-0.598709,0.80071
0,0,-0.547991,-0.345218,0.761925
0,0,0.80798,0.495109,0.31943
0,0,0.37336,-0.902186,0.216014
0,0,0.233357,-0.521556,0.820685
20.1812,30.0934,0.338369,0.925246,0.17154
0,0,0.0425524,-0.761687,0.646547
0,0,-0.335756,0.612815,0.71535
0,0,-0.821366,-0.533391,0.202118
0,0,0.807939,0.173768,0.563063
0,0,0.936938,-0.349421,0.00721111
0,0,0.919853,-0.250243,0.302075
0,0,0.946308,-0.099973,0.307419
0,0,-0.605628,-0.257836,0.752818
0,0,-0.861719,-0.497347,0.100426
0,0,0.245456,-0.938801,0.24167
0,0,-0.930176,-0.0133327,0.366871
0,0,0.802534,-0.527592,0.278544
0,0,0.210819,0.478405,0.852458
0,0,-0.948508,0.311859,0.05546
0,0,0.150653,0.842806,0.516702
0,0,0.942396,0.0490504,0.330883
0,0,-0.55889,0.546197,0.623948
0,0,0.468163,-0.344853,0.813572
0,0,-0.733102,0.266845,0.625584
0,0,-0.377154,-0.920596,0.101279
0,0,0.305106,-0.846624,0.436048
0,0,-0.514247,-0.156181,0.843302
0,0,-0.115135,0.83939,0.531196
0,0,-0.0878234,-0.540207,0.836937
0,0,0.568974,0.434783,0.698021
0,0,0.705236,0.578197,0.41028
0,0,0.456665,0.603081,0.654026
0,0,0.0419286,0.946845,0.318946
0,0,-0.787316,-0.169846,0.592694
0,0,0.734938,0.511319,0.445443
0,0,0.153412,0.312634,0.937403
0,0,0.0795288,-0.958415,0.274073
0,0,0.873988,0.257595,0.412055
0,0,0.340337,0.359256,0.868968
0,0,-0.359677,-0.929072,0.0863575
0,0,0.901619,0.431186,0.0340913
0,0,0.650622,-0.699508,0.295601
0,0,-0.62736,0.640685,0.442653
0,0,-0.670041,-0.444428,0.594583
0,0,-0.736062,-0.0358749,0.675963
0,0,0.71683,0.565577,0.407772
0,0,0.857751,-0.0156657,0.513826
0,0,-0.480924,-0.534292,0.695157
0,0,-0.666503,0.11898,0.735947
0,0,-0.0752127,0.45984,0.884811
0,0,-0.398228,0.898414,0.185116
0,0,-0.53931,0.839781,0.0625534
0,0,0.246616,-0.334886,0.909413
9.08711,13.3541,0.121152,0.42219,0.898375
0,0,0.8474,-0.311971,0.429636
0,0,0.558877,-0.251848,0.790082
0,0,0.415171,-0.81089,0.41242
0,0,-0.979604,0.200072,0.018604
0,0,-0.0394227,0.804496,0.592648
0,0,-0.581296,0.410828,0.702364
0,0,0.00321872,0.891262,0.453477
0,0,-0.927077,0.331613,0.17482
0,0,-0.84239,-0.257717,0.473245
0,0,0.961615,0.0621903,0.267261
0,0,-0.817732,-0.573958,0.0434266
19.9718,30.779,-0.0189652,-0.236292,0.971497
0,0,0.637732,-0.507627,0.579321
0,0,-0.541931,-0.33914,0.768957
0,0,-0.637883,-0.329672,0.696004
0,0,0.154381,0.970674,0.184276
0,0,-0.839592,0.425079,0.338222
0,0,-0.567389,-0.0592244,0.821317
0,0,0.891275,-0.341322,0.298544
0,0,0.327929,0.832555,0.446447
0,0,-0.31601,0.83376,0.45275
0,0,0.463196,-0.646707,0.605986
0,0,-0.972982,0.0719865,0.219371
0,0,0.405646,-0.895437,0.183421
0,0,-0.509578,-0.552547,0.659562
0,0,-0.24422,-0.889447,0.386316
0,0,-0.935773,0.0111034,0.352428
0,0,-0.866877,-0.4344,0.244586
0,0,-0.304993,-0.291861,0.90653
0,0,0.556044,-0.182121,0.810954
0,0,-0.955846,-0.107889,0.273346
0,0,0.997916,0.0624592,0.0162137
0,0,-0.992702,-0.116638,0.030639
0,0,-0.0927324,0.761245,0.641799
0,0,0.403143,0.565898,0.719191
0,0,-0.805502,-0.411226,0.426684
0,0,0.789951,-0.608483,0.0756623
0,0,0.410672,-0.501423,0.761528
0,0,0.916026,-0.360992,0.174873
0,0,0.67777,-0.00542313,0.735254
0,0,0.361617,0.883276,0.298424
0,0,0.650539,-0.585515,0.483706
0,0,0.360879,0.903933,0.229504
0,0,-0.440895,0.581187,0.683984
0,0,0.624477,-0.780048,0.0394125
0,0,0.759508,-0.182077,0.624497
0,0,-0.942049,0.28739,0.173062
0,0,-0.278292,0.042999,0.959534
0,0,-0.678598,-0.70304,0.212697
0,0,0.781391,-0.0983578,0.616242
0,0,0.532653,0.481655,0.695909
0,0,-0.701307,0.00576847,0.712836
21.2756,34.1106,-0.415533,-0.213045,0.884276
0,0,-0.877317,0.412521,0.245238
12.6043,20.1879,0.417917,0.293476,0.859777
0,0,0.0484336,0.992688,0.110565
0,0,-0.931874,-0.141932,0.333866
0,0,-0.0572036,-0.580729,0.812085
0,0,-0.146881,-0.982721,0.11263
0,0,-0.531764,-0.722374,0.442044
0,0,0.365965,-0.323597,0.872556
20.2136,29.0376,0.111754,0.198409,0.973727
0,0,-0.731062,-0.637234,0.243887
0,0,0.831435,0.424406,0.358602
0,0,-0.684696,-0.291097,0.668172
0,0,-0.0501901,-0.802817,0.59411
5.01255,7.52858,-0.129129,0.33259,0.934189
0,0,-0.989635,-0.0941485,0.108435
0,0,-0.0566038,-0.764147,0.642553
0,0,0.755235,-0.655449,0.00272267
0,0,-0.199443,-0.574222,0.794035
0,0,0.0800458,0.988172,0.1308
0,0,-0.315301,-0.798181,0.513314
0,0,-0.949846,-0.259109,0.175085
0,0,-0.202807,0.770094,0.604834
0,0,-0.456152,-0.438569,0.774327
0,0,0.893604,0.36212,0.265217
0,0,-0.734412,0.650046,0.19514
0,0,-0.358583,0.0705002,0.930832
0,0,0.977686,-0.00516889,0.210007
0,0,0.430896,-0.66217,0.613074
0,0,-0.969419,0.0247995,0.244154
0,0,0.247188,0.848599,0.467737
0,0,-0.522714,-0.640714,0.562367
0,0,0.846518,0.380384,0.372444
0,0,0.821356,-0.296801,0.487118
0,0,-0.105376,-0.321767,0.940937
0,0,0.848438,-0.199775,0.490145
0,0,0.443011,0.789125,0.425468
0,0,-0.134676,-0.827962,0.544372
0,0,0.977606,0.20669,0.0395618
0,0,0.269907,0.931531,0.243722
1.11655,1.79487,-0.246275,0.399453,0.883055
0,0,-0.0651176,-0.927075,0.369178
0,0,0.486318,0.00264095,0.873778
0,0,0.892512,0.336787,0.299994
0,0,-0.664791,-0.528184,0.528275
0,0,0.634175,-0.772459,0.0336027
0,0,-0.137255,-0.952365,0.272328
0,0,-0.357135,0.23677,0.903546
0,0,0.530408,0.833516,0.154658
0,0,-0.122703,-0.110375,0.986287
0,0,0.214808,0.331123,0.918812
0,0,0.199387,0.896813,0.394931
0,0,0.201104,0.643528,0.738531
0,0,-0.454548,0.474499,0.753815
0,0,-0.642752,0.394991,0.656394
0,0,-0.899793,0.419656,0.119424
0,0,-0.502732,-0.148572,0.851579
0,0,0.966357,0.00691365,0.257111
0,0,0.171084,0.894749,0.412499
0,0,0.325365,0.621562,0.7126
0,0,-0.554397,-0.809279,0.194197
0,0,0.895661,-0.0519611,0.441691
0,0,0.936291,-0.177588,0.303022
0,0,0.684051,0.653512,0.32403
12.1629,14.0639,0.0625756,0.15584,0.985798
0,0,-0.234395,-0.431296,0.87123
0,0,0.418645,-0.0158519,0.908012
0,0,0.554704,0.485274,0.675879
0,0,0.0376459,0.998721,0.0337434
0,0,0.119904,0.121575,0.985313
0,0,-0.403575,0.908901,0.105009
0,0,-0.799612,-0.567423,0.196601
0,0,0.461137,0.0318949,0.886755
0,0,0.533865,-0.244813,0.809355
0,0,-0.37879,0.75718,0.532162
0,0,0.553732,0.51408,0.655059
0,0,0.56965,0.534484,0.62436
4.11215,6.51774,0.233641,0.107848,0.966323
0,0,-0.163093,-0.922159,0.350747
0,0,-0.0777746,0.989282,0.123577
0,0,0.648787,0.608764,0.456599
0,0,-0.742383,0.538575,0.398502
0,0,0.978285,-0.0761551,0.192765
0,0,-0.55775,0.818957,0.135
0,0,-0.28863,-0.956674,0.0383106
0,0,-0.266652,-0.958155,0.104098
0,0,0.188554,-0.433174,0.881367
0,0,0.838623,0.354192,0.413835
0,0,-0.615596,-0.717608,0.3257
0,0,-0.714847,-0.0451737,0.697821
0,0,0.267468,0.573704,0.77416
0,0,0.821698,-0.392872,0.412873
0,0,0.283461,0.656526,0.699016
0,0,-0.618461,-0.778418,0.107568
21.5278,29.8258,0.10815,-0.0347579,0.993527
0,0,-0.709948,0.547311,0.443197
0,0,0.818678,0.567244,0.0894476
0,0,0.485271,0.30279,0.820262
0,0,-0.244687,-0.256908,0.934947
0,0,-0.191239,-0.981257,0.0237307
21.6685,31.2655,0.817686,-0.0181774,-0.575377
0,0,0.919634,-0.193788,0.341641
0,0,0.518619,-0.722688,0.4569
0,0,-0.753332,-0.250904,0.607897
0,0,-0.921749,0.178609,0.344206
0,0,-0.317064,0.563799,0.762627
0,0,0.407893,-0.842691,0.35142
0,0,0.927822,0.110655,0.356234
0,0,0.789674,-0.42887,0.438732
0,0,-0.112642,-0.288451,0.950846
0,0,0.638974,-0.224019,0.735886
0,0,-0.417844,-0.231198,0.878609
0,0,0.662957,-0.731011,0.161587
0,0,-0.122229,-0.937018,0.327195
0,0,-0.561308,-0.535413,0.631084
0,0,-0.904361,0.399215,0.150859
0,0,0.746261,0.602778,0.282407
0,0,-0.00593881,-0.999684,0.0244069
0,0,0.0313011,-0.402076,0.915071
0,0,-0.814695,0.450924,0.364609
0,0,0.243361,-0.945268,0.217355
0,0,-0.687469,0.281177,0.669572
0,0,-0.636819,0.0629828,0.768436
0,0,0.517699,-0.797599,0.309554
0,0,0.944612,-0.192714,0.265648
0,0,-0.0963793,-0.899199,0.426793
0,0,0.108066,0.744964,0.658293
0,0,-0.362229,0.43573,0.823972
0,0,-0.987733,-0.141436,0.06618
0,0,-0.0798474,-0.994656,0.0654526
0,0,-0.449459,0.370611,0.812794
0,0,0.868301,0.464617,0.173735
0,0,0.421907,0.533682,0.732924
0,0,-0.382039,-0.880572,0.280425
21.2806,31.3658,0.0911705,0.107408,0.990026
0,0,-0.71512,0.00503014,0.698983
0,0,-0.413346,-0.909823,0.036967
0,0,-0.212529,-0.496538,0.841595
0,0,0.91916,-0.0811157,0.385442
0,0,-0.932936,-0.347992,0.0923675
0,0,-0.645798,0.6618,0.380744
0,0,-0.162515,0.986705,0.00127809
0,0,0.445466,-0.528595,0.722597
0,0,0.632343,0.77359,0.0412324
0,0,-0.150096,0.375677,0.914515
0,0,0.963845,0.106579,0.244222
0,0,0.933771,0.357656,0.0123926
0,0,0.192814,-0.913479,0.3583
0,0,0.913208,0.319747,0.252612
0,0,-0.982438,0.18649,0.00610899
0,0,0.155457,0.965854,0.207267
0,0,0.356509,0.0248077,0.933962
0,0,-0.904754,-0.421632,0.0603915
0,0,-0.207258,-0.201927,0.95722
0,0,-0.774107,-0.431423,0.463285
0,0,-0.48958,0.855322,0.169517
0,0,0.83126,0.0722641,0.551166
0,0,0.919991,-0.141895,0.365353
0,0,0.795537,-0.580209,0.174583
0,0,0.661101,-0.089299,0.744964
0,0,-0.16915,0.123174,0.977863
0,0,-0.0165412,0.782844,0.621998
0,0,-0.194472,0.302874,0.932978
0,0,0.638821,0.133115,0.757752
0,0,-0.227534,-0.816267,0.530977
0,0,-0.737834,0.649796,0.182665
0,0,0.000363193,-0.371591,0.928396
0,0,-0.498359,-0.848027,0.180244
0,0,0.275183,-0.51155,0.813997
0,0,0.371007,0.898076,0.23625
0,0,0.101839,0.875963,0.471505
0,0,-0.873461,-0.478284,0.0911665
0,0,-0.225951,-0.677491,0.699966
0,0,0.667716,-0.155886,0.727911
0,0,0.205989,0.955078,0.213059
0,0,0.738713,0.218319,0.637684
0,0,-0.436933,-0.84486,0.308708
0,0,-0.326543,-0.745618,0.580882
0,0,-0.222539,-0.270704,0.936587
0,0,-0.0319966,0.0295833,0.99905
0,0,0.895041,-0.118619,0.429921
0,0,-0.283944,0.738385,0.611689
0,0,0.829504,0.0644158,0.554773
0,0,0.388516,0.709589,0.587826
0,0,-0.0717048,0.537512,0.840202
0,0,0.208278,-0.860221,0.465446
0,0,-0.0905979,-0.961728,0.258596
0,0,0.874555,0.484918,0.00271658
0,0,0.291077,-0.677274,0.675703
0,0,-0.0030427,-0.978243,0.207439
0,0,0.229471,0.13974,0.963232
0,0,-0.341167,0.937844,0.0636708
0,0,0.053431,0.964893,0.257153
0,0,0.670926,-0.682951,0.288853
0,0,-0.191035,0.897902,0.396582
0,0,0.561286,0.307853,0.768235
0,0,0.762866,-0.348116,0.54484
11.8747,17.7903,-0.160054,0.88246,0.44232
24.1751,35.0152,-0.128603,0.901627,0.412952
0,0,-0.911509,0.176768,0.371354
0,0,-0.690301,0.603661,0.398846
0,0,-0.720564,-0.656803,0.222257
0,0,0.500117,0.3966,0.7698
0,0,-0.0033552,-0.993155,0.116759
0,0,-0.888485,0.0917439,0.449641
0,0,-0.994378,-0.0502618,0.0931983
0,0,-0.843769,0.101514,0.527018
0,0,0.240754,-0.822347,0.515542
0,0,-0.732642,0.405824,0.54639
0,0,-0.0515952,0.403868,0.913361
0,0,-0.386815,0.422509,0.819671
0,0,-0.404961,0.408794,0.81786
0,0,-0.562494,0.422842,0.710497
0,0,0.345853,0.936521,0.0575625
18.8316,29.0468,0.0529886,0.356551,0.932772
0,0,0.130844,0.696285,0.705739
0,0,-0.708744,0.299918,0.638538
0,0,-0.135105,0.105162,0.985235
0,0,0.00350078,0.389585,0.920984
0,0,-0.610763,-0.580282,0.538742
0,0,-0.873379,0.476959,0.0985824
0,0,-0.426857,0.280125,0.859839
0,0,-0.133045,0.0521917,0.989735
0,0,-0.343947,0.762938,0.547382
0,0,0.679343,0.314304,0.663104
0,0,-0.850317,0.0992278,0.516831
0,0,-0.612273,-0.679086,0.404924
0,0,-0.99159,-0.083592,0.0988057
0,0,-0.393424,-0.759728,0.517717
0,0,0.297605,-0.77743,0.554106
0,0,0.409029,-0.253394,0.876634
0,0,0.834975,-0.549185,0.0348221
0,0,0.475291,0.833736,0.281041
0,0,-0.472864,-0.868532,0.148501
0,0,0.29881,-0.558222,0.774016
0,0,0.469379,0.856486,0.214746
0,0,-0.687541,0.645321,0.332938
0,0,0.531555,-0.693618,0.486151
0,0,0.41444,-0.595259,0.688409
0,0,0.46948,-0.836535,0.282487
0,0,-0.62012,0.369654,0.691958
0,0,-0.498075,0.769732,0.399291
0,0,-0.700547,-0.347329,0.623375
0,0,-0.353387,0.811998,0.464519
0,0,-0.853241,0.469645,0.226744
0,0,-0.171233,-0.477623,0.861717
0,0,-0.883956,-0.285907,0.36997
0,0,-0.321514,-0.830435,0.454979
0,0,0.799213,0.110989,0.590712
0,0,-0.913965,0.316801,0.253583
0,0,-0.434405,0.0804251,0.89712
0,0,0.896058,0.310566,0.317221
0,0,-0.0745648,0.995869,0.0518186
0,0,0.808364,-0.462701,0.363946
0,0,-0.51011,-0.558145,0.654418
0.667094,0.82032,-0.745891,0.633468,0.205826
0,0,0.0084896,0.981796,0.18975
0,0,0.649645,-0.658136,0.380551
0,0,-0.578384,-0.422635,0.697748
0,0,-0.355915,0.831691,0.426161
0,0,-0.36644,-0.929668,0.0379432
0,0,0.300815,0.237998,0.923508
1.85609,2.7126,0.0997261,-0.190542,0.9766
0,0,0.302863,0.255911,0.918032
0,0,-0.0212935,-0.315628,0.948644
0,0,-0.524898,0.709195,0.470665
19.3345,26.7302,-0.543341,-0.83426,-0.093761
0,0,-0.0454302,-0.310754,0.949404
0,0,-0.668362,-0.691185,0.274874
0,0,-0.186131,-0.524014,0.831122
0,0,0.304734,-0.924665,0.228323
0,0,-0.778647,-0.0980856,0.619748
0,0,-0.593756,-0.710811,0.377095
0,0,0.384317,-0.908199,0.165759
0,0,-0.929083,-0.312149,0.198412
0,0,-0.636166,-0.13533,0.759591
0,0,-0.703263,-0.371468,0.606163
0,0,0.00205073,0.976563,0.215223
0,0,0.352363,0.499324,0.791528
0,0,-0.446497,-0.391591,0.804548
0,0,0.608182,-0.336878,0.718769
0,0,-0.398082,-0.493024,0.773601
0,0,-0.490107,0.173922,0.854135
0,0,0.873367,-0.428599,0.231371
0,0,-0.672811,-0.508015,0.537816
0,0,0.754567,-0.651732,0.0766371
0,0,-0.748841,-0.653828,0.108383
0,0,0.911588,-0.406088,0.0640387
0,0,-0.425332,-0.848707,0.314308
0,0,0.339485,-0.905277,0.255389
0,0,-0.268015,-0.810474,0.520864
0,0,0.997969,0.00819715,0.0631643
0,0,-0.304723,0.13671,0.942578
0,0,-0.706628,0.699604,0.105974
0,0,-0.559928,0.735786,0.380918
0,0,0.178096,0.626293,0.758972
0,0,0.0761616,-0.700489,0.709588
0,0,-0.751658,-0.447182,0.484807
0,0,-0.567526,-0.442073,0.694612
0,0,0.00323562,-0.998801,0.0488386
0,0,0.0804369,-0.915731,0.393659
0,0,-0.871066,0.00562418,0.491133
0,0,-0.0109127,-0.677619,0.735332
0,0,-0.74237,-0.551601,0.380293
0,0,-0.294686,0.852924,0.430907
0,0,-0.619523,-0.455751,0.639126
0,0,0.132745,-0.328437,0.935151
0,0,0.09143,0.672702,0.734242
0,0,0.866556,0.491248,0.0880686
0,0,0.315731,-0.901821,0.295013
0,0,0.349029,0.48055,0.804519
0,0,-0.296911,0.602872,0.740533
12.4098,16.4323,-0.110091,-0.0480316,0.99276
0,0,0.135447,0.725893,0.674339
0,0,0.922247,-0.259621,0.286457
0,0,0.684242,-0.728303,0.0372571
0,0,-0.693474,-0.343633,0.633253
0,0,0.352147,-0.321784,0.87889
0,0,-0.748967,0.518893,0.412066
0,0,0.31677,0.713851,0.624559
0,0,-0.534005,0.771423,0.346042
0,0,-0.831757,-0.553199,0.0463931
0,0,0.39285,-0.857333,0.33264
0,0,0.918862,-0.342054,0.196704
0,0,-0.480291,0.78837,0.384439
0,0,-0.120898,0.858991,0.497511
0,0,-0.169446,0.719647,0.673347
0,0,0.206658,0.25656,0.944176
0,0,-0.0575927,-0.983752,0.170046
0,0,-0.248546,0.951712,0.180193
0,0,-0.754644,-0.447648,0.479712
0,0,-0.273802,-0.607147,0.745925
0,0,-0.155304,-0.852904,0.498432
0,0,-0.758641,-0.584056,0.288689
0,0,0.914413,0.245256,0.322024
0,0,0.781927,-0.566246,0.260682
0,0,0.345124,-0.660416,0.666888
0,0,0.821244,-0.0275523,0.569911
0,0,0.806191,0.273522,0.524634
0,0,-0.607842,-0.762879,0.220325
0,0,-0.214207,-0.89435,0.392752
0,0,-0.245105,0.302827,0.920988
0,0,0.419376,-0.0648562,0.905493
0,0,0.218682,0.836332,0.502719
0,0,-0.744753,-0.437233,0.504153
7.36774,11.1403,-0.543171,0.343261,0.766249
0,0,0.68779,0.402456,0.60413
0,0,-0.920483,0.093022,0.37955
0,0,-0.606912,-0.378396,0.69891
0,0,0.655832,-0.644994,0.39226
0,0,0.960231,-0.278636,0.017866
0,0,-0.853781,0.347975,0.387261
0,0,-0.584849,0.0417011,0.810069
0,0,-0.468341,-0.882991,0.0313667
0,0,0.990268,0.0180286,0.138
0,0,-0.123027,0.34178,0.931692
0,0,0.282294,0.853679,0.437656
0,0,0.818179,0.550514,0.165885
0,0,0.858743,-0.00492988,0.512383
0,0,-0.865967,-0.0470298,0.497885
0,0,0.91217,-0.405511,0.0592162
0,0,-0.728016,-0.0554098,0.683318
0,0,-0.509083,0.8607,0.00547081
0,0,-0.923602,-0.17251,0.342345
0,0,0.093076,-0.0156322,0.995536
0,0,-0.504235,0.607694,0.613559
0,0,-0.49301,-0.527751,0.691679
0,0,0.998424,0.0554456,0.00871847
0,0,-0.779711,-0.572442,0.253693
0,0,0.352527,-0.933617,0.063913
0,0,0.426191,0.818184,0.385922
0,0,-0.998566,0.0323644,0.0426491
0,0,0.908785,0.263446,0.323583
0,0,-0.800024,-0.318037,0.508737
0,0,-0.62273,0.772439,0.12468
0,0,0.152363,-0.440933,0.884513
0,0,0.0113768,-0.842543,0.538509
0,0,0.0100322,-0.858595,0.512556
0,0,-0.540185,-0.788607,0.293768
0,0,0.454365,-0.882037,0.124756
0,0,0.606965,-0.264405,0.749455
0,0,-0.15882,-0.423955,0.891649
0,0,-0.714409,-0.594162,0.369583
0,0,-0.598716,-0.76227,0.245934
0,0,-0.981166,0.0820115,0.174894
0,0,-0.194925,-0.980103,0.0374486
0,0,0.365672,0.921438,0.131286
0,0,0.302023,0.926053,0.226294
0,0,0.671148,0.494846,0.551985
0,0,0.371422,0.00304432,0.928459
0,0,-0.342138,-0.537855,0.770489
0,0,-0.777598,-0.44365,0.445551
0,0,-0.707846,-0.166115,0.686557
0,0,-0.360918,0.910368,0.202405
0,0,0.329022,0.541887,0.773371
15.4252,22.463,0.422066,-0.0558587,0.904843
0,0,-0.846227,-0.532113,0.0274953
0,0,0.673112,0.623469,0.397753
0,0,0.685657,0.559232,0.465977
0,0,0.656605,0.75206,0.0572398
0,0,0.0938197,-0.982083,0.163434
0,0,-0.81268,0.476226,0.335798
0,0,0.102396,-0.922966,0.371011
0,0,-0.0173085,-0.913522,0.40642
0,0,-0.765534,0.638288,0.080909
0,0,-0.830545,0.272517,0.485726
0,0,0.226911,-0.29767,0.92731
0,0,0.204648,-0.783152,0.58719
0,0,-0.720034,0.104202,0.686071
0,0,-0.889986,-0.370983,0.265136
0,0,0.704628,-0.247939,0.66485
0,0,0.298625,-0.444313,0.844636
0,0,0.39931,0.916816,0.000126589
0,0,0.199539,-0.651768,0.731699
0,0,0.842071,0.526792,0.11579
0,0,-0.675896,0.396311,0.621371
0,0,0.356543,0.905259,0.231046
0,0,0.904627,0.376269,0.200177
0,0,-0.868073,-0.357879,0.344052
0,0,-0.526778,0.723737,0.445768
0,0,-0.0772542,-0.772605,0.63017
0,0,-0.317992,0.656505,0.684019
0,0,-0.203687,-0.95169,0.22978
0,0,-0.371801,0.337085,0.864949
0,0,0.447635,-0.717164,0.534133
0,0,-0.621618,-0.525624,0.580785
0,0,0.407977,0.800683,0.438703
0,0,0.75111,-0.594747,0.286549
0,0,0.936075,-0.30776,0.170433
0,0,0.638817,0.18108,0.747745
0,0,0.735876,-0.495361,0.461631
0,0,0.82113,0.131057,0.555491
15.8876,21.1592,-0.0349185,-0.105333,0.993824
0,0,0.915248,0.0683172,0.397056
0,0,0.653002,-0.717668,0.241954
0,0,-0.603883,0.704617,0.372613
0,0,0.537377,-0.370239,0.757726
0,0,0.663174,0.709507,0.238327
0,0,0.0560248,0.50424,0.861744
0,0,0.5549,-0.561247,0.614075
0,0,0.339955,-0.912076,0.229232
0,0,-0.0322249,0.142093,0.989329
0,0,-0.389382,0.868155,0.307716
0,0,-0.982453,-0.00890379,0.186298
0,0,-0.864098,-0.501852,0.0384565
0,0,-0.961968,0.266795,0.0586388
0,0,0.85481,0.518756,0.0138762
0,0,-0.69858,0.434977,0.568139
0,0,0.788132,0.400808,0.46712
0,0,0.273433,0.961167,0.0373202
0,0,0.748162,-0.542953,0.381386
0,0,-0.77875,0.541359,0.316983
0,0,-0.413466,0.877241,0.243915
0,0,-0.472479,-0.620637,0.625758
0,0,0.866292,-0.417594,0.274141
0,0,-0.97056,-0.141365,0.19501
0,0,-0.612092,0.776531,0.149475
0,0,0.466865,-0.762956,0.447141
0,0,0.55668,0.674141,0.485429
0,0,-0.720564,0.48998,0.490619
0,0,-0.032246,0.823535,0.566348
0,0,0.677216,0.0856965,0.730777
0,0,-0.61743,-0.786558,0.0103664
0,0,-0.686568,-0.723054,0.0762728
0,0,0.898408,-0.104998,0.426424
0,0,0.299464,-0.953912,0.0193471
0,0,0.874578,-0.32692,0.358101
0,0,-0.733245,-0.210875,0.646439
0,0,-0.821088,-0.13534,0.554525
0,0,0.263455,-0.661026,0.702592
0,0,-0.779106,-0.255515,0.572456
0,0,0.246929,-0.930668,0.269969
0,0,-0.767713,0.616212,0.175785
0,0,-0.10147,0.842369,0.529261
0,0,0.602066,0.732835,0.316968
0,0,0.257075,0.886878,0.383875
19.5295,29.1635,-0.0838288,-0.00762642,0.996451
0,0,-0.120549,0.792361,0.598024
0,0,-0.512043,0.686561,0.516185
0,0,-0.0301592,0.11443,0.992973
0,0,-0.573119,0.696937,0.431061
0,0,0.1078,0.55643,0.823872
0,0,-0.956594,0.224952,0.185268
0,0,-0.748821,0.231843,0.620899
0,0,-0.551772,0.255837,0.793786
0,0,-0.282271,0.237637,0.929436
0,0,0.580471,0.782675,0.224662
0,0,-0.133939,0.680597,0.720311
0,0,-0.696907,-0.710589,0.0968697
0,0,0.0172457,-0.361167,0.932342
0,0,-0.415913,0.832432,0.36616
0,0,0.726482,0.549987,0.411993
0,0,0.48376,-0.664015,0.570141
0,0,-0.191023,-0.972126,0.135945
0,0,0.784157,-0.61634,0.0722667
0,0,0.680873,-0.727004,0.0887503
0,0,-0.309182,-0.740693,0.596473
0,0,0.612506,0.788936,0.0491463
0,0,0.635929,-0.741154,0.215141
0,0,-0.728713,-0.344188,0.592041
0,0,0.561462,-0.826422,0.0422823
0,0,-0.519659,-0.808823,0.275243
0,0,-0.490234,0.338808,0.803044
0,0,0.428413,0.680543,0.594411
0,0,-0.71671,-0.103909,0.689586
0,0,0.372065,-0.399355,0.837904
0,0,0.943472,0.121174,0.308508
0,0,0.775623,0.580075,0.248839
0,0,-0.939536,0.256583,0.226799
0,0,-0.344467,-0.907144,0.241726
0,0,-0.727434,-0.686035,0.0140116
0,0,-0.894989,0.264843,0.35896
0,0,-0.280467,-0.678726,0.678726
0,0,0.312923,-0.908197,0.277951
0,0,0.186562,0.232702,0.954487
0,0,0.957699,-0.0894343,0.273522
0,0,0.166999,-0.980883,0.0998956
2.68028,4.36608,0.802198,0.00794544,0.597005
0,0,-0.819182,-0.0353438,0.572444
0,0,0.871487,0.068545,0.485605
0,0,0.413719,0.521778,0.746046
0,0,0.463189,-0.611841,0.641176
0,0,-0.349875,0.32711,0.877831
0,0,-0.833014,0.311435,0.45727
0,0,0.813672,-0.0384567,0.580051
0,0,0.914495,-0.264697,0.305997
0,0,0.963781,-0.26347,0.0413523
0,0,-0.827144,0.557259,0.0727659
0,0,0.193443,-0.846534,0.495944
0,0,-0.961495,0.170247,0.215737
0,0,0.237253,-0.959128,0.154223
0,0,-0.698624,-0.713814,0.0489324
0,0,0.701785,-0.711036,0.0438699
0,0,-0.379043,-0.408732,0.830219
0,0,0.502837,-0.107882,0.857623
0,0,-0.663017,0.707008,0.246064
0,0,-0.55158,-0.769447,0.322042
0,0,0.802926,0.594221,0.0470206
0,0,-0.32723,-0.862511,0.386
0,0,-0.660658,-0.0812705,0.746275
0,0,0.157591,0.360935,0.91918
0,0,-0.943775,0.164268,0.286888
0,0,0.524524,-0.236754,0.817815
0,0,0.233494,-0.93231,0.276185
0,0,0.526686,0.45715,0.71667
0,0,0.0664132,-0.468509,0.880959
0,0,0.469313,-0.347419,0.811816
0,0,0.586974,-0.255427,0.768257
0,0,0.0367417,0.388182,0.92085
0,0,0.718298,-0.139113,0.681685
0,0,-0.928685,-0.3651,0.0651555
0,0,0.961672,0.2604,0.0858964
0,0,0.970153,0.083107,0.227807
0,0,0.34542,-0.368663,0.863002
0,0,0.254786,-0.888872,0.380776
0,0,-0.261393,-0.63127,0.730186
0,0,-0.636372,0.771357,0.00626298
0,0,-0.46823,0.190543,0.862818
0,0,-0.803441,0.151905,0.57568
21.2344,29.6075,0.0748035,0.583477,0.808677
0,0,0.419999,0.478319,0.771241
0,0,0.480527,-0.580188,0.657629
0,0,0.609752,0.682629,0.402766
0,0,0.992712,-0.117701,0.025853
0,0,0.0609748,0.705312,0.70627
0,0,0.855853,0.45345,0.248797
0,0,0.340428,0.155599,0.927307
0,0,0.518904,-0.685248,0.511052
0,0,0.131254,-0.959352,0.249831
0,0,0.847933,0.266072,0.458493
23.5479,33.2621,0.900404,-0.38241,0.20745
0,0,-0.0405409,-0.999161,0.00577097
0,0,-0.803565,0.371956,0.464686
0,0,0.526033,0.674902,0.51749
0,0,-0.110004,-0.390064,0.914193
0,0,0.427845,0.776276,0.462974
0,0,-0.817161,-0.369281,0.442583
0,0,-0.10471,-0.947184,0.303114
0,0,0.522934,0.169747,0.8353
0,0,0.736826,0.22542,0.637396
0,0,0.260981,0.875804,0.406025
0,0,0.332856,0.161559,0.929035
0,0,-0.402002,0.707685,0.581013
0,0,-0.0348004,-0.997872,0.0551457
0,0,-0.370446,0.909653,0.187888
0,0,-0.123526,0.870381,0.476633
0,0,0.969851,-0.134474,0.203237
0,0,-0.621358,0.658523,0.424572
0,0,-0.0977251,-0.354897,0.929784
0,0,-0.292647,-0.72023,0.628988
0,0,0.221345,0.881873,0.4163
0,0,-0.155666,0.972666,0.172303
0,0,-0.0569741,0.713174,0.698668
0,0,0.180912,-0.886837,0.425195
0,0,-0.759158,-0.515185,0.397824
0,0,0.901444,-0.126216,0.414088
0,0,-0.42941,-0.851819,0.300019
0,0,-0.71807,0.099169,0.688869
0,0,0.327286,0.88209,0.338824
0,0,0.949966,0.185488,0.251316
0,0,0.570578,-0.759205,0.313126
20.7205,27.49,0.188425,0.237621,0.952907
0,0,-0.435032,0.363725,0.823681
0,0,-0.767283,-0.384695,0.513115
0,0,0.557907,0.398188,0.728138
0,0,0.884441,-0.460918,0.0729249
0,0,0.0723628,0.966237,0.247285
0,0,-0.602676,-0.607299,0.517658
0,0,0.530133,-0.553664,0.642196
0,0,0.618613,-0.782794,0.067469
0,0,-0.869705,0.333472,0.363881
0,0,-0.208174,-0.96279,0.172336
0,0,0.163503,0.87275,0.459972
0,0,-0.83149,0.467042,0.300827
0,0,0.258169,0.259558,0.93058
0,0,0.0761729,-0.647349,0.758378
0,0,-0.399905,-0.847694,0.348555
0,0,-0.388872,-0.699445,0.599629
0,0,0.706021,0.539113,0.459229
0,0,0.424193,-0.185292,0.886413
0,0,-0.943995,-0.153168,0.292256
15.6251,21.9701,0.123531,0.622091,0.773139
0,0,0.82777,-0.199673,0.524335
0,0,-0.629028,0.305929,0.714655
0,0,0.772864,0.633294,0.0402406
0,0,0.623227,0.0828739,0.777637
0,0,0.455672,-0.598163,0.659215
0,0,-0.405824,-0.250602,0.878923
0,0,0.546019,0.610322,0.573908
0,0,0.717319,0.228089,0.658353
0,0,-0.206925,0.804798,0.556311
0,0,-0.561268,-0.384312,0.732996
0,0,-0.514164,-0.738163,0.436751
12.8552,19.8735,-0.163137,0.0652949,0.98444
0,0,-0.839467,-0.491979,0.230762
0,0,0.691457,0.597738,0.405706
0,0,-0.45934,0.866632,0.194822
0,0,-0.360571,0.932731,0.00116067
0,0,0.304334,0.947007,0.102755
0,0,0.709647,0.0849841,0.699413
0,0,-0.82932,-0.372855,0.416182
0,0,-0.468001,-0.857374,0.214206
0,0,0.101106,-0.54001,0.835564
0,0,-0.0936391,-0.852679,0.513975
0,0,0.455138,-0.857906,0.238426
0,0,-0.19104,0.787477,0.58599
0,0,-0.968724,0.207168,0.136584
0,0,0.866651,0.447836,0.219907
0,0,-0.514791,-0.299472,0.80331
0,0,-0.37223,0.812512,0.448631
0,0,-0.397769,0.908862,0.125495
0,0,0.75891,0.384009,0.52592
0,0,-0.496309,-0.806976,0.320104
0,0,-0.255921,-0.966687,0.0046258
0,0,0.651015,-0.758392,0.031952
0,0,-0.413325,0.805172,0.425277
0,0,-0.629086,0.24526,0.73763
0,0,-0.349794,0.701572,0.620839
18.5298,24.7642,-0.131255,-0.636788,0.759785
0,0,-0.648654,0.757338,0.0754109
0,0,0.865314,0.449093,0.222594
0,0,-0.235216,-0.92483,0.298936
0,0,-0.123264,0.916328,0.380984
0,0,0.852673,-0.441372,0.279536
0,0,-0.895413,0.34082,0.286492
0,0,0.554527,-0.360644,0.749957
0,0,0.493228,-0.546218,0.677032
0,0,-0.011165,0.86522,0.501267
0,0,0.275773,-0.838516,0.469936
0,0,0.342757,0.85037,0.399236
0,0,0.519549,0.73583,0.434308
0,0,0.394439,0.796465,0.458326
10.0214,14.6708,-0.315166,-0.273482,0.908778
15.5894,22.6032,0.230361,-0.159302,0.959977
0,0,-0.43795,0.292708,0.850013
0,0,-0.977538,0.117095,0.175239
0,0,0.901535,-0.414342,0.124725
0,0,0.316093,-0.847254,0.426902
0,0,-0.997965,-0.0535353,0.0346357
0,0,-0.633834,0.498277,0.591586
0,0,0.302152,-0.603605,0.737811
0,0,0.710522,0.49496,0.500173
0,0,-0.0655481,-0.435875,0.897617
0,0,-0.0444662,-0.022029,0.998768
0,0,0.932589,-0.346774,0.100123
0,0,0.435906,0.720272,0.539624
0,0,0.223747,-0.461601,0.858407
0,0,-0.474991,-0.837927,0.268816
0,0,-0.121936,-0.915814,0.382644
0,0,-0.187461,-0.385449,0.903486
24.0873,31.8678,-0.125838,-0.939743,0.317879
0,0,-0.430733,-0.688656,0.583286
0,0,0.889978,0.330505,0.314175
0,0,0.269763,0.905436,0.32774
10.1298,14.5681,0.165528,-0.292633,0.941789
0,0,0.676628,0.720325,0.152664
0,0,0.045192,0.954014,0.296336
0,0,0.733794,0.508817,0.450168
0,0,0.85493,-0.467848,0.224082
0,0,-0.353012,-0.148499,0.923759
0,0,-0.616944,-0.045265,0.785704
8.45769,12.5087,0.329004,-0.197738,0.923394
0,0,-0.165984,0.826697,0.537607
0,0,0.542988,-0.318964,0.776805
0,0,-0.891309,-0.40745,0.19888
0,0,0.480078,0.838682,0.257173
0,0,-0.786973,0.183155,0.589176
0,0,0.494455,-0.701154,0.51371
0,0,0.347893,0.439948,0.827899
0,0,0.0964264,0.319634,0.942622
0,0,0.906268,0.42185,0.0268446
0,0,-0.788009,0.59871,0.143483
0,0,0.635699,0.539365,0.552243
0,0,0.549091,0.715916,0.431235
0,0,-0.41766,-0.550973,0.722488
0,0,-0.068109,0.76514,0.640252
0,0,0.987072,-0.160252,0.00293175
0,0,-0.883419,0.267526,0.384708
0,0,0.733545,-0.670125,0.113329
0,0,0.620075,-0.61767,0.483726
0,0,-0.0700339,-0.501648,0.862232
0,0,0.518381,0.789664,0.328195
0,0,0.319721,0.416253,0.851183
0,0,0.0158951,-0.488454,0.872445
0,0,0.301791,-0.11511,0.946399
0,0,-0.327121,0.538187,0.776754
0,0,0.947744,-0.31182,0.0674466
0,0,0.5467,-0.521136,0.65539
0,0,0.347858,-0.92557,0.149381
0,0,-0.600081,0.498302,0.625778
0,0,-0.623629,0.199622,0.755803
0,0,0.580364,0.505108,0.638783
0,0,-0.221178,-0.97485,0.0273511
8.04988,12.49,0.0490514,0.248348,0.967428
0,0,-0.55995,-0.21471,0.800222
0,0,-0.301439,-0.903593,0.304393
3.1684,4.86543,-0.367164,0.777105,0.511173
0,0,-0.932408,-0.194266,0.304756
0,0,-0.599733,0.556519,0.574984
0,0,-0.0325674,-0.894679,0.445522
0,0,0.983168,0.00617583,0.182602
0,0,-0.71928,0.680313,0.140751
0,0,0.328404,-0.879118,0.345401
0,0,-0.35405,-0.90432,0.238443
0,0,-0.533097,0.448528,0.717378
0,0,-0.28471,-0.919822,0.269941
0,0,0.999885,0.0028688,0.0148902
0,0,-0.745925,-0.137619,0.651657
0,0,0.89531,-0.420452,0.14711
0,0,0.201428,-0.960472,0.192147
0,0,-0.883524,-0.139949,0.44699
0,0,-0.520167,0.257174,0.814425
0,0,-0.433681,0.642765,0.631486
0,0,0.94669,0.264993,0.183184
0,0,0.340914,-0.456382,0.821884
0,0,0.708956,0.684117,0.171362
0,0,-0.604513,-0.639061,0.475569
0,0,-0.15847,-0.593311,0.789221
0,0,-0.245722,-0.70616,0.664047
0,0,0.763794,-0.448126,0.464544
0,0,0.46317,0.161687,0.871396
0,0,-0.983672,0.139925,0.113182
0,0,0.607289,0.695612,0.383829
0,0,-0.890814,0.416154,0.182393
0,0,0.184979,0.887335,0.422396
0,0,0.828996,0.559102,0.0130265
0,0,0.415389,0.300715,0.8585
23.8494,33.4222,-0.529756,0.316173,0.787015
0,0,-0.469517,-0.881939,0.0416896
0,0,0.437772,0.499174,0.747784
0,0,0.257159,0.615929,0.744648
0,0,-0.216442,0.95653,0.195457
0,0,-0.916249,0.198174,0.348159
0,0,0.997922,0.0431545,0.0478428
0,0,0.333152,-0.869111,0.36559
0,0,-0.717223,0.610163,0.33659
0,0,-0.871932,0.442022,0.210599
0,0,0.471898,-0.291231,0.832164
0,0,0.100015,0.243726,0.964673
0,0,0.469316,0.476295,0.743563
0,0,0.186582,0.683428,0.705771
0,0,-0.00112194,0.999413,0.0342342
0,0,0.945193,0.32187,0.0548563
0,0,0.6422,-0.728178,0.239448
0,0,0.397394,-0.885256,0.241661
0,0,0.0239302,-0.586477,0.809612
22.2479,34.0716,-0.0808463,-0.680316,0.728446
0,0,-0.254895,-0.966385,0.0336059
0,0,-0.683304,0.71506,0.147597
0,0,-0.887958,-0.459563,0.0182126
0,0,0.0875097,0.728957,0.678943
0,0,0.585471,-0.0265351,0.810259
0,0,-0.274299,0.958237,0.0808844
0,0,0.527903,-0.580872,0.619601
0,0,-0.777764,0.628067,0.0247811
0,0,0.407226,0.51399,0.754971
0,0,0.734834,0.667682,0.119248
0,0,0.63995,-0.286236,0.713115
0,0,-0.31875,0.388636,0.8645
0,0,-0.177186,-0.0867724,0.980345
0,0,-0.963978,0.247639,0.0970601
0,0,0.802159,0.588814,0.0991897
0,0,0.540822,0.426974,0.72471
0,0,-0.3874,-0.555105,0.736057
0,0,0.500499,0.865267,0.0285347
0,0,-0.697547,-0.477103,0.534604
0,0,0.0215727,0.956233,0.291808
0,0,0.51902,-0.688084,0.507109
0,0,0.793811,-0.273655,0.543118
0,0,0.940277,-0.135804,0.312148
0,0,-0.337017,0.538679,0.772169
0,0,0.63873,-0.653254,0.40655
0,0,-0.60863,-0.535536,0.585467
0,0,-0.533963,0.713636,0.45344
0,0,0.290647,0.604906,0.741359
0,0,-0.563349,0.824617,0.0514317
0,0,0.904259,0.185606,0.384533
0,0,-0.41447,0.673079,0.612518
0,0,0.232464,0.896955,0.376075
0,0,0.81773,-0.385162,0.427747
0,0,-0.142102,-0.592116,0.793225
0,0,-0.551275,0.536947,0.638579
0,0,-0.253965,-0.453809,0.854142
0,0,-0.101522,-0.15166,0.983205
0,0,-0.488905,0.820094,0.297352
0,0,0.836216,0.520317,0.173245
0,0,0.742239,-0.597891,0.302669
0,0,-0.881793,0.257769,0.394964
0,0,0.289147,-0.0629419,0.955213
6.10234,9.2084,0.23067,0.270866,0.934571
0,0,0.55475,-0.714378,0.426517
0,0,0.861852,0.49453,0.112479
0,0,-0.858243,0.104414,0.50251
0,0,0.242593,0.727874,0.641364
0,0,-0.0753174,-0.596805,0.798843
0,0,0.153288,-0.713207,0.683988
0,0,-0.141855,0.0825868,0.986436
0,0,-0.47882,-0.0531417,0.876303
0,0,0.776794,-0.232099,0.585423
0,0,0.289975,0.834779,0.468036
0,0,-0.545649,0.163559,0.821897
0,0,0.487908,-0.374425,0.788513
3.08143,4.74525,0.253258,0.378985,0.890073
0,0,0.942154,-0.267176,0.202391
0,0,0.165178,-0.984918,0.051501
0,0,-0.67992,0.24972,0.689455
0,0,-0.978207,0.171839,0.116545
0,0,-0.319716,0.0728106,0.944712
0,0,-0.72263,-0.132783,0.678362
0,0,-0.577271,0.724235,0.377151
0,0,0.538951,0.574482,0.616038
0,0,-0.759884,-0.620631,0.193375
0,0,-0.860004,0.105205,0.499325
0,0,-0.360885,-0.911727,0.196256
20.3724,28.7266,-0.421876,-0.135901,0.89641
0,0,-0.288533,0.11815,0.950152
0,0,0.542132,-0.0441587,0.839132
0,0,-0.371986,0.226325,0.900224
0,0,0.221856,-0.851519,0.475073
0,0,0.886579,0.454908,0.0838815
0,0,0.957844,-0.254313,0.133639
0,0,-0.488986,0.233811,0.840372
0,0,-0.764809,-0.41145,0.495758
0,0,-0.227333,-0.923602,0.308673
0,0,0.0621312,-0.879625,0.471593
0,0,0.497162,-0.438577,0.748652
0,0,-0.0917642,0.858327,0.504831
0,0,-0.978861,0.00144025,0.204524
0,0,-0.768496,-0.22399,0.599368
0,0,0.946464,-0.321887,0.0243834
0,0,0.651323,0.628647,0.424949
0,0,-0.708219,0.294547,0.641613
0,0,-0.595446,-0.422488,0.683336
0,0,0.914494,0.136492,0.380882
0,0,-0.931517,-0.335483,0.140453
0,0,-0.537876,0.199021,0.819195
0,0,0.861467,0.415537,0.291896
0,0,-0.539197,0.809919,0.230863
0,0,0.629797,-0.657876,0.412983
0,0,0.71446,0.675508,0.182307
23.7539,36.7313,-0.274096,-0.117581,0.954487
0,0,0.587643,0.808585,0.0294305
0,0,-0.608061,-0.534505,0.586998
0,0,-0.46888,0.837863,0.279531
0,0,-0.390671,0.799292,0.456627
0,0,-0.409539,-0.903856,0.123779
0,0,-0.156847,0.0504345,0.986334
0,0,-0.182531,-0.444193,0.87714
0,0,-0.600223,0.691592,0.401786
0,0,0.949474,-0.238669,0.203804
0,0,-0.300709,0.71238,0.634105
0,0,-0.373547,-0.46894,0.800349
0,0,0.0985116,0.487717,0.867426
0,0,0.427266,-0.828174,0.362729
0,0,0.266295,0.000937345,0.963891
0,0,0.254898,0.850522,0.460042
0,0,0.789876,-0.369837,0.4892
0,0,-0.440213,0.487075,0.754301
0,0,-0.607057,0.54705,0.576384
0,0,-0.693368,-0.540217,0.47687
0,0,0.736883,-0.368446,0.566789
0,0,-0.118308,-0.596367,0.793945
0,0,-0.357232,0.785193,0.505823
0,0,-0.0397883,-0.964845,0.259791
0,0,-0.802379,0.559519,0.207671
0,0,0.534492,-0.36735,0.761165
0,0,0.895547,-0.437313,0.0821811
17.3885,26.0106,0.852007,0.48225,0.203762
0,0,-0.646857,0.0562473,0.760534
0,0,0.857385,0.509911,0.069865
0,0,0.818335,0.560815,0.125757
0,0,0.906348,0.117528,0.405858
0,0,-0.476912,-0.380865,0.792147
0,0,0.756546,-0.363008,0.543934
0,0,-0.859326,0.0298468,0.510557
0,0,-0.943627,-0.286498,0.165794
0,0,0.00987211,-0.369406,0.929216
0,0,0.292565,0.298699,0.908397
0,0,-0.830091,0.402131,0.386316
0,0,0.49229,0.526165,0.693398
0,0,-0.647906,-0.602643,0.465875
0,0,-0.896063,-0.0897734,0.434755
0,0,-0.366143,-0.39425,0.842915
0,0,-0.262941,0.580653,0.770522
0,0,-0.955494,0.28862,0.0610661
0,0,0.73,0.422152,0.537482
0,0,-0.825851,-0.278189,0.49049
0,0,-0.200614,0.881022,0.428433
0,0,-0.773125,-0.633597,0.0288617
0,0,-0.634135,0.00194839,0.77322
0,0,-0.221606,0.667023,0.711317
0,0,-0.826456,0.494039,0.269992
0,0,-0.71319,-0.524658,0.464859
0,0,-0.391255,0.826871,0.403984
0,0,-0.69612,0.601461,0.391997
0,0,0.773041,-0.63038,0.0709193
0,0,-0.1111,0.976836,0.182888
0,0,-0.0916905,0.615899,0.782471
0,0,0.854379,0.279624,0.438003
0,0,0.865623,-0.498205,0.0498874
0,0,0.871799,0.449325,0.195125
0,0,-0.343945,-0.727578,0.593576
0,0,-0.813955,0.415242,0.406265
20.731,25.9717,-0.160288,-0.495103,0.853921
0,0,0.62359,0.779273,0.0622046
0,0,-0.382213,0.888703,0.25322
0,0,0.0664416,0.782441,0.61917
0,0,0.191074,0.968221,0.161365
0,0,0.244786,-0.602518,0.759639
0,0,-0.774745,-0.214867,0.594645
0,0,-0.90967,-0.367427,0.193642
0,0,0.561829,0.474793,0.677436
0,0,0.165688,0.572826,0.802756
0,0,0.343113,0.801279,0.490127
0,0,0.365471,0.801497,0.473321
0,0,0.796431,-0.0728271,0.600328
0,0,0.644626,0.111979,0.756252
0,0,0.0199502,-0.977573,0.20965
0,0,0.417921,-0.854763,0.307771
0,0,-0.730486,0.460077,0.504697
0,0,0.543094,0.838441,0.0454495
0,0,-0.998059,0.0341603,0.0520767
0,0,0.309598,0.543282,0.78038
0,0,0.22994,0.617075,0.75256
0,0,0.484543,0.674261,0.557307
0,0,0.894438,-0.00629942,0.447148
0,0,-0.594293,0.711662,0.374638
0,0,-0.944882,0.326608,0.0229278
0,0,0.803752,0.490786,0.336321
0,0,0.378565,-0.225915,0.89758
0,0,0.405559,-0.706139,0.580422
0,0,-0.582336,0.109825,0.805496
0,0,0.148458,0.720773,0.677087
0,0,0.557697,-0.762627,0.327681
0,0,-0.476561,0.87133,0.116932
0,0,0.973117,-0.032082,0.228067
0,0,-0.520541,-0.802461,0.291708
0,0,-0.663349,-0.62174,0.416423
0,0,0.0335257,0.607986,0.79324
0,0,-0.597364,-0.618052,0.511046
0,0,-0.287239,0.600735,0.746064
0,0,-0.931504,-0.119374,0.343583
23.8005,33.4092,-0.47386,-0.528115,-0.704664
0,0,-0.359097,-0.630512,0.688116
0,0,0.625431,-0.741526,0.242848
0,0,0.800565,0.255448,0.542072
0,0,0.846325,-0.509907,0.154043
0,0,-0.034571,0.321047,0.946432
0,0,-0.409589,0.265195,0.872874
18.6228,26.6458,0.0866334,0.0521257,0.994876
0,0,0.272052,0.7661,0.582305
0,0,0.746554,-0.429269,0.508317
0,0,0.335869,-0.315119,0.887633
0,0,-0.930302,-0.0775771,0.358497
0,0,-0.651963,0.651863,0.387322
0,0,0.509189,-0.687716,0.517469
0,0,0.381408,-0.141234,0.913554
0,0,-0.208319,0.730485,0.65038
0,0,-0.209617,-0.96528,0.155867
0,0,0.400636,-0.861214,0.312731
0,0,0.515856,-0.852751,0.0819073
0,0,0.75059,0.332504,0.571013
0,0,0.0204603,-0.473095,0.880774
0,0,0.527996,0.837351,0.141644
0,0,-0.983209,-0.0373231,0.178625
15.1277,23.3298,0.0176189,-0.197052,0.980235
0,0,-0.935093,0.341786,0.0937164
0,0,-0.976396,0.0437442,0.211512
0,0,0.883234,-0.156659,0.441991
0,0,-0.280734,0.676605,0.680731
0,0,0.530488,-0.552059,0.643283
0,0,-0.809029,-0.557075,0.187455
0,0,-0.777792,-0.514694,0.360735
0,0,-0.787756,0.0555334,0.61348
0,0,-0.694713,0.644341,0.319685
0,0,0.887989,0.429922,0.163226
0,0,0.847645,0.240163,0.473097
0,0,0.578472,-0.679355,0.451495
0,0,-0.820633,0.285709,0.494907
0,0,0.952935,0.236201,0.190065
0,0,-0.698788,0.315741,0.641875
0,0,-0.351662,-0.463821,0.813145
0,0,-0.650386,0.752749,0.101819
0,0,0.542435,0.297816,0.785538
0,0,-0.315493,0.877434,0.361349
0,0,0.62419,-0.447839,0.640178
0,0,-0.484663,-0.874148,0.0311107
0,0,0.334511,0.552799,0.763227
0,0,0.392415,0.918359,0.0512615
0,0,-0.21524,-0.442369,0.870622
0,0,-0.171774,-0.895775,0.409976
0,0,0.82886,0.52595,0.190705
0,0,-0.584135,0.807108,0.0858147
0,0,0.586789,-0.593054,0.551331
0,0,0.161476,-0.976675,0.141532
0,0,0.707008,-0.0502239,0.70542
0,0,0.578705,-0.438257,0.687772
0,0,-0.818571,-0.0421348,0.572858
0,0,-0.735694,0.584633,0.341993
0,0,0.994348,-0.0363734,0.0997418
0,0,-0.94172,0.32802,0.074605
0,0,0.573566,0.251588,0.779567
0,0,-0.031056,-0.957884,0.285472
0,0,-0.118244,-0.895986,0.428051
0,0,0.566749,0.197187,0.799946
0,0,-0.139948,-0.3462,0.927664
0,0,-0.704879,-0.103685,0.701708
0,0,-0.169096,-0.918035,0.358635
0,0,0.165482,0.939879,0.298735
0,0,0.721505,0.104266,0.684514
0,0,0.669819,-0.0963141,0.736252
0,0,0.0740381,0.484044,0.871906
0,0,0.948095,-0.0176586,0.317498
0,0,0.0161122,0.678301,0.734607
0,0,0.596852,0.475714,0.646115
0,0,0.501898,-0.860469,0.0877052
0,0,-0.590212,0.0347765,0.806499
0,0,-0.632471,-0.766622,0.110771
0,0,-0.582874,-0.769992,0.259558
0,0,-0.200194,-0.542092,0.816124
0,0,0.888241,-0.459143,0.0146825
0,0,0.799538,-0.530603,0.281423
21.6491,30.9542,0.498121,-0.57238,0.65135
0,0,-0.839164,-0.19552,0.50752
0,0,-0.228854,0.369803,0.900484
0,0,-0.247724,-0.646969,0.721155
0,0,-0.00310906,0.993923,0.110036
0,0,-0.998946,0.0282576,0.036182
6.97394,9.40836,-0.689118,-0.324585,-0.64789
0,0,-0.300037,-0.588848,0.750491
0,0,0.8273,-0.518996,0.214984
0,0,-0.535197,0.122146,0.83585
0,0,0.788863,0.0713333,0.610415
0,0,-0.549183,-0.817329,0.174272
0,0,-0.918725,0.133938,0.371489
0,0,0.785869,0.406331,0.46616
0,0,0.522333,-0.852245,0.0290849
0,0,0.667501,0.602043,0.438163
0,0,-0.752586,-0.242157,0.612351
0,0,0.789435,0.612322,0.0430707
0,0,-0.88993,0.413931,0.191535
0,0,0.487642,0.652068,0.580528
0,0,-0.753592,-0.570895,0.32585
0,0,-0.534101,0.62177,0.572833
0,0,-0.775433,0.377056,0.506491
0,0,0.259039,-0.398355,0.879893
0,0,-0.120674,0.610665,0.78264
0,0,-0.414986,0.861842,0.291572
0,0,0.560378,-0.731506,0.388427
0,0,0.305881,0.564946,0.766338
0,0,-0.857383,-0.282636,0.430129
0,0,0.190342,0.962743,0.192084
0,0,0.0660179,-0.845217,0.53033
0,0,-0.10795,0.811187,0.574736
0,0,-0.663009,-0.0989014,0.74205
0,0,-0.418893,-0.488007,0.765753
0,0,0.370834,0.68648,0.625481
0,0,0.676082,-0.404274,0.616016
0,0,-0.835513,0.1132,0.537684
0,0,-0.895508,-0.111397,0.430879
0,0,-0.502861,-0.248361,0.827918
0,0,-0.275603,-0.238928,0.931105
0,0,0.235049,-0.243667,0.940945
0,0,-0.787948,0.358857,0.50036
0,0,-0.935285,-0.327064,0.135171
0,0,0.248659,-0.643102,0.724285
0,0,0.92937,0.367839,0.0310641
0,0,-0.498572,0.161099,0.851747
0,0,0.744293,-0.508576,0.432873
0,0,0.0412463,-0.0313245,0.998658
0,0,0.134551,0.990898,0.00415079
0,0,-0.0324296,0.73789,0.674141
0,0,-0.115223,-0.858183,0.500246
0,0,-0.530457,-0.322421,0.784002
0,0,-0.560054,0.0537104,0.826713
0,0,-0.43575,0.399782,0.80641
0,0,-0.819642,-0.36247,0.443623
0,0,0.571996,0.808987,0.135501
0,0,-0.910353,-0.278054,0.306502
0,0,0.0368298,0.859973,0.50901
0,0,0.228822,0.772347,0.592554
0,0,0.889477,0.324396,0.321866
0,0,-0.8483,0.263997,0.459012
0,0,-0.876851,0.21395,0.430532
0,0,0.709467,-0.64463,0.284795
0,0,0.487295,0.790633,0.370732
0,0,0.425933,-0.871807,0.241937
0,0,0.961216,-0.154013,0.228788
0,0,0.782199,0.403906,0.474368
0,0,-0.00497676,-0.809196,0.587518
0,0,0.852863,0.139124,0.503259
0,0,-0.748781,0.656551,0.0909291
0,0,0.0970338,0.969948,0.223128
0,0,0.311985,0.936341,0.161031
0,0,0.700227,0.704309,0.116754
0,0,-0.231731,0.484806,0.843365
0,0,0.979075,-0.186248,0.0819956
0,0,-0.944505,-0.201931,0.259104
0,0,0.515547,0.665166,0.540154
0,0,0.242212,0.794778,0.556473
0,0,0.366119,-0.527214,0.766813
0,0,-0.849456,-0.369993,0.376203
0,0,-0.545276,0.460912,0.700168
0,0,0.750668,0.458241,0.475934
0,0,0.816097,0.21637,0.535882
0,0,-0.544238,0.687438,0.480868
0,0,-0.428811,0.648155,0.629298
0,0,-0.750799,-0.599026,0.278332
0,0,-0.913252,0.407152,0.014053
0,0,0.488634,-0.621645,0.612205
0,0,0.755188,-0.326807,0.568232
0,0,-0.436479,0.00782658,0.899681
0,0,-0.460266,0.641531,0.613672
0,0,0.773072,-0.0537492,0.632037
0,0,-0.939097,0.336284,0.0707773
0,0,-0.827175,0.123728,0.548153
0,0,-0.544683,0.711934,0.44325
0,0,-0.0721712,-0.274849,0.958775
0,0,0.821975,0.559259,0.107642
0,0,0.0739564,0.715511,0.694675
0,0,-0.0490061,0.0666001,0.996576
0,0,-0.758998,0.491562,0.426953
0,0,0.199116,-0.978813,0.0477386
0,0,0.781906,0.3257,0.531547
0,0,0.338335,-0.940583,0.0288568
0,0,-0.892545,0.116743,0.435586
0,0,-0.79048,-0.16132,0.590861
0,0,-0.234539,-0.488222,0.840613
0,0,-0.190296,-0.493788,0.848505
0,0,-0.429157,-0.0972365,0.897981
0,0,0.313617,0.93282,0.177457
0,0,-0.217274,-0.294675,0.930569
0,0,-0.410534,-0.851485,0.326245
0,0,-0.788657,-0.458327,0.409824
0,0,0.576417,0.73434,0.358452
0,0,-0.0435444,-0.734874,0.676804
0,0,-0.924119,-0.307149,0.227298
0,0,-0.517457,0.521593,0.678365
0,0,-0.998393,-0.0541055,0.0168787
0,0,-0.271141,0.537463,0.798508
0,0,0.993068,-0.00150967,0.117532
0,0,0.749694,0.621463,0.227472
0,0,0.23099,0.861989,0.451242
0,0,0.150756,-0.935752,0.31881
0,0,-0.069744,-0.93262,0.354056
0,0,0.108289,-0.86713,0.486168
0,0,-0.892701,-0.181423,0.412518
0,0,-0.0493288,-0.801292,0.596236
0,0,0.99671,-0.042829,0.0688171
0,0,0.0210728,0.0741126,0.997027
0,0,-0.880675,-0.443196,0.167297
0,0,-0.648355,-0.261502,0.715019
0,0,-0.74016,0.023726,0.672012
0,0,-0.98202,0.163601,0.0941866
0,0,0.369733,0.216132,0.90365
0,0,0.558387,-0.713212,0.423713
0,0,0.921508,0.0810075,0.379816
0,0,0.00412733,0.675972,0.736916
0,0,-0.609688,-0.03742,0.791758
0,0,-0.969163,-0.0981172,0.226043
0,0,0.901431,0.158179,0.402991
0,0,0.249576,0.874486,0.415915
0,0,-0.346023,-0.742299,0.573812
0,0,-0.783326,0.340999,0.519731
0,0,-0.694824,-0.257641,0.671447
0,0,0.283949,0.282701,0.916217
20.469,29.4293,-0.606692,-0.308749,0.732529
0,0,0.00974029,-0.177316,0.984106
0,0,-0.498996,-0.483205,0.719386
0,0,-0.952245,0.30194,0.0454053
0,0,0.994304,-0.0254579,0.103498
0,0,0.226834,-0.699672,0.6775
0,0,-0.533542,-0.548546,0.643763
0,0,-0.156807,-0.871676,0.464319
0,0,-0.802545,-0.356813,0.478128
0,0,0.312067,0.590705,0.744098
0,0,-0.16132,0.695324,0.700357
0,0,0.817006,0.570372,0.0847166
0,0,0.459326,0.00698417,0.88824
0,0,-0.0672102,0.347287,0.935347
0,0,-0.760731,-0.102209,0.640969
0,0,-0.9792,0.12263,0.161647
0,0,0.163728,0.161963,0.973119
0,0,0.0354536,0.990769,0.130846
0,0,0.785705,-0.577502,0.221717
0,0,-0.211855,0.699087,0.682932
0,0,-0.0757681,-0.9811,0.178051
0,0,0.862574,0.493847,0.109915
0,0,0.555439,-0.780821,0.286018
0,0,0.125562,-0.0244403,0.991785
0,0,0.496935,0.343168,0.797052
0,0,0.604826,0.436747,0.665911
0,0,0.0197765,0.942476,0.333689
0,0,0.125329,0.953183,0.275198
18.3873,26.7702,0.233601,0.461022,0.85609
0,0,0.435057,0.82481,0.361129
0,0,0.180503,0.87408,0.451001
0,0,-0.329483,0.769705,0.546804
0,0,-0.46856,0.630971,0.618326
0,0,0.029445,0.945599,0.324
0,0,0.868169,-0.495418,0.0290478
0,0,-0.749745,0.068595,0.658162
0,0,-0.0413762,0.527532,0.848527
0,0,0.01236,-0.524499,0.851321
0,0,-0.449803,-0.883347,0.131813
0,0,0.231429,-0.417675,0.878628
0,0,-0.371807,0.0757556,0.925214
0,0,-0.80736,0.366903,0.462117
0,0,0.237866,0.45249,0.85946
0,0,0.327247,0.883427,0.335359
0,0,0.345307,-0.731186,0.588328
0,0,-0.421588,0.870326,0.254549
0,0,-0.222535,-0.97451,0.0284355
0,0,-0.859823,-0.45638,0.228959
0,0,-0.8163,0.558234,0.148421
0,0,-0.513394,-0.0111807,0.85808
0,0,-0.00645467,-0.990828,0.134978
0,0,0.591905,0.738461,0.322991
0,0,-0.124997,-0.948667,0.290528
0,0,0.393057,-0.703078,0.592611
0,0,0.150101,0.594365,0.790063
0,0,-0.89278,0.448264,0.0447561
0,0,0.532869,-0.195946,0.823199
0,0,-0.0691641,-0.906258,0.417028
0,0,-0.713683,0.400164,0.574914
0,0,0.748917,-0.659336,0.0663266
0,0,0.117198,0.578146,0.807472
0,0,0.442251,-0.625722,0.642562
0,0,-0.392077,0.48371,0.782496
0,0,-0.288829,0.75668,0.586526
0,0,0.188814,0.391212,0.900724
0,0,-0.118285,0.886931,0.4465
0,0,0.307419,0.0874942,0.947543
0,0,-0.954656,0.250035,0.1616
0,0,-0.60343,-0.563832,0.563885
0,0,-0.660525,-0.672189,0.334468
0,0,0.713706,-0.0446307,0.699022
0,0,0.436019,-0.162262,0.885188
0,0,-0.464394,0.268657,0.843896
0,0,0.00278397,0.794187,0.607667
0,0,0.710156,0.579002,0.400544
0,0,-0.507486,0.372567,0.776951
0,0,0.877701,0.154056,0.453772
0,0,-0.843955,-0.288162,0.45244
0,0,-0.811243,0.223934,0.540128
0,0,-0.363353,0.847192,0.387609
0,0,-0.570185,-0.366172,0.735396
0,0,-0.0509606,-0.66853,0.741937
0,0,0.595336,-0.450949,0.664996
0,0,-0.130958,-0.863565,0.486934
0,0,0.345002,-0.937023,0.0544222
0,0,-0.391035,0.662868,0.638513
0,0,-0.888288,0.0189366,0.458897
0,0,0.324457,0.614336,0.719249
0,0,0.371927,0.445335,0.814461
0,0,0.994925,-0.0926807,0.0391787
0,0,-0.851495,0.296092,0.432765
0,0,0.258099,-0.17928,0.949338
0,0,0.12622,-0.875598,0.466259
0,0,-0.427631,-0.7572,0.49374
0,0,-0.142172,-0.694338,0.705466
0,0,-0.804983,-0.251621,0.537298
0,0,0.650399,0.758603,0.0387556
0,0,0.946232,0.183718,0.266257
0,0,-0.337863,-0.934259,0.114057
0,0,0.251324,0.845681,0.470807
0,0,-0.0770138,-0.424402,0.902193
0,0,-0.393451,0.823339,0.409034
0,0,0.970554,0.00805652,0.240749
0,0,0.277239,-0.908598,0.312392
0,0,0.0109956,-0.999903,0.00855411
20.2972,30.4112,0.484691,-0.380792,0.787447
0,0,-0.281668,0.895392,0.344872
0,0,0.920173,0.333148,0.205656
0,0,0.792111,-0.601897,0.101397
0,0,-0.702402,-0.17622,0.689622
0,0,-0.356489,0.900359,0.249536
0,0,-0.766724,-0.394305,0.506615
0,0,-0.981854,0.166427,0.0909131
23.5896,35.7861,0.944695,-0.0374377,0.325806
0,0,-0.790134,-0.298517,0.535328
0,0,-0.144785,-0.448391,0.882033
0,0,0.0910106,0.481556,0.871677
0,0,0.776557,0.116037,0.61927
0,0,0.976823,-0.0186129,0.213236
0,0,-0.350644,0.926002,0.139892
0,0,-0.0714728,0.53672,0.840728
0,0,-0.220828,0.361121,0.905995
0,0,0.566933,-0.207166,0.797289
0,0,0.197491,0.503283,0.841251
0,0,0.00924847,0.108067,0.994101
0,0,0.778573,-0.625878,0.0458425
0,0,-0.487301,0.87128,0.0583892
0,0,0.282113,-0.467643,0.837688
0,0,0.291574,-0.915201,0.278193
0,0,-0.499465,0.470306,0.727563
0,0,-0.785137,-0.558827,0.266968
0,0,0.431789,-0.747256,0.50514
0,0,0.609793,-0.516465,0.60118
0,0,0.113684,0.766788,0.631753
14.4846,19.8065,-0.524291,0.360688,0.771377
0,0,0.505857,0.836564,0.210404
0,0,0.103221,-0.92519,0.365198
0,0,-0.557378,-0.300473,0.77398
0,0,0.4214,-0.903281,0.0806559
0,0,-0.714425,0.545697,0.437963
0,0,-0.423983,-0.896038,0.131738
0,0,0.476162,0.671214,0.568103
0,0,-0.171445,-0.641284,0.747905
0,0,0.0479988,-0.036759,0.998171
0,0,-0.117595,0.415641,0.901894
0,0,0.937773,-0.2647,0.224759
0,0,-0.953636,0.115106,0.278081
0,0,0.648791,-0.699166,0.300396
0,0,0.680169,0.710026,0.182301
0,0,0.212712,-0.970414,0.114235
0,0,-0.690304,0.379704,0.615878
0,0,-0.568067,-0.0120165,0.822894
0,0,-0.493362,0.472288,0.730437
0,0,-0.920426,0.38972,0.0305599
0,0,-0.178268,-0.537219,0.824388
0,0,0.584526,-0.47367,0.658761
0,0,0.825458,-0.560242,0.0688989
0,0,0.118741,0.795397,0.594343
0,0,-0.232714,0.72031,0.65345
0,0,0.784225,-0.313426,0.535496
0,0,0.361842,0.858325,0.363797
0,0,-0.0737945,-0.928169,0.364768
0,0,-0.380316,0.641632,0.666084
0,0,0.0549214,-0.97149,0.230631
0,0,0.840366,-0.220083,0.495326
0,0,0.743229,-0.571262,0.348238
0,0,0.980342,0.120034,0.156594
0,0,-0.3842,-0.357706,0.851138
0,0,-0.377778,-0.726035,0.574593
0,0,0.595309,-0.150426,0.78929
0,0,-0.382905,0.271813,0.882894
0,0,-0.805994,0.410215,0.426729
0,0,0.99165,-0.0502801,0.118749
0,0,0.24653,0.0934414,0.96462
0,0,0.832195,-0.0270617,0.553823
0,0,-0.814914,0.276836,0.509192
0,0,0.462215,-0.102655,0.880806
0,0,0.442565,0.845883,0.297687
0,0,0.20044,0.96133,0.188862
0,0,-0.864734,0.497781,0.0667023
0,0,0.621516,0.25576,0.740476
0,0,0.602289,-0.284914,0.745702
0,0,0.913215,0.406981,0.0201054
0,0,-0.919432,-0.225808,0.321956
0,0,-0.517596,0.145761,0.843118
0,0,0.617083,-0.775584,0.132959
0,0,0.0957783,-0.984535,0.146686
0,0,-0.357107,0.407415,0.840528
0,0,0.786815,-0.469631,0.400461
0,0,0.652123,-0.465106,0.598675
0,0,-0.252362,-0.0925027,0.963201
0,0,-0.276074,-0.602993,0.748454
0,0,0.123904,-0.843678,0.522356
0,0,-0.558334,-0.177369,0.810434
0,0,0.314131,0.888076,0.335622
0,0,0.880198,0.356697,0.313081
0,0,-0.938462,0.128696,0.32051
0,0,0.607641,0.676596,0.41592
0,0,0.404962,-0.454541,0.793347
0,0,0.916306,0.400477,0.00100843
0,0,0.0446271,-0.374479,0.926161
0,0,0.0271532,-0.999626,0.00329446
0,0,0.658265,-0.251241,0.709623
0,0,0.959563,-0.165933,0.227388
0,0,-0.254696,0.432565,0.86488
19.9303,27.8444,-0.18689,-0.334108,0.92382
0,0,-0.724429,0.371595,0.58062
0,0,-0.619184,-0.0633983,0.782683
0,0,-0.370237,-0.294444,0.881038
0,0,-0.425225,-0.745355,0.513449
0,0,-0.117682,-0.422802,0.898548
0,0,0.316251,0.938542,0.138288
0,0,-0.551664,-0.602919,0.576329
0,0,0.836559,0.542951,0.0733093
0,0,0.820481,-0.556687,0.130039
0,0,-0.715863,0.426438,0.552893
0,0,-0.364014,0.516312,0.775187
0,0,0.389489,-0.500956,0.772879
0,0,0.0317614,0.914725,0.402827
0,0,-0.237124,0.279949,0.930269
0,0,0.460156,0.83357,0.305644
0,0,0.463781,0.247925,0.850553
0,0,0.245537,0.943852,0.22103
0,0,0.908313,0.409255,0.0864715
0,0,-0.800883,-0.331263,0.49885
0,0,-0.49369,-0.440203,0.749995
0,0,0.999128,-0.00139781,0.0417345
0,0,-0.864286,0.501056,0.0441931
0,0,0.384781,-0.0866698,0.91893
0,0,-0.294047,0.790566,0.537161
0,0,-0.425694,0.683699,0.59274
0,0,-0.750154,-0.198117,0.630888
0,0,-0.228735,0.419066,0.878672
0,0,-0.772137,-0.378542,0.510402
0,0,-0.672799,0.664709,0.324813
0,0,-0.414307,-0.801207,0.431761
14.8384,21.9026,-0.159732,-0.603583,0.781136
0,0,-0.531774,0.0174345,0.846707
0,0,0.68116,0.588307,0.435795
0,0,-0.84965,0.418997,0.320212
0,0,0.334562,-0.522085,0.784535
0,0,-0.618255,-0.761471,0.194736
0,0,-0.567345,0.243575,0.786632
0,0,-0.479025,0.807077,0.345199
0,0,0.110932,0.487866,0.865841
0,0,-0.41341,0.442178,0.795972
0,0,0.772286,0.343458,0.534426
0,0,-0.865823,-0.297849,0.402041
0,0,-0.947385,-0.134825,0.290316
0,0,-0.151605,0.529762,0.834487
0,0,-0.598063,-0.385561,0.702612
22.403,31.4045,-0.957344,0.288799,0.00932656
0,0,-0.424239,-0.448529,0.786666
0,0,-0.417407,0.330924,0.846322
0,0,0.627219,0.0190856,0.778609
0,0,0.1419,-0.160241,0.976825
0,0,0.337556,-0.785424,0.518812
0,0,0.575059,-0.409042,0.708514
0,0,-0.228963,-0.756626,0.612448
0,0,-0.067088,-0.77838,0.624198
0,0,0.0465175,-0.813535,0.579653
0,0,-0.0648965,-0.969049,0.238188
0,0,-0.862993,-0.505068,0.012232
0,0,-0.179625,-0.731443,0.657819
19.5431,27.8391,0.0608702,0.356738,0.932219
0,0,0.497193,0.861199,0.105522
0,0,-0.954772,-0.0368027,0.295052
0,0,0.156752,0.980847,0.11562
0,0,0.560739,-0.521759,0.642914
0,0,0.378809,-0.907463,0.181698
0,0,0.363702,-0.601494,0.711285
10.7795,16.4351,0.22407,-0.239486,0.94469
0,0,-0.856569,0.476995,0.196889
0,0,-0.598768,-0.0866572,0.796221
0,0,-0.855138,-0.402849,0.32627
0,0,0.873297,0.464122,0.14813
15.7927,21.6525,-0.298415,0.697415,0.651583
0,0,-0.488651,0.773934,0.402798
0,0,-0.813972,0.54669,0.196419
0,0,-0.610032,0.284919,0.739379
0,0,0.235851,-0.236626,0.94254
0,0,0.334164,0.561477,0.757019
0,0,-0.829572,0.558385,0.00410423
0,0,-0.491474,-0.256457,0.832276
0,0,-0.775864,-0.439156,0.452965
0,0,-0.10515,-0.973035,0.205296
0,0,-0.242868,0.912448,0.329324
0,0,0.697303,-0.61426,0.369395
0,0,-0.490519,0.179518,0.852739
0,0,0.14185,0.972986,0.182144
0,0,0.122088,-0.0144566,0.992414
0,0,0.917009,-0.142212,0.372652
0,0,-0.12944,0.399265,0.907652
0,0,-0.917296,0.1349,0.37466
0,0,0.410049,0.20816,0.887992
0,0,-0.344602,-0.728918,0.591547
0,0,-0.868074,0.462834,0.179531
0,0,0.155652,-0.85222,0.499493
0,0,0.530156,-0.331509,0.780408
0,0,0.34207,-0.767867,0.541635
0,0,-0.69589,-0.254716,0.671459
0,0,0.104342,-0.772601,0.626259
0,0,0.753198,-0.0635752,0.654715
0,0,0.402929,-0.896243,0.185464
0,0,-0.587253,0.534994,0.607384
0,0,-0.770627,0.188789,0.608682
0,0,-0.103279,0.634193,0.766246
0,0,-0.52997,-0.711953,0.460711
0,0,0.792035,-0.355464,0.496311
0,0,0.734531,0.241997,0.633957
0,0,-0.0608404,-0.340465,0.938287
0,0,-0.505159,-0.606823,0.613661
0,0,-0.292909,0.417007,0.860412
0,0,0.614292,-0.789067,0.00423427
0,0,-0.582194,-0.807137,0.0978802
0,0,-0.96844,0.0342053,0.246887
0,0,-0.797198,0.0243573,0.603226
0,0,0.813143,0.461776,0.354346
0,0,0.599145,0.093892,0.795116
0,0,-0.882139,-0.319265,0.346268
0,0,-0.491923,-0.628099,0.602913
0,0,0.639162,-0.731153,0.23851
14.9987,23.1301,0.611291,-0.168148,0.773336
0,0,0.700282,-0.329375,0.633338
0,0,-0.724062,-0.679539,0.11816
0,0,0.760254,-0.553477,0.340114
0,0,-0.801959,-0.47155,0.366746
0,0,-0.0582496,-0.234079,0.970471
0,0,0.155068,0.524877,0.836934
0,0,0.66207,0.714085,0.227476
0,0,0.520899,0.292725,0.801858
0,0,-0.425951,-0.822185,0.377593
0,0,0.585779,0.202699,0.784714
0,0,-0.464236,0.515423,0.720294
0,0,0.296753,-0.892203,0.340458
0,0,-0.071935,0.997294,0.0151417
0,0,0.819972,0.572397,0.00288967
0,0,0.917871,-0.193409,0.346564
0,0,-0.493731,0.0820178,0.865738
0,0,-0.309358,-0.350476,0.884005
0,0,0.274306,-0.37216,0.886709
0,0,0.553348,-0.581632,0.596247
0,0,0.513983,0.640077,0.571071
0,0,-0.0159437,0.237907,0.971157
0,0,-0.426917,0.861364,0.275308
0,0,-0.314485,0.871855,0.375457
0,0,0.89337,-0.364566,0.262645
0,0,-0.430304,0.572051,0.698281
0,0,0.422765,-0.612243,0.668153
0,0,-0.59957,-0.26574,0.754916
0,0,0.163576,-0.739868,0.652562
0,0,-0.225811,0.753943,0.616911
0,0,-0.769262,0.541937,0.338439
0,0,-0.740092,-0.672433,0.00991845
0,0,-0.611825,-0.728966,0.307048
0,0,-0.88771,0.216889,0.406115
0,0,0.182864,0.806863,0.561724
0,0,-0.526755,0.741515,0.415553
0,0,0.0957938,0.254725,0.962257
0,0,0.724155,0.198737,0.660381
0,0,-0.150086,0.166629,0.97453
0,0,-0.684136,0.654497,0.321855
0,0,-0.922472,-0.328829,0.202277
0,0,0.664317,0.553516,0.502298
0,0,-0.861174,0.1378,0.489275
0,0,-0.764222,0.602073,0.23124
0,0,-0.108489,-0.836489,0.537137
0,0,0.82972,0.358807,0.427577
0,0,-0.381457,0.624395,0.681632
0,0,0.882836,0.228784,0.410194
0,0,-0.301147,-0.611492,0.731703
12.7448,17.0082,0.732476,0.148155,0.664477
0,0,-0.745633,-0.520588,0.415957
0,0,-0.104806,0.919965,0.37773
0,0,0.927147,-0.374288,0.0174935
0,0,0.558979,0.248367,0.791111
0,0,0.637082,0.496136,0.589894
0,0,-0.68031,-0.72796,0.0851603
0,0,0.582208,0.0657766,0.810375
0,0,-0.927099,-0.249649,0.279577
0,0,-0.912768,0.337361,0.230308
0,0,0.836205,-0.0234434,0.547916
0,0,-0.358723,-0.912572,0.19629
0,0,-0.828314,-0.15068,0.539621
0,0,-0.976615,-0.213799,0.022643
0,0,-0.493704,-0.101326,0.863707
0,0,0.802953,-0.269616,0.531576
0,0,0.452671,0.841178,0.295817
0,0,0.316319,0.874559,0.367545
0,0,-0.751384,0.505001,0.424731
0,0,-0.624525,-0.780992,0.00454999
0,0,-0.387182,0.754015,0.530614
0,0,0.579295,0.812238,0.0684659
0,0,0.410795,-0.0375901,0.910952
0,0,0.0233727,0.691965,0.721552
0,0,0.517591,-0.224545,0.825639
0,0,0.0882297,0.859875,0.502822
0,0,-0.186237,-0.981618,0.0417457
0,0,0.738158,0.674624,0.00230032
0,0,-0.328626,-0.326545,0.886213
0,0,0.399178,-0.908198,0.125828
0,0,0.760161,-0.571393,0.309298
0,0,-0.323009,0.945962,0.0286512
0,0,0.822174,0.513463,0.245734
0,0,0.608917,0.712852,0.34794
0,0,0.0315959,0.297057,0.954337
0,0,-0.170791,0.220029,0.960426
0,0,0.768289,0.639882,0.0168262
0,0,-0.630823,0.313947,0.709577
0,0,0.725198,-0.430522,0.537343
0,0,-0.0218339,-0.999385,0.027421
0,0,0.559652,-0.221467,0.798587
0,0,-0.727643,-0.420903,0.541642
0,0,-0.0898039,0.666227,0.740322
0,0,-0.452312,-0.651843,0.608699
0,0,0.815909,-0.477964,0.325335
0,0,-0.264424,-0.276041,0.924057
0,0,0.19721,0.974667,0.105505
0,0,-0.641119,-0.320838,0.697158
7.64001,8.40814,0.522105,0.101859,0.846777
0,0,0.453087,0.88651,0.0938723
0,0,-0.225642,-0.633773,0.739877
0,0,0.119814,0.802938,0.583897
0,0,0.626704,-0.413404,0.66056
0,0,0.670615,0.723605,0.163311
0,0,-0.712798,-0.466466,0.523764
0,0,0.848132,-0.358612,0.389961
0,0,-0.990635,0.000128206,0.136539
0,0,0.18301,0.477487,0.859368
0,0,0.859438,0.509617,0.0407
0,0,-0.672947,-0.350789,0.651221
0,0,0.577168,-0.552708,0.601158
0,0,0.288148,-0.860153,0.420842
0,0,0.690861,-0.235423,0.683584
0,0,0.0645064,0.927734,0.367625
0,0,-0.159812,0.749269,0.642695
0,0,0.363266,-0.89184,0.269555
0,0,-0.60883,0.784412,0.11842
0,0,0.344789,-0.746395,0.569223
0,0,-0.506554,0.709946,0.489265
0,0,-0.63421,-0.663512,0.3969
0,0,-0.952927,-0.301555,0.0315299
0,0,0.2617,-0.374251,0.889635
0,0,-0.376061,-0.924258,0.0657691
0,0,-0.0671055,-0.954766,0.289687
0,0,-0.483186,-0.833258,0.268722
0,0,-0.0151783,0.399356,0.91667
0,0,-0.439953,0.805657,0.396683
0,0,-0.360836,-0.558022,0.747268
0,0,0.249547,0.902784,0.350295
0,0,0.611472,0.640148,0.465094
0,0,0.167492,-0.932207,0.320838
0,0,0.811101,-0.302047,0.500882
0,0,0.00196503,-0.92812,0.372275
0,0,-0.805117,-0.114052,0.582047
0,0,0.738697,-0.635057,0.225896
0,0,-0.715426,-0.661338,0.225383
0,0,-0.582327,0.120188,0.804022
0,0,-0.190399,0.966853,0.170127
0,0,0.978503,-0.194819,0.0676611
0,0,-0.447981,-0.85734,0.253537
0,0,0.352643,0.299171,0.886645
0,0,0.299342,-0.638211,0.709282
0,0,0.471948,0.58732,0.657511
0,0,0.848627,0.528972,0.00458034
0,0,-0.686988,-0.436674,0.58083
0,0,0.226453,0.435188,0.871396
0,0,0.0932855,0.320314,0.942707
0,0,0.850655,-0.327966,0.410883
0,0,-0.119937,-0.952956,0.278369
0,0,0.259921,-0.765244,0.588934
0,0,-0.780239,0.229542,0.58184
0,0,0.655468,-0.596647,0.463005
0,0,-0.0123022,0.995355,0.0954806
0,0,0.903663,-0.184453,0.386484
0,0,-0.620081,-0.040152,0.783509
0,0,0.805187,-0.578721,0.129445
22.373,33.4657,-0.818296,0.2656,-0.509753
0,0,0.715427,0.657358,0.236735
0,0,-0.350307,-0.528481,0.7733
0,0,-0.689423,-0.57101,0.445694
0,0,0.521888,0.0868014,0.848586
0,0,0.294077,0.8853,0.360226
0,0,-0.429005,-0.493138,0.756816
0,0,-0.648402,0.435371,0.624521
0,0,-0.246038,0.933987,0.259102
0,0,-0.734068,-0.528786,0.426063
0,0,0.435637,0.0694636,0.897438
0,0,-0.171994,0.843321,0.509144
0,0,-0.260686,0.944977,0.197637
0,0,-0.709338,-0.702607,0.0564152
0,0,-0.032784,0.000210303,0.999462
0,0,0.0616981,0.962764,0.263209
8.11193,13.3265,0.212241,-0.22219,0.951622
0,0,0.680775,-0.446448,0.580715
0,0,-0.888362,0.443838,0.117559
0,0,0.863218,-0.120236,0.490305
0,0,0.398629,-0.796165,0.45521
0,0,0.410532,0.456986,0.789067
0,0,0.761844,-0.236613,0.603
0,0,-0.824856,0.565343,0.000688702
0,0,-0.581057,-0.191697,0.790964
0,0,-0.0502695,0.519994,0.852689
0,0,-0.670182,0.39982,0.625299
0,0,0.995939,-0.0315703,0.084312
0,0,-0.212921,-0.704523,0.676987
0,0,-0.426512,-0.240658,0.871878
0,0,0.0534409,0.70363,0.708554
0,0,-0.794431,-0.00825808,0.607298
0,0,-0.808948,-0.192564,0.555448
0,0,0.0579927,0.998248,0.0117449
0,0,-0.00874235,0.285308,0.958396
0,0,-0.968955,0.220108,0.112599
0,0,0.330672,0.56467,0.756177
0,0,-0.555365,-0.713621,0.426983
0,0,-0.997085,0.0412758,0.0641696
0,0,-0.557124,-0.174372,0.811916
0,0,-0.367577,-0.375107,0.850989
0,0,-0.5428,-0.816598,0.196307
0,0,-0.64221,0.33668,0.688631
0,0,0.598559,-0.12237,0.791678
0,0,-0.885279,0.435058,0.164336
0,0,-0.178724,0.790275,0.586109
0,0,-0.494694,-0.560398,0.664252
0,0,-0.370766,-0.457782,0.808065
0,0,0.677428,-0.448486,0.583053
0,0,0.778453,0.536368,0.326069
0,0,0.122446,0.768019,0.628613
0,0,0.883562,-0.165408,0.438131
0,0,-0.972207,-0.223953,0.0682488
0,0,-0.470629,0.667947,0.576502
24.4662,35.5741,-0.177926,0.566089,0.804913
0,0,0.082287,0.666945,0.74055
0,0,0.796983,-0.134599,0.588813
0,0,0.701458,-0.463803,0.541149
0,0,-0.846101,0.515584,0.135226
0,0,-0.151182,0.984462,0.0893205
0,0,-0.50008,-0.375932,0.780125
0,0,0.668379,-0.678506,0.304792
0,0,0.570626,-0.802338,0.175044
0,0,0.253972,0.276325,0.926899
0,0,-0.931044,-0.299216,0.208872
0,0,0.370964,0.442054,0.816685
0,0,-0.138905,-0.764998,0.628874
0,0,-0.454028,-0.888279,0.0694206
0,0,-0.88244,-0.450335,0.136008
0,0,0.795048,-0.54259,0.271099
0,0,-0.596834,-0.607247,0.524442
16.4634,22.2748,-0.450584,-0.275017,0.849317
0,0,0.110165,-0.940464,0.321544
0,0,-0.900828,0.150709,0.407179
0,0,0.419846,-0.848586,0.32192
0,0,0.774676,0.632287,0.00951942
0,0,0.983808,0.176774,0.0295532
0,0,0.470602,0.267838,0.840712
0,0,-0.103901,-0.800539,0.590205
0,0,-0.373347,0.177155,0.910619
0,0,-0.353933,0.930849,0.0908352
0,0,0.074615,-0.699977,0.710257
0,0,-0.984321,-0.0536739,0.168023
0,0,-0.328427,0.325257,0.88676
0,0,-0.628935,0.547047,0.552431
0,0,-0.588904,0.398901,0.702901
0,0,-0.308991,-0.226958,0.923588
0,0,0.535292,0.0106951,0.844599
0,0,-0.878736,0.125957,0.460388
0,0,0.208655,0.864929,0.456466
0,0,0.938802,0.300184,0.168941
0,0,-0.338841,-0.89377,0.293874
0,0,0.163086,0.737124,0.655783
0,0,-0.578057,-0.721285,0.381573
0,0,-0.200994,0.918578,0.340318
0,0,0.176819,0.96136,0.211002
0,0,0.0210403,-0.0365746,0.999109
0,0,0.347408,0.546463,0.762027
0,0,-0.960653,-0.247004,0.127022
0,0,0.0796319,-0.655929,0.75061
0,0,0.268533,0.825913,0.49574
0,0,-0.00314578,0.382739,0.923851
0,0,0.183997,0.979061,0.0870866
0,0,-0.75801,-0.527822,0.383176
0,0,0.131534,0.905871,0.402612
0,0,-0.279765,-0.953822,0.109338
0,0,-0.0793116,0.955434,0.28435
0,0,-0.127195,0.986953,0.0987195
0,0,0.891538,0.389962,0.23041
0,0,-0.919944,-0.0727263,0.385246
0,0,-0.705299,-0.476699,0.524702
0,0,-0.968854,0.22886,0.0945769
15.4143,21.7386,0.834485,0.389753,-0.389522
0,0,-0.23912,-0.611776,0.754024
0,0,-0.616784,-0.779512,0.109264
0,0,-0.179923,0.958991,0.219008
0,0,0.275065,0.170912,0.946112
0,0,-0.743326,-0.640969,0.191377
0,0,0.430511,0.785478,0.444618
0,0,0.581127,0.810503,0.0733255
0,0,0.912058,0.145668,0.383316
1.21889,1.31796,-0.28121,0.18388,0.941865
0,0,0.903857,0.104844,0.41479
0,0,0.606479,-0.392354,0.691551
0,0,-0.283761,0.833951,0.473292
0,0,0.137626,0.959824,0.244534
0,0,-0.677414,0.653296,0.338106
0,0,-0.627016,-0.53358,0.567577
0,0,0.979526,-0.138925,0.145699
0,0,-0.414303,0.909609,0.0310551
0,0,0.408926,-0.912136,0.0280731
0,0,0.346184,0.27132,0.898077
0,0,-0.0612022,0.604777,0.79404
0,0,0.794492,-0.581187,0.17608
0,0,0.752816,-0.0192656,0.657949
0,0,-0.639695,-0.12573,0.758276
0,0,-0.429028,-0.643426,0.633986
0,0,0.585464,0.6733,0.451552
0,0,0.927918,0.299493,0.221975
0,0,-0.0882487,-0.994809,0.0506591
0,0,0.237936,0.894979,0.377359
2.70664,3.50769,0.0867093,-0.541528,0.836199
0,0,0.243632,0.327449,0.912919
0,0,-0.959432,-0.100985,0.263234
0,0,-0.404506,-0.687263,0.603361
0,0,0.68452,0.0894995,0.723479
0,0,-0.489606,0.518748,0.700846
0,0,0.606515,0.790017,0.0895128
0,0,-0.578437,0.359146,0.73241
0,0,-0.240145,0.231499,0.942729
0,0,0.320477,-0.519176,0.792308
0,0,-0.866549,0.484591,0.11943
0,0,0.801044,-0.421878,0.424674
0,0,-0.546001,-0.559269,0.62378
0,0,0.183724,0.63783,0.747943
0,0,-0.136559,0.95732,0.254734
0,0,-0.757971,-0.329498,0.562949
0,0,0.0705914,0.621283,0.7804
0,0,0.48786,0.511554,0.707322
0,0,0.239956,-0.963651,0.117465
0,0,0.968891,0.00319108,0.247466
15.9006,22.8714,0.375981,0.0855667,0.922668
0,0,-0.274557,-0.844338,0.460121
0,0,0.168759,-0.411406,0.895693
0,0,0.301337,0.293589,0.907194
0,0,0.668859,-0.710217,0.219588
0,0,-0.141856,-0.830782,0.538217
0,0,0.830646,-0.33822,0.442305
0,0,0.230074,-0.614892,0.754303
0,0,0.646491,0.236142,0.725456
0,0,0.285383,-0.887824,0.361007
0,0,0.695465,-0.654415,0.296765
0,0,0.800925,0.590543,0.0988803
0,0,0.586059,0.671332,0.453705
0,0,-0.153563,-0.987945,0.0195804
0,0,-0.728698,-0.0678585,0.681465
0,0,0.777509,-0.519738,0.354051
0,0,-0.209818,-0.919761,0.331687
0,0,-0.432309,0.143174,0.890286
0,0,0.376829,-0.56042,0.737515
21.1883,30.8908,0.538307,0.0857073,-0.838379
0,0,-0.70576,-0.389464,0.591794
0,0,0.917211,-0.378586,0.124082
0,0,0.595698,0.174601,0.784001
0,0,0.962241,0.0408456,0.269119
0,0,-0.739654,0.0568183,0.670584
0,0,-0.233512,0.58332,0.777953
0,0,0.632638,-0.486162,0.60284
0,0,-0.00741577,-0.952505,0.304432
0,0,-0.758214,0.532268,0.376567
0,0,0.433537,0.167369,0.885456
0,0,0.601628,0.375285,0.705128
19.7648,29.9614,0.224989,-0.0116618,0.974291
0,0,0.970323,-0.222138,0.0955445
0,0,0.412649,0.575878,0.705751
4.66505,6.56278,-0.431864,-0.0253411,0.901583
0,0,0.316484,-0.936938,0.148273
0,0,-0.0645161,0.989985,0.12557
0,0,-0.863621,0.414457,0.287027
0,0,0.155793,-0.331946,0.930344
0,0,0.389132,0.350543,0.851878
11.8839,14.6337,-0.498287,-0.223712,0.837653
0,0,-0.0656743,0.986516,0.149912
0,0,-0.88852,-0.458777,0.00747808
0,0,0.264724,-0.951262,0.158183
0,0,0.603676,0.797141,0.0118988
0,0,0.202258,-0.0206563,0.979114
0,0,0.830932,-0.280133,0.480705
0,0,-0.537165,-0.842118,0.0478688
0,0,-0.689203,0.0474865,0.723011
0,0,0.280522,0.726189,0.62766
0,0,0.957488,-0.126334,0.259339
0,0,0.740365,0.520615,0.425229
0,0,-0.8136,0.172196,0.555341
0,0,-0.13787,0.390708,0.910132
0,0,0.116336,0.41395,0.902835
0,0,0.466057,0.876011,0.12408
0,0,0.823498,0.235834,0.515978
0,0,-0.994635,0.0231459,0.100825
20.6273,29.1887,-0.431224,0.407027,0.805217
0,0,0.981115,-0.17264,0.0872271
0,0,0.970386,-0.0206531,0.240677
0,0,-0.23948,0.875436,0.419835
0,0,-0.898945,0.122952,0.420452
0,0,-0.43219,-0.776415,0.458685
0,0,-0.235368,-0.678208,0.696158
0,0,0.0664404,0.343058,0.936962
0,0,-0.284542,0.52954,0.799139
0,0,0.590196,-0.619129,0.518023
0,0,0.592862,-0.610167,0.525557
0,0,0.846661,-0.508804,0.155831
0,0,-0.972858,-0.199851,0.116646
0,0,-0.622485,-0.547664,0.559086
0,0,0.771537,0.457666,0.441896
0,0,0.394403,0.848684,0.352395
0,0,0.739493,-0.606886,0.291272
0,0,0.120325,-0.617698,0.777156
0,0,-0.888524,0.458559,0.015743
0,0,0.101352,0.994802,0.00980622
0,0,0.434114,0.787063,0.438266
0,0,0.631876,0.605647,0.483657
0,0,0.393103,-0.328858,0.858675
0,0,0.19827,0.974844,0.101821
0,0,-0.340923,-0.835375,0.431184
0,0,0.807719,-0.51142,0.293326
0,0,0.259367,-0.343075,0.902789
0,0,-0.810474,0.0451074,0.584035
0,0,0.348698,-0.224298,0.91
0,0,0.915284,0.176749,0.361959
0,0,-0.978956,0.0361372,0.200845
0,0,0.92035,0.22609,0.319123
0,0,-0.661997,-0.427183,0.615853
0,0,-0.762833,-0.496617,0.414074
0,0,0.350756,0.0596034,0.934568
0,0,0.589463,-0.100871,0.801473
0,0,0.638389,0.766089,0.0746111
0,0,0.332885,-0.766255,0.549582
0,0,-0.419051,-0.898115,0.133359
0,0,0.199704,-0.638613,0.743164
0,0,-0.268346,0.907972,0.321836
0,0,0.415758,-0.747722,0.517743
0,0,0.0873347,-0.525612,0.84623
0,0,-0.800441,0.526381,0.286734
0,0,0.698789,-0.714517,0.0340306
0,0,0.191622,-0.979682,0.0591885
0,0,0.464351,-0.0333593,0.885023
0,0,-0.749112,0.533617,0.392536
0,0,0.0489813,0.941189,0.334312
0,0,-0.803823,-0.242512,0.543192
0,0,0.607412,-0.287571,0.740509
0,0,0.79242,0.602436,0.0956098
0,0,0.554419,0.311543,0.771726
0,0,0.0563544,-0.389514,0.919295
8.26173,12.6763,0.204365,-0.285787,0.936248
0,0,-0.0175688,-0.998196,0.0574133
0,0,0.837764,-0.503932,0.21025
0,0,-0.680265,0.725888,0.101615
0,0,-0.325507,-0.723101,0.609238
0,0,0.968223,-0.241844,0.0636755
0,0,-0.977062,-0.163729,0.136174
0,0,0.0802842,0.989327,0.1216
0,0,0.266971,-0.120819,0.956101
0,0,0.0879419,-0.569278,0.817428
0,0,0.459778,-0.79413,0.397444
0,0,0.159959,-0.794764,0.585461
0,0,0.37345,-0.0442962,0.926592
0,0,-0.563117,0.625067,0.540546
0,0,0.551483,-0.320612,0.770113
0,0,0.197377,0.503537,0.841126
0,0,0.850275,0.0173587,0.526053
0,0,-0.607781,0.0152333,0.793959
0,0,-0.174952,-0.955653,0.236893
0,0,-0.0726551,-0.447233,0.891462
0,0,-0.0448592,-0.625274,0.779115
0,0,-0.207936,0.66109,0.720918
0,0,0.809839,-0.582692,0.0680581
0,0,-0.796219,-0.500274,0.340237
0,0,0.0334867,0.873817,0.485101
0,0,-0.760575,-0.557748,0.33233
0,0,0.877551,0.3988,0.2662
0,0,0.461458,0.36925,0.806667
0,0,-0.663645,0.371664,0.649185
0,0,0.315544,-0.756367,0.573011
0,0,0.942055,0.215278,0.25727
0,0,0.85524,0.246655,0.455769
0,0,0.769228,0.472001,0.4307
0,0,0.817652,0.462513,0.34282
0,0,-0.306997,-0.908402,0.283828
0,0,-0.427183,0.518257,0.740895
0,0,0.799019,-0.428245,0.422107
0,0,0.533882,-0.840912,0.0885296
0,0,0.296255,0.755424,0.584438
0,0,0.566703,0.819784,0.0824717
0,0,0.210042,-0.906964,0.365102
0,0,-0.203305,0.730268,0.652208
0,0,-0.276637,-0.958361,0.0708227
0,0,0.104335,0.895146,0.433392
0,0,0.564041,-0.539587,0.625063
0,0,-0.574803,-0.359172,0.735253
0,0,-0.243217,-0.816335,0.523872
0,0,0.154007,0.844628,0.512723
0,0,-0.264018,-0.712347,0.650274
0,0,0.228682,0.503158,0.833389
0,0,-0.883739,-0.200025,0.423079
1.4716,2.41517,-0.076726,0.0131489,0.996966
0,0,0.894989,0.0181994,0.445717
0,0,0.275624,-0.944917,0.176531
0,0,-0.16828,0.7498,0.639907
0,0,-0.132754,0.453264,0.881435
0,0,-0.591609,-0.773744,0.226539
0,0,0.134311,-0.423003,0.896119
0,0,-0.382281,-0.425552,0.820223
0,0,0.379861,-0.281835,0.881064
0,0,0.366426,0.906793,0.208465
0,0,-0.851344,-0.508722,0.128118
0,0,0.0807158,0.952746,0.292849
0,0,-0.667793,-0.580811,0.465522
0,0,0.303741,-0.716563,0.627917
0,0,0.897089,-0.441727,0.0104573
0,0,0.00765546,0.667117,0.744914
0,0,-0.450629,-0.851966,0.266621
0,0,0.176807,0.380325,0.907795
0,0,-0.294163,0.948816,0.114963
0,0,-0.97405,0.0184699,0.22558
0,0,-0.311831,0.704655,0.637356
0,0,0.645985,0.181725,0.741404
0,0,-0.797489,-0.447163,0.405039
0,0,0.109374,-0.376591,0.9199
0,0,-0.500939,0.662502,0.556912
0,0,-0.940782,-0.301421,0.155161
0,0,-0.28388,-0.939412,0.192141
0,0,-0.861312,-0.291927,0.415838
0,0,0.534378,-0.564039,0.629524
0,0,-0.414285,-0.888615,0.196801
0,0,0.546674,-0.72005,0.427407
0,0,-0.968522,0.126581,0.214342
0,0,0.0224772,-0.514445,0.857229
0,0,-0.969408,-0.156258,0.18929
0,0,-0.9602,-0.0576706,0.273296
0,0,-0.108693,0.892286,0.438192
0,0,0.205463,0.974506,0.0901222
0,0,0.71205,0.677262,0.185203
8.7494,12.8306,-0.509014,-0.805153,0.304358
0,0,-0.0956507,0.385547,0.917717
2.95898,3.67326,-0.234834,0.58867,0.773512
0,0,0.588191,0.430053,0.684899
0,0,0.179446,0.473636,0.862246
0,0,0.650899,-0.64418,0.4017
0,0,0.558592,-0.673939,0.483509
0,0,-0.0160643,0.389274,0.920982
0,0,0.848464,0.496136,0.184278
0,0,-0.37869,-0.389407,0.839617
0,0,0.779671,0.423705,0.461072
16.9043,22.5956,0.805033,0.352062,0.477466
0,0,-0.065506,0.283023,0.956874
0,0,0.893236,0.294447,0.339751
0,0,-0.451695,0.689089,0.566682
0,0,0.460242,0.685669,0.563946
0,0,0.669699,-0.68943,0.276026
0,0,0.622763,-0.591161,0.512538
0,0,0.622981,0.22088,0.750405
0,0,-0.225535,0.795153,0.562908
0,0,-0.737203,-0.188434,0.648864
0,0,-0.667579,-0.0361361,0.743661
0,0,-0.692625,0.0472847,0.719747
0,0,-0.271643,-0.144476,0.951492
0,0,-0.479962,-0.256519,0.838948
0,0,0.522733,-0.500356,0.690213
0,0,-0.194094,-0.288927,0.937469
0,0,-0.011499,0.633852,0.773369
0,0,0.608353,-0.00895743,0.793616
0,0,0.817733,0.00617301,0.575564
0,0,-0.58192,-0.807773,0.0941898
0,0,-0.486497,-0.769873,0.413058
0,0,0.88759,-0.459522,0.0319904
0,0,-0.0457494,0.310055,0.949617
13.5532,20.4906,0.000426788,-0.151437,0.988467
0,0,-0.359386,-0.51305,0.779501
0,0,-0.624053,0.546229,0.558742
0,0,0.65731,0.52866,0.537086
0,0,0.416027,-0.740455,0.527871
0,0,0.905593,-0.330797,0.26547
0,0,-0.404473,0.659546,0.633562
0,0,-0.976432,-0.0272663,0.214095
0,0,-0.435153,-0.219484,0.873194
0,0,0.605058,0.784238,0.137386
0,0,0.602412,-0.504391,0.618619
0,0,0.38977,-0.188325,0.90145
0,0,-0.488633,-0.301251,0.818832
0,0,0.974092,0.193452,0.117138
0,0,0.2183,-0.496075,0.840389
0,0,0.849436,-0.505472,0.151516
0,0,0.656961,0.753855,0.0102226
0,0,-0.483589,0.455048,0.747712
0,0,-0.414493,-0.602661,0.681906
0,0,0.551556,-0.366939,0.749094
0,0,-0.151526,0.868269,0.472386
0,0,-0.69681,-0.452343,0.556634
0,0,-0.547612,-0.82016,0.165706
0,0,-0.604455,0.649656,0.461065
0,0,0.611662,-0.697977,0.372422
0,0,-0.560874,0.726012,0.397902
0,0,-0.78447,-0.497089,0.370824
0,0,0.268037,0.028665,0.962982
0,0,-0.616685,0.768013,0.172787
0,0,0.203586,-0.122343,0.971383
0,0,0.207949,0.672289,0.710482
0,0,0.108516,-0.958265,0.264485
0,0,-0.864795,0.349565,0.360462
0,0,-0.996301,-0.0782519,0.035519
0,0,0.0391884,-0.198104,0.979397
9.10415,13.6729,-0.214231,0.109687,0.970605
0,0,-0.342054,0.0769823,0.936522
0,0,0.299977,-0.899171,0.318599
0,0,0.0598342,0.748143,0.660834
0,0,-0.512861,-0.805465,0.296985
0,0,-0.893557,0.141292,0.426137
0,0,-0.600245,0.478838,0.64064
0,0,0.311334,-0.45164,0.836118
0,0,-0.781677,-0.445813,0.436155
0,0,0.00903728,-0.823852,0.566732
0,0,0.568215,-0.589789,0.57383
0,0,-0.498632,-0.050316,0.865352
0,0,0.360716,-0.351119,0.86406
0,0,-0.106897,0.981462,0.159079
0,0,0.314061,-0.346174,0.884042
0,0,-0.265705,-0.394141,0.879803
0,0,0.238007,-0.772034,0.589335
0,0,-0.874073,0.0852535,0.478255
0,0,-0.719213,-0.566016,0.402939
0,0,-0.742053,-0.0203516,0.670032
0,0,0.830662,-0.184515,0.525314
0,0,-0.805682,-0.0375247,0.591159
0,0,-0.422335,0.118947,0.898602
0,0,0.899282,0.225019,0.375045
0,0,-0.532994,0.846078,0.00835096
0,0,-0.996245,-0.0840507,0.02079
20.0542,27.0257,-0.326876,-0.562733,0.759265
0,0,-0.881457,-0.413355,0.228409
0,0,-0.780363,0.548593,0.300132
0,0,-0.611456,0.653173,0.446639
0,0,0.595814,-0.309142,0.74124
0,0,0.391841,-0.815348,0.426226
0,0,0.976111,0.0597102,0.208906
0,0,0.945882,-0.323182,0.0293466
0,0,-0.0800006,0.668358,0.739525
0,0,0.763266,0.639091,0.0948029
0,0,0.751467,0.2768,0.598898
0,0,0.623517,-0.679914,0.385932
0,0,0.12592,0.515794,0.847408
0,0,-0.715547,-0.587804,0.377465
0,0,-0.0977509,0.691511,0.715721
0,0,0.287021,-0.921988,0.259916
0,0,0.754686,0.338863,0.561802
0,0,0.305991,-0.709068,0.635289
0,0,-0.478882,-0.47888,0.735762
0,0,0.0345855,-0.998749,0.0361096
0,0,-0.33973,-0.786429,0.515861
0,0,0.938674,0.344349,0.0177379
0,0,0.508927,-0.844544,0.16655
0,0,0.354144,0.664508,0.658036
0,0,-0.481871,-0.708704,0.515304
0,0,-0.923506,-0.377657,0.067169
0,0,-0.730082,0.613203,0.3016
0,0,0.266173,0.544088,0.795689
22.4896,32.6565,0.650936,-0.243807,0.718916
0,0,-0.903948,-0.377406,0.201106
0,0,-0.932143,-0.255571,0.2565
0,0,-0.305846,-0.947337,0.0949207
0,0,-0.780188,0.327435,0.533003
0,0,-0.475404,-0.738326,0.478399
0,0,0.557474,0.637204,0.53216
0,0,0.276575,0.218548,0.935811
0,0,-0.725712,0.322823,0.607558
0,0,0.829935,-0.321702,0.455758
0,0,0.844775,0.49235,0.209635
4.27515,5.90377,0.357838,-0.0126774,0.933698
0,0,-0.165324,0.135419,0.976898
0,0,-0.338233,-0.580327,0.740823
0,0,-0.614155,0.653444,0.442521
0,0,-0.334034,0.54973,0.765649
0,0,0.553725,-0.211842,0.805302
0,0,0.395742,-0.136294,0.908192
0,0,-0.742417,-0.555358,0.374692
0,0,0.245609,-0.186905,0.95118
0,0,0.201484,0.787689,0.582195
0,0,0.844516,-0.456541,0.279933
0,0,0.582651,-0.743453,0.328322
0,0,-0.600728,-0.799339,0.0135428
0,0,-0.0279179,-0.977511,0.209027
0,0,-0.841717,0.471104,0.263766
0,0,-0.237436,0.929546,0.282078
0,0,-0.162386,-0.728252,0.665793
0,0,-0.8333,0.531905,0.150624
0,0,0.667564,0.517746,0.535068
0,0,-0.0714544,-0.120237,0.99017
0,0,0.716488,-0.0325332,0.696841
0,0,-0.0271759,0.323106,0.945972
0,0,-0.19862,-0.960359,0.195604
0,0,0.778501,0.616792,0.116205
11.2236,15.4132,-0.17619,-0.145182,0.973591
0,0,-0.295605,-0.863507,0.408623
0,0,0.412702,-0.780944,0.468832
0,0,-0.938605,-0.280009,0.201534
0,0,0.827736,0.0957083,0.552896
18.7843,26.1306,-0.216642,0.0557082,0.97466
0,0,0.905909,-0.113656,0.407935
0,0,-0.403028,0.646753,0.647518
0,0,-0.981602,0.0942621,0.166049
0,0,-0.113301,-0.772972,0.624241
0,0,-0.494667,0.467988,0.732319
0,0,0.606425,0.419146,0.675696
0,0,-0.700202,0.69803,0.149904
0,0,-0.609853,-0.766175,0.202621
0,0,-0.466751,-0.864052,0.188569
0,0,-0.517915,0.620871,0.588458
0,0,-0.939222,0.141607,0.312744
0,0,0.766342,0.502203,0.40064
0,0,-0.620085,0.240412,0.746791
0,0,0.810435,-0.145175,0.567555
0,0,-0.369071,-0.580065,0.726162
0,0,0.883633,0.346977,0.314325
0,0,0.659132,-0.247552,0.710115
0,0,0.500872,-0.803242,0.322382
0,0,0.454984,0.299586,0.838593
0,0,0.454964,0.27881,0.845738
0,0,-0.865979,-0.325049,0.380031
0,0,-0.792255,-0.303284,0.529482
0,0,0.0638949,0.507718,0.859151
0,0,-0.339696,-0.388857,0.856386
0,0,0.616243,-0.734244,0.284834
10.6837,16.0483,-0.0861873,-0.315802,0.944902
0,0,-0.285459,-0.945864,0.15445
0,0,-0.210253,0.0138688,0.977549
0,0,-0.279241,0.959701,0.0315991
0,0,-0.0531383,0.861695,0.504636
0,0,0.329602,0.59079,0.73643
0,0,0.471497,0.798549,0.374178
0,0,0.650487,0.335293,0.681503
0,0,-0.630611,-0.319589,0.707243
0,0,-0.583327,0.621243,0.523246
0,0,-0.0317245,-0.642503,0.765626
0,0,0.139128,-0.76706,0.626309
0,0,0.213829,0.948566,0.233452
0,0,0.754746,-0.593688,0.279094
0,0,-0.518841,0.0245589,0.854518
0,0,0.259402,0.392535,0.882398
0,0,-0.471328,0.857659,0.205601
0,0,0.337653,0.301014,0.891841
0,0,-0.598137,-0.79474,0.10305
0,0,-0.48535,-0.568457,0.664298
0,0,0.287085,0.66751,0.687032
0,0,-0.663123,-0.403499,0.630442
0,0,0.000931033,0.883278,0.468849
0,0,0.615463,0.7778,0.127406
0,0,-0.350465,-0.545614,0.761235
0,0,-0.883918,0.164796,0.437644
0,0,-0.720971,0.542105,0.431651
0,0,0.614188,-0.572814,0.542824
0,0,0.679496,0.599564,0.422857
0,0,-0.434363,-0.899569,0.045872
0,0,-0.457607,0.54338,0.7038
0,0,-0.939529,-0.325131,0.107584
0,0,-0.0414903,0.881685,0.470011
0,0,0.464949,0.247609,0.850007
0,0,-0.439952,-0.0388409,0.897181
0,0,-0.698499,0.177885,0.693149
0,0,-0.927886,-0.324134,0.184294
0,0,-0.24048,0.921679,0.304428
0,0,0.796492,0.425845,0.429252
0,0,0.532841,-0.844986,0.0456004
0,0,0.358559,-0.660333,0.659845
0,0,-0.112852,0.992865,0.0385181
0,0,-0.365534,0.645708,0.670408
0,0,-0.644627,0.692655,0.32355
0,0,-0.78821,0.464237,0.403991
0,0,0.416116,-0.36693,0.831992
0,0,-0.462502,0.63883,0.614808
0,0,-0.464857,-0.769112,0.438605
0,0,0.0736156,0.796491,0.600152
0,0,-0.0709195,-0.426203,0.901844
0,0,-0.870653,-0.266029,0.413753
0,0,-0.514617,-0.0414878,0.856416
0,0,0.984073,0.169067,0.0549163
0,0,0.751594,0.612865,0.243932
0,0,-0.315927,-0.889221,0.33087
0,0,-0.243319,-0.434127,0.867369
0,0,0.937271,0.124848,0.325478
0,0,0.55761,0.646685,0.520452
0,0,-0.252568,-0.263227,0.931086
0,0,-0.106019,0.970906,0.214714
0,0,0.323631,-0.933188,0.156282
0,0,0.506352,0.703224,0.499082
0,0,-0.724126,-0.683909,0.0889378
0,0,-0.605495,-0.769938,0.201424
0,0,0.0663748,0.785027,0.615895
0,0,0.993709,0.0347989,0.106445
0,0,0.561928,-0.368775,0.740433
0,0,-0.99737,-0.0245536,0.0681873
0,0,-0.614353,0.574978,0.540343
0,0,-0.481399,0.121857,0.86799
0,0,-0.352066,-0.44463,0.823622
0,0,0.282998,0.657273,0.698502
0,0,0.23169,0.0676898,0.970432
0,0,-0.315805,-0.9104,0.26728
0,0,0.460761,0.860785,0.216216
0,0,0.354955,0.91966,0.168024
0,0,-0.249721,-0.875255,0.414207
0,0,0.516209,-0.690692,0.506431
0,0,0.21633,-0.750956,0.623913
0,0,-0.885622,-0.22158,0.408136
0,0,-0.52536,0.712019,0.465862
0,0,0.99343,-0.0737958,0.0874649
0,0,-0.909294,-0.350833,0.22383
0,0,-0.677618,-0.505831,0.533825
0,0,-0.426594,0.651879,0.626954
0,0,0.138399,-0.438996,0.887766
0,0,-0.874325,-0.0491507,0.482846
0,0,-0.779717,-0.501307,0.375144
0,0,0.766401,-0.38109,0.517107
0,0,0.151923,0.878694,0.452566
0,0,-0.583036,0.103293,0.805853
0,0,-0.563671,0.81454,0.137114
0,0,-0.951342,-0.0917713,0.294154
0,0,-0.754773,-0.360284,0.54819
0,0,0.626671,-0.124511,0.769273
0,0,0.320354,-0.18817,0.928421
0,0,-0.758028,-0.413135,0.504691
0,0,-0.712106,0.528089,0.462631
0,0,-0.62007,-0.704097,0.346065
0,0,-0.111474,-0.446896,0.887613
0,0,0.320611,0.366887,0.873271
0,0,0.366557,0.569545,0.7357
0,0,0.328892,0.943504,0.0403782
0,0,0.65578,0.0288427,0.7544
0,0,-0.040518,-0.806585,0.589728
0,0,-0.844518,0.439601,0.305842
0,0,-0.790951,-0.0495204,0.609872
0,0,0.00716405,0.821642,0.569959
0,0,-0.57966,0.585771,0.56645
0,0,-0.202358,0.97718,0.0645771
0,0,-0.232517,-0.769908,0.594288
0,0,-0.967626,-0.167179,0.18908
0,0,0.991429,-0.0726324,0.108597
0,0,0.538871,-0.518133,0.664196
0,0,0.864059,-0.0702625,0.498463
0,0,-0.640085,-0.325889,0.695764
0,0,0.0884381,0.863248,0.496972
0,0,0.0451904,-0.851347,0.522654
0,0,0.469296,-0.878382,0.0905841
0,0,0.47688,0.0916314,0.874179
0,0,-0.46126,0.56883,0.680935
0,0,0.136929,0.866061,0.480822
0,0,-0.136132,0.983539,0.118824
0,0,-0.119242,0.714176,0.689735
0,0,0.458323,0.888304,0.0292671
0,0,-0.886526,-0.0298182,0.461717
0,0,0.247197,0.238241,0.93922
0,0,-0.17312,0.889562,0.422739
0,0,0.503117,0.284077,0.816194
0,0,0.826336,-0.505215,0.24885
0,0,-0.697689,0.320658,0.640631
0,0,0.373637,-0.766346,0.522599
0,0,0.212094,-0.96443,0.157767
0,0,-0.716033,-0.0962002,0.691406
0,0,0.667761,0.57584,0.471704
0,0,0.599114,-0.792722,0.112488
0,0,0.555669,0.747784,0.363388
0,0,-0.212085,-0.644939,0.734216
0,0,-0.885783,-0.416291,0.20516
0,0,0.107263,0.864688,0.490723
0,0,-0.255884,-0.942133,0.216584
0,0,-0.0185069,-0.445248,0.895216
0,0,0.438274,0.829855,0.345334
0,0,0.0448046,0.997995,0.0447021
0,0,0.450618,-0.625145,0.637289
0,0,-0.347822,0.247594,0.904277
0,0,0.905917,-0.315629,0.2823
0,0,0.834718,0.131329,0.534789
0,0,0.400798,-0.913505,0.0697818
0,0,-0.791122,-0.609939,0.0458284
0,0,0.646858,-0.53238,0.546028
0,0,0.367925,-0.237075,0.899125
0,0,-0.9062,0.175373,0.384768
0,0,-0.272332,-0.315794,0.908905
0,0,-0.103086,0.600914,0.792638
0,0,0.958731,-0.226023,0.172478
0,0,-0.249613,-0.0854771,0.964566
0,0,-0.288372,0.914518,0.283723
0,0,0.492841,-0.338437,0.801604
0,0,-0.72697,0.622579,0.289673
0,0,-0.641248,0.466352,0.609358
0,0,-0.869275,0.494287,0.00638778
11.1532,15.5007,0.130833,0.747298,0.651482
0,0,-0.846219,-0.065482,0.528796
0,0,0.669104,-0.494734,0.554561
0,0,-0.857382,-0.510708,0.063818
0,0,0.561771,0.819631,0.112333
0,0,0.111597,0.752644,0.648902
0,0,0.516219,0.574141,0.635516
0,0,-0.965085,-0.210424,0.15599
6.61763,8.36283,-0.11087,0.506855,0.854872
0,0,0.23206,0.822275,0.519627
0,0,0.116527,-0.726727,0.676971
0,0,-0.532956,-0.619432,0.576421
0,0,0.665626,-0.0685404,0.743132
0,0,0.42438,0.850972,0.309432
0,0,0.921922,-0.387329,0.00603633
0,0,0.290364,-0.524821,0.800157
0,0,0.367793,-0.433443,0.822712
0,0,0.495834,-0.106003,0.861924
0,0,-0.786527,-0.180765,0.590508
0,0,-0.272235,-0.866737,0.417918
0,0,0.143555,-0.486985,0.861532
0,0,-0.928193,0.230275,0.292287
23.2978,33.6608,-0.966643,-0.113706,0.229505
0,0,0.724625,0.0647839,0.686092
0,0,-0.229443,0.963576,0.137393
0,0,-0.677396,0.531296,0.508782
0,0,-0.226925,-0.925347,0.303708
0,0,-0.28907,-0.948795,0.127383
10.1481,16.0648,0.0204439,0.347481,0.937464
0,0,-0.835239,-0.154708,0.527675
0,0,0.212754,0.785893,0.58061
0,0,-0.144684,-0.927287,0.345262
0,0,0.428424,-0.298312,0.852914
0,0,-0.577949,0.808648,0.10983
5.68109,8.47666,0.087483,0.764137,0.639094
0,0,0.643326,0.757757,0.109249
20.1576,30.1772,-0.00556643,-0.136652,0.990603
0,0,0.677063,0.219917,0.702298
0,0,0.759284,-0.11353,0.64078
0,0,-0.640944,0.0624625,0.765042
0,0,-0.842383,0.413088,0.346049
0,0,-0.367574,0.438024,0.820381
0,0,-0.00643008,-0.975656,0.219211
0,0,-0.563523,-0.349662,0.748451
0,0,-0.150558,0.18552,0.971038
22.1438,30.7159,0.185896,-0.210347,0.95979
0,0,0.906603,0.151248,0.393948
0,0,0.288253,0.539944,0.790804
0,0,0.140048,-0.24655,0.958958
0,0,0.954933,0.131438,0.266132
0,0,0.865983,-0.180257,0.466455
0,0,-0.254927,-0.961699,0.100735
0,0,-0.38036,-0.918221,0.110435
0,0,0.014896,-0.0470214,0.998783
0,0,-0.358738,-0.506861,0.783836
0,0,0.501908,0.0984608,0.859298
0,0,0.968428,0.244405,0.0491307
0,0,0.0221674,0.873848,0.485694
0,0,0.726077,-0.574988,0.377096
0,0,-0.265474,-0.951139,0.157662
0,0,0.303572,-0.887711,0.346142
0,0,0.762567,-0.645887,0.0363533
0,0,-0.258289,0.965934,0.0160587
0,0,-0.932626,-0.181024,0.312152
23.8147,35.9474,0.164951,-0.441654,0.881892
0,0,-0.91495,-0.0754102,0.39646
0,0,0.172642,-0.561739,0.809101
0,0,-0.871663,-0.350005,0.343075
0,0,-0.593602,0.749666,0.29264
0,0,0.340245,-0.781313,0.523244
0,0,0.654851,0.681752,0.326167
0,0,-0.50301,0.0661415,0.861746
0,0,-0.391547,0.19178,0.899951
0,0,-0.858086,0.487569,0.161138
0,0,-0.216548,0.163869,0.962421
0,0,-0.46015,-0.392211,0.796513
0,0,0.915681,0.32655,0.234292
0,0,-0.0768513,-0.889623,0.450183
0,0,0.732781,-0.490274,0.471872
0,0,0.739976,0.629145,0.237934
0,0,-0.678944,-0.0797584,0.729845
0,0,0.402937,-0.476434,0.781442
0,0,-0.049768,-0.373538,0.926279
0,0,0.0291148,0.298617,0.953929
0,0,-0.543459,0.656447,0.523191
0,0,-0.951515,-0.144207,0.271704
0,0,-0.513126,-0.391228,0.763965
0,0,-0.114578,0.883274,0.454641
0,0,-0.246479,-0.456873,0.854702
0,0,0.563918,-0.448718,0.693288
0,0,-0.77772,-0.20422,0.594513
0,0,-0.723551,0.683662,0.0952874
0,0,0.296869,-0.954564,0.0260074
0,0,-0.246906,-0.0779363,0.9659
0,0,0.59139,-0.773119,0.229228
0,0,0.90109,-0.0155179,0.433355
0,0,0.529769,0.284671,0.798942
0,0,-0.370929,-0.19322,0.908338
0,0,0.310675,0.838389,0.447867
0,0,0.495424,-0.466224,0.732933
0,0,0.581516,-0.279688,0.763946
0,0,-0.0926328,0.995676,0.00699622
0,0,0.210399,0.748068,0.629387
0,0,0.4302,-0.686481,0.586235
0,0,0.967262,-0.0816454,0.240287
0,0,-0.679273,-0.629402,0.377414
0,0,0.516454,0.71389,0.472903
0,0,-0.495686,0.154463,0.854656
0,0,0.716591,-0.67421,0.178713
0,0,-0.621007,-0.457248,0.636611
0,0,0.639819,-0.73664,0.219075
0,0,-0.0446609,-0.493209,0.868764
0,0,0.149081,0.969701,0.193532
0,0,-0.679841,0.0214298,0.733047
0,0,-0.963045,-0.251951,0.0952072
0,0,-0.68099,0.579328,0.447919
0,0,-0.395408,-0.566085,0.723326
0,0,-0.814895,-0.503747,0.28668
0,0,0.450972,-0.613322,0.648429
0,0,-0.660352,0.55169,0.509483
0,0,0.234779,0.96673,0.101548
0,0,0.0462328,-0.659357,0.750407
0,0,-0.92198,-0.134686,0.36306
0,0,0.00487915,-0.969759,0.244015
0,0,-0.759247,-0.581992,0.291253
0,0,-0.181778,0.818136,0.545537
0,0,0.928552,-0.203435,0.310493
0,0,0.218468,-0.974686,0.0475264
24.2799,36.7963,0.0804365,-0.778577,0.622373
0,0,0.568259,-0.803017,0.17957
0,0,0.842196,-0.525484,0.120718
0,0,0.805001,0.4211,0.417909
0,0,0.212336,-0.907338,0.362838
0,0,-0.203592,-0.846316,0.49224
0,0,0.413399,-0.852424,0.320116
0,0,-0.465184,-0.803455,0.37157
0,0,-0.860011,0.478641,0.176872
0,0,-0.34901,-0.59834,0.721236
0,0,-0.714749,-0.639602,0.282918
0,0,-0.971307,-0.232026,0.0522103
0,0,-0.15823,0.0823921,0.983959
0,0,-0.768202,-0.293896,0.568763
0,0,0.538623,-0.0139101,0.842432
0,0,-0.236023,-0.949157,0.208312
0,0,0.208255,0.858504,0.468615
0,0,-0.0852588,0.989088,0.120153
0,0,-0.949195,0.0991134,0.298672
0,0,-0.401146,-0.263025,0.877439
0,0,0.619574,-0.614296,0.48864
0,0,0.326156,0.389751,0.86123
0,0,0.225665,0.869758,0.438858
0,0,-0.576472,0.533269,0.619116
0,0,0.740613,-0.671772,0.0146516
0,0,0.189892,0.594843,0.781091
0,0,0.31318,0.722942,0.615851
0,0,-0.873748,-0.299715,0.38306
0,0,0.199138,-0.465137,0.862549
0,0,-0.443769,-0.261014,0.857287
0,0,0.201579,-0.476647,0.855671
0,0,-0.900344,-0.0221504,0.434616
0,0,0.0947239,-0.475091,0.874823
0,0,0.0881841,0.74899,0.656687
0,0,0.929691,0.17113,0.326175
0,0,-0.675594,0.0540814,0.735288
0,0,0.917697,0.390121,0.0750833
0,0,-0.632533,-0.574012,0.520011
0,0,0.834788,0.495561,0.239894
0,0,0.815385,0.276607,0.508562
0,0,-0.914413,-0.0353064,0.403239
0,0,0.564014,0.711408,0.419269
0,0,0.423787,-0.689693,0.587136
0,0,-0.863138,0.487371,0.132146
0,0,0.0377612,0.460705,0.88675
0,0,0.971232,0.210298,0.111725
0,0,-0.34206,0.905344,0.251689
0,0,-0.445156,-0.764131,0.46684
0,0,0.376662,0.00930494,0.926304
0,0,-0.0867389,0.835479,0.542633
20.9679,30.0189,-0.0473523,0.0805268,0.995627
0,0,-0.196621,-0.345953,0.917418
0,0,0.653619,0.63098,0.417907
0,0,-0.816642,-0.130721,0.562146
0,0,-0.981624,-0.15819,0.106729
0,0,0.178797,-0.0602707,0.982038
0,0,-0.548993,-0.549636,0.629688
0,0,-0.147079,-0.744469,0.651256
0,0,0.802879,0.483188,0.349162
0,0,0.076039,0.8351,0.544818
0,0,0.954678,-0.271997,0.120859
0,0,-0.0655622,-0.498517,0.864397
0,0,-0.412059,0.837297,0.359362
0,0,-0.380244,-0.375582,0.845194
0,0,0.322777,-0.565481,0.758977
0,0,-0.219741,-0.824965,0.520717
0,0,-0.75022,0.29302,0.592714
0,0,0.471264,0.873979,0.118625
0,0,-0.804174,-0.156717,0.573362
0,0,-0.609141,-0.253928,0.751311
0,0,0.791932,0.60188,0.102877
0,0,0.264938,-0.893818,0.361798
15.1062,22.8439,-0.277751,-0.540907,0.793898
0,0,0.335768,-0.805516,0.488266
0,0,0.718335,-0.226386,0.657833
0,0,0.321972,-0.481024,0.815445
0,0,0.2486,0.49985,0.829668
0,0,-0.662846,0.697432,0.272442
5.30585,8.64823,0.0819284,0.0667382,0.994401
0,0,-0.0332395,0.283329,0.958447
0,0,-0.171336,0.916693,0.360996
0,0,-0.693596,-0.709981,0.121868
0,0,0.56371,0.4172,0.712864
0,0,-0.251757,0.322798,0.912371
0,0,-0.292648,-0.826463,0.480953
0,0,-0.158865,-0.486568,0.859077
0,0,0.521978,0.846854,0.101863
0,0,-0.925958,-0.289576,0.242379
0,0,0.774915,0.465481,0.427592
0,0,0.0652498,-0.311072,0.948144
0,0,-0.375561,0.544313,0.750119
0,0,0.0445006,0.937366,0.345491
0,0,-0.031372,0.894702,0.445561
0,0,-0.468955,-0.757693,0.453853
0,0,0.0865375,-0.463051,0.882097
0,0,-0.548218,-0.523912,0.651899
0,0,0.349375,0.888936,0.296194
0,0,0.86424,-0.502387,0.0264091
0,0,0.181747,-0.214851,0.959587
0,0,-0.97867,0.094823,0.182244
0,0,0.851875,-0.233422,0.468852
0,0,0.609703,0.0139239,0.792508
0,0,-0.621909,0.69707,0.356823
0,0,0.194701,0.561783,0.804047
0,0,-0.536046,-0.252649,0.805496
0,0,0.207834,0.312657,0.92685
0,0,-0.789648,-0.612329,0.0388512
0,0,-0.0401867,-0.697471,0.715486
0,0,0.306856,0.83415,0.458294
0,0,-0.248309,0.249641,0.93596
0,0,0.63486,0.607186,0.477784
0,0,-0.951503,0.197553,0.235828
0,0,-0.550742,-0.760951,0.342981
0,0,-0.701433,-0.179389,0.68979
0,0,-0.533146,0.186805,0.825142
0,0,0.750673,0.348868,0.561054
0,0,0.255656,0.929262,0.266668
0,0,-0.677777,-0.138752,0.722057
0,0,0.970527,-0.206542,0.124169
0,0,0.463585,0.752935,0.467096
0,0,0.350882,0.37304,0.858908
0,0,0.235664,0.967513,0.0915504
0,0,-0.780761,0.624811,0.00495745
0,0,0.940852,0.161019,0.298112
0,0,0.148099,-0.983695,0.10203
0,0,-0.459734,-0.0287176,0.887592
0,0,-0.511428,-0.433297,0.742088
0,0,-0.250436,0.690536,0.678559
0,0,0.739338,0.394825,0.545429
0,0,-0.163215,-0.352469,0.921481
0,0,0.337121,-0.289152,0.895958
0,0,-0.186967,0.968043,0.16714
0,0,0.783431,0.545311,0.298115
0,0,0.940295,0.277685,0.196814
0,0,0.847147,-0.317048,0.426408
0,0,-0.015982,-0.734601,0.678311
0,0,0.517294,-0.644974,0.562509
0,0,-0.902866,0.136409,0.407707
0,0,0.646775,0.642086,0.411591
0,0,-0.0544961,0.971356,0.231296
0,0,0.299981,-0.707323,0.640082
21.7727,29.8653,-0.200498,-0.978833,0.0410623
0,0,0.273681,0.958228,0.0830475
0,0,0.136742,-0.457033,0.878876
0,0,-0.687897,-0.37647,0.620538
0,0,0.138745,0.721166,0.678726
0,0,-0.189193,-0.330958,0.924485
0,0,-0.143146,-0.982647,0.11796
0,0,-0.750631,-0.0246635,0.660262
0,0,0.774877,-0.110746,0.622334
0,0,-0.0850638,-0.808267,0.582639
0,0,-0.16395,0.976005,0.143301
0,0,0.637535,-0.510487,0.577021
21.9994,30.5193,-0.75859,0.0418959,0.65022
0,0,-0.6179,-0.371982,0.692697
0,0,-0.613941,0.780033,0.120935
0,0,0.784183,-0.415731,0.460679
0,0,0.0846754,-0.630484,0.77157
0,0,0.0413199,-0.994961,0.0913483
0,0,-0.925492,0.26363,0.271964
0,0,-0.529183,0.738768,0.417357
0,0,0.792586,0.455745,0.405097
0,0,0.000257753,0.456243,0.889855
0,0,0.223261,0.756842,0.614284
0,0,-0.668772,-0.0597447,0.741063
0,0,-0.0929011,0.988012,0.123298
0,0,0.507606,0.85481,0.107869
0,0,-0.131598,0.96807,0.213362
0,0,-0.530896,-0.526025,0.664415
0,0,-0.957735,0.102407,0.268807
0,0,0.199114,-0.793521,0.575046
0,0,0.994274,0.00879607,0.106493
0,0,-0.232928,-0.695629,0.679592
0,0,-0.334998,0.115247,0.935144
0,0,0.689092,0.685068,0.236292
0,0,-0.542105,0.739225,0.399585
0,0,-0.729616,-0.672425,0.124521
0,0,0.639049,0.767036,0.0571979
0,0,0.297611,-0.696757,0.652654
0,0,0.548975,-0.0326576,0.8352
0,0,-0.727058,-0.371784,0.577203
0,0,0.243016,0.584614,0.774061
0,0,-0.0570216,0.350492,0.934828
0,0,0.537953,0.0311016,0.842401
0,0,-0.396053,0.593966,0.700248
0,0,0.492827,-0.479142,0.726323
0,0,-0.258405,-0.358904,0.896892
0,0,0.695694,0.650181,0.305407
0,0,0.712582,0.185434,0.676639
0,0,0.0489215,0.0200378,0.998602
0,0,-0.428306,0.842511,0.326695
0,0,0.996366,-0.0615345,0.0588914
0,0,-0.0557968,0.956294,0.287035
0,0,0.72046,-0.402532,0.564718
0,0,0.900962,-0.347539,0.259776
0,0,0.408953,-0.607226,0.6812
0,0,0.661889,-0.73906,0.125269
0,0,-0.0365478,-0.698898,0.714287
0,0,-0.54937,-0.517809,0.655794
0,0,0.579259,0.766443,0.277533
0,0,-0.941272,-0.068112,0.330708
0,0,0.388999,0.46876,0.79306
0,0,-0.148395,0.902429,0.404475
0,0,0.166229,0.789955,0.590202
0,0,0.658745,-0.113095,0.743818
0,0,-0.0865076,-0.165802,0.982358
0,0,-0.597516,-0.739428,0.310195
0,0,0.861237,-0.316011,0.398005
0,0,0.197176,0.770781,0.60582
0,0,-0.161669,-0.962339,0.218558
0,0,0.875987,0.345266,0.336804
0,0,0.417446,-0.839877,0.346909
0,0,0.830048,0.34205,0.44048
0,0,0.859349,0.0369622,0.510053
0,0,-0.468574,0.643171,0.605614
0,0,-0.0207071,0.43533,0.900033
0,0,0.877679,0.42709,0.217424
0,0,0.907555,0.066154,0.414689
0,0,0.421886,-0.904854,0.057016
0,0,-0.659498,0.524636,0.538349
0,0,-0.358654,0.229477,0.904824
0,0,0.398539,-0.775003,0.490446
0,0,0.438529,0.889729,0.126788
0,0,0.407966,-0.906243,0.110851
0,0,-0.957505,-0.0111837,0.288201
0,0,-0.874571,-0.0618281,0.48094
0,0,-0.113765,0.202403,0.972672
0,0,-0.756629,-0.63811,0.142579
0,0,-0.186506,0.972176,0.141739
0,0,-0.55341,-0.181257,0.812947
0,0,0.28441,0.932716,0.221701
0,0,-0.886591,0.156245,0.435367
0,0,0.903931,0.0702903,0.421862
0,0,-0.500353,-0.601628,0.622647
0,0,0.195501,0.498614,0.84449
0,0,0.424504,-0.8981,0.114947
0,0,-0.232494,0.861029,0.452301
0,0,0.0962344,-0.107375,0.98955
0,0,0.614341,-0.238891,0.752008
0,0,-0.767953,0.287525,0.572343
0,0,-0.132581,-0.835008,0.534026
0,0,-0.193272,-0.658065,0.727734
0,0,0.00299532,0.0630965,0.998003
0,0,0.412615,0.910733,0.0177532
0,0,0.754818,-0.420692,0.503257
0,0,0.962282,-0.2718,0.0117455
0,0,0.154395,-0.689855,0.707292
0,0,-0.244864,-0.12968,0.960846
0,0,0.710182,0.578982,0.400526
0,0,0.556009,0.708447,0.434692
0,0,-0.450459,0.879449,0.153807
0,0,0.00636311,0.975348,0.220582
0,0,0.745779,-0.661692,0.0773192
0,0,0.68269,-0.687031,0.248843
0,0,-0.0255187,-0.969643,0.243192
0,0,0.236793,-0.908918,0.343217
0,0,0.872149,0.489188,0.00719648
0,0,-0.193954,-0.952656,0.234154
0,0,0.881477,-0.292907,0.37041
0,0,-0.0135849,-0.366889,0.930166
0,0,0.464234,0.814736,0.347407
0,0,0.863152,-0.414563,0.28828
0,0,0.703339,0.187432,0.6857
0,0,-0.954963,0.0368081,0.294434
0,0,0.349652,0.641779,0.682542
0,0,0.891161,0.195234,0.409531
0,0,-0.586165,0.692284,0.420897
0,0,-0.0855756,0.927954,0.362738
0,0,0.197844,-0.846604,0.494084
0,0,-0.363196,0.481666,0.79755
0,0,-0.252686,-0.317443,0.913991
0,0,-0.363493,-0.478904,0.799077
0,0,0.20175,-0.565076,0.799991
0,0,0.954183,-0.288769,0.0784021
0,0,-0.712649,0.577078,0.398889
0,0,-0.912594,-0.0578314,0.404755
0,0,-0.527431,-0.50106,0.686116
0,0,-0.68162,-0.592895,0.4288
0,0,-0.964209,0.103548,0.244089
0,0,0.727345,0.0978042,0.679267
0,0,-0.434331,0.854092,0.286152
0,0,-0.341492,0.891582,0.297429
0,0,-0.450273,-0.845595,0.286747
0,0,0.343652,-0.356299,0.868881
0,0,0.969085,0.159231,0.188465
0,0,0.162513,0.910853,0.379389
0,0,0.425855,0.475689,0.769654
0,0,-0.279179,-0.692837,0.664858
0,0,0.0226005,-0.643223,0.765345
0,0,0.560945,0.270845,0.782294
0,0,-0.827837,-0.412056,0.380651
0,0,-0.692775,0.528629,0.490524
0,0,0.612229,0.244662,0.751875
0,0,0.493863,0.25474,0.831389
0,0,-0.164375,0.797408,0.580622
0,0,0.222408,0.960736,0.165894
0,0,-0.777009,-0.475669,0.412305
0,0,0.712252,0.534346,0.45516
0,0,0.271938,0.943964,0.187035
0,0,-0.396202,-0.167455,0.902764
0,0,-0.750406,0.0912669,0.654646
0,0,-0.782984,-0.00169201,0.62204
0,0,-0.834103,0.384454,0.395558
0,0,-0.0794764,0.996422,0.0287381
0,0,0.979672,0.129721,0.153021
0,0,0.256399,-0.966328,0.0216926
0,0,0.291549,0.785522,0.545853
0,0,0.671909,0.702902,0.233382
0,0,-0.182001,0.540608,0.821352
0,0,-0.815346,0.57584,0.0601566
0,0,0.193434,0.187579,0.963015
0,0,-0.963432,-0.261839,0.0569163
0,0,-0.509548,0.487889,0.708749
0,0,0.130281,-0.761484,0.634956
0,0,0.201544,-0.569003,0.797255
0,0,-0.674263,0.579755,0.457443
0,0,-0.940371,0.266966,0.210786
0,0,-0.775141,-0.445151,0.448326
0,0,-0.349533,0.0353981,0.936255
0,0,-0.974815,0.00496505,0.22296
0,0,0.470804,-0.315513,0.82389
0,0,-0.823395,-0.566346,0.0356772
13.4086,20.6611,0.198834,0.272147,0.941489
0,0,0.677288,0.721384,0.14452
0,0,0.974363,-0.0529452,0.218662
0,0,-0.0952966,-0.664384,0.741291
0,0,-0.735916,0.472338,0.485102
0,0,0.533998,0.373522,0.758503
0,0,-0.356542,-0.864714,0.35376
0,0,-0.849178,-0.329427,0.412765
0,0,0.872503,0.0236407,0.488036
0,0,0.00511689,-0.92871,0.370772
0,0,-0.229051,0.940306,0.251716
0,0,0.515042,0.243854,0.821746
0,0,-0.158997,0.356594,0.920631
0,0,0.661472,-0.486772,0.570533
0,0,-0.590816,-0.327974,0.737136
0,0,-0.971848,0.23503,0.016516
0,0,0.826261,-0.467347,0.314451
0,0,-0.717011,0.0825266,0.69216
0,0,0.441352,-0.336473,0.831862
0,0,-0.571221,-0.450499,0.686118
0,0,0.563734,-0.469914,0.679253
0,0,0.20202,0.979227,0.0173758
0,0,-0.150345,0.595674,0.78903
0,0,0.370922,-0.321069,0.871396
0,0,0.942487,0.0962494,0.320084
0,0,0.990529,0.131904,0.0381174
0,0,0.0192028,-0.986076,0.165183
0,0,0.584524,-0.746405,0.318138
0,0,0.841771,-0.524562,0.127502
0,0,0.0895384,0.98657,0.13661
0,0,-0.361274,0.827943,0.428943
0,0,-0.824288,-0.256518,0.504725
0,0,0.375216,-0.526088,0.763181
0,0,0.329981,0.867816,0.371494
0,0,0.889606,0.257406,0.377284
0,0,-0.776648,-0.220395,0.590122
0,0,-0.660932,0.357683,0.65972
0,0,0.900415,0.308657,0.306568
0,0,0.39593,0.77929,0.485742
0,0,-0.999789,0.0195412,0.00635516
0,0,0.0775035,-0.996982,0.00442689
0,0,0.551481,0.67766,0.486463
0,0,0.0615328,-0.89932,0.43294
0,0,-0.912528,-0.120401,0.390892
0,0,0.18189,-0.840163,0.510922
0,0,0.750015,-0.415879,0.514317
0,0,0.748062,0.562022,0.352896
0,0,0.206551,0.930255,0.303254
0,0,-0.654499,0.131668,0.74451
0,0,0.593022,-0.31775,0.739837
0,0,0.452188,-0.529342,0.717861
0,0,0.844564,-0.445652,0.296826
0,0,-0.354679,0.447274,0.821066
0,0,-0.974412,-0.218808,0.0514194
0,0,0.991566,-0.0656404,0.111753
0,0,-0.162905,0.525751,0.834894
0,0,0.689232,0.374238,0.620407
22.3012,33.3409,-0.433981,-0.470272,0.768443
0,0,-0.422825,0.894246,0.146775
0,0,-0.683327,-0.715987,0.142924
0,0,-0.0127885,-0.229468,0.973232
0,0,-0.431682,-0.327691,0.840398
0,0,-0.0585472,0.508163,0.859268
0,0,-0.889383,0.413747,0.194453
0,0,0.778187,-0.554185,0.295472
0,0,-0.466025,0.261534,0.845234
0,0,0.69825,0.25542,0.668736
0,0,-0.692416,0.229048,0.684176
0,0,-0.675783,-0.0228308,0.736747
0,0,-0.303207,-0.819583,0.486157
0,0,0.578055,0.655294,0.486253
0,0,0.735175,-0.521083,0.433579
0,0,0.896936,-0.242939,0.369441
0,0,-0.127836,-0.871905,0.472694
0,0,0.316252,-0.873229,0.37075
0,0,0.949788,0.308483,0.0523592
0,0,-0.56523,0.780983,0.265669
0,0,0.992562,-0.037909,0.115684
0,0,0.0937893,-0.255184,0.962333
0,0,0.834835,0.543378,0.0882636
0,0,0.184558,0.694161,0.695758
0,0,-0.1837,-0.939555,0.288947
0,0,-0.695048,-0.342136,0.632338
0,0,0.647154,-0.761015,0.0452506
0,0,0.203386,-0.512076,0.834513
0,0,-0.617653,-0.132599,0.775192
0,0,0.664697,0.11348,0.738444
0,0,-0.186774,0.646114,0.740035
0,0,-0.882104,-0.210908,0.421201
0,0,0.000175986,0.401632,0.915801
0,0,-0.92173,0.00112052,0.38783
0,0,-0.304827,0.397895,0.865309
0,0,-0.663773,0.728234,0.170529
0,0,-0.297912,0.834437,0.463641
0,0,-0.630191,-0.754734,0.182308
0,0,0.805589,-0.553639,0.210973
0,0,-0.206117,0.81701,0.538526
0,0,-0.582037,-0.741804,0.333106
0,0,0.0202237,0.933114,0.35901
0,0,0.373067,-0.152271,0.915224
0,0,-0.964692,0.122315,0.233257
0,0,0.851416,-0.0989453,0.515073
0,0,-0.265873,0.757755,0.595919
0,0,-0.471395,0.848565,0.240256
0,0,0.550048,-0.213342,0.807424
0,0,0.068889,0.381702,0.921715
0,0,0.839884,0.0770005,0.537276
0,0,-0.385256,-0.00812422,0.922774
0,0,0.418091,0.392505,0.819231
0,0,-0.876362,0.133042,0.462915
0,0,0.432457,0.625657,0.649257
0,0,-0.213909,-0.922271,0.321962
0,0,0.855633,0.0628606,0.513752
0,0,0.899508,0.381435,0.213054
0,0,0.222784,-0.974481,0.0274748
0,0,0.362271,0.930625,0.0519316
0,0,-0.813433,0.562202,0.149183
0,0,0.333888,0.173722,0.926466
0,0,-0.483951,0.705537,0.517697
0,0,0.048604,0.664534,0.745675
0,0,-0.0275451,-0.157082,0.987201
0,0,-0.576224,-0.708385,0.407623
0,0,0.365243,-0.179185,0.913504
0,0,-0.912129,-0.00533371,0.40987
0,0,-0.991239,-0.0940326,0.0927481
0,0,-0.829294,-0.555805,0.0579048
0,0,-0.12972,0.514905,0.847375
0,0,-0.273295,-0.93865,0.210349
0,0,0.04381,0.779867,0.62441
14.2625,19.6985,-0.320518,0.947089,-0.0170277
0,0,-0.297874,0.28407,0.911359
0,0,-0.4677,0.865794,0.177925
0,0,-0.578706,0.462717,0.67156
17.9472,27.1178,0.462383,0.25947,0.847866
0,0,-0.296214,-0.592192,0.749377
0,0,-0.632052,0.586758,0.506187
0,0,0.960325,0.0671781,0.270673
0,0,-0.593494,-0.0960029,0.799092
0,0,0.526001,0.64871,0.549998
0,0,-0.274053,0.502679,0.819883
0,0,0.708277,0.251439,0.659637
0,0,0.790464,-0.11393,0.601819
0,0,0.773622,0.461849,0.433825
0,0,0.197186,0.877428,0.437307
0,0,0.201294,-0.589953,0.781944
0,0,0.888054,0.305634,0.343436
0,0,-0.277055,-0.371144,0.88628
0,0,0.257841,0.79878,0.543571
0,0,0.425147,0.762343,0.487937
0,0,0.571812,-0.0754639,0.816907
0,0,0.603782,-0.709887,0.36264
0,0,0.284273,0.354618,0.89075
0,0,0.131544,0.657172,0.742174
0,0,-0.531126,-0.805994,0.261301
0,0,-0.0514484,0.621501,0.781722
0,0,0.949376,0.149247,0.276425
0,0,0.0378701,0.324945,0.944974
0,0,0.458828,0.6165,0.639848
0,0,-0.337809,0.410929,0.846772
0,0,0.790534,-0.608578,0.0684728
0,0,-0.913285,0.384886,0.133317
0,0,-0.703318,-0.259268,0.661909
0,0,0.228166,0.842249,0.488424
0,0,-0.389675,0.560048,0.731095
0,0,0.820782,0.478693,0.31172
0,0,0.548941,0.755458,0.357698
0,0,0.520925,-0.107873,0.846759
0,0,-0.29907,-0.575186,0.761393
0,0,0.118887,0.992847,0.010986
0,0,-0.417717,-0.520639,0.744612
0,0,0.841312,-0.464689,0.276148
0,0,-0.809513,0.576446,0.111344
0,0,0.618096,-0.473586,0.627434
0,0,0.711816,0.0130385,0.702245
0,0,-0.959422,-0.278781,0.0423209
21.7459,32.8752,0.922643,0.164578,0.348775
0,0,-0.633706,0.400404,0.661886
0,0,-0.344095,-0.545801,0.764002
0,0,0.884234,-0.34861,0.310807
0,0,-0.836443,0.535575,0.116286
0,0,-0.451928,0.370323,0.811555
0,0,0.433405,-0.271817,0.85923
0,0,-0.19494,-0.680652,0.706195
0,0,-0.627873,-0.770991,0.106532
0,0,-0.738296,0.638713,0.216716
0,0,0.814256,0.254917,0.52154
0,0,-0.642068,-0.608539,0.466293
0,0,0.887363,-0.362122,0.285404
0,0,0.174309,0.913777,0.366917
0,0,0.0978398,0.994816,0.0277144
0,0,-0.792284,0.533166,0.296682
0,0,-0.799255,0.379595,0.465938
0,0,-0.496617,-0.572347,0.652526
0,0,-0.943918,0.279738,0.175399
0,0,0.607341,-0.793454,0.0395875
0,0,-0.365605,0.90993,0.195856
18.1822,27.287,-0.218621,-0.109971,-0.969593
0,0,0.417503,-0.850628,0.319567
0,0,-0.841975,0.529663,0.102644
0,0,0.394458,0.797531,0.45645
0,0,-0.585422,0.275325,0.762547
0,0,0.161563,0.699723,0.695906
23.5563,35.2507,0.896292,-0.150004,0.417323
0,0,0.304369,0.948316,0.0897632
0,0,0.560319,0.344273,0.753338
0,0,-0.672771,0.372447,0.639267
0,0,0.0645388,0.912436,0.404098
0,0,-0.418189,-0.707193,0.570084
0,0,0.181851,-0.0549703,0.981788
0,0,-0.471765,0.254702,0.844136
0,0,0.739169,0.0539752,0.671353
0,0,-0.762764,0.646586,0.0108162
0,0,-0.885527,-0.122696,0.448094
0,0,-0.661209,-0.74729,0.0660375
0,0,0.973058,0.00389281,0.230528
0,0,0.206555,-0.977625,0.0398119
0,0,0.171879,-0.888254,0.425985
22.2163,33.1168,0.451183,0.681361,-0.576352
14.6549,19.8565,-0.078266,0.0937576,0.992514
0,0,-0.887146,-0.440063,0.138986
0,0,-0.923425,-0.383368,0.017742
0,0,-0.421976,0.875961,0.233729
0,0,0.302562,0.812072,0.498994
0,0,0.24987,-0.871453,0.42206
0,0,-0.145548,-0.968324,0.202889
0,0,0.882203,0.334547,0.331355
0,0,0.102467,0.993531,0.0489576
0,0,-0.725355,-0.535918,0.432033
0,0,-0.575793,-0.81619,0.0479212
0,0,-0.805152,0.445031,0.392017
0,0,0.675101,0.0250869,0.737299
0,0,-0.497566,-0.497329,0.710698
0,0,0.578869,-0.0769727,0.811779
0,0,0.84064,-0.44025,0.315443
0,0,-0.677874,-0.727165,0.108248
0,0,-0.835954,-0.29542,0.462502
0,0,0.797343,0.406886,0.445744
0,0,0.0948961,-0.604305,0.791082
0,0,-0.332131,-0.83809,0.432775
0,0,0.381001,0.915642,0.128209
0,0,0.574437,-0.155028,0.803734
0,0,0.527053,0.475352,0.704454
0,0,0.105279,0.70946,0.696838
0,0,-0.547975,0.733868,0.401449
0,0,0.716342,0.348372,0.604559
0,0,-0.790313,0.475912,0.385892
0,0,-0.155228,0.957507,0.243072
0,0,0.835824,-0.286035,0.468596
0,0,-0.184248,0.942725,0.27807
0,0,-0.182642,-0.679877,0.710218
0,0,-0.885225,-0.184237,0.427122
0,0,-0.0644798,0.744646,0.664338
0,0,-0.888723,-0.00532417,0.458413
0,0,0.933066,-0.17301,0.315365
0,0,0.675159,0.545858,0.496185
0,0,0.0882082,-0.329802,0.93992
0,0,0.503932,0.842097,0.192157
0,0,0.535042,-0.83121,0.151062
0,0,0.531062,0.784258,0.320799
0,0,-0.481293,-0.789933,0.379951
0,0,-0.249456,-0.592609,0.765889
0,0,-0.865547,0.155229,0.476164
0,0,0.884832,-0.272815,0.377683
0,0,-0.117614,0.823577,0.554876
0,0,-0.751891,0.648391,0.119369
0,0,-0.817915,-0.506929,0.272099
0,0,0.293032,0.7976,0.527225
0,0,-0.798301,0.332356,0.50225
0,0,0.78048,0.550388,0.296521
0,0,0.286311,-0.431926,0.855258
0,0,0.192417,-0.858941,0.474548
0,0,0.210908,-0.381253,0.900091
0,0,0.376387,-0.846009,0.377626
0,0,0.114037,-0.97076,0.211237
0,0,-0.173626,-0.473839,0.863325
0,0,0.113178,0.872675,0.475005
0,0,0.681532,0.0199739,0.731516
0,0,0.626969,0.509263,0.589543
0,0,-0.10825,0.906731,0.407579
0,0,0.873691,0.486481,0.000105983
0,0,0.472699,-0.803652,0.361524
0,0,-0.813966,-0.559983,0.154527
0,0,-0.365029,0.89417,0.259258
0,0,0.530799,-0.834848,0.145879
0,0,0.459917,-0.752191,0.471896
0,0,0.967496,0.207939,0.14392
0,0,-0.997555,-0.00983528,0.0691941
0,0,-0.898098,-0.43537,0.0622351
0,0,-0.0979292,-0.908649,0.405914
0,0,0.38709,0.736225,0.555098
0,0,-0.565753,-0.798135,0.207132
0,0,-0.989148,-0.128042,0.0720476
0,0,0.751433,-0.637173,0.171347
0,0,0.95976,-0.199718,0.197416
0,0,-0.505552,0.0874658,0.858351
0,0,-0.947893,-0.293913,0.122939
0,0,0.0620561,-0.97458,0.215272
0,0,0.619785,-0.189239,0.761613
0,0,0.589588,0.74978,0.300362
0,0,0.788438,-0.526851,0.317481
0,0,-0.113421,-0.984065,0.136935
0,0,0.416227,0.908636,0.0336967
0,0,-0.903114,-0.374694,0.209737
0,0,0.765345,-0.135085,0.629284
0,0,0.184766,0.96966,0.160068
0,0,-0.78646,-0.557214,0.266447
0,0,-0.41506,0.642013,0.644627
0,0,-0.0996733,0.989395,0.105659
0,0,-0.264532,0.789312,0.554085
0,0,0.289826,0.828497,0.47916
0,0,-0.175436,0.0346381,0.983881
0,0,-0.556845,0.361457,0.747845
0,0,0.174793,-0.719678,0.671946
0,0,0.632194,0.224259,0.741646
0,0,-0.815728,-0.486774,0.312473
0,0,-0.846683,-0.452068,0.280647
7.47362,10.6999,0.487815,0.138237,0.861932
0,0,0.327985,-0.940652,0.0871819
0,0,-0.880085,-0.456713,0.129859
0,0,0.297804,-0.58327,0.755717
0,0,-0.752189,-0.176961,0.634742
0,0,-0.155642,-0.0774654,0.984771
0,0,0.546764,-0.335018,0.767341
0,0,-0.475635,-0.879624,0.0057518
0,0,-0.11287,-0.587309,0.801454
0,0,0.321186,0.914588,0.245699
0,0,-0.53377,-0.827904,0.172232
0,0,0.688591,0.601523,0.404984
0,0,-0.966788,0.189864,0.171095
0,0,-0.815779,-0.000699092,0.578364
0,0,-0.560263,-0.776838,0.28745
0,0,0.556238,-0.737799,0.382428
0,0,0.318099,0.94766,0.0274482
0,0,0.455605,-0.881489,0.124102
0,0,0.794751,-0.511758,0.326305
0,0,0.112179,-0.973883,0.197403
0,0,-0.392026,0.91995,0.00281299
0,0,0.690412,-0.0103246,0.723343
0,0,-0.436,0.895569,0.0886576
24.3962,33.0576,0.0822929,-0.41698,-0.905183
0,0,0.467701,-0.456683,0.756767
0,0,-0.33831,-0.101667,0.935527
0,0,0.87933,-0.0706413,0.470944
0,0,-0.0537727,-0.491168,0.869403
0,0,0.329471,0.662064,0.673142
0,0,0.510923,0.571792,0.641881
0,0,0.480184,-0.757567,0.44217
13.3833,18.2291,-0.106884,0.24199,0.964374
0,0,0.535844,-0.83432,0.129545
0,0,-0.644681,0.459894,0.610642
0,0,0.932636,0.00991627,0.360681
0,0,-0.311981,-0.919353,0.239704
0,0,0.753144,-0.171115,0.635212
0,0,0.552708,-0.795517,0.248328
0,0,0.43326,0.780562,0.450565
0,0,0.0911382,-0.826748,0.555142
0,0,0.594446,0.165083,0.787008
0,0,-0.76814,0.640269,0.00416391
0,0,-0.122092,0.318437,0.940049
0,0,0.862752,-0.00190427,0.505624
0,0,-0.914805,-0.0343001,0.402436
0,0,-0.399285,-0.116887,0.909345
0,0,-0.767198,-0.0999768,0.633571
0,0,-0.809285,-0.406328,0.424212
0,0,0.724772,0.434065,0.535064
0,0,-0.0744204,0.706565,0.703724
0,0,0.935342,-0.0464736,0.350679
0,0,0.742135,-0.669737,0.0262158
0,0,-0.531878,0.309405,0.788273
0,0,-0.229104,0.768836,0.596995
0,0,-0.536243,0.832832,0.137239
0,0,0.563956,0.781307,0.267421
0,0,0.373475,0.630543,0.680392
5.37097,8.45222,-0.973724,0.140129,0.179516
23.7351,32.0739,-0.384665,0.362581,0.848863
0,0,0.895088,-0.029861,0.444889
0,0,-0.2036,0.973087,0.107932
0,0,0.591026,0.239547,0.770263
0,0,-0.319743,0.64386,0.695132
0,0,0.99193,-0.00381038,0.126728
0,0,0.212431,0.583611,0.783755
0,0,-0.0539465,-0.869512,0.490957
0,0,0.846911,0.523502,0.0932003
0,0,-0.861521,0.492839,0.122031
0,0,-0.793569,0.187201,0.578968
0,0,-0.500931,-0.027128,0.865062
0,0,0.832596,-0.0385889,0.552535
0,0,0.400367,0.878833,0.259536
0,0,-0.370228,0.883867,0.285849
0,0,-0.0701786,-0.93451,0.34895
0,0,-0.755179,0.290486,0.587642
0,0,-0.323167,-0.811381,0.487057
0,0,0.944976,-0.326998,0.00962949
0,0,0.216714,-0.617464,0.756156
0,0,0.0442065,0.527003,0.848713
0,0,-0.0559533,0.537837,0.84119
0,0,0.759061,0.433661,0.485557
0,0,-0.407485,0.659138,0.632054
21.8687,31.7355,0.546437,0.0320619,0.836886
0,0,-0.542146,0.731912,0.412775
0,0,0.85261,0.339513,0.397224
14.6965,23.1661,0.305255,-0.361777,0.880873
0,0,-0.323961,-0.349142,0.879289
0,0,-0.860442,0.00376156,0.509534
0,0,-0.179392,-0.67292,0.717633
0,0,-0.0431432,0.586727,0.808635
0,0,-0.633793,0.0158404,0.77334
0,0,0.166088,0.528388,0.832599
0,0,-0.730367,0.0478796,0.681375
0,0,0.506125,-0.312557,0.803832
0,0,0.373766,0.262399,0.889632
0,0,-0.37533,-0.742044,0.555426
0,0,0.432975,-0.707146,0.558997
0,0,-0.00265561,0.596423,0.802666
0,0,-0.932104,0.360197,0.0379422
0,0,-0.107413,0.643938,0.7575
0.0283601,0.0519162,-0.463108,-0.253378,0.849312
0,0,-0.255716,-0.212546,0.943098
0,0,0.656237,-0.0280963,0.754031
0,0,0.64685,0.760701,0.0540253
0,0,-0.206389,-0.394774,0.895297
0,0,-0.472124,-0.15514,0.867773
0,0,0.728856,-0.657581,0.190673
0,0,-0.0816772,-0.861674,0.500846
0,0,0.356867,0.840464,0.407759
0,0,0.72085,-0.660428,0.210261
0,0,-0.946283,-0.172097,0.273737
0,0,0.442304,-0.865974,0.233358
0,0,-0.424262,-0.756278,0.498042
0,0,0.843516,0.535204,0.0451429
0,0,-0.74881,-0.650892,0.124989
0,0,0.432358,0.720837,0.54172
0,0,0.612631,-0.310112,0.726989
0,0,0.0844469,0.85632,0.509494
0,0,-0.834141,-0.413847,0.36461
0,0,0.0652027,-0.606653,0.792288
0,0,-0.386888,0.543239,0.745124
0,0,-0.212647,0.872196,0.440518
0,0,0.61934,0.449565,0.643669
0,0,0.612307,0.547574,0.570301
0,0,0.509241,-0.0389266,0.859743
0,0,0.522697,0.802815,0.286838
0,0,-0.228915,-0.190994,0.954526
0,0,-0.719768,-0.515778,0.464658
0,0,0.74633,0.388836,0.540183
0,0,-0.779739,0.21377,0.58848
0,0,-0.91359,-0.00163764,0.406634
0,0,0.435037,0.731661,0.524799
0,0,-0.0908715,0.816355,0.570357
0,0,-0.415362,-0.815351,0.403333
0,0,0.113458,0.391041,0.913353
19.2213,27.2887,0.446862,0.212242,0.869062
0,0,-0.464118,-0.510217,0.724067
0,0,-0.601737,-0.165569,0.781345
0,0,0.84976,0.2287,0.474979
0,0,0.964792,0.129245,0.229068
0,0,0.828423,0.34098,0.444351
0,0,-0.831612,0.39337,0.392022
0,0,0.619259,0.784845,0.0231832
0,0,-0.942411,-0.276188,0.18863
0,0,0.432285,-0.260621,0.863253
0,0,-0.738592,-0.6573,0.149798
0,0,0.11078,-0.675419,0.729065
0,0,-0.987891,0.0364324,0.150812
0,0,0.312279,-0.947375,0.0704406
0,0,0.882182,0.427045,0.198463
0,0,-0.424735,-0.0549156,0.903651
0,0,-0.0902319,-0.970132,0.225171
0,0,-0.507309,0.785244,0.355007
0,0,-0.825265,-0.460379,0.327092
0,0,0.898008,-0.358345,0.255285
0,0,0.645696,-0.350412,0.678445
0,0,-0.608741,-0.228033,0.759892
0,0,-0.416257,-0.875404,0.24576
0,0,-0.712558,0.136538,0.688199
0,0,0.221933,0.154513,0.962742
0,0,0.202343,-0.105742,0.973589
0,0,0.85029,0.447154,0.277596
0,0,0.836285,-0.185074,0.516114
0,0,0.135197,0.872262,0.46998
17.4217,24.945,0.686177,-0.245323,-0.68482
0,0,-0.373129,0.137643,0.917513
0,0,0.629054,0.268908,0.729369
0,0,-0.543283,-0.750403,0.376483
0,0,-0.981317,-0.071898,0.178457
0,0,-0.696515,0.5295,0.484249
0,0,0.429623,0.462033,0.775854
0,0,0.782499,-0.561396,0.269314
0,0,0.855901,0.0975694,0.507852
0,0,-0.175699,0.976216,0.127015
0,0,-0.412001,0.840205,0.352576
0,0,0.939044,0.234827,0.251105
0,0,-0.568952,0.506283,0.648052
0,0,0.193269,-0.963961,0.182827
0,0,-0.879348,-0.0168967,0.47588
0,0,-0.471782,0.63034,0.616517
0,0,-0.726388,-0.680196,0.0984619
0,0,-0.972766,0.230884,0.0204847
0,0,0.369086,0.898721,0.236805
0,0,-0.226454,-0.539115,0.811217
0,0,0.320428,-0.849411,0.419317
0,0,-0.653865,-0.290114,0.698781
0,0,0.543007,0.293713,0.786687
0,0,0.0431441,-0.197765,0.979299
0,0,0.46436,0.566159,0.681053
0,0,-0.844702,-0.304562,0.440138
0,0,-0.421472,-0.87686,0.231251
0,0,0.891081,0.403187,0.208365
0,0,0.169267,-0.806854,0.565981
0,0,-0.0225571,0.97706,0.211768
11.8784,16.7677,-0.361767,0.925793,0.109688
0,0,-0.608413,-0.00884373,0.793571
8.18504,11.8163,0.130032,-0.0930849,0.987131
0,0,-0.808977,-0.473028,0.348999
0,0,-0.841014,0.18248,0.509309
2.63853,3.96065,-0.0714081,-0.425677,0.902053
0,0,-0.156048,0.265013,0.951534
0,0,-0.834729,0.518879,0.184372
0,0,0.346485,-0.933232,0.0950039
0,0,0.817166,0.361147,0.449236
0,0,0.202923,0.93722,0.283622
0,0,-0.485019,-0.284959,0.826774
0,0,-0.086243,-0.504538,0.859071
0,0,-0.541884,-0.72921,0.417868
0,0,-0.814734,-0.490745,0.308834
0,0,-0.277143,-0.960115,0.0370359
0,0,0.414117,-0.532035,0.738544
0,0,0.510047,0.580502,0.63472
0,0,0.534427,-0.342773,0.772589
0,0,-0.504047,0.0568363,0.861804
0,0,0.182083,0.597732,0.780745
0,0,0.496706,-0.767202,0.405813
0,0,0.846861,-0.0458531,0.529833
0,0,0.204475,-0.593853,0.778157
0,0,0.403742,-0.914734,0.0159076
0,0,0.681363,-0.718744,0.13839
0,0,0.0169237,-0.247742,0.968678
0,0,0.161143,-0.893523,0.419106
0,0,-0.356346,-0.775395,0.521326
0,0,-0.253487,-0.961646,0.104795
0,0,0.241693,0.284677,0.927655
0,0,-0.902752,-0.326741,0.279784
0,0,0.801654,0.25936,0.538593
0,0,0.623257,-0.761875,0.176346
0,0,0.762087,0.383235,0.521877
0,0,0.426395,-0.796535,0.428625
0,0,0.879955,0.23797,0.411157
0,0,-0.507567,-0.300333,0.807574
0,0,-0.780501,0.51362,0.356387
0,0,0.452159,-0.727565,0.515947
0,0,-0.344669,-0.906103,0.245319
0,0,0.340222,-0.523923,0.780867
0,0,0.549506,-0.348379,0.759391
0,0,-0.695815,0.605641,0.386056
0,0,0.480128,0.823093,0.303308
0,0,-0.657951,-0.372048,0.654737
0,0,-0.272799,-0.265816,0.92462
0,0,0.0755506,-0.608318,0.790089
0,0,0.67163,0.709214,0.21431
0,0,-0.657599,0.660158,0.362981
0,0,0.059986,-0.361421,0.930471
0,0,0.454165,-0.0149215,0.890793
0,0,0.963631,0.0486655,0.262769
0,0,-0.756631,-0.641289,0.127508
0,0,0.0610435,-0.246321,0.967264
0,0,-0.0721685,0.880305,0.468887
0,0,0.959262,0.247269,0.136655
0,0,-0.655974,0.129903,0.743521
0,0,-0.738607,0.250146,0.626008
0,0,0.276825,0.946452,0.166123
0,0,-0.017747,-0.795509,0.605681
0,0,0.426063,-0.0195271,0.904483
0,0,-0.00768405,0.556538,0.830786
0,0,-0.367825,0.929136,0.0375482
0,0,-0.466507,-0.353141,0.810964
0,0,-0.788406,-0.451565,0.417738
0,0,0.506174,0.726816,0.464248
0,0,-0.355578,-0.891334,0.281226
0,0,0.246369,0.965741,0.0815277
0,0,-0.927918,0.268736,0.258357
0,0,0.65606,-0.155012,0.738618
0,0,0.719975,0.487432,0.49401
0,0,0.678113,0.297698,0.671966
0,0,-0.401081,-0.353814,0.844955
0,0,-0.56851,0.627359,0.532181
0,0,-0.81512,0.568717,0.110182
0,0,-0.502515,0.832865,0.231981
0,0,0.0956486,-0.868972,0.485529
0,0,-0.0600116,-0.997294,0.0424591
0,0,-0.41179,0.866746,0.281391
0,0,0.22034,0.538923,0.813027
0,0,-0.683154,0.538075,0.493737
0,0,-0.695901,-0.571975,0.434241
0,0,0.435656,0.895555,0.0904691
0,0,-0.231647,-0.562318,0.793812
0,0,-0.606416,-0.747012,0.272455
0,0,-0.140246,-0.981288,0.131929
0,0,-0.948349,-0.253023,0.191345
0,0,0.785115,0.507093,0.355599
0,0,-0.67087,0.472639,0.571442
0,0,0.971426,0.0712891,0.226385
0,0,-0.558679,0.113595,0.821568
0,0,-0.667117,0.737465,0.105354
0,0,0.556117,0.792443,0.250536
0,0,-0.41489,-0.857928,0.303026
0,0,0.994627,-0.0157989,0.102312
15.2731,21.065,-0.903692,-0.390812,-0.17495
0,0,-0.333233,-0.532806,0.777865
0,0,0.0111751,0.388302,0.921464
0,0,0.956673,-0.228217,0.180812
0,0,-0.605911,0.751973,0.25963
0,0,0.706808,-0.664716,0.242024
0,0,-0.448819,-0.755381,0.477453
0,0,-0.600735,-0.76697,0.225554
17.1692,24.6183,-0.251964,0.0908232,0.963465
0,0,-0.868306,-0.467053,0.167052
0,0,-0.265227,0.950535,0.161674
17.4608,26.5074,0.2368,0.763976,0.600221
0,0,0.904857,-0.41254,0.105094
0,0,0.764019,-0.505958,0.400353
0,0,0.039135,0.0370637,0.998546
0,0,0.229423,-0.532441,0.814783
0,0,0.103503,-0.568587,0.816086
0,0,0.299288,-0.922147,0.245095
22.1774,33.7986,0.876966,-0.336994,0.342585
0,0,-0.252542,-0.737699,0.626118
0,0,0.838747,0.375956,0.393905
0,0,0.477592,-0.328089,0.815024
0,0,0.711361,0.193945,0.675537
0,0,0.359129,0.214759,0.908243
0,0,0.762526,-0.637847,0.10819
0,0,0.154515,0.483475,0.861613
0,0,0.0442736,-0.823297,0.565881
0,0,-0.924267,0.0639834,0.376347
0,0,0.144745,-0.634432,0.759305
0,0,-0.805854,-0.306178,0.506808
0,0,-0.0681936,0.861259,0.50357
0,0,-0.580057,0.814172,0.025666
0,0,-0.894936,0.445637,0.0222889
0,0,-0.743048,-0.300111,0.598174
0,0,0.929147,-0.36964,0.00729523
0,0,-0.918811,-0.22053,0.327342
0,0,-0.290468,0.269974,0.91801
0,0,-0.101809,0.994086,0.037779
0,0,0.760021,-0.109093,0.640677
0,0,0.939141,-0.0573462,0.338712
0,0,-0.921938,-0.273703,0.274074
0,0,0.383854,0.7192,0.579143
0,0,0.559021,-0.285995,0.778269
0,0,0.595955,-0.31369,0.739213
0,0,-0.648408,-0.570295,0.504312
0,0,-0.199804,-0.194805,0.960276
0,0,0.612875,-0.245176,0.751181
0,0,-0.480553,0.865067,0.143973
0,0,-0.578051,-0.320677,0.750348
0,0,-0.552904,-0.359198,0.751847
0,0,-0.468255,-0.732608,0.493987
0,0,-0.254377,-0.966806,0.0240718
0,0,-0.728049,0.67367,0.126937
0,0,-0.455805,0.0841827,0.88609
0,0,-0.273326,-0.393821,0.877609
0,0,-0.73673,0.605474,0.301048
0,0,0.101698,-0.939108,0.328229
0,0,-0.41188,-0.911218,0.00601453
0,0,0.276965,0.945534,0.171043
0,0,-0.133395,0.93061,0.340839
0,0,-0.246024,-0.302365,0.920895
0,0,-0.352764,-0.746298,0.564445
0,0,0.341454,-0.534872,0.772866
0,0,-0.826749,0.462859,0.319762
0,0,0.237655,0.296276,0.925063
0,0,-0.776784,-0.603856,0.178788
0,0,-0.915477,-0.307194,0.259873
0,0,0.847259,0.440788,0.296408
0,0,-0.424374,0.664602,0.614989
0,0,0.191788,0.422001,0.886077
0,0,0.471421,0.257818,0.843382
0,0,-0.391518,-0.19548,0.899167
0,0,0.77917,-0.578758,0.240694
0,0,0.536935,-0.819159,0.20169
0,0,0.232208,0.652104,0.721693
0,0,-0.728445,0.133692,0.671933
0,0,-0.121306,0.901778,0.414827
0,0,0.31677,-0.343168,0.884247
0,0,-0.869602,-0.419472,0.260453
0,0,-0.0853957,0.0344176,0.995752
0,0,-0.910732,-0.244008,0.333208
0,0,-0.0135779,0.974591,0.22358
0,0,0.619984,-0.480531,0.62025
0,0,0.527885,-0.0411115,0.84832
0,0,0.80801,-0.247714,0.534563
0,0,0.476861,0.644351,0.597842
0,0,-0.340489,-0.913275,0.223599
0,0,0.826168,-0.482317,0.291233
0,0,-0.381984,0.902426,0.199286
0,0,0.0575153,-0.19258,0.979594
0,0,0.609107,-0.546369,0.574865
0,0,0.892944,-0.422521,0.155328
0,0,0.729554,-0.215348,0.649135
0,0,-0.611501,0.159648,0.77497
0,0,0.953283,0.112663,0.280282
0,0,-0.938983,-0.0222375,0.343243
0,0,-0.490678,-0.205538,0.846752
0,0,-0.879905,-0.0833763,0.467777
0,0,0.541348,0.727384,0.421729
0,0,0.0667005,0.975392,0.210147
0,0,0.512224,0.290947,0.80807
0,0,-0.36485,0.85704,0.363822
0,0,-0.795219,0.12759,0.592746
0,0,-0.837577,0.542659,0.0631326
0,0,0.135245,-0.360867,0.922759
0,0,-0.842979,0.537861,0.00960182
0,0,-0.827624,0.180234,0.531558
0,0,-0.875572,-0.0192308,0.482704
0,0,0.124464,0.931691,0.341263
0,0,-0.744232,-0.302931,0.595274
0,0,0.202395,0.796094,0.570325
0,0,-0.570511,0.711312,0.410552
0,0,-0.03508,-0.547219,0.836254
0,0,0.0931789,0.698495,0.709523
0,0,-0.955363,0.264691,0.131226
0,0,0.149602,-0.706519,0.691701
0,0,0.399663,-0.734988,0.54778
0,0,0.456052,-0.716528,0.527829
0,0,-0.288948,0.859057,0.422528
0,0,0.80196,0.468821,0.370226
0,0,-0.265115,0.952907,0.147248
0,0,-0.955203,0.250776,0.157156
0,0,-0.440401,-0.222468,0.869802
0,0,0.242316,0.537371,0.807784
0,0,-0.516277,-0.847623,0.122447
0,0,-0.497864,-0.674645,0.544964
0,0,-0.491326,-0.0533113,0.869343
0,0,-0.631119,-0.274002,0.72568
0,0,-0.499297,0.8106,0.305991
0,0,-0.232328,0.500975,0.833695
0,0,0.599266,-0.35611,0.716984
0,0,0.479451,-0.11953,0.86939
0,0,-0.543745,-0.836503,0.0678513
0,0,0.85993,-0.319435,0.398099
21.1299,32.9499,-0.702668,-0.18154,0.687969
0,0,-0.963004,-0.129725,0.236211
0,0,0.682661,0.340579,0.646513
0,0,-0.693134,0.139218,0.707236
0,0,-0.213836,-0.936008,0.279577
0,0,-0.809071,-0.153238,0.567382
0,0,-0.475935,-0.567819,0.671615
0,0,-0.952112,0.297225,0.0716881
0,0,-0.631588,0.617376,0.468982
0,0,0.252412,0.780758,0.571582
0,0,0.880362,0.274723,0.386639
0,0,0.721682,-0.691709,0.0267355
0,0,0.215454,-0.944399,0.248377
0,0,-0.187639,-0.559937,0.807008
0,0,0.438174,0.790594,0.427744
0,0,0.270735,-0.342339,0.899726
0,0,0.0496294,-0.579475,0.813477
0,0,-0.657014,-0.354169,0.665506
0,0,0.643389,-0.349822,0.680937
0,0,-0.677926,-0.026212,0.734662
0,0,0.971726,0.106926,0.210513
0,0,-0.551985,0.786924,0.275795
0,0,-0.814952,-0.560305,0.148023
0,0,-0.283862,-0.112972,0.952187
0,0,0.773617,-0.631729,0.0493488
0,0,-0.767417,-0.63977,0.0420222
0,0,-0.0180026,-0.0434478,0.998893
0,0,-0.592258,0.706937,0.386614
0,0,0.917818,-0.0909526,0.386442
0,0,-0.130614,-0.637941,0.758928
0,0,0.84085,0.445795,0.306982
0,0,0.199714,-0.198227,0.959594
0,0,0.135365,0.988994,0.059723
0,0,0.476552,0.550054,0.685812
0,0,-0.951756,0.139254,0.27344
0,0,0.706379,0.0883252,0.702301
0,0,-0.512198,-0.0516264,0.857315
0,0,0.277565,0.944565,0.17537
0,0,0.0470037,0.427493,0.902796
0,0,-0.360617,0.920002,0.153463
0,0,-0.725056,-0.351273,0.592368
0,0,-0.602179,-0.758556,0.248945
0,0,0.100718,-0.554798,0.825866
18.099,27.2948,-0.457582,0.0109192,0.8891
0,0,0.335633,0.898747,0.282141
0,0,0.776793,-0.560926,0.286276
0,0,-0.224369,0.686691,0.691458
0,0,0.959015,0.124081,0.254745
0,0,0.937456,0.0705681,0.340875
0,0,-0.786894,0.586635,0.191458
0,0,-0.320827,-0.631154,0.706197
0,0,0.546469,0.834493,0.0706643
0,0,-0.017219,-0.993004,0.116822
0,0,-0.62718,0.413598,0.659987
0,0,0.496944,0.347268,0.795268
0,0,0.0226564,-0.904406,0.426072
0,0,0.454009,0.890951,0.00909556
0,0,-0.444135,0.715644,0.539071
0,0,-0.867388,-0.226661,0.443016
0,0,-0.490685,-0.759726,0.426667
0,0,0.1556,0.204825,0.966352
0,0,0.151557,0.988384,0.0113153
0,0,-0.124151,0.926859,0.354286
0,0,0.589792,-0.806129,0.0479756
0,0,0.858732,-0.490981,0.146685
0,0,-0.733732,-0.568668,0.371825
0,0,-0.943715,0.279526,0.176823
0,0,-0.506984,0.7931,0.33758
0,0,-0.426353,-0.84352,0.326645
0,0,0.948926,-0.219733,0.226399
0,0,-0.00932875,0.693782,0.720124
0,0,0.912855,-0.0553468,0.404515
0,0,0.747733,0.644673,0.159036
0,0,0.96236,0.115392,0.246065
0,0,0.418297,-0.00680013,0.908285
0,0,0.331649,0.455449,0.826181
0,0,-0.90416,-0.165263,0.393933
0,0,-0.161096,0.590288,0.790954
0,0,-0.533503,0.845687,0.0137335
0,0,0.643779,-0.761903,0.0710828
0,0,-0.681734,-0.723334,0.109666
0,0,-0.00273928,-0.973397,0.229107
20.0056,27.8111,0.137974,-0.108013,0.984528
0,0,0.420826,0.44414,0.790977
0,0,-0.225547,-0.596372,0.77037
0,0,-0.0518887,0.551237,0.832734
0,0,0.416078,0.895254,0.159374
0,0,0.0408766,-0.854763,0.517407
0,0,-0.129745,-0.715156,0.686818
0,0,0.684249,-0.727902,0.0442908
0,0,0.793687,0.601925,0.0880182
0,0,0.719752,0.170945,0.672856
0,0,0.418935,-0.578744,0.699678
19.7143,28.4901,-0.218436,0.886672,-0.407551
0,0,-0.70437,-0.654275,0.275293
0,0,-0.952044,0.304875,0.0257544
0,0,-0.704105,0.416458,0.57515
0,0,-0.949257,-0.217437,0.227229
0,0,-0.947065,-0.15127,0.28317
0,0,-0.706201,-0.557446,0.436502
0,0,0.318258,0.872505,0.370739
0,0,-0.139815,0.718134,0.681715
0,0,-0.199658,0.186877,0.96188
20.3436,31.9059,-0.384898,-0.275506,-0.88088
0,0,0.9444,0.29718,0.140686
0,0,-0.416616,-0.628131,0.657178
0,0,-0.268519,-0.44901,0.852225
0,0,0.228044,-0.970473,0.0786013
0,0,-0.601308,0.454533,0.657137
0,0,0.421014,-0.548998,0.722045
0,0,-0.364367,-0.876235,0.315355
0,0,-0.506334,-0.780911,0.365793
0,0,0.791645,-0.368533,0.487322
17.6514,24.6141,-0.0499509,-0.183706,0.981711
0,0,0.634212,0.757928,0.152708
0,0,-0.636881,-0.651408,0.412373
0,0,-0.936833,-0.349304,0.0181844
0,0,-0.492516,-0.46384,0.736397
0,0,-0.674258,-0.488944,0.553453
0,0,-0.75923,0.0867962,0.645008
0,0,-0.673152,0.0107651,0.739426
0,0,-0.459408,-0.701218,0.545195
0,0,0.797252,-0.336852,0.500919
0,0,0.142862,0.463876,0.874305
0,0,-0.924958,0.00708973,0.380004
0,0,-0.737685,-0.572505,0.357853
0,0,0.679041,0.605273,0.415388
0,0,0.864454,0.227127,0.448479
0,0,0.0421742,-0.966124,0.254607
0,0,-0.874735,0.0776558,0.478339
0,0,-0.616676,-0.538275,0.574431
0,0,-0.283968,0.333282,0.899047
0,0,0.71468,-0.312322,0.62585
0,0,-0.0707253,0.90075,0.428542
0,0,-0.652259,-0.749002,0.116419
0,0,0.414627,-0.903744,0.106446
0,0,0.568243,0.808561,0.152737
0,0,-0.94512,0.209731,0.250522
0,0,-0.129591,0.987438,0.0904002
0,0,-0.212535,0.793954,0.569619
0,0,-0.591119,0.529265,0.608651
0,0,-0.683463,-0.468539,0.559776
0,0,-0.457606,0.111238,0.88217
0,0,0.549447,0.833687,0.0554459
0,0,-0.252386,0.66167,0.706041
0,0,0.601497,0.38778,0.698447
0,0,-0.63858,-0.319274,0.7002
0,0,0.344355,0.714431,0.609105
0,0,-0.209054,0.805812,0.554043
0,0,0.958667,-0.175195,0.224197
0,0,-0.616354,-0.614137,0.492892
0,0,-0.486123,-0.865217,0.12282
0,0,0.296814,-0.908256,0.294911
0,0,-0.116208,0.858634,0.499243
0,0,0.0693931,-0.930759,0.358988
0,0,0.462423,-0.592467,0.659658
0,0,-0.936174,0.31683,0.152308
0,0,-0.0777234,-0.980031,0.183024
0,0,0.954196,0.284713,0.0919129
0,0,0.442061,0.622009,0.646287
0,0,-0.606963,0.709978,0.35711
0,0,0.570108,0.617118,0.54235
0,0,0.0492656,-0.4531,0.890097
0,0,0.197138,0.571188,0.796794
0,0,0.971691,-0.164404,0.169672
0,0,0.934365,0.216481,0.283016
0,0,-0.0644669,-0.474949,0.877649
0,0,0.952755,0.081926,0.292483
0,0,0.841249,0.270349,0.4682
0,0,0.0562239,0.964063,0.259657
0,0,-0.200842,-0.914722,0.350637
0,0,0.875256,-0.432024,0.217445
0,0,0.0840128,0.707246,0.701958
0,0,-0.527391,-0.299876,0.794942
0,0,-0.566635,-0.463339,0.681353
0,0,0.684653,0.725289,0.0721499
0,0,0.982898,0.134853,0.125402
0,0,0.737544,-0.593565,0.322039
0,0,-0.298964,-0.877028,0.376088
0,0,0.947625,-0.30389,0.0982717
0,0,-0.219273,0.122388,0.967957
0,0,0.501291,0.847793,0.173074
0,0,0.256224,-0.310274,0.915467
0,0,0.277781,0.339647,0.898598
0,0,0.890993,0.347615,0.292054
0,0,0.710219,-0.378999,0.593252
0,0,0.268873,0.573309,0.773967
0,0,0.619969,-0.767594,0.162596
0,0,0.806403,0.0197088,0.591037
0,0,-0.527698,0.0751895,0.846098
0,0,-0.762665,0.204271,0.61369
0,0,-0.111595,-0.977566,0.178636
0,0,0.301049,0.662874,0.685541
0,0,-0.352364,-0.82382,0.444028
0,0,-0.326679,-0.468553,0.820816
0,0,-0.287523,-0.1338,0.948382
0,0,0.193525,-0.963634,0.184278
0,0,0.522989,0.800145,0.293683
0,0,0.614274,0.752493,0.237533
0,0,-0.932683,-0.0235513,0.359927
0,0,0.806074,-0.119267,0.579672
0,0,-0.192795,0.90449,0.380431
0,0,0.708502,-0.693749,0.129372
0,0,0.847265,-0.452827,0.277652
0,0,-0.480042,0.770283,0.419791
6.27146,9.26004,0.248209,0.0103551,0.968651
0,0,-0.094347,-0.93287,0.347639
0,0,-0.330889,-0.654612,0.679702
0,0,-0.675227,0.446422,0.587176
0,0,0.626524,-0.645409,0.436938
0,0,-0.814538,-0.389277,0.430107
0,0,-0.135009,0.711127,0.689979
0,0,0.0287612,-0.599061,0.800187
0,0,0.767747,-0.597732,0.230827
0,0,0.347677,-0.730099,0.588283
1.03017,1.6669,0.994122,0.106007,-0.0220094
0,0,0.437451,-0.874197,0.210752
0,0,-0.992142,0.119687,0.0364578
0,0,-0.3768,-0.276157,0.884172
0,0,-0.550312,0.426222,0.717977
0,0,-0.0366441,0.96297,0.267106
0,0,-0.681437,0.638961,0.356893
0,0,0.984614,-0.131179,0.115448
0,0,-0.693037,0.355859,0.626949
0,0,0.993445,-0.0427531,0.106013
0,0,-0.0951374,-0.509293,0.855318
0,0,0.999752,0.0165533,0.0149118
0,0,0.91006,-0.398786,0.112957
0,0,0.424097,0.0464058,0.904427
0,0,0.423496,-0.885215,0.192474
0,0,0.874293,-0.482273,0.0549931
0,0,0.285258,-0.949597,0.129976
0,0,0.519318,-0.758814,0.393077
0,0,0.417496,-0.888486,0.190501
0,0,0.873275,0.486919,0.0173216
0,0,-0.220955,-0.612982,0.758572
0,0,0.534925,0.834243,0.133766
0,0,-0.965388,0.184787,0.184065
0,0,0.149098,-0.688429,0.709813
0,0,-0.330461,-0.895465,0.298223
0,0,-0.495472,0.613341,0.615077
0,0,0.406851,0.838473,0.362539
0,0,-0.154606,-0.987416,0.0332738
0,0,0.576168,0.63322,0.516782
0,0,0.962427,-0.176809,0.206089
0,0,0.788504,0.583342,0.194868
0,0,0.941909,0.335529,0.0151091
0,0,0.305908,0.312775,0.899217
0,0,-0.920864,0.382958,0.0731628
0,0,0.666023,0.00644988,0.745903
0,0,-0.90422,0.248008,0.347674
0,0,-0.146216,0.613769,0.775828
2.45569,2.79393,0.51544,0.839164,0.173565
0,0,-0.0374105,0.759051,0.649955
0,0,-0.728568,-0.624945,0.280415
0,0,-0.333337,-0.908842,0.250785
0,0,-0.156007,-0.837077,0.52437
0,0,-0.00265615,-0.28939,0.957208
0,0,0.143768,-0.867072,0.476987
0,0,0.728979,0.472979,0.494853
0,0,0.728213,-0.603181,0.325388
0,0,0.425441,0.144004,0.893456
0,0,0.0768486,-0.8761,0.475966
0,0,-0.815637,-0.276458,0.50824
0,0,0.935264,0.347262,0.0684928
0,0,-0.249634,-0.929382,0.271904
0,0,-0.946539,0.319269,0.0461722
0,0,-0.336027,-0.387236,0.858565
0,0,0.651718,0.757593,0.0362886
0,0,-0.266585,0.216317,0.939223
0,0,-0.171688,0.985134,0.00580299
0,0,-0.653171,0.730602,0.198968
0,0,0.43364,0.0529916,0.899527
0,0,0.895179,-0.444081,0.0380464
0,0,0.599752,-0.699468,0.388642
0,0,-0.893472,0.0153634,0.448857
0,0,0.0501637,0.724348,0.687607
0,0,-0.277885,0.403536,0.871744
0,0,-0.262947,0.907618,0.327243
0,0,-0.439207,0.635252,0.635258
0,0,-0.287696,0.895373,0.339909
0,0,0.367517,0.0378026,0.929248
0,0,-0.690875,0.312964,0.651725
0,0,0.325382,-0.653766,0.683166
0,0,0.927766,-0.28291,0.243335
0,0,0.772986,0.148623,0.616769
0,0,0.619344,-0.328843,0.712934
0,0,-0.400439,-0.797184,0.451825
0,0,0.864923,-0.501614,0.0170454
0,0,-0.746321,-0.129473,0.652872
0,0,0.262239,0.262865,0.928511
0,0,0.951452,-0.268942,0.149699
0,0,0.817216,-0.504469,0.27869
0,0,-0.377602,-0.909591,0.17338
0,0,0.518355,0.033316,0.854516
0,0,-0.00785288,-0.705726,0.708441
0,0,-0.596465,0.654555,0.464529
0,0,0.0430633,-0.959562,0.278184
0,0,0.175792,-0.920412,0.349197
0,0,0.395721,-0.716925,0.573954
0,0,0.79725,-0.233991,0.556453
0,0,0.240018,0.578313,0.779708
0,0,0.557549,0.498751,0.663616
0,0,-0.369673,-0.218307,0.903152
0,0,-0.128654,0.892029,0.433281
0,0,-0.563465,-0.113255,0.81834
0,0,0.159498,-0.54264,0.824683
0,0,0.687664,0.411839,0.597919
7.16358,10.7101,0.39286,-0.261081,0.881758
0,0,-0.875147,-0.337531,0.346685
0,0,0.290471,-0.591397,0.752247
0,0,-0.0410101,0.65205,0.757066
0,0,0.689305,-0.112877,0.715624
0,0,-0.232576,-0.78765,0.57054
0,0,0.765809,-0.626921,0.143202
0,0,0.106928,0.364298,0.925124
0,0,0.512837,0.316363,0.798068
0,0,0.0678206,0.472473,0.878732
0,0,0.862909,-0.491052,0.119394
0,0,0.774994,-0.509308,0.374152
0,0,-0.303807,-0.620968,0.722565
0,0,-0.202924,0.293488,0.934177
0,0,-0.355304,0.849822,0.389309
0,0,0.432796,0.897586,0.0838316
0,0,0.603642,0.796728,0.0289905
0,0,-0.160688,0.96935,0.185849
0,0,0.0337502,-0.970928,0.236979
0,0,-0.940141,0.286968,0.183807
0,0,0.780562,-0.519947,0.346955
0,0,-0.864485,-0.466102,0.188189
0,0,0.685418,-0.726155,0.0538574
0,0,-0.729541,-0.552972,0.402483
0,0,0.868592,0.469751,0.157744
0,0,0.798412,0.567321,0.201708
0,0,0.0360022,0.591772,0.805301
0,0,-0.72487,0.502443,0.471291
0,0,0.623155,0.241019,0.744035
0,0,0.366496,-0.473489,0.80093
0,0,0.425834,0.430457,0.795847
0,0,0.0772739,0.547563,0.833189
0,0,0.31378,0.696963,0.644813
0,0,-0.947706,-0.277124,0.158291
0,0,-0.684564,-0.71084,0.161489
0,0,-0.049585,-0.665021,0.745177
0,0,-0.831179,-0.524564,0.184324
0,0,-0.681304,-0.186109,0.707947
0,0,0.690496,-0.723336,0.000283327
0,0,0.491229,-0.862788,0.11955
0,0,0.256955,0.570287,0.780222
0,0,-0.929736,-0.242786,0.27685
0,0,0.817909,0.489033,0.303102
0,0,0.12061,0.991975,0.0379366
0,0,0.694177,-0.0388086,0.718757
0,0,-0.853572,0.51995,0.0326733
0,0,-0.839584,-0.525827,0.136397
24.3117,34.6101,-0.786361,-0.361113,0.501232
0,0,0.118709,-0.48004,0.869178
0,0,0.564246,-0.615375,0.5504
0,0,0.547855,0.833176,0.0753171
0,0,-0.823079,-0.474901,0.311463
0,0,-0.0858392,-0.978482,0.187627
0,0,0.745725,-0.278992,0.605028
0,0,-0.730397,-0.529856,0.431014
0,0,0.706986,0.0176173,0.707008
0,0,-0.329371,0.944127,0.0117549
0,0,-0.485423,-0.802042,0.347983
0,0,-0.816729,-0.570754,0.0848175
0,0,0.622262,-0.402921,0.671151
0,0,0.107343,0.5882,0.80156
0,0,0.648332,0.310742,0.695057
0,0,0.591626,0.253318,0.765381
0,0,-0.0591569,0.942012,0.330322
0,0,-0.311133,-0.0875888,0.946321
0,0,0.406655,-0.451726,0.794088
0,0,-0.693635,-0.698838,0.174631
0,0,0.669534,0.150014,0.727475
0,0,0.252548,0.267888,0.929761
0,0,0.689958,0.450596,0.566499
0,0,0.161265,0.929245,0.332412
0,0,0.703465,0.704563,0.0934175
0,0,0.763689,-0.122244,0.633905
0,0,0.726024,-0.362079,0.584627
0,0,-0.989406,-0.0510873,0.135892
0,0,-0.928447,-0.345929,0.13535
0,0,0.716208,-0.561313,0.414698
0,0,-0.0955319,-0.992701,0.0736139
0,0,-0.944646,-0.223757,0.239953
23.4012,33.8544,0.382227,0.888483,0.253968
0,0,-0.597081,-0.0764381,0.798531
0,0,-0.838753,-0.180086,0.513871
0,0,0.580653,-0.782125,0.226101
0,0,-0.0898245,0.984259,0.152206
0,0,0.980075,-0.133947,0.146667
0,0,-0.314466,0.944034,0.0995551
0,0,0.562696,-0.192006,0.804056
0,0,-0.41215,0.349139,0.841567
0,0,-0.307584,-0.284519,0.907987
0,0,-0.540189,-0.828898,0.14534
0,0,-0.880579,-0.115303,0.459658
1.23367,2.10725,-0.117844,-0.456995,0.881628
0,0,0.185705,-0.924223,0.333655
0,0,0.713254,-0.105793,0.692876
0,0,0.811792,0.565169,0.146897
0,0,-0.847671,0.460202,0.263947
0,0,0.0374569,0.984232,0.172869
0,0,-0.552048,0.614977,0.563068
0,0,0.204356,0.801134,0.562515
0,0,-0.896198,0.392776,0.206292
0,0,0.625157,-0.715686,0.311404
0,0,-0.688766,0.509802,0.515465
0,0,-0.430163,0.557634,0.709933
0,0,0.699396,-0.26437,0.664043
0,0,-0.0434591,-0.989085,0.140789
0,0,0.715325,-0.615608,0.33066
0,0,-0.266651,0.784519,0.559846
0,0,-0.763896,0.555889,0.327797
0,0,0.354404,0.7768,0.520557
0,0,0.198844,-0.893607,0.402403
0,0,-0.0128307,-0.391382,0.920139
0,0,-0.380522,-0.238535,0.893478
0,0,-0.282798,-0.495985,0.82099
0,0,-0.048627,-0.516721,0.854772
0,0,-0.405465,-0.753281,0.517848
0,0,0.826698,-0.210874,0.521634
24.3537,34.743,0.60059,-0.454097,0.658094
12.0819,15.4847,0.181353,-0.192876,0.964318
0,0,-0.228644,0.871675,0.433479
0,0,-0.565364,-0.700221,0.435952
0,0,-0.351291,0.896842,0.268829
0,0,0.86907,0.491151,0.0590518
0,0,0.623055,0.630748,0.462558
0,0,0.537431,-0.215558,0.815293
0,0,0.0320397,-0.998831,0.0362079
0,0,-0.454564,-0.84762,0.273699
0,0,-0.31127,-0.651133,0.692197
0,0,-0.652542,-0.0354564,0.756923
0,0,-0.556536,-0.41436,0.72012
0,0,-0.142099,-0.419509,0.89656
0,0,0.288411,-0.667421,0.686563
0,0,-0.0701087,-0.202354,0.9768
0,0,0.638668,0.767201,0.059209
0,0,0.0720711,-0.146173,0.98663
0,0,0.380256,-0.605894,0.698783
0,0,-0.308099,-0.441646,0.842629
0,0,0.22146,-0.7974,0.561345
0,0,0.808975,0.534604,0.244455
0,0,0.740902,0.0030451,0.671606
0,0,-0.0560724,-0.857811,0.510898
0,0,0.892395,0.394084,0.219839
0,0,0.447277,0.590222,0.671998
0,0,0.557586,-0.647066,0.520003
0,0,-0.0519007,-0.42477,0.903813
0,0,0.26625,-0.274118,0.924105
0,0,0.100056,0.783119,0.61377
0,0,-0.116365,-0.96907,0.21763
0,0,-0.820233,0.571518,0.0241914
0,0,-0.792157,-0.598778,0.118121
0,0,-0.0988354,-0.732019,0.674077
0,0,-0.903782,0.0384684,0.426262
0,0,-0.72055,-0.249303,0.647036
0,0,0.58157,0.548247,0.601
0,0,0.135065,0.712524,0.688525
16.5799,22.9246,-0.939757,0.0227758,-0.341084
0,0,-0.428818,-0.70694,0.562451
0,0,-0.507818,-0.861449,0.00519563
18.13,24.4554,0.262316,-0.398736,0.878749
0,0,-0.198516,0.812005,0.548852
0,0,0.0764339,-0.589121,0.804422
0,0,-0.768482,0.557022,0.314899
0,0,-0.153977,0.0150753,0.987959
0,0,-0.132644,-0.79726,0.588883
0,0,-0.679105,-0.731237,0.064105
0,0,-0.550071,-0.39883,0.733728
0,0,0.510745,-0.66697,0.542486
0,0,0.305302,0.747362,0.590119
0,0,-0.544731,-0.788474,0.285617
0,0,0.779329,-0.606714,0.156669
0,0,-0.210239,0.587415,0.781501
0,0,0.769886,-0.257958,0.583724
0,0,0.835487,-0.160573,0.525527
0,0,-0.0549344,0.872543,0.48544
18.7561,26.9923,0.790711,0.555823,0.256586
0,0,-0.318295,0.693001,0.646868
0,0,-0.508602,-0.65962,0.553377
0,0,-0.977844,-0.0879353,0.189971
0,0,-0.264684,0.890367,0.370391
0,0,-0.711663,-0.66348,0.230932
0,0,-0.00331864,0.97423,0.225531
0,0,-0.553386,0.557499,0.618836
0,0,0.976557,0.21275,0.0327726
0,0,-0.69402,-0.718954,0.0379778
0,0,-0.963742,-0.255947,0.075448
0,0,0.733657,0.155063,0.661591
0,0,0.189194,-0.479728,0.856777
0,0,0.535205,0.506024,0.676384
0,0,0.567809,0.814362,0.120032
0,0,-0.00126852,0.745005,0.667058
0,0,0.168892,0.974605,0.147041
0,0,-0.00138603,0.00434482,0.99999
0,0,0.912291,-0.313889,0.263055
0,0,-0.0692874,0.950572,0.302673
0,0,-0.0779612,-0.598407,0.797391
0,0,0.789784,-0.184664,0.584928
0,0,-0.655392,0.736196,0.168749
0,0,-0.672099,-0.672786,0.30926
0,0,-0.508558,0.833615,0.215532
0,0,0.256158,-0.717252,0.648022
0,0,0.986749,-0.0406343,0.157083
0,0,-0.530427,0.73019,0.430663
23.05,33.9433,0.779125,0.556917,0.287762
0,0,0.268681,0.947834,0.171529
0,0,-0.105062,-0.994321,0.0169459
0,0,0.0830241,0.600429,0.795356
0,0,0.891797,-0.308892,0.33058
0,0,0.832565,0.239745,0.499357
0,0,0.444671,-0.821318,0.357356
0,0,0.472826,0.75688,0.451186
0,0,-0.363204,-0.273574,0.89064
0,0,0.973747,-0.0843104,0.211442
0,0,0.384791,0.918179,0.0942545
0,0,-0.789097,0.447968,0.420298
0,0,0.912357,-0.404007,0.0662089
0,0,0.229011,-0.950738,0.208931
0,0,-0.764437,0.603614,0.226463
0,0,0.856884,0.425766,0.290641
0,0,-0.155833,-0.794474,0.586965
0,0,-0.0898868,0.941951,0.323494
0,0,0.106797,-0.954028,0.280045
0,0,-0.534393,0.502123,0.679924
0,0,-0.738017,0.171873,0.652526
23.3127,33.2918,-0.187691,0.309258,0.932272
0,0,-0.0845541,-0.558672,0.825068
21.7439,31.1356,0.222068,0.805816,0.54895
0,0,0.346046,-0.754054,0.558261
0,0,-0.769106,-0.632971,0.088451
0,0,0.0863258,-0.50501,0.858786
0,0,0.652811,0.547013,0.524036
0,0,-0.66419,-0.644387,0.378969
0,0,0.058895,-0.94784,0.31326
0,0,0.814795,-0.42491,0.394412
0,0,-0.136755,-0.107994,0.984701
0,0,0.0584526,-0.969189,0.239282
0,0,0.439952,-0.885432,0.14984
0,0,0.618062,-0.601554,0.506094
0,0,0.93777,0.132224,0.321098
0,0,-0.291087,-0.39247,0.872488
0,0,-0.659939,-0.750696,0.0305805
0,0,-0.655278,-0.650467,0.384062
0,0,-0.731952,0.633717,0.250297
0,0,-0.803207,0.170535,0.570768
0,0,-0.776876,-0.629158,0.0249949
0,0,0.644042,-0.743865,0.178534
0,0,-0.37168,0.786753,0.492823
0,0,-0.845429,0.384095,0.371107
0,0,0.389196,0.297895,0.871656
0,0,-0.510407,0.736074,0.444611
0,0,-0.731711,0.647651,0.212481
0,0,0.917671,0.315232,0.241888
0,0,-0.954833,0.246767,0.165527
0,0,-0.276204,-0.937583,0.211303
0,0,0.601149,-0.137711,0.787182
0,0,-0.973554,-0.145171,0.176403
0,0,-0.387441,0.198558,0.900258
0,0,-0.698126,0.195218,0.688846
0,0,-0.0124801,-0.546191,0.837567
0,0,-0.425776,-0.768737,0.47724
0,0,-0.321835,-0.72747,0.605978
0,0,0.869916,-0.0224278,0.492689
0,0,-0.613866,-0.476072,0.629701
0,0,-0.326722,-0.659542,0.676947
0,0,0.327714,-0.460331,0.825045
0,0,0.101983,0.790136,0.604388
0,0,0.376059,-0.92549,0.0452558
0,0,-0.761021,-0.620202,0.190252
0,0,-0.549587,-0.633086,0.545121
0,0,-0.673234,0.347941,0.652452
0,0,0.828303,0.401877,0.390397
0,0,-0.325046,-0.841164,0.432189
20.1271,29.2204,0.388209,-0.45003,0.804218
0,0,0.220357,0.609893,0.761232
0,0,0.670588,0.720094,0.17826
0,0,0.722753,-0.572261,0.387486
0,0,-0.597418,0.79707,0.0881529
0,0,0.436644,0.527746,0.728578
0,0,0.948561,0.0850886,0.304947
0,0,-0.396878,-0.726667,0.560752
0,0,-0.232605,-0.488536,0.840968
0,0,-0.12129,-0.992232,0.0276296
0,0,0.773708,0.0868495,0.627561
0,0,-0.899876,-0.326611,0.289047
0,0,-0.178948,0.964809,0.192668
0,0,-0.430581,0.168082,0.886763
0,0,0.938111,-0.337516,0.0776628
0,0,0.300366,0.743679,0.597262
0,0,-0.718046,-0.45869,0.523462
0,0,0.118395,0.937273,0.327874
0,0,-0.912236,-0.0416225,0.407546
0,0,0.00332088,0.914929,0.403601
0,0,-0.762186,-0.304091,0.571491
0,0,0.623363,-0.0895622,0.776787
0,0,0.466137,0.322334,0.823904
0,0,0.625721,0.579056,0.522655
0,0,0.153485,-0.983597,0.0947618
0,0,0.125799,0.887881,0.442541
0,0,-0.540424,-0.417308,0.730613
0,0,0.874209,0.292351,0.387672
0,0,-0.0385707,-0.887146,0.459875
0,0,-0.622658,-0.188868,0.759359
0,0,0.978871,0.0986565,0.179107
0,0,-0.486137,-0.390912,0.781574
0,0,0.753818,-0.364814,0.546505
0,0,-0.386334,-0.840932,0.378918
0,0,0.492265,-0.402264,0.771919
0,0,-0.0595549,0.79463,0.604166
0,0,0.560391,0.670045,0.486828
0,0,0.423059,-0.738215,0.525413
0,0,0.803675,-0.140333,0.578285
0,0,0.792789,0.261185,0.550698
0,0,-0.299165,-0.507097,0.808303
0,0,0.975356,0.036599,0.217582
0,0,0.566834,-0.0774461,0.820184
0,0,0.0785267,0.89362,0.441901
0,0,0.103643,0.630827,0.76897
0,0,0.535796,0.438889,0.721318
0,0,-0.122848,0.422128,0.898174
0,0,0.265844,-0.956546,0.119779
0,0,-0.816785,-0.0734306,0.572251
0,0,0.307549,-0.910444,0.276595
0,0,0.66985,-0.730095,0.13514
0,0,0.0683876,-0.996962,0.0372814
0,0,0.3382,-0.177729,0.924139
0,0,0.810599,-0.032375,0.584706
0,0,-0.326557,-0.838943,0.435356
0,0,-0.226399,-0.967227,0.114963
0,0,0.014617,0.673402,0.739132
0,0,0.90869,0.115023,0.401313
0,0,0.709366,0.423483,0.563438
0,0,0.286858,-0.528174,0.799215
0,0,0.535728,0.692073,0.483767
0,0,0.142388,-0.125197,0.981861
0,0,-0.522268,0.346354,0.779279
0,0,0.0754086,-0.894072,0.44153
0,0,0.941185,0.294947,0.164854
0,0,-0.785268,-0.557992,0.268329
0,0,-0.796812,0.0934945,0.59695
18.0479,26.2117,-0.489276,-0.422976,0.762693
0,0,-0.341375,0.595399,0.727298
0,0,0.249269,0.937075,0.24445
0,0,-0.655337,-0.575619,0.489076
0,0,-0.504723,0.311184,0.805245
0,0,0.797678,0.591165,0.119302
13.8453,18.9895,0.0643156,0.197435,0.978204
0,0,-0.370596,-0.771434,0.517251
0,0,0.910662,-0.391228,0.132799
0,0,0.518896,0.826131,0.219669
0,0,-0.637941,-0.413905,0.649395
0,0,0.184211,-0.967574,0.172823
0,0,-0.562338,0.764467,0.315225
0,0,0.00651251,0.426789,0.904328
0,0,-0.334715,0.716332,0.612237
0,0,0.0895181,0.673561,0.73369
0,0,0.632684,-0.70154,0.327952
0,0,0.669311,-0.677246,0.30555
0,0,-0.530899,-0.807213,0.25798
0,0,0.702322,0.53108,0.474022
0,0,0.714434,0.659377,0.234107
0,0,0.988308,-0.0328455,0.14889
0,0,-0.0159677,-0.995089,0.097685
0,0,0.246562,-0.386311,0.888803
0,0,-0.236869,0.802588,0.54749
0,0,0.58913,-0.24198,0.770955
0,0,-0.215832,0.755335,0.618777
0,0,-0.242407,0.455751,0.856464
0,0,-0.9889,0.0827873,0.123379
0,0,0.291092,0.596493,0.747972
0,0,0.030446,0.0154175,0.999418
0,0,-0.913521,0.275994,0.298844
0,0,0.418379,-0.381473,0.82428
0,0,0.950932,-0.306634,0.0412656
0,0,-0.314234,-0.282349,0.906386
0,0,0.697827,-0.583643,0.415208
0,0,-0.989708,0.0850814,0.115061
0,0,-0.976951,-0.0938457,0.191726
0,0,0.00847384,0.67306,0.73954
0,0,0.974387,0.00759939,0.22475
0,0,0.591316,-0.0342286,0.805713
0,0,0.180521,0.0822852,0.980123
0,0,0.108337,-0.922286,0.371014
0,0,-0.405192,-0.34403,0.847032
13.5908,20.2983,-0.0262616,-0.482815,0.875328
0,0,-0.41975,0.623615,0.65948
0,0,-0.0936445,-0.972213,0.214551
0,0,-0.72505,0.10534,0.680593
0,0,0.357424,-0.915159,0.186366
0,0,-0.530732,-0.310648,0.788557
0,0,0.926786,0.27075,0.260311
0,0,0.656796,0.722203,0.216891
0,0,-0.406981,-0.640872,0.650883
0,0,-0.391647,0.343341,0.853657
0,0,0.739451,0.435,0.513797
0,0,0.604944,0.0707776,0.793116
0,0,-0.771727,0.396614,0.497127
0,0,0.0212716,-0.516869,0.8558
0,0,0.924189,0.319226,0.20969
0,0,0.243122,0.531868,0.811177
0,0,0.846977,-0.223953,0.482156
0,0,-0.323356,-0.618223,0.716409
0,0,-0.079468,-0.977383,0.195978
0,0,0.0143195,-0.68842,0.725171
0,0,0.221538,-0.0493602,0.973902
0,0,-0.937862,-0.0485128,0.343599
0,0,0.71985,-0.668371,0.187341
17.4574,25.1584,0.749844,-0.248075,-0.613345
0,0,-0.0927967,-0.994022,0.057522
0,0,-0.464806,-0.175655,0.867814
0,0,0.914116,-0.0311334,0.404255
0,0,-0.80663,-0.25648,0.53251
0,0,-0.787377,-0.562553,0.252134
0,0,-0.00468641,0.999271,0.0378901
0,0,0.600736,-0.719667,0.34813
0,0,0.71127,-0.516767,0.476495
0,0,0.00520279,0.75996,0.649949
0,0,0.911287,0.411746,0.00448284
0,0,0.243788,-0.342469,0.907349
0,0,0.740851,-0.426969,0.518495
0,0,-0.431985,-0.884391,0.176751
0,0,-0.560508,0.586929,0.584248
0,0,0.752368,-0.537478,0.380867
0,0,0.110371,-0.0822201,0.990484
0,0,0.247866,-0.478102,0.842604
0,0,0.315073,0.828026,0.463792
0,0,-0.867122,-0.133672,0.479824
0,0,0.756591,0.121328,0.642534
0,0,0.887807,0.414997,0.198935
0,0,-0.167266,0.975578,0.14237
0,0,-0.737707,0.310257,0.599607
0,0,0.692872,0.690037,0.209233
0,0,0.371957,0.764166,0.526971
0,0,-0.170491,0.872776,0.457378
0,0,-0.804948,-0.0769803,0.588331
0,0,0.558444,0.629527,0.540219
0,0,-0.229414,0.335242,0.913773
0,0,0.541706,-0.832063,0.119274
18.3544,26.5179,-0.29973,-0.0881761,0.949941
0,0,0.898582,-0.3911,0.198974
0,0,0.198045,-0.970947,0.134316
0,0,0.184519,-0.96411,0.190904
0,0,-0.590366,-0.209641,0.779435
0,0,-0.316729,-0.862413,0.394875
0,0,0.549572,0.653663,0.520284
0,0,-0.352821,-0.887737,0.295702
0,0,0.817912,-0.574508,0.0309908
0,0,0.256837,-0.611461,0.748431
0,0,0.235501,0.968665,0.0789163
0,0,-0.325781,-0.720012,0.61274
0,0,0.691312,-0.213706,0.69023
0,0,0.845457,0.363918,0.390852
0,0,-0.16095,0.362835,0.917849
0,0,0.261997,-0.607921,0.749527
0,0,-0.0569123,-0.82433,0.563241
0,0,-0.252603,0.705617,0.662039
0,0,0.994237,-0.0526101,0.093405
0,0,0.754883,-0.53204,0.383518
0,0,-0.138475,-0.05108,0.989048
0,0,-0.261028,-0.929102,0.26198
0,0,0.945639,-0.246533,0.212105
0,0,-0.222893,-0.466539,0.855956
0,0,0.613222,-0.329323,0.717987
0,0,0.306625,-0.925101,0.223986
0,0,-0.826883,0.554824,0.091838
0,0,-0.407633,0.456799,0.790677
0,0,-0.648496,0.730188,0.215126
0,0,0.711216,0.458683,0.532712
0,0,-0.60772,0.693399,0.387137
0,0,-0.890269,-0.453685,0.0398925
0,0,0.534693,0.418498,0.734141
23.002,34.5654,0.675525,-0.468852,-0.569073
0,0,0.217951,0.750078,0.624404
0,0,0.662628,0.28102,0.694228
0,0,-0.69673,-0.6402,0.323591
0,0,-0.29981,0.888564,0.34723
0,0,-0.28963,0.623562,0.726143
0,0,0.0492109,0.909466,0.412857
0,0,0.0876898,0.775211,0.625587
0,0,0.232805,-0.701086,0.674003
0,0,0.448528,-0.88027,0.154747
0,0,-0.839815,-0.259545,0.476809
0,0,0.29454,-0.560724,0.773845
0,0,-0.601249,-0.605497,0.521415
0,0,0.0868804,0.978194,0.188651
0,0,0.492525,-0.21926,0.842226
0,0,-0.355504,0.705616,0.612963
0,0,-0.98327,0.180992,0.0205262
0,0,0.512292,-0.830539,0.218544
12.989,20.0133,0.651587,0.459635,-0.603465
0,0,-0.302521,0.400887,0.864737
0,0,0.785165,0.594537,0.173325
0,0,0.940702,-0.336794,0.0406235
0,0,0.755284,-0.244547,0.608064
0,0,-0.514604,0.179432,0.838443
0,0,-0.440062,0.683251,0.582678
0,0,-0.69698,-0.496597,0.517311
0,0,0.614737,0.78213,0.101835
0,0,0.418685,-0.562718,0.712777
0,0,-0.767791,-0.368396,0.524195
0,0,0.641015,0.760379,0.104518
0,0,-0.427683,-0.0127656,0.903839
0,0,-0.756495,-0.136402,0.639617
0,0,-0.805577,0.418436,0.419472
0,0,0.242126,0.650139,0.720204
0,0,0.668973,0.285104,0.686434
0,0,-0.898599,-0.291507,0.327939
0,0,0.276502,0.306774,0.910734
0,0,-0.923433,0.271353,0.271366
0,0,-0.0555676,-0.278627,0.95879
0,0,-0.175097,0.41918,0.890858
0,0,0.782908,0.366067,0.503041
0,0,-0.314741,-0.515788,0.796807
0,0,0.452815,0.872763,0.182328
0,0,-0.610926,0.585023,0.533402
0,0,-0.142007,-0.68052,0.718837
0,0,-0.999906,-0.00288307,0.0133992
0,0,-0.423029,0.373741,0.825448
0,0,-0.618853,-0.533128,0.576884
0,0,0.0945525,0.57874,0.810012
0,0,0.987404,0.105979,0.117481
0,0,0.393619,0.845482,0.360865
0,0,0.421096,0.412821,0.807624
0,0,-0.173357,-0.959241,0.223168
0,0,-0.46,-0.54108,0.704012
0,0,0.710032,-0.698064,0.0925265
0,0,-0.0077385,-0.956269,0.292385
0,0,0.481101,-0.201113,0.853285
0,0,-0.444757,0.0437291,0.894583
0,0,0.0690032,0.684459,0.725778
0,0,-0.185194,-0.450365,0.873427
0,0,-0.47981,0.482266,0.732941
0,0,-0.515696,0.181045,0.837425
0,0,0.74441,-0.556802,0.368545
0,0,-0.479617,-0.570414,0.66678
0,0,-0.0702063,0.478674,0.875181
0,0,0.15389,0.446628,0.881386
0,0,-0.820352,-0.563951,0.0947691
0,0,-0.534888,-0.687966,0.490508
0,0,0.981371,0.186031,0.0479955
0,0,-0.500176,0.864588,0.0480844
0,0,0.166966,0.717789,0.675945
0,0,0.861547,0.212557,0.461038
0,0,-0.618766,0.258209,0.741928
0,0,0.115446,-0.971176,0.208542
0,0,-0.392818,0.736554,0.550621
0,0,0.696134,-0.175716,0.696075
10.3077,15.0401,-0.415065,-0.486655,0.768693
0,0,-0.549414,0.314011,0.774301
0,0,-0.114782,0.691607,0.713096
0,0,0.978307,-0.0239044,0.205777
0,0,-0.556818,0.530983,0.638757
0,0,-0.514727,0.56564,0.644288
0,0,0.302172,0.70883,0.637379
0,0,0.0279629,0.190778,0.981235
0,0,0.611513,0.551463,0.567397
0,0,-0.159271,0.939653,0.302794
0,0,0.975253,0.220911,0.00898815
0,0,0.761809,-0.505148,0.405552
0,0,-0.0503837,0.918431,0.392359
0,0,-0.0510788,-0.00477298,0.998683
0,0,-0.296304,-0.816407,0.495665
0,0,0.424932,-0.430997,0.796037
0,0,-0.299119,0.213641,0.929992
0,0,0.749618,0.601257,0.276699
0,0,-0.221247,0.361549,0.905722
0,0,-0.926581,-0.35613,0.120913
0,0,0.22272,-0.54657,0.807253
0,0,-0.75185,-0.534048,0.386672
0,0,-0.298109,0.921476,0.249026
0,0,0.544311,0.526689,0.652935
0,0,0.567896,0.72241,0.394484
0,0,0.515388,0.619543,0.592066
0,0,0.991791,0.0728084,0.105115
0,0,0.596537,-0.684236,0.41948
0,0,0.795224,0.591024,0.135314
0,0,0.491953,-0.620121,0.611091
0,0,-0.0322311,0.662934,0.747984
0,0,-0.532744,0.538433,0.652896
0,0,0.611154,-0.732362,0.300229
0,0,0.550763,0.796956,0.248036
0,0,-0.495934,0.340222,0.798936
0,0,0.614547,0.774959,0.147549
0,0,0.767782,-0.11447,0.630403
0,0,0.537784,-0.318462,0.780622
0,0,-0.745642,0.657182,0.110136
0,0,0.72038,0.693521,0.00897895
0,0,-0.982067,0.151596,0.112082
0,0,-0.884969,-0.103065,0.454101
0,0,-0.0821056,-0.0873096,0.992792
0,0,0.596262,-0.748972,0.288986
0,0,-0.032988,0.996236,0.0801552
0,0,-0.821039,0.495969,0.282682
0,0,-0.0375538,0.480536,0.87617
0,0,-0.238902,-0.958674,0.154501
0,0,-0.542411,0.783726,0.302595
0,0,0.651158,-0.188357,0.735197
0,0,0.18106,-0.684363,0.706304
0,0,-0.808875,0.58467,0.0623063
0,0,0.289395,-0.89926,0.327997
0,0,0.498534,0.527582,0.687838
0,0,-0.333273,-0.563945,0.755576
0,0,0.347506,-0.647341,0.678372
0,0,-0.656467,0.4186,0.627555
0,0,0.849139,-0.485214,0.208639
0,0,-0.534848,0.744103,0.400311
0,0,-0.399939,-0.274336,0.874522
0,0,-0.767631,0.449459,0.456869
0,0,-0.452629,0.891681,0.00569383
0,0,0.742316,-0.331781,0.582141
0,0,0.298881,0.273085,0.914382
0,0,0.834365,0.498057,0.236165
0,0,0.413871,0.212009,0.885304
0,0,0.196115,0.954687,0.223859
0,0,-0.871033,-0.218681,0.439863
0,0,-0.749888,0.341635,0.566527
0,0,-0.539375,0.832263,0.128109
0,0,0.348994,-0.879104,0.324621
0,0,-0.097165,-0.82331,0.559213
0,0,-0.47109,-0.756713,0.453277
0,0,0.977469,0.203195,0.0571501
0,0,0.769611,-0.129204,0.625304
0,0,0.233968,-0.28114,0.930709
0,0,-0.690506,0.0728262,0.719651
0,0,0.733151,0.631809,0.251608
0,0,0.630787,-0.563794,0.533145
0,0,0.646721,0.352975,0.676137
0,0,0.974285,-0.174285,0.142803
0,0,-0.842308,-0.535868,0.057989
0,0,-0.167079,0.496892,0.851577
0,0,0.609837,-0.415696,0.674756
0,0,-0.389972,-0.263648,0.882276
0,0,-0.950542,0.166215,0.26238
23.8145,35.0678,-0.961381,0.224305,0.15948
0,0,-0.776518,0.282225,0.563355
0,0,-0.801616,-0.24046,0.547349
0,0,0.348986,-0.69116,0.632856
0,0,-0.156365,-0.394132,0.905654
0,0,0.578214,-0.418796,0.700199
0,0,0.331423,-0.793731,0.51005
0,0,0.793504,0.440817,0.419562
0,0,-0.45666,-0.102486,0.883718
0,0,0.764373,0.123596,0.632818
0,0,-0.995733,0.0266181,0.0883582
0,0,0.455098,-0.492845,0.741613
0,0,0.17066,0.612589,0.771758
0,0,0.0311795,-0.990849,0.131323
0,0,-0.259786,0.620237,0.740146
0,0,0.797488,-0.402166,0.449751
0,0,-0.434112,0.838764,0.328666
0,0,-0.933753,-0.356938,0.0264834
0,0,-0.784466,0.588522,0.195591
0,0,-0.769561,0.0931549,0.631742
0,0,-0.0461166,0.980142,0.192862
0,0,-0.614588,-0.788146,0.0332831
0,0,0.340871,-0.839591,0.422958
0,0,0.647857,-0.702538,0.294485
0,0,0.692485,0.640598,0.331811
0,0,-0.573142,-0.803722,0.159807
0,0,0.784677,0.0758642,0.615245
0,0,0.45611,-0.156876,0.875987
0,0,-0.948625,-0.0728511,0.307901
0,0,-0.611932,0.630849,0.477041
0,0,-0.895026,-0.444162,0.0405904
0,0,0.571745,0.21319,0.792249
0,0,0.0464929,0.763125,0.644577
0,0,-0.214289,-0.551851,0.805941
0,0,-0.175103,0.982849,0.0578444
0,0,-0.543791,0.828227,0.135393
22.5493,31.9025,-0.278437,-0.158843,0.947228
0,0,-0.412798,-0.238329,0.879089
0,0,0.302082,0.877242,0.373085
0,0,0.627201,0.775395,0.0733568
0,0,0.139936,-0.970162,0.197997
0,0,0.786672,-0.299743,0.539723
0,0,0.340823,0.831978,0.43778
0,0,-0.872975,0.382845,0.302231
0,0,-0.783773,-0.40171,0.473634
0,0,-0.428786,0.244448,0.869705
0,0,-0.0840573,-0.990716,0.106843
0,0,0.955224,-0.227303,0.18942
0,0,0.712127,-0.200365,0.672852
0,0,0.430866,0.824048,0.36783
0,0,-0.11272,0.957577,0.265219
0,0,-0.270041,-0.371423,0.888326
0,0,-0.167262,-0.000508643,0.985912
0,0,-0.49672,0.76294,0.413754
0,0,-0.449241,-0.222263,0.865322
0,0,0.159774,0.0445749,0.986147
0,0,0.790435,-0.599791,0.124352
0,0,0.657806,0.297082,0.692122
0,0,0.423578,-0.288805,0.858588
0,0,-0.676332,-0.734836,0.0509
0,0,0.534578,-0.351409,0.768595
0,0,0.936644,0.0779622,0.341496
0,0,-0.811262,0.58155,0.0604454
0,0,0.922554,-0.290589,0.253875
0,0,0.984604,0.0535,0.166413
0,0,0.340232,-0.917244,0.207137
0,0,-0.43523,-0.638278,0.634961
0,0,0.0246294,-0.970307,0.240619
0,0,0.658235,-0.336427,0.673457
0,0,-0.0296222,0.974872,0.220787
23.3481,31.9953,0.136407,0.458505,0.878161
0,0,-0.515266,0.857028,0.00209489
0,0,-0.0618462,0.992562,0.104864
0,0,-0.936799,-0.233918,0.260172
0,0,-0.404908,0.325992,0.854271
0,0,-0.959666,0.150709,0.237337
0,0,-0.69524,0.569379,0.43869
0,0,-0.173987,0.803061,0.569931
0,0,-0.864707,0.177585,0.469836
0,0,-0.0939826,-0.992936,0.0724194
0,0,0.299849,0.213987,0.929677
0,0,-0.113239,0.789422,0.603316
0,0,-0.809308,-0.506338,0.29773
0,0,-0.311981,-0.0517502,0.948678
0,0,0.956487,-0.0104019,0.291591
0,0,0.768285,0.472074,0.432302
0,0,0.2247,-0.869853,0.439164
0,0,0.946172,0.103689,0.306605
0,0,-0.122656,-0.672264,0.73008
0,0,-0.275684,0.321728,0.905809
0,0,0.757034,-0.492564,0.429279
0,0,-0.408683,-0.261381,0.874447
0,0,-0.49177,-0.81836,0.297403
0,0,0.952897,0.131075,0.273509
0,0,-0.406269,-0.706899,0.578999
0,0,-0.136616,0.718385,0.682099
0,0,-0.707757,-0.523767,0.474076
0,0,0.219287,-0.522833,0.823746
0,0,0.796161,-0.552794,0.246063
0,0,0.231321,-0.938149,0.257618
0,0,0.588938,-0.803576,0.0861236
0,0,0.513138,-0.850571,0.114974
0,0,0.115774,-0.501982,0.857094
0,0,0.986612,0.161976,0.0189611
0,0,0.654966,0.70912,0.26109
0,0,0.682019,-0.0547948,0.729279
0,0,-0.180341,-0.871061,0.456869
0,0,0.503005,0.38793,0.772331
0,0,-0.841335,-0.163469,0.515202
0,0,-0.427576,-0.410712,0.805292
0,0,0.914093,-0.214242,0.344288
0,0,0.250473,-0.372777,0.893477
0,0,0.814756,0.475318,0.332031
0,0,0.827808,-0.253714,0.500363
0,0,0.000447863,0.328249,0.944591
0,0,-0.860763,0.508958,0.00696795
0,0,0.45489,-0.216863,0.863739
0,0,0.0130471,-0.0216199,0.999681
0,0,-0.874305,-0.433169,0.218986
0,0,-0.248092,0.951731,0.180718
0,0,-0.021517,0.585847,0.810136
0,0,0.739684,-0.672479,0.0252902
0,0,0.0491249,-0.8254,0.562407
0,0,0.427202,0.569296,0.702425
0,0,0.700533,-0.693212,0.169441
0,0,0.0989909,-0.809986,0.578035
0,0,-0.580746,-0.562958,0.588059
0,0,-0.640628,0.757784,0.123936
0,0,-0.90377,0.423218,0.0639299
0,0,-0.827971,0.0798296,0.555059
0,0,0.479925,-0.658062,0.580196
0,0,-0.757113,0.622674,0.197628
0,0,0.871971,0.475443,0.116708
0,0,0.843508,0.368696,0.390586
0,0,-0.374724,0.714098,0.591309
0,0,-0.476923,-0.168534,0.862636
0,0,0.527981,0.634178,0.564848
0,0,0.576525,-0.305971,0.757628
0,0,-0.15213,-0.15883,0.975515
0,0,-0.464452,0.728328,0.503808
0,0,0.974254,0.104024,0.200022
0,0,-0.94342,-0.0502191,0.327775
0,0,-0.176893,0.966584,0.185536
0,0,-0.421159,-0.880915,0.215901
0,0,0.447386,0.0822051,0.890555
0,0,0.647472,-0.593637,0.477886
0,0,-0.0147851,-0.94785,0.318375
0,0,0.0503314,0.462018,0.885441
12.8099,19.1453,-0.341135,0.141639,0.929282
0,0,-0.684038,0.292737,0.668129
0,0,0.128896,0.964588,0.230121
0,0,0.0111741,0.986014,0.16629
0,0,-0.78552,0.202855,0.584644
0,0,-0.650123,-0.313185,0.692283
0,0,0.124732,0.642193,0.756326
0,0,0.516346,0.0475479,0.855059
0,0,0.391235,-0.920105,0.0185118
0,0,0.113702,-0.183863,0.976354
0,0,0.643513,-0.354016,0.678649
0,0,0.827416,-0.355786,0.43451
0,0,-0.231431,0.934519,0.270396
0,0,-0.433501,0.87236,0.225977
0,0,-0.652786,0.68463,0.324272
0,0,-0.796689,0.600772,0.0660208
0,0,-0.816059,0.197988,0.543
0,0,-0.935168,-0.0815754,0.344684
0,0,0.881789,0.369928,0.292577
20.3151,29.2814,-0.253049,-0.177006,0.951123
0,0,0.751795,0.656096,0.065894
0,0,-0.495661,0.331555,0.80274
0,0,0.935862,0.351392,0.0261861
0,0,0.9638,-0.132794,0.231205
0,0,-0.293626,-0.812555,0.503526
0,0,-0.115627,-0.0982598,0.988421
0,0,-0.724857,0.551482,0.412856
0,0,0.423578,0.445763,0.788592
0,0,0.51536,0.565468,0.643933
0,0,-0.522921,0.717702,0.459845
0,0,-0.0160639,-0.99918,0.0371529
0,0,0.480026,-0.711957,0.512535
0,0,0.319628,0.902992,0.287131
0,0,-0.411873,0.873953,0.258006
0,0,-0.642297,0.751019,0.15305
0,0,-0.092066,0.860695,0.500727
0,0,0.260121,-0.723377,0.63958
0,0,-0.892202,-0.180494,0.414001
0,0,0.205974,0.971702,0.11563
0,0,0.65917,-0.582812,0.47521
0,0,-0.159933,0.98562,0.0545467
0,0,-0.829301,-0.555279,0.0626442
0,0,-0.0017786,0.612584,0.790403
0,0,0.355983,0.934396,0.0134253
0,0,0.0539894,0.585874,0.808601
0,0,-0.736826,0.395508,0.548325
0,0,0.898108,-0.428264,0.0999643
0,0,0.221179,0.394132,0.892043
0,0,-0.365455,0.852952,0.372713
0,0,0.983613,-0.131883,0.122935
0,0,0.302359,-0.198511,0.932294
0,0,0.717531,0.690097,0.0944199
0,0,0.792805,-0.24743,0.556991
0,0,0.949854,-0.0228467,0.311857
0,0,-0.932994,0.358226,0.0345865
0,0,0.805962,-0.474156,0.354404
0,0,0.554057,-0.74502,0.371437
0,0,0.682237,-0.309686,0.662304
0,0,-0.397509,0.0320336,0.917039
0,0,-0.961769,-0.267938,0.0566541
0,0,-0.784571,-0.575393,0.231024
0,0,0.699248,0.665934,0.25997
0,0,0.104818,0.989965,0.0947759
0,0,0.851087,-0.501411,0.155684
0,0,0.722122,0.0700613,0.688209
0,0,-0.751349,0.175943,0.636018
0,0,0.682616,-0.503317,0.529819
0,0,0.570474,-0.446956,0.68905
0,0,-0.111533,-0.74427,0.6585
0,0,0.39141,-0.8364,0.383711
0,0,-0.829267,0.522538,0.198169
0,0,0.796714,0.541744,0.267882
0,0,0.40667,0.328347,0.85253
0,0,0.956614,-0.100765,0.27338
0,0,-0.262461,-0.955122,0.137318
0,0,-0.968774,-0.115354,0.219477
0,0,0.811039,-0.244969,0.53123
0,0,0.790835,0.604657,0.0947111
0,0,-0.292218,0.00497991,0.956339
0,0,-0.815625,0.551435,0.175141
0,0,0.845547,-0.200639,0.494767
0,0,-0.613668,0.758183,0.220385
0,0,0.643096,0.588383,0.490136
0,0,0.819891,0.471086,0.325357
0,0,-0.609593,-0.788982,0.0768353
0,0,-0.398315,0.907762,0.131578
0,0,-0.0903902,0.732151,0.675119
0,0,-0.405199,0.104002,0.908294
0,0,0.00739189,-0.625607,0.780104
0,0,-0.16882,0.853433,0.493104
0,0,-0.475548,-0.779995,0.40677
0,0,0.208342,0.977988,0.0115268
0,0,-0.430373,-0.298842,0.851747
0,0,-0.0136023,0.903282,0.428832
0,0,0.288515,0.216898,0.932585
0,0,0.533101,0.842586,0.0765048
0,0,0.39212,-0.651069,0.649885
0,0,0.31595,-0.938669,0.138113
0,0,0.0116717,-0.314693,0.949122
0,0,-0.678842,0.336188,0.652802
0,0,0.936689,0.346241,0.0522628
0,0,-0.591369,0.757757,0.275837
0,0,-0.679303,-0.105049,0.7263
0,0,0.258017,-0.965017,0.0465729
0,0,-0.559047,-0.191979,0.806604
0,0,0.317867,0.781433,0.536957
0,0,0.684557,0.720505,0.110697
0,0,-0.48189,-0.361886,0.798011
0,0,0.122544,0.129654,0.983958
0,0,0.607357,0.169529,0.77613
0,0,-0.17634,0.956969,0.230465
0,0,0.526527,-0.658849,0.537296
0,0,0.0814741,-0.510576,0.855964
0,0,0.735894,0.429723,0.523257
0,0,-0.33942,0.936457,0.0885602
0,0,-0.992664,0.0458877,0.111856
0,0,-0.524146,0.792039,0.312963
0,0,-0.76007,0.18228,0.623753
0,0,-0.365544,0.92539,0.100153
0,0,0.338809,-0.191969,0.921062
0,0,-0.445453,0.798736,0.404467
0,0,-0.747809,-0.443714,0.493861
0,0,0.0809005,-0.977683,0.193884
0,0,-0.505781,-0.763599,0.401376
0,0,0.453761,-0.188071,0.871051
0,0,0.266511,0.735512,0.622892
0,0,0.941929,0.31404,0.118951
0,0,0.0508607,0.590235,0.805628
0,0,0.124068,0.80424,0.58121
0,0,-0.0202291,-0.950551,0.309908
0,0,-0.691591,0.333951,0.640452
0,0,0.0301419,-0.621747,0.782638
0,0,-0.250538,0.586756,0.770031
0,0,-0.0139734,-0.435423,0.900117
0,0,-0.505221,0.543593,0.670267
0,0,0.264246,-0.823564,0.501913
0,0,-0.799742,-0.176349,0.573859
0,0,0.29583,-0.690026,0.660568
0,0,0.504722,-0.776976,0.37625
0,0,-0.00263464,0.962404,0.271608
0,0,0.876381,-0.153303,0.456567
0,0,0.997007,-0.0127508,0.0762584
0,0,0.392912,-0.131788,0.910083
0,0,0.944688,0.31063,0.10523
0,0,0.407573,0.907298,0.103416
0,0,0.257748,0.421065,0.869638
0,0,0.934898,0.118248,0.334639
0,0,0.864026,-0.207591,0.458656
0,0,-0.416156,0.637719,0.648174
12.6953,15.49,-0.551192,-0.0231914,0.834056
0,0,0.215252,-0.894801,0.391149
0,0,-0.602454,0.58657,0.541281
0,0,0.196305,0.308143,0.930866
0,0,0.000571051,0.666169,0.745801
0,0,0.372256,-0.243228,0.895693
0,0,0.266383,-0.932664,0.243266
0,0,0.192107,0.633299,0.749684
0,0,-0.974813,-0.15706,0.15834
0,0,-0.53054,-0.791345,0.30381
0,0,-0.540164,-0.367222,0.757213
0,0,0.618129,0.143315,0.772902
0,0,0.507488,0.549573,0.663646
0,0,-0.799961,0.182193,0.571724
0,0,0.260178,-0.867107,0.424774
0,0,-0.670899,0.253869,0.696739
0,0,0.583168,0.0764217,0.808749
0,0,-0.844451,-0.515057,0.147034
0,0,0.679454,-0.562156,0.471511
0,0,-0.450652,0.279408,0.847847
0,0,-0.168747,0.471347,0.865654
0,0,-0.549196,-0.660629,0.511814
0,0,0.516887,0.763495,0.387172
0,0,-0.939137,-0.197304,0.281233
0,0,0.0492776,0.621382,0.781956
0,0,-0.558912,0.778333,0.286034
0,0,-0.185668,-0.595969,0.781248
0,0,0.155082,0.544138,0.824538
0,0,0.117323,0.454616,0.882927
0,0,-0.64146,0.565015,0.518929
0,0,0.737036,0.546393,0.397785
0,0,-0.959609,0.24267,0.142343
0,0,-0.460751,-0.370004,0.806725
0,0,0.623813,-0.443859,0.643309
0,0,-0.469931,-0.307868,0.827274
0,0,0.0500775,0.648889,0.759233
0,0,-0.602739,-0.0948453,0.792281
0,0,-0.885056,-0.431083,0.175624
0,0,0.417256,-0.826952,0.376893
0,0,0.504603,-0.750433,0.426879
0,0,-0.800166,-0.596739,0.0603088
0,0,-0.0654994,-0.997673,0.0189163
0,0,0.236868,-0.80417,0.545164
0,0,0.438699,-0.50477,0.743472
0,0,0.99385,-0.104942,0.035357
0,0,-0.0204529,-0.884431,0.466223
0,0,-0.83689,-0.122007,0.533601
0,0,-0.990343,-0.134647,0.0330299
0,0,0.613164,0.788708,0.044391
0,0,-0.201568,-0.97939,0.0128603
0,0,-0.888585,-0.28751,0.357428
0,0,0.62171,0.622726,0.475067
0,0,-0.0837099,-0.995897,0.0343651
0,0,-0.192881,0.593323,0.781514
0,0,0.884584,-0.426241,0.189287
0,0,0.755945,0.600025,0.261757
0,0,-0.297785,-0.888612,0.348844
0,0,0.829744,0.377822,0.410822
0,0,0.807111,-0.363277,0.465405
0,0,-0.75446,0.424342,0.500724
0,0,0.285254,-0.270529,0.919481
0,0,-0.580502,-0.570942,0.580554
0,0,0.33638,-0.0808511,0.938249
0,0,0.574227,0.392516,0.718467
0,0,0.24671,0.524288,0.815019
0,0,0.904308,-0.379877,0.194734
0,0,-0.190489,-0.813174,0.549966
0,0,-0.369269,-0.902248,0.222688
0,0,0.545756,0.299905,0.782437
0,0,0.663496,-0.0797555,0.743917
0,0,0.366076,0.39003,0.844905
0,0,-0.13748,-0.275004,0.951563
0,0,0.20948,0.832067,0.513598
0,0,-0.660993,-0.488031,0.570012
0,0,0.639694,0.767807,0.0355693
0,0,0.79086,-0.526796,0.311491
0,0,0.859123,-0.133126,0.494151
0,0,-0.75637,-0.535133,0.376214
0,0,-0.112362,0.990603,0.0779809
0,0,0.984384,0.170894,0.0422411
0,0,-0.203899,0.0727107,0.976288
0,0,0.885568,-0.454557,0.0956392
0,0,-0.328642,0.877841,0.348411
0,0,0.979298,-0.2005,0.0278281
0,0,0.926655,-0.076167,0.368117
0,0,0.649487,0.755268,0.0879593
0,0,-0.718404,0.000918182,0.695625
0,0,-0.641821,-0.763215,0.0746249
0,0,0.180239,0.609513,0.772015
0,0,0.740455,-0.360364,0.56733
0,0,-0.77457,0.417773,0.474876
0,0,0.584632,0.714703,0.383935
0,0,-0.767442,-0.640701,0.0231322
0,0,0.676988,-0.585566,0.44587
0,0,0.794559,0.244996,0.555565
0,0,0.970631,0.237211,0.0400759
0,0,0.367259,0.643985,0.671121
0,0,0.613152,-0.764132,0.200367
0,0,-0.0393635,-0.381395,0.923574
0,0,-0.77219,0.105541,0.626564
0,0,-0.134477,0.0503623,0.989636
0,0,-0.583914,-0.810457,0.0469488
0,0,0.573078,-0.230582,0.786393
0,0,0.394084,-0.858102,0.329179
0,0,-0.395415,-0.150141,0.906148
0,0,0.962714,0.0997577,0.251457
0,0,-0.978187,-0.153746,0.139689
0,0,-0.0246937,0.688812,0.724519
20.4001,30.3489,-0.237421,-0.943415,-0.231515
0,0,0.784691,-0.582451,0.212158
0,0,-0.692146,0.721657,0.0120696
0,0,-0.583165,-0.517146,0.626481
0,0,-0.509611,-0.711025,0.484499
0,0,0.999181,0.0388548,0.0112615
0,0,-0.30348,0.808647,0.503974
0,0,-0.672865,0.302756,0.674976
0,0,-0.922945,0.384535,0.0174874
0,0,0.958818,-0.263284,0.106535
0,0,0.365694,0.415234,0.832976
0,0,0.59691,0.760347,0.256069
0,0,0.673145,0.718422,0.175345
0,0,0.449236,-0.320173,0.834072
0,0,-0.62644,-0.740401,0.243678
0,0,-0.457333,-0.423572,0.781942
0,0,0.4552,0.406969,0.791941
0,0,0.196207,-0.511361,0.836668
0,0,-0.875998,0.304975,0.373654
0,0,-0.660553,-0.744838,0.0942628
0,0,0.429665,0.398846,0.81013
0,0,-0.00812288,-0.380331,0.924815
0,0,0.327534,-0.401755,0.855169
0,0,0.867192,0.355581,0.348626
0,0,-0.614561,-0.682465,0.395673
0,0,-0.189602,-0.427817,0.883756
0,0,-0.301679,0.564783,0.768121
0,0,0.666207,0.708359,0.233228
0,0,-0.428347,-0.167757,0.887905
0,0,-0.405232,0.607783,0.682925
0,0,0.594971,-0.782471,0.183708
0,0,-0.688329,-0.681293,0.249083
0,0,-0.516645,-0.523789,0.677291
0,0,0.511438,0.201629,0.835331
0,0,0.955407,0.186135,0.229239
0,0,-0.982953,-0.152768,0.102304
0,0,-0.969044,0.201111,0.143209
0,0,0.472657,-0.325098,0.819089
0,0,-0.526042,0.710729,0.467059
0,0,0.427425,0.812306,0.396821
0,0,0.443066,0.546923,0.710329
0,0,0.00688793,-0.657326,0.753575
0,0,-0.932303,0.356504,0.0609669
0,0,-0.408713,-0.836838,0.364219
0,0,-0.529427,-0.847255,0.0431974
0,0,0.1505,-0.839516,0.522076
0,0,0.809874,0.560526,0.172957
0,0,-0.694737,-0.501147,0.515937
0,0,-0.792148,0.233657,0.563831
0,0,-0.639199,-0.348339,0.685627
0,0,-0.893396,0.387207,0.227846
0,0,0.296327,0.954981,0.0142283
0,0,0.998365,-0.0151324,0.0551201
0,0,0.8948,0.444884,0.0375571
0,0,-0.821803,-0.550349,0.147497
0,0,0.456019,0.387594,0.801135
0,0,0.483726,-0.750741,0.449886
0,0,-0.513702,0.694643,0.503569
0,0,-0.336505,-0.576514,0.744578
0,0,-0.953277,0.0355311,0.300002
0,0,-0.523839,0.503184,0.687312
0,0,-0.0342186,0.302159,0.952643
0,0,-0.293383,0.847692,0.441978
0,0,0.0148801,0.823714,0.56681
0,0,0.424961,-0.8959,0.129503
0,0,-0.0475492,-0.543492,0.838066
0,0,0.454646,0.325918,0.8289
0,0,-0.399825,-0.641909,0.654288
0,0,-0.605419,0.608668,0.512826
0,0,0.0270565,0.58865,0.807935
0,0,-0.345602,-0.304508,0.8876
0,0,0.191682,0.892504,0.408283
0,0,-0.855266,0.507057,0.106838
0,0,0.0487893,-0.846112,0.530767
0,0,0.380627,0.0741816,0.921748
0,0,0.412406,0.909191,0.0573901
0,0,-0.509496,-0.0885821,0.855901
0,0,-0.813622,-0.580511,0.0320501
0,0,-0.862069,-0.280921,0.421807
2.57576,4.02909,0.843375,-0.153652,0.514887
0,0,-0.546227,0.801312,0.243997
0,0,0.535116,-0.780287,0.323732
0,0,-0.452357,-0.877373,0.159969
0,0,-0.27691,-0.579654,0.766369
0,0,-0.201274,0.896009,0.395799
0,0,-0.191436,0.127233,0.973224
0,0,0.22762,0.672837,0.703903
0,0,-0.860459,0.401583,0.313593
0,0,0.42613,0.858425,0.285516
0,0,-0.272191,-0.912295,0.30599
0,0,-0.727549,0.136148,0.672411
0,0,-0.970839,-0.225851,0.0803892
0,0,0.404305,0.21853,0.888134
0,0,-0.462684,0.877765,0.124307
0,0,-0.616286,0.755336,0.222844
0,0,0.752334,0.561563,0.344443
0,0,0.598674,0.313364,0.737152
0,0,-0.99978,-0.0115773,0.0174662
0,0,-0.982593,-0.141762,0.120056
0,0,-0.0156762,-0.829937,0.557637
0,0,0.724802,0.688726,0.0178437
0,0,-0.236628,-0.92709,0.290707
0,0,-0.678228,0.715133,0.169089
0,0,-0.690514,-0.701851,0.174916
0,0,0.19873,-0.334862,0.921072
0,0,0.123912,-0.860953,0.493362
0,0,0.444369,0.820187,0.360319
0,0,0.778245,-0.376833,0.502326
0,0,0.578705,-0.0986676,0.809546
0,0,0.808997,0.577594,0.109134
0,0,0.38365,0.909797,0.158375
0,0,-0.621123,-0.780784,0.0676963
0,0,0.319909,-0.706603,0.631166
0,0,-0.274059,-0.765281,0.58244
0,0,-0.0768725,0.532154,0.843151
0,0,0.570031,-0.583671,0.578267
0,0,0.452446,-0.800669,0.392711
0,0,0.832684,0.546211,0.0910599
0,0,-0.169034,0.982503,0.0782064
0,0,0.586761,-0.605736,0.537398
0,0,0.30213,0.776478,0.552992
0,0,-0.765092,-0.636348,0.0984602
0,0,0.504232,0.774876,0.381205
0,0,-0.427816,0.678015,0.59772
0,0,-0.0998823,0.522556,0.846734
0,0,-0.962211,-0.237493,0.133214
0,0,-0.0426678,-0.683699,0.728516
0,0,-0.48126,-0.847606,0.223502
0,0,-0.910954,-0.297349,0.285912
0,0,-0.0172873,0.876522,0.481052
0,0,-0.530387,-0.366726,0.764331
0,0,-0.1028,0.802739,0.587403
0,0,-0.929085,0.01206,0.369669
0,0,-0.0869309,-0.721015,0.687445
0,0,-0.516737,0.830375,0.208471
0,0,0.869202,0.218127,0.443744
0,0,-0.0884592,0.777762,0.622303
0,0,-0.135672,-0.645107,0.751951
0,0,-0.914637,-0.260534,0.309129
0,0,0.807789,0.51054,0.294663
0,0,-0.272713,-0.389334,0.879799
0,0,0.209493,0.485312,0.848873
0,0,0.466071,0.488742,0.737502
20.7733,28.5869,-0.670183,0.669838,0.319643
0,0,-0.579557,-0.418395,0.699327
0,0,-0.695507,-0.418355,0.584165
0,0,0.644966,-0.0605559,0.761808
0,0,0.983872,0.00537549,0.178792
0.890572,1.66162,0.190837,0.0825731,0.978143
0,0,-0.248059,0.400577,0.882046
0,0,-0.305177,-0.672424,0.674324
0,0,-0.973459,-0.178082,0.143751
0,0,-0.857864,-0.135406,0.495716
0,0,0.807778,0.571571,0.144225
0,0,0.359812,0.920771,0.150716
0,0,0.00362051,0.215067,0.976593
0,0,0.820209,-0.334506,0.464072
14.4599,19.7592,0.108409,-0.266853,0.957621
0,0,0.259569,0.958276,0.119713
0,0,-0.496419,0.238476,0.834684
0,0,0.0455203,0.710103,0.702625
0,0,0.332122,-0.701704,0.630322
0,0,0.942013,-0.00128443,0.335575
0,0,-0.074669,-0.261402,0.962338
0,0,0.26361,-0.365685,0.892628
0,0,-0.0444487,0.695037,0.717598
0,0,0.0320622,0.995302,0.0913558
0,0,0.150166,0.902156,0.40443
0,0,0.980553,0.187269,0.0587059
0,0,-0.792474,-0.0457518,0.608187
0,0,-0.0207176,-0.821676,0.569578
0,0,0.277392,-0.405766,0.870866
0,0,-0.399814,-0.0299058,0.916108
0,0,0.946066,-0.0817329,0.313496
0,0,-0.457817,-0.801176,0.385384
0,0,-0.393396,0.91607,0.077811
0,0,0.53039,-0.0778008,0.844176
0,0,0.279028,0.348199,0.894931
0,0,0.70071,0.0875266,0.708057
0,0,-0.550492,0.678801,0.485991
0,0,0.285575,0.281487,0.916085
0,0,0.935416,0.121145,0.332146
0,0,-0.319932,-0.938081,0.132847
0,0,0.397188,0.91509,0.0696616
0,0,0.063688,0.457524,0.886914
0,0,-0.0317921,0.970228,0.240096
0,0,-0.313563,0.93829,0.145913
0,0,0.0473165,-0.996427,0.0699584
0,0,-0.284021,0.951813,0.115689
0,0,-0.948545,-0.23097,0.216599
0,0,-0.68696,-0.322443,0.651243
12.3692,17.6674,-0.680825,-0.732351,-0.0117731
0,0,0.0631668,0.287912,0.955571
0,0,-0.36293,-0.864829,0.346918
0,0,-0.8682,-0.450372,0.208312
0,0,-0.499987,-0.280929,0.819202
0,0,-0.0587962,0.847694,0.527217
0,0,0.460462,-0.106837,0.881227
0,0,0.151768,0.418718,0.895345
0,0,-0.683586,0.0815148,0.725304
0,0,-0.106946,-0.273819,0.955817
0,0,0.0209753,0.123356,0.992141
0,0,0.776391,0.161147,0.609302
0,0,0.930559,0.125258,0.344051
0,0,-0.255129,0.66149,0.705224
0,0,-0.672104,-0.0800683,0.736115
0,0,0.304635,0.684172,0.662651
0,0,0.563884,0.686677,0.458813
0,0,-0.486097,0.360126,0.796253
0,0,-0.554249,0.201058,0.807703
0,0,-0.719789,-0.226215,0.656301
0,0,0.980568,-0.163424,0.108531
0,0,-0.333822,-0.545933,0.768453
0,0,0.41095,-0.861054,0.299511
0,0,-0.621819,-0.244595,0.743985
0,0,0.692413,-0.526406,0.493417
0,0,-0.785547,0.325434,0.526316
0,0,0.0850121,0.730683,0.677404
0,0,-0.501201,0.678167,0.537482
0,0,-0.402563,-0.400782,0.822992
0,0,0.898415,-0.0746525,0.432755
0,0,0.799061,0.33976,0.496049
0,0,-0.350969,-0.912547,0.209951
0,0,0.292944,0.822005,0.488356
0,0,0.501702,0.733115,0.45917
0,0,-0.0580066,0.633545,0.771528
0,0,-0.930741,0.281979,0.232827
0,0,0.357663,-0.216919,0.908308
0,0,-0.510993,-0.637385,0.576738
0,0,0.497113,0.478163,0.724044
0,0,0.32127,0.229796,0.918683
0,0,-0.684432,0.0375718,0.728108
0,0,-0.0466771,0.20089,0.978501
0,0,-0.679152,0.640956,0.357671
0,0,-0.273082,-0.887486,0.371208
0,0,-0.781981,-0.613631,0.109375
0,0,-0.705028,0.149371,0.69327
0,0,-0.486186,0.865827,0.118179
0,0,-0.108368,-0.357279,0.92769
0,0,0.440713,0.172058,0.881004
0,0,-0.777042,-0.402177,0.48421
0,0,0.0650986,0.969341,0.236938
0,0,-0.58987,0.258988,0.764839
0,0,-0.0364954,-0.645723,0.762699
0,0,0.339175,0.352838,0.872047
0,0,0.789525,-0.396765,0.468217
0,0,-0.541913,-0.12076,0.831713
0,0,0.0413946,0.639267,0.76787
0,0,0.694745,-0.0510942,0.717439
0,0,-0.69823,-0.6836,0.212521
0,0,-0.89346,-0.0542427,0.445855
0,0,-0.856159,0.397459,0.330179
0,0,-0.465073,-0.367774,0.805264
0,0,0.0154629,-0.942958,0.332551
0,0,-0.183184,0.922738,0.339113
0,0,-0.625169,0.110585,0.772615
0,0,-0.453479,-0.805634,0.381196
0,0,-0.00811882,-0.954628,0.29769
0,0,-0.997024,-0.0636437,0.0435116
0,0,-0.0269987,0.979853,0.197885
0,0,0.93421,0.301807,0.190171
0,0,0.901194,-0.100503,0.421603
0,0,-0.628794,0.451369,0.633155
0,0,0.193202,0.366928,0.909965
0,0,-0.00933851,-0.415852,0.909384
0,0,-0.962579,0.0273622,0.269615
0,0,-0.00617251,-0.846004,0.53314
0,0,-0.0698356,0.292348,0.953759
0,0,-0.849846,0.526455,0.0246377
0,0,0.206244,-0.388951,0.897876
0,0,0.635963,0.558574,0.53249
0,0,0.700839,-0.223901,0.677269
0,0,-0.569572,-0.123457,0.812617
0,0,-0.747797,0.608418,0.265758
0,0,-0.622283,-0.6588,0.422784
0,0,0.247409,0.040123,0.96808
0,0,-0.439175,0.869248,0.227009
0,0,-0.822181,-0.558979,0.107526
0,0,0.496138,-0.6727,0.548927
0,0,-0.869797,-0.20984,0.446565
0,0,0.036255,-0.592492,0.80476
0,0,-0.647497,0.3095,0.696388
22.3247,31.1132,0.960253,0.259929,0.101741
0,0,0.974958,-0.0494828,0.216813
0,0,0.615514,0.778967,0.119805
0,0,0.636201,-0.771499,0.0061153
0,0,0.840501,0.0161638,0.541569
0,0,-0.385515,0.660745,0.644046
0,0,0.920565,0.35158,0.170151
0,0,-0.125931,-0.982579,0.136673
0,0,-0.435433,-0.549887,0.712757
0,0,-0.893701,-0.429953,0.128212
0,0,0.854455,-0.0480753,0.517297
0,0,-0.986407,0.138461,0.0884886
0,0,0.750736,0.443694,0.489419
0,0,-0.438898,0.594029,0.674165
0,0,-0.244867,-0.619064,0.74619
0,0,0.31701,-0.527158,0.788422
0,0,0.947174,-0.263071,0.183453
0,0,0.648547,0.747199,0.145191
0,0,-0.871551,-0.255226,0.41864
0,0,0.242782,-0.966434,0.0840383
0,0,-0.685506,-0.692642,0.224339
0,0,-0.113076,-0.472882,0.87384
0,0,0.0882546,0.924527,0.370757
0,0,-0.85903,-0.130803,0.494932
0,0,0.833607,0.206431,0.512334
0,0,0.631266,-0.491789,0.599705
0,0,0.503821,-0.842068,0.192577
0,0,-0.952452,0.298546,0.0608666
0,0,0.135754,0.46849,0.872977
0,0,0.0447858,-0.524344,0.850328
0,0,-0.948136,0.306017,0.0859763
0,0,-0.46857,-0.872355,0.139422
0,0,0.237052,-0.199047,0.950887
0,0,-0.244462,0.756329,0.606799
10.4238,12.3962,-0.416632,-0.355082,-0.83686
0,0,-0.532295,0.775115,0.340381
0,0,-0.168756,0.116999,0.978689
0,0,-0.653688,-0.223781,0.722921
0,0,-0.436259,-0.327395,0.838147
0,0,0.795318,0.275412,0.540016
0,0,0.63629,-0.581033,0.507481
0,0,0.534279,-0.833328,0.141813
0,0,-0.126779,-0.471785,0.872551
0,0,0.056084,0.885632,0.460988
0,0,-0.147636,0.394344,0.907026
0,0,-0.194135,0.979317,0.0570017
0,0,-0.668968,0.707175,0.22888
0,0,0.725883,-0.0295554,0.687183
0,0,0.70982,-0.648376,0.275253
0,0,-0.818637,0.502921,0.277315
0,0,-0.851299,-0.515485,0.0978003
0,0,-0.749324,0.116138,0.651939
0,0,0.115727,0.474229,0.872762
0,0,-0.908332,0.368555,0.197736
0,0,0.807542,-0.208747,0.551635
0,0,-0.941081,0.150015,0.303088
0,0,-0.631372,-0.462395,0.622543
0,0,-0.18727,-0.917677,0.350427
9.24987,13.1634,0.0314223,0.155673,0.987309
0,0,-0.0232684,0.87566,0.482367
0,0,-0.348554,-0.857298,0.378879
0,0,0.542295,-0.109228,0.833058
0,0,-0.0498687,0.849014,0.526011
0,0,0.852619,-0.0962639,0.513589
0,0,-0.719101,0.576954,0.387322
0,0,0.586513,0.78366,0.204645
0,0,0.45242,0.642499,0.618475
0,0,-0.929243,-0.155695,0.335062
0,0,-0.640541,-0.467287,0.609385
0,0,-0.358313,0.806755,0.469848
0,0,0.884862,0.120421,0.45002
0,0,-0.964627,0.255026,0.0667615
0,0,-0.372346,-0.583944,0.721366
0,0,-0.342196,-0.347206,0.873126
0,0,0.172491,-0.600627,0.780701
0,0,-0.143635,0.641208,0.753804
0,0,-0.743633,0.169912,0.646637
0,0,-0.973211,0.119985,0.196122
0,0,-0.244088,0.945921,0.21367
0,0,0.093817,0.824907,0.557429
17.9237,23.8792,-0.205518,-0.104597,0.973048
0,0,0.800056,-0.377854,0.465979
0,0,-0.0286119,-0.393818,0.918743
0,0,0.0263607,0.996973,0.0731475
0,0,-0.418639,-0.908012,0.0159758
0,0,-0.992675,0.113356,0.0417949
0,0,-0.113207,-0.982808,0.145849
0,0,0.441237,-0.643654,0.625316
0,0,-0.572431,-0.711345,0.407812
0,0,0.944453,0.0650121,0.322153
0,0,0.986131,-0.129396,0.103932
0,0,0.827754,0.0319525,0.56018
0,0,0.900547,0.0225253,0.434175
0,0,-0.474031,0.203061,0.856774
0,0,0.00633706,0.971277,0.237868
0,0,0.749155,0.262593,0.608122
0,0,0.780104,-0.624559,0.0369265
0,0,0.80595,-0.5901,0.0471937
0,0,0.149795,0.412392,0.898607
0,0,0.225679,0.0141553,0.974099
0,0,0.561024,0.669461,0.486903
0,0,0.60841,0.0334117,0.792919
0,0,-0.903928,-0.274991,0.327557
0,0,0.414172,-0.236907,0.878827
0,0,0.925418,0.337557,0.172212
0,0,-0.384211,-0.0344321,0.922603
0,0,-0.522568,0.488345,0.698886
0,0,-0.619215,-0.764963,0.177213
0,0,-0.632709,0.337003,0.697215
0,0,-0.565374,-0.348465,0.747612
0,0,0.902028,-0.216291,0.373581
0,0,-0.385052,-0.917431,0.100273
0,0,-0.466899,0.297269,0.832849
0,0,-0.606826,-0.180617,0.774041
0,0,0.78897,-0.0311994,0.613639
0,0,0.245599,0.327687,0.912306
0,0,-0.767942,-0.640456,0.00898168
0,0,0.378845,0.756073,0.533694
0,0,0.470071,-0.527567,0.707606
0,0,0.776328,-0.630306,0.00538891
0,0,-0.444415,-0.660388,0.605296
0,0,-0.0137857,0.79241,0.609833
0,0,0.614982,-0.0937398,0.782949
0,0,0.30846,0.144624,0.940179
0,0,-0.644017,0.555575,0.525907
0,0,-0.554501,0.420275,0.71826
0,0,0.160787,-0.563454,0.81035
0,0,-0.493949,0.661924,0.5638
0,0,0.39592,0.732752,0.553463
0,0,0.137301,0.813819,0.564665
0,0,-0.448772,-0.684645,0.574338
0,0,-0.226942,0.971921,0.062186
0,0,0.0501532,0.445069,0.894091
0,0,-0.577443,-0.359703,0.732921
0,0,-0.941155,0.0521481,0.333929
0,0,0.0825745,0.939543,0.332327
0,0,-0.737448,0.0745039,0.671282
0,0,0.567759,-0.322346,0.757458
0,0,-0.594099,-0.557006,0.580337
0,0,0.578881,0.273295,0.768249
0,0,-0.459653,0.550704,0.696738
0,0,0.0618946,-0.848279,0.52592
0,0,0.370304,0.367223,0.853242
0,0,0.0889389,0.220425,0.971341
0,0,0.022788,-0.100082,0.994718
0,0,-0.208708,-0.7975,0.56607
0,0,0.659326,0.698293,0.278705
0,0,0.687389,-0.15032,0.710563
0,0,-0.684494,-0.458499,0.566787
0,0,0.177671,-0.476943,0.86079
0,0,0.835567,0.266741,0.480289
0,0,-0.542951,-0.591759,0.59584
0,0,0.431215,-0.790885,0.434228
0,0,-0.451359,0.61295,0.648512
0,0,0.784598,-0.587902,0.196918
0,0,0.744807,0.0866995,0.661624
0,0,0.0670644,0.69627,0.71464
0,0,0.753555,0.542055,0.371929
0,0,-0.0410733,0.952808,0.300783
0,0,-0.351624,-0.13892,0.925776
0,0,-0.752162,0.387451,0.533042
0,0,-0.746262,-0.148705,0.64883
0,0,0.588647,0.802854,0.0944452
0,0,-0.23895,-0.350999,0.905374
0,0,0.127464,0.953056,0.27466
0,0,-0.652406,-0.75308,0.0850658
0,0,0.787948,-0.190484,0.585537
0,0,0.661572,0.513938,0.546068
0,0,-0.171218,-0.676656,0.716115
0,0,-0.100424,-0.829199,0.549858
0,0,-0.220504,-0.774501,0.592897
0,0,-0.572574,0.321043,0.754381
0,0,-0.631456,0.405316,0.661046
0,0,0.444476,-0.890354,0.0985403
0,0,-0.292958,0.955873,0.0219773
0,0,-0.764304,0.589851,0.260607
0,0,0.318286,0.174376,0.931819
0,0,0.696647,-0.66186,0.276811
0,0,0.837207,0.545458,0.039507
0,0,0.476538,-0.866419,0.149094
0,0,0.411566,0.805849,0.4257
0,0,0.0576966,0.750049,0.658861
0,0,0.804725,0.302935,0.510537
0,0,-0.265966,0.173493,0.948242
0,0,-0.838709,-0.415821,0.351652
0,0,0.808705,-0.550577,0.20703
20.9501,28.3807,-0.966611,-0.0620891,-0.248611
0,0,0.780406,-0.429855,0.454082
0,0,-0.361355,0.885208,0.292966
0,0,0.611274,0.762189,0.213103
0,0,-0.923698,-0.321919,0.207726
0,0,0.0346881,0.987163,0.155901
0,0,-0.0155439,-0.729628,0.683667
0,0,0.57216,-0.502051,0.648519
0,0,0.581255,-0.594484,0.555636
5.59716,7.74508,-0.553633,0.326433,0.766114
0,0,0.484985,-0.433601,0.75946
0,0,0.588382,0.807791,0.0357734
0,0,-0.368236,-0.0855143,0.925791
0,0,-0.599131,0.743896,0.296075
0,0,0.936416,-0.221462,0.272175
0,0,-0.358952,-0.847036,0.392024
0,0,-0.587711,0.797793,0.134621
0,0,-0.0221485,0.735108,0.677588
0,0,0.299519,-0.395992,0.868031
0,0,-0.45377,0.373763,0.808946
0,0,0.318912,0.292894,0.901393
0,0,0.784979,-0.482411,0.3887
0,0,-0.230021,0.118617,0.96593
0,0,0.442505,-0.8818,0.163149
0,0,-0.136975,-0.327799,0.934765
0,0,-0.373844,-0.630458,0.680268
0,0,-0.985896,-0.0100723,0.167057
0,0,0.738395,-0.191175,0.646704
0,0,0.335926,0.941103,0.0384577
0,0,0.350202,0.837715,0.419037
0,0,0.429028,0.874839,0.224927
0,0,0.918372,0.0110751,0.395562
0,0,0.318918,-0.606435,0.728373
0,0,-0.526943,0.324515,0.785507
0,0,0.405641,0.185923,0.894924
8.3912,13.502,0.210421,0.0088833,0.97757
0,0,0.55754,0.82968,0.0279386
0,0,-0.110111,0.981489,0.156703
0,0,0.849585,0.367862,0.377999
0,0,-0.597566,0.322121,0.73427
0,0,-0.914197,-0.399989,0.065215
0,0,0.313001,-0.345506,0.884678
0,0,-0.0157521,-0.465645,0.884831
0,0,-0.486319,-0.571972,0.660562
0,0,-0.987331,-0.0402137,0.153491
0,0,-0.0849074,0.455717,0.886066
0,0,0.452331,-0.857266,0.245952
0,0,0.540098,-0.835299,0.102806
0,0,0.640686,-0.438172,0.630497
0,0,-0.673992,-0.512311,0.532234
0,0,0.846155,0.399985,0.352184
0,0,-0.772409,-0.115052,0.624618
0,0,0.631226,0.681432,0.370412
0,0,-0.392253,0.459684,0.796761
0,0,-0.341235,0.332998,0.879017
0,0,0.390598,0.642218,0.659537
0,0,0.37511,0.741558,0.556223
0,0,0.0342469,-0.404071,0.914086
0,0,-0.399191,0.22306,0.88932
0,0,0.630768,-0.231466,0.740645
0,0,0.557652,-0.450027,0.697495
0,0,0.39478,-0.666643,0.632246
0,0,-0.0342452,0.93753,0.346215
0,0,0.1585,0.6183,0.769794
0,0,0.395722,-0.754647,0.523366
0,0,0.588972,-0.195363,0.784184
0,0,-0.515051,-0.372351,0.772061
0,0,-0.357306,-0.519953,0.775875
0,0,-0.915579,0.22429,0.333781
0,0,0.552903,0.814088,0.177649
0,0,-0.828015,-0.069154,0.556426
0,0,0.351408,0.919149,0.17798
0,0,-0.672378,-0.715278,0.190485
0,0,0.794227,-0.526348,0.303579
0,0,0.232702,-0.833496,0.501134
0,0,-0.372769,-0.188698,0.908535
0,0,-0.297918,0.95458,0.00464047
0,0,-0.405682,-0.428819,0.807178
0,0,0.0532397,0.773389,0.631692
0,0,-0.342322,0.90736,0.243953
0,0,0.561505,-0.202974,0.802193
0,0,0.586616,0.797304,0.142081
0,0,-0.762816,-0.534593,0.36376
0,0,0.988746,0.107746,0.103789
0,0,-0.792442,0.559528,0.242826
0,0,-0.0607216,0.952866,0.297253
0,0,-0.890921,0.176562,0.418433
0,0,-0.24227,-0.69326,0.678746
0,0,0.87652,-0.0542635,0.478297
0,0,-0.749212,0.221365,0.624243
0,0,0.359618,0.781296,0.510148
0,0,0.54106,-0.822355,0.176027
0,0,0.480382,-0.669692,0.566345
0,0,-0.967858,-0.0088056,0.251343
0,0,-0.674459,0.449496,0.585712
0,0,-0.994076,0.108538,0.0056084
0,0,0.897348,-0.277431,0.343217
0,0,0.0800092,0.0180898,0.99663
0,0,-0.25924,0.48748,0.833761
23.7929,34.5688,0.458734,-0.657827,0.597349
0,0,-0.00404701,-0.640138,0.768249
0,0,0.443185,0.835805,0.324062
0,0,0.950238,0.299894,0.0843296
0,0,-0.0849973,-0.35579,0.930693
0,0,0.35143,-0.928104,0.122967
0,0,0.166765,-0.663265,0.729568
0,0,-0.0049645,0.964018,0.265789
0,0,0.437686,-0.863923,0.249135
0,0,-0.762937,-0.0311716,0.645721
0,0,-0.407178,0.26837,0.873031
0,0,-0.940775,0.335317,0.0500479
0,0,0.44604,0.672315,0.590796
0,0,-0.722328,0.673374,0.157508
0,0,0.270839,0.9222,0.276031
0,0,-0.281493,-0.622016,0.730656
0,0,-0.921592,0.356866,0.152692
15.7883,24.4067,-0.865008,-0.0189433,-0.501401
0,0,-0.56861,0.190691,0.8002
0,0,-0.477165,0.608308,0.634252
0,0,0.809743,0.207782,0.548765
0,0,-0.27474,-0.871513,0.40618
0,0,-0.225153,0.78027,0.583511
0,0,-0.529051,-0.0538156,0.846882
0,0,-0.435314,-0.271954,0.858221
0,0,-0.266237,0.532283,0.803612
0,0,0.301185,-0.746726,0.593032
0,0,0.921827,0.0700164,0.381226
0,0,-0.0951527,0.811122,0.577085
0,0,-0.40983,0.77534,0.480507
0,0,-0.691878,0.166107,0.702648
0,0,-0.399199,-0.144413,0.90542
22.9726,31.0212,0.436529,-0.56853,-0.697292
0,0,0.935439,-0.348296,0.0603669
0,0,-0.880182,0.472593,0.0439949
0,0,-0.956208,-0.261724,0.131021
0,0,0.244158,0.911492,0.331012
0,0,0.500765,-0.0439893,0.864465
0,0,-0.788323,0.0561676,0.612693
0,0,-0.495271,0.858854,0.130674
0,0,0.184736,0.882971,0.431549
0,0,0.411353,-0.130703,0.902056
0,0,-0.397091,-0.297129,0.868351
0,0,0.642649,-0.348856,0.68213
0,0,-0.659864,-0.751266,0.0133868
0,0,0.981481,-0.190246,0.0223831
0,0,0.0949888,0.938863,0.330928
0,0,-0.864083,0.0718907,0.498189
0,0,0.10985,-0.935566,0.335632
0,0,0.498834,-0.303685,0.811751
0,0,0.117381,0.992672,0.028697
0,0,0.337375,0.862198,0.37788
0,0,0.733397,0.398632,0.550656
0,0,-0.0878742,-0.897444,0.432288
0,0,-0.0919876,0.719615,0.688254
0,0,-0.488534,-0.807666,0.330168
0,0,-0.00183886,-0.964726,0.263249
0,0,-0.757088,-0.604495,0.247798
0,0,-0.102084,-0.891169,0.442038
0,0,-0.0383742,0.469699,0.881992
0,0,0.139072,0.429108,0.892483
0,0,-0.144484,-0.93727,0.317253
0,0,0.689236,0.443349,0.573057
0,0,-0.973745,-0.216158,0.071383
0,0,-0.160056,0.944936,0.285442
18.4932,28.3926,0.735531,-0.0654948,0.674318
0,0,-0.259418,-0.960535,0.100374
0,0,0.24922,0.693286,0.676198
0,0,-0.407809,-0.324723,0.853374
0,0,0.276345,-0.20309,0.939355
0,0,-0.382439,0.801579,0.459577
0,0,0.0893482,-0.804397,0.587336
0,0,0.917152,0.394881,0.0538717
0,0,-0.140553,-0.415843,0.898509
0,0,0.607855,-0.647738,0.459291
0,0,-0.965177,0.193994,0.175499
0,0,-0.749832,0.512985,0.41785
0,0,0.153315,-0.143755,0.977665
0,0,-0.0165038,-0.998363,0.0547707
0,0,-0.630573,0.774373,0.052197
0,0,-0.647553,-0.01357,0.7619
0,0,-0.914603,0.370002,0.163094
0,0,0.853802,-0.497952,0.151874
0,0,-0.521439,-0.800962,0.294213
0,0,-0.374149,0.713512,0.592379
0,0,-0.421713,-0.796834,0.432681
0,0,0.230569,-0.547705,0.804275
0,0,-0.496908,0.645194,0.580352
0,0,-0.646504,-0.746712,0.156377
0,0,0.803585,0.545872,0.237224
0,0,0.622416,-0.556665,0.550203
0,0,-0.649412,-0.146238,0.746243
24.2206,31.087,-0.742569,0.621365,0.249994
0,0,0.315198,-0.851853,0.418327
0,0,-0.489082,-0.638627,0.594099
0,0,0.718972,0.134188,0.681963
0,0,-0.0641008,0.866083,0.495774
0,0,0.775358,-0.386552,0.499397
0,0,-0.640526,0.737029,0.215673
0,0,-0.0418863,-0.665683,0.745058
0,0,-0.0664417,-0.379033,0.922995
0,0,-0.344068,-0.145059,0.927672
0,0,0.897019,-0.33703,0.28595
11.0178,13.9112,-0.60686,0.119711,0.785742
0,0,0.586248,0.481204,0.651733
0,0,0.896581,-0.436767,0.0733315
0,0,-0.587325,-0.808387,0.0394999
0,0,0.743763,0.24339,0.622558
0,0,-0.986037,-0.157242,0.0548199
0,0,0.140531,-0.289758,0.946726
0,0,0.676695,-0.735517,0.0331537
0,0,0.434659,0.899066,0.052467
0,0,-0.699402,0.712422,0.057379
0,0,0.823376,0.121975,0.554233
0,0,0.959749,0.155286,0.234026
0,0,0.900996,-0.3784,0.212179
0,0,0.228814,-0.912889,0.33805
0,0,-0.520216,-0.843895,0.131214
0,0,-0.366796,-0.684573,0.629936
0,0,0.98569,-0.0683249,0.154102
0,0,0.910033,0.167979,0.378977
0,0,0.0277075,0.986279,0.162745
0,0,-0.276612,-0.957484,0.0819195
0,0,-0.156114,0.984453,0.0804989
0,0,0.300383,-0.649191,0.6988
0,0,0.536505,-0.712646,0.451994
0,0,0.847176,-0.436571,0.302819
0,0,0.526265,-0.846616,0.0792883
8.46887,11.6032,-0.659916,-0.0969889,-0.745053
0,0,0.80057,0.432037,0.415249
0,0,-0.139334,0.970738,0.195584
0,0,-0.724696,0.295871,0.622316
0,0,0.370062,0.0228117,0.928727
0,0,-0.322792,0.899751,0.293689
0,0,0.271862,-0.749636,0.603437
0,0,-0.0824315,-0.737858,0.669904
0,0,0.827069,0.492635,0.270681
0,0,0.0932183,0.375464,0.922137
0,0,-0.480352,0.189513,0.856356
0,0,0.751268,0.615733,0.237633
0,0,0.649048,-0.0635629,0.758087
0,0,-0.96744,0.0505696,0.247999
0,0,-0.99555,-0.0893385,0.0299664
0,0,-0.175142,0.352352,0.919333
0,0,0.663505,0.413092,0.623792
0,0,-0.626136,0.483981,0.611323
0,0,0.946834,-0.0742683,0.313033
0,0,-0.39842,0.0620877,0.915099
0,0,0.156172,0.225469,0.961652
0,0,0.392571,-0.0450562,0.918617
0,0,-0.382052,-0.301909,0.873435
0,0,-0.268457,-0.830109,0.488722
0,0,-0.43534,0.882276,0.179076
0,0,0.430224,-0.42024,0.79894
0,0,0.948181,0.317692,0.00501188
0,0,0.482993,-0.115966,0.867911
0,0,0.528125,0.394254,0.752096
0,0,-0.709716,0.0866747,0.699136
0,0,0.332442,-0.910943,0.244264
0,0,-0.980714,-0.188703,0.0509019
0,0,0.307441,0.545727,0.779527
0,0,-0.794422,0.0248047,0.60686
0,0,-0.480935,-0.668818,0.566908
0,0,0.430017,-0.331359,0.839814
0,0,-0.632771,0.205623,0.746538
0,0,0.293865,-0.925291,0.23975
0,0,-0.568458,-0.748387,0.34172
0,0,-0.257707,-0.851123,0.457359
0,0,0.606862,0.33426,0.721102
0,0,-0.459966,0.119037,0.879921
0,0,0.953713,-0.30038,0.0142459
0,0,0.862774,0.284122,0.418205
0,0,-0.8627,0.501472,0.0653752
0,0,0.087235,0.816696,0.570437
0,0,0.0288506,-0.964225,0.26351
0,0,0.257914,-0.730673,0.632137
17.2473,24.3755,-0.0097148,0.0380188,0.99923
0,0,-0.00167698,-0.40751,0.913199
0,0,0.436871,-0.878186,0.194764
0,0,0.317032,0.364473,0.875586
0,0,-0.416875,0.122862,0.900622
0,0,-0.468721,0.812209,0.347301
0,0,-0.0406652,-0.191996,0.980553
0,0,-0.938181,-0.239714,0.249709
0,0,-0.845662,-0.524213,0.100286
0,0,-0.887014,-0.0320751,0.460626
0,0,0.466689,0.191363,0.863471
0,0,0.313169,0.463923,0.828674
0,0,-0.322802,-0.940973,0.10183
0,0,-0.11322,0.884113,0.453349
0,0,-0.484378,-0.455272,0.747064
0,0,-0.459391,0.219651,0.860647
0,0,-0.582519,-0.712441,0.391279
0,0,0.55238,0.499153,0.667625
0,0,0.727879,0.683566,0.0541306
0,0,0.828979,-0.504135,0.242162
0,0,-0.614562,0.220393,0.757457
0,0,0.343731,-0.929747,0.131982
0,0,0.645413,-0.750125,0.144061
0,0,0.799907,0.29164,0.524495
0,0,-0.556501,-0.660722,0.503739
0,0,-0.510869,0.3724,0.774811
0,0,-0.954922,0.27675,0.107389
0,0,-0.973105,-0.209729,0.095293
0,0,0.748972,-0.653427,0.10988
0,0,-0.834729,0.482271,0.265787
0,0,-0.390878,0.584981,0.710641
0,0,-0.247229,-0.810306,0.531302
0,0,0.139806,0.955867,0.258406
0,0,-0.408039,0.51332,0.754988
0,0,-0.311383,0.944465,0.105004
19.5155,29.2511,0.396525,-0.191911,-0.89774
0,0,0.0831655,0.626951,0.774607
0,0,0.38367,-0.839023,0.385794
0,0,0.354412,-0.595447,0.720996
0,0,0.747022,-0.111261,0.655423
0,0,0.988887,-0.122596,0.0840982
0,0,0.252211,0.234812,0.938751
0,0,0.18923,0.536533,0.822389
0,0,0.820796,0.548996,0.157788
0,0,-0.37765,-0.0193838,0.925745
0,0,0.53027,0.445575,0.721302
0,0,-0.376742,0.922917,0.0793072
0,0,-0.798008,-0.512899,0.316415
0,0,-0.677217,0.695636,0.239724
0,0,-0.213128,-0.84981,0.482079
8.5267,11.5782,-0.516363,-0.765859,0.383183
0,0,-0.582894,-0.294956,0.757123
0,0,0.823966,0.0236982,0.566143
0,0,-0.567876,-0.112582,0.815378
0,0,-0.944382,-0.194559,0.265121
0,0,-0.53904,0.255057,0.802734
0,0,-0.0949474,0.716854,0.690728
0,0,-0.762943,-0.611159,0.210718
0,0,-0.151365,-0.98823,0.0221206
0,0,0.0604213,0.796117,0.602119
0,0,0.0855732,-0.329146,0.940394
0,0,-0.968256,-0.172801,0.180608
0,0,-0.363115,-0.444747,0.818748
0,0,-0.305451,0.916709,0.257573
0,0,-0.221538,0.420852,0.879662
0,0,-0.621748,0.407665,0.668759
22.5422,30.5077,-0.270989,0.538132,0.79811
0,0,-0.564737,0.285935,0.774153
0,0,-0.999114,-0.0419868,0.00285545
0,0,0.301628,-0.767487,0.565672
0,0,0.787485,0.521158,0.329032
0,0,-0.643863,0.732367,0.221537
0,0,0.834795,0.24628,0.492406
0,0,0.143949,-0.987452,0.0649387
0,0,-0.541974,-0.62874,0.557629
0,0,-0.40824,-0.388443,0.826107
0,0,-0.29253,-0.954753,0.0536055
0,0,-0.268183,-0.956663,0.113465
16.3152,24.2679,-0.222996,-0.132468,0.965777
0,0,-0.983183,0.122537,0.135408
0,0,0.4558,0.468953,0.756524
0,0,0.272441,0.577977,0.769233
0,0,-0.67145,0.254585,0.695946
0,0,-0.123755,0.989202,0.0785086
0,0,0.876251,-0.314529,0.365042
0,0,-0.804261,-0.371036,0.464217
0,0,0.664259,0.475616,0.576671
0,0,-0.931842,-0.0853723,0.352678
0,0,0.212789,0.771882,0.599099
0,0,-0.386489,0.482193,0.786204
20.0715,29.5595,0.686924,-0.122958,0.716252
0,0,0.973244,-0.145948,0.177471
0,0,0.923845,-0.382373,0.017329
0,0,0.278672,-0.812987,0.511266
0,0,0.662291,-0.723453,0.194899
0,0,-0.436407,-0.487538,0.756212
0,0,-0.307779,0.924523,0.224789
0,0,-0.489472,0.418227,0.765182
0,0,0.738227,-0.67099,0.0692365
0,0,-0.354285,-0.232048,0.90589
0,0,-0.643643,-0.477207,0.598329
0,0,0.16058,-0.959815,0.23015
0,0,0.31831,-0.87854,0.356154
0,0,0.957876,0.196361,0.209561
0,0,0.89378,-0.427626,0.135249
0,0,-0.8967,-0.379234,0.228278
0,0,0.844717,-0.357699,0.398127
0,0,-0.0254903,-0.00389759,0.999667
0,0,0.292995,0.930757,0.218736
0,0,0.848407,-0.125523,0.514246
0,0,-0.670847,-0.741396,0.0172152
0,0,0.485113,0.836024,0.256377
0,0,0.296898,-0.229274,0.926976
0,0,-0.677769,0.280403,0.679708
0,0,0.058013,-0.424712,0.903468
0,0,-0.232241,-0.793319,0.562769
0,0,0.95238,0.117394,0.28141
0.675992,0.54826,0.0571341,-0.153223,0.986539
0,0,-0.0398622,0.930649,0.363735
0,0,0.348949,-0.918141,0.187753
0,0,0.6727,0.69691,0.248578
0,0,-0.457346,-0.257875,0.851079
0,0,-0.906455,0.0345609,0.420886
0,0,-0.588593,0.590122,0.552553
0,0,-0.923114,0.369193,0.107502
0,0,-0.622988,-0.337198,0.705821
0,0,0.131542,-0.498303,0.856966
0,0,-0.879673,0.459004,0.124462
0,0,-0.492826,-0.870062,0.0107284
0,0,0.515702,0.421503,0.745913
0,0,0.168157,-0.56554,0.807395
14.6203,20.7092,-0.207108,0.0680031,0.975952
0,0,0.891409,0.0562646,0.449694
0,0,0.0381239,-0.998708,0.0336089
0,0,0.072596,-0.974667,0.21155
0,0,0.204865,0.978077,0.0373503
0,0,-0.461271,-0.0690502,0.884568
0,0,-0.81302,-0.552506,0.183674
0,0,0.371425,-0.464908,0.803681
0,0,0.634907,-0.539978,0.552555
0,0,0.759677,-0.58886,0.275925
0,0,0.757451,0.521631,0.392643
0,0,-0.421854,0.525612,0.738764
0,0,0.125531,-0.947585,0.293812
0,0,0.469544,0.413386,0.780155
0,0,0.641392,-0.528519,0.556132
0,0,-0.0779358,0.395269,0.915253
0,0,-0.27345,-0.579582,0.767665
0,0,-0.407343,0.667135,0.623701
0,0,-0.409102,0.779175,0.474892
0,0,0.881645,0.467106,0.0671831
0,0,-0.535255,0.0951518,0.839314
0,0,0.0524935,0.708951,0.703301
16.6651,24.1314,-0.21874,-0.168053,0.961203
0,0,-0.861336,-0.468222,0.197153
0,0,-0.471847,-0.873699,0.11837
0,0,0.0313364,-0.999068,0.0296755
0,0,-0.536537,0.024015,0.843535
0,0,-0.61183,0.344224,0.712162
0,0,0.852576,-0.265752,0.449988
0,0,0.363435,-0.842801,0.396991
0,0,0.800186,0.437775,0.409946
0,0,0.332782,0.751697,0.569392
0,0,0.135646,-0.271882,0.952722
0,0,-0.736034,0.606094,0.301505
0,0,0.167332,-0.353428,0.920374
0,0,0.137264,-0.976515,0.166063
0,0,-0.0391139,-0.967486,0.249882
0,0,-0.696276,-0.516845,0.498067
0,0,0.991681,0.0616567,0.112994
0,0,0.725239,0.105126,0.680424
0,0,0.900526,0.404871,0.15853
3.1931,5.49997,-0.723738,-0.238866,0.647416
11.8023,16.3953,-0.236397,0.226034,0.945
0,0,0.33084,0.937931,0.104071
0,0,-0.090262,-0.937328,0.336554
0,0,0.505648,0.862414,0.0237178
0,0,-0.998402,-0.049248,0.0277086
0,0,0.667713,-0.286462,0.687095
0,0,-0.693089,-0.552373,0.463153
0,0,-0.312906,0.936786,0.156593
0,0,0.0812304,0.935764,0.343142
0,0,0.316336,-0.822014,0.473523
0,0,0.475859,0.877995,0.0517979
0,0,0.139113,0.989476,0.0398083
0,0,0.278317,-0.351833,0.89373
0,0,-0.184546,0.776741,0.602177
0,0,-0.0485881,0.983729,0.172966
0,0,-0.883494,0.237806,0.403592
0,0,0.488538,0.688382,0.536154
0,0,-0.939803,-0.0493292,0.338137
0,0,0.138696,-0.990303,0.00801649
0,0,-0.321482,-0.369601,0.871805
0,0,0.820433,0.569566,0.0498345
0,0,-0.238923,0.238147,0.941383
0,0,-0.773244,0.0743709,0.629732
0,0,-0.914425,0.133044,0.382263
0,0,0.186497,-0.860666,0.473785
0,0,-0.0636851,-0.994757,0.0800196
0,0,0.788767,-0.192986,0.583613
0,0,0.152859,0.928204,0.339221
0,0,-0.718556,-0.681112,0.140586
0,0,-0.643175,-0.754513,0.13052
0,0,-0.270303,0.334598,0.902763
0,0,0.462889,-0.859885,0.215248
0,0,0.614419,-0.781065,0.111475
0,0,0.108108,0.230308,0.967094
0,0,-0.983705,0.0532504,0.171724
0,0,-0.33963,0.893098,0.295005
0,0,0.439839,0.824925,0.355021
0,0,0.186833,-0.228635,0.955416
0,0,0.0709085,0.57666,0.813901
0,0,0.758459,-0.0207855,0.651389
0,0,-0.361373,-0.913204,0.188331
0,0,0.906839,0.385761,0.169797
0,0,0.211666,-0.539742,0.814786
0,0,0.7559,-0.605207,0.249681
0,0,-0.485125,-0.69471,0.531067
0,0,0.913291,0.25876,0.314551
0,0,0.666047,-0.594062,0.451079
0,0,0.718049,-0.656935,0.229875
0,0,-0.386119,-0.518874,0.762681
0,0,-0.155923,0.820521,0.54994
0,0,-0.936811,-0.124348,0.326989
0,0,0.348465,0.386123,0.854097
0,0,0.514582,0.658317,0.549384
0,0,-0.0843396,-0.957,0.277557
0,0,-0.187282,0.636914,0.747841
0,0,0.831639,0.126508,0.540715
0,0,0.460715,-0.792828,0.398956
0,0,0.147014,0.957571,0.247881
0,0,-0.569838,0.062402,0.819384
0,0,-0.480106,-0.601286,0.638712
0,0,-0.320013,0.506876,0.800417
0,0,0.671709,-0.337791,0.659321
0,0,0.418129,0.793755,0.441725
0,0,0.0735635,0.9943,0.0771747
0,0,0.874874,0.00175691,0.484348
0,0,0.667554,0.223163,0.71033
0,0,0.633442,0.563061,0.530767
0,0,0.917399,-0.243837,0.31452
0,0,0.386622,0.755342,0.529134
0,0,0.760214,-0.648352,0.0414121
0,0,-0.812149,0.0852681,0.577186
0,0,-0.614095,0.340382,0.712059
0,0,0.450178,-0.526148,0.721462
0,0,0.811182,-0.376203,0.447721
0,0,-0.318422,0.23518,0.918312
0,0,-0.535971,0.410754,0.737574
0,0,-0.379911,0.922102,0.0734587
0,0,-0.646623,0.546764,0.531909
0,0,0.710528,0.643921,0.283753
0,0,0.842771,-0.538264,0.00288123
0,0,-0.888158,-0.385987,0.24938
0,0,-0.569811,0.310968,0.760667
0,0,-0.635191,0.706481,0.312116
0,0,0.223324,-0.926862,0.30175
0,0,0.332766,0.898832,0.285251
0,0,-0.0161348,0.31188,0.949984
0,0,0.461445,0.845395,0.269027
0,0,-0.844438,0.529494,0.0809945
0,0,0.0674179,-0.591893,0.803192
0,0,0.219417,-0.622717,0.751052
0,0,0.297522,-0.930131,0.215259
0,0,-0.527476,0.709072,0.467958
0,0,0.0123861,-0.995413,0.0948692
0,0,0.573643,0.495507,0.652232
0,0,-0.286285,-0.831395,0.47626
0,0,0.80659,-0.171515,0.565681
0,0,-0.851803,0.117083,0.51061
0,0,0.152265,0.367373,0.917525
0,0,-0.603568,-0.0344206,0.796568
0,0,0.239095,0.565876,0.789061
0,0,-0.867623,0.497187,0.00597595
0,0,0.0587101,0.995467,0.0748207
0,0,0.638725,0.736533,0.222596
0,0,0.50494,0.380385,0.774818
0,0,-0.0612433,-0.462495,0.884504
0,0,-0.327072,-0.910704,0.252275
0,0,0.791456,-0.51855,0.32358
0,0,0.806513,0.573784,0.142508
0,0,0.6743,0.211761,0.707444
0,0,-0.540902,-0.615947,0.572743
0,0,0.371813,0.446432,0.813912
0,0,0.984709,-0.0598173,0.163616
0,0,-0.441513,-0.366392,0.819038
0,0,0.687489,-0.487104,0.538599
0,0,-0.94932,-0.0937623,0.299999
0,0,0.503814,0.314476,0.804535
0,0,-0.00295851,-0.945049,0.326916
0,0,-0.00639399,0.560058,0.828429
0,0,-0.982519,-0.16763,0.0809735
0,0,-0.28843,-0.706698,0.646054
0,0,-0.562909,0.812485,0.151664
0,0,0.287507,-0.890759,0.351977
0,0,0.823483,0.567132,0.0153865
0,0,0.144955,0.940335,0.307827
0,0,0.941493,0.299308,0.154938
0,0,0.387884,-0.168682,0.906141
0,0,-0.536975,-0.406304,0.739307
0,0,0.703872,-0.659034,0.265026
6.95055,10.4358,0.390043,-0.229064,0.89185
0,0,-0.950366,0.0573903,0.305797
0,0,0.863854,-0.476591,0.163148
0,0,0.670249,-0.532641,0.516779
0,0,0.641936,0.546639,0.537684
0,0,0.982606,0.161762,0.0912047
0,0,0.0492329,-0.761586,0.646191
0,0,-0.249755,-0.360716,0.898614
0,0,-0.835791,-0.154864,0.526755
0,0,-0.502146,0.244681,0.829446
0,0,-0.554692,0.819339,0.144918
0,0,-0.554411,-0.606251,0.570166
0,0,0.383912,0.724121,0.57294
0,0,-0.916745,-0.00261549,0.399464
0,0,0.712205,0.296116,0.636458
0,0,-0.135215,-0.896469,0.421971
0,0,-0.69981,0.68128,0.214766
0,0,0.400795,-0.636512,0.65895
0,0,-0.181784,-0.965564,0.186122
0,0,-0.583006,-0.452954,0.67449
0,0,-0.799742,0.558978,0.218988
0,0,-0.890693,-0.015669,0.454335
0,0,-0.133152,0.87041,0.47398
0,0,0.617141,-0.705367,0.348704
0,0,-0.477134,-0.409877,0.777396
0,0,-0.409623,-0.548992,0.728571
0,0,0.904906,-0.38996,0.170518
0,0,0.0327826,-0.190762,0.981089
0,0,0.796711,0.509738,0.324682
0,0,0.886983,0.0889201,0.45316
0,0,-0.109433,-0.447642,0.887491
0,0,-0.00531729,-0.323872,0.946086
20.0309,28.3599,-0.263522,0.0150307,0.964536
0,0,0.649067,0.554811,0.520477
0,0,0.278354,0.883987,0.375613
0,0,0.346647,0.60773,0.714493
0,0,0.542092,-0.824192,0.163843
0,0,-0.845232,-0.440189,0.303012
0,0,0.985475,0.130903,0.108187
0,0,-0.642644,0.000283607,0.766165
0,0,0.375279,-0.879333,0.293155
0,0,0.137967,-0.391995,0.909563
0,0,-0.631877,0.769654,0.0914501
0,0,0.988642,-0.0887845,0.121261
0,0,-0.620173,0.655558,0.430847
0,0,0.841369,-0.193652,0.504576
0,0,-0.724873,0.506225,0.46722
0,0,0.990106,0.13102,0.0502452
0,0,-0.706934,0.309765,0.635837
0,0,-0.380222,-0.324458,0.866117
0,0,0.307278,-0.223123,0.925092
0,0,0.927415,-0.0064836,0.373977
0,0,0.50113,-0.821383,0.272395
0,0,-0.0794648,0.628856,0.773451
0,0,-0.540925,0.760376,0.359484
0,0,-0.580982,0.178745,0.794047
0,0,0.494013,-0.659897,0.566115
0,0,-0.797525,-0.301945,0.522286
0.799984,1.0703,0.386895,-0.157106,0.908642
0,0,0.143039,-0.988307,0.0528061
0,0,0.489555,0.577555,0.653273
0,0,-0.722343,-0.517575,0.458624
0,0,0.745711,0.148122,0.649596
0,0,-0.201002,0.695741,0.689596
0,0,-0.331951,0.39602,0.856141
0,0,0.656905,-0.371896,0.655872
0,0,0.707904,-0.290964,0.643593
0,0,0.992255,0.112988,0.0516183
0,0,-0.736705,0.570689,0.36274
0,0,0.730413,0.631128,0.261101
0,0,0.845988,-0.296905,0.442891
0,0,0.814688,-0.578689,0.0374545
0,0,0.185615,0.981103,0.0546263
21.8252,31.8809,0.169739,-0.371008,0.912985
0,0,-0.744099,0.144371,0.652283
0,0,0.430105,-0.724287,0.538905
0,0,-0.982612,0.096978,0.15833
0,0,0.410314,0.588878,0.696322
0,0,-0.398838,-0.908037,0.128053
0,0,0.514665,-0.852604,0.0904796
0,0,-0.373834,-0.897933,0.232303
0,0,-0.681038,-0.691159,0.241839
0,0,0.231704,0.423577,0.875726
0,0,-0.871043,0.444627,0.208784
0,0,0.800185,-0.172944,0.574277
0,0,0.836851,0.253965,0.484956
0,0,-0.0409236,0.999159,0.0026581
0,0,0.78466,0.608141,0.120304
0,0,-0.250468,-0.965479,0.0715254
0,0,0.804729,-0.583252,0.110585
0,0,0.712649,0.696568,0.0832061
0,0,0.804094,-0.0891749,0.587776
12.6334,18.1681,0.708025,-0.0569216,0.70389
0,0,-0.834702,-0.44743,0.321058
0,0,0.518199,-0.612486,0.596934
0,0,-0.175367,-0.611481,0.771581
0,0,0.0923774,0.0891107,0.991729
0,0,0.735047,-0.578897,0.352965
0,0,0.8541,-0.503079,0.131998
0,0,-0.2384,0.758055,0.607056
0,0,-0.560416,-0.240589,0.792497
0,0,0.0643931,-0.990537,0.121201
0,0,0.832179,-0.505515,0.227888
0,0,0.0465605,0.682715,0.729199
0,0,-0.239484,0.444277,0.863287
0,0,-0.694984,-0.718472,0.0282068
0,0,0.898692,0.360329,0.25003
0,0,0.689455,0.327656,0.645983
0,0,0.420918,0.763717,0.489452
0,0,-0.514363,-0.599996,0.612728
0,0,0.820876,-0.164951,0.546767
0,0,-0.591515,-0.47252,0.653326
0,0,0.208337,-0.636963,0.742208
0,0,-0.0699866,0.651167,0.755701
0,0,0.912004,-0.264964,0.313119
0,0,-0.287727,0.213666,0.933574
0,0,0.0281661,-0.503228,0.863695
0,0,-0.365412,0.908607,0.202258
0,0,0.602022,0.240314,0.761458
0,0,-0.894278,0.362486,0.262432
0,0,0.408781,-0.00282291,0.912628
0,0,0.414062,0.808529,0.41813
0,0,-0.54013,-0.514412,0.666063
0,0,-0.873711,0.371898,0.313561
0,0,0.257521,-0.492485,0.83135
0,0,-0.258234,0.681517,0.684726
0,0,-0.265413,0.953845,0.14048
0,0,-0.316462,-0.420585,0.850271
0,0,-0.735197,0.636265,0.23378
0,0,-0.152278,0.845556,0.51171
18.1165,26.384,-0.411426,-0.093061,-0.90668
0,0,0.782583,-0.444457,0.435914
0,0,0.960056,-0.23114,0.157691
0,0,-0.934142,0.139049,0.3287
0,0,0.812864,-0.0713012,0.578074
0,0,-0.871349,0.467132,0.150128
0,0,-0.334294,-0.706919,0.623308
0,0,-0.994925,-0.00990751,0.100134
0,0,-0.626663,-0.764754,0.14982
0,0,0.731197,-0.21195,0.648405
0,0,-0.328587,0.540834,0.774293
0,0,-0.584969,0.63317,0.50686
0,0,0.68697,0.714691,0.131487
0,0,0.377958,-0.733741,0.564599
0,0,0.517862,-0.401011,0.755651
0,0,-0.980003,0.0342646,0.196013
0,0,0.842969,-0.469487,0.262649
0,0,-0.182569,-0.0781011,0.980086
0,0,0.156719,-0.491355,0.856743
0,0,0.352716,-0.649697,0.673413
0,0,0.515946,-0.095943,0.851231
0,0,0.0847493,-0.660158,0.74633
0,0,-0.269365,-0.738347,0.618293
0,0,0.279361,-0.49877,0.820479
0,0,0.0927898,-0.22879,0.969043
0,0,-0.0812109,-0.901019,0.42611
0,0,-0.028241,-0.39361,0.918844
0,0,-0.82386,-0.564088,0.0553107
0,0,0.650015,-0.2959,0.699946
0,0,-0.596027,0.3329,0.730704
0,0,-0.115747,0.812117,0.571899
0,0,0.585178,-0.337407,0.737376
0,0,-0.948333,0.0133608,0.316996
0,0,0.278546,0.746339,0.604475
0,0,-0.868202,-0.0713931,0.491048
0,0,0.618224,0.777894,0.112604
0,0,-0.125948,-0.543508,0.829901
0,0,-0.50167,-0.0622355,0.862817
0,0,0.134194,0.926733,0.350938
0,0,-0.832927,-0.498694,0.239868
0,0,0.417302,0.893544,0.165646
0,0,-0.871717,0.488112,0.0430753
0,0,-0.169576,-0.48862,0.855859
0,0,0.363421,-0.665496,0.651951
0,0,-0.409923,0.661592,0.627901
0,0,-0.0284279,-0.523731,0.851409
0,0,-0.182044,-0.670448,0.719277
0,0,-0.481436,-0.388979,0.785439
0,0,-0.218933,0.354215,0.909176
0,0,-0.909797,0.0354194,0.413538
0,0,-0.572061,-0.762403,0.302471
0,0,-0.450449,0.348748,0.82187
0,0,0.178933,-0.791448,0.58446
0,0,0.265573,-0.961056,0.0764297
0,0,-0.129196,0.985567,0.10939
0,0,-0.913162,0.407113,0.0198475
0,0,-0.688175,0.650208,0.321939
0,0,0.312527,-0.711692,0.629143
0,0,0.589691,-0.292977,0.752615
0,0,0.464206,-0.539354,0.702574
0,0,0.759889,-0.420489,0.49574
0,0,0.582083,0.791313,0.187093
0,0,0.540224,-0.47903,0.691873
0.323044,0.600906,0.229789,0.0209416,0.973015
0,0,0.702349,0.6927,0.163931
0,0,0.645131,-0.582302,0.494702
0,0,-0.378155,-0.4942,0.782793
0,0,0.509544,-0.324953,0.796725
0,0,-0.626752,-0.377265,0.681801
0,0,-0.260325,0.327281,0.90836
0,0,-0.636451,0.724916,0.263492
0,0,0.320751,-0.835915,0.445381
0,0,0.662249,-0.742898,0.0976181
0,0,0.539685,0.439162,0.718246
0,0,-0.0125964,0.976315,0.215989
0,0,0.0523187,-0.453716,0.889609
0,0,-0.0963987,0.590508,0.801254
0,0,0.959182,-0.142885,0.244036
0,0,0.858523,0.409082,0.309176
0,0,0.0859881,0.712224,0.696665
0,0,-0.68447,-0.212544,0.69737
0,0,-0.909839,0.412027,0.0492501
0,0,0.687377,-0.322442,0.650803
0,0,-0.280534,-0.885098,0.371352
0,0,-0.622379,0.772958,0.123208
0,0,0.561984,0.141762,0.81491
0,0,-0.408186,-0.727104,0.551999
0,0,-0.23778,-0.516263,0.822759
12.1039,19.4098,-0.0287399,-0.464048,0.885344
0,0,-0.778934,0.595199,0.197483
0,0,-0.141757,0.361001,0.921728
0,0,0.627207,-0.769816,0.118298
0,0,0.189455,0.890477,0.413711
0,0,-0.172326,-0.917652,0.358077
0,0,0.503326,-0.382318,0.774916
0,0,-0.501466,0.131386,0.855143
0,0,0.91653,0.31542,0.245934
0,0,-0.413668,-0.853402,0.31715
0,0,0.623182,-0.394796,0.675115
0,0,0.392125,-0.91115,0.126665
0,0,0.529286,0.783312,0.326005
0,0,0.196205,0.874537,0.443496
0,0,0.222114,-0.492136,0.841705
0,0,0.32227,0.495694,0.806492
0,0,-0.634223,0.513801,0.577728
0,0,0.676147,-0.558582,0.480427
0,0,-0.0520854,-0.634672,0.771024
0,0,-0.44138,-0.578727,0.685755
0,0,0.375047,0.102988,0.921267
0,0,0.174333,0.520813,0.83568
0,0,0.837024,0.17563,0.518212
0,0,-0.924138,-0.0583614,0.377574
0,0,-0.204815,-0.267859,0.941436
0,0,0.793526,-0.0368858,0.607417
0,0,-0.977315,0.208215,0.0387566
0,0,0.319451,0.907463,0.272879
0,0,0.550475,-0.248193,0.797106
0,0,0.449626,0.750678,0.484066
0,0,-0.299276,0.85969,0.413965
0,0,-0.654347,-0.201433,0.728872
0,0,0.0128689,0.718981,0.694911
0,0,0.543185,-0.50857,0.668062
0,0,0.593713,-0.672122,0.442445
0,0,0.0346068,-0.595425,0.802665
0,0,0.295998,0.650546,0.699411
10.6595,15.275,0.300126,-0.11088,0.947433
0,0,-0.676909,-0.116988,0.72671
0,0,0.274538,0.543435,0.793289
0,0,-0.151592,0.505835,0.849206
0,0,0.226905,0.922886,0.311121
0,0,-0.64554,0.762197,0.0483112
0,0,0.0303327,-0.879981,0.47404
0,0,-0.116698,-0.520367,0.845931
0,0,-0.138059,-0.802728,0.580145
0,0,0.995889,-0.037163,0.0826124
0,0,0.0877535,-0.441943,0.892741
0,0,-0.325225,-0.10554,0.939729
0,0,0.398459,0.88999,0.221693
0,0,0.41972,-0.789266,0.448212
0,0,-0.10018,-0.50314,0.858379
0,0,-0.156466,-0.83419,0.528815
0,0,0.826981,0.32408,0.459428
0,0,-0.031919,0.336279,0.941221
0,0,-0.806448,0.583236,0.097357
0,0,-0.102319,0.985495,0.135391
0,0,-0.35153,0.921486,0.165201
0,0,-0.28948,-0.551879,0.782068
0,0,-0.331468,-0.814359,0.47639
0,0,-0.669064,0.738745,0.0812992
0,0,0.65406,-0.156554,0.740065
0,0,-0.0464252,0.996817,0.0648177
0,0,-0.667249,0.693505,0.271717
0,0,-0.806889,0.464339,0.365128
0,0,0.584613,0.722425,0.369229
0,0,-0.235573,-0.606896,0.759067
0,0,0.976316,0.203633,0.0730826
0,0,-0.987996,0.137126,0.0711331
0,0,0.29377,-0.613702,0.73285
0,0,-0.945575,-0.269106,0.182949
0,0,0.00896879,-0.327946,0.944654
0,0,0.238207,-0.289431,0.927085
0,0,0.855369,0.377346,0.354899
0,0,-0.45979,0.745274,0.482866
0,0,0.963303,-0.184086,0.195343
0,0,0.906019,0.271371,0.324789
0,0,0.610051,-0.785572,0.103513
0,0,0.930338,0.105959,0.351061
0,0,0.434777,0.808039,0.397545
5.55135,7.31932,-0.204371,-0.166423,0.964643
0,0,-0.95294,-0.292443,0.0798862
0,0,-0.958708,-0.272089,0.0827431
0,0,0.617848,0.526947,0.583602
0,0,0.327842,-0.0451689,0.943652
0,0,-0.339162,-0.923168,0.180915
0,0,0.605705,0.0654749,0.792991
0,0,0.78682,0.322241,0.526379
0,0,-0.370587,-0.927819,0.0426398
0,0,0.0725387,-0.191595,0.97879
0,0,-0.609791,0.680774,0.405834
0,0,-0.468551,-0.54182,0.697776
0,0,0.748903,-0.579003,0.322334
0,0,-0.757833,0.651957,0.0253195
0,0,0.947468,-0.278104,0.157998
0,0,0.676807,-0.168142,0.716701
0,0,0.560454,-0.483834,0.672158
0,0,0.581584,0.798235,0.156783
0,0,0.880527,-0.0487184,0.471486
0,0,0.470429,0.762033,0.444975
0,0,0.488091,0.771778,0.407587
0,0,-0.269443,0.814499,0.513801
0,0,-0.843326,-0.507934,0.17551
0,0,0.22997,-0.179915,0.956423
0,0,0.165231,0.792226,0.587433
0,0,0.817256,-0.518629,0.251231
0,0,-0.859061,-0.482535,0.170805
0,0,0.635651,-0.671216,0.381336
0,0,0.29186,0.330318,0.897612
0,0,-0.436245,0.104845,0.893699
0,0,0.997368,0.0719036,0.00929348
0,0,0.287405,-0.420588,0.860525
0,0,0.26973,-0.315007,0.909954
0,0,-0.593633,-0.555466,0.582287
0,0,0.364644,-0.572482,0.73437
0,0,-0.398308,-0.520004,0.75561
0,0,-0.240706,0.840178,0.485965
0,0,0.576141,0.347793,0.739663
0,0,-0.0962742,-0.745992,0.658959
0,0,0.734544,-0.566496,0.373534
0,0,0.49941,-0.814813,0.294397
0,0,-0.789708,0.0668651,0.609828
20.1708,30.0374,0.272397,-0.84763,0.455328
0,0,-0.682404,-0.395608,0.61467
0,0,0.0973335,0.858371,0.503711
0,0,0.266521,0.804832,0.530294
0,0,-0.928496,0.058813,0.366656
0,0,0.403298,0.337826,0.850426
0,0,-0.76696,-0.520824,0.374852
0,0,0.0337336,0.459956,0.8873
0,0,0.976425,-0.181182,0.117335
0,0,-0.799834,0.589752,0.111611
0,0,0.671645,0.48009,0.564276
0,0,-0.515136,-0.20035,0.833364
0,0,0.820844,-0.313373,0.477506
0,0,-0.711583,-0.351175,0.608544
0,0,0.0463432,0.58822,0.807372
0,0,0.781875,-0.318223,0.536103
0,0,-0.654726,-0.160293,0.738675
0,0,0.643306,0.707095,0.293553
0,0,0.524353,0.835242,0.165602
0,0,0.542736,-0.820759,0.178306
0,0,-0.832633,-0.429357,0.349821
0,0,0.221495,0.317076,0.922173
0,0,-0.874489,-0.024728,0.484414
0,0,0.51808,0.00996339,0.855274
0,0,-0.0819435,0.842319,0.532714
0,0,-0.939885,-0.300377,0.162449
0,0,0.0142346,-0.487324,0.873105
0,0,0.543961,-0.783539,0.30029
0,0,0.732546,-0.0999514,0.673339
0,0,-0.965593,-0.144996,0.215884
0,0,-0.787281,-0.0573789,0.613919
0,0,0.616974,0.0308769,0.786377
0,0,0.585672,0.552321,0.593237
0,0,0.569588,0.764092,0.302874
21.1202,29.5713,0.818543,0.573915,0.0246506
0,0,-0.327157,0.244789,0.912714
0,0,-0.526155,0.219671,0.821526
0,0,0.888851,-0.323337,0.324648
0,0,0.519353,-0.853693,0.038479
0,0,0.271939,0.0320156,0.961782
11.9071,18.1063,0.450675,0.0826555,0.888853
0,0,0.537828,0.239263,0.80839
0,0,-0.618147,-0.660086,0.426827
0,0,-0.122094,-0.98006,0.156765
0,0,-0.152052,-0.525817,0.836897
0,0,0.932349,0.36145,0.00894509
0,0,-0.1675,0.609049,0.775244
0,0,0.285487,-0.956128,0.065694
0,0,-0.813735,0.14628,0.562528
0,0,0.429842,-0.319813,0.844367
0,0,0.39627,0.686708,0.609427
15.5721,22.5949,-0.26095,0.0598604,0.963495
0,0,0.525822,0.64102,0.559111
0,0,0.108756,-0.731382,0.67324
0,0,0.332015,-0.450249,0.82888
0,0,-0.509235,-0.123859,0.851668
0,0,-0.91361,-0.005765,0.406552
0,0,0.316283,-0.900176,0.299414
8.45498,11.0933,-0.46737,-0.0641325,0.881732
0,0,-0.680002,0.158086,0.715965
0,0,-0.39854,-0.79655,0.454613
0,0,0.336569,0.760888,0.554771
0,0,-0.904859,-0.291835,0.309941
0,0,0.865673,0.0324297,0.499559
0,0,-0.818305,-0.371058,0.438969
0,0,0.15405,-0.301786,0.940847
0,0,0.347243,0.929065,0.127516
0,0,0.249467,0.545776,0.799934
0,0,0.76687,0.178371,0.616518
0,0,0.85108,-0.477571,0.218148
0,0,-0.586371,-0.808578,0.0486867
0,0,0.387503,-0.587613,0.710318
0,0,-0.789218,0.0595361,0.61122
0,0,0.450157,0.617734,0.644797
0,0,-0.894132,-0.441466,0.0750687
0,0,0.633712,0.136168,0.76149
0,0,0.673774,-0.603735,0.426066
0,0,-0.87149,-0.200966,0.447346
0,0,0.899975,-0.228957,0.370977
0,0,-0.957646,0.165617,0.235552
0,0,-0.631552,0.286152,0.720597
0,0,-0.744965,0.273645,0.608396
0,0,-0.958831,0.254645,0.125692
0,0,-0.355622,0.934183,0.0288913
0,0,-0.785994,0.344645,0.513258
0,0,-0.50679,0.849505,0.146644
0,0,0.705023,-0.706692,0.0594075
0,0,-0.577785,-0.569103,0.585053
0,0,0.363873,-0.749982,0.55238
0,0,-0.0943083,0.983672,0.153281
0,0,-0.685452,-0.696952,0.210745
0,0,-0.759538,0.650444,0.00497663
0,0,0.250269,-0.947524,0.198904
0,0,-0.949639,0.278493,0.143624
0,0,0.601034,-0.798455,0.035031
0,0,0.823384,0.335239,0.45788
0,0,-0.34864,-0.567071,0.746244
0,0,0.958628,0.28068,0.0474542
0,0,0.0487344,-0.477007,0.877547
0,0,-0.686186,-0.215549,0.694757
0,0,0.593614,0.0400785,0.803751
0,0,0.104073,0.969184,0.223274
0,0,-0.191953,-0.976244,0.100508
0,0,-0.546186,0.269708,0.793057
0,0,-0.312347,-0.549613,0.774832
0,0,-0.0184262,0.868017,0.496192
0,0,0.183922,0.664695,0.724123
0,0,-0.381703,0.914908,0.131324
0,0,0.801616,0.505314,0.319483
0,0,0.193838,-0.948181,0.251753
22.2421,30.6492,-0.264473,0.945861,-0.188152
0,0,-0.326316,0.769677,0.54874
0,0,0.601048,0.443097,0.665137
0,0,0.185996,-0.782702,0.593955
0,0,0.0679704,-0.265895,0.961603
0,0,0.414905,0.243231,0.876751
0,0,0.710793,-0.422982,0.562014
0,0,-0.398237,-0.878,0.265562
0,0,0.692671,-0.630544,0.350174
0,0,-0.0538039,-0.847507,0.52805
0,0,-0.560826,-0.816449,0.137421
0,0,0.305027,0.884772,0.352332
0,0,-0.941062,0.0685572,0.331214
0,0,-0.821741,0.260471,0.50685
0,0,0.456504,0.00963093,0.889669
0,0,-0.858532,-0.258757,0.442683
0,0,0.733135,0.532718,0.422758
0,0,0.438699,0.0998244,0.893072
0,0,-0.0746192,0.90947,0.409018
0,0,-0.289191,0.139433,0.947062
0,0,0.522083,0.832272,0.186423
0,0,0.0747568,-0.964153,0.254598
0,0,0.815427,-0.0360283,0.577738
0,0,-0.508821,0.829397,0.230656
0,0,0.758168,0.0217377,0.651696
0,0,-0.577806,-0.155476,0.801229
0,0,-0.824149,0.226759,0.518998
0,0,-0.522858,0.176398,0.833968
0,0,0.115912,-0.968803,0.219054
0,0,-0.922929,-0.376641,0.0796524
0,0,0.449801,0.881643,0.142778
0,0,-0.689782,0.424693,0.586376
0,0,-0.606238,-0.722702,0.331929
0,0,-0.41554,-0.480274,0.77244
0,0,-0.913393,0.38706,0.126089
0,0,-0.707933,0.462303,0.533954
0,0,-0.417301,0.904199,0.0910196
0,0,0.412815,-0.381697,0.826977
0,0,-0.500174,-0.754028,0.425755
0,0,-0.367725,-0.104812,0.924009
0,0,0.891412,-0.292327,0.346309
0,0,0.35417,0.934234,0.0420831
0,0,0.462219,-0.489537,0.739397
0,0,0.0262834,0.82008,0.571645
0,0,0.629859,-0.770138,0.100823
0,0,0.238037,0.765472,0.597822
0,0,-0.546118,-0.729516,0.411778
0,0,-0.669809,-0.354432,0.652483
0,0,-0.45487,-0.882402,0.120252
0,0,-0.320592,-0.602727,0.730713
0,0,-0.435329,-0.8876,0.150514
0,0,0.339756,0.0557543,0.93886
0,0,-0.998726,-0.0382548,0.0329035
0,0,-0.896544,0.0497052,0.440157
0,0,0.658221,-0.737601,0.150635
0,0,-0.413762,-0.0825839,0.906632
0,0,0.0181192,-0.387768,0.921579
0,0,-0.180521,-0.798795,0.573881
0,0,-0.794697,-0.602289,0.0755254
0,0,-0.42932,-0.82864,0.359221
0,0,0.244775,-0.656467,0.713538
0,0,0.0517166,0.958074,0.281814
0,0,0.387979,0.841564,0.375822
0,0,0.447749,0.13962,0.883191
0,0,0.270083,0.223944,0.936432
0,0,0.518615,-0.42862,0.739813
0,0,-0.844966,0.483741,0.228095
0,0,-0.471596,-0.194096,0.860188
0,0,-0.970641,0.162362,0.17747
0,0,-0.557058,-0.818654,0.139611
0,0,0.668342,-0.706674,0.232229
0,0,0.250438,-0.456407,0.8538
0,0,-0.4969,-0.863918,0.0820752
0,0,-0.905849,-0.347959,0.241581
0,0,-0.996882,0.0423189,0.0666043
0,0,0.209425,0.787739,0.579317
0,0,0.560201,-0.111535,0.820814
0,0,0.764531,0.605855,0.220073
0,0,0.800635,0.356277,0.481716
0,0,0.537858,0.83397,0.123296
0,0,0.109888,0.704381,0.701265
0,0,-0.750713,0.0513195,0.658632
0,0,-0.628236,-0.522239,0.576702
0,0,-0.963444,-0.183417,0.195279
0,0,-0.328329,0.723539,0.6072
0,0,0.453234,-0.668209,0.589979
0,0,0.799561,-0.593175,0.0940539
0,0,-0.955512,-0.0697706,0.286582
0,0,-0.717322,-0.0927426,0.690541
0,0,-0.704665,0.570658,0.42166
0,0,0.0150328,-0.99933,0.0333646
16.5549,24.8255,-0.066328,0.337701,0.938913
0,0,0.818191,-0.412602,0.400404
0,0,-0.543176,0.470281,0.695554
0,0,0.472418,-0.299274,0.829009
0,0,0.00742511,-0.547316,0.836893
0,0,0.704488,0.523227,0.479511
0,0,0.572921,0.0827673,0.815421
0,0,0.757459,0.0516354,0.650837
3.75035,4.74169,-0.983599,-0.0230677,0.178885
0,0,0.514653,0.405114,0.755655
0,0,-0.734251,0.677809,0.0380936
0,0,-0.0827965,0.640325,0.763629
0,0,-0.978088,-0.202804,0.0470622
0,0,-0.857004,-0.345709,0.382139
0,0,0.746399,-0.300098,0.593994
0,0,-0.0606959,-0.989108,0.134094
0,0,-0.25504,-0.353957,0.899816
0,0,-0.349368,-0.874666,0.336007
0,0,0.0770436,-0.951921,0.296497
0,0,0.0852892,0.968252,0.234974
0,0,-0.502252,-0.611485,0.611415
0,0,-0.0726114,0.972722,0.220318
0,0,0.320322,0.319477,0.891812
0,0,-0.148387,0.346576,0.926211
0,0,-0.613891,-0.148701,0.775258
0,0,-0.0246045,0.597507,0.801486
0,0,0.601111,0.655587,0.457024
0,0,-0.384939,0.4762,0.790605
0,0,-0.714164,0.236859,0.658686
0,0,-0.649757,-0.343475,0.678115
0,0,-0.0311071,0.97232,0.231573
0,0,-0.815427,0.142112,0.561144
0,0,0.00756617,-0.0099504,0.999922
0,0,-0.174514,0.681859,0.710361
0,0,-0.771326,-0.0944327,0.629396
22.7112,32.0664,-0.262125,-0.0830667,0.961452
0,0,0.536262,-0.394504,0.746183
0,0,0.932764,-0.131299,0.335727
0,0,-0.517994,0.835843,0.181792
0,0,0.470132,0.631658,0.616429
0,0,0.60159,0.419989,0.679484
0,0,-0.444176,-0.623133,0.643748
0,0,-0.888888,0.458122,0.00161394
0,0,0.000293718,-0.758516,0.651654
0,0,0.355579,-0.800852,0.481871
0,0,-0.860811,0.501851,0.0845595
19.923,28.3496,-0.0385395,-0.00789707,0.999226
0,0,-0.408589,-0.584754,0.700798
0,0,-0.302352,-0.723664,0.620398
0,0,0.0385579,0.0147629,0.999147
0,0,0.432691,-0.209741,0.876805
0,0,0.990208,0.091004,0.105861
0,0,0.315314,-0.732205,0.603699
0,0,0.606187,-0.695444,0.385868
0,0,0.39953,0.913409,0.0778476
0,0,-0.816469,-0.479237,0.322041
0,0,0.175847,-0.890355,0.419934
0,0,-0.187481,0.980795,0.0537721
0,0,-0.165208,-0.986214,0.00943121
0,0,0.524825,-0.851105,0.0134167
0,0,0.207649,0.0166497,0.978062
0,0,-0.0379885,-0.997145,0.0652524
0,0,-0.945677,-0.319413,0.0605801
0,0,0.841901,-0.00743886,0.53958
0,0,0.0804129,0.129315,0.988338
0,0,0.552694,0.274295,0.786951
0,0,-0.697937,0.672826,0.245334
0,0,-0.390152,0.36111,0.846983
0,0,-0.861234,-0.50254,0.0756952
0,0,-0.912837,-0.347038,0.215159
0,0,-0.332555,-0.943061,0.00656839
0,0,-0.0599809,-0.221432,0.973329
0,0,-0.859577,-0.510129,0.0299319
0,0,0.211875,-0.726384,0.653816
0,0,0.651642,-0.628433,0.424776
0,0,0.69628,-0.158875,0.699967
0,0,-0.0916841,0.966275,0.240639
0,0,0.907413,-0.380675,0.178012
0,0,0.497816,0.858337,0.124247
0,0,0.590451,-0.206766,0.780138
0,0,0.576297,-0.105669,0.81038
0,0,0.461364,0.884051,0.0748161
0,0,-0.703341,0.407726,0.582298
0,0,0.0185115,-0.600268,0.799585
0,0,0.362376,0.388146,0.847364
0,0,0.233555,-0.509615,0.828097
0,0,0.998687,-0.0272207,0.0434007
0,0,-0.880246,0.328704,0.342228
0,0,0.703283,-0.661255,0.261028
0,0,-0.2796,0.960049,0.011433
0,0,0.966429,0.202095,0.158661
0,0,0.510552,-0.363632,0.779172
0,0,-0.402177,0.908177,0.116053
0,0,0.302322,0.874227,0.379906
0,0,-0.751894,-0.635747,0.174588
14.3315,20.3005,-0.956369,-0.160962,0.243823
0,0,0.518479,-0.427822,0.74037
0,0,-0.641721,-0.235317,0.729945
0,0,0.425117,0.904748,0.026584
0,0,-0.582823,0.73645,0.343452
0,0,0.800556,-0.536208,0.267565
0,0,0.413924,0.0722922,0.907437
12.167,16.5047,-0.720834,0.15236,0.676154
0,0,-0.775017,0.0817307,0.626633
0,0,-0.917348,-0.393524,0.0600897
0,0,-0.989106,-0.14333,0.0335425
0,0,0.485895,0.640244,0.594974
0,0,-0.799634,-0.529274,0.283645
0,0,-0.140546,-0.317738,0.937704
0,0,-0.0308208,-0.572952,0.819009
0,0,-0.177132,0.526188,0.831716
0,0,-0.761747,-0.64357,0.0745639
0,0,-0.810685,-0.26844,0.520317
0,0,0.4153,-0.894599,0.164982
0,0,0.0619822,0.589697,0.805243
0,0,-0.715832,0.365595,0.594916
0,0,-0.0348472,-0.950123,0.309922
0,0,-0.126513,-0.240412,0.962391
0,0,-0.461887,0.885659,0.0476322
0,0,-0.95585,-0.211747,0.203751
0,0,-0.61013,-0.74954,0.256769
0,0,-0.931268,-0.28235,0.230256
0,0,0.726387,-0.130998,0.674687
0,0,0.633084,0.736445,0.238439
0,0,0.357884,0.140627,0.923116
0,0,-0.298861,-0.818381,0.490852
0,0,-0.180257,0.0156357,0.983495
0,0,-0.63146,0.459056,0.624921
0,0,-0.214656,0.912732,0.347626
0,0,0.44222,0.642216,0.626099
0,0,0.710142,-0.0284181,0.703485
0,0,-0.704727,0.707353,0.0548838
0,0,-0.364217,-0.197288,0.910178
0,0,0.913997,0.0700931,0.399619
0,0,0.44294,-0.362866,0.819837
0,0,0.185476,0.827807,0.529465
0,0,0.683643,-0.52347,0.508538
0,0,0.152148,-0.675342,0.72164
0,0,-0.202912,-0.864254,0.460317
0,0,-0.968172,-0.212652,0.131993
0,0,-0.680609,-0.732627,0.0053945
0,0,-0.762353,0.0589539,0.64447
0,0,-0.0873015,0.629935,0.771726
0,0,0.316512,-0.650855,0.690079
0,0,0.688031,0.252276,0.680419
0,0,0.506557,-0.0473311,0.860907
0,0,-0.229838,-0.934062,0.273318
0,0,-0.498071,0.465398,0.731662
0,0,-0.443505,0.749103,0.492086
0,0,0.216172,0.942495,0.254899
0,0,0.812663,0.312168,0.492067
0,0,0.0217204,-0.847505,0.530343
0,0,0.376964,0.697981,0.608869
0,0,0.678229,-0.459244,0.573673
0,0,-0.71919,0.56918,0.398497
0,0,-0.153986,0.686129,0.710996
0,0,0.265406,0.94459,0.193156
0,0,-0.250406,-0.626794,0.737852
0,0,0.588215,0.63964,0.494837
0,0,0.546667,-0.836939,0.0262338
0,0,0.860212,-0.290783,0.418904
0,0,-0.859107,-0.492902,0.137779
0,0,-0.253996,-0.886007,0.387916
7.48919,11.1501,-0.546075,-0.461153,0.699386
0,0,-0.485894,0.368821,0.792388
0,0,0.0349507,-0.98393,0.175102
0,0,0.495755,-0.805,0.325887
0,0,0.542236,0.733288,0.410205
0,0,-0.147844,-0.988763,0.0221207
0,0,-0.757395,-0.385196,0.527235
0,0,0.209566,-0.627496,0.749887
0,0,-0.711644,-0.375093,0.594027
0,0,-0.880375,0.33835,0.332354
0,0,0.791986,-0.397909,0.463062
0,0,0.64727,-0.541821,0.536164
0,0,-0.0441189,0.470883,0.881092
0,0,-0.260911,-0.958573,0.114298
0,0,0.952858,-0.286379,0.100246
0,0,0.307004,0.727632,0.613433
0,0,0.532015,-0.842825,0.0812829
0,0,-0.963138,-0.134733,0.232836
18.8654,28.2595,0.201392,-0.279104,0.938905
0,0,-0.241147,0.168067,0.955825
0,0,0.649823,-0.584065,0.486413
0,0,-0.532214,-0.23223,0.814136
0,0,-0.107089,0.810417,0.575983
0,0,0.000881472,0.667907,0.744244
0,0,0.269082,0.792364,0.547499
0,0,-0.19719,-0.806341,0.557612
0,0,0.663567,-0.741411,0.0999483
0,0,0.575281,-0.777924,0.252759
0,0,-0.585922,-0.346417,0.732591
0,0,0.229503,0.00422129,0.973299
0,0,-0.189264,0.797594,0.572732
0,0,-0.837752,0.0290546,0.545277
0,0,-0.0307396,-0.935359,0.352363
0,0,-0.452636,0.84131,0.295495
0,0,0.376363,-0.349794,0.857902
6.98438,10.1029,0.064164,0.0947919,0.993427
0,0,0.553674,0.604505,0.572729
0,0,0.264078,0.963746,0.0381642
0,0,-0.404227,0.892302,0.200994
0,0,0.869971,-0.397791,0.291399
0,0,0.759713,0.145818,0.633698
0,0,0.171989,-0.968215,0.181604
0,0,0.185344,-0.941639,0.281005
0,0,-0.39225,-0.710055,0.584775
0,0,-0.462603,0.701941,0.541551
0,0,-0.336986,-0.941462,0.00946647
0,0,-0.298694,-0.947271,0.116015
0,0,-0.128102,0.480894,0.86737
0,0,0.536268,0.464051,0.705034
0,0,-0.821071,0.347803,0.452632
0,0,-0.862967,0.203995,0.462249
0,0,-0.598328,-0.682383,0.41995
0,0,-0.0381478,-0.880566,0.472386
0,0,-0.0463299,0.541554,0.839388
0,0,0.962218,-0.256007,0.0927207
0,0,-0.454737,-0.627923,0.631607
0,0,-0.127257,-0.987051,0.0976504
0,0,-0.638824,-0.336206,0.692004
0,0,-0.228394,0.469862,0.852681
0,0,-0.731979,-0.0898103,0.675382
0,0,-0.462522,0.570839,0.678392
0,0,0.929551,0.215817,0.298928
0,0,-0.15104,0.619698,0.77017
0,0,-0.60142,0.792519,0.101034
0,0,-0.729536,-0.510612,0.455031
0,0,0.454228,0.77672,0.43633
0,0,0.733482,0.677951,0.0488493
0,0,0.383954,-0.728581,0.567229
0,0,-0.558765,-0.0616706,0.82703
0,0,0.481404,0.221855,0.847957
0,0,0.268144,-0.500264,0.823307
0,0,-0.837616,-0.537609,0.0968289
0,0,-0.885446,-0.449344,0.11864
0,0,0.251134,-0.226488,0.941082
21.2088,32.9551,-0.08878,0.155876,0.983779
0,0,-0.877365,-0.153802,0.454507
0,0,-0.982752,0.181784,0.0339705
0,0,-0.237888,0.890248,0.388418
0,0,0.942444,0.0456508,0.331233
0,0,0.694662,-0.0780778,0.715087
0,0,-0.432445,-0.64492,0.630135
0,0,0.154298,-0.591907,0.7911
0,0,-0.185355,-0.970409,0.154758
0,0,-0.825946,0.121506,0.550499
0,0,-0.19948,-0.79556,0.572094
0,0,0.641723,0.465388,0.609594
0,0,0.95003,-0.135309,0.281307
0,0,-0.602034,0.388592,0.697532
4.66642,7.07924,0.0852723,0.471264,0.87786
0,0,0.5789,0.811892,0.0755382
0,0,-0.637931,-0.745383,0.193516
0,0,-0.130924,0.458004,0.879256
0,0,0.2003,0.0427934,0.9788
0,0,-0.817075,0.483502,0.314031
0,0,-0.106113,0.764474,0.635861
0,0,-0.141659,0.635593,0.758917
0,0,-0.0472916,-0.941551,0.333535
0,0,0.779199,0.158538,0.606395
0,0,-0.00619926,0.742781,0.669505
0,0,-0.179452,0.0945917,0.979208
0,0,0.269251,0.95836,0.0951265
0,0,0.890042,-0.304586,0.339195
0,0,0.981492,0.182836,0.0569506
0,0,-0.322252,-0.0894203,0.942421
0,0,0.213893,0.729622,0.64954
0,0,0.0475129,-0.709684,0.702916
0,0,-0.0235075,0.637918,0.769745
0,0,0.568932,-0.753873,0.328621
0,0,-0.469913,-0.479632,0.741037
0,0,0.414625,-0.897929,0.147683
0,0,0.977289,0.103272,0.185042
0,0,0.121888,-0.92309,0.364757
0,0,0.104185,-0.972304,0.209213
0,0,-0.273959,-0.871161,0.407462
0,0,0.560242,0.807872,0.182953
0,0,0.371995,-0.186184,0.909371
0,0,0.641726,0.246814,0.726134
11.3971,15.1095,0.693519,-0.337264,0.63662
0,0,-0.140369,0.914758,0.378832
13.2447,17.2375,-0.172463,0.459778,0.871126
0,0,0.933081,-0.151916,0.326008
0,0,-0.3264,0.934219,0.143867
0,0,-0.796923,0.0452156,0.602387
0,0,-0.946129,-0.174997,0.272426
0,0,0.749659,0.568484,0.338878
16.8759,23.7194,0.389733,0.0217921,0.92067
0,0,0.865463,-0.498767,0.0469549
0,0,-0.706323,0.331407,0.625522
0,0,0.0280424,-0.666527,0.744953
0,0,0.960098,0.102561,0.260178
0,0,-0.766646,-0.0664246,0.638625
0,0,-0.0596407,-0.918893,0.389972
0,0,0.438445,-0.813675,0.381705
0,0,-0.779114,-0.626837,0.00751635
0,0,0.287314,0.669955,0.684552
0,0,-0.893005,-0.444609,0.0697554
0,0,-0.286558,0.0151231,0.957944
0,0,-0.49169,-0.828954,0.266602
0,0,0.351925,-0.934973,0.0444245
0,0,-0.593739,0.63233,0.497628
0,0,0.792286,-0.52785,0.306034
0,0,-0.168175,0.982121,0.0845896
0,0,0.500119,0.744293,0.442617
0,0,-0.0927822,-0.289482,0.952676
0,0,-0.0741544,0.984104,0.161373
0,0,-0.984464,-0.0873249,0.15233
0,0,0.579615,0.793254,0.18653
0,0,-0.438138,-0.756414,0.485667
0,0,0.399014,0.912128,0.0938672
0,0,-0.410485,0.911459,0.0272724
14.474,18.2791,0.400394,0.875045,0.271995
0,0,0.388628,0.565406,0.727519
0,0,0.945289,-0.28689,0.155314
0,0,0.959189,-0.111764,0.259741
0,0,-0.643087,0.744489,0.179374
0,0,0.347438,-0.864022,0.364352
0,0,-0.848755,-0.220048,0.480826
22.0623,32.6101,0.073286,0.171135,0.982518
0,0,0.839196,-0.542891,0.0319225
0,0,0.32635,0.924083,0.198914
20.4904,29.0857,-0.725114,-0.620687,0.298257
0,0,0.591392,0.114451,0.798221
0,0,-0.184581,0.877872,0.441895
0,0,0.171181,0.95034,0.259907
0,0,-0.106329,0.639252,0.761611
0,0,-0.918693,-0.370567,0.136691
0,0,0.149198,-0.581139,0.800011
0,0,-0.264117,-0.867741,0.421033
0,0,0.537031,0.0288034,0.84307
0,0,0.828251,0.286843,0.481375
0,0,0.605061,0.657081,0.449605
0,0,0.686607,0.181966,0.703889
0,0,0.363098,-0.913669,0.182673
0,0,-0.105186,-0.993881,0.0336994
0,0,0.252881,-0.396763,0.8824
0,0,0.489336,-0.863856,0.119598
0,0,-0.85615,-0.484496,0.179641
0,0,0.739755,-0.472718,0.478852
0,0,0.894173,-0.209561,0.395649
0,0,-0.581231,-0.741841,0.334427
0,0,-0.909691,0.409713,0.0677989
0,0,-0.134723,0.990883,0.00096847
0,0,-0.619536,0.784633,0.0229264
0,0,0.425877,-0.116866,0.897202
0,0,-0.185565,0.978909,0.0854608
0,0,0.563059,-0.808381,0.171714
0,0,-0.669447,-0.595806,0.443684
0,0,0.954469,0.279026,0.105516
0,0,-0.503436,-0.0987967,0.858366
0,0,0.912231,0.0231751,0.40902
0,0,0.581654,-0.762932,0.282157
0,0,0.519508,-0.801049,0.297375
0,0,-0.610628,-0.521616,0.595861
0,0,0.246208,0.144824,0.958336
0,0,-0.975622,0.109255,0.19033
0,0,-0.262976,0.12775,0.956307
0,0,-0.243224,-0.619686,0.746211
0,0,0.626729,0.0167238,0.779058
0,0,-0.21694,0.717275,0.662158
0,0,-0.227471,0.934744,0.272967
0,0,0.998352,0.0525473,0.023068
0,0,-0.417895,-0.487719,0.766481
0,0,-0.0410578,-0.983139,0.17819
0,0,-0.364535,0.868565,0.335722
0,0,-0.370458,-0.798218,0.474983
0,0,0.179567,-0.446953,0.87635
0,0,-0.277585,0.7956,0.538487
0,0,0.488027,0.386723,0.78248
0,0,0.226708,-0.392143,0.891531
0,0,0.751854,0.652952,0.0914826
0,0,-0.920311,0.340419,0.192724
0,0,-0.888813,-0.422425,0.177674
0,0,0.965963,0.0980784,0.239365
0,0,0.606562,0.0963101,0.789181
0,0,0.241037,0.533717,0.810584
0,0,0.381342,-0.255376,0.88846
0,0,0.967266,0.19216,0.165742
0,0,-0.570118,-0.205037,0.795566
0,0,-0.124126,-0.435608,0.891537
0,0,0.347471,0.48952,0.799771
0,0,0.361121,0.0742408,0.929559
0,0,0.921983,0.140637,0.36079
17.0945,23.5166,0.540091,0.161527,0.82596
0,0,-0.579182,-0.741748,0.338168
0,0,0.0766455,-0.52717,0.846296
0,0,-0.133937,-0.93911,0.316438
0,0,0.665531,-0.743629,0.063905
0,0,0.670229,0.740993,0.0414895
0,0,-0.372512,-0.699316,0.610076
0,0,0.477419,0.297608,0.826741
0,0,0.71111,0.0357492,0.702172
0,0,0.858611,-0.511455,0.0346504
0,0,0.205241,0.251936,0.945729
0,0,-0.432737,0.709496,0.556196
0,0,-0.685794,0.675719,0.270353
5.35993,8.38286,0.0926961,-0.0732847,0.992994
0,0,0.393316,-0.89952,0.190175
0,0,-0.998144,0.058163,0.0180266
0,0,-0.156396,-0.574367,0.803519
0,0,0.629308,0.516886,0.580345
0,0,0.794106,0.0234624,0.607326
0,0,0.61161,0.790564,0.0306945
0,0,0.597558,-0.110673,0.794151
0,0,0.652088,0.501451,0.568619
0,0,-0.0609434,0.925745,0.373206
0,0,0.801095,0.0192968,0.598226
0,0,0.357383,-0.931555,0.0669459
0,0,0.358676,0.676899,0.642774
0,0,0.710896,0.62144,0.329301
0,0,0.631721,-0.774969,0.0187505
0,0,0.494564,-0.62465,0.604334
0,0,-0.630286,0.124452,0.766323
0,0,-0.88329,0.372954,0.284085
0,0,0.494082,0.785148,0.373396
0,0,-0.963399,0.191294,0.187803
9.19825,12.5527,0.504314,-0.748208,0.431106
0,0,-0.838263,-0.535398,0.10327
0,0,-0.881385,0.232477,0.411237
0,0,0.86827,0.486032,0.0994019
0,0,-0.102834,0.790234,0.604115
0,0,0.242073,-0.954406,0.174673
0,0,0.787243,-0.361546,0.499532
0,0,0.286077,-0.662229,0.692541
0,0,0.0740193,0.762686,0.64252
3.67347,5.36203,0.118844,-0.0754047,0.990046
0,0,-0.794554,-0.571918,0.203945
0,0,-0.47257,-0.357734,0.805422
0,0,-0.476451,0.748579,0.461112
0,0,0.248724,-0.968574,0.00082534
0,0,0.680273,0.531056,0.505182
0,0,-0.734987,-0.653268,0.181755
0,0,0.782847,0.619285,0.0603138
0,0,0.353689,-0.158023,0.921918
0,0,0.512588,0.338148,0.789246
0,0,-0.414865,-0.794912,0.442721
0,0,-0.100734,0.634711,0.766156
0,0,-0.861691,-0.0796135,0.50115
0,0,0.481984,0.304262,0.821654
0,0,-0.574947,-0.790761,0.210079
0,0,-0.0686584,-0.599333,0.79755
0,0,0.0378725,-0.883645,0.466623
0,0,-0.730169,0.648342,0.215655
0,0,-0.744277,-0.183419,0.64219
0,0,-0.317818,0.875914,0.362997
0,0,-0.760937,-0.477904,0.438843
0,0,0.0636882,-0.857377,0.510734
0,0,-0.585966,-0.732548,0.346434
0,0,-0.618622,-0.127748,0.775234
0,0,0.702174,-0.678761,0.215024
0,0,0.461146,-0.586684,0.665692
0,0,0.560211,0.618467,0.551056
0,0,-0.033718,-0.459712,0.887428
0,0,-0.359812,0.353596,0.863427
0,0,0.970204,0.180401,0.161742
0,0,-0.764997,0.551826,0.332064
0,0,-0.14228,-0.978419,0.149842
18.6602,30.1613,-0.630057,0.375551,0.679699
0,0,-0.32699,-0.920607,0.21345
0,0,-0.296879,-0.575561,0.761966
0,0,0.0936723,0.753077,0.651231
0,0,0.880326,0.353285,0.316568
0,0,-0.915129,-0.401274,0.0389734
0,0,0.446701,-0.883758,0.13939
0,0,0.32499,0.730514,0.600609
0,0,-0.16998,0.934557,0.312586
0,0,0.105555,0.00176267,0.994412
0,0,0.828032,-0.0703709,0.556247
0,0,-0.0970217,0.661374,0.743755
0,0,-0.46225,-0.870816,0.167343
0,0,0.591754,0.718708,0.365084
0,0,0.805261,0.0945567,0.585333
0,0,-0.624341,-0.0836411,0.776661
0,0,0.168654,-0.545408,0.821027
0,0,-0.659996,-0.628583,0.411447
0,0,-0.721539,-0.672007,0.166701
0,0,-0.610903,-0.766593,0.197822
0,0,0.995277,0.0782401,0.0574602
0,0,-0.0080924,-0.737051,0.675788
18.4378,26.3388,0.15286,0.685051,-0.712277
15.3468,22.258,0.0730491,-0.091184,0.993151
0,0,0.540357,-0.639054,0.54738
0,0,0.164167,0.251517,0.953828
0,0,0.442514,-0.478087,0.758692
0,0,0.466953,-0.738255,0.48676
0,0,0.205277,0.974887,0.0863527
0,0,-0.406883,0.367441,0.836321
0,0,0.386894,-0.193947,0.901497
0,0,-0.129353,0.650238,0.748637
0,0,0.999855,0.00416194,0.0164909
0,0,-0.37444,0.879719,0.293067
0,0,0.0202761,0.413737,0.91017
0,0,-0.115588,0.887347,0.446379
0,0,-0.80714,-0.590178,0.0146746
0,0,-0.6592,0.64136,0.392571
0,0,0.36133,-0.646354,0.672062
0,0,0.503147,-0.477791,0.72011
0,0,-0.601667,0.109842,0.791158
0,0,-0.927664,0.343901,0.145502
0,0,-0.711762,0.0449162,0.700983
0,0,-0.299905,0.0995309,0.948763
0,0,0.286957,-0.85067,0.440472
0,0,-0.908088,-0.313844,0.277271
0,0,0.477742,0.34818,0.806556
0,0,0.317975,0.739635,0.593155
0,0,0.232451,0.592364,0.771409
0,0,0.205967,-0.488765,0.847754
0,0,-0.562211,-0.792984,0.234722
0,0,0.52799,0.655675,0.539738
5.62702,7.97683,-0.535711,0.325506,0.779141
0,0,0.559262,-0.621695,0.548381
0,0,0.376907,0.187736,0.907026
0,0,0.189258,-0.68196,0.706478
0,0,-0.00761861,-0.965403,0.260652
0,0,0.722862,-0.328217,0.608066
0,0,0.321033,0.553781,0.768286
0,0,0.292605,-0.941081,0.169557
0,0,-0.192261,-0.157508,0.968621
0,0,-0.528979,-0.831887,0.167764
0,0,-0.523008,0.852328,8.09013e-05
0,0,0.0831162,-0.815389,0.572916
0,0,0.811127,-0.577212,0.0943352
0,0,-0.245732,-0.598381,0.762598
0,0,-0.83533,-0.0236678,0.549239
0,0,-0.0110904,0.797302,0.603479
0,0,0.484738,-0.860965,0.154169
0,0,0.0230707,-0.389398,0.920781
0,0,-0.736711,-0.446503,0.50783
0,0,0.295577,-0.758731,0.580483
0,0,0.428441,-0.716294,0.550783
0,0,0.506737,-0.79472,0.334121
0,0,-0.396302,-0.700407,0.593611
0,0,-0.407951,0.896621,0.172183
0,0,-0.962754,-0.230465,0.141389
0,0,-0.849994,-0.257723,0.459444
0,0,0.609858,-0.435217,0.662314
0,0,0.409827,-0.875499,0.256014
0,0,0.754066,0.520263,0.400887
0,0,0.195829,-0.968161,0.155933
0,0,-0.850837,-0.471927,0.231001
0,0,-0.94457,0.324341,0.0508969
0,0,-0.991571,-0.10685,0.0732847
0,0,0.191168,0.979719,0.0600419
0,0,0.884424,0.398965,0.242118
0,0,-0.179838,-0.198357,0.96349
0,0,-0.479883,0.764221,0.430904
0,0,0.778463,-0.418892,0.467466
0,0,0.639769,-0.525428,0.560911
0,0,-0.858093,-0.346,0.379421
0,0,0.545086,-0.775598,0.318324
0,0,0.886488,0.169987,0.4304
0,0,-0.179243,-0.702003,0.689249
0,0,-0.473124,0.773422,0.421867
0,0,-0.129071,0.68951,0.712683
0,0,0.445456,-0.261552,0.856247
0,0,0.249798,0.765665,0.592755
0,0,-0.86671,-0.423988,0.262769
0,0,-0.159312,0.940533,0.300028
0,0,-0.847906,-0.318593,0.423738
23.1068,34.4108,-0.354266,-0.644741,0.677351
0,0,-0.845982,0.0427434,0.531495
0,0,-0.795202,0.459255,0.395901
0,0,0.272104,-0.709772,0.649756
0,0,0.696395,0.539724,0.473004
0,0,-0.718272,0.582445,0.380584
0,0,-0.148766,-0.986402,0.0698521
0,0,0.458634,-0.887259,0.0492571
0,0,0.208112,0.0776214,0.97502
0,0,-0.185152,0.738101,0.648788
0,0,0.884918,0.266264,0.38213
0,0,-0.350745,-0.224249,0.909225
13.5035,18.4956,0.526563,0.0545394,0.848385
0,0,-0.877847,0.478932,0.00303574
0,0,0.385572,0.664625,0.640006
0,0,0.930497,0.0793944,0.357593
0,0,-0.4717,-0.85341,0.22179
0,0,0.533913,-0.723512,0.437569
0,0,0.386602,0.034186,0.921613
0,0,-0.959042,0.0794855,0.271882
0,0,-0.745656,0.623584,0.234819
0,0,0.277486,-0.798912,0.533611
0,0,0.434289,0.821224,0.370115
0,0,-0.369588,-0.262562,0.891328
0,0,-0.824929,0.439472,0.355467
0,0,-0.352671,-0.439628,0.826045
0,0,-0.754531,8.63619e-05,0.656265
0,0,-0.237506,-0.0551573,0.969819
0,0,0.148804,0.386861,0.910053
0,0,-0.567322,-0.801992,0.186959
0,0,0.948721,0.232439,0.214246
0,0,-0.386465,-0.176781,0.905203
0,0,-0.737391,0.00283405,0.67546
0,0,-0.538393,-0.577066,0.614107
0,0,-0.601678,-0.651966,0.461438
0,0,0.59805,-0.71746,0.357194
0,0,-0.730501,-0.0878046,0.677244
0,0,0.543704,0.83736,0.0566878
0,0,0.887012,0.322365,0.33059
0,0,-0.391828,0.067172,0.917583
0,0,-0.262423,0.663677,0.700476
0,0,-0.491033,0.840273,0.229842
0,0,0.342252,0.666031,0.662772
0,0,-0.0673392,-0.992347,0.103501
0,0,-0.172379,-0.515283,0.839505
0,0,0.159506,0.711355,0.684494
0,0,-0.989793,-0.125364,0.0677804
0,0,-0.774562,-0.0611724,0.629533
0,0,-0.932192,0.339356,0.125923
0,0,0.942193,0.298197,0.152812
0,0,0.299224,-0.585561,0.753381
0,0,-0.0430047,0.374172,0.926362
0,0,-0.152636,0.939469,0.306756
0,0,-0.24081,-0.631234,0.737261
0,0,0.160141,-0.530612,0.832349
0,0,-0.286646,0.833009,0.473212
0,0,0.480769,-0.497591,0.721986
0,0,-0.579299,-0.37941,0.72143
0,0,-0.554547,-0.79379,0.24975
0,0,0.427263,0.31722,0.846651
12.8598,19.6945,-0.194707,-0.372127,0.90753
0,0,-0.950569,-0.175887,0.255896
0,0,0.121439,0.904237,0.409398
0,0,0.63826,0.134377,0.758002
0,0,-0.74833,-0.376614,0.546044
0,0,0.837694,0.358874,0.411677
0,0,0.839924,-0.143603,0.523361
0,0,-0.966491,-0.205636,0.153649
0,0,-0.551057,-0.640625,0.53473
0,0,-0.00492937,-0.994258,0.106891
0,0,0.462993,0.214824,0.859935
0,0,0.890141,0.413573,0.191327
0,0,-0.0534636,-0.891345,0.450162
0,0,0.1282,-0.975204,0.180394
0,0,-0.539841,0.730328,0.41856
0,0,0.724813,0.0259875,0.688456
0,0,0.931408,-0.0918297,0.352202
0,0,0.844741,0.239031,0.478829
0,0,-0.886124,-0.160694,0.434698
0,0,-0.290569,-0.550021,0.782973
0,0,0.69811,0.649236,0.301886
0,0,-0.53779,0.693996,0.478697
0,0,-0.938187,-0.334146,0.0902835
0,0,-0.936313,-0.337346,0.0975438
0,0,-0.658871,-0.253855,0.708129
3.80363,5.65083,-0.0701467,0.131665,0.988809
0,0,0.745767,0.470642,0.471517
0,0,-0.772546,-0.00154525,0.634957
0,0,-0.91465,-0.243433,0.322732
0,0,-0.882951,-0.467684,0.0408565
0,0,-0.787449,0.206485,0.580765
0,0,-0.736885,0.47751,0.478524
0,0,0.749223,0.623997,0.22202
0,0,0.540658,0.585474,0.604078
0,0,-0.396967,-0.0466554,0.916646
0,0,0.440918,0.674577,0.592062
0,0,-0.97289,-0.0400228,0.227779
0,0,-0.628304,0.483179,0.609731
0,0,-0.738214,0.467371,0.486421
3.02735,3.79804,-0.226588,-0.469101,0.853582
0,0,0.774953,0.390123,0.497244
0,0,-0.381867,0.634121,0.67236
0,0,0.0201055,-0.812635,0.582426
21.5334,31.704,0.28161,-0.305447,0.909614
0,0,0.697104,-0.379908,0.608043
0,0,-0.655359,0.44276,0.611938
0,0,0.511333,0.380881,0.770369
0,0,0.623854,-0.606707,0.492658
0,0,0.753621,0.523537,0.397448
0,0,-0.972851,0.230014,0.0255785
0,0,0.0155375,-0.33987,0.940344
0,0,0.818648,-0.123923,0.560766
0,0,0.112188,0.89221,0.437465
0,0,-0.570703,-0.534692,0.623219
0,0,0.893148,0.0442885,0.447576
0,0,-0.684607,-0.671972,0.282429
0,0,-0.88188,0.470697,0.02706
0,0,-0.647864,0.0657406,0.758914
0,0,-0.813419,-0.0246269,0.581157
0,0,0.43773,-0.630351,0.641132
0,0,0.819703,-0.563166,0.104547
0,0,0.563336,-0.662853,0.493233
0,0,-0.906212,-0.200573,0.372223
0,0,0.353993,-0.9274,0.120902
0,0,0.467898,0.599651,0.649222
0,0,-0.972195,-0.221689,0.0754394
0,0,-0.174136,-0.983712,0.0445752
0,0,-0.712546,-0.382859,0.58796
0,0,-0.737379,0.127796,0.66328
0,0,-0.690702,-0.409895,0.59575
0,0,-0.327254,0.844255,0.424428
0,0,0.996421,-0.0646982,0.0543976
0,0,0.0188852,0.471505,0.881661
0,0,-0.764059,0.354874,0.538775
0,0,-0.196278,-0.977853,0.0726498
0,0,0.389175,0.230305,0.89191
0,0,0.583739,-0.603608,0.543052
0,0,-0.673146,0.619281,0.404185
0,0,0.651462,0.349154,0.673564
0,0,-0.049225,0.99279,0.109288
0,0,-0.54557,-0.801401,0.245172
0,0,-0.105041,-0.978912,0.175208
0,0,0.586294,-0.809106,0.0400879
0,0,-0.560943,0.613043,0.556346
0,0,0.463317,0.110406,0.879288
0,0,0.750121,0.621422,0.226171
0,0,-0.648277,0.225018,0.727396
0,0,-0.634468,-0.754507,0.167839
0,0,0.480281,-0.870101,0.110697
0,0,-0.84217,-0.39925,0.362421
0,0,0.564842,0.821887,0.0738597
0,0,0.468476,-0.599014,0.649394
20.6274,27.8889,-0.498036,-0.490499,0.715102
22.0326,33.2597,-0.952909,-0.195111,-0.232155
0,0,-0.172178,0.696737,0.696357
0,0,-0.863138,-0.501949,0.0551303
0,0,0.439313,-0.724843,0.530666
0,0,0.536925,-0.523102,0.661873
0,0,-0.378174,-0.925681,0.00994417
0,0,0.466622,0.840428,0.275581
0,0,-0.36058,-0.905718,0.222839
0,0,0.0581122,-0.389951,0.919
0,0,0.869369,-0.366028,0.331996
24.3193,37.8356,-0.0866789,-0.00897414,0.996196
0,0,-0.84618,-0.528245,0.0702561
0,0,0.596909,-0.140321,0.789943
0,0,0.867778,-0.384119,0.3153
0,0,0.0167124,0.0688403,0.997488
0,0,-0.389621,0.645183,0.657217
0,0,-0.134141,0.414615,0.900056
0,0,0.563228,-0.731473,0.384346
0,0,-0.702829,0.578316,0.414225
0,0,0.0107507,0.945754,0.324706
0,0,0.673761,-0.589287,0.445856
0,0,-0.174624,0.983,0.0567287
0,0,-0.115953,0.913228,0.390602
0,0,-0.636058,-0.694812,0.335658
0,0,-0.266763,-0.854659,0.445415
0,0,0.0275558,0.893399,0.448418
0,0,0.571634,0.819245,0.0455219
0,0,-0.828267,0.559446,0.0315202
0,0,0.242853,-0.731037,0.637658
0,0,-0.0413897,0.0640185,0.99709
0.650968,1.18649,-0.318944,0.0743021,0.944857
0,0,-0.698843,-0.47958,0.53068
0,0,-0.604506,0.709999,0.361212
0,0,0.476798,-0.42676,0.768465
0,0,0.306625,0.441255,0.843372
0,0,-0.525495,-0.470438,0.708903
0,0,-0.563028,0.725725,0.395377
0,0,-0.861028,0.150492,0.48578
0,0,-0.386928,-0.810099,0.440483
0,0,-0.647577,-0.618455,0.445149
0,0,0.434844,-0.00637135,0.900483
0,0,0.997068,0.0764637,0.00311058
0,0,0.457402,-0.828054,0.324206
0,0,0.172573,0.883546,0.435391
0,0,-0.680564,0.732001,0.0317374
0,0,0.821919,-0.216934,0.526678
0,0,0.655181,-0.719,0.231897
0,0,-0.810131,0.18507,0.556271
0,0,0.382846,0.123346,0.915541
0,0,0.63911,-0.768656,0.0265722
0,0,-0.930593,0.365124,0.0260884
0,0,0.803775,0.30756,0.509267
0,0,-0.408048,-0.0989572,0.907581
0,0,0.67412,-0.106073,0.730965
0,0,-0.139727,0.8846,0.444925
0,0,0.89481,0.166198,0.41436
0,0,0.469728,0.675959,0.567834
0,0,-0.660658,0.72522,0.193872
0,0,-0.862728,0.0558516,0.502574
0,0,-0.099544,0.0855094,0.991352
0,0,-0.594887,-0.587574,0.548512
0,0,0.520153,-0.477228,0.708304
23.1409,30.3503,-0.787576,0.146421,0.598569
0,0,0.407352,-0.426607,0.807509
0,0,0.40274,-0.896666,0.183821
0,0,-0.0621349,-0.800775,0.595734
0,0,-0.501638,0.436455,0.746905
0,0,0.935844,0.097998,0.338515
0,0,-0.568646,-0.698331,0.434712
0,0,0.534089,0.615741,0.57932
0,0,-0.707833,0.081488,0.701664
23.9356,35.0269,-0.464262,0.528052,0.711071
0,0,0.115776,-0.933801,0.338543
0,0,0.575396,0.531913,0.621279
0,0,-0.629531,-0.71034,0.314813
0,0,-0.0830395,-0.745723,0.66106
0,0,0.404006,0.520919,0.751946
0,0,0.701403,-0.25226,0.666632
0,0,0.348183,-0.841896,0.412287
0,0,0.229346,0.03874,0.972574
0,0,-0.676823,0.704137,0.214712
0,0,-0.675515,0.325514,0.661605
0,0,-0.744923,-0.569879,0.346881
0,0,0.066024,0.448007,0.891589
0,0,0.462249,-0.703193,0.540227
0,0,0.50438,0.721994,0.47363
0,0,0.974488,0.0740555,0.211868
0,0,0.643403,0.615421,0.455291
0,0,-0.414678,0.893777,0.170894
0,0,0.294307,-0.697023,0.653868
0,0,-0.511232,-0.731205,0.451642
0,0,-0.0176039,-0.755339,0.655098
0,0,0.322462,0.839443,0.43744
0,0,-0.0645864,0.521742,0.850655
0,0,0.420563,0.166999,0.891761
0,0,-0.617426,-0.443619,0.649605
0,0,0.785708,-0.5556,0.271976
0,0,-0.791622,0.368695,0.487236
0,0,0.352587,0.155859,0.922708
0,0,0.216177,0.809764,0.545481
0,0,0.408581,-0.0514681,0.91127
0,0,-0.143981,-0.918018,0.369475
0,0,-0.0166283,0.645771,0.76335
0,0,-0.510268,0.157992,0.845379
0,0,0.42355,-0.904548,0.0489771
0,0,-0.530735,-0.150884,0.833999
0,0,0.337786,-0.4645,0.818621
0,0,-0.554346,-0.528604,0.642868
0,0,0.694354,-0.556817,0.45588
16.8027,22.5454,-0.459419,0.883691,0.089584
0,0,0.116011,0.975285,0.188044
0,0,-0.868586,-0.320537,0.377907
0,0,0.320463,-0.871382,0.371479
0,0,0.657053,0.657579,0.368608
0,0,-0.882793,-0.307147,0.355438
0,0,-0.574353,-0.816478,0.0590041
0,0,-0.906931,0.377157,0.187694
0,0,-0.550881,-0.715916,0.428945
0,0,-0.340405,0.932544,0.120361
0,0,0.864769,-0.335938,0.373256
0,0,-0.949456,0.274687,0.151925
0,0,0.986119,0.0196485,0.164872
0,0,0.581878,-0.66695,0.465398
0,0,0.564579,0.600028,0.56676
0,0,-0.492899,0.516191,0.700426
0,0,-0.59951,-0.479376,0.640926
0,0,-0.377933,0.846305,0.375413
10.948,13.6626,0.0955565,-0.590749,0.801177
0,0,0.463681,-0.256243,0.848139
0,0,-0.719021,-0.658896,0.221053
22.9164,33.7904,0.132897,0.201789,0.970371
0,0,0.596534,-0.77822,0.196267
0,0,0.602239,-0.523944,0.602321
8.59633,13.0763,0.0925406,-0.349996,0.932169
0,0,0.0340383,0.999401,0.0062405
0,0,-0.0943588,0.496629,0.862819
0,0,0.852164,-0.308983,0.422311
0,0,0.328665,-0.533578,0.779277
0,0,0.427104,0.51986,0.739816
0,0,-0.123514,0.97726,0.172359
0,0,0.95169,0.306432,0.0196168
0,0,0.739095,0.665644,0.103236
0,0,0.00260509,-0.897935,0.440119
0,0,0.569148,-0.75265,0.331041
0,0,-0.708735,-0.189298,0.679604
0,0,0.18263,0.959205,0.215806
0,0,-0.145999,-0.3274,0.933538
0,0,0.908139,-0.418272,0.0182228
0,0,0.837109,0.466832,0.28516
0,0,-0.940676,-0.123072,0.316198
0,0,-0.56994,-0.240099,0.785825
0,0,-0.150751,0.975098,0.162659
0,0,-0.867304,-0.45515,0.201553
0,0,0.429269,0.756968,0.492674
0,0,-0.744605,-0.396212,0.537196
0,0,-0.581204,-0.250556,0.774225
0,0,-0.429498,-0.680036,0.594207
0,0,0.938877,-0.344219,0.00473646
23.9701,31.7795,0.11198,0.628367,-0.769815
0.330598,0.62533,0.413956,-0.125642,0.901584
0,0,-0.739884,0.113282,0.663128
0,0,-0.225722,0.888495,0.399533
0,0,0.886806,-0.17424,0.428038
0,0,-0.378719,-0.920354,0.0975727
0,0,0.53787,0.170203,0.825668
2.20819,2.80093,-0.294982,-0.0606425,0.953576
0,0,0.701659,0.693112,0.165137
0,0,0.7724,0.620377,0.13613
0,0,-0.853895,0.0704136,0.515661
0,0,0.00547752,0.999976,0.00435552
0,0,-0.420316,-0.604489,0.676704
0,0,-0.551481,-0.40892,0.727085
0,0,-0.634386,0.509728,0.581147
6.90822,10.2654,-0.151104,0.84207,-0.517771
0,0,-0.737418,0.00457052,0.675421
0,0,0.732362,0.598593,0.324548
0,0,0.229256,-0.415048,0.880441
0,0,0.364181,0.389735,0.84586
0,0,0.472787,0.33185,0.816301
0,0,-0.183745,0.655938,0.732108
0,0,-0.640207,-0.707284,0.299806
0,0,0.976286,-0.150966,0.15516
0,0,0.744213,0.454546,0.489423
0,0,0.293903,0.303397,0.906406
0,0,-0.153499,-0.279377,0.947832
0,0,0.487927,-0.862101,0.136785
0,0,-0.652011,-0.706794,0.274452
0,0,0.0405504,-0.929448,0.366718
0,0,-0.544564,0.44261,0.712423
0,0,-0.584499,0.696222,0.416696
0,0,0.667121,0.704341,0.242598
0,0,-0.480703,-0.584308,0.653842
0,0,0.722638,0.176766,0.668243
0,0,0.41055,-0.874334,0.258824
0,0,0.502998,-0.265016,0.822654
0,0,-0.645462,0.0541807,0.761868
0,0,0.0968351,0.699819,0.707726
0,0,0.734461,0.00159688,0.678649
0,0,-0.349752,-0.786379,0.509197
0,0,-0.676537,0.162374,0.718284
0,0,-0.383658,-0.0872383,0.919345
0,0,-0.948192,-0.120492,0.293964
0,0,0.404597,0.0411269,0.91357
0,0,0.3646,-0.472206,0.802551
0,0,-0.253135,-0.280857,0.925766
0,0,-0.460501,-0.784864,0.414641
0,0,-0.925625,-0.361644,0.111503
0,0,0.846999,-0.374098,0.377681
0,0,0.250906,0.041268,0.967131
0,0,0.320898,0.878043,0.355056
0,0,-0.892761,-0.43375,0.121814
0,0,0.954566,-0.294737,0.0439697
0,0,0.800976,-0.470885,0.369736
0,0,-0.113726,-0.989883,0.084846
0,0,0.0999507,0.522494,0.846765
0,0,-0.0451869,0.264971,0.963197
0,0,-0.301371,-0.941359,0.151721
0,0,0.728242,-0.163578,0.665511
0,0,-0.694457,0.702157,0.157181
0,0,0.797772,0.53971,0.268835
0,0,0.337283,0.655733,0.675466
0,0,-0.270063,0.962308,0.0320805
0,0,0.0612224,-0.0360621,0.997472
0,0,0.766247,-0.400188,0.502709
0,0,0.654472,-0.558356,0.50981
0,0,-0.638269,-0.661264,0.394135
0,0,0.544856,0.802256,0.24396
0,0,-0.570098,-0.820515,0.0417592
0,0,-0.428857,0.665438,0.610962
0,0,0.543322,-0.739897,0.396678
0,0,-0.875801,0.482333,0.0180764
0,0,0.636114,0.140031,0.758783
0,0,0.194073,-0.54809,0.813593
0,0,0.588854,-0.0930885,0.802861
0,0,-0.643334,-0.357387,0.677049
0,0,0.798859,0.224301,0.558134
0,0,-0.115423,-0.957899,0.262884
0,0,0.449369,0.766463,0.458913
0,0,0.352292,0.0652063,0.933616
0,0,-0.206845,0.415176,0.885914
0,0,-0.188499,-0.981664,0.0283576
0,0,-0.995298,-0.00411869,0.0967721
0,0,-0.359002,-0.932232,0.0454126
0,0,-0.522121,0.685675,0.507188
0,0,-0.757747,0.379354,0.530951
0,0,0.562425,0.794566,0.228785
0,0,0.662101,-0.416987,0.622691
0,0,-0.620213,0.420662,0.662102
0,0,0.787229,0.234392,0.570378
0,0,-0.00646496,0.393813,0.919168
0,0,-0.664515,-0.179385,0.725425
0,0,0.426341,-0.731208,0.53251
0,0,-0.7293,-0.678315,0.0894979
0,0,-0.115594,0.511259,0.851618
4.18729,6.68911,0.277789,-0.797551,0.535487
0,0,-0.183876,0.308207,0.93338
0,0,-0.782028,0.487906,0.387788
0,0,0.0982594,0.722563,0.684287
0,0,0.995189,0.0945689,0.0256009
0,0,0.99718,0.0566811,0.0491871
0,0,-0.288679,0.949023,0.126566
0,0,0.877772,-0.173405,0.446596
0,0,-0.132405,-0.829195,0.543051
0,0,0.406604,-0.0449885,0.912496
0,0,-0.60686,-0.777407,0.165403
0,0,0.741497,-0.670606,0.0216504
0,0,-0.110202,0.840751,0.530087
0,0,-0.772946,-0.312611,0.552113
0,0,0.207147,0.970736,0.1215
0,0,-0.510678,-0.802616,0.308244
0,0,0.644742,0.57117,0.508009
0,0,0.403457,0.861602,0.308001
0,0,-0.927861,0.106488,0.3574
0,0,-0.0661339,0.549272,0.833022
0,0,0.12528,0.658841,0.741777
0,0,0.44126,0.873656,0.204974
0,0,-0.874437,-0.109714,0.472571
0,0,0.612796,0.263562,0.744994
0,0,-0.662121,0.483874,0.572244
0,0,-0.460427,0.852272,0.248274
0,0,-0.127601,-0.452733,0.882469
0,0,0.965769,-0.220609,0.136459
0,0,-0.376019,0.587073,0.716906
0,0,-0.22385,-0.873994,0.431307
0,0,-0.176969,-0.066525,0.981966
0,0,0.060362,-0.83816,0.542075
0,0,0.900832,0.06448,0.429352
0,0,0.107017,-0.567181,0.816611
0,0,-0.00921828,-0.98549,0.16948
0,0,-0.758467,-0.650778,0.0348681
0,0,-0.636079,0.732058,0.243915
0,0,-0.831521,-0.551238,0.0686299
0,0,0.830469,0.415648,0.370889
0,0,-0.893392,-0.437551,0.101983
0,0,-0.0019764,-0.98007,0.198641
0,0,-0.328916,0.930775,0.159599
0,0,-0.549201,0.175872,0.816974
0,0,-0.197018,-0.854268,0.48105
0,0,0.466572,0.510827,0.722057
0,0,-0.801758,0.134489,0.582321
0,0,0.0552298,0.612033,0.788902
0,0,-0.819933,0.326311,0.470351
0,0,0.951978,0.0448001,0.302871
0,0,0.137721,-0.0981406,0.985597
0,0,-0.837281,0.342781,0.425983
0,0,0.567358,-0.76103,0.314545
0,0,-0.669801,-0.204244,0.713898
0,0,0.386041,0.918629,0.0842207
0,0,0.384219,0.158654,0.909508
0,0,-0.675931,0.352808,0.647027
17.6959,24.9458,-0.422209,-0.889236,-0.176062
0,0,0.495491,-0.48969,0.71742
0,0,-0.0881763,-0.26136,0.961205
0,0,0.52693,-0.848168,0.0543689
0,0,-0.801848,-0.0563617,0.594864
17.9608,23.6871,-0.886685,0.117258,0.447258
0,0,-0.771716,0.526364,0.356925
0,0,-0.91187,0.396125,0.107604
0,0,-0.629523,-0.241103,0.738627
0,0,0.00126018,-0.89209,0.451856
0,0,-0.835268,0.54129,0.0966078
0,0,-0.784707,-0.279953,0.553048
0,0,-0.964082,0.233637,0.126332
0,0,0.277978,-0.877778,0.390172
0,0,0.57704,-0.489572,0.653716
0,0,0.973426,-0.0580527,0.221523
0,0,0.646347,0.0125496,0.762941
0,0,0.789031,-0.482046,0.380869
0,0,0.260936,0.351704,0.899009
0,0,-0.29584,0.464874,0.834489
0,0,-0.620344,0.769113,0.153746
0,0,0.300302,0.812368,0.499877
0,0,-0.544283,-0.203916,0.813741
0,0,-0.414393,0.798986,0.435775
0,0,-0.960187,0.183103,0.210982
0,0,-0.121673,-0.237503,0.963737
0,0,-0.631816,-0.618847,0.46673
0,0,0.797219,-0.566267,0.209243
0,0,0.448816,-0.0185041,0.893433
7.07024,9.56107,0.484612,-0.244217,0.839946
0,0,-0.389034,-0.886136,0.251822
0,0,0.595546,-0.749554,0.288954
0,0,-0.782438,0.00726527,0.622686
0,0,-0.629616,-0.713428,0.307577
0,0,0.762928,-0.396392,0.5107
0,0,-0.694232,-0.213609,0.687323
0,0,-0.756267,0.650035,0.0742625
0,0,-0.550644,-0.805613,0.218584
0,0,0.39811,-0.807096,0.43601
0,0,-0.584004,0.809295,0.0630968
0,0,0.959053,0.0470381,0.279293
0,0,0.0630274,-0.560434,0.825797
0,0,-0.80113,0.250766,0.543421
19.9399,29.8165,0.262438,0.0351556,0.964308
0,0,0.920838,0.360162,0.14947
0,0,-0.851536,-0.316764,0.417789
0,0,-0.535449,0.804627,0.256649
19.8446,29.9034,-0.156612,-0.329859,0.930949
0,0,0.15297,-0.404874,0.901486
0,0,-0.749634,-0.0951002,0.654985
0,0,0.0917724,-0.353358,0.930976
0,0,-0.563599,-0.723356,0.398889
0,0,0.847994,-0.15453,0.506978
0,0,0.73291,0.213605,0.645922
0,0,0.919771,-0.38267,0.0870956
0,0,0.820058,-0.0692144,0.568079
0,0,0.0931709,0.902,0.421564
0,0,-0.268463,-0.332065,0.904246
0,0,-0.699099,0.489968,0.520762
0,0,0.891852,-0.396438,0.217799
0,0,0.829918,0.0181912,0.557589
10.2268,15.6914,0.18715,0.74445,0.640912
0,0,0.85261,-0.236117,0.466161
0,0,0.0181906,-0.113427,0.99338
0,0,0.112869,-0.990369,0.0801839
0,0,-0.853985,0.221215,0.470928
0,0,0.733362,0.0434735,0.678447
0,0,-0.828484,-0.221461,0.514362
0,0,-0.941943,-0.334668,0.0272019
0,0,0.844147,-0.260225,0.46872
0,0,-0.343714,-0.347841,0.872277
0,0,-0.324416,-0.8174,0.476038
0,0,0.751556,0.551777,0.361532
0,0,0.382007,0.920483,0.0823463
0,0,0.521155,0.809539,0.270268
0,0,-0.709741,0.648925,0.274162
0,0,0.0895122,0.433146,0.896868
0,0,0.766476,0.515554,0.38304
0,0,-0.387515,-0.90573,0.171712
0,0,0.617379,-0.472354,0.629066
0,0,0.795447,-0.527638,0.298098
0,0,-0.661218,0.502035,0.557451
0,0,-0.0950407,-0.448288,0.888822
0,0,0.327508,-0.00358313,0.944841
0,0,0.752978,0.341264,0.56264
0,0,-0.613423,0.664944,0.426101
0,0,0.377633,-0.439765,0.814862
0,0,0.899834,-0.29203,0.324064
0,0,-0.233015,-0.894442,0.381677
0,0,0.305021,0.592042,0.745955
0,0,0.678174,-0.197752,0.707796
0,0,0.896961,-0.430012,0.102717
0,0,-0.784568,0.0620012,0.616934
0,0,0.529261,-0.0471898,0.847146
0,0,-0.42834,0.0303553,0.903108
0,0,0.348912,-0.92729,0.135624
0,0,-0.819252,0.573433,0.000180639
0,0,-0.79283,-0.45972,0.400098
0,0,-0.0148383,0.109683,0.993856
0,0,0.215935,0.813689,0.539706
0,0,0.74552,0.647141,0.159399
0,0,0.659839,0.223295,0.717462
0,0,-0.116218,-0.950607,0.287818
0,0,0.995473,-0.0357922,0.0880525
0,0,-0.921329,0.364681,0.134764
0,0,-0.739498,0.0315365,0.67242
0,0,-0.308532,-0.898738,0.311575
0,0,0.0658501,0.504387,0.860963
0,0,-0.531762,0.635283,0.56004
0,0,-0.360773,0.314927,0.877875
0,0,-0.872923,0.387248,0.296723
0,0,-0.0942488,-0.961717,0.257326
0,0,0.836131,0.547529,0.0331238
0,0,0.48977,-0.404454,0.772362
0,0,0.36312,0.873671,0.323793
0,0,0.57582,-0.354943,0.73651
0,0,-0.243455,0.389861,0.888109
0,0,-0.940685,0.24774,0.231813
0,0,0.552141,0.161649,0.81793
0,0,-0.810007,0.0602298,0.583319
0,0,-0.591615,0.423808,0.685841
0,0,0.212613,0.412452,0.885821
0,0,-0.342292,-0.588208,0.732699
0,0,-0.804557,0.508769,0.306337
0,0,-0.69354,-0.0252054,0.719977
0,0,-0.831066,0.552226,0.0661503
0,0,0.954046,-0.299354,0.013557
0,0,0.906555,0.173497,0.384782
0,0,-0.573063,-0.816524,0.0699094
0,0,-0.816579,0.345597,0.462343
0,0,0.84001,-0.539903,0.0537392
0,0,-0.30532,0.895807,0.32297
0,0,-0.719811,0.522911,0.456548
0,0,0.0226223,-0.887783,0.459707
0,0,0.597817,0.501653,0.625267
0,0,0.5455,0.793734,0.269103
0,0,0.488933,0.497053,0.716856
0,0,-0.630872,0.417458,0.65401
0,0,0.878627,0.457933,0.135322
0,0,-0.616573,-0.112446,0.779226
0,0,0.346668,0.0224471,0.937719
0,0,0.363003,0.257036,0.895635
0,0,-0.956416,0.00354119,0.291986
0,0,0.812522,0.0175225,0.582668
0,0,0.0843416,-0.811339,0.578459
0,0,-0.724246,-0.55804,0.405042
0,0,0.0282369,-0.145646,0.988934
0,0,-0.279647,0.958424,0.0567509
0,0,0.692971,0.215386,0.688041
0,0,0.970045,-0.227473,0.0852575
0,0,-0.939619,0.283036,0.19237
0,0,-0.640331,-0.729106,0.24162
0,0,0.406181,-0.748713,0.523875
0,0,0.922216,0.296554,0.248141
0,0,0.179077,0.844033,0.505509
0,0,0.934719,-0.0633004,0.349705
0,0,0.0580037,-0.237304,0.969702
0,0,-0.180525,-0.10105,0.978366
0,0,0.0567336,-0.511561,0.857372
0,0,0.99599,0.0879095,0.0166067
0,0,-0.316219,-0.92949,0.189879
0,0,0.942578,0.197022,0.269684
0,0,0.120556,0.741458,0.66008
0,0,-0.609017,0.686514,0.397236
0,0,0.21472,-0.771427,0.598995
0,0,-0.389275,0.712296,0.584038
0,0,0.581156,-0.0490385,0.812313
0,0,0.773499,0.0187368,0.633521
0,0,-0.25304,-0.737314,0.62637
0,0,-0.653961,0.736431,0.173216
0,0,-0.637325,0.646255,0.419728
0,0,-0.0679316,-0.990025,0.12343
0,0,0.711436,-0.0442159,0.701358
0,0,-0.929253,-0.199993,0.31063
0,0,0.528377,-0.825591,0.198033
0,0,-0.628127,0.775621,0.0621986
0,0,-0.495247,-0.103958,0.86251
0,0,-0.682213,0.577739,0.448111
0,0,0.22849,0.915748,0.33045
0,0,0.976982,0.0358784,0.210285
0,0,0.0768865,-0.970083,0.230278
0,0,0.999515,0.019054,0.0246318
0,0,-0.861171,-0.477373,0.174642
0,0,-0.845293,-0.507453,0.167246
0,0,-0.608403,0.61356,0.503379
0,0,-0.938883,-0.344233,0.0010963
0,0,-0.941676,0.334408,0.0376496
0,0,0.904287,0.401032,0.146416
0,0,-0.897797,0.396828,0.191018
0,0,0.220201,0.369608,0.902719
0,0,-0.214877,0.0751362,0.973747
0,0,0.155274,0.96411,0.215366
22.4063,30.6157,0.308209,0.756755,0.57648
0,0,-0.77011,0.637911,0.000468809
0,0,0.286799,0.561237,0.776376
0,0,-0.532208,-0.166829,0.830014
0,0,-0.384093,-0.170292,0.907454
0,0,-0.604231,0.665202,0.438646
0,0,-0.867299,0.195736,0.45769
0,0,-0.487922,0.444644,0.751148
0,0,0.738784,-0.607043,0.292742
0,0,-0.124969,-0.0405018,0.991334
19.355,26.7563,0.263668,0.756157,0.59892
0,0,0.590139,-0.643751,0.487155
0,0,0.783725,-0.312626,0.536694
0,0,0.049347,0.862084,0.504357
0,0,0.0541008,0.358978,0.931777
0,0,0.107676,-0.98225,0.153595
0,0,0.573774,-0.317341,0.755035
0,0,0.744462,0.0736016,0.663595
0,0,-0.899912,0.355262,0.252879
0,0,-0.403956,0.663963,0.629264
0,0,-0.949165,0.0808712,0.304212
0,0,0.678906,-0.529912,0.508213
0,0,-0.44523,0.747981,0.492234
0,0,-0.328819,-0.541459,0.773757
0,0,-0.190884,-0.358252,0.913903
0,0,-0.669544,0.68545,0.286128
0,0,-0.624724,-0.0280261,0.780343
0,0,0.943714,0.00905437,0.33064
0,0,0.638254,0.356527,0.682291
0,0,-0.284545,-0.188414,0.939965
0,0,0.473071,-0.705023,0.528342
0,0,-0.521975,0.0865495,0.848558
0,0,0.990858,-0.127036,0.0454136
0,0,-0.373722,-0.804833,0.461059
0,0,0.472596,0.581586,0.662126
0,0,-0.449286,-0.758052,0.472757
0,0,-0.218398,0.524023,0.823227
0,0,-0.991537,-0.113282,0.0634215
0,0,-0.799087,0.0836216,0.595372
0,0,0.201697,0.870169,0.449582
0,0,-0.178189,0.927662,0.328163
0,0,-0.981164,0.111748,0.157571
0,0,0.542595,0.808958,0.226225
0,0,0.295668,0.377743,0.877434
0,0,-0.339795,0.264812,0.902449
0,0,-0.230713,0.959446,0.161974
0,0,-0.538267,0.190122,0.821049
0,0,0.297406,-0.891215,0.34247
0,0,0.579383,0.79745,0.168489
0,0,-0.809625,0.543878,0.220688
0,0,0.148135,-0.985768,0.0794811
0,0,-0.82878,0.550442,0.100689
0,0,0.468248,0.820483,0.32795
0,0,0.836305,-0.546976,0.0375688
0,0,0.590553,-0.730059,0.343892
0,0,-0.863679,-0.126298,0.487963
0,0,-0.0822438,0.989607,0.117959
0,0,0.790604,0.249877,0.559023
0,0,-0.843087,0.0328206,0.536775
0,0,-0.462404,-0.710269,0.530755
0,0,0.773595,-0.561822,0.293099
0,0,-0.549223,0.243957,0.799274
0,0,0.312402,0.942962,0.115013
0,0,0.999719,-0.0220364,0.00872404
0,0,0.203553,-0.774946,0.598352
0,0,0.0695031,-0.997571,0.00458644
0,0,0.788728,0.613984,0.0305427
0,0,-0.847378,0.475907,0.235504
0.655493,1.0166,-0.130411,-0.382104,0.914871
0,0,0.195917,-0.50054,0.843254
0,0,-0.231103,-0.446347,0.864503
0,0,-0.649357,0.41009,0.640438
0,0,0.407919,0.113285,0.905963
0,0,0.00914582,0.39044,0.920583
0,0,-0.165773,0.476218,0.86356
0,0,-0.729661,-0.509334,0.45626
21.2999,32.7857,-0.746679,-0.610896,0.263205
0,0,-0.709935,-0.633639,0.307398
0,0,-0.742623,0.552499,0.378491
0,0,-0.437457,-0.894318,0.0939481
0,0,0.387049,-0.429966,0.815673
18.7568,24.4396,-0.153539,0.00897256,0.988102
0,0,-0.869646,-0.00233231,0.49367
0,0,0.772594,0.278881,0.570371
0,0,-0.8883,-0.425184,0.173615
0,0,-0.962475,-0.0389072,0.268566
0,0,0.937587,-0.320926,0.133931
0,0,0.362742,0.362866,0.85834
0,0,0.231096,-0.348928,0.908209
0,0,-0.049348,-0.995963,0.0749795
0,0,0.500982,-0.580063,0.642296
0,0,-0.402724,-0.892044,0.205113
16.3045,24.051,0.357554,0.898333,-0.255251
0,0,0.0736777,0.359312,0.930304
0,0,0.574417,-0.107976,0.81141
0,0,-0.982845,-0.146223,0.112401
0,0,0.847959,0.506437,0.156482
0,0,0.897622,-0.239274,0.370165
0,0,-0.652279,-0.0761967,0.754139
0,0,-0.0930439,0.420461,0.902527
0,0,0.816064,0.566875,0.112658
0,0,0.362854,0.904962,0.222219
0,0,0.379322,-0.919813,0.100298
0,0,-0.131991,0.578305,0.805072
0,0,-0.806002,0.579138,0.122313
18.398,27.2644,-0.168056,0.939787,0.297587
0,0,-0.592303,-0.801719,0.0801475
0,0,-0.750728,0.651644,0.108479
0,0,0.49999,0.057829,0.864098
0,0,0.416394,-0.255955,0.872413
0,0,-0.372823,0.514008,0.772527
0,0,-0.71161,-0.192962,0.675556
0,0,0.563995,0.108761,0.818585
0,0,-0.79241,-0.584514,0.174439
0,0,-0.144639,-0.869227,0.472782
0,0,0.489762,0.565052,0.663965
0,0,-0.134669,0.362295,0.922283
0,0,-0.292691,0.938122,0.185093
0,0,0.809706,-0.161426,0.564197
0,0,0.477975,0.877966,0.0267487
0,0,-0.0577065,-0.781418,0.621333
0,0,-0.123741,0.155178,0.980106
0,0,0.997431,-0.0175278,0.0694512
0,0,-0.838461,-0.317687,0.442784
0,0,-0.179885,0.600396,0.779209
0,0,0.813742,0.354243,0.4608
0,0,0.183152,-0.873366,0.451318
0,0,0.427276,-0.288167,0.856968
0,0,-0.873189,0.463547,0.150549
0,0,0.667221,-0.475059,0.573704
0,0,-0.913126,0.266145,0.308816
0,0,-0.738233,-0.296786,0.605748
0,0,-0.503281,0.236769,0.831053
0,0,-0.274718,0.475607,0.835661
0,0,-0.928787,-0.00847984,0.370516
0,0,0.904248,0.423864,0.0517252
0,0,-0.364704,-0.93041,0.036452
0,0,0.731861,-0.212449,0.647492
0,0,-0.179057,-0.830554,0.52737
0,0,0.680562,-0.510639,0.525436
0,0,-0.643902,0.078066,0.761115
2.72997,3.59164,0.0867906,0.1414,0.986141
0,0,-0.426528,-0.305711,0.851243
0,0,0.485932,-0.400401,0.776884
0,0,-0.188657,0.846211,0.498332
0,0,0.810881,-0.35766,0.463196
0,0,-0.0599552,-0.786542,0.61462
0,0,-0.393625,-0.188644,0.899707
0,0,-0.700177,-0.706523,0.102845
0,0,0.472059,0.509981,0.719082
0,0,0.0494033,-0.996602,0.0659143
0,0,0.670423,0.723948,0.162578
0,0,-0.104394,0.717616,0.688571
0,0,0.412341,0.41058,0.813264
0,0,-0.294399,-0.0449288,0.954626
0,0,0.134198,0.211727,0.968071
0,0,0.465575,-0.861869,0.201051
0,0,0.514002,-0.67842,0.524927
0,0,0.671522,0.612282,0.417335
0,0,0.401247,0.859756,0.315944
0,0,0.0282413,-0.906563,0.421124
0,0,0.903002,-0.239225,0.356874
0,0,0.931388,0.309949,0.190912
0,0,-0.730731,-0.493206,0.471996
0,0,-0.741345,-0.445466,0.501964
0,0,-0.588524,0.020492,0.80822
0,0,-0.484197,0.672964,0.559172
0,0,-0.920267,0.328696,0.212293
0,0,0.174227,-0.854915,0.488637
0,0,-0.484262,-0.408737,0.773579
0,0,-0.163761,0.0279197,0.986105
0,0,0.838445,-0.43146,0.332945
0,0,-0.174337,-0.961154,0.213985
0,0,0.831872,-0.481086,0.276668
0,0,0.326895,-0.157083,0.931914
23.3725,33.607,0.661806,0.671439,-0.33344
0,0,0.855943,-0.35418,0.37672
2.22834,3.59548,0.255489,-0.964799,0.0623542
0,0,-0.541085,-0.8303,0.133524
0,0,0.381658,-0.878193,0.288295
0,0,0.107426,0.983192,0.147626
0,0,-0.30979,-0.391164,0.866615
0,0,-0.880296,0.46099,0.112106
0,0,0.776808,-0.236644,0.583583
0,0,-0.0240046,0.749004,0.662131
0,0,-0.169096,0.893973,0.414992
0,0,0.89474,0.446044,0.0220441
0,0,0.477064,0.848916,0.227488
0,0,0.857097,0.458318,0.235223
0,0,-0.856711,-0.405909,0.318251
0,0,-0.508591,0.720102,0.472006
0,0,-0.0613043,-0.0554543,0.996577
0,0,0.984371,-0.0121653,0.175689
0,0,0.0821689,0.782996,0.616576
0,0,-0.0829784,-0.826565,0.55669
0,0,-0.829015,-0.051424,0.556857
0,0,-0.245039,-0.966327,0.0785396
0,0,0.398098,0.060321,0.915358
0,0,0.911209,0.166204,0.376926
0,0,-0.234486,-0.9702,0.0610578
0,0,0.754879,0.652749,0.0638369
0,0,-0.922671,-0.0431576,0.383165
0,0,-0.449262,0.581854,0.677946
0,0,-0.323535,0.734787,0.596166
0,0,0.455421,0.195027,0.868652
0,0,-0.210665,-0.622013,0.754136
0,0,0.925798,-0.360808,0.112762
0,0,0.873835,0.255795,0.4135
0,0,-0.829324,0.487295,0.273432
0,0,0.616231,0.177561,0.767288
0,0,-0.908309,0.417375,0.0278066
0,0,0.74999,-0.598617,0.281375
0,0,-0.466517,-0.136782,0.873872
0,0,-0.644244,-0.578005,0.500859
0,0,-0.694112,0.7017,0.160703
0,0,0.295189,0.705413,0.644403
0,0,0.673091,0.724058,0.150626
0,0,0.656976,-0.510328,0.55493
0,0,0.603777,-0.321684,0.729365
0,0,0.275155,-0.380612,0.88285
0,0,0.607711,-0.406261,0.682378
0,0,0.306648,-0.13084,0.942787
0,0,-0.48693,0.114699,0.865877
0,0,-0.458506,0.862595,0.21378
0,0,0.286508,0.532891,0.796204
0,0,-0.900433,-0.379756,0.212144
0,0,0.911534,0.185607,0.366956
0,0,0.282162,0.933681,0.22051
0,0,-0.370311,-0.906571,0.20248
0,0,-0.0971506,0.417716,0.903369
0,0,0.644436,-0.144998,0.750785
0,0,-0.39069,-0.19899,0.898757
0,0,-0.0166961,-0.545758,0.837777
0,0,0.02817,0.937816,0.345988
0,0,-0.0231644,-0.998005,0.0587289
0,0,0.580471,0.647283,0.494043
0,0,-0.313888,-0.63736,0.703738
0,0,-0.201536,0.636117,0.744807
0,0,0.0661209,0.156952,0.98539
0,0,-0.335891,-0.0946952,0.937129
0,0,0.852549,-0.379139,0.359742
0,0,0.625194,0.0460378,0.779111
0,0,-0.465819,0.257725,0.846517
0,0,-0.144512,0.691698,0.707581
0,0,0.419101,-0.825736,0.37751
15.3969,22.6755,-0.0335873,0.0915462,0.995234
0,0,0.334777,0.27976,0.89981
22.2931,31.6073,-0.232827,-0.619349,-0.749799
0,0,0.532174,-0.737603,0.415611
0,0,0.237057,0.53058,0.813811
0,0,-0.831193,-0.0246191,0.555438
0,0,0.670159,0.494768,0.553255
0,0,0.88393,-0.40139,0.239905
0,0,-0.148402,-0.132428,0.98002
0,0,0.434373,0.201288,0.877954
0,0,-0.621448,-0.498993,0.603993
0,0,-0.85641,-0.376442,0.353346
0,0,-0.143213,-0.989676,0.00552892
0,0,-0.323681,0.757541,0.566887
0,0,-0.673224,-0.733937,0.0900313
15.0652,23.0134,-0.176385,0.945154,-0.274905
0,0,0.999708,0.00927066,0.0223089
0,0,0.137629,-0.988302,0.0657112
0,0,-0.411346,-0.560725,0.718597
0,0,-0.981751,-0.0688234,0.177279
0,0,-0.229805,0.694045,0.682269
0,0,0.339452,0.922473,0.183893
0,0,0.596712,-0.207038,0.775287
0,0,-0.96315,-0.0796268,0.256906
0,0,0.383672,0.516339,0.76563
0,0,0.415378,-0.905121,0.0906492
0,0,-0.27835,-0.478941,0.832548
0,0,0.635145,0.0718944,0.76904
0,0,0.563346,0.66805,0.486159
11.2436,17.0438,0.0657977,0.294269,0.953455
0,0,-0.21094,-0.649382,0.730621
0,0,0.963168,-0.261212,0.0638383
0,0,0.831658,0.0735695,0.550392
0,0,-0.241551,-0.729192,0.640259
0,0,-0.989571,-0.115961,0.0854563
0,0,-0.598317,0.0219116,0.80096
0,0,0.218705,0.590406,0.77691
0,0,-0.247361,-0.484955,0.838828
0,0,0.13868,0.672431,0.727051
0,0,0.840339,0.016933,0.541797
0,0,0.631943,-0.767233,0.109556
0,0,0.819867,-0.213329,0.531328
0,0,-0.828936,0.403742,0.387114
16.3762,24.2086,-0.0641074,-0.171782,0.983047
0,0,-0.476495,0.844198,0.245525
0,0,-0.981893,-0.189203,0.00945188
0,0,0.574481,-0.811619,0.106048
0,0,-0.919808,0.385132,0.0750107
0,0,-0.972844,0.179946,0.145578
0,0,0.082597,0.991114,0.104266
0,0,-0.567988,-0.000259777,0.823037
0,0,-0.155451,0.978203,0.137676
0,0,0.604466,0.795946,0.0330376
0,0,0.727973,0.266798,0.631565
0,0,-0.0690964,-0.865998,0.495251
0,0,0.719879,0.691763,0.0569075
0,0,0.51269,-0.75044,0.41712
0,0,-0.321387,-0.924875,0.203265
0,0,0.68814,-0.510289,0.515819
0,0,0.710259,0.630494,0.313063
0,0,-0.24544,0.747013,0.617843
0,0,-0.0232786,0.560629,0.82774
0,0,-0.591627,0.456077,0.664809
0,0,0.339196,-0.0577545,0.938941
0,0,0.308594,0.913101,0.266488
0,0,-0.969385,-0.221167,0.106672
0,0,0.582406,0.0103784,0.812832
0,0,0.566665,0.392428,0.724494
0,0,0.185622,-0.244937,0.951604
0,0,-0.286137,-0.914553,0.285866
0,0,-0.973706,-0.100238,0.204568
0,0,0.0115567,0.998409,0.0551897
0,0,-0.606701,0.31921,0.728024
0,0,-0.441846,0.807368,0.391062
0,0,-0.242014,-0.0436515,0.96929
0,0,0.599466,0.413392,0.685381
0,0,-0.345459,-0.724701,0.596211
0,0,-0.61762,-0.77246,0.147822
0,0,-0.209656,0.907804,0.36323
0,0,-0.58264,-0.768734,0.263778
0,0,0.689971,-0.0747931,0.719963
0,0,0.776467,0.242676,0.581556
0,0,-0.561575,0.653626,0.507352
0,0,-0.556514,0.478845,0.67897
0,0,0.14528,-0.654647,0.741843
0,0,-0.548783,-0.814052,0.190149
0,0,0.843084,0.040655,0.536244
0,0,-0.0964823,-0.936596,0.336866
0,0,-0.363376,0.39168,0.845307
0,0,0.403043,0.494914,0.769816
0,0,-0.0380641,0.887887,0.458485
0,0,-0.926835,-0.327981,0.182774
0,0,0.443473,-0.5144,0.733978
0,0,0.142279,-0.902093,0.407412
0,0,0.511843,-0.348729,0.785115
0,0,0.662808,-0.72915,0.170368
0,0,0.128518,0.888925,0.439653
4.75442,6.3937,-0.705566,-0.699672,0.112408
0,0,0.559788,-0.0270392,0.828194
0,0,0.288868,-0.838307,0.462381
0,0,0.0210686,-0.999226,0.0332123
0,0,-0.544896,0.728261,0.415601
0,0,0.405196,-0.210786,0.889598
0,0,-0.649528,-0.750641,0.121044
0,0,0.339648,0.917419,0.207319
0,0,0.387856,-0.508042,0.769065
0,0,-0.00957113,0.453057,0.89143
0,0,-0.853623,-0.110891,0.508951
0,0,-0.0843365,-0.97694,0.196154
0,0,-0.418759,0.277896,0.864532
0,0,0.56909,0.470334,0.67448
0,0,0.724714,-0.0930311,0.682741
0,0,0.477416,0.271633,0.835637
0,0,-0.0194581,-0.996365,0.0829311
0,0,0.831136,-0.532273,0.16093
20.515,30.5847,-0.715439,0.438636,0.543825
0,0,-0.443152,0.341463,0.828866
0,0,-0.161756,-0.476896,0.863948
0,0,0.465864,0.0314687,0.884297
0,0,0.297261,0.94532,0.134185
0,0,-0.758486,-0.345948,0.552285
0,0,-0.539647,-0.473828,0.695894
0,0,-0.109338,0.980211,0.16502
0,0,-0.798244,-0.582495,0.153315
0,0,-0.398403,0.889593,0.223384
0,0,0.641393,0.283034,0.713097
0,0,-0.213152,-0.937074,0.276511
0,0,-0.447769,0.102794,0.888221
0,0,0.914831,0.215384,0.341606
0,0,0.0819946,-0.875933,0.475414
0,0,0.308419,0.903409,0.297877
0,0,0.959617,-0.029935,0.279711
0,0,0.0360404,0.563148,0.82557
0,0,0.911578,-0.41112,0.00249002
0,0,-0.301866,0.424324,0.853713
0,0,0.620419,-0.735391,0.272546
0,0,0.80677,-0.588056,0.0575453
0,0,0.18994,-0.656475,0.730043
0,0,0.766868,-0.170799,0.618661
0,0,-0.00114402,-0.602549,0.798081
0,0,0.94581,0.134867,0.295389
0,0,0.558399,0.0464446,0.828271
17.2205,23.9669,-0.209731,0.669615,0.71248
0,0,0.0515086,0.980799,0.188099
0,0,-0.784103,-0.586413,0.20323
0,0,-0.873382,-0.0827129,0.479962
0,0,-0.229473,0.495394,0.837811
0,0,0.700036,0.592686,0.398338
0,0,0.684126,-0.729262,0.0122067
0,0,-0.252016,-0.853146,0.456761
0,0,0.370635,-0.557673,0.742719
0,0,0.247438,-0.565937,0.786441
0,0,0.580835,-0.488458,0.651184
0,0,0.397562,-0.612382,0.683324
0,0,0.80488,-0.2728,0.527019
0,0,-0.4312,-0.838105,0.334135
0,0,0.55318,-0.716369,0.425214
0,0,0.397671,-0.270771,0.876664
0,0,-0.99471,-0.00785879,0.102426
0,0,0.137232,0.216077,0.966684
0,0,0.790493,0.522349,0.319801
0,0,0.877762,-0.196189,0.437086
0,0,-0.732962,0.094807,0.673631
0,0,-0.00598224,-0.878765,0.477217
0,0,-0.0820783,-0.819066,0.567797
0,0,-0.468137,-0.166092,0.867906
0,0,-0.899288,0.424908,0.103606
0,0,-0.745958,0.562633,0.356358
0,0,-0.392315,-0.907106,0.15247
0,0,0.733881,-0.508179,0.450747
0,0,0.817004,-0.517993,0.253351
0,0,-0.210775,0.490515,0.845558
0,0,0.0802323,-0.885791,0.457096
0,0,0.0146155,0.151293,0.988381
0,0,-0.709126,-0.205423,0.674493
0,0,-0.594305,0.801574,0.065428
0,0,0.120359,0.572893,0.810745
0,0,0.853669,0.0721618,0.515792
0,0,0.973761,0.147174,0.173579
0,0,0.84818,-0.264772,0.458788
23.3247,31.872,0.972682,0.181447,-0.144799
0,0,0.826692,0.556396,0.0836894
0,0,-0.431698,0.390041,0.81333
0,0,0.467896,0.228467,0.853743
0,0,0.00296446,0.873444,0.486916
0,0,0.947716,0.24664,0.202491
0,0,0.128039,0.980588,0.148503
0,0,-0.862301,0.305928,0.403542
0,0,0.855859,-0.514064,0.0569504
0,0,-0.373644,-0.136425,0.917485
0,0,0.570099,-0.789462,0.227458
0,0,0.14808,0.89831,0.413657
17.3552,25.0012,0.0427017,-0.972479,0.229043
0,0,-0.651393,-0.255709,0.714353
0,0,-0.544768,0.250307,0.800359
0,0,-0.30399,0.483605,0.820802
0,0,0.971996,0.137219,0.190775
0,0,-0.699276,0.627769,0.341933
0,0,-0.981613,0.112759,0.154016
0,0,0.174845,0.167926,0.97017
0,0,0.888491,-0.255981,0.380864
0,0,-0.602025,-0.272623,0.750495
0,0,-0.372028,0.0792964,0.924828
0,0,0.618702,-0.486644,0.616754
0,0,0.125159,0.876504,0.46484
0,0,0.365307,-0.771951,0.520234
0,0,0.024799,-0.465441,0.884732
0,0,-0.352874,0.889312,0.290867
0,0,0.317146,0.861069,0.397466
0,0,0.791967,0.228508,0.566191
0,0,-0.804379,0.0768081,0.58913
0,0,0.512632,0.0175838,0.858428
0,0,-0.833844,-0.524981,0.170584
0,0,0.711802,-0.450106,0.539206
0,0,0.340446,0.593544,0.729247
0,0,0.813852,-0.4552,0.361162
0,0,-0.283543,0.725844,0.626701
0,0,0.366968,0.917282,0.15469
0,0,0.898229,0.123007,0.421964
0,0,-0.407492,-0.385889,0.827671
0,0,0.27616,0.564072,0.778176
0,0,-0.133663,-0.988757,0.0670393
0,0,0.352132,-0.927551,0.125112
0,0,-0.17024,0.98262,0.0740055
0,0,-0.852811,0.365692,0.372804
0,0,0.441899,0.289516,0.849061
0,0,0.389516,-0.79188,0.470324
0,0,-0.559423,0.722749,0.405808
0,0,-0.0496197,-0.960865,0.272536
0,0,0.999239,-0.0272865,0.027887
0,0,-0.28577,-0.292479,0.912574
0,0,-0.0669404,0.480813,0.874264
0,0,-0.312221,0.938267,0.14891
0,0,0.715057,0.541183,0.442509
0,0,-0.398116,-0.652623,0.64466
0,0,-0.395589,0.815337,0.42277
0,0,-0.233729,-0.616496,0.751866
0,0,0.184235,-0.892255,0.412237
0,0,-0.588357,0.808263,0.0233776
0,0,-0.857639,-0.23374,0.458062
0,0,0.302256,0.836409,0.457232
0,0,0.0514895,0.998671,0.00231852
0,0,0.0317194,-0.312593,0.949358
0,0,-0.796406,-0.602428,0.0530882
0,0,0.94879,0.315907,0.000596289
0,0,-0.992928,-0.114235,0.0323106
0,0,-0.407725,0.0051084,0.913091
0,0,-0.656773,-0.579505,0.482518
0,0,-0.159143,-0.302844,0.939659
0,0,-0.248818,0.72972,0.636867
0,0,0.133346,-0.838535,0.528278
0,0,-0.323714,0.920445,0.219065
0,0,-0.0280456,-0.973091,0.228706
0,0,-0.284699,-0.558475,0.779135
0,0,-0.208124,0.197312,0.957994
0,0,-0.352473,0.115248,0.928698
0,0,0.325927,0.945065,0.0249842
0,0,-0.0778458,0.0862751,0.993225
0,0,-0.105233,0.520692,0.847234
0,0,0.83445,0.433189,0.340646
0,0,0.949744,0.212704,0.229661
18.1505,26.2098,-0.461503,0.104543,0.880957
0,0,-0.120758,-0.926251,0.357039
0,0,-0.558875,0.745096,0.363993
0,0,0.87633,0.443344,0.188393
0,0,0.652295,-0.743438,0.147688
0,0,0.244909,-0.709417,0.660868
0,0,0.0823008,-0.505376,0.858966
0,0,0.939931,0.0396142,0.339058
0,0,-0.154243,-0.716332,0.680498
0,0,-0.662823,-0.598163,0.450407
0,0,-0.36121,0.108586,0.92614
0,0,0.976037,-0.207332,0.0660637
0,0,-0.860692,-0.449364,0.239333
0,0,0.907961,0.154057,0.38971
0,0,0.146587,-0.461423,0.874986
0,0,0.552438,-0.36905,0.747406
0,0,0.240488,-0.895275,0.375031
0,0,-0.788278,-0.604921,0.11264
0,0,0.0398241,0.908209,0.416618
0,0,-0.36756,-0.785166,0.498411
0,0,-0.83992,-0.173566,0.514208
0,0,0.360178,0.543201,0.758423
0,0,0.113342,0.794708,0.596316
0,0,-0.763237,-0.138744,0.631046
0,0,0.101714,0.551823,0.827735
0,0,0.0881795,-0.387464,0.917658
0,0,0.723866,-0.125952,0.678347
0,0,-0.984003,0.159906,0.0785342
0,0,-0.00174047,-0.991207,0.132305
0,0,0.768718,0.577459,0.27498
0,0,-0.549913,0.165711,0.818618
0,0,0.726008,0.458511,0.512523
21.8945,31.0736,0.582134,-0.545996,0.602503
0,0,0.738161,0.0281939,0.674035
0,0,0.0384273,0.937843,0.344925
0,0,-0.923308,-0.383506,0.0206197
0,0,0.71066,-0.130093,0.691403
0,0,0.750097,-0.42171,0.509426
0,0,0.280211,-0.955944,0.0874747
0,0,0.317866,-0.80359,0.503195
0,0,0.329467,0.316329,0.8896
0,0,0.622623,0.223054,0.750058
0,0,-0.168199,-0.814565,0.555152
0,0,0.651416,-0.570249,0.500474
0,0,0.198869,0.930785,0.306743
0,0,0.649969,0.0620647,0.757422
0,0,-0.180661,-0.982273,0.050016
0,0,-0.767834,0.61069,0.193621
0,0,0.585678,-0.24945,0.771204
0,0,0.613771,-0.159166,0.773273
0,0,-0.657396,-0.245611,0.712395
0,0,-0.348648,-0.898333,0.267287
0,0,0.673471,0.697674,0.24431
0,0,0.419665,0.0673209,0.905179
0,0,0.884409,0.0747365,0.46069
0,0,-0.312593,0.942923,0.114809
0,0,-0.732423,0.644816,0.218562
0,0,-0.433134,0.580775,0.689271
0,0,0.475655,0.383691,0.791538
0,0,0.231398,-0.649859,0.723974
0,0,0.662221,-0.737349,0.13334
0,0,-0.229746,0.897971,0.375321
0,0,0.152236,-0.871632,0.465921
0,0,-0.459914,-0.59337,0.6606
0,0,-0.759403,-0.64317,0.0981798
0,0,0.451061,-0.128056,0.883259
0,0,0.692393,-0.721507,0.00446024
0,0,-0.915331,-0.385919,0.115049
0,0,-0.0601893,0.337903,0.939254
0,0,0.522718,0.496079,0.693304
0,0,-0.102245,0.991538,0.0799891
0,0,-0.941939,0.277469,0.189108
0,0,0.618907,0.026014,0.785034
0,0,-0.200458,0.44442,0.873102
0,0,0.920627,0.329805,0.208983
0,0,-0.0759092,0.587868,0.805387
0,0,-0.356836,0.521198,0.775255
0,0,-0.697056,0.403197,0.592912
0,0,0.284575,-0.345803,0.894113
0,0,0.802391,-0.513804,0.303601
0,0,-0.183408,-0.652846,0.734951
0,0,-0.878895,0.0233204,0.476445
0,0,-0.97797,0.193497,0.0783152
0,0,0.537362,-0.688784,0.48664
0,0,0.996899,-0.0784401,0.00623326
0,0,0.086819,-0.703972,0.704901
0,0,0.108796,-0.326872,0.938785
0,0,-0.869681,-0.0982133,0.483745
0,0,-0.204722,0.444257,0.872195
0,0,0.228032,-0.265797,0.936671
0,0,0.827417,0.554664,0.087916
0,0,0.603734,0.381545,0.699949
0,0,-0.0850946,-0.975902,0.200932
0,0,0.0741762,0.994203,0.077829
0,0,-0.206915,-0.818234,0.536357
0,0,-0.255357,-0.956212,0.143007
0,0,0.452067,-0.414567,0.789791
0,0,-0.461347,0.106614,0.880791
0,0,-0.834832,-0.483797,0.262672
0,0,-0.792773,0.609246,0.0181575
0,0,-0.0677587,0.755414,0.651735
0,0,0.351858,-0.922869,0.156553
0,0,-0.00864231,-0.424621,0.90533
0,0,-0.327524,0.80577,0.493418
0,0,-0.677345,0.26664,0.685644
0,0,0.390165,-0.839149,0.378947
0,0,0.328336,-0.204375,0.922186
0,0,-0.458662,0.880299,0.121255
0,0,-0.485907,0.282566,0.827074
0,0,-0.0332756,0.647982,0.760929
0,0,-0.886917,-0.195987,0.41829
0,0,-0.89666,0.422815,0.131253
0,0,0.882709,-0.208962,0.420904
0,0,-0.905785,-0.30718,0.291879
0,0,-0.35257,0.565922,0.745269
0,0,0.323767,-0.178318,0.929181
0,0,0.267151,0.96354,0.0148592
0,0,0.6244,-0.737676,0.256826
0,0,-0.0102037,-0.568692,0.822487
0,0,-0.73968,0.0655178,0.669762
0,0,0.714121,-0.240092,0.657561
0,0,0.62398,0.0905105,0.776181
0,0,0.124655,-0.863851,0.48808
0,0,0.22792,-0.696333,0.680568
0,0,0.0293379,0.182377,0.982791
9.92293,13.5799,-0.379968,0.442579,0.812249
0,0,0.0417703,-0.941857,0.333406
0,0,0.0469919,-0.538316,0.841432
0,0,0.689836,-0.70762,0.152968
0,0,-0.905271,0.0389039,0.42305
0,0,0.809571,0.341806,0.477245
0,0,0.962937,0.169906,0.209486
0,0,-0.313404,-0.336942,0.887833
0,0,-0.227098,-0.923993,0.307673
0,0,-0.101843,0.890032,0.444377
0,0,-0.0270275,-0.838022,0.544966
0,0,0.737811,-0.13562,0.661243
0,0,-0.605453,0.79499,0.0376402
0,0,-0.0841573,-0.478092,0.874269
5.45257,7.7042,0.294128,0.0730094,0.952973
0,0,0.548508,0.755144,0.359021
0,0,-0.658942,0.238301,0.713448
0,0,0.847274,0.493769,0.195752
0,0,0.655678,-0.493642,0.571318
0,0,-0.140877,0.747888,0.648705
23.978,35.6351,0.976296,-0.0321607,0.214036
0,0,0.228646,-0.893719,0.385989
0,0,0.320106,0.322494,0.890803
0,0,0.913698,-0.338254,0.225254
0,0,0.8488,0.447238,0.281986
0,0,-0.359601,-0.232917,0.903569
0,0,0.134946,0.722645,0.677919
0,0,-0.445002,0.8798,0.16711
0,0,0.646464,-0.255535,0.718878
0,0,-0.234503,-0.847604,0.475999
0,0,0.630799,-0.426672,0.648108
0,0,-0.918664,0.0799638,0.386863
0,0,-0.164677,-0.738255,0.65411
0,0,0.244671,-0.821011,0.515827
0,0,0.188724,0.95746,0.218297
0,0,-0.378148,0.669444,0.639413
0,0,0.890124,0.0546741,0.452427
0,0,0.935904,-0.262269,0.235155
0,0,-0.559949,-0.764255,0.319957
0,0,0.0403725,-0.387665,0.920916
0,0,-0.295459,-0.954503,0.0403507
0,0,0.568379,-0.734909,0.369937
0,0,0.73641,-0.507859,0.446966
0,0,-0.462743,0.827224,0.318699
0,0,0.780204,0.343235,0.522946
0,0,0.903527,-0.283178,0.321635
17.3198,24.6897,0.205869,-0.0448835,0.97755
0,0,0.828924,-0.480538,0.2863
0,0,0.0506671,0.997986,0.0381782
0,0,0.266413,0.808534,0.524687
0,0,-0.355274,-0.197707,0.913615
0,0,-0.627507,-0.0128653,0.778505
0,0,-0.83197,0.17943,0.525005
0,0,0.282686,0.85755,0.429764
0,0,-0.571399,-0.806189,0.153505
0,0,-0.475812,0.850862,0.222791
19.4901,27.208,-0.0862594,0.265453,0.960257
0,0,-0.412393,-0.609632,0.676965
0,0,-0.102708,-0.20782,0.97276
0,0,0.815613,0.47939,0.323976
0,0,-0.0815403,0.593221,0.800899
0,0,-0.219931,0.086587,0.971665
0,0,-0.29459,-0.82798,0.477143
0,0,0.45462,-0.584992,0.671644
0,0,0.784871,-0.112736,0.609318
0,0,-0.258602,0.19184,0.946743
0,0,0.503587,0.784746,0.36135
0,0,-0.135493,0.409545,0.902172
0,0,0.923312,-0.10572,0.369212
0,0,-0.917189,0.384138,0.105838
0,0,0.450847,0.812721,0.369082
0,0,0.864495,0.497256,0.0733841
0,0,-0.944343,-0.123854,0.304758
0,0,0.0663999,-0.761443,0.644822
0,0,0.019507,0.771577,0.635837
0,0,-0.785239,-0.3735,0.493859
0,0,0.481752,-0.477247,0.734949
0,0,-0.506149,-0.845176,0.171726
0,0,0.591899,0.797742,0.115168
0,0,-0.40924,-0.812367,0.415431
0,0,-0.470901,-0.124749,0.873321
0,0,-0.142829,0.231303,0.96234
0,0,0.646063,0.071496,0.759929
0,0,0.911265,0.0986226,0.399837
0,0,0.0201856,-0.767347,0.640915
0,0,0.89637,-0.441063,0.0445499
0,0,0.94367,0.281702,0.173583
0,0,-0.914338,0.0881165,0.395248
0,0,0.238892,-0.580293,0.778582
0,0,0.283646,-0.8643,0.415367
0,0,-0.722771,0.462114,0.513862
0,0,-0.468694,-0.873486,0.131711
0,0,-0.833984,0.226574,0.503125
0,0,-0.0475234,-0.874488,0.482713
0,0,-0.219886,0.563734,0.79615
0,0,0.628688,0.127946,0.76706
0,0,0.160681,-0.685067,0.710539
0,0,-0.517308,-0.725989,0.453137
0,0,-0.635884,0.560729,0.530315
0,0,0.526911,0.406229,0.746554
0,0,-0.752504,0.161382,0.638509
0,0,-0.691422,0.252955,0.67672
0,0,0.108527,0.719605,0.68585
0,0,0.974412,-0.128049,0.184729
0,0,-0.836129,-0.011537,0.548411
0,0,0.145803,0.989314,0.000341803
0,0,0.263188,0.93655,0.231532
0,0,0.371025,0.0388918,0.927808
0,0,0.00285519,-0.948871,0.315651
0,0,0.881624,-0.381746,0.277505
0,0,-0.0374593,-0.978055,0.204953
0,0,0.140379,-0.93003,0.339613
0,0,0.423346,-0.905956,0.00467869
0,0,0.937166,0.348544,0.0154157
0,0,-0.330598,-0.912511,0.240892
0,0,-0.967952,-0.192955,0.16074
0,0,0.595614,-0.633596,0.493761
0,0,0.392097,0.44459,0.805357
0,0,-0.171055,0.182295,0.96825
0,0,-0.13589,-0.718113,0.68253
0,0,0.191289,-0.926107,0.325169
0,0,0.0594693,0.996304,0.0619861
0,0,-0.526064,0.386991,0.757294
0,0,0.801813,-0.166428,0.573932
0,0,0.769479,-0.533854,0.350575
0,0,0.570165,0.228326,0.789164
0,0,-0.548477,-0.743839,0.381937
0,0,-0.850463,-0.3847,0.358772
0,0,-0.241658,0.892638,0.380524
0,0,0.345099,-0.682816,0.643948
0,0,-0.721509,-0.101769,0.684885
0,0,-0.247799,-0.481773,0.84053
0,0,-0.294349,0.698838,0.651908
8.6041,12.6022,-0.282212,-0.659135,0.697064
0,0,-0.270268,-0.701307,0.659638
0,0,-0.776109,0.0523591,0.628422
0,0,0.353866,-0.113369,0.9284
0,0,-0.23299,-0.969111,0.0808739
0,0,0.0213191,0.751503,0.659386
0,0,0.129396,0.94982,0.284778
0,0,-0.332722,0.768895,0.545982
0,0,-0.239062,-0.303289,0.922424
0,0,0.552275,0.829253,0.0856281
0,0,-0.710271,-0.684912,0.162511
0,0,0.645304,-0.539023,0.541329
0,0,-0.0532868,0.868626,0.492594
0,0,0.871854,0.082259,0.482809
0,0,-0.392123,-0.319153,0.862775
0,0,-0.544473,-0.556441,0.627632
0,0,0.29698,0.730678,0.614746
0,0,0.516647,0.728915,0.449176
0,0,-0.691266,-0.202879,0.693535
0,0,-0.923423,-0.292036,0.249009
0,0,-0.0188822,0.825111,0.564656
0,0,0.456454,-0.525494,0.717988
0,0,0.689637,0.0936753,0.718071
0,0,-0.331372,0.418182,0.845764
0,0,0.548881,0.0922788,0.830791
0,0,0.561818,-0.359403,0.745111
0,0,-0.302997,-0.949998,0.0754767
22.5323,32.7785,-0.671089,-0.533796,0.514492
0,0,0.80945,0.135504,0.57134
0,0,0.00734718,-0.97765,0.210108
0,0,0.893486,-0.117979,0.433317
0,0,-0.869538,0.36422,0.333537
0,0,0.846371,-0.497864,0.189176
0,0,-0.548698,-0.807999,0.214636
0,0,0.245124,-0.925411,0.289012
0,0,-0.531399,-0.794276,0.294518
0,0,-0.485138,0.835283,0.258733
0,0,-0.0708243,-0.99747,0.00614784
0,0,0.490077,-0.48443,0.724673
0,0,0.482378,0.3275,0.812438
0,0,-0.467017,-0.797306,0.382358
6.81918,9.79035,-0.209515,-0.116901,0.970792
0,0,0.56961,0.141191,0.809697
0,0,0.0841135,0.995387,0.0461557
0,0,-0.954663,0.294713,0.0419886
0,0,-0.231895,-0.874794,0.425395
0,0,-0.979031,-0.173098,0.107402
0,0,-0.364091,0.14481,0.920037
0,0,0.888973,-0.404242,0.215209
0,0,0.575796,0.673099,0.464109
0,0,-0.159571,-0.676878,0.718592
0,0,0.0702039,0.818387,0.570364
0,0,-0.699938,-0.528154,0.480771
0,0,0.427183,0.430994,0.794832
0,0,-0.0979039,-0.847375,0.521891
0,0,0.84721,0.520684,0.105469
0,0,-0.0831898,-0.580738,0.809829
0,0,-0.427653,-0.898924,0.0951254
0,0,0.473314,-0.655596,0.58836
0,0,-0.12069,-0.849937,0.512875
0,0,0.471414,-0.612177,0.634829
0,0,-0.122166,0.394342,0.910807
0,0,0.0646976,0.437213,0.897028
0,0,-0.357325,-0.862681,0.35791
0,0,0.548906,0.474887,0.687885
0,0,-0.82845,0.147772,0.540216
0,0,-0.820091,-0.547475,0.166501
0,0,0.785087,-0.134093,0.604696
0,0,-0.227982,-0.969669,0.0881274
0,0,0.241726,-0.0801958,0.967025
0.766258,0.3807,0.284654,-0.520226,0.805193
0,0,-0.300793,0.380351,0.874561
10.9177,14.9765,-0.577981,-0.228265,0.783475
0,0,0.035979,0.512024,0.858217
0,0,0.223884,-0.378474,0.898128
0,0,-0.548987,0.172693,0.817796
0,0,-0.36929,-0.887016,0.277178
0,0,-0.572893,0.777289,0.26003
0,0,0.802463,-0.266974,0.533646
0,0,0.685793,0.226202,0.691752
0,0,0.321466,-0.945247,0.0562879
0,0,0.744307,-0.482394,0.461848
0,0,0.595064,-0.76156,0.25676
0,0,-0.657702,0.749041,0.0797832
0,0,-0.548482,0.423053,0.721245
0,0,0.0258314,-0.306501,0.95152
0,0,0.0534659,-0.0283723,0.998167
0,0,0.503115,-0.509428,0.698111
0,0,0.29648,-0.858479,0.418465
0,0,0.291417,0.163496,0.942521
0,0,-0.922487,-0.384947,0.0288863
0,0,-0.137314,-0.602692,0.78607
0,0,-0.90049,0.434847,0.0050482
0,0,-0.869915,-0.279728,0.406202
20.5346,26.6007,-0.466044,0.795374,0.387534
0,0,0.996507,-0.0598932,0.0582016
0,0,-0.567302,0.399632,0.720044
0,0,-0.0694799,0.804055,0.590482
0,0,-0.147543,-0.265989,0.952618
0,0,0.0649661,-0.933029,0.353887
0,0,-0.704622,0.533309,0.468069
0,0,0.53059,0.841963,0.0978405
0,0,-0.0412625,-0.0697987,0.996707
0,0,-0.127366,-0.981658,0.141865
0,0,0.503216,0.861012,0.0737006
0,0,-0.784539,-0.0769376,0.615288
0,0,0.758035,0.265849,0.595572
0,0,-0.143129,-0.69171,0.70785
0,0,-0.217622,-0.546303,0.808823
0,0,0.0194317,0.945405,0.325318
0,0,0.700175,-0.497192,0.512401
0,0,0.105092,0.929637,0.353174
0,0,0.323735,-0.280525,0.903605
0,0,0.459691,0.410786,0.787362
0,0,-0.608829,0.303077,0.733124
0,0,0.444774,0.0427325,0.894623
0,0,-0.306094,0.540674,0.783567
0,0,0.354538,-0.110622,0.928475
0,0,-0.812478,0.404674,0.419665
0,0,-0.591559,-0.217289,0.77643
0,0,0.2321,0.887171,0.398819
0,0,0.291552,0.224147,0.929922
0,0,0.946284,0.278281,0.16464
0,0,-0.318854,-0.61721,0.719294
0,0,-0.33264,0.561596,0.757602
0,0,-0.41617,-0.79001,0.450208
0,0,-0.657059,-0.750759,0.0680778
0,0,-0.331032,-0.53604,0.776581
0,0,-0.745904,-0.425923,0.51207
0,0,-0.452489,-0.40394,0.795038
0,0,0.122013,0.946636,0.298316
0,0,-0.95332,0.253285,0.164404
0,0,0.417505,0.308435,0.854727
0,0,0.313755,-0.52145,0.793503
0,0,0.757637,0.650911,0.0479671
7.70751,12.1947,-0.115793,0.237686,0.964416
0,0,0.152295,-0.272188,0.950116
0,0,-0.518983,-0.704586,0.483957
0,0,0.608343,-0.711119,0.35246
0,0,-0.53293,-0.451114,0.715878
0,0,-0.802532,0.519465,0.293427
0,0,0.818137,0.248583,0.518515
0,0,0.68752,0.280818,0.66967
0,0,-0.193731,0.70329,0.683997
0,0,0.138562,-0.678972,0.72097
0,0,0.552783,0.568268,0.60951
0,0,0.235533,-0.598683,0.765574
0,0,-0.876406,-0.306394,0.371531
0,0,0.583703,-0.0583954,0.809865
0,0,-0.694297,0.324356,0.642452
0,0,-0.856413,0.152914,0.493127
0,0,-0.507146,0.712393,0.485076
0,0,-0.0373954,-0.147821,0.988307
0,0,-0.432301,-0.890828,0.139793
0,0,-0.375722,0.790129,0.484283
0,0,-0.179008,0.801486,0.570593
0,0,-0.994994,0.0983737,0.0176112
0,0,0.14616,-0.186226,0.971575
0,0,-0.749496,0.272441,0.60335
0,0,0.227775,0.853564,0.468559
0,0,0.599357,0.764671,0.236749
0,0,-0.87952,0.442736,0.174443
0,0,-0.444974,-0.730098,0.518609
0,0,-0.132332,-0.395753,0.908773
0,0,0.138395,0.788332,0.599482
0,0,-0.110741,-0.663629,0.73982
0,0,0.727108,0.355158,0.587517
0,0,-0.0283365,0.972611,0.230704
0,0,0.558196,0.430689,0.709172
0,0,-0.443591,0.825073,0.349973
0,0,-0.0258488,0.931868,0.361875
0,0,0.391101,-0.634457,0.666711
0,0,0.233915,-0.40711,0.882919
0,0,0.830328,-0.481638,0.280323
0,0,0.374592,-0.882205,0.2853
0,0,0.576626,-0.439244,0.688889
0,0,-0.840669,-0.471043,0.267197
0,0,0.368894,0.929471,0.000299052
7.07452,7.68474,0.383693,0.10748,0.917185
0,0,-0.428989,0.849251,0.307801
0,0,-0.8443,0.144024,0.516154
0,0,0.0875413,-0.995686,0.0307543
0,0,-0.160648,0.9866,0.0285208
0,0,0.118352,-0.982994,0.14041
0,0,-0.637384,-0.0201771,0.770282
0,0,0.788686,-0.309693,0.531098
0,0,0.177614,-0.0181972,0.983932
0,0,0.630367,-0.378237,0.677919
0,0,0.11602,-0.379542,0.917871
0,0,0.161835,-0.195858,0.967186
0,0,0.861918,-0.13714,0.48815
0,0,0.897408,0.0401679,0.439369
0,0,0.230618,0.969535,0.0825601
0,0,-0.642258,-0.41025,0.647456
0,0,-0.474608,-0.728068,0.494634
0,0,0.453216,0.678271,0.578397
0,0,0.947434,-0.319926,0.00407107
0,0,0.537103,-0.268085,0.799782
0,0,-0.437136,0.54047,0.718891
0,0,0.498378,0.840697,0.211772
0,0,0.149768,0.486785,0.860587
22.2542,30.5776,0.575627,0.203396,-0.792012
0,0,-0.969521,-0.244712,0.0120083
0,0,-0.731165,-0.523831,0.437035
0,0,-0.419485,0.872856,0.249307
0,0,0.327064,0.0390516,0.944195
0,0,-0.132023,0.953217,0.271933
0,0,-0.16545,-0.62012,0.766862
0,0,0.775294,-0.0205063,0.631268
0,0,0.788594,0.514099,0.337373
0,0,0.890387,-0.291559,0.349578
0,0,0.719583,0.527196,0.451956
0,0,-0.340686,-0.648778,0.680456
0,0,-0.462656,0.332263,0.821919
0,0,0.661474,-0.487236,0.570134
0,0,0.0121532,0.925897,0.37758
0,0,0.33532,0.810061,0.481
0,0,-0.679291,-0.356418,0.641507
0,0,0.115698,0.895278,0.430222
0,0,-0.351785,-0.575681,0.738132
0,0,-0.476681,-0.853348,0.211121
0,0,-0.0502291,0.0544456,0.997253
0,0,0.92412,-0.119179,0.363041
0,0,-0.127016,-0.904583,0.406936
0,0,0.471454,-0.13579,0.871374
0,0,0.291882,0.383505,0.876202
0,0,0.551677,0.834047,0.00416873
0,0,0.572128,-0.792747,0.210289
0,0,-0.03008,0.868043,0.495576
0,0,0.832116,-0.162515,0.530257
0,0,0.116204,-0.775204,0.620931
0,0,0.412063,0.192971,0.890487
0,0,-0.090513,-0.995164,0.0381581
0,0,0.250165,0.863244,0.438436
0,0,-0.796074,0.496675,0.345804
0,0,0.454639,0.857039,0.242462
0,0,0.0655169,-0.621222,0.780891
0,0,0.230221,-0.0275779,0.972747
0,0,0.812158,0.581695,0.0450614
0,0,-0.522284,-0.376539,0.765139
0,0,0.784559,-0.00286244,0.620047
0,0,-0.21931,-0.341631,0.913888
0,0,-0.0343383,-0.996957,0.069977
0,0,-0.144272,-0.0574796,0.987867
0,0,0.0380596,-0.484263,0.874094
0,0,-0.649496,0.013875,0.760238
0,0,-0.526124,-0.160504,0.835124
0,0,-0.528034,0.510623,0.67856
0,0,-0.855819,0.501858,0.125353
0,0,0.235503,0.928454,0.287247
0,0,-0.392826,0.858877,0.328661
0,0,-0.0994672,0.509328,0.854805
0,0,-0.20307,0.93331,0.296134
0,0,-0.286523,-0.16934,0.942989
0,0,-0.976266,0.16436,0.141033
0,0,-0.950979,-0.218448,0.218904
0,0,-0.37089,0.773816,0.513468
0,0,0.89873,0.320104,0.299696
0,0,-0.610991,0.709877,0.350377
0,0,-0.507725,0.308402,0.804427
0,0,0.248857,-0.84867,0.466722
0,0,-0.769603,-0.618972,0.156793
0,0,0.680032,-0.568511,0.462981
0,0,0.103641,0.574048,0.812236
0,0,-0.373614,0.0973584,0.922461
0,0,-0.165754,-0.902343,0.397873
0,0,-0.900266,-0.140491,0.412048
0,0,0.208436,0.720935,0.660914
0,0,-0.95793,0.254343,0.132966
0,0,0.179248,0.220424,0.958793
0,0,-0.58532,0.605937,0.53874
0,0,-0.0457206,-0.00128875,0.998953
0,0,0.315763,0.81798,0.480836
0,0,0.487374,-0.857862,0.162911
0,0,-0.867886,0.496607,0.012465
0,0,-0.0862268,0.725898,0.682376
0,0,-0.639893,-0.714887,0.281911
0,0,0.792838,-0.58692,0.164112
0,0,-0.195064,0.821,0.536571
0,0,-0.61191,-0.662362,0.432253
0,0,0.238182,0.253511,0.937551
0,0,-0.758618,0.553863,0.343124
0,0,-0.405683,0.913763,0.0214101
0,0,-0.55975,0.0579861,0.82663
0,0,0.463241,0.327938,0.823326
0,0,0.14594,0.127013,0.981106
0,0,-0.993719,0.109818,0.0215051
0,0,-0.133841,0.51576,0.846214
0,0,0.502429,-0.813878,0.291835
0,0,-0.254099,-0.951745,0.172087
18.6305,26.4807,-0.661535,-0.385469,0.643262
0,0,-0.501225,0.864381,0.0402386
0,0,0.459242,0.527572,0.714679
0,0,0.106542,-0.873069,0.475815
0,0,-0.94175,0.336313,0.00085276
0,0,0.460248,0.881918,0.101945
0,0,0.251326,-0.257436,0.933039
0,0,-0.248463,-0.427107,0.869394
0,0,0.587578,-0.793188,0.160014
0,0,-0.392976,0.839495,0.375257
0,0,0.481919,0.0332947,0.875583
0,0,-0.369934,0.731677,0.572536
0,0,0.547897,0.83633,0.0189948
0,0,-0.0785377,-0.608134,0.78994
0,0,0.794449,0.272269,0.542881
0,0,-0.669373,-0.64575,0.36735
0,0,-0.242421,0.918343,0.312856
0,0,0.201975,0.876453,0.437077
0,0,-0.429255,0.548596,0.717483
0,0,0.561092,-0.104682,0.821107
4.85851,6.78972,-0.260079,-0.271534,0.926622
0,0,-0.698098,-0.397858,0.595288
0,0,-0.790579,-0.351993,0.501085
0,0,0.232504,-0.859299,0.455574
0,0,0.181276,0.843571,0.505497
0,0,-0.242396,-0.484899,0.840308
0,0,-0.269793,0.294567,0.916756
0,0,0.424194,-0.768353,0.479263
22.4338,29.6432,-0.56647,0.16909,0.806548
0,0,-0.986899,0.0178732,0.160346
0,0,-0.134059,-0.646801,0.750784
0,0,0.70883,-0.532189,0.462964
0,0,-0.933118,0.260411,0.247946
0,0,0.586108,0.714252,0.382519
18.7554,27.5494,-0.259726,0.352384,0.899093
0,0,-0.73992,-0.431273,0.516258
0,0,-0.484332,-0.481496,0.730468
0,0,-0.549445,-0.228332,0.803725
0,0,-0.991213,0.117186,0.0613525
0,0,-0.521083,0.147341,0.840692
0,0,0.681146,0.152838,0.716017
0,0,0.791196,0.117962,0.600078
0,0,0.205999,-0.977527,0.0447921
0,0,-0.70441,0.167118,0.68984
0,0,-0.200396,0.851471,0.484601
0,0,-0.486248,0.741253,0.462718
0,0,0.645914,-0.738557,0.193206
0,0,-0.51881,0.84849,0.104409
0,0,0.3968,-0.764246,0.508408
0,0,0.363898,0.931387,0.00978747
0,0,0.790145,-0.577481,0.205394
0,0,0.310954,0.620913,0.719565
0,0,0.750665,-0.263384,0.605913
0,0,0.118415,-0.992958,0.00356057
0,0,-0.882097,0.437917,0.173589
0,0,0.468473,-0.224386,0.854508
0,0,-0.165218,0.974657,0.150819
0,0,0.17304,0.118546,0.977755
0,0,-0.869568,-0.0483834,0.491437
0,0,0.718202,-0.328887,0.613204
0,0,-0.618608,-0.580786,0.529162
0,0,0.634109,-0.449972,0.628833
0,0,0.554567,0.705158,0.441823
0,0,0.0322005,-0.979991,0.196422
0,0,0.124904,-0.654811,0.745401
0,0,-0.548081,-0.0449088,0.835219
0,0,0.0813583,0.969986,0.229147
0,0,-0.128796,0.238427,0.962582
0,0,-0.513761,0.744103,0.427037
0,0,0.861206,-0.295686,0.413393
0,0,0.371266,0.888053,0.27115
0,0,-0.72354,-0.0330336,0.689492
0,0,0.974819,0.196662,0.10513
0,0,0.024318,0.74348,0.668316
0,0,-0.308054,0.871616,0.381299
0,0,0.147959,0.938331,0.312478
0,0,0.413267,-0.905026,0.100689
0,0,-0.717623,-0.591127,0.368221
0,0,0.615524,0.593638,0.518386
0,0,-0.0183815,0.678586,0.734291
0,0,-0.774009,-0.456799,0.438458
0,0,-0.29325,0.95564,0.0275046
0,0,0.833571,0.552412,0.000429017
0,0,-0.41403,-0.908804,0.0515224
0,0,-0.652424,0.707903,0.270586
1.33379,1.73891,0.450147,0.232055,0.862275
0,0,0.728045,-0.640658,0.243942
0,0,0.5461,-0.35481,0.75887
0,0,-0.209985,-0.977697,0.00395894
0,0,-0.873336,0.42823,0.232171
0,0,0.780477,-0.335162,0.527753
0,0,0.525479,0.849679,0.0437938
0,0,0.884636,0.458505,0.08481
0,0,0.856918,-0.19481,0.477222
0,0,-0.295757,0.953146,0.0635647
0,0,0.947806,-0.306965,0.0862364
0,0,-0.225924,0.556673,0.799421
0,0,-0.457226,0.83803,0.297741
0,0,0.37476,0.0777138,0.923859
0,0,0.762593,-0.0661326,0.643489
0,0,0.679865,-0.399215,0.615152
0,0,0.700277,-0.1831,0.68999
0,0,-0.58622,0.655309,0.476357
0,0,0.15342,-0.810759,0.564918
0,0,-0.477562,0.828794,0.291607
0,0,-0.391451,-0.358039,0.847688
0,0,0.88693,-0.00526043,0.461874
0,0,0.311251,-0.948993,0.0503444
0,0,-0.78394,0.620558,0.0186158
0,0,0.575274,-0.54074,0.613727
0,0,-0.816989,-0.0916809,0.569318
0,0,0.740709,-0.551755,0.383296
0,0,-0.380336,0.92049,0.0896835
0,0,-0.703681,-0.649888,0.287191
0,0,-0.949217,-0.202621,0.240689
0,0,-0.70949,0.704512,0.0169413
0,0,0.74802,0.0762426,0.659283
0,0,-0.753105,0.25893,0.604804
0,0,-0.350093,0.926561,0.13755
0,0,-0.560979,-0.679851,0.472341
0,0,-0.298601,0.628319,0.718368
0,0,0.0651077,0.913603,0.401362
0,0,0.604004,-0.70838,0.365207
0,0,0.627897,-0.760102,0.167303
0,0,0.903,-0.409551,0.129839
0,0,0.0627796,0.420313,0.905205
0,0,-0.793704,-0.25159,0.553838
0,0,-0.911034,0.262895,0.317653
0,0,-0.0716735,-0.598209,0.798128
0,0,0.538877,0.650422,0.535315
18.6989,25.4876,0.593153,-0.716382,0.367379
0,0,-0.252474,0.950103,0.183199
9.97282,14.0311,-0.282883,-0.862172,0.420283
0,0,-0.802754,-0.423225,0.420079
0,0,0.834518,0.103213,0.541227
0,0,-0.634657,0.740669,0.2205
0,0,0.762038,0.563472,0.319058
0,0,-0.772953,-0.304289,0.556733
0,0,0.755202,-0.28308,0.591215
0,0,0.518084,-0.1852,0.835039
0,0,-0.277,-0.876319,0.394127
0,0,-0.892199,0.449088,0.0479666
0,0,-0.209312,0.853822,0.476631
0,0,-0.421966,-0.410531,0.808337
0,0,-0.298884,0.609846,0.734
0,0,-0.833442,0.0553582,0.549827
0,0,-0.0188565,-0.0339496,0.999246
0,0,0.520741,-0.828624,0.205455
0,0,0.507621,0.859773,0.0557897
0,0,0.33949,-0.843951,0.415323
0,0,0.561785,0.724719,0.398974
0,0,-0.880311,0.399622,0.255646
0,0,0.791268,0.594734,0.142082
0,0,0.780932,-0.541166,0.311905
0,0,-0.464034,-0.716256,0.5212
0,0,-0.666829,0.11512,0.736265
0,0,-0.162104,0.700314,0.695186
0,0,0.901418,0.181053,0.393276
0,0,0.889838,-0.394958,0.228468
0,0,0.297033,-0.897962,0.324709
0,0,-0.305758,0.951774,0.0252464
0,0,-0.466822,0.258821,0.845629
0,0,-0.558841,0.0675339,0.826521
0,0,0.183269,0.875675,0.446773
0,0,0.33333,0.586799,0.737942
0,0,-0.474336,0.853697,0.214959
0,0,0.491863,-0.869514,0.0449077
20.999,30.0457,0.702401,0.693485,-0.160347
0,0,-0.731768,0.0643595,0.678508
0,0,0.728191,-0.681922,0.0687096
0,0,-0.73721,-0.382543,0.55694
11.9441,18.172,0.301568,0.469846,-0.829639
0,0,-0.744481,0.264493,0.613018
0,0,-0.249183,0.447266,0.858988
0,0,0.351981,-0.741338,0.571426
0,0,0.634625,0.599637,0.487532
0,0,0.181463,-0.850436,0.49379
0,0,-0.832132,-0.344114,0.434905
0,0,-0.840489,-0.166769,0.515525
0,0,-0.91418,-0.199748,0.352668
0,0,0.727122,-0.663568,0.175985
0,0,0.0785365,-0.821188,0.565227
0,0,-0.624306,0.757792,0.189719
0,0,0.179474,-0.862012,0.47405
0,0,0.96515,0.251191,0.0734035
0,0,-0.851256,-0.495166,0.173706
0,0,-0.963537,-0.210653,0.164991
0,0,0.827908,0.291779,0.478991
0,0,0.673516,-0.651859,0.348506
0,0,0.0642003,-0.207168,0.976196
0,0,0.0117277,0.860862,0.508703
0,0,0.772102,-0.0224097,0.635104
0,0,0.0477558,0.958253,0.281904
0,0,0.453776,-0.786947,0.418094
0,0,-0.0717603,-0.175289,0.981898
0,0,0.921458,-0.385988,0.0439126
0,0,-0.393297,-0.411421,0.822223
23.7309,32.7724,-0.171896,-0.0774716,0.982064
0,0,0.683492,0.638745,0.353333
0,0,0.950928,0.0953919,0.29434
0,0,-0.931981,-0.342203,0.119616
0,0,0.664697,-0.658571,0.352791
0,0,0.691929,0.64263,0.329029
0,0,-0.694457,-0.199541,0.691312
0,0,-0.712774,-0.534923,0.453663
0,0,-0.168432,-0.65676,0.735049
0,0,-0.852844,0.301728,0.426165
0,0,0.16011,0.983505,0.0841609
0,0,0.592199,0.571018,0.568541
0,0,0.0213534,-0.634518,0.772613
0,0,-0.989443,0.144642,0.00901325
0,0,0.384986,0.922652,0.0223537
0,0,0.155732,-0.124,0.979985
0,0,-0.664659,0.591732,0.456159
0,0,0.204711,0.978525,0.0241398
0,0,0.128075,0.979268,0.156941
0,0,-0.631581,0.769608,0.0938554
0,0,0.786452,0.383529,0.484148
0,0,0.307432,-0.541433,0.782519
0,0,-0.638826,0.768052,0.0446958
0,0,-0.544101,-0.313353,0.778308
0,0,-0.520043,-0.517576,0.679463
0,0,-0.505966,-0.862485,0.010826
0,0,-0.832585,0.0995441,0.544879
21.7519,30.3335,-0.467358,-0.0948523,0.878965
0,0,0.353041,0.93416,0.0520345
0,0,0.67679,0.677123,0.288896
0,0,0.736685,0.460156,0.495532
0,0,0.99035,-0.13336,0.0377103
0,0,0.512118,0.122398,0.85015
0,0,-0.44667,0.695558,0.562748
0,0,-0.0624747,0.753444,0.654537
0,0,0.452961,0.465873,0.760124
0,0,-0.39423,0.77507,0.493811
0,0,0.896591,-0.324709,0.301144
0,0,0.796011,0.423982,0.431979
0,0,0.928815,-0.355664,0.103949
15.5001,23.0168,-0.214077,-0.234248,0.948313
0,0,0.0295026,-0.791017,0.611082
0,0,-0.340654,-0.379398,0.86024
0,0,0.362118,-0.492598,0.791339
0,0,0.42009,-0.308461,0.85345
0,0,-0.202539,-0.961386,0.186317
0,0,-0.746683,-0.63215,0.207004
0,0,0.100082,-0.887515,0.449778
0,0,-0.688462,0.144438,0.710745
0,0,0.0899386,-0.355828,0.930214
0,0,-0.206053,0.693894,0.689966
10.1413,14.8652,0.357824,0.0745498,0.930808
0,0,-0.0825667,-0.264493,0.960847
0,0,-0.459916,0.332225,0.82347
0,0,0.927594,0.0913564,0.362247
0,0,0.915181,0.241491,0.322686
0,0,-0.473555,-0.505335,0.721375
0,0,0.364434,-0.838236,0.405645
0,0,-0.966393,0.246114,0.0742461
13.7377,21.4436,-0.367788,0.564237,0.739168
0,0,0.769643,0.615352,0.170271
0,0,0.984964,-0.154803,0.076697
0,0,-0.132474,-0.815235,0.563775
0,0,-0.565786,0.30971,0.764177
0,0,-0.628027,-0.490512,0.604136
0,0,-0.939671,0.280925,0.195191
0,0,-0.132427,-0.943834,0.302721
0,0,0.762636,0.169503,0.624224
0,0,-0.964262,-0.152925,0.216362
0,0,-0.480046,-0.779307,0.402785
0,0,0.68414,0.206077,0.699632
0,0,0.986642,-0.14588,0.0724991
0,0,0.799569,0.142485,0.583428
0,0,0.746204,-0.0263905,0.665194
16.8786,22.9499,0.970847,0.171424,0.167543
0,0,-0.12994,-0.940634,0.313565
0,0,-0.904908,-0.416662,0.0868018
0,0,-0.250529,-0.517011,0.818496
0,0,0.591369,-0.805454,0.0390727
0,0,-0.598166,0.0670196,0.798565
0,0,-0.365048,-0.599855,0.711979
0,0,-0.846546,-0.406757,0.34338
0,0,-0.688585,-0.647544,0.326402
0,0,0.561024,-0.633792,0.532503
0,0,0.0416938,-0.79461,0.605687
19.9641,27.6817,-0.514478,0.857434,0.0109277
0,0,-0.556015,0.74075,0.377012
0,0,0.580004,-0.303037,0.75615
0,0,0.381689,0.188618,0.904841
0,0,0.597917,-0.0934037,0.796097
0,0,0.434737,-0.758658,0.485223
0,0,0.325507,0.849884,0.414419
0,0,-0.0855409,-0.733394,0.674401
0,0,0.773064,0.608388,0.179546
0,0,-0.423295,0.241762,0.873139
0,0,0.949457,0.248784,0.191412
0,0,0.0728765,0.437087,0.896462
0,0,0.205156,-0.952691,0.224257
0,0,0.680752,0.723662,0.113533
0,0,0.778548,-0.614594,0.127033
0,0,0.59985,0.101689,0.793624
0,0,-0.293303,0.942117,0.162447
23.6654,32.1972,0.749843,0.6616,-0.00467872
0,0,0.620044,0.0688849,0.781537
0,0,-0.374656,-0.832561,0.408013
0,0,-0.694516,0.142238,0.705277
0,0,-0.439395,-0.896064,0.0632463
0,0,0.875806,-0.18544,0.445619
0,0,-0.681926,-0.498912,0.53485
1.44538,2.0414,0.270829,-0.0439763,0.961622
0,0,0.177824,-0.657457,0.732208
0,0,0.463388,0.175531,0.868597
0,0,-0.841309,-0.282162,0.461067
0,0,0.484828,-0.734932,0.474149
0,0,0.21349,-0.903313,0.372086
0,0,0.599514,-0.399475,0.693544
0,0,0.451135,-0.0775461,0.88908
0,0,-0.538909,-0.629995,0.559181
0,0,0.698947,-0.0937344,0.709004
0,0,-0.378612,-0.504035,0.776274
0,0,0.936861,0.298376,0.182382
0,0,0.0790533,-0.404271,0.911217
0,0,-0.441109,0.0304776,0.896936
0,0,-0.0567604,0.55788,0.827979
0,0,-0.612124,0.317902,0.724046
0,0,-0.888124,0.459488,0.0103349
0,0,0.747859,0.396674,0.532313
0,0,0.794299,-0.590068,0.144601
0,0,0.85879,-0.454121,0.237181
0,0,-0.900903,-0.0986658,0.422658
0,0,0.470474,-0.0430365,0.881364
0,0,-0.946609,-0.320313,0.0364678
0,0,0.950758,0.238656,0.197744
0,0,-0.239864,0.751912,0.61408
0,0,0.247236,0.0414849,0.968067
0,0,-0.527913,0.367991,0.765435
0,0,-0.902492,-0.049061,0.427902
0,0,0.427285,0.742124,0.516411
0,0,-0.302719,0.500443,0.811122
0,0,-0.292248,-0.689255,0.662962
0,0,-0.896115,-0.443194,0.0236063
0,0,-0.581053,0.633545,0.510879
0,0,-0.406006,-0.707102,0.578934
0,0,0.923689,0.328816,0.19667
0,0,-0.746022,0.665075,0.0335465
0,0,-0.261649,0.961299,0.0862727
0,0,0.346835,-0.866057,0.36007
0,0,-0.489467,0.87038,0.0534807
0,0,0.930513,-0.352847,0.0982059
0,0,0.516726,0.8325,0.199845
0,0,-0.296671,-0.852592,0.4302
0,0,0.907292,0.259762,0.330672
0,0,0.837996,0.454146,0.302514
0,0,-0.300513,-0.296297,0.906587
0,0,0.528465,-0.460278,0.713351
16.3508,22.981,0.841192,-0.0723797,0.53587
0,0,0.511835,-0.226086,0.828801
0,0,-0.0633771,0.948419,0.310619
0,0,0.895876,0.29802,0.32953
0,0,-0.248149,0.963776,0.0977672
0,0,-0.0408708,0.640684,0.766716
0,0,-0.257462,-0.466024,0.846484
0,0,0.148721,-0.514315,0.844608
23.6626,35.2439,-0.22181,0.162947,-0.961379
0,0,0.796718,-0.424282,0.430379
0,0,-0.180575,0.694669,0.696295
0,0,0.358054,0.187128,0.914757
0,0,0.639674,-0.558778,0.527811
0,0,0.460579,0.811425,0.359801
0,0,0.386856,0.912987,0.129602
0,0,-0.0696263,0.988769,0.132245
0,0,0.487518,-0.753835,0.440521
0,0,0.840741,-0.210635,0.498787
0,0,0.397612,0.91061,0.112672
0,0,0.274232,0.663076,0.69651
0,0,0.785898,0.482747,0.386418
0,0,0.600048,0.580086,0.550856
0,0,0.229542,-0.451975,0.861991
0,0,0.118707,0.450145,0.88503
0,0,-0.847442,0.518157,0.115565
0,0,-0.594531,-0.495891,0.63295
0,0,-0.509931,-0.801129,0.313308
0,0,0.704293,-0.410333,0.579308
0,0,-0.910684,-0.372648,0.178292
0,0,0.346749,0.782596,0.517019
0,0,0.208496,-0.295677,0.932258
0,0,-0.30038,-0.812385,0.499802
0,0,-0.686986,-0.603485,0.404791
0,0,-0.673703,0.283186,0.68259
0,0,-0.576247,0.808301,0.120787
0,0,-0.795308,-0.440851,0.416095
0,0,-0.60321,-0.029221,0.797047
0,0,-0.860792,0.299113,0.411787
0,0,-0.123134,-0.643963,0.755083
0,0,-0.249088,-0.515344,0.819985
0,0,0.344762,-0.108784,0.932365
0,0,0.939234,-0.289331,0.184736
0,0,-0.537985,-0.712205,0.450929
0,0,-0.0650605,-0.951949,0.299267
0,0,-0.858605,0.512566,0.00850954
0,0,0.571728,0.599824,0.559766
0,0,-0.952185,0.220129,0.211866
0,0,0.510221,-0.857873,0.0610626
18.2158,26.0523,0.297682,-0.856817,0.421012
0,0,-0.687037,0.726484,0.0141878
0,0,-0.170897,0.922681,0.345622
0,0,0.883245,0.399016,0.246303
0,0,0.318791,-0.756702,0.570766
0,0,0.801936,0.302327,0.515264
0,0,0.175486,0.930791,0.320675
0,0,-0.933433,0.197834,0.299272
0,0,0.702949,-0.67094,0.236013
0,0,0.0222498,0.975623,0.218321
0,0,-0.677244,0.0948207,0.729623
0,0,0.787692,0.540822,0.295048
0,0,-0.163537,-0.23106,0.959097
0,0,0.148311,0.450658,0.880291
0,0,0.799116,-0.303099,0.519176
0,0,0.482537,-0.796688,0.363931
0,0,0.720794,0.652022,0.23521
0,0,-0.638485,-0.750446,0.170787
0,0,-0.666091,-0.682065,0.301845
0,0,-0.941592,-0.325587,0.0860086
0,0,-0.280999,0.508327,0.814029
0,0,-0.434327,0.900464,0.0229063
0,0,0.099082,-0.818008,0.56661
0,0,0.798774,-0.044046,0.600016
0,0,0.168905,0.556757,0.813322
0,0,-0.216149,-0.931367,0.292976
0,0,0.115235,0.890301,0.44055
0,0,0.499457,0.430999,0.75152
17.3585,24.5597,-0.208077,-0.150527,0.96646
0,0,-0.248502,0.93269,0.261413
0,0,0.29494,-0.555435,0.777497
0,0,-0.0891988,-0.958701,0.270066
0,0,-0.684794,0.723774,0.0849049
0,0,0.366819,-0.83419,0.411791
0,0,0.44823,0.777168,0.441702
0,0,0.0663467,0.950404,0.30386
0,0,-0.145778,-0.989292,0.00708111
0,0,0.407059,0.810507,0.421168
22.5385,31.362,0.827168,-0.4931,-0.269529
0,0,-0.323408,0.858202,0.398619
0,0,-0.980287,-0.0171577,0.196832
0,0,-0.453169,0.654554,0.605142
0,0,-0.909216,-0.412846,0.0537108
0,0,0.721265,-0.304004,0.622381
0,0,-0.268387,0.921444,0.280908
0,0,0.435973,0.71576,0.545541
0,0,0.478959,0.251473,0.841047
0,0,-0.847753,-0.00479983,0.530369
0,0,0.731145,-0.186223,0.656314
0,0,0.560898,-0.488438,0.668448
0,0,-0.0618765,0.918982,0.389415
0,0,0.609159,-0.774818,0.169065
0,0,-0.892229,-0.428547,0.142386
0,0,0.232771,-0.356468,0.904847
0,0,-0.0544598,0.563132,0.82457
0,0,0.0926178,-0.146012,0.984938
0,0,-0.808203,-0.282127,0.516925
0,0,-0.629839,0.773738,0.0680588
0,0,-0.819178,0.18284,0.543615
0,0,-0.478272,-0.188731,0.857692
0,0,0.60864,-0.254941,0.751373
0,0,0.283098,-0.930957,0.230598
0,0,0.832408,0.40776,0.37527
0,0,0.569872,-0.657055,0.493482
0,0,0.185168,0.321752,0.928541
0,0,-0.734845,-0.672686,0.0865807
0,0,-0.397871,-0.916303,0.0456955
0,0,-0.444582,-0.6873,0.574426
0,0,0.840291,-0.450743,0.301233
0,0,0.0895805,-0.966033,0.242396
0,0,-0.839358,-0.15661,0.52053
0,0,-0.825744,0.222165,0.518449
0,0,-0.631581,-0.253307,0.732763
0,0,-0.778122,0.329358,0.534835
0,0,-0.695774,0.586613,0.414468
0,0,0.190598,0.978281,0.081478
0,0,0.894709,-0.259836,0.363291
0,0,0.384094,-0.44145,0.810921
0,0,0.0763777,-0.96632,0.245748
0,0,-0.629605,-0.519909,0.577314
0,0,0.784509,-0.294002,0.545993
0,0,0.77625,-0.557648,0.294048
0,0,0.918602,-0.276434,0.28241
0,0,0.196303,-0.56437,0.801843
0,0,-0.0209852,-0.692698,0.720923
0,0,0.867465,0.27339,0.415646
0,0,0.0980854,0.313093,0.944644
0,0,0.665591,-0.4998,0.554246
0,0,-0.701642,0.150325,0.696492
0,0,0.924169,0.276281,0.263782
0,0,-0.161819,-0.558534,0.813544
0,0,-0.100712,-0.979239,0.175922
0,0,0.513018,0.547205,0.661346
0,0,-0.433921,0.551148,0.712705
0,0,-0.775796,0.312287,0.548286
0,0,0.962871,0.0971956,0.251857
0,0,0.683219,0.492727,0.538918
0,0,-0.449807,0.143491,0.881524
0,0,0.532887,-0.843601,0.0660985
0,0,0.555717,0.800797,0.223388
0,0,0.232691,0.175282,0.956625
0,0,-0.897891,-0.271158,0.346792
0,0,-0.295185,-0.875289,0.383059
0,0,-0.396517,0.786092,0.474165
0,0,-0.077548,-0.95043,0.301112
0,0,-0.606048,-0.326078,0.72552
0,0,0.751934,0.564001,0.341318
0,0,0.558427,-0.241702,0.793561
0,0,0.342181,-0.56628,0.749826
0,0,0.826588,0.49175,0.27374
0,0,0.461891,0.0660557,0.884474
0,0,-0.099859,-0.650341,0.75305
0,0,0.529016,-0.801529,0.278736
0,0,0.326071,-0.805643,0.494588
0,0,0.844019,0.293804,0.448678
0,0,-0.00674096,0.379382,0.925216
0,0,0.240184,-0.240088,0.940569
0,0,0.186363,-0.180092,0.965834
0,0,0.293387,-0.940196,0.17308
0,0,0.73518,-0.495225,0.462885
0,0,-0.655835,0.754769,0.0143156
0,0,-0.687388,0.0957297,0.719954
0,0,-0.137136,-0.427465,0.89357
0,0,0.952658,-0.304042,0.000517817
0,0,0.891593,-0.44139,0.101177
0,0,-0.475907,0.751049,0.457643
0,0,0.147462,0.775529,0.613848
0,0,0.571195,0.306046,0.761625
0,0,0.865083,0.326355,0.38095
0,0,-0.672565,-0.738365,0.0497363
0,0,-0.892824,-0.438309,0.103681
0,0,-0.750527,-0.483454,0.450534
0,0,-0.0982523,-0.951018,0.293105
0,0,-0.0236421,0.951197,0.307678
0,0,-0.723584,0.375321,0.579276
0,0,-0.411917,0.401,0.818244
0,0,0.99762,-0.0558633,0.0404236
23.1931,33.0665,0.704594,0.0699037,0.70616
0,0,-0.711264,0.362317,0.602354
0,0,-0.939902,0.215565,0.264793
0,0,0.37532,0.793063,0.479776
0,0,-0.996557,-0.0100542,0.0823032
0,0,0.302297,0.80297,0.513669
0,0,0.692037,0.573575,0.438289
0,0,0.513454,0.0636217,0.855755
0,0,-0.203895,0.978847,0.0168919
22.0329,32.8185,-0.108525,-0.360761,0.926323
0,0,0.636548,0.682622,0.358934
0,0,0.409191,0.890567,0.198629
0,0,0.805735,0.224388,0.548125
0,0,-0.080889,0.995917,0.0400713
0,0,-0.932185,0.163776,0.322814
0,0,-0.927771,-0.0573234,0.36872
0,0,-0.288438,-0.385401,0.87651
0,0,-0.933563,-0.0250709,0.357536
0,0,-0.731416,-0.0294809,0.681294
0,0,0.729232,0.176405,0.661137
0,0,-0.194597,0.73121,0.653807
0,0,0.688164,0.724584,0.0375253
0,0,0.836493,0.546954,0.0334733
0,0,-0.104372,0.989458,0.100398
0,0,0.491567,0.862199,0.122375
0,0,-0.437795,0.4819,0.759018
0,0,0.660663,0.158974,0.733656
0,0,-0.040878,0.964264,0.26177
0,0,0.574568,-0.587001,0.570352
0,0,-0.896765,-0.162113,0.411743
0,0,-0.193091,-0.96046,0.200582
0,0,-0.161459,0.373633,0.913416
0,0,-0.724493,-0.67699,0.129593
0,0,0.658564,-0.465572,0.591216
0,0,0.128168,-0.715576,0.686676
0,0,0.600441,0.0312628,0.799058
0,0,-0.170192,-0.425345,0.888885
0,0,-0.78203,0.334063,0.526148
0,0,0.407929,0.622987,0.667444
0,0,-0.905236,0.0460412,0.422407
0,0,-0.120962,0.597745,0.792508
0,0,0.459216,0.862134,0.214116
0,0,0.636794,0.74985,0.179497
0,0,-0.469437,-0.134835,0.87261
0,0,0.645082,-0.564785,0.514672
0,0,-0.508856,-0.847316,0.152056
0,0,0.259993,-0.208319,0.942872
0,0,-0.339379,-0.817608,0.465123
0,0,-0.611962,-0.174198,0.771465
0,0,0.746004,-0.245785,0.618925
13.8258,18.8517,-0.0171744,0.183259,0.982915
0,0,-0.225469,-0.802665,0.552171
0,0,-0.758012,-0.146497,0.635576
0,0,0.974841,-0.116895,0.18979
0,0,0.18654,-0.982426,0.00645397
0,0,-0.495823,-0.867253,0.0450727
0,0,-0.981985,0.170372,0.0817224
0,0,0.731479,-0.681598,0.0190391
0,0,-0.403042,0.213759,0.889868
0,0,0.622537,-0.174359,0.76292
0,0,0.665617,0.153525,0.730332
0,0,-0.264016,0.92382,0.277224
0,0,0.923593,-0.0453181,0.380686
0,0,0.481846,0.805846,0.344147
0,0,-0.0383627,0.947022,0.318869
0,0,-0.56081,-0.101549,0.821693
0,0,-0.0166028,-0.446026,0.894866
0,0,0.692906,0.214982,0.688233
0,0,0.273061,-0.955749,0.109463
0,0,-0.52913,-0.460165,0.71293
0,0,-0.87524,0.256507,0.410072
0,0,-0.792297,0.589913,0.155782
0,0,0.310933,0.527112,0.790869
0,0,-0.677419,-0.303794,0.669935
0,0,-0.0803047,-0.83354,0.546592
0,0,-0.808109,0.449003,0.381255
9.35183,14.219,-0.0729026,0.611438,0.787927
0,0,-0.924785,0.312997,0.216348
0,0,0.355339,-0.136486,0.924719
0,0,0.33651,0.380141,0.861542
6.88017,9.35455,0.213872,0.302102,0.928974
0,0,0.459583,0.777564,0.429159
0,0,-0.245394,0.939152,0.240365
0,0,-0.881859,-0.467458,0.0617092
0,0,0.964304,0.233308,0.125241
0,0,-0.350169,0.864187,0.361334
0,0,0.922775,-0.20989,0.323161
0,0,0.809316,-0.283767,0.51428
0,0,-0.880209,0.0154189,0.474336
0,0,-0.414431,-0.704598,0.576011
0,0,0.960757,-0.271325,0.057695
0,0,0.05814,0.97637,0.208138
0,0,-0.31852,-0.920077,0.228042
0,0,0.726679,0.679549,0.10075
0,0,-0.470708,0.799471,0.373201
0,0,-0.298433,0.91109,0.284346
0,0,-0.866922,0.482511,0.125017
0,0,-0.962253,-0.0184799,0.271527
0,0,0.424206,0.282605,0.860339
0,0,0.857781,0.441215,0.263707
0,0,-0.845707,-0.273377,0.458307
0,0,-0.0215558,0.736937,0.675618
0,0,-0.609236,0.790634,0.0610696
0,0,-0.362594,0.915147,0.176157
0,0,-0.645892,0.718876,0.256983
0,0,-0.715232,0.669563,0.200321
0,0,-0.126714,-0.0484899,0.990753
0,0,-0.178734,-0.68035,0.710759
0,0,-0.870992,-0.0714466,0.486074
0,0,0.92695,0.115873,0.356844
0,0,-0.0375052,-0.521471,0.852444
0,0,-0.930814,0.152031,0.332372
0,0,0.613618,-0.469863,0.634587
0,0,0.836338,-0.508968,0.203693
0,0,0.0972835,0.698019,0.70944
0,0,-0.680965,0.684905,0.259214
0,0,-0.333099,0.689621,0.643015
0,0,0.397287,0.268726,0.877468
0,0,0.266844,0.403467,0.875219
0,0,-0.126331,0.580428,0.804453
0,0,-0.0576456,0.956365,0.28643
0,0,-0.495634,-0.440255,0.74868
0,0,0.759786,0.643404,0.0935746
0,0,0.443141,-0.893955,0.0668646
0,0,-0.566468,-0.157251,0.808942
0,0,-0.851328,-0.316536,0.418384
0,0,0.240635,-0.969171,0.052938
0,0,-0.0584662,0.933956,0.352573
0,0,0.275687,0.776056,0.567216
0,0,0.533724,0.625779,0.568805
0,0,0.0743802,0.560348,0.824911
0,0,-0.782919,0.0328334,0.621256
20.3326,29.6503,0.313511,0.550516,-0.77372
0,0,-0.676261,0.520478,0.521319
0,0,0.724848,0.664712,0.18098
0,0,0.593515,0.503628,0.627772
0,0,0.351664,0.936013,0.014545
0,0,-0.314081,-0.409005,0.856778
0,0,0.843408,0.379944,0.379876
0,0,0.32634,-0.945153,0.0137287
0,0,0.992469,0.121466,0.0158583
0,0,0.200661,-0.387461,0.899783
0,0,-0.358437,0.250414,0.899342
0,0,0.96899,0.152495,0.194431
0,0,-0.982145,0.182911,0.0439892
0,0,-0.608522,-0.304537,0.732775
0,0,0.172062,-0.939448,0.296364
0,0,-0.0153899,-0.0484438,0.998707
0,0,0.755967,0.627554,0.186253
0,0,-0.199841,0.958772,0.202038
0,0,-0.892371,-0.104335,0.439076
0,0,-0.376527,-0.687827,0.620582
0,0,0.864474,-0.355854,0.355038
0,0,0.0152764,-0.333164,0.942745
0,0,-0.0400602,0.382397,0.923129
0,0,-0.33977,-0.678666,0.651129
0,0,-0.450231,-0.869079,0.204922
0,0,0.614829,-0.131832,0.777564
0,0,-0.521936,0.31319,0.793407
0,0,0.333424,0.873625,0.35441
0,0,0.6093,-0.0738992,0.789489
0,0,-0.566782,0.213114,0.795827
0,0,-0.797489,-0.330102,0.505018
0,0,-0.412947,0.827958,0.379421
0,0,-0.412947,0.827958,0.379421
0,0,-0.598196,0.077893,0.797555
0,0,0.141736,0.958235,0.248388
0,0,0.278755,0.948819,0.148452
0,0,0.399339,0.6563,0.640155
0,0,0.0690461,-0.673208,0.736223
0,0,0.547401,0.0511427,0.835307
0,0,-0.63428,0.0551931,0.77113
0,0,0.751045,0.492693,0.439528
0,0,-0.561428,0.36964,0.740382
0,0,0.0798237,-0.420305,0.903865
0,0,0.844458,0.523424,0.113659
0,0,-0.186047,0.900663,0.392673
0,0,0.833179,-0.519083,0.190697
0,0,-0.600934,0.592811,0.536147
0,0,0.818624,-0.328499,0.471108
0,0,0.2182,-0.770904,0.598411
0,0,-0.539981,-0.702767,0.463184
0,0,-0.147178,-0.65684,0.739527
0,0,-0.271996,-0.881522,0.385924
0,0,-0.585687,0.617622,0.524894
0,0,0.499746,0.778073,0.380601
0,0,0.75907,-0.0210084,0.650669
0,0,0.581469,-0.755171,0.302673
0,0,0.215426,0.704324,0.676401
0,0,-0.718768,-0.685359,0.116855
15.2263,18.8358,0.376397,-0.147708,0.914608
0,0,-0.374231,0.925134,0.0638641
0,0,0.25991,-0.871259,0.416358
0,0,0.995142,0.0282737,0.0942997
0,0,-0.65494,0.565773,0.500954
0,0,0.84297,-0.520075,0.137564
0,0,-0.363586,0.643457,0.673623
0,0,0.745211,0.121702,0.655629
0,0,0.0891755,0.915109,0.393222
0,0,0.111139,0.547395,0.829462
0,0,-0.334075,0.458759,0.823368
0,0,0.370716,-0.278798,0.885913
0,0,0.928462,-0.0594519,0.366638
0,0,-0.534063,0.828144,0.170159
0,0,0.363761,0.19397,0.911073
0,0,0.00846566,-0.80581,0.592113
0,0,0.802416,0.514047,0.303124
0,0,0.368575,-0.604745,0.706
7.39218,11.7654,0.20368,-0.234309,0.950586
0,0,-0.216545,-0.60719,0.764479
0,0,-0.311388,0.424304,0.850296
0,0,0.76453,0.298092,0.57152
0,0,0.766728,0.393093,0.507549
0,0,0.209333,-0.255075,0.94399
0,0,0.906605,-0.405772,0.115829
0,0,-0.214497,-0.801935,0.557577
0,0,-0.415286,-0.364107,0.833645
0,0,-0.118047,0.991478,0.0551016
0,0,-0.914418,-0.391378,0.103265
0,0,0.971003,-0.16004,0.177596
23.9565,34.3841,0.203977,0.978465,0.0316073
0,0,-0.156523,-0.618897,0.769719
0,0,-0.575278,-0.373248,0.727833
0,0,-0.858131,-0.37982,0.345468
0,0,0.524073,0.0223721,0.851379
0,0,-0.42319,-0.306268,0.852708
0,0,-0.509441,0.686277,0.519127
0,0,0.165042,-0.754576,0.635119
0,0,-0.0718757,-0.797637,0.59884
0,0,0.236203,-0.961138,0.142904
0,0,0.411377,0.302719,0.859727
0,0,-0.681239,-0.71351,0.16376
0,0,-0.738092,0.122587,0.66347
0,0,0.363837,-0.928057,0.0795818
0,0,0.640603,-0.634133,0.433017
0,0,-0.737257,0.348022,0.579079
0,0,-0.384228,0.412954,0.825734
0,0,-0.797521,-0.310079,0.517505
0,0,-0.502312,0.840211,0.204273
0,0,-0.726611,0.477286,0.494201
0,0,-0.844885,-0.516287,0.140064
0,0,0.0140341,-0.0197561,0.999706
0,0,0.319931,-0.697085,0.641651
0,0,-0.57662,0.747821,0.329049
0,0,0.57942,-0.693249,0.428578
0,0,0.571498,-0.769081,0.286188
0,0,0.900906,-0.247517,0.356517
0,0,-0.317619,-0.67358,0.667389
0,0,-0.291778,0.258389,0.920924
0,0,0.645537,-0.614008,0.454177
0,0,-0.587772,-0.00563566,0.809007
0,0,-0.284949,-0.361371,0.887815
0,0,0.428489,-0.784831,0.447703
0,0,-0.41615,0.0709507,0.906524
0,0,0.352369,0.012117,0.935783
0,0,-0.788809,-0.576981,0.211833
0,0,-0.567003,-0.663574,0.488034
0,0,0.433973,-0.868979,0.237788
0,0,-0.864167,0.362096,0.349431
0,0,-0.675215,0.323755,0.662772
0,0,-0.75445,-0.485599,0.441587
0,0,0.567051,-0.156968,0.808588
0,0,0.572416,-0.54652,0.611274
0,0,0.179247,0.688789,0.702453
0,0,-0.57451,-0.799053,0.177348
0,0,0.231932,-0.311292,0.921577
0,0,-0.991644,0.0842723,0.0976791
0,0,-0.238174,0.960617,0.143136
0,0,0.995386,-0.0212692,0.0935653
0,0,-0.75085,0.370357,0.546864
0,0,-0.76687,-0.372582,0.522582
0,0,0.539124,-0.82894,0.149013
0,0,0.909571,-0.115472,0.399182
0,0,-0.45256,-0.215914,0.8652
0,0,0.0617637,0.996523,0.0559298
0,0,0.697523,0.674113,0.242967
0,0,0.454691,-0.0226895,0.89036
0,0,-0.0213127,0.827521,0.56103
0,0,0.253903,-0.909187,0.330018
0,0,-0.275508,0.597312,0.753203
0,0,-0.801759,0.591824,0.0832343
0,0,0.400592,-0.903737,0.15095
0,0,0.343245,0.932067,0.115905
0,0,-0.795706,-0.398217,0.456372
0,0,0.119706,0.127919,0.984534
0,0,-0.825828,-0.175776,0.535827
0,0,0.76086,-0.503157,0.409787
0,0,0.0837153,-0.694333,0.714768
0,0,-0.364477,-0.904458,0.221613
0,0,-0.889423,0.00208562,0.457081
0,0,0.109409,0.289337,0.950954
0,0,-0.591668,0.72455,0.353493
0,0,-0.730727,0.560449,0.389788
0,0,0.228182,0.907899,0.351641
0,0,-0.592374,0.694987,0.407537
0,0,0.678296,-0.513961,0.525128
0,0,-0.452835,-0.891554,0.00846083
0,0,0.532254,-0.449661,0.717294
0,0,-0.804668,0.378003,0.457846
0,0,-0.812578,-0.553172,0.183623
0,0,0.306546,0.446242,0.840772
0,0,-0.853043,-0.521584,0.0163876
0,0,-0.403154,-0.680199,0.612206
0,0,-0.854884,0.383135,0.34983
0,0,-0.105321,0.558582,0.822736
0,0,0.362585,0.392909,0.845077
0,0,-0.559508,0.797295,0.226433
0,0,-0.24042,0.05505,0.969107
0,0,0.8067,0.582491,0.0996916
0,0,0.644184,0.706325,0.293482
0,0,-0.574327,-0.801792,0.165159
0,0,-0.662893,0.690393,0.289707
0,0,0.547395,-0.675761,0.493665
0,0,-0.228592,-0.95706,0.178274
0,0,-0.844767,0.407692,0.346635
0,0,0.777159,0.352157,0.521545
0,0,-0.28906,0.738498,0.609151
0,0,0.52868,-0.293467,0.796477
0,0,0.93978,0.213673,0.266755
0,0,-0.0556605,0.385789,0.920907
0,0,-0.195097,0.449631,0.871647
0,0,0.49068,0.455601,0.742738
0,0,0.251955,0.788338,0.561286
0,0,-0.591988,0.702378,0.39524
0,0,-0.102078,0.328463,0.938984
0,0,-0.892682,0.360153,0.270941
0,0,0.293829,-0.336818,0.894549
0,0,-0.243196,0.872624,0.423536
0,0,-0.0433328,-0.553051,0.83202
0,0,0.73974,-0.239823,0.628704
0,0,-0.377783,-0.199091,0.904236
0,0,-0.750968,-0.654684,0.0862336
0,0,-0.137665,-0.649949,0.747405
0,0,-0.687737,-0.65297,0.31725
0,0,-0.540554,-0.426393,0.725252
0,0,-0.784058,-0.348452,0.513648
0,0,-0.312842,-0.585959,0.747517
0,0,-0.51807,0.521053,0.678312
0,0,-0.304472,-0.586374,0.750642
0,0,-0.726411,0.279346,0.627927
0,0,0.560591,0.704686,0.434921
0,0,-0.864745,0.497719,0.0670192
0,0,-0.303682,0.627232,0.717187
0,0,-0.279097,-0.484662,0.82898
4.71738,6.87851,-0.749874,-0.593374,0.292568
0,0,-0.115292,0.44087,0.890135
0,0,0.602614,-0.797692,0.0233317
0,0,-0.621343,0.254716,0.740981
0,0,0.862279,-0.466071,0.198122
0,0,0.633142,-0.325761,0.702147
0,0,0.791999,-0.451429,0.411036
0,0,0.746067,-0.467145,0.474511
0,0,0.133298,-0.468977,0.873093
0,0,-0.709035,-0.606758,0.359323
0,0,0.419271,0.505019,0.754432
0,0,-0.210779,-0.226911,0.950833
0,0,0.089811,-0.344361,0.934532
0,0,0.562058,0.280133,0.778214
0,0,0.994767,-0.0617048,0.0814317
0,0,0.280856,-0.311072,0.907939
0,0,-0.67639,-0.27428,0.68357
0,0,-0.738157,0.432229,0.517979
0,0,-0.42181,-0.1848,0.887652
0,0,0.333303,-0.937207,0.102721
0,0,-0.975582,-0.154729,0.155882
0,0,0.620594,-0.779591,0.0842732
0,0,-0.259479,-0.879894,0.398067
0,0,-0.0641969,-0.892753,0.44595
0,0,-0.945333,-0.273765,0.177194
0,0,0.105259,-0.440144,0.891737
0,0,0.0998376,0.866362,0.489336
0,0,-0.310252,0.597589,0.739345
0,0,0.287196,0.427256,0.857304
0,0,0.262333,-0.9114,0.317066
0,0,0.953483,0.182453,0.239961
0,0,0.426293,-0.889402,0.165043
0,0,-0.262246,-0.656534,0.707241
0,0,0.327524,0.756836,0.565621
0,0,0.0247667,-0.972858,0.230072
0,0,0.655068,0.0626979,0.752964
0,0,0.394044,0.778782,0.488087
0,0,-0.734607,-0.478173,0.481356
0,0,-0.569799,-0.324068,0.755188
0,0,-0.356302,0.842975,0.403042
0,0,-0.530317,0.826395,0.189302
0,0,-0.504718,-0.599037,0.621622
0,0,-0.989354,0.133612,0.0576725
0,0,0.817101,-0.0496929,0.574349
0,0,-0.571541,0.78826,0.228006
0,0,-0.201017,-0.400986,0.893758
0,0,0.475132,0.871466,0.121642
0,0,-0.431247,0.768289,0.473031
0,0,0.236069,0.929163,0.284478
0,0,0.543198,-0.510587,0.666511
0,0,-0.242152,0.837498,0.489857
0,0,0.565714,0.653906,0.502368
0,0,0.878372,0.432727,0.203004
0,0,-0.341958,-0.93895,0.0379016
0,0,0.359752,0.271746,0.892599
0,0,0.908394,0.41796,0.0114149
0,0,-0.100795,-0.712314,0.694586
0,0,-0.451168,-0.728551,0.515423
0,0,0.680108,-0.230911,0.695797
0,0,0.712673,0.69815,0.0684412
0,0,-0.474958,0.871256,0.123802
19.7405,27.814,-0.142954,-0.400026,0.905286
0,0,-0.112815,-0.892217,0.437288
21.5208,28.7517,0.313885,0.903368,0.292238
0,0,0.494611,0.365005,0.788753
0,0,-0.602634,0.754628,0.259553
0,0,0.43946,0.614641,0.655051
0,0,0.979878,-0.166402,0.110226
0,0,0.40429,-0.283702,0.869519
0,0,-0.74628,-0.582157,0.322737
0,0,-0.48284,0.488795,0.726598
0,0,-0.0544336,0.760462,0.647097
0,0,-0.836303,0.547087,0.0359587
0,0,-0.714963,-0.609284,0.34293
0,0,0.574711,-0.499589,0.648165
0,0,-0.556375,-0.465222,0.688488
0,0,-0.12703,-0.990992,0.0424137
0,0,0.431889,-0.659653,0.615086
0,0,0.123763,0.234615,0.964178
0,0,-0.704487,0.705567,0.0766379
0,0,-0.226643,-0.754358,0.616099
0,0,-0.218554,-0.436806,0.872602
0,0,0.200106,0.515484,0.833207
0,0,0.62642,-0.730455,0.27209
0,0,-0.614841,-0.740994,0.269996
0,0,-0.47864,0.877405,0.0326215
0,0,0.945338,-0.302465,0.121867
0,0,-0.746192,-0.119637,0.654893
0,0,-0.701231,0.106031,0.705005
0,0,0.0239655,0.906259,0.422043
0,0,0.380229,0.871427,0.309905
0,0,-0.148517,-0.809296,0.568315
0,0,-0.127786,-0.637158,0.760066
0,0,-0.623426,0.43643,0.648744
0,0,-0.803588,0.0558412,0.59256
0,0,0.965058,-0.203992,0.164468
0,0,0.466372,-0.60742,0.643069
5.67111,6.61615,-0.0422508,0.215373,0.975617
0,0,0.269745,-0.119962,0.95543
0,0,0.585724,-0.246574,0.772094
0,0,-0.281909,-0.232073,0.930951
0,0,-0.859002,-0.363661,0.360369
0,0,0.959962,0.276537,0.0447249
0,0,0.703048,0.19243,0.684612
0,0,0.0212458,-0.609384,0.792591
0,0,-0.607726,0.594492,0.526544
0,0,-0.680918,-0.670647,0.29425
0,0,0.271562,0.761464,0.58858
0,0,-0.986932,0.136556,0.0855471
0,0,-0.759054,-0.416733,0.500171
0,0,0.3387,0.684432,0.645628
0,0,0.920861,-0.386025,0.0547632
0,0,-0.315954,0.851196,0.419092
0,0,-0.339376,-0.660276,0.669969
0,0,0.175884,-0.53261,0.827883
0,0,-0.731422,-0.229569,0.642121
0,0,-0.130032,-0.826242,0.548103
0,0,0.42311,-0.8491,0.31624
0,0,-0.289965,0.866369,0.406601
0,0,0.449481,-0.871695,0.195228
0,0,0.61139,0.449867,0.651016
0,0,-0.304892,0.616842,0.725636
0,0,-0.235562,-0.348097,0.90738
0,0,-0.605898,-0.605908,0.515522
0,0,-0.461102,0.352269,0.814427
0,0,-0.450736,-0.846748,0.282587
0,0,0.90996,-0.407997,0.0742337
0,0,0.614115,0.67166,0.41441
0,0,-0.726646,-0.668777,0.157234
0,0,-0.663008,0.745796,0.0648852
0,0,-0.214538,-0.388371,0.896182
0,0,0.307583,0.894363,0.32482
0,0,0.438271,0.831925,0.340322
0,0,-0.453059,0.0952572,0.886377
0,0,-0.870927,-0.490844,0.0236197
0,0,0.0243491,-0.708652,0.705137
0,0,-0.153495,0.482398,0.862398
0,0,0.177054,0.954257,0.240926
0,0,0.0360666,0.928087,0.370611
0,0,-0.726301,-0.685878,0.0453803
0,0,-0.676214,0.727364,0.116944
0,0,0.619609,0.722087,0.307694
0,0,-0.824231,-0.448295,0.345941
0,0,0.809902,-0.118393,0.574493
0,0,0.958601,-0.262996,0.109167
0,0,-0.211546,-0.195848,0.957545
0,0,-0.62385,0.432034,0.651274
0,0,0.106562,-0.566386,0.817222
0,0,0.292143,-0.941787,0.166405
0,0,0.667491,0.300061,0.681483
0,0,-0.898122,0.17978,0.401317
0,0,0.0580229,0.531386,0.84514
0,0,-0.844592,-0.236199,0.480495
0,0,0.956398,-0.0810428,0.280598
0,0,0.628432,-0.769592,0.113146
0,0,-0.0667484,0.494109,0.866834
0,0,0.628808,-0.661888,0.408049
0,0,-0.0844039,-0.744657,0.66209
0,0,-0.279009,-0.878643,0.387479
0,0,0.479389,-0.785357,0.391664
3.05722,3.66368,0.302642,0.270394,0.913945
0,0,0.303276,0.297138,0.905391
0,0,-0.664193,-0.31409,0.678376
0,0,-0.522456,-0.360107,0.772892
0,0,0.0457197,-0.861529,0.505645
0,0,0.890239,-0.00528921,0.455463
0,0,-0.694387,0.705359,0.142462
0,0,0.420229,0.738524,0.527247
0,0,-0.670063,0.214893,0.710518
0,0,-0.69781,0.70927,0.0999815
10.0992,15.3771,0.129593,0.29729,0.945951
0,0,0.617352,-0.330411,0.713936
0,0,0.00520383,0.431947,0.901884
0,0,0.69386,0.495035,0.522971
0,0,-0.976565,-0.194566,0.0920071
0,0,-0.103143,0.894848,0.434292
0,0,-0.460673,-0.883609,0.0837619
0,0,-0.639949,-0.34487,0.686681
0,0,-0.824766,0.440769,0.354236
0,0,-0.385332,0.34773,0.854753
0,0,0.770543,0.599362,0.216862
0,0,-0.883163,-0.253195,0.394861
0,0,-0.12534,0.22578,0.966081
6.5968,9.30551,0.243798,0.433702,0.867448
0,0,-0.894841,0.193058,0.402478
0,0,-0.114983,0.875287,0.469736
0,0,0.234204,-0.632011,0.738723
0,0,0.61239,-0.698896,0.369489
0,0,0.613985,-0.665735,0.424052
0,0,0.235302,-0.795229,0.558789
0,0,-0.786517,0.226002,0.57473
0,0,-0.565396,-0.189505,0.802755
0,0,0.144735,0.978586,0.146361
0,0,-0.24581,0.635233,0.732159
0,0,-0.494178,0.793453,0.355275
0,0,-0.0710198,0.787045,0.612794
0,0,0.56411,-0.565464,0.60169
0,0,0.706318,-0.595858,0.382189
0,0,0.494239,0.867116,0.0619438
0,0,0.69126,0.614039,0.380941
0,0,0.015483,0.897617,0.440504
0,0,0.854661,-0.514935,0.0663064
0,0,-0.429576,-0.606038,0.669465
0,0,-0.705609,0.0779164,0.704304
0,0,0.935016,-0.161607,0.31564
0,0,0.598123,0.663679,0.449198
0,0,-0.935092,-0.354148,0.0134754
0.0441668,0.0852185,0.160661,-0.33412,0.928737
0,0,-0.936134,0.166807,0.309561
0,0,-0.955228,0.16172,0.247761
0,0,-0.330824,0.859495,0.389645
0,0,0.949993,-0.201955,0.238174
0,0,0.764721,0.642393,0.0503285
0,0,-0.199873,-0.976958,0.0748617
0,0,0.0160905,0.0219537,0.999629
14.2001,19.5451,-0.0381994,0.119999,0.992039
0,0,0.583132,-0.114051,0.804332
0,0,0.271281,0.671183,0.689869
0,0,-0.867563,0.303055,0.394326
0,0,0.0073961,0.792028,0.610439
0,0,0.632587,-0.426761,0.646304
0,0,-0.409456,0.41228,0.813862
0,0,0.164417,0.720598,0.673577
0,0,-0.355544,0.835697,0.418567
0,0,0.725173,-0.607896,0.323398
0,0,-0.331596,0.818298,0.469503
0,0,-0.187739,0.657698,0.729512
0,0,-0.860248,-0.0284329,0.509082
0,0,0.429454,-0.502137,0.750618
0,0,-0.258685,-0.715405,0.649059
0,0,-0.892885,0.0735141,0.444243
0,0,0.684157,0.465778,0.561231
0,0,-0.133566,0.828357,0.544045
0,0,-0.755386,-0.553754,0.350356
0,0,0.771334,0.488389,0.408068
0,0,-0.664118,-0.668987,0.333773
0,0,0.764003,0.541063,0.351498
0,0,0.220914,0.608687,0.762034
0,0,-0.972507,-0.0549017,0.22631
0,0,0.22952,-0.970623,0.0721832
0,0,0.289931,-0.383996,0.876634
0,0,-0.657717,0.634887,0.405372
0,0,0.451739,-0.179863,0.873831
0,0,0.235485,0.410835,0.880773
0,0,-0.205051,-0.910541,0.358984
0,0,0.745103,0.379174,0.548679
0,0,-0.786167,-0.567102,0.245635
0,0,0.791236,-0.447923,0.416307
0,0,0.646809,0.422926,0.634643
0,0,0.0732153,-0.943897,0.322021
0,0,0.217689,-0.531221,0.818789
0,0,-0.348958,0.229935,0.908492
0,0,-0.493247,0.534937,0.685966
0,0,0.948098,0.291111,0.127921
0,0,-0.388927,0.680992,0.620472
0,0,0.113044,-0.939335,0.323838
0,0,0.0793777,0.736068,0.672237
0,0,0.181621,0.965178,0.18827
0,0,-0.575487,0.276562,0.769629
1.54556,2.60154,-0.226564,0.0498095,0.972722
0,0,-0.755008,0.262644,0.600817
0,0,0.485349,-0.851699,0.197599
0,0,-0.968584,-0.222971,0.11013
0,0,0.401582,-0.466404,0.788162
0,0,0.875426,0.036476,0.481973
0,0,-0.548928,-0.543662,0.634909
0,0,-0.854271,0.501846,0.135542
0,0,0.317094,-0.297565,0.900504
0,0,0.963241,-0.25143,0.0946065
0,0,-0.97273,-0.226521,0.0498383
0,0,0.208914,0.969836,0.125595
0,0,0.0823678,-0.645596,0.759224
0,0,0.413705,0.847011,0.333799
0,0,0.118964,-0.584778,0.802423
0,0,0.765388,-0.610885,0.202488
0,0,-0.13413,-0.734387,0.665346
0,0,0.658565,-0.343893,0.66935
0,0,0.594565,0.48482,0.641437
0,0,-0.504406,0.758961,0.411768
0,0,0.981607,-0.0630883,0.180188
0,0,-0.60069,0.514017,0.612338
0,0,-0.517858,-0.763962,0.384948
0,0,0.087507,0.0108536,0.996105
0,0,0.842525,0.514981,0.157944
0,0,0.50269,0.0997252,0.858696
0,0,-0.725757,0.0584397,0.685464
0,0,-0.879079,-0.420974,0.223609
0,0,0.0225817,0.441598,0.896929
0,0,-0.762733,0.428388,0.484482
0,0,0.77203,-0.515518,0.371767
0,0,-0.659957,0.750247,0.0398289
0,0,0.924024,-0.365514,0.11216
18.4091,25.7912,0.0600291,0.0713054,0.995647
0,0,0.734908,0.677635,0.0268476
0,0,0.908023,-0.286855,0.305302
0,0,-0.480412,-0.0161618,0.876894
0,0,-0.358395,0.0746593,0.93058
0,0,0.814431,0.491746,0.308038
0,0,0.560077,-0.23847,0.793376
0,0,-0.550194,-0.110539,0.827688
0,0,0.933426,-0.0141658,0.35849
0,0,-0.916566,0.303353,0.260544
0,0,0.546385,-0.402883,0.734267
0,0,0.184115,0.710473,0.679213
0,0,0.699236,-0.691014,0.183219
0,0,-0.761641,0.647223,0.0317058
0,0,-0.519364,-0.798278,0.30498
0,0,-0.133455,0.820204,0.556287
0,0,0.950813,0.0656696,0.302723
0,0,-0.272841,0.0680865,0.959647
0,0,-0.473175,0.829278,0.297328
0,0,0.0134672,-0.783924,0.62071
0,0,0.137531,0.91417,0.381285
0,0,-0.518531,0.847817,0.111045
0,0,-0.535879,-0.403101,0.741851
0,0,-0.782894,0.571742,0.245332
2.92517,4.59468,-0.35112,-0.109224,0.929938
0,0,0.841111,-0.280406,0.462499
0,0,0.58042,0.256979,0.772706
0,0,-0.377263,-0.307722,0.873487
0,0,-0.54367,0.517682,0.660627
0,0,-0.311457,0.346025,0.885021
0,0,0.261972,0.28162,0.923071
0,0,0.0259953,0.993164,0.113792
0,0,0.738729,-0.246041,0.62749
0,0,0.474026,-0.770013,0.42706
0,0,-0.00950169,-0.325294,0.945565
0,0,0.836883,-0.309381,0.451564
0,0,0.575479,0.817447,0.0245981
0,0,-0.60573,0.330954,0.723575
0,0,-0.600212,0.509126,0.616876
0,0,0.816325,-0.325933,0.476846
0,0,0.809767,-0.397747,0.431363
0,0,0.259399,-0.929871,0.260869
0,0,-0.687906,-0.344895,0.638618
0,0,-0.729854,-0.499648,0.466546
0,0,0.486869,-0.158138,0.859041
0,0,-0.965333,0.246147,0.0868513
0,0,0.180784,0.43828,0.88047
0,0,0.226474,0.258753,0.939019
0,0,0.705369,0.0938098,0.702605
0,0,0.652153,-0.511124,0.559865
0,0,-0.152971,0.208182,0.966054
0,0,0.983033,0.180383,0.033287
0,0,-0.550949,0.800895,0.234571
0,0,-0.506877,-0.277321,0.816192
0,0,0.457463,0.623284,0.634228
0,0,-0.801056,-0.344709,0.489372
0,0,-0.0401671,0.748972,0.661383
0,0,-0.659678,0.462348,0.592503
0,0,-0.572694,0.816349,0.0748062
0,0,-0.549664,-0.549521,0.629203
0,0,0.0987177,0.50224,0.859075
0,0,-0.298453,0.765076,0.570601
0,0,0.872952,0.232236,0.428978
0,0,0.527035,-0.660721,0.534492
0,0,-0.0780705,-0.810971,0.579855
0,0,-0.658356,0.356129,0.663129
0,0,0.61708,-0.786805,0.0122766
0,0,-0.383059,-0.421444,0.82198
0,0,-0.519188,0.616186,0.592248
0,0,-0.328674,0.848265,0.415235
0,0,0.0943215,0.906768,0.410943
0,0,0.25474,0.919687,0.298805
0,0,0.901169,0.0458311,0.431038
0,0,0.823768,-0.362875,0.435578
0,0,-0.97317,-0.227688,0.0331291
0,0,0.272691,0.946356,0.173349
0,0,-0.334379,0.727669,0.598906
0,0,-0.0897954,0.410192,0.907568
0,0,0.823839,0.435948,0.362269
0,0,-0.0165215,-0.0102151,0.999811
0,0,0.088209,-0.912355,0.399785
0,0,0.644531,0.76395,0.0309886
0,0,-0.23457,0.570147,0.787343
2.57591,3.32948,0.0646651,0.498896,0.864246
0,0,-0.977806,-0.204955,0.0434701
0,0,0.638105,0.644302,0.421542
0,0,-0.541454,0.33971,0.769041
0,0,0.0946725,-0.504671,0.858105
0,0,0.695093,-0.295374,0.655439
0,0,0.740199,0.464172,0.486466
0,0,0.930729,-0.365336,0.0165164
0,0,0.826381,-0.55564,0.0914246
0,0,-0.32694,0.513367,0.793451
0,0,0.968828,0.117975,0.217839
0,0,-0.507217,-0.283122,0.813986
0,0,0.036291,0.720997,0.691988
0,0,0.571539,0.781135,0.251339
0,0,0.547889,-0.520603,0.65482
0,0,-0.115417,-0.376868,0.919048
0,0,-0.635495,-0.252054,0.729805
0,0,0.538104,-0.420462,0.730518
0,0,-0.350457,0.67858,0.64553
0,0,-0.488259,0.724398,0.486673
0,0,-0.47332,0.8459,0.245809
0,0,0.72545,-0.551919,0.411228
0,0,-0.707233,0.612102,0.353769
0,0,-0.425447,0.851118,0.307558
0,0,0.710753,0.631461,0.309978
0,0,0.87394,-0.48442,0.0395752
0,0,-0.866915,0.153401,0.474264
14.1248,21.133,-0.850645,0.0870785,0.51848
0,0,-0.894503,0.278894,0.349404
0,0,-0.434282,0.89637,0.0889931
0,0,0.337783,-0.304508,0.890605
0,0,-0.714104,-0.536888,0.44923
0,0,0.530958,-0.141305,0.835534
0,0,-0.287544,0.734679,0.614464
0,0,0.160299,0.959716,0.230758
0,0,-0.616315,-0.787328,0.0164422
0,0,0.730274,0.633369,0.256015
0,0,-0.0965223,0.98746,0.124928
0,0,0.833158,0.371798,0.409407
0,0,-0.503911,0.855796,0.116989
0,0,-0.858869,0.341907,0.38137
0,0,0.503996,-0.861869,0.0563072
0,0,-0.802552,-0.0910175,0.589599
0,0,-0.96485,-0.204409,0.165171
0,0,0.886425,0.135644,0.442551
0,0,0.937392,0.347638,0.0210957
0,0,-0.200056,0.0335836,0.979209
0,0,-0.350959,0.930485,0.105003
0,0,0.553818,0.257192,0.79192
0,0,-0.61631,0.245647,0.748211
0,0,0.13631,0.803167,0.579951
0,0,0.922002,-0.336863,0.190881
0,0,-0.911344,0.386644,0.141273
0,0,-0.855517,-0.494497,0.153503
0,0,-0.934906,0.277756,0.220913
0,0,-0.235425,0.946293,0.221597
0,0,0.579957,-0.7518,0.313763
0,0,-0.46359,-0.590013,0.661037
0,0,0.0293928,0.912631,0.407727
0,0,-0.886216,0.0634025,0.458913
0,0,-0.838661,-0.119233,0.531442
0,0,-0.77785,-0.628442,0.00308858
0,0,-0.674269,-0.179311,0.716386
0,0,0.0434764,-0.893076,0.4478
0,0,0.998472,0.0544326,0.00955467
0,0,0.631846,-0.704283,0.32366
0,0,-0.689168,0.569107,0.448514
0,0,0.984186,-0.174962,0.0276822
0,0,0.241944,-0.614263,0.751095
0,0,-0.335645,0.556727,0.759866
0,0,-0.726029,0.628268,0.279573
0,0,0.510464,0.146477,0.847332
0,0,0.770219,0.562629,0.300351
0,0,-0.838981,-0.544155,0.00228326
0,0,-0.776541,0.0401828,0.628785
0,0,-0.283774,-0.703578,0.651499
0,0,-0.466948,-0.529091,0.708536
0,0,-0.475155,-0.44669,0.758087
0,0,-0.941306,-0.0888787,0.325642
0,0,0.463485,0.371124,0.804642
0,0,-0.531226,-0.408114,0.742457
0,0,0.756713,-0.0592971,0.651053
0,0,0.0434593,-0.913906,0.403592
0,0,0.658145,-0.746463,0.0981802
0,0,0.732968,-0.115289,0.670422
0,0,0.0522358,0.739196,0.671462
0,0,-0.909363,-0.159459,0.384229
0,0,0.13817,-0.38148,0.913992
0,0,-0.668109,-0.0483818,0.742489
0,0,-0.871826,-0.477789,0.107878
0,0,0.250741,-0.538447,0.804489
0,0,0.907763,0.151533,0.391158
0,0,0.834609,0.431122,0.342874
0,0,0.927871,-0.157145,0.338174
0,0,0.417659,0.840724,0.344593
0,0,0.195981,-0.371783,0.907397
0,0,0.447171,-0.325615,0.833074
0,0,0.578532,-0.458655,0.674489
0,0,0.383341,-0.0454102,0.92249
0,0,-0.515987,0.527718,0.674738
0,0,-0.348059,-0.409814,0.843154
0,0,0.545163,0.829002,0.124715
0,0,0.402442,0.614833,0.678248
0,0,0.80683,-0.590711,0.00922189
0,0,-0.419642,0.59533,0.685188
0,0,0.0598543,-0.975514,0.211635
0,0,0.358757,-0.859695,0.363618
0,0,-0.683108,-0.118811,0.720588
0,0,-0.703493,0.702594,0.107045
0,0,0.580708,-0.813926,0.0174265
0,0,-0.909883,0.414773,0.00877071
0,0,-0.17607,-0.552714,0.814559
0,0,0.551316,-0.572088,0.607261
0,0,-0.762609,0.632346,0.136256
0,0,-0.279786,-0.688418,0.669178
0,0,0.822102,0.456662,0.340011
0,0,0.723651,0.592158,0.354511
0,0,-0.90198,-0.176877,0.393887
0,0,-0.128328,0.863045,0.488554
0,0,-0.775936,-0.25739,0.575911
0,0,0.917547,-0.380713,0.114742
0,0,0.235696,-0.0428297,0.970883
0,0,-0.086556,0.984241,0.154203
0,0,0.424385,0.192354,0.884815
0,0,-0.808295,-0.412207,0.420411
0,0,-0.194643,-0.938729,0.284431
0,0,-0.151391,-0.8889,0.432362
0,0,-0.202267,-0.498939,0.842703
0,0,-0.377485,-0.923985,0.0612823
0,0,0.684211,-0.549402,0.479597
0,0,-0.901727,0.202366,0.382016
0,0,0.111391,-0.875233,0.4707
0,0,-0.410173,0.826469,0.385625
0,0,0.289733,-0.94503,0.151569
0,0,-0.0661075,-0.858954,0.507768
0,0,-0.0127334,-0.354385,0.935013
0,0,0.988416,0.0635285,0.137835
0,0,-0.395874,-0.0502089,0.916931
0,0,-0.551735,0.698795,0.455273
0,0,0.515535,0.288483,0.806846
0,0,0.614614,0.536257,0.578514
0,0,0.810788,0.263924,0.522462
0,0,0.568505,0.521067,0.636624
0,0,-0.121393,0.280385,0.95218
0,0,0.248464,0.966973,0.0568159
19.7979,30.5124,0.548242,0.128483,0.826392
0,0,0.797613,0.405369,0.446642
18.3097,27.4996,-0.0311233,-0.976282,0.214252
0,0,-0.792462,0.588918,0.158678
0,0,0.355485,-0.489864,0.79603
0,0,0.655986,0.563984,0.501602
0,0,-0.651106,0.715727,0.252578
0,0,-0.88661,-0.21617,0.408892
0,0,-0.769034,-0.638041,0.0386138
0,0,0.298815,0.430312,0.851787
0,0,0.629536,0.519082,0.578134
0,0,-0.876376,0.480562,0.0320191
0,0,-0.838838,0.411902,0.355932
0,0,-0.0750475,-0.360672,0.929669
0,0,-0.873004,0.0324015,0.486636
0,0,0.942425,-0.205436,0.263877
0,0,0.331775,-0.154056,0.930695
0,0,-0.305538,0.333941,0.891701
0,0,0.81283,-0.29526,0.502124
0,0,-0.271139,-0.922404,0.275055
0,0,-0.92508,-0.354934,0.135091
0,0,0.453814,-0.868531,0.199267
0,0,-0.129757,-0.321168,0.938091
0,0,-0.766349,-0.637942,0.0757506
0,0,0.4085,0.0868336,0.908618
0,0,0.839399,0.439748,0.319423
0,0,0.208701,-0.936851,0.28063
0,0,-0.906197,-0.42272,0.0107227
0,0,0.0704061,0.897032,0.436321
0,0,-0.31082,0.831375,0.46066
0,0,-0.937032,0.211231,0.278124
0,0,0.907402,-0.356975,0.22179
0,0,0.314752,-0.662536,0.679689
0,0,-0.964974,0.259726,0.0369842
0,0,-0.370888,0.796544,0.477451
0,0,0.97074,-0.0678895,0.230337
0,0,0.307964,0.584977,0.750307
0,0,0.490079,0.392281,0.77842
0,0,-0.2461,-0.790792,0.560431
0,0,0.103999,0.926552,0.361505
0,0,0.344049,-0.899348,0.269821
0,0,-0.118703,-0.545652,0.829562
0,0,0.579553,0.482207,0.656959
0,0,0.216964,0.969533,0.113723
0,0,0.80808,0.462801,0.364448
0,0,-0.635951,-0.548097,0.543282
0,0,-0.465597,-0.826288,0.316966
0,0,-0.214174,-0.974486,0.0671352
0,0,0.738315,-0.563658,0.370378
0,0,-0.949104,-0.157269,0.27289
0,0,-0.532888,-0.842562,0.0782327
0,0,0.974541,0.220483,0.0407183
0,0,0.162285,-0.933949,0.318438
0,0,-0.692884,-0.200703,0.692553
0,0,-0.473631,0.828827,0.297859
0,0,-0.72386,0.667436,0.174803
0,0,0.754045,-0.643181,0.133168
0,0,0.0514658,0.673877,0.737049
0,0,-0.51854,-0.848068,0.109078
0,0,-0.426129,0.468039,0.774179
0,0,0.927752,0.177098,0.3285
0,0,0.177957,-0.979727,0.0920132
0,0,0.706736,-0.656237,0.264342
0,0,-0.0650008,-0.641095,0.764704
0,0,0.404241,-0.791964,0.457584
0,0,-0.6908,-0.342267,0.636906
0,0,-0.46391,-0.810795,0.356931
12.22,14.0035,0.0820174,0.423699,0.902082
0,0,-0.719066,-0.663624,0.206268
0,0,-0.880997,-0.441793,0.169301
0,0,-0.715239,-0.684918,0.139003
0,0,0.257942,-0.934862,0.243923
0,0,0.699602,0.675525,0.232861
0,0,0.183463,0.845819,0.500931
0,0,0.724639,-0.21759,0.653876
0,0,0.306028,-0.547505,0.778836
0,0,0.533126,-0.824322,0.190447
0,0,-0.225775,-0.567611,0.791734
2.57314,3.81637,0.244655,-0.061055,0.967686
0,0,-0.214888,-0.248866,0.944399
0,0,0.867699,-0.255944,0.426135
0,0,-0.131133,0.0386384,0.990612
0,0,-0.842932,-0.438739,0.311405
0,0,0.946983,-0.315666,0.0598111
0,0,-0.398752,-0.132996,0.907364
0,0,-0.285507,-0.17317,0.942602
0,0,-0.434702,-0.738251,0.515772
0,0,-0.390914,0.142215,0.909374
0,0,-0.772876,-0.348901,0.530029
0,0,-0.716634,-0.180447,0.673703
0,0,-0.818235,0.573832,0.0347747
0,0,0.544959,0.0731988,0.835261
0,0,0.427136,-0.895417,0.125635
0,0,-0.21362,0.842826,0.493975
0,0,0.345385,0.915892,0.204576
0,0,-0.88933,-0.335178,0.311042
0,0,-0.0690349,-0.545691,0.835138
0,0,-0.535501,-0.793586,0.288895
0,0,0.00289983,-0.869716,0.493544
0,0,-0.449037,-0.141784,0.882192
0,0,-0.217371,0.923283,0.316698
0,0,-0.668501,-0.2133,0.712467
0,0,0.794167,-0.528155,0.300585
0,0,0.609681,0.297833,0.734564
0,0,0.045563,-0.758322,0.650286
0,0,-0.256631,-0.934097,0.248199
0,0,0.803582,-0.552438,0.221515
0,0,0.680697,0.588189,0.436675
0,0,-0.756802,-0.631198,0.169822
0,0,0.687513,-0.605957,0.400178
0,0,-0.940476,-0.250054,0.230169
0,0,0.827176,0.56156,0.0207263
0,0,-0.832384,0.258166,0.490395
0,0,-0.906916,-0.339423,0.24959
0,0,0.879569,0.420483,0.222604
0,0,0.101525,-0.689137,0.717484
0,0,-0.620706,0.445138,0.645427
0,0,-0.618682,-0.119695,0.77647
0,0,0.388381,-0.798206,0.460465
0,0,-0.97871,0.0257524,0.203626
4.50805,6.48106,0.125057,0.0951849,0.987573
0,0,0.0713484,0.771426,0.632307
0,0,-0.717102,0.582675,0.382434
0,0,0.439957,-0.214517,0.872021
0,0,0.426529,0.481594,0.765598
0,0,0.888841,0.427464,0.165036
0,0,-0.566462,0.54985,0.613829
0,0,-0.947976,-0.20593,0.242765
0,0,0.388511,0.379355,0.839731
0,0,0.723113,0.509238,0.466673
0,0,-0.830263,-0.320521,0.455992
0,0,0.783935,-0.616496,0.0733325
0,0,-0.0125236,0.395374,0.918435
0,0,0.965957,-0.151182,0.209933
0,0,0.303178,-0.950575,0.067012
0,0,0.716524,-0.688569,0.111648
0,0,0.911514,-0.332053,0.242657
0,0,-0.317485,-0.945421,0.0733651
0,0,-0.258056,-0.961126,0.0982022
0,0,-0.54634,0.396872,0.737567
0,0,-0.766348,-0.0904117,0.636032
0,0,0.90153,0.244392,0.357095
0,0,0.680706,0.485846,0.548264
0,0,-0.716219,0.578232,0.390741
0,0,-0.265968,-0.816959,0.511703
0,0,-0.0847085,0.291119,0.952929
0,0,-0.831954,-0.395849,0.388788
0,0,0.126607,0.645987,0.752776
0,0,0.791548,0.0618303,0.607971
0,0,0.100693,0.720734,0.685859
0,0,0.0120248,-0.885708,0.464086
0,0,-0.833546,0.503675,0.226963
0,0,0.480998,0.8045,0.348455
0,0,0.759745,0.424837,0.492241
0,0,0.951339,-0.152927,0.267522
0,0,0.262548,-0.223127,0.938767
0,0,0.0782131,-0.984851,0.15476
0,0,-0.813662,-0.0361612,0.580213
0,0,0.967697,-0.0479552,0.247512
0,0,-0.816533,-0.456604,0.353252
0,0,0.628877,-0.766525,0.130206
0,0,-0.657485,0.732542,0.176343
0,0,-0.0834129,-0.622326,0.778301
0,0,0.371072,0.629669,0.682512
0,0,0.536136,-0.834562,0.126745
0,0,0.340188,-0.65729,0.672489
0,0,-0.907397,0.400715,0.12672
0,0,-0.576162,-0.353657,0.736861
0,0,0.156392,0.681533,0.714881
0,0,0.383978,-0.718123,0.580396
0,0,0.448772,-0.190174,0.873177
0,0,0.111608,0.542033,0.832913
0,0,-0.682936,-0.680278,0.26612
0,0,-0.200406,-0.671139,0.71373
0,0,0.970983,-0.0970689,0.218564
0,0,0.835913,-0.0384156,0.547516
0,0,-0.397184,0.0721896,0.914895
21.294,29.2836,-0.334765,0.525389,0.78224
0,0,-0.25557,0.415076,0.873153
0,0,-0.792906,0.341087,0.504936
0,0,-0.390269,-0.15638,0.907323
0,0,-0.415191,0.63424,0.652193
0,0,-0.651881,0.250622,0.715709
0,0,-0.266281,-0.953711,0.13975
0,0,-0.592961,-0.760466,0.264742
0,0,0.968947,-0.210192,0.130231
0,0,-0.517623,-0.439336,0.7342
0,0,0.159051,-0.274762,0.948266
0,0,0.596645,-0.279084,0.752414
0,0,0.248589,-0.931932,0.26402
0,0,-0.423847,0.689247,0.587616
0,0,-0.0660772,0.997373,0.0296796
0,0,-0.565218,0.762817,0.314068
0,0,0.706594,0.692611,0.144967
0,0,-0.776141,-0.0821152,0.62519
0,0,0.891223,-0.344299,0.295261
0,0,-0.30707,0.237697,0.921525
0,0,0.722648,0.520552,0.454759
0,0,0.069204,0.886948,0.456656
17.87,28.8418,-0.125603,0.00114172,0.99208
0,0,-0.615294,0.49057,0.617053
0,0,-0.902112,-0.402709,0.154982
0,0,0.820811,0.427879,0.378404
0,0,0.45828,0.85061,0.257765
0,0,-0.58935,-0.0183778,0.807669
0,0,-0.443743,0.57269,0.689288
0,0,-0.703984,-0.668868,0.238792
0,0,0.852995,0.337274,0.398304
0,0,0.759118,0.2399,0.605134
0,0,0.40724,-0.225176,0.885128
0,0,-0.681225,-0.181933,0.709107
0,0,0.206672,-0.956826,0.20438
0,0,-0.595568,0.223122,0.771697
0,0,-0.923886,-0.135573,0.357846
0,0,0.233309,-0.971137,0.0495908
0,0,-0.427106,0.901443,0.0705721
0,0,0.560732,-0.712692,0.421486
0,0,0.547823,-0.632331,0.547766
0,0,-0.0719732,0.770928,0.632842
0,0,-0.626995,-0.754966,0.192102
0,0,0.436637,0.899495,0.0160354
0,0,0.0519403,0.543647,0.837705
0,0,-0.283506,0.60272,0.745891
0,0,-0.67288,0.0489802,0.738128
0,0,0.596429,0.40966,0.690255
0,0,-0.924198,-0.25245,0.286579
0,0,-0.516938,-0.135275,0.845267
0,0,0.951532,0.255827,0.170703
0,0,0.89683,0.439047,0.0541703
0,0,-0.859693,-0.411478,0.302679
0,0,-0.419584,0.759648,0.496875
0,0,0.218484,0.940368,0.260714
0,0,0.970068,-0.17857,0.164565
0,0,0.944315,-0.231275,0.234053
0,0,0.624036,-0.700101,0.347041
0,0,-0.216481,0.726609,0.652054
0,0,0.611367,-0.770305,0.181275
0,0,0.937888,-0.0555342,0.342464
0,0,-0.0897966,0.916223,0.390476
0,0,-0.679072,-0.0287213,0.73351
0,0,-0.899745,-0.15271,0.408825
0,0,-0.623379,0.723264,0.297133
0,0,-0.953616,0.0243906,0.300035
0,0,0.925878,0.368645,0.0827699
0,0,-0.161779,-0.697356,0.698228
0,0,0.997766,-0.0498344,0.0444874
0,0,0.616999,0.777998,0.118456
0,0,-0.550108,-0.719579,0.423777
0,0,0.71847,0.464701,0.517547
0,0,0.637403,-0.532951,0.55649
0,0,-0.534043,0.707117,0.463447
0,0,0.515214,0.105689,0.85052
0,0,-0.278948,0.960109,0.019467
0,0,0.867157,-0.245248,0.433465
0,0,-0.699679,0.713815,0.0302763
0,0,-0.0965361,-0.874127,0.476008
23.4055,32.4032,-0.179723,0.156106,0.971252
0,0,-0.479922,0.336654,0.810147
0,0,-0.667626,0.727773,0.156915
0,0,-0.53422,0.311732,0.785769
0,0,0.547424,0.352508,0.75899
0,0,0.952196,0.196529,0.233878
0,0,0.209936,-0.55125,0.807496
0,0,-0.864531,0.454165,0.21522
0,0,-0.0580436,0.87776,0.475572
0,0,-0.0460905,-0.930791,0.362635
0,0,-0.880049,0.0553754,0.471643
0,0,-0.734272,-0.67247,0.0928974
0,0,0.0111072,0.325671,0.945418
0,0,0.31931,-0.194807,0.927411
0,0,0.968526,-0.214294,0.126633
0,0,0.434204,0.614307,0.658858
0,0,-0.80442,-0.385305,0.452159
0,0,-0.642597,0.206107,0.737962
0,0,0.306257,-0.593034,0.744659
0,0,-0.182985,0.974938,0.126543
0,0,-0.640685,-0.720051,0.26655
0,0,-0.557554,0.269995,0.785007
0,0,0.751547,-0.550651,0.363264
0,0,-0.301338,-0.51952,0.799559
0,0,0.332364,-0.635245,0.697135
0,0,-0.491863,0.748644,0.444525
0,0,0.585737,0.790883,0.177247
0,0,0.751422,-0.5745,0.324523
0,0,0.183943,0.976633,0.111144
0,0,0.0930372,-0.949434,0.299865
0,0,-0.0616357,-0.319451,0.945596
0,0,-0.00191497,0.722339,0.691536
0,0,-0.384266,0.556761,0.736449
0,0,0.608145,0.780357,0.14561
0,0,-0.344554,0.407565,0.845679
0,0,0.53625,-0.231743,0.811623
0,0,-0.703153,-0.441614,0.557273
0,0,0.793376,0.269892,0.545631
0,0,-0.644179,0.13499,0.752869
0,0,0.621742,-0.738562,0.260698
0,0,-0.821477,0.311968,0.477338
0,0,0.124046,0.935907,0.329684
0,0,0.414193,0.580026,0.701437
0,0,-0.00310442,-0.762326,0.647186
0,0,0.279457,0.904061,0.323386
0,0,-0.537524,-0.701285,0.46826
0,0,-0.498114,0.866621,0.0291679
0,0,0.460698,-0.0590327,0.885592
0,0,-0.0891455,0.6088,0.788299
0,0,-0.205294,0.936911,0.282934
0,0,-0.88612,0.372837,0.275291
0,0,0.816437,0.197934,0.542451
0,0,-0.345422,0.454842,0.820855
0,0,-0.527471,0.842023,0.113014
0,0,0.98402,-0.154206,0.0890286
0,0,0.449816,0.836827,0.312068
0,0,-0.231462,-0.180742,0.955907
0,0,-0.026886,-0.309147,0.950634
14.7688,21.7433,-0.80243,-0.250459,0.541643
0,0,0.730457,-0.561729,0.388449
0,0,0.638784,0.75766,0.133814
0,0,-0.460935,-0.0686959,0.884771
0,0,0.150173,0.967689,0.202549
0,0,0.565755,0.619721,0.543937
0,0,-0.621701,0.120057,0.773999
0,0,0.652031,-0.48109,0.58601
0,0,-0.133836,0.881026,0.453742
0,0,-0.484731,0.512187,0.709014
0,0,-0.109139,0.927444,0.357682
0,0,-0.840298,0.281935,0.463046
0,0,-0.149797,-0.680969,0.716827
0,0,0.0797907,-0.748904,0.657858
0,0,0.988746,0.134276,0.0659643
0,0,0.971044,-0.196537,0.13582
0,0,-0.291425,0.110153,0.95023
0,0,-0.239607,-0.308329,0.92061
0,0,-0.576746,-0.546077,0.607589
0,0,-0.910081,0.385421,0.152329
0,0,-0.947384,0.314409,0.0600893
0,0,-0.379131,-0.476953,0.792954
0,0,-0.487318,-0.555299,0.673917
0,0,-0.779708,-0.353841,0.516578
0,0,0.980584,0.0235813,0.194676
0,0,-0.716059,-0.622348,0.316138
0,0,-0.579926,0.312609,0.752304
0,0,0.370535,-0.866717,0.333924
0,0,0.420972,0.806167,0.415784
0,0,-0.599282,-0.70681,0.375873
0,0,0.770484,0.0675874,0.633866
0,0,-0.59094,0.553114,0.587243
0,0,-0.650998,-0.23176,0.722834
0,0,-0.112586,0.41929,0.900844
0,0,-0.220099,-0.189678,0.956859
0,0,-0.83848,0.28512,0.464391
0,0,-0.867788,0.143535,0.475754
0,0,-0.251538,0.725771,0.640301
0,0,-0.0136059,-0.757871,0.652263
0,0,-0.418234,-0.823465,0.383386
0,0,0.356487,0.928571,0.103311
0,0,0.188433,-0.0784588,0.978947
0,0,-0.453577,0.745514,0.488341
0,0,0.616778,-0.00616125,0.787113
0,0,0.35475,0.243513,0.902692
0,0,-0.620004,-0.703703,0.346983
0,0,-0.144197,-0.989452,0.0138585
0,0,-0.395256,-0.4286,0.81245
0,0,-0.720564,0.177853,0.670191
0,0,-0.445864,0.640219,0.62556
0,0,-0.682254,0.451719,0.574874
0,0,0.704474,0.420713,0.571592
0,0,-0.864032,-0.251811,0.435935
0,0,-0.976833,0.00772869,0.213865
0,0,0.720169,-0.662661,0.205518
0,0,0.211194,0.618891,0.756552
0,0,-0.909297,0.413036,0.0507912
0,0,0.450993,0.594605,0.665621
0,0,0.693605,0.563587,0.448645
24.1838,35.5003,-0.106898,-0.844041,0.525516
0,0,-0.914878,0.3415,0.21535
0,0,-0.825892,-0.421767,0.374185
0,0,0.881472,0.168962,0.440974
0,0,0.674737,0.241662,0.697373
0,0,-0.853369,-0.475581,0.213502
0,0,-0.0523467,-0.731174,0.680179
0,0,-0.539665,-0.401425,0.740013
0,0,-0.475759,-0.0651162,0.877162
0,0,0.15116,0.424964,0.8925
0,0,-0.518971,0.73002,0.444679
0,0,0.113734,0.940173,0.321154
0,0,0.284727,-0.944638,0.163065
0,0,-0.745873,-0.381383,0.546095
0,0,0.403372,-0.633939,0.659858
0,0,0.734108,0.349357,0.582267
0,0,0.560278,0.819547,0.120131
11.8001,16.881,0.0530484,-0.194923,0.979383
0,0,-0.107242,0.766328,0.633436
0,0,0.268272,0.413153,0.87025
0,0,0.724077,-0.266112,0.636315
0,0,-0.957493,-0.285891,0.0383806
0,0,0.649845,-0.634867,0.417906
0,0,0.0514827,0.654986,0.753885
0,0,0.287672,0.737972,0.610444
0,0,0.222622,0.926049,0.304751
0,0,-0.780924,-0.0638138,0.621358
0,0,0.762711,-0.277561,0.58415
0,0,-0.618959,-0.179149,0.764719
0,0,-0.0365363,-0.722414,0.690495
0,0,-0.242109,0.782979,0.572998
0,0,-0.28176,0.959276,0.0200205
0,0,-0.170429,-0.819306,0.547441
0,0,-0.208462,0.806953,0.552604
0,0,-0.922626,0.349578,0.162964
0,0,0.51751,-0.849925,0.0990454
0,0,-0.74708,-0.634863,0.19703
0,0,-0.491651,0.32918,0.806176
0,0,-0.28694,0.919306,0.269336
0,0,0.454695,0.0844896,0.886631
0,0,0.763446,0.645866,0.00265259
0,0,-0.769813,-0.432578,0.469323
0,0,-0.806357,0.0909354,0.584397
0,0,-0.0838092,-0.267114,0.960014
0,0,-0.922575,0.217773,0.318481
0,0,-0.591077,0.269107,0.7604
0,0,-0.0423808,0.56497,0.824022
0,0,-0.621159,0.36583,0.693058
0,0,0.560545,-0.468378,0.682943
0,0,0.283182,0.848434,0.447177
0,0,-0.451833,0.843802,0.289562
0,0,-0.0448266,0.50864,0.859812
0,0,0.588314,0.101782,0.802201
0,0,-0.786934,-0.460954,0.410192
0,0,-0.351343,-0.875609,0.331463
0,0,-0.685936,-0.560636,0.463873
0,0,-0.31356,-0.805014,0.503619
0,0,-0.983895,-0.0915668,0.153512
0,0,0.00933666,-0.909268,0.416106
0,0,-0.550765,0.651065,0.522276
0,0,-0.564222,-0.276316,0.778012
0,0,-0.473679,0.865452,0.163158
0,0,0.512023,-0.50976,0.691359
0,0,0.63687,0.332509,0.695582
0,0,-0.576502,0.797345,0.178568
0,0,-0.987604,-0.133592,0.0824154
0,0,0.619653,-0.575247,0.533968
0,0,-0.0285816,-0.557252,0.829851
0,0,-0.0447114,-0.938466,0.342464
0,0,-0.855816,0.30599,0.417072
0,0,-0.612463,0.282408,0.738332
0,0,-0.49407,0.731382,0.47008
0,0,0.32785,0.903348,0.276544
0,0,0.996113,0.0286294,0.0832989
0,0,-0.540456,0.708733,0.453437
0,0,0.850315,0.453263,0.267428
0,0,-0.892514,0.40808,0.192068
0,0,0.249639,-0.940374,0.231035
0,0,-0.410123,0.583557,0.700899
0,0,-0.813452,0.561216,0.15275
0,0,0.77338,0.334371,0.53859
0,0,0.838369,-0.545031,0.00887593
0,0,-0.436304,0.879202,0.191425
0,0,0.920156,-0.204847,0.333692
0,0,0.0556849,0.920949,0.385683
0,0,-0.712988,-0.688563,0.132394
0,0,-0.595793,-0.464972,0.654852
0,0,0.760165,0.573161,0.306
0,0,0.618656,0.582989,0.526677
0,0,0.487915,0.86263,0.133445
0,0,0.337079,-0.903111,0.266023
0,0,-0.13382,0.431671,0.892049
0,0,-0.853288,0.222608,0.471535
0,0,-0.70743,0.665866,0.236992
0,0,0.42862,-0.831659,0.353026
0,0,0.042618,0.760904,0.647463
0,0,-0.663768,0.732686,0.150277
0,0,0.645582,0.588126,0.487167
0,0,0.539395,0.554024,0.634122
0,0,0.216684,0.956752,0.194099
0,0,0.370474,-0.516093,0.772268
0,0,0.627663,-0.724176,0.285671
0,0,0.931843,0.287364,0.221562
0,0,0.368869,0.929226,0.0217651
0,0,0.88998,-0.360825,0.27882
0,0,-0.897428,-0.00211917,0.441156
0,0,-0.371866,-0.373628,0.849775
0,0,0.57304,-0.783552,0.240148
0,0,0.242224,-0.915221,0.322023
0,0,-0.510685,-0.470213,0.719792
0,0,-0.364937,-0.0147879,0.930915
7.85825,11.1299,-0.059208,-0.39454,0.916969
0,0,0.382207,-0.285538,0.878855
0,0,0.554408,0.64037,0.531562
0,0,0.678184,0.712311,0.180777
0,0,0.292962,0.633493,0.716142
0,0,-0.00942837,0.507128,0.861819
0,0,0.841467,-0.447078,0.303403
0,0,-0.54751,0.510592,0.662969
0,0,0.608459,-0.505625,0.611654
10.1581,14.0111,-0.0341119,-0.1018,0.99422
0,0,0.395573,-0.898746,0.189148
0,0,0.0256595,-0.864246,0.502414
0,0,-0.968481,0.0860331,0.233758
0,0,-0.98617,0.131714,0.100596
0,0,-0.805555,0.162461,0.569813
0,0,0.54037,-0.0805887,0.83756
0,0,-0.922923,-0.111978,0.368341
0,0,-0.675648,-0.379247,0.632196
0,0,-0.737135,-0.163445,0.655681
0,0,0.63299,-0.212068,0.744548
0,0,-0.895838,0.391337,0.210545
0,0,-0.0503385,0.780103,0.623623
0,0,0.0131138,-0.852335,0.522833
0,0,0.348287,-0.839076,0.417908
0,0,0.283397,0.416952,0.863619
0,0,-0.117023,0.993077,0.0102066
0,0,0.92314,-0.266249,0.277353
0,0,-0.138421,-0.980331,0.140682
0,0,-0.662238,-0.31519,0.679777
0,0,0.175944,-0.874565,0.451863
0,0,0.803982,0.122541,0.581891
0,0,0.576888,-0.61529,0.537232
0,0,0.630368,0.0416697,0.775178
0,0,0.191154,-0.523408,0.830364
0,0,-0.301297,-0.210304,0.93005
0,0,-0.495259,0.545585,0.676059
0,0,0.526852,0.63854,0.560975
0,0,-0.562092,0.253456,0.787282
0,0,-0.340336,-0.36309,0.867374
0,0,0.36896,0.749653,0.549444
0,0,0.653289,-0.247769,0.715419
0,0,-0.389883,-0.914275,0.109969
0,0,0.0217739,0.174594,0.9844
0,0,-0.148761,-0.470109,0.869981
0,0,-0.0827225,-0.638855,0.764867
0,0,-0.171981,-0.773691,0.609775
0,0,0.00281527,-0.579682,0.814838
0,0,-0.414409,-0.744181,0.523888
0,0,-0.734563,-0.358436,0.576143
0,0,-0.572586,-0.80186,0.17078
0,0,0.629563,-0.719035,0.294343
0,0,-0.104581,-0.973863,0.201627
0,0,-0.810391,-0.474337,0.343905
0,0,-0.0769559,0.853638,0.515151
0,0,0.403949,0.757283,0.513174
0,0,-0.0915053,0.733114,0.673921
0,0,-0.0461288,0.79696,0.602269
0,0,0.312247,0.841535,0.440818
0,0,0.00862831,-0.574474,0.818478
0,0,0.235528,0.92291,0.30457
0,0,0.382201,-0.673242,0.632983
0,0,-0.16158,-0.896007,0.413597
0,0,0.381558,-0.164796,0.909536
0,0,-0.235743,0.904172,0.356229
0,0,0.00426994,-0.443115,0.896455
0,0,0.401344,0.793473,0.457518
0,0,-0.600754,0.269521,0.752631
0,0,0.393323,-0.915403,0.0856456
0,0,0.652415,0.414161,0.634685
0,0,-0.763382,0.157997,0.626327
0,0,-0.630405,0.203614,0.749087
0,0,-0.510076,0.723715,0.464822
0,0,-0.101165,-0.323922,0.940659
0,0,-0.744039,0.648447,0.161003
0,0,0.947401,0.162612,0.275659
0,0,-0.779346,0.326274,0.534945
0,0,0.49619,0.733472,0.464559
0,0,0.425029,0.905162,0.00575989
0,0,0.76225,-0.585296,0.276413
0,0,0.805486,0.500594,0.317173
0,0,0.794019,0.437875,0.421663
0,0,-0.876281,0.181249,0.446408
0,0,0.258293,0.0276075,0.965672
0,0,-0.772008,-0.609249,0.181162
0,0,0.835369,0.461997,0.297855
0,0,-0.72424,-0.128974,0.677379
0,0,-0.43437,0.263728,0.861261
0,0,0.643007,-0.719882,0.261364
0,0,0.201639,-0.75249,0.626977
0,0,0.589282,-0.139317,0.795825
0,0,0.169781,0.927252,0.333734
0,0,0.646466,-0.270821,0.713258
0,0,0.421819,-0.37291,0.826442
0,0,0.973883,0.184202,0.132748
0,0,0.935714,0.322069,0.143912
0,0,-0.696602,0.0281647,0.716905
0,0,-0.296633,0.811331,0.503737
0,0,-0.713741,-0.295488,0.635028
0,0,-0.180183,0.127803,0.975295
0,0,0.316583,-0.846353,0.428325
0,0,0.70781,-0.705895,0.0267764
0,0,-0.67647,0.644128,0.357055
0,0,0.404682,0.314016,0.858852
0,0,-0.4731,0.0387891,0.880154
0,0,-0.765616,-0.454001,0.455758
0,0,0.74761,0.259787,0.611221
0,0,0.269972,-0.681244,0.680456
0,0,-0.495351,-0.822344,0.279958
0,0,0.435427,0.302512,0.847874
0,0,0.0162714,-0.0451535,0.998848
0,0,-0.669554,0.738211,0.0821077
0,0,0.937954,-0.229498,0.259947
0,0,0.926163,0.319644,0.200125
0,0,-0.91061,0.182324,0.370873
0,0,0.489906,0.38864,0.780353
0,0,-0.320932,-0.902862,0.286083
0,0,0.0701303,0.656835,0.750766
0,0,-0.952934,0.298599,0.0524918
0,0,-0.988785,-0.0676432,0.133146
0,0,0.231092,0.766341,0.599431
0,0,0.299549,-0.473002,0.828577
0,0,0.450998,-0.591258,0.668591
0,0,0.978419,-0.0838281,0.188861
0,0,-0.430267,0.864248,0.260663
0,0,0.0300586,-0.873043,0.486717
0,0,-0.925698,-0.324257,0.194783
0,0,0.910291,0.352928,0.216363
18.1829,25.0654,-0.308078,-0.0323168,0.950812
0,0,-0.616711,0.59213,0.518701
0,0,0.114586,-0.890286,0.440751
0,0,0.393671,-0.479122,0.784516
0,0,0.499884,-0.150629,0.852893
0,0,0.29085,0.606245,0.740185
0,0,-0.353734,-0.144075,0.924183
0,0,-0.404795,-0.676786,0.6149
0,0,-0.906989,-0.40041,0.130548
0,0,0.111408,-0.350468,0.929925
0,0,-0.336943,-0.517542,0.786524
0,0,0.282265,-0.77952,0.559174
0,0,-0.21834,-0.972641,0.0793568
0,0,0.556704,-0.169871,0.813157
0,0,0.343638,0.906893,0.24384
0,0,0.0867398,0.548834,0.831419
0,0,-0.426894,-0.520147,0.739736
0,0,-0.249795,0.760952,0.598794
0,0,0.652131,-0.371806,0.66067
0,0,-0.603047,-0.390159,0.695781
0,0,-0.349966,-0.57836,0.736901
0,0,-0.195432,-0.9068,0.373524
0,0,-0.964765,-0.185968,0.186132
0,0,0.737384,-0.150744,0.658438
0,0,0.585832,0.71887,0.374203
0,0,0.448505,0.566202,0.691562
0,0,-0.217244,0.876818,0.428947
0,0,0.208212,-0.561877,0.800589
0,0,-0.902114,0.0858135,0.42288
0,0,-0.496954,-0.271212,0.824306
0,0,-0.942342,0.106106,0.317384
21.6736,33.0605,-0.00270733,-0.957145,0.289596
0,0,0.952184,-0.0923839,0.291221
0,0,0.12591,0.489306,0.862975
0,0,0.334165,-0.45324,0.826382
0,0,-0.568354,-0.251826,0.783299
0,0,-0.972624,-0.0112117,0.232114
0,0,0.136215,-0.990136,0.0327934
0,0,0.469081,-0.625482,0.623486
22.7256,30.4078,0.168905,0.00244934,0.985629
0,0,-0.168289,-0.249593,0.953615
0,0,0.359871,-0.824058,0.437518
0,0,0.371034,-0.794772,0.480282
0,0,-0.201747,-0.979437,0.000696551
0,0,-0.748929,0.545467,0.376259
0,0,0.564661,0.715923,0.410624
0,0,0.25753,-0.599154,0.758085
0,0,-0.177683,0.676116,0.715049
0,0,-0.446495,-0.400567,0.800118
0,0,0.638472,-0.671715,0.375704
0,0,-0.653283,-0.506054,0.563143
0,0,0.25476,-0.240596,0.936595
0,0,-0.964857,0.184536,0.187076
0,0,0.264064,-0.170939,0.949237
0,0,-0.293667,-0.276073,0.915174
0,0,0.976855,0.152065,0.150436
0,0,-0.0258086,0.127437,0.991511
0,0,-0.0765214,0.71638,0.693502
0,0,-0.31434,0.395182,0.863146
0,0,-0.0355926,0.040595,0.998542
0,0,0.129245,0.35463,-0.926031
0,0,-0.890587,-0.241883,0.385158
0,0,0.803982,0.250854,0.539153
0,0,0.878984,-0.382923,0.284176
0,0,-0.464465,-0.873251,0.147323
0,0,0.910445,0.412306,0.0330732
0,0,-0.971996,0.00543757,0.234933
0,0,-0.0569607,0.509934,0.858326
0,0,-0.318634,-0.340729,0.88452
0,0,0.946739,0.316785,0.0577239
0,0,0.629834,-0.768957,0.109608
0,0,-0.84045,-0.11343,0.529884
0,0,0.835175,0.516216,0.189747
0,0,-0.213956,-0.227878,0.949892
0,0,0.0291472,0.588802,0.807751
0,0,0.782442,0.249301,0.570644
0,0,-0.872934,-0.435038,0.220744
0,0,-0.704449,0.593738,0.388878
0,0,0.56609,0.81919,0.0920292
0,0,-0.816042,-0.080984,0.572292
0,0,-0.0479233,0.793487,0.606698
0,0,-0.849807,-0.426413,0.309838
0,0,0.919559,-0.175345,0.35166
0,0,0.166538,-0.834153,0.525788
0,0,0.804529,0.567571,0.174918
0,0,-0.538781,-0.35157,0.76558
0,0,0.278316,0.418045,0.864742
0,0,0.272099,0.315199,0.909182
0,0,0.138283,0.539041,0.83085
0,0,0.968964,-0.177455,0.1721
0,0,0.77049,-0.613827,0.171936
0,0,-0.713043,0.441972,0.544271
0,0,-0.345496,0.390282,0.853412
0,0,0.0607221,0.574076,0.816547
0,0,0.987806,0.15282,0.0297606
0,0,-0.85118,-0.461315,0.250361
0,0,0.915387,-0.197284,0.35092
0,0,-0.380178,-0.493434,0.782296
0,0,-0.438049,0.598073,0.671134
22.6422,30.9752,-0.0884865,-0.840525,-0.534498
0,0,0.984103,0.0531782,0.169452
13.7677,19.3062,-0.403802,0.412103,0.816771
0,0,-0.411852,0.909887,0.0498301
0,0,0.830847,-0.0257131,0.555906
0,0,0.197601,0.392675,0.898198
0,0,-0.739202,0.577779,0.346054
0,0,0.749336,-0.418141,0.513472
0,0,-0.337803,-0.925991,-0.168614
0,0,-0.320231,-0.28934,0.902072
0,0,-0.437262,-0.320044,0.84046
0,0,-0.521957,0.296064,0.799941
0,0,0.184352,0.306245,0.933932
0,0,-0.476471,-0.788127,0.389656
0,0,-0.19884,-0.975237,0.0968269
0,0,0.0374408,-0.99742,0.0612503
0,0,0.416612,0.143277,0.897723
0,0,0.145638,-0.784179,0.603202
0,0,-0.336916,0.651969,0.679282
0,0,-0.0715609,-0.370243,0.926175
0,0,0.745462,-0.603691,0.282565
0,0,-0.161465,0.870521,0.464889
0,0,0.0506187,0.175813,0.983121
0,0,0.483253,-0.847787,0.218459
0,0,-0.762986,-0.646027,0.022419
0,0,0.293305,-0.115424,0.949026
0,0,-0.509551,-0.785766,0.350613
0,0,-0.669252,-0.122515,0.732866
0,0,-0.285007,0.285589,0.914992
0,0,-0.00605264,0.604175,0.796829
0,0,0.215372,0.643468,0.73455
0,0,-0.878491,-0.416539,0.233982
0,0,0.971777,0.0109388,0.235646
0,0,0.451,-0.206482,0.868311
0,0,-0.790568,0.518807,0.325335
0,0,0.259932,-0.567999,0.780905
0,0,0.116206,0.523142,0.844286
0,0,-0.423368,-0.728852,0.538085
0,0,-0.173585,0.925509,0.336603
0,0,-0.578039,0.635509,0.511858
0,0,0.983349,0.12212,0.134583
0,0,-0.723202,-0.128334,0.678608
0,0,-0.503743,-0.857907,0.101182
0,0,-0.246685,0.639272,0.72834
0,0,0.874844,-0.215322,0.433918
0,0,-0.210654,0.866715,0.452139
0,0,0.782444,0.555161,0.282094
0,0,0.254123,-0.386985,0.886377
0,0,0.165231,0.71476,0.679571
0,0,0.916067,-0.188727,0.353842
0,0,-0.765262,0.326063,0.55503
0,0,0.503253,0.428722,0.750289
8.80928,12.223,0.216497,-0.2039,0.954753
0,0,-0.958305,-0.207371,0.196596
0,0,-0.376015,0.369849,0.849603
5.65764,8.75415,0.644043,0.710999,0.282292
0,0,0.415147,-0.704826,0.575216
0,0,-0.0126881,-0.748702,0.662785
0,0,-0.215512,0.882905,0.417173
0,0,-0.246329,0.751086,0.612529
0,0,-0.467153,0.471554,0.747934
0,0,0.666287,0.175409,0.724771
0,0,0.48254,-0.873348,0.0664704
0,0,-0.186733,-0.422021,0.887147
0,0,0.593107,-0.713127,0.37373
0,0,0.121256,0.790826,0.59991
0,0,-0.372779,0.649648,0.662566
0,0,0.441079,-0.876783,0.191572
0,0,0.0680084,0.734517,0.675173
0,0,0.498662,0.793201,0.349526
0,0,0.634487,-0.567366,0.524902
0,0,0.874662,-0.131857,0.466454
0,0,0.998255,0.0588443,0.0049603
0,0,-0.0775407,0.908586,0.410438
0,0,0.355422,-0.389761,0.849565
0,0,-0.161192,-0.699741,0.695974
0,0,-0.271756,-0.585358,0.763875
0,0,0.998521,0.0495302,0.0224055
0,0,-0.666248,-0.545633,0.508328
0,0,0.483072,0.176688,0.857568
0,0,0.268712,-0.334932,0.903114
0,0,-0.293126,0.426132,0.855856
0,0,0.663524,-0.748011,0.0146748
0,0,-0.970156,0.234777,0.0606459
0,0,0.716739,0.338437,0.60971
0,0,0.48353,0.86669,0.122671
0.743506,0.879044,0.0474662,0.270019,0.961684
0,0,-0.778852,0.551454,0.298812
0,0,-0.833334,0.524449,0.174665
0,0,0.296301,0.939632,0.171165
0,0,0.0135133,0.323927,0.945985
0,0,0.917594,-0.390842,0.072552
0,0,-0.30117,-0.855227,0.421761
0,0,-0.78514,0.269469,0.557621
0,0,-0.678188,-0.677078,0.285703
0,0,0.995898,0.0864404,0.0267619
0,0,-0.0663469,0.99123,0.114282
0,0,-0.445855,0.835506,0.32116
0,0,0.0871347,0.158901,0.983442
0,0,0.899775,0.433799,0.0471442
0,0,-0.365751,-0.781213,0.505897
0,0,-0.413174,0.802879,0.429734
0,0,0.269128,0.852004,0.449065
0,0,0.803685,-0.594175,0.0323683
0,0,0.00599047,-0.51139,0.859328
0,0,0.721729,0.687675,0.0788069
0,0,-0.690453,-0.67781,0.252682
0,0,0.858493,0.446911,0.251516
0,0,0.389168,0.364161,0.846129
7.04324,9.45104,-0.0365363,0.194081,0.980305
0,0,0.00380186,0.999502,0.0313159
0,0,-0.12314,-0.75192,0.647651
0,0,0.229273,0.563597,0.793595
0,0,0.608863,0.466109,0.641894
0,0,-0.899181,-0.428465,0.0888269
0,0,-0.207109,-0.400158,0.892737
0,0,-0.434063,0.264649,0.861133
0,0,-0.956768,-0.251658,0.145822
0,0,-0.495527,-0.527035,0.690425
0,0,-0.331104,-0.94069,0.0739701
0,0,-0.579025,0.342697,0.73979
0,0,-0.361169,0.909284,0.206781
0,0,0.854005,0.519833,0.0212017
0,0,0.376385,-0.172853,0.910196
0,0,-0.50468,-0.797479,0.330644
0,0,-0.885587,0.461347,0.0538058
0,0,0.429339,0.611531,0.664603
0,0,-0.950297,-0.137288,0.279442
0,0,-0.568361,-0.132564,0.81203
0,0,-0.379408,-0.875972,0.297863
0,0,0.559175,-0.828857,0.0179056
0,0,-0.422756,0.872176,0.246142
0,0,-0.148375,0.408964,0.900408
0,0,-0.852523,-0.452007,0.262477
0,0,0.537091,0.632512,0.558087
0,0,-0.428889,-0.745536,0.510128
0,0,0.223786,-0.837085,0.499208
0,0,-0.756717,0.223989,0.614173
0,0,-0.424018,-0.301928,0.853843
0,0,0.407939,-0.857586,0.313259
0,0,-0.921168,-0.287734,0.262028
0,0,-0.463252,-0.827253,0.317882
0,0,0.15077,0.974308,0.167311
0,0,0.803045,-0.586378,0.106208
0,0,0.23158,0.631279,0.740174
0,0,-0.609975,-0.459549,0.645558
0,0,0.988038,0.0936082,0.122552
0,0,0.194283,0.375823,0.906097
0,0,0.660388,0.745191,0.0926141
0,0,0.0991457,-0.980647,0.168824
0,0,-0.726165,0.157205,0.669307
0,0,0.764258,0.577469,0.287122
0,0,0.115849,0.729656,0.673929
0,0,-0.98712,-0.0699715,0.143868
0,0,-0.186959,-0.705816,0.683279
0,0,-0.716683,0.190449,0.670891
0,0,-0.466398,-0.124947,0.875706
0,0,-0.0612718,-0.827482,0.558139
0,0,0.982273,0.00261245,0.18744
0,0,0.529443,0.539775,0.654472
0,0,-0.514719,0.380897,0.768103
0,0,-0.882744,0.455534,0.115113
0,0,0.461679,0.859768,0.218293
0,0,-0.479984,0.740475,0.470437
0,0,-0.383538,-0.795747,0.468706
0,0,0.983144,0.178168,0.0410331
0,0,-0.405068,0.154373,0.90116
0,0,-0.00455675,-0.798089,0.602522
0,0,-0.204913,0.970876,0.124138
0,0,-0.576417,0.377457,0.724755
0,0,0.787065,0.558929,0.261011
0,0,0.172342,-0.971614,0.162063
0,0,-0.481949,0.865173,0.138565
0,0,-0.139913,-0.371326,0.917901
0,0,0.1019,0.917979,0.383315
0,0,-0.884669,-0.466218,0.000890448
0,0,-0.0590673,0.889907,0.452302
0,0,-0.103171,-0.836991,0.537403
0,0,-0.305551,0.947916,0.0899678
0,0,-0.862273,-0.428416,0.270082
0,0,0.165091,-0.938527,0.303169
0,0,0.287825,0.0300045,0.957213
0,0,0.348504,0.120285,0.929557
0,0,-0.598333,-0.790488,0.130866
0,0,0.905239,-0.424901,0.000847042
0,0,-0.845584,-0.050074,0.531488
0,0,0.213704,-0.975813,0.046035
0,0,0.322636,0.576463,0.750731
0,0,-0.358239,0.59357,0.720652
0,0,0.897662,0.368745,0.241308
0,0,-0.160573,0.26603,0.950497
0,0,0.139411,-0.990127,0.0145883
0,0,0.632518,0.386093,0.671456
0,0,0.473821,-0.769371,0.428441
0,0,0.462898,-0.844453,0.269489
0,0,-0.244319,0.657651,0.712603
0,0,0.0370202,0.742048,0.669324
0,0,0.222111,0.770846,0.597046
0,0,0.254016,0.264563,0.930313
12.4883,16.3747,-0.604145,-0.127455,0.786616
0,0,0.253799,0.682992,0.684915
0,0,-0.0597854,-0.997997,0.0206786
0,0,-0.705228,-0.0398744,0.707859
0,0,-0.464017,-0.48686,0.740037
0,0,-0.920768,-0.387069,0.0486225
0,0,-0.730584,-0.559218,0.39182
0,0,-0.964872,0.038272,0.259917
0,0,-0.0238543,-0.369955,0.928743
0,0,-0.123565,0.906136,0.404535
0,0,-0.58731,0.787454,0.18704
0,0,0.145409,0.967506,0.206852
0,0,0.534796,-0.0899449,0.840181
14.2038,19.4637,-0.230162,0.458449,0.8584
15.6594,23.3514,-0.347667,-0.547758,0.760979
0,0,-0.0321643,0.708374,0.705104
0,0,-0.265948,0.924977,0.271459
0,0,0.359426,0.495481,0.790766
0,0,0.101956,0.77498,0.623708
0,0,0.914623,-0.176309,0.363839
0,0,-0.494534,0.00375955,0.86915
0,0,0.964736,0.034382,0.260966
0,0,0.0144311,0.428681,0.903341
0,0,-0.722536,0.651858,0.230267
0,0,0.156648,0.791933,0.590172
8.94522,13.6228,-0.275377,0.956896,-0.0922932
0,0,0.0345422,-0.766731,0.641038
0,0,0.0838611,-0.98776,0.131517
0,0,-0.467954,0.767833,0.437551
0,0,0.717254,0.49964,0.485702
0,0,0.542804,-0.525273,0.655326
0,0,0.96955,-0.219672,0.108246
0,0,0.495206,0.332016,0.80283
0,0,-0.146352,-0.83955,0.523199
0,0,0.385239,-0.497355,0.777322
0,0,0.852562,0.519513,0.0569643
0,0,0.132193,0.677824,0.723243
8.94714,12.6753,0.0107183,0.0872581,0.996128
0,0,0.936432,-0.3259,0.129941
0,0,0.961163,-0.272378,0.0444567
0,0,-0.860849,-0.314734,0.399852
0,0,-0.54677,-0.828704,0.119548
0,0,0.176427,-0.978324,0.108426
0,0,-0.755034,-0.105539,0.647136
0,0,0.625664,0.522873,0.57892
0,0,-0.462436,-0.248547,0.851103
0,0,-0.237545,-0.821518,0.518344
0,0,0.365833,0.827875,0.425192
0,0,-0.124534,0.091005,0.988033
0,0,0.28601,-0.692764,0.662025
0,0,-0.545804,0.777968,0.311231
0,0,0.840018,0.0827468,0.536211
0,0,-0.74767,0.651292,0.129647
0,0,0.010316,-0.653775,0.756619
0,0,-0.75432,0.405434,0.516357
0,0,-0.800129,-0.599654,0.0144693
0,0,-0.996602,0.017974,0.0803877
0,0,0.956942,0.260359,0.128352
0,0,0.844899,-0.357996,0.397473
0,0,-0.796273,-0.335107,0.503639
0,0,-0.687986,-0.723361,0.0585131
0,0,-0.845477,0.172919,0.50524
0,0,-0.0106984,0.773128,0.63416
0,0,-0.168942,-0.942694,0.287727
0,0,-0.691427,-0.688695,0.218239
0,0,0.471686,-0.771709,0.426588
0,0,0.881062,0.433518,0.189189
0,0,-0.518161,-0.602938,0.60661
0,0,0.590485,0.373218,0.715567
0,0,0.0921708,0.305804,0.947623
0,0,0.799394,0.591631,0.104602
0,0,0.988832,0.0901655,0.118667
0,0,0.0718293,0.597429,0.798699
0,0,0.146738,-0.822723,0.549176
0,0,-0.249006,-0.296826,0.921895
0,0,0.0768498,0.737952,0.670464
0,0,0.471822,0.621174,0.625721
0,0,0.719032,-0.24909,0.648804
0,0,0.426658,-0.231112,0.874385
0,0,-0.254374,-0.957934,0.132879
0,0,-0.291834,-0.793122,0.534593
22.2703,28.8204,0.131995,-0.157146,0.978715
0,0,-0.688455,0.468968,0.553263
0,0,-0.646489,-0.345971,0.679967
0,0,0.270685,-0.0443527,0.961646
0,0,-0.8334,0.221285,0.506437
0,0,0.0924582,-0.326375,0.940708
0,0,-0.318721,0.0154202,0.947723
0,0,-0.775733,0.148721,0.613287
0,0,-0.805473,-0.591356,0.0388868
0,0,0.0363548,-0.414541,0.909304
2.69743,4.47476,0.128805,-0.227367,0.965253
0,0,-0.727068,0.653315,0.211072
0,0,0.606897,0.505379,0.613407
0,0,-0.724931,-0.605331,0.32871
0,0,-0.855427,0.299604,0.422472
0,0,-0.89183,0.389011,0.230888
0,0,-0.0434524,-0.385022,0.921884
0,0,-0.489384,-0.123826,0.863233
0,0,-0.361586,0.931774,0.0324571
0,0,-0.858521,-0.512714,0.00812687
0,0,0.931026,-0.0550773,0.360774
0,0,0.792436,0.595424,0.132347
0,0,-0.29999,0.849189,0.434607
0,0,-0.872679,0.0580998,0.484825
0,0,-0.753189,0.653827,0.0722285
0,0,0.192843,0.803191,0.563646
0,0,0.212245,0.209211,0.954559
0,0,-0.576217,0.0183863,0.81709
0,0,0.0841627,-0.957785,0.274889
0,0,0.199435,-0.484227,0.85191
0,0,-0.274025,-0.650415,0.708428
0,0,-0.302108,-0.424632,0.853474
0,0,0.58555,-0.780005,0.220732
0,0,0.437403,0.246946,0.864695
0,0,0.614046,-0.51667,0.596657
0,0,-0.320368,0.907663,0.271133
0,0,0.306812,0.873867,0.377125
0,0,0.215028,-0.472003,0.854972
0,0,0.437256,-0.810421,0.389903
0,0,-0.176201,0.973242,0.147491
0,0,-0.149273,0.106244,0.983072
1.09932,1.18594,-0.162043,-0.00516576,0.98677
0,0,-0.0926179,0.513377,0.853151
0,0,-0.101907,0.861775,0.49695
0,0,0.35726,-0.920629,0.157503
0,0,0.855306,-0.456588,0.244906
0,0,0.175945,0.789292,0.588269
0,0,0.558512,0.0664182,0.826833
0,0,0.805767,-0.167455,0.568065
0,0,-0.772119,0.493897,0.399873
0,0,0.591732,0.732301,0.337028
22.4515,32.0157,0.360515,-0.641066,0.677542
0,0,0.542223,0.839244,0.0407908
0,0,-0.524564,-0.285246,0.802164
0,0,-0.891253,-0.151186,0.427563
0,0,-0.676854,-0.734087,0.0546285
0,0,-0.0623237,-0.7482,0.660539
0,0,0.879127,-0.128495,0.458938
0,0,-0.704842,0.612044,0.35861
0,0,0.0269569,0.521762,0.852665
0,0,-0.16481,0.154724,0.974114
0,0,0.413249,0.777682,0.473746
0,0,-0.583284,0.451365,0.675314
0,0,-0.912762,-0.0215896,0.407921
0,0,0.932666,0.0388236,0.358645
0,0,0.815704,-0.454908,0.357331
0,0,0.444396,-0.895492,0.0246131
0,0,-0.881462,0.394615,0.25943
0,0,0.639429,0.13711,0.756526
0,0,-0.405667,0.888844,0.213051
0,0,-0.15339,-0.919617,0.361629
0,0,0.916752,-0.398765,0.0235054
0,0,0.280327,-0.811928,0.512045
0,0,0.327967,0.761653,0.558858
0,0,-0.946208,0.146776,0.288352
0,0,-0.800155,-0.596741,0.0604368
0,0,0.110636,0.993846,0.00537414
22.7998,32.595,0.136589,0.038934,0.989862
13.5208,22.1061,0.00145589,-0.530514,0.847675
0,0,0.0526814,0.683522,0.728026
0,0,-0.809598,-0.449896,0.37702
0,0,0.789388,0.302259,0.534328
0,0,-0.37202,0.431536,0.821814
0,0,0.969737,0.0962274,0.224391
0,0,0.476174,0.225711,0.84989
0,0,-0.729685,-0.372488,0.573422
0,0,-0.421233,-0.264408,0.867555
0,0,-0.3655,0.664015,0.652298
0,0,-0.204149,0.876141,0.436692
0,0,-0.219353,0.96958,0.10862
0,0,0.814218,-0.0624688,0.577189
0,0,-0.468199,-0.0616701,0.881468
0,0,0.813557,0.384292,0.4364
0,0,0.843048,-0.155468,0.514879
0,0,-0.128322,0.803363,0.581499
0,0,0.572241,-0.796361,0.19583
0,0,0.924723,0.332769,0.184805
0,0,0.0703024,0.765895,0.639111
0,0,-0.980519,-0.124265,0.152119
0,0,-0.720871,-0.293178,0.628006
0,0,0.0219909,0.469177,0.88283
0,0,0.807143,-0.582838,0.0939179
0,0,0.472741,-0.0776815,0.877771
0,0,-0.749289,0.571676,0.334295
0,0,-0.13297,-0.831891,0.538773
0,0,0.851568,-0.289373,0.437145
0,0,0.021654,0.676632,0.736003
0,0,-0.236599,0.811617,0.534133
0,0,-0.754312,0.390166,0.528
0,0,0.687089,0.0503786,0.724824
0,0,0.361653,-0.50242,0.785354
0,0,-0.96964,-0.0138583,0.244142
0,0,0.366196,-0.576809,0.7302
0,0,0.361289,-0.132855,0.922941
0,0,0.406717,0.461643,0.788332
0,0,-0.580665,0.672462,0.458936
0,0,0.993338,0.107955,0.0403132
0,0,0.617835,0.142858,0.773222
0,0,0.442018,-0.548703,0.709609
0,0,-0.304011,-0.928585,0.212856
0,0,0.609709,0.324915,0.72297
0,0,-0.49216,-0.86741,0.0733333
0,0,0.275541,0.505328,0.817754
0,0,-0.888167,0.143488,0.436543
0,0,0.23083,0.967455,0.103679
0,0,0.700291,-0.371008,0.609873
0,0,-0.304579,-0.50427,0.808049
0,0,-0.537473,0.146257,0.830501
0,0,-0.995568,0.00645173,0.0938268
0,0,-0.00022377,-0.964909,0.262584
0,0,-0.399867,-0.460848,0.792291
0,0,-0.00549764,-0.964224,0.265034
0,0,0.239636,0.937276,0.253157
0,0,-0.155796,-0.981511,0.11119
0,0,0.0682402,0.450596,0.890116
0,0,-0.503306,-0.822275,0.265606
0,0,-0.199599,0.368052,0.908129
0,0,0.255796,-0.625009,0.737518
0,0,0.56947,0.688142,0.449627
0,0,0.966556,-0.0800346,0.243645
0,0,0.295499,-0.115495,0.948336
0,0,-0.512128,0.246636,0.822737
0,0,-0.573878,-0.485371,0.659606
0,0,-0.17545,-0.929879,0.323329
0,0,0.344491,0.914345,0.212834
0,0,0.395774,0.581413,0.710861
0,0,-0.551794,0.120514,0.825227
0,0,-0.336492,-0.939937,0.0573697
0,0,-0.202591,-0.375261,0.904509
0,0,-0.468089,-0.236578,0.851424
0,0,0.0662053,-0.935086,0.348181
0,0,0.557497,0.821125,0.122274
0,0,0.228051,-0.649279,0.725555
0,0,0.280044,0.777744,0.562751
0,0,-0.0253161,-0.900025,0.435103
0,0,0.748119,0.121591,0.65233
0,0,-0.205867,0.960398,0.187763
0,0,-0.53937,-0.684211,0.490851
0,0,-0.485785,0.725654,0.487278
0,0,-0.651325,-0.395293,0.647704
0,0,-0.640357,-0.382432,0.6661
0,0,-0.0372163,0.240402,0.96996
0,0,0.922239,-0.0534206,0.382912
0,0,0.757771,-0.367487,0.5392
0,0,0.0953875,0.83023,0.549198
0,0,0.0313816,0.974103,0.223915
0,0,-0.100193,0.765668,0.635385
0,0,-0.418421,0.178051,0.89063
0,0,-0.955246,-0.295809,0.00146175
0,0,-0.00797272,0.153491,0.988118
0,0,0.81182,0.550783,0.193874
0,0,0.73715,-0.254228,0.626082
0,0,0.458948,0.885529,0.0721506
0,0,0.769256,0.596316,0.229461
0.412927,0.832164,-0.285179,-0.669447,-0.68594
0,0,0.875847,-0.34821,0.334129
0,0,0.749625,-0.259511,0.608865
0,0,-0.097707,0.295739,0.950259
0,0,0.134471,0.982762,0.126872
0,0,-0.87457,-0.363643,0.320768
0,0,0.128104,0.86398,0.486958
0,0,0.983439,0.0568894,0.17208
0,0,0.793531,0.606797,0.0458879
0,0,0.474682,0.321238,0.819441
0,0,-0.713355,-0.00701864,0.700768
0,0,-0.606643,0.65373,0.452351
0,0,-0.807056,0.522847,0.274393
0,0,0.630753,0.487417,0.603802
0,0,-0.144011,-0.941929,0.303364
16.9275,24.3829,0.720026,0.676972,0.152551
0,0,-0.818928,0.542907,0.186036
0,0,0.209632,-0.977394,0.0274857
0,0,0.103588,-0.621368,0.776641
0,0,0.441897,0.457733,0.771497
0,0,-0.194602,0.791905,0.578807
0,0,-0.0944772,0.991188,0.0928463
0,0,-0.664804,-0.341242,0.664522
3.01171,5.3239,-0.484456,-0.872205,-0.0675343
0,0,-0.252819,0.813698,0.523429
0,0,0.634135,0.652014,0.415633
0,0,0.586937,-0.648091,0.485266
0,0,0.302178,-0.807528,0.506545
0,0,-0.225655,0.940406,0.254394
0,0,-0.313962,-0.926665,0.206689
0,0,-0.283796,0.326764,0.901491
0,0,-0.913922,0.194589,0.356206
0,0,-0.291037,-0.345241,0.892248
0,0,-0.0224708,0.599255,0.800243
0,0,-0.590234,-0.803473,0.077813
0,0,-0.0466471,0.953808,0.296774
0,0,-0.232905,-0.571284,0.787013
0,0,-0.6298,-0.0259901,0.776322
0,0,0.743499,-0.333381,0.579712
0,0,-0.801838,0.52053,0.293434
0,0,0.810958,-0.561899,0.163146
0,0,-0.120309,0.348329,0.92962
0,0,0.74915,-0.597231,0.286512
0,0,-0.895067,0.422192,0.143557
0,0,-0.0274816,-0.977231,0.21039
0,0,-0.0363562,-0.986763,0.158041
0,0,0.604394,-0.783865,0.142353
0,0,-0.451874,0.71555,0.532728
0,0,-0.824723,0.422763,0.375637
19.8229,28.1569,-0.234986,-0.287711,0.928442
0,0,-0.208405,0.00615004,0.978023
0,0,-0.549182,-0.134802,0.824759
0,0,-0.559102,0.769898,0.307672
0,0,0.721764,0.183578,0.66735
0,0,0.739043,-0.344003,0.579204
0,0,0.849176,0.52492,0.0579587
0,0,0.0178938,-0.905872,0.423173
0,0,0.584424,0.411703,0.699249
0,0,0.242246,-0.384782,0.890651
0,0,0.24318,-0.525101,0.815557
0,0,0.103227,0.478863,0.8718
0,0,0.803777,0.527242,0.275606
0,0,-0.767994,-0.479155,0.424965
0,0,0.25844,-0.953164,0.157123
0,0,0.0784173,-0.963576,0.255679
0,0,-0.28624,0.612448,0.736868
0,0,-0.190705,-0.8896,0.415022
0,0,0.00964524,-0.489374,0.872021
0,0,0.634298,-0.36448,0.681777
0,0,0.921874,-0.0548447,0.38359
0,0,-0.627431,0.282593,0.725584
0,0,0.984282,0.0883222,0.152929
0,0,0.372879,0.886794,0.273052
0,0,0.972629,0.067567,0.222325
0,0,-0.0388228,-0.514322,0.856718
0,0,0.977092,0.0023987,0.212803
0,0,-0.345193,-0.734781,0.583899
0,0,0.913649,-0.335708,0.229228
0,0,-0.84264,0.20291,0.498784
0,0,-0.576423,0.792455,0.199375
16.4403,24.9258,0.60924,0.150119,0.778646
0,0,-0.0477712,-0.0574533,0.997205
0,0,-0.023906,0.336256,0.941467
0,0,-0.226356,-0.333023,0.915346
0,0,-0.323401,-0.92811,0.184453
0,0,-0.408992,0.899281,0.154983
0,0,-0.542969,0.29126,0.787624
0,0,0.128558,0.867963,0.479701
0,0,-0.30945,-0.919611,0.241983
0,0,-0.328372,-0.788537,0.519982
0,0,0.824765,-0.423017,0.375259
0,0,0.247479,-0.920843,0.301334
0,0,0.0429598,-0.931709,0.360657
9.97305,15.4731,0.0937074,0.987507,-0.126682
0,0,-0.388023,0.91403,0.118268
0,0,0.470486,0.618571,0.629296
0,0,-0.34186,-0.769103,0.540011
0,0,0.646501,-0.761772,0.0417105
0,0,-0.051512,0.54187,0.838882
0,0,0.466049,-0.866824,0.177244
0,0,0.224659,-0.244779,0.943192
0,0,0.564709,0.711055,0.418933
0,0,0.704327,-0.565682,0.428868
0,0,-0.587171,0.336614,0.736153
0,0,0.651377,-0.287728,0.702083
0,0,-0.508791,0.62124,0.59598
0,0,-0.424549,0.757641,0.49572
0,0,-0.215403,0.118839,0.969267
0,0,-0.931242,0.232497,0.280594
15.2775,23.5029,-0.387495,-0.0218513,0.921613
0,0,0.100283,0.592667,0.79918
0,0,0.453031,0.142472,0.880037
0,0,0.874792,-0.0377905,0.483022
0,0,-0.893443,0.447173,0.0423779
0,0,-0.586971,0.791315,0.171128
0,0,0.951372,-0.292915,0.0953528
0,0,-0.0410089,0.187479,0.981412
0,0,-0.277243,0.665407,0.693087
0,0,-0.87606,-0.145669,0.459672
0,0,0.113577,0.883347,0.454751
0,0,0.176693,-0.338174,0.924347
0,0,0.348071,-0.483324,0.803271
0,0,-0.744773,-0.17172,0.644845
0,0,-0.97505,-0.218787,0.0375534
0,0,-0.148028,-0.988018,0.0436872
0,0,0.966616,-0.167899,0.193556
0,0,-0.998524,0.0533849,0.0100418
0,0,0.691138,0.710715,0.131198
0,0,-0.982644,-0.0226407,0.184115
0,0,0.0455241,-0.997519,0.0536951
0,0,0.333511,-0.616907,0.712879
0,0,0.45006,-0.233594,0.861905
0,0,0.509882,-0.846587,0.152681
0,0,-0.980479,-0.124609,0.152094
0,0,0.907213,0.0977223,0.409164
0,0,0.413812,-0.37215,0.830821
0,0,0.891143,-0.24992,0.378688
0,0,0.385078,0.623473,0.680439
0,0,-0.161825,0.605284,0.779387
0,0,0.102102,-0.992247,0.0708537
0,0,0.0977445,0.94383,0.315644
0,0,0.305097,0.735872,0.60449
0,0,-0.702201,0.0595892,0.70948
0,0,0.0974268,0.53154,0.841411
0,0,-0.530685,-0.407633,0.743107
0,0,0.343929,-0.792728,0.503284
0,0,0.451999,-0.507531,0.733559
0,0,-0.599098,0.800215,0.027151
0,0,-0.792529,0.567982,0.222023
0,0,-0.832542,-0.462222,0.305326
0,0,-0.589107,-0.187787,0.785932
0,0,-0.923289,-0.343427,0.172031
0,0,0.348631,-0.865848,0.358836
0,0,0.744288,-0.152183,0.650289
0,0,-0.23131,-0.800659,0.552667
0,0,0.730608,0.0338054,0.68196
0,0,-0.0680032,-0.786063,0.614395
0,0,-0.480829,0.496491,0.722703
0,0,-0.779098,0.626225,0.0291417
0,0,0.651334,0.722596,0.231558
0,0,-0.692149,0.682749,0.234061
0,0,-0.302896,-0.442999,0.843804
0,0,0.0877641,0.993999,0.0652921
0,0,-0.696655,-0.523926,0.490076
0,0,-0.750439,-0.268801,0.603811
0,0,0.464162,-0.764786,0.446829
0,0,-0.720607,-0.416524,0.554287
0,0,-0.901964,-0.391242,0.182729
0,0,0.927029,0.371502,0.0510195
0,0,-0.898175,0.436498,0.0524475
0,0,0.268742,0.174506,0.947273
0,0,0.808162,0.587332,0.04376
0,0,0.172137,-0.966192,0.19194
0,0,0.643109,-0.0329815,0.765064
0,0,0.420453,-0.803103,0.42219
0,0,0.244832,0.392588,0.886528
0,0,-0.343218,0.875322,0.340606
0,0,-0.772011,0.535519,0.342371
0,0,0.512914,0.477807,0.713175
0,0,0.491935,0.847126,0.200941
0,0,0.405921,0.89137,0.201713
0,0,-0.973115,0.0818201,0.215297
0,0,-0.459801,-0.391572,0.797029
0,0,0.770163,-0.63633,0.0439547
0,0,0.759388,-0.403486,0.51042
0,0,0.662509,0.622604,0.41647
0,0,0.931446,-0.0545486,0.359767
0,0,-0.656212,0.636887,0.404673
0,0,-0.131625,0.991299,0.00129569
0,0,-0.162223,-0.707614,0.687726
0,0,0.526589,0.848096,0.058626
0,0,0.29174,-0.878397,0.378558
0,0,-0.406062,0.194979,0.892803
0,0,-0.210821,0.302405,0.929573
0,0,-0.682301,-0.698086,0.217118
0,0,-0.580987,0.697057,0.420197
0,0,-0.0639329,-0.870313,0.488332
0,0,0.82637,0.254405,0.502385
0,0,-0.157605,-0.479916,0.863042
0,0,-0.561761,-0.246267,0.789796
0,0,-0.789532,-0.533014,0.304197
0,0,-0.702729,-0.659934,0.265818
0,0,0.709053,-0.673256,0.20969
0,0,0.379401,0.744503,0.549337
9.07166,13.2028,-0.421539,-0.101064,0.901161
0,0,0.235885,-0.352726,0.905507
0,0,0.891145,-0.444426,0.0913578
0,0,-0.0806153,0.983049,0.164667
0,0,0.832942,-0.507767,0.219957
0,0,-0.103569,-0.373158,0.921969
0,0,0.0614536,-0.988979,0.134699
0,0,0.884883,0.0603797,0.461884
0,0,-0.969572,0.244799,0.00210083
0,0,0.885545,0.173506,0.430936
0,0,-0.31907,-0.900424,0.295687
0,0,-0.551014,-0.647598,0.526309
0,0,0.2913,0.0830415,0.953021
0,0,-0.710095,0.556218,0.431725
0,0,0.207919,-0.279696,0.937305
0,0,0.943309,-0.253777,0.21393
0,0,0.999176,-0.0373194,0.0159254
0,0,0.248409,0.572384,0.781454
0,0,0.902133,-0.204895,0.379704
0,0,0.93323,-0.114903,0.340409
0,0,0.308409,0.911766,0.271231
0,0,-0.0417294,-0.711402,0.701546
0,0,0.729711,0.0747606,0.679656
0,0,0.606466,0.515308,0.605521
0,0,0.585383,-0.190001,0.788179
0,0,-0.695543,0.622055,0.359537
0,0,-0.405839,-0.831156,0.380098
0,0,0.555583,0.770478,0.312556
0,0,-0.200001,-0.357276,0.912334
0,0,0.563852,-0.310604,0.765243
0,0,0.822018,0.522536,0.226369
0,0,-0.656961,-0.426791,0.621492
0,0,-0.911431,-0.389419,0.132838
0,0,0.678951,0.200478,0.706282
0,0,-0.747145,-0.515585,0.41946
0,0,-0.512889,0.857213,0.046161
0,0,-0.454459,-0.888989,0.0562666
0,0,0.949535,-0.245686,0.194993
0,0,0.0675645,-0.743554,0.665254
0,0,-0.242539,-0.0503983,0.968832
0,0,-0.412675,0.486551,0.770044
0,0,-0.414849,0.537153,0.734416
0,0,-0.911615,0.316895,0.261792
0,0,0.0299515,0.394622,0.918355
0,0,-0.91974,0.0779026,0.384721
0,0,-0.655473,0.468945,0.591985
0,0,0.457381,0.40724,0.790543
0,0,0.941168,-0.28043,0.188578
0,0,0.615599,0.361465,0.700272
0,0,-0.269165,-0.563864,0.780774
0,0,0.426468,0.233123,0.873945
0,0,0.913681,-0.317689,0.253498
0,0,0.951461,0.285153,0.115796
0,0,-0.607444,-0.707296,0.361586
0,0,-0.818333,-0.261907,0.511601
0,0,0.155633,-0.979065,0.131185
0,0,0.0132859,-0.973497,0.228315
0,0,-0.479712,0.306599,0.822115
0,0,0.530871,-0.830254,0.169864
0,0,-0.138582,0.558462,0.817873
0,0,0.233478,-0.740209,0.630538
0,0,-0.370497,-0.358419,0.856894
0,0,0.162136,-0.30229,0.939326
0,0,0.621301,-0.426564,0.657288
0,0,0.856666,-0.0664808,0.51157
0,0,-0.231819,0.808929,0.540272
0,0,-0.900012,-0.0558884,0.432267
0,0,0.874785,0.400137,0.273205
0,0,0.610536,-0.600386,0.516511
0,0,-0.381987,0.528457,0.758168
0,0,-0.303398,-0.364889,0.880231
0,0,0.694424,-0.698934,0.171073
0,0,-0.395869,-0.876069,0.275303
0,0,-0.93682,-0.340203,0.0814287
0,0,-0.899222,0.410494,0.15131
0,0,-0.051938,0.479086,0.87623
0,0,-0.89003,0.445717,0.0958269
0,0,-0.0560995,-0.775757,0.628533
0,0,-0.959606,-0.121174,0.253917
0,0,-0.770412,-0.0100896,0.637466
0,0,-0.855131,-0.309648,0.415775
0,0,-0.758881,-0.381869,0.527518
0,0,0.978251,0.0696464,0.195384
0,0,0.597828,-0.680226,0.424139
0,0,0.254384,-0.816526,0.518242
0,0,-0.560741,0.651101,0.511505
0,0,0.606467,-0.649528,0.458596
0,0,0.824994,0.541845,0.160589
0,0,0.629294,-0.77681,0.0235692
0,0,0.264025,-0.438385,0.859133
0,0,0.589856,-0.628387,0.507148
0,0,0.673749,-0.659817,0.332722
0,0,0.683625,0.647391,0.336961
0,0,-0.171586,0.932015,0.319227
0,0,-0.387487,0.198414,0.90027
0,0,-0.970812,-0.031927,0.237708
0,0,-0.92835,-0.333815,0.163506
0,0,0.521131,0.720634,0.457285
0,0,0.528541,-0.340228,0.777746
0,0,-0.989612,-0.139032,0.0365877
0,0,0.757706,0.585477,0.288268
0,0,-0.327073,0.928708,0.174715
0,0,-0.0435414,0.549137,0.834598
0,0,-0.527659,-0.770167,0.358355
9.04303,13.7442,-0.222567,-0.806627,0.547555
0,0,-0.564922,0.780973,0.266354
0,0,-0.235679,0.922814,0.304746
0,0,0.513,0.0630554,0.856069
0,0,-0.717541,-0.0294328,0.695894
14.3748,22.0904,0.852121,-0.371115,0.369002
0,0,0.737146,-0.218452,0.639449
0,0,0.418453,-0.908053,0.0183533
0,0,0.552229,-0.631625,0.544144
0,0,-0.775531,-0.0502496,0.629307
0,0,0.166677,-0.881179,0.442428
0,0,0.443709,-0.510429,0.736604
0,0,-0.797726,-0.590289,0.123257
0,0,-0.916488,-0.273841,0.291652
0,0,-0.603493,-0.0691067,0.794368
0,0,-0.0668573,-0.990436,0.120692
0,0,-0.133581,-0.621269,0.772128
0,0,-0.178506,0.505256,0.844306
0,0,-0.671915,-0.23994,0.700685
0,0,-0.541554,-0.517739,0.662318
0,0,0.826226,0.267838,0.495593
0,0,0.172179,0.497302,0.850321
0,0,0.463241,-0.0245686,0.885892
0,0,-0.703895,0.710301,0.00215093
0,0,0.30336,0.885982,0.350725
0,0,0.371777,0.889567,0.265428
0,0,0.188934,-0.855531,0.482048
0,0,-0.345117,-0.764869,0.543939
0,0,0.842676,-0.530455,0.0922792
0,0,0.398801,0.45293,0.797378
0,0,-0.411072,0.79532,0.445517
13.6408,20.136,-0.185474,-0.254078,0.949233
0,0,-0.200238,-0.960505,0.193222
14.9712,20.7859,-0.146769,0.0989672,0.984207
0,0,0.262706,-0.661751,0.702191
0,0,-0.365814,0.925562,0.0975426
0,0,0.729675,-0.372524,0.573411
0,0,0.87296,0.268071,0.407527
0,0,0.942627,-0.00475016,0.333813
0,0,-0.175789,0.385326,0.905882
0,0,0.981115,-0.193308,0.00668091
0,0,-0.34029,0.693542,0.634982
0,0,-0.422178,0.256699,0.869409
0,0,0.439163,0.276073,0.854938
0,0,0.0793182,-0.981111,0.176435
0,0,0.934141,0.102523,0.341861
0,0,0.96804,0.116233,0.222235
0,0,0.281155,-0.474453,0.834174
0,0,0.12647,0.833526,0.53781
0,0,0.644225,-0.764053,0.0345946
5.09717,7.30911,0.443571,0.0958563,0.891098
0,0,-0.793901,-0.209308,0.570887
23.3951,34.6373,-0.251915,0.200138,0.946828
0,0,0.353495,-0.73211,0.582286
0,0,0.994979,-0.0504966,0.0864111
0,0,-0.394785,-0.908639,0.136087
0,0,0.538935,-0.597825,0.593426
0,0,-0.517653,-0.720851,0.460879
0,0,-0.56114,-0.00626645,0.827697
0,0,0.719942,0.47657,0.504544
0,0,0.399675,0.766555,0.502646
0,0,0.798918,-0.22344,0.558395
0,0,0.0109435,-0.98013,0.198054
0,0,-0.847665,-0.459341,0.265462
0,0,-0.490266,-0.25887,0.832241
0,0,-0.336358,0.755042,0.562828
0,0,0.347363,0.274833,0.896552
0,0,-0.971011,-0.222567,0.0871859
0,0,0.906639,-0.142029,0.397283
0,0,-0.955961,0.0930236,0.278361
0,0,0.891707,0.425548,0.15417
0,0,0.501758,0.0681668,0.862318
0,0,-0.522829,-0.374271,0.765879
0,0,0.917658,-0.21506,0.334144
0,0,-0.778387,-0.573696,0.254925
0,0,-0.600954,-0.796938,0.0611868
0,0,0.186665,-0.578356,0.794141
0,0,-0.536395,-0.781103,0.319623
0,0,-0.25195,-0.349034,0.902605
23.4253,34.0696,-0.824469,0.5656,0.0186562
0,0,0.852118,0.519076,0.0667388
0,0,-0.109972,0.949504,0.293852
0,0,-0.657117,0.266372,0.705155
0,0,0.204372,-0.681571,0.702633
0,0,-0.332743,-0.251376,0.908896
0,0,0.592457,0.243817,0.76782
0,0,-0.362826,-0.7846,0.502752
0,0,-0.296932,0.313986,0.901801
0,0,-0.0860731,0.378958,0.921402
0,0,0.546455,0.478234,0.687517
0,0,0.651586,-0.171085,0.73903
0,0,-0.754056,0.331878,0.566795
0,0,0.962065,0.22322,0.156854
24.5466,34.8667,0.627286,-0.0161651,0.778622
0,0,0.0713875,0.96918,0.235784
0,0,-0.777472,0.380473,0.500777
0,0,-0.979459,-0.162689,0.119133
0,0,0.382228,-0.749552,0.540439
0,0,-0.256208,-0.842938,0.473088
0,0,-0.256539,-0.871243,0.418478
0,0,0.739953,-0.543263,0.396654
0,0,-0.66681,0.290366,0.686332
0,0,-0.260364,-0.0157974,0.965381
0,0,-0.687822,-0.559346,0.462637
0,0,0.92101,-0.371992,0.115592
0,0,-0.753703,-0.512659,0.411232
0,0,0.635147,-0.751254,0.17946
0,0,-0.746299,0.589893,0.308325
0,0,-0.133095,0.981528,0.137437
0,0,-0.288625,-0.456618,0.841544
0,0,0.143051,-0.526941,0.837777
0,0,0.821061,-0.487176,0.29752
0,0,0.943215,-0.33078,0.0305087
0,0,-0.340366,-0.256716,0.904571
0,0,-0.338624,0.874539,0.347154
0,0,0.886095,0.147839,0.439293
0,0,-0.947606,-0.157656,0.277825
0,0,0.021562,-0.212334,0.976959
0,0,0.985659,-0.118946,0.119703
0,0,0.641636,0.713459,0.281565
0,0,-0.389408,0.447817,0.804874
0,0,-0.242143,0.694885,0.677127
0,0,0.220503,0.735112,0.641084
0,0,-0.995276,0.0642716,0.0727636
0,0,-0.700809,-0.358989,0.616436
0,0,0.555027,-0.831395,0.0269487
0,0,0.440963,0.813834,0.378453
0,0,0.39078,0.336664,0.856708
0,0,-0.907038,-0.307114,0.288033
0,0,0.19999,-0.755357,0.624052
0,0,-0.445862,0.41657,0.79226
0,0,-0.89638,0.427123,0.118611
0,0,-0.166783,-0.971903,0.166095
0,0,-0.63024,-0.77249,0.0778204
0,0,0.372161,0.880293,0.294247
0,0,0.208832,-0.614158,0.761052
0,0,-0.312098,-0.652579,0.69046
0,0,-0.521808,0.82566,0.214483
0,0,-0.67663,0.708451,0.200672
0,0,0.372984,-0.390656,0.841589
0,0,-0.890694,-0.0830363,0.446955
0,0,0.948684,0.265315,0.172065
0,0,-0.268766,-0.721077,0.638603
0,0,0.252581,0.438788,0.862362
0,0,-0.276243,0.692002,0.66695
0,0,-0.116608,0.953623,0.277498
0,0,0.46905,-0.45889,0.754594
0,0,-0.118788,0.968543,0.218663
0,0,-0.0754674,0.582652,0.80921
0,0,-0.0241388,-0.672926,0.739316
0,0,-0.749816,-0.31303,0.582913
0,0,-0.81973,0.12218,0.559566
0,0,-0.748732,0.516238,0.415812
0,0,-0.543437,0.816016,0.19696
0,0,0.365593,-0.417022,0.832126
0,0,0.852297,0.52055,0.0511634
0,0,-0.0733054,-0.374461,0.92434
0,0,0.0162175,-0.999082,0.0396577
0,0,-0.875572,-0.285817,0.389465
0,0,0.974253,-0.150762,0.167634
0,0,0.932334,-0.310607,0.18514
0,0,0.880015,0.162072,0.446437
0,0,0.679822,-0.113916,0.724475
0,0,0.365785,0.691938,0.622434
0,0,-0.000504482,-0.923276,0.384136
0,0,-0.687928,-0.131563,0.713755
0,0,-0.468834,-0.483399,0.73927
0,0,0.703621,0.521792,0.482339
0,0,-0.430893,0.900261,0.0621457
0,0,0.426236,0.633377,0.645876
0,0,-0.16907,-0.0125071,0.985525
0,0,-0.396975,0.875088,0.276823
0,0,-0.325244,0.629115,0.705996
0,0,0.576545,-0.799922,0.166497
0,0,0.868185,0.0728422,0.490865
0,0,0.807034,0.428163,0.406659
0,0,-0.183987,0.973111,0.138578
0,0,0.49358,-0.796603,0.349002
0,0,0.66857,-0.124014,0.733236
0,0,0.935652,0.338909,0.0984651
0,0,0.168867,-0.290509,0.941854
0,0,0.608597,-0.71496,0.344155
0,0,-0.103984,0.757031,0.645051
0,0,-0.384952,-0.202265,0.9005
0,0,0.368501,-0.585414,0.722148
0,0,-0.489784,-0.410914,0.768935
0,0,-0.763284,0.0179924,0.645813
0,0,-0.205094,-0.258899,0.943879
0,0,-0.677511,0.400779,0.61673
0,0,0.331963,0.147605,0.931672
0,0,0.603384,-0.64543,0.468345
0,0,0.768582,0.33413,0.545563
0,0,0.200704,-0.144196,0.968982
0,0,-0.790376,0.0406513,0.611272
0,0,0.781555,-0.166798,0.601124
0,0,-0.697957,0.0155294,0.715971
0,0,-0.943695,-0.311353,0.111798
0,0,0.171858,-0.734021,0.657022
0,0,-0.0998646,-0.880963,0.462527
0,0,-0.433461,-0.853734,0.288531
0,0,-0.183913,0.982794,0.0170867
0,0,0.305649,0.743589,0.594688
0,0,0.78875,0.567131,0.23714
0,0,0.0854748,-0.760981,0.643119
12.5381,17.0521,-0.38002,0.382138,0.842351
0,0,-0.58658,0.668912,0.456596
0,0,-0.331922,0.592622,0.733912
0,0,-0.361731,0.166953,0.917212
0,0,0.814764,-0.575827,0.0676948
0,0,0.0528641,0.377995,0.924297
0,0,0.374186,0.836598,0.40011
0,0,0.149922,0.632458,0.759947
0,0,0.46257,-0.365608,0.807688
0,0,-0.521169,-0.649789,0.553315
0,0,-0.732941,-0.61041,0.300327
0,0,0.62435,-0.770308,0.129662
0,0,0.0260776,-0.999285,0.0273758
0,0,0.806211,-0.501422,0.314007
0,0,0.578388,0.722685,0.37841
0,0,0.315902,0.689907,0.651333
0,0,-0.715253,-0.600419,0.357644
0,0,0.455273,-0.43848,0.774895
0,0,0.653624,-0.721769,0.227653
0,0,-0.128104,-0.958203,0.255804
0,0,-0.432,0.41537,0.800527
0,0,-0.386275,-0.560611,0.732467
0,0,-0.0584692,-0.928132,0.36763
0,0,-0.711711,-0.12656,0.690978
0,0,0.507871,-0.131326,0.851364
0,0,0.0811204,-0.766369,0.637258
0,0,-0.014217,0.814736,0.579658
0,0,-0.777376,0.12255,0.616983
0,0,-0.420468,-0.907229,0.0119477
0,0,0.658765,0.0545203,0.750371
0,0,-0.508896,-0.675652,0.533404
0,0,0.23144,-0.773215,0.590401
0,0,0.708412,0.609965,0.3551
0,0,0.707495,0.639059,0.301753
0,0,-0.126918,0.890238,0.437457
0,0,-0.340046,-0.755795,0.559592
0,0,-0.544964,-0.182942,0.818258
0,0,-0.413859,0.878186,0.239813
0,0,-0.445193,-0.835837,0.321215
0,0,-0.820083,-0.564947,0.0910959
0,0,-0.528699,0.309016,0.790561
0,0,-0.0255762,-0.985916,0.165273
0,0,0.214548,0.221642,0.951233
0,0,-0.155842,-0.0619628,0.985837
0,0,0.0919607,-0.974211,0.20605
0,0,-0.509019,0.291123,0.810029
0,0,0.232131,-0.603862,0.762539
0,0,-0.467003,0.426347,0.774685
0,0,-0.21531,-0.435793,0.873914
0,0,0.776647,0.573982,0.259544
0,0,-0.678882,0.711183,0.182587
0,0,0.501239,0.848856,0.167937
0,0,0.552616,-0.157484,0.818422
0,0,-0.412417,-0.509912,0.754918
0,0,0.492274,0.846127,0.20429
0,0,-0.139977,-0.913822,0.38123
0,0,0.53713,-0.464447,0.704117
0,0,-0.0824957,-0.966341,0.243679
0,0,-0.739032,-0.656233,0.15228
0,0,-0.436639,-0.206654,0.87558
0,0,-0.265246,0.592743,0.760461
0,0,0.524892,0.622748,0.580235
0,0,-0.549956,0.306566,0.776895
0,0,-0.362513,-0.0334485,0.931378
0,0,-0.704831,0.260144,0.659954
0,0,0.403023,-0.819646,0.407128
0,0,-0.385752,-0.519033,0.762758
0,0,0.930373,0.246476,0.271396
0,0,0.685216,0.127112,0.717162
0,0,-0.66648,-0.701058,0.253617
0,0,0.876492,-0.102023,0.470482
0,0,-0.250813,-0.771461,0.584757
0,0,0.917034,0.318737,0.239699
0,0,-0.206991,-0.594858,0.776723
0,0,-0.308163,-0.604452,0.734625
0,0,-0.405407,0.861738,0.305046
0,0,0.201149,0.900145,0.386366
0,0,-0.424424,-0.669772,0.609318
0,0,-0.159307,-0.643279,0.748875
0,0,0.759263,0.495843,0.421497
0,0,-0.996226,-0.0133764,0.0857609
0,0,0.424152,0.682184,0.595583
6.8161,9.8535,-0.332556,0.17372,0.926946
0,0,-0.461799,-0.62321,0.63115
0,0,0.886747,-0.461973,0.0161631
0,0,0.545009,0.836291,0.0598576
0,0,0.297769,0.185526,0.936437
0,0,-0.640196,-0.508974,0.575409
0,0,-0.622725,0.518741,0.585766
0,0,-0.801472,0.562569,0.202876
0,0,-0.819876,-0.234378,0.522369
0,0,0.944127,0.309131,0.114291
0,0,0.355742,0.493803,0.793477
0,0,-0.891003,0.134844,0.433509
0,0,0.299663,0.43545,0.848873
0,0,0.0646259,-0.895026,0.441307
0,0,-0.83591,-0.419177,0.354323
0,0,0.960464,0.200084,0.193586
0,0,-0.355146,0.065665,0.932502
0,0,-0.193184,0.92913,0.315274
0,0,0.511429,-0.621363,0.593589
0,0,-0.800598,-0.442031,0.404538
0,0,-0.887067,-0.378011,0.264992
0,0,0.48318,0.873069,0.0654761
0,0,-0.385873,-0.824154,0.414575
0,0,-0.728227,0.587849,0.352305
0,0,0.142273,0.20531,0.968301
0,0,-0.0607222,0.39262,0.917694
0,0,-0.861639,0.363951,0.353721
0,0,-0.290194,-0.643722,0.708103
0,0,-0.274613,0.33909,0.899781
0,0,0.410614,0.889879,0.198775
0,0,0.876433,-0.259264,0.405768
0,0,-0.405032,-0.577624,0.708731
0,0,-0.406896,-0.768743,0.493426
0,0,0.734369,0.547098,0.401729
0,0,-0.197672,-0.545561,0.814425
0,0,-0.429696,-0.574407,0.69672
0,0,0.639285,-0.739412,0.211151
0,0,-0.0880563,0.823607,0.560284
0,0,0.714508,-0.575543,0.397779
0,0,0.0325314,0.650606,0.758719
0,0,0.262174,-0.500762,0.824926
0,0,0.348912,-0.937066,0.0129154
0,0,0.320267,-0.810151,0.491004
0,0,-0.555502,0.817589,0.151546
0,0,0.627715,-0.0919996,0.772988
0,0,-0.916734,0.076989,0.392009
0,0,-0.0848044,-0.987982,0.129227
0,0,0.725627,-0.687957,0.0134414
0,0,-0.776281,0.361862,0.516182
0,0,0.372693,0.661155,0.651132
0,0,0.676806,0.116631,0.726864
0,0,-0.15148,0.132172,0.979584
0,0,0.264573,0.662209,0.701056
0,0,0.275175,0.726919,0.62918
0,0,-0.433029,-0.858944,0.273314
0,0,0.390471,-0.706642,0.590075
0,0,-0.622377,-0.575454,0.530566
0,0,0.881658,0.471387,0.0217591
0,0,-0.941135,0.0691075,0.330891
0,0,-0.0977887,0.130597,0.986601
0,0,-0.695427,-0.448939,0.561102
0,0,0.571253,-0.289861,0.767887
0,0,0.907987,-0.413548,0.0673606
0,0,0.350885,0.909733,0.221958
0,0,-0.42801,0.690424,0.5832
0,0,-0.897321,0.269614,0.34946
0,0,-0.203297,-0.525383,0.826222
0,0,-0.681841,-0.504987,0.529227
0,0,0.640341,0.2697,0.719184
0,0,-0.999774,0.0209715,0.00336788
0,0,0.65368,0.568818,0.499148
0,0,-0.995867,0.0221991,0.0880656
0,0,0.461386,0.552858,0.693881
0,0,0.58013,0.808395,0.0997382
0,0,-0.851837,0.151245,0.501496
0,0,0.961678,-0.0258062,0.272963
0,0,0.619505,0.303651,0.723885
0,0,-0.794533,0.390065,0.465368
0,0,-0.13881,0.833901,0.534173
0,0,0.0050601,0.0901999,0.995911
0,0,0.970876,0.230672,0.0647363
0,0,0.594276,-0.752189,0.284689
0,0,0.957572,0.100624,0.270056
0,0,-0.282359,-0.234919,0.9301
0,0,0.440108,0.373196,0.816719
0,0,0.0841356,-0.943228,0.321314
0,0,-0.960921,-0.241398,0.135494
0,0,0.798705,-0.278789,0.533242
0,0,-0.192042,-0.355689,0.914661
1.05757,1.78338,-0.25227,-0.0664125,0.965375
0,0,0.484134,0.556698,0.675057
0,0,-0.312489,-0.856883,0.410003
0,0,-0.0658511,-0.449588,0.890805
0,0,0.562843,-0.727346,0.392652
0,0,0.574238,-0.680244,0.455542
0,0,-0.404472,0.194316,0.893669
0,0,-0.631164,-0.0713932,0.772357
0,0,0.54484,-0.717117,0.434617
0,0,0.960781,0.264562,0.0831079
0,0,-0.509031,-0.821226,0.257828
0,0,-0.986521,0.159648,0.0359048
0,0,0.431948,-0.859018,0.274788
0,0,-0.739411,-0.0948807,0.666535
0,0,0.0311846,0.44069,0.897117
0,0,-0.572622,-0.123122,0.810522
0,0,-0.853542,-0.514571,0.081742
0,0,-0.326413,0.293784,0.898413
0,0,-0.554979,-0.578434,0.59784
6.72071,8.1531,-0.220093,0.000355754,0.975479
0,0,-0.00415667,-0.99852,0.0542318
0,0,-0.744603,0.275959,0.607793
0,0,0.415023,0.795138,0.442167
0,0,0.662446,0.377252,0.647183
0,0,-0.645033,-0.253115,0.721017
0,0,0.522733,-0.231479,0.820468
0,0,-0.931822,-0.328768,0.153685
0,0,0.411773,0.215099,0.885537
0,0,-0.418383,-0.897189,0.141452
0,0,0.989035,-0.142823,0.0375805
0,0,0.510132,0.668652,0.54099
0,0,-0.115016,0.431054,0.894966
0,0,0.825496,0.246972,0.507504
0,0,0.180116,-0.973982,0.137543
0,0,-0.110969,-0.840019,0.531088
0,0,0.967888,0.233862,0.0922079
0,0,0.99506,-0.0876668,0.0465752
0,0,0.0620096,0.725591,0.685327
0,0,-0.882071,-0.469763,0.0356822
0,0,0.5358,0.553482,0.637633
0,0,-0.674305,-0.738453,0.000255904
0,0,0.858033,0.0699265,0.508811
0,0,-0.74173,-0.648499,0.17113
0,0,0.534687,0.479431,0.695885
0,0,0.347736,0.361218,0.865217
0,0,-0.896523,-0.0830622,0.43514
0,0,0.843426,0.290029,0.452234
0,0,0.466602,0.28162,0.838435
0,0,-0.833231,-0.535636,0.137187
0,0,0.812925,0.526898,0.248055
0,0,0.798261,0.100049,0.593944
0,0,0.697891,0.171083,0.69547
0,0,0.286528,0.944308,0.161813
0,0,-0.0647808,0.475598,0.877274
0,0,0.321134,-0.799972,0.506871
0,0,0.154469,-0.787032,0.59726
0,0,-0.90932,-0.183858,0.373274
0,0,0.19893,-0.698596,0.687307
0,0,0.772102,0.196421,0.604382
0,0,0.437389,-0.898514,0.0369336
0,0,-0.704023,-0.469376,0.532953
0,0,0.870599,-0.0620001,0.488072
0,0,0.762982,0.310045,0.567213
0,0,0.507159,-0.428888,0.747559
0,0,-0.968658,0.225661,0.103818
0,0,0.961602,-0.030362,0.272765
0,0,-0.42227,-0.611086,0.669523
0,0,0.96233,0.0769668,0.260761
0,0,-0.156993,0.711667,0.684751
0,0,0.0876141,0.342229,0.935523
0,0,0.147184,0.510499,0.847188
0,0,-0.741933,-0.391243,0.544485
0,0,-0.244605,-0.52881,0.812729
0,0,-0.539168,0.54115,0.645333
0,0,-0.179637,0.909819,0.374112
0,0,-0.640303,-0.708228,0.297363
0,0,-0.993854,0.0669102,0.0881869
0,0,-0.525952,-0.286399,0.800843
0,0,-0.571422,0.808565,0.140355
0,0,-0.435881,0.131839,0.890295
0,0,0.299131,-0.888363,0.348328
0,0,-0.272646,-0.822199,0.499654
0,0,0.57069,-0.457862,0.681672
0,0,0.646383,-0.394659,0.653018
0,0,0.449601,-0.799841,0.397634
0,0,-0.189053,-0.608009,0.771093
0,0,0.35239,-0.879615,0.31953
0,0,-0.902387,-0.219463,0.370854
0,0,-0.787275,0.193453,0.585469
0,0,-0.652835,0.690435,0.311619
0,0,-0.863441,0.179429,0.471461
0,0,0.0371429,0.794339,0.606339
0,0,0.546627,0.714526,0.436635
0,0,0.395074,-0.128311,0.909645
0,0,-0.57144,0.789287,0.224681
0,0,0.559362,0.814717,0.152811
0,0,-0.244013,-0.0659307,0.967528
0,0,-0.398149,0.850794,0.342968
0,0,0.536027,-0.6286,0.563504
0,0,-0.876757,-0.457671,0.147766
0,0,-0.744102,-0.521444,0.417622
0,0,0.85396,0.060609,0.516796
0,0,0.509987,0.56178,0.651396
0,0,0.672231,0.5932,0.442967
0,0,0.139169,0.871077,0.471016
0,0,0.760628,-0.0893023,0.643016
0,0,0.766459,-0.33207,0.54979
0,0,0.246015,0.665111,0.705056
0,0,-0.0479049,-0.975684,0.213881
0,0,0.674409,-0.544401,0.498799
0,0,-0.282509,0.748769,0.599611
0,0,0.656482,-0.565806,0.498894
0,0,0.640762,0.45642,0.617336
0,0,-0.572788,0.395369,0.718051
0,0,0.228434,0.553564,0.800865
0,0,0.885531,0.14383,0.441755
0,0,-0.622929,0.780337,0.055082
0,0,-0.598462,-0.554732,0.578027
0,0,0.987297,-0.156738,0.0260386
0,0,-0.266065,0.928945,0.257431
0,0,0.998675,0.0243565,0.0453333
0,0,0.236685,-0.906468,0.349709
0,0,0.96003,-0.256345,0.112386
0,0,0.498815,0.572757,0.650487
0,0,0.468073,0.554183,0.688323
0,0,-0.103523,-0.374255,0.921529
0,0,0.286474,-0.187767,0.939508
0,0,-0.839427,0.391348,0.377108
0,0,-0.209782,0.405568,0.889666
0,0,0.635969,0.728655,0.254176
0,0,0.682603,-0.608358,0.404911
0,0,0.874043,-0.12778,0.468743
0,0,-0.922131,0.149354,0.356886
0,0,-0.851559,-0.477387,0.216677
0,0,0.390531,-0.229354,0.891562
0,0,0.152896,-0.968403,0.197026
0,0,0.816765,0.106865,0.566987
0,0,-0.248623,-0.340084,0.906934
0,0,0.00452089,0.0122323,0.999915
0,0,-0.889277,0.086143,0.449183
0,0,-0.15348,0.964721,0.21391
0,0,0.492179,-0.528765,0.691496
0,0,0.755222,0.458256,0.468658
0,0,0.370254,-0.850567,0.373427
15.0411,23.0327,0.745133,0.64957,0.151114
0,0,-0.497419,-0.159462,0.852729
0,0,-0.417323,-0.685308,0.59682
0,0,0.0918,0.549852,0.830202
0,0,-0.82157,0.0132903,0.569953
0,0,0.605813,0.728297,0.320273
0,0,-0.153842,0.00920549,0.988053
0,0,-0.411923,-0.760898,0.501352
0,0,0.480508,-0.842404,0.243861
0,0,-0.0670625,0.411616,0.908887
0,0,-0.152973,-0.984213,0.0890171
0,0,-0.415241,-0.239878,0.877515
0,0,0.223997,0.783474,0.57965
0,0,0.303754,0.0325638,0.952194
0,0,-0.73236,0.578301,0.359467
0,0,-0.792829,0.329242,0.512857
0,0,0.359291,-0.646181,0.67332
0,0,0.885976,-0.313411,0.341789
0,0,0.864406,-0.358429,0.352607
0.236367,0.369536,-0.145169,0.315809,0.937652
0,0,-0.640285,-0.767044,0.0409728
0,0,-0.598568,-0.59419,0.537266
0,0,0.142337,0.954691,0.261354
0,0,0.0732818,0.594148,0.80101
0,0,-0.709412,-0.435607,0.55406
0,0,-0.487394,-0.413873,0.768866
0,0,-0.638208,-0.646411,0.418143
0,0,-0.66069,-0.688104,0.300003
14.1555,20.9248,0.234343,0.850792,0.470358
0,0,-0.91632,0.282329,0.283985
0,0,-0.568837,-0.0082139,0.822409
0,0,-0.279217,0.335836,0.899584
0,0,0.719412,-0.64708,0.252455
0,0,0.585209,-0.559914,0.586538
0,0,-0.643813,0.726335,0.240711
0,0,-0.60504,0.790117,0.098187
0,0,0.428975,-0.0931681,0.898499
0,0,0.790431,0.40258,0.46168
20.9536,29.6486,-0.787153,0.424758,0.44718
0,0,0.980953,0.10653,0.162426
19.8573,29.6725,0.391073,-0.487289,-0.780776
0,0,0.709827,-0.666644,0.227443
0,0,0.314465,0.576119,0.754452
0,0,0.567089,-0.175417,0.80476
0,0,-0.189808,0.771684,0.607023
0,0,0.66695,-0.703942,0.24422
0,0,-0.68744,0.717163,0.114471
0,0,-0.714492,0.145733,0.684297
0,0,-0.0469769,-0.831666,0.553285
0,0,-0.191994,0.270119,0.94349
0,0,0.70184,-0.610905,0.366356
0,0,-0.341231,-0.878091,0.335436
0,0,0.475724,-0.827766,0.297473
0,0,0.335566,-0.205667,0.919291
0,0,-0.553279,-0.754575,0.352844
0,0,0.729464,-0.676534,0.100921
0,0,0.791204,-0.21024,0.574279
0,0,-0.26698,-0.941302,0.206573
0,0,0.865686,0.414409,0.280807
0,0,-0.784626,0.242099,0.570746
0,0,0.957769,0.243754,0.15252
0,0,0.432799,-0.187915,0.881688
0,0,-0.178343,-0.83427,0.521715
0,0,0.566367,0.307654,0.764577
0,0,-0.945478,-0.105914,0.307984
0,0,-0.392564,0.869284,0.300399
0,0,-0.414778,0.734126,0.537605
0,0,-0.414303,0.815904,0.403304
0,0,-0.292782,-0.938396,0.183552
8.8545,13.6806,-0.218568,-0.408322,0.886285
0,0,0.328174,0.658354,0.6774
0,0,-0.763861,-0.645357,0.00562137
0,0,-0.937593,0.210524,0.276765
0,0,0.372855,0.766653,0.522707
0,0,0.110813,-0.979938,0.165655
0,0,-0.815499,-0.103699,0.569392
0,0,-0.381125,0.284417,0.879688
0,0,-0.32563,0.926679,0.187699
0,0,0.482825,-0.817024,0.315202
0,0,0.897927,-0.421423,0.127004
0,0,0.850168,0.524546,0.0454611
0,0,0.934758,0.324755,0.14409
15.1325,21.8736,0.436008,0.620405,0.651916
0,0,0.66064,-0.0726399,0.74718
0.743124,1.15909,-0.333809,0.251752,0.908401
0,0,-0.948038,-0.312896,0.0576173
0,0,-0.357416,-0.829331,0.429492
0,0,0.550363,0.212067,0.807545
0,0,-0.94543,-0.24606,0.21358
0,0,0.895987,0.39533,0.202293
0,0,-0.0415565,0.918992,0.392079
0,0,-0.390857,-0.745292,0.540158
0,0,-0.777524,-0.0145952,0.628683
0,0,0.871752,0.478325,0.106083
0,0,0.425647,0.0882228,0.900579
0,0,0.154788,0.605121,0.780941
0,0,-0.658352,-0.243678,0.712175
0,0,-0.585345,0.805161,0.0953258
0,0,0.637356,0.218491,0.738944
0,0,-0.504594,0.253823,0.825202
0,0,-0.823008,0.472466,0.31533
0,0,-0.911383,-0.411358,0.0129088
0,0,-0.261694,-0.42363,0.86721
0,0,-0.386016,-0.77651,0.49802
0,0,0.165319,-0.558743,0.812697
0,0,0.499492,0.409399,0.763479
0,0,0.277353,-0.458551,0.844278
0,0,-0.627432,-0.778172,0.0278885
0,0,-0.445614,0.440583,0.779304
0,0,-0.976191,-0.133994,0.170575
0,0,0.0179562,0.480926,0.876578
0,0,0.568685,0.795942,0.207541
0,0,-0.353382,-0.881418,0.313408
0,0,-0.734476,0.468324,0.491139
0,0,0.162395,-0.986463,0.0227832
0,0,0.883534,0.272695,0.380796
0,0,-0.171009,0.26431,0.949156
0,0,-0.236335,0.73573,0.634702
0,0,-0.472399,-0.162588,0.866259
0,0,0.243316,-0.879521,0.40895
0,0,-0.498941,0.813741,0.298134
0,0,-0.984531,-0.110084,0.136306
0,0,0.509445,0.72654,0.461092
0,0,-0.838605,0.208293,0.503344
0,0,-0.8445,-0.533094,0.0512922
0,0,0.49006,-0.775797,0.397468
0,0,0.167078,0.748871,0.641309
0,0,-0.133207,-0.882873,0.450323
0,0,-0.95318,-0.0615977,0.296065
0,0,-0.161104,0.0412173,0.986076
0,0,0.371466,-0.111881,0.921681
0,0,-0.405585,0.145136,0.902461
0,0,-0.697696,0.276484,0.660891
0,0,0.00202057,-0.640824,0.767686
0,0,-0.896596,0.441113,0.0391686
0,0,-0.450683,-0.22487,0.863897
0,0,-0.271888,0.785585,0.555817
0,0,0.785075,0.126436,0.60636
0,0,0.737292,0.354127,0.575321
0,0,-0.998785,-0.00116485,0.0492587
0,0,0.170718,-0.670174,0.722303
0,0,-0.727242,0.685668,0.0312725
0,0,-0.564264,0.70962,0.421954
21.8035,29.2224,0.941503,0.103319,-0.320776
0,0,-0.257181,0.965602,0.0383597
21.2117,30.1476,0.13291,0.371366,0.918924
0,0,-0.379883,0.482612,0.789161
0,0,0.97078,-0.0134402,0.239593
0,0,0.455249,0.785896,0.418469
0,0,-0.314087,0.051289,0.948008
0,0,0.379805,0.762831,0.523294
0,0,-0.465844,-0.621093,0.630264
0,0,-0.139835,0.831456,0.537706
0,0,0.0899046,0.757792,0.646273
0,0,-0.377823,0.813883,0.441412
0,0,0.666343,0.664175,0.338908
0,0,-0.315855,0.581977,0.749358
0,0,-0.35245,0.0205349,0.935605
0,0,-0.464525,0.495016,0.734286
0,0,-0.573642,0.715626,0.398516
0,0,-0.122184,0.801661,0.585158
0,0,0.856828,-0.288066,0.427625
0,0,0.571974,0.570046,0.589825
0,0,-0.302502,-0.949265,0.085953
0,0,-0.492566,-0.567055,0.660172
0,0,0.147119,-0.988414,0.0373324
0,0,0.386886,-0.904836,0.177739
0,0,0.608908,0.0782256,0.789374
0,0,0.744017,-0.289465,0.602203
0,0,-0.748457,0.15834,0.644003
0,0,0.553778,-0.755523,0.350021
0,0,0.72902,-0.126901,0.672626
0,0,-0.609595,-0.402859,0.682714
0,0,-0.846741,-0.471623,0.246174
0,0,0.680188,0.429532,0.594008
0,0,-0.190648,-0.97415,0.121179
0,0,0.931572,0.0181493,0.363103
0,0,-0.762227,-0.172821,0.623813
0,0,-0.58613,-0.353888,0.728845
0,0,0.678538,-0.729894,0.0827104
0,0,0.690597,0.305275,0.655655
0,0,-0.250565,0.534023,0.807488
0,0,-0.722424,0.553339,0.414632
0,0,0.544034,-0.835932,0.0724207
0,0,-0.139601,0.463365,0.875103
16.3358,23.4774,-0.77014,0.111293,0.628091
0,0,0.244626,0.466163,0.850206
0,0,-0.812943,-0.573885,0.0988947
0,0,-0.681013,0.636171,0.36264
0,0,0.897541,-0.358587,0.256583
0,0,0.682203,-0.0300504,0.730545
0,0,-0.361664,0.882099,0.30183
0,0,0.319541,-0.871711,0.371502
0,0,0.78877,-0.0563846,0.612097
0,0,-0.785107,0.00760719,0.619313
0,0,-0.489444,0.855182,0.170613
0,0,-0.456343,0.11099,0.882854
0,0,-0.0427714,-0.961206,0.272495
0,0,0.83598,0.528468,0.147849
0,0,0.731052,-0.507897,0.455635
0,0,0.104994,-0.480713,0.87057
0,0,0.740144,-0.458846,0.491576
0,0,0.883703,0.0474624,0.465635
0,0,-0.776784,-0.544833,0.315854
11.199,12.3428,0.220184,0.0755389,0.972529
0,0,-0.486206,-0.758413,0.434066
0,0,-0.888351,0.296111,0.350929
0,0,-0.170045,0.776166,0.607167
0,0,-0.00548463,-0.848129,0.529761
0,0,0.358591,0.693324,0.625071
0,0,0.916563,-0.0833058,0.391118
0,0,-0.608043,-0.650437,0.45521
0,0,-0.945028,-0.242051,0.21985
0,0,-0.345891,0.713136,0.609751
0,0,-0.767535,-0.553327,0.323602
0,0,-0.744019,-0.63104,0.219599
0,0,0.66336,-0.622504,0.415262
0,0,0.479814,0.0649293,0.874965
21.8731,29.9597,0.0418177,0.803122,-0.594345
0,0,-0.740805,-0.316302,0.592588
0,0,-0.11685,0.583868,0.803395
0,0,-0.680969,0.545762,0.488288
0,0,-0.20365,0.553215,0.807762
23.5501,33.3371,0.22149,-0.956793,0.188388
0,0,-0.903764,0.314174,0.290699
0,0,-0.449861,-0.893098,0.00119679
0,0,-0.367327,-0.306446,0.878158
0,0,-0.868771,0.199885,0.453081
0,0,-0.590623,0.707516,0.388054
0,0,-0.451007,0.842969,0.29325
0,0,0.366463,0.54205,0.756232
0,0,0.117286,0.755747,0.644275
0,0,0.914086,0.0843175,0.396658
0,0,0.457587,-0.819528,0.344946
0,0,0.698704,-0.555645,0.450633
0,0,0.679785,0.242379,0.692203
0,0,0.0724931,-0.845626,0.52883
0,0,-0.547656,-0.234437,0.803188
0,0,0.849525,-0.369111,0.376913
0,0,-0.337488,-0.66119,0.670022
0,0,0.244232,0.953967,0.174063
0,0,0.0692094,-0.490364,0.868765
0,0,0.263116,-0.755756,0.599669
0,0,0.566684,0.812215,0.138473
3.31106,4.84588,0.386378,0.0470512,0.92114
0,0,0.875586,-0.361873,0.319994
0,0,-0.256071,0.436561,0.862463
0,0,0.907874,0.21463,0.360138
0,0,-0.937723,-0.0217423,0.346702
0,0,-0.130532,0.589856,0.796889
0,0,-0.618005,0.766977,0.172671
13.0753,19.2458,0.0122534,-0.91243,0.409049
0,0,0.979998,0.178791,0.0873899
0,0,-0.527696,-0.550452,0.646946
0,0,-0.571389,0.781073,0.251874
0,0,-0.614438,0.554255,0.561486
0,0,0.450196,-0.426971,0.784232
0,0,0.589109,0.564374,0.578302
0,0,-0.0512061,0.383891,0.921957
0,0,0.16897,0.978998,0.114067
0,0,-0.948858,-0.291623,0.12093
0,0,-0.958151,0.264823,0.108701
0,0,0.920404,-0.206505,0.331983
0,0,-0.509091,-0.78064,0.362529
0,0,0.472415,0.64996,0.595295
0,0,-0.229412,-0.780338,0.581759
0,0,0.404105,-0.688962,0.60169
0,0,0.943287,0.215497,0.252528
0,0,-0.395095,-0.759378,0.516956
0,0,0.236288,-0.250026,0.938965
0,0,-0.940799,-0.184084,0.284624
0,0,-0.933158,0.275096,0.231384
0,0,-0.22607,0.552669,0.802153
0,0,0.437067,-0.742527,0.507569
0,0,-0.253064,0.0663175,0.965174
0,0,-0.951936,0.177278,0.24978
0,0,-0.510574,-0.839855,0.184276
0,0,-0.654936,-0.747341,0.111985
0,0,0.911126,-0.345285,0.225006
0,0,-0.18317,-0.359441,0.915014
0,0,0.713,-0.643105,0.27937
0,0,-0.521309,-0.00234138,0.853365
0,0,-0.177707,-0.253948,0.950753
0,0,-0.932122,-0.22139,0.286591
0,0,-0.203842,0.0484319,0.977805
0,0,0.82933,-0.556442,0.050832
0,0,0.372332,-0.922541,0.101421
0,0,0.848875,0.413346,0.329479
0,0,-0.207631,0.740776,0.638859
0,0,-0.790982,-0.0223798,0.61143
0,0,-0.313845,-0.0519488,0.948052
0,0,0.8781,0.446778,0.171257
0,0,0.644928,0.0469872,0.762797
0,0,-0.406068,0.813859,0.415622
0,0,-0.651229,-0.674598,0.34759
0,0,-0.480388,-0.827943,0.289374
0,0,0.682977,-0.139802,0.716936
0,0,-0.841962,0.408596,0.352349
0,0,0.605531,0.443616,0.660709
0,0,-0.110304,-0.860303,0.497707
0,0,-0.485253,-0.108765,0.867583
0,0,0.859635,0.492146,0.137185
0,0,0.16406,0.821465,0.546149
0,0,-0.817091,0.214029,0.535307
0,0,-0.676173,0.536158,0.505297
0,0,-0.719793,-0.493335,0.488384
0,0,0.196349,0.913294,0.35685
0,0,0.486461,-0.021431,0.873439
0,0,-0.721529,-0.10137,0.684923
0,0,-0.661129,0.681251,0.314335
0,0,-0.070741,-0.835417,0.545045
0,0,-0.889367,0.0153888,0.456934
0,0,-0.413044,-0.0719547,0.907864
0,0,-0.351461,0.547861,0.75916
0,0,-0.946053,0.226513,0.231681
0,0,0.923646,0.268188,0.273778
0,0,-0.2503,0.615133,0.747637
0,0,0.371912,-0.926065,0.0639205
0,0,-0.714482,0.692191,0.101919
0,0,0.379395,0.144542,0.913875
0,0,-0.416384,0.854398,0.310851
0,0,-0.459861,-0.847047,0.26653
0,0,-0.892534,-0.0634741,0.446491
0,0,-0.765512,-0.610614,0.202837
0,0,0.480109,0.492087,0.726186
0,0,-0.55661,-0.692351,0.459168
0,0,-0.708556,-0.701215,0.0790352
0,0,-0.89462,-0.411406,0.174358
0,0,0.493216,0.858737,0.138957
0,0,-0.689003,-0.58245,0.431308
0,0,0.423112,-0.839365,0.341237
0,0,0.442958,-0.767434,0.463501
0,0,0.912579,-0.39999,0.0848987
0,0,-0.839301,0.448767,0.30689
0,0,0.0750371,-0.642941,0.762231
0,0,-0.112503,-0.885825,0.450174
0,0,-0.037524,-0.883126,0.467632
0,0,0.12816,-0.971851,0.197688
0,0,-0.483571,0.144761,0.863251
0,0,0.445931,-0.761356,0.470619
0,0,-0.482891,0.693751,0.534346
0,0,0.815597,-0.0760594,0.573599
0,0,-0.753931,0.639912,0.148663
0,0,0.163057,-0.47571,0.864357
0,0,0.240829,-0.643704,0.726393
0,0,0.925993,0.376985,0.0204798
0,0,-0.228089,-0.387195,0.893339
0,0,-0.725367,0.68327,0.0835743
0,0,0.135339,-0.847492,0.513264
0,0,0.0580002,0.0286591,0.997905
0,0,0.999679,-0.0252516,0.00188836
0,0,-0.934416,-0.353087,0.0468641
0,0,-0.0968116,0.989007,0.111771
0,0,0.0860077,-0.958643,0.271306
0,0,0.34199,-0.863581,0.370501
0,0,0.766589,0.0906269,0.635711
0,0,0.48096,0.869176,0.114941
0,0,-0.851576,0.482275,0.205499
0,0,0.593102,-0.805125,0.00205059
0,0,0.367181,0.892295,0.262655
8.84656,11.7702,0.195041,0.0420431,0.979894
0,0,-0.745872,-0.312484,0.588242
0,0,-0.189725,-0.933104,0.305485
0,0,0.350178,-0.68917,0.634366
0,0,0.348657,-0.334337,0.87559
0,0,0.787838,-0.0254442,0.615357
0,0,0.0166189,-0.710111,0.703893
0,0,-0.831904,0.306578,0.462543
0,0,-0.884614,-0.301271,0.35594
0,0,0.119679,0.300543,0.94623
0,0,0.182304,-0.893777,0.409791
0,0,0.00962835,-0.875505,0.483114
0,0,0.129376,-0.653872,0.745461
0,0,-0.946494,0.235395,0.220769
0,0,0.120552,-0.891609,0.436464
0,0,0.185418,-0.83438,0.519066
0,0,0.69734,-0.123595,0.706004
14.8276,21.8442,0.149949,-0.692216,0.705941
0,0,0.249061,0.819482,0.516156
0,0,-0.190283,0.945035,0.265897
0,0,0.710173,0.462482,0.530815
0,0,-0.191133,0.580198,0.791732
0,0,0.258293,0.959922,0.108784
0,0,0.84502,0.104141,0.524495
0,0,-0.648806,0.506146,0.568214
0,0,0.374496,-0.864065,0.33637
0,0,0.705955,-0.598566,0.378611
0,0,-0.542859,0.833016,0.106713
0,0,-0.803968,0.0561471,0.592016
0,0,-0.871081,-0.0481061,0.488777
0,0,-0.610902,-0.0648789,0.789044
0,0,0.412815,-0.820427,0.39558
0,0,-0.207489,0.88717,0.412161
0,0,0.542272,-0.651018,0.531147
0,0,0.863063,0.29343,0.411121
0,0,-0.0193109,0.999669,0.0170082
0,0,-0.543579,-0.187325,0.818188
0,0,-0.22781,0.970394,0.0802323
0,0,-0.868904,-0.166328,0.466199
0,0,0.233761,0.530897,0.814558
0,0,0.236927,0.774293,0.586802
0,0,0.228595,0.866549,0.443664
0,0,-0.584848,0.735662,0.341694
0,0,0.139478,0.670461,0.728717
0,0,0.665523,-0.513707,0.541464
0,0,-0.45054,0.875295,0.175706
0,0,0.915836,-0.304913,0.26129
0,0,0.95031,-0.309005,0.037763
0,0,-0.429782,0.497952,0.753214
0,0,0.490814,-0.275293,0.826629
0,0,0.390626,-0.0844259,0.91667
0,0,0.0470651,-0.762385,0.645409
0,0,0.824418,-0.547075,0.145067
0,0,0.999306,-0.0360721,0.00931426
0,0,0.75503,-0.293959,0.586103
0,0,0.421369,-0.446194,0.789531
0,0,-0.899809,0.181958,0.396529
0,0,0.0371405,0.793403,0.607562
0,0,0.594065,0.222032,0.773168
0,0,0.849589,-0.181772,0.495133
0,0,0.529585,-0.330393,0.781269
0,0,0.663013,-0.507781,0.550065
0,0,-0.397286,0.748637,0.53076
0,0,0.124536,0.870839,0.475531
0,0,-0.448092,0.847764,0.283742
0,0,0.290896,-0.901218,0.321224
0,0,0.63549,-0.767216,0.0867851
0,0,-0.617501,-0.785149,0.0472601
0,0,-0.349259,0.183279,0.918927
0,0,0.73951,0.373063,0.560312
0,0,-0.541032,0.563625,0.624188
0,0,-0.599565,0.563448,0.568374
0,0,-0.915043,-0.204562,0.347635
0,0,-0.188963,0.968927,0.159601
0,0,-0.0858316,0.945009,0.315579
0,0,-0.883013,0.0424426,0.467426
0,0,0.561543,-0.696181,0.447216
0,0,0.715701,0.51896,0.46739
0,0,0.143368,0.321881,0.935862
0,0,-0.724195,-0.673843,0.146552
0,0,0.834954,0.232031,0.499012
0,0,0.629755,-0.484576,0.607121
0,0,0.115943,0.256209,0.959643
0,0,-0.639432,0.154552,0.753153
2.21792,2.93816,-0.283694,-0.555012,0.781971
0,0,0.173747,0.857133,0.484907
0,0,0.63319,0.749912,0.191579
0,0,0.83697,0.47249,0.276108
0,0,-0.523475,0.284383,0.803182
0,0,0.759,-0.552191,0.34497
0,0,0.75508,0.615808,0.22502
0,0,-0.199975,-0.616988,0.761141
14.0258,20.7357,0.284318,0.0394393,0.957918
0,0,0.78444,0.608799,0.118396
0,0,0.829964,0.351847,0.432855
0,0,-0.548211,0.0208151,0.836081
0,0,0.662326,0.55576,0.502449
0,0,-0.344732,-0.113211,0.931849
0,0,-0.473263,-0.0890151,0.876412
0,0,0.404351,0.433452,0.805369
0,0,-0.134255,0.34713,0.928157
0,0,0.28237,-0.916313,0.283968
0,0,-0.0821999,0.189482,0.978437
0,0,-0.311296,0.781236,0.541077
0,0,-0.736601,-0.166167,0.655597
0,0,0.340703,0.060348,0.938232
11.575,17.138,0.720905,0.590795,-0.362294
0,0,0.614385,0.613023,0.496723
0,0,-0.130818,0.80114,0.584005
0,0,-0.0432402,-0.995555,0.0836648
0,0,0.640442,-0.661268,0.390588
0,0,0.692828,-0.708163,0.135996
0,0,-0.190775,0.735189,0.650463
0,0,0.317667,-0.271131,0.908612
0,0,-0.111799,0.912661,0.393129
0,0,-0.500506,0.840341,0.208135
0,0,-0.359298,-0.891849,0.274793
0,0,-0.142781,-0.871905,0.468397
0,0,0.84061,-0.00600557,0.541608
0,0,-0.357667,-0.480828,0.800549
0,0,0.344383,0.497082,0.796436
0,0,-0.887206,-0.44768,0.111573
0,0,0.584014,0.586662,0.561031
0,0,0.0108342,0.285902,0.958198
0,0,0.535294,-0.677953,0.503826
0,0,0.447473,0.357076,0.819917
0,0,0.135374,-0.982839,0.125302
0,0,0.934199,-0.0156062,0.356412
0,0,0.239184,-0.861981,0.446967
0,0,0.10835,0.985492,0.130633
0,0,0.781158,0.417139,0.464529
0,0,0.619066,-0.462987,0.63435
0,0,0.324511,-0.610367,0.722596
0,0,0.542965,0.799495,0.256898
0,0,-0.0218664,0.999427,0.0258387
0,0,0.723094,0.646514,0.243217
0,0,-0.345437,0.896849,0.276288
0,0,-0.634975,0.730899,0.250189
0,0,0.113459,-0.471996,0.874269
0,0,-0.750794,-0.0620712,0.657614
0,0,-0.729422,0.503675,0.462877
0,0,0.53,-0.171327,0.83051
0,0,0.239688,0.747146,0.619938
0,0,0.263144,-0.664834,0.699107
0,0,-0.285462,-0.947409,0.144667
0,0,-0.790459,0.499245,0.354864
0,0,-0.89187,0.446933,0.0694194
0,0,0.036394,-0.382657,0.923173
0,0,-0.650232,-0.554649,0.519195
0,0,0.171445,-0.962473,0.210361
0,0,-0.0288659,0.999093,0.0313022
0,0,0.663945,-0.543457,0.513645
0,0,0.696201,-0.161082,0.69954
0,0,-0.509071,0.536349,0.673184
0,0,0.732395,-0.327091,0.597167
0,0,-0.512688,0.857985,0.0318264
0,0,-0.276029,-0.960365,0.0388269
0,0,-0.25999,-0.899208,0.351896
0,0,-0.640479,0.713548,0.283963
0,0,0.3475,0.935745,0.0602153
0,0,-0.983229,-0.146175,0.109062
0,0,0.915205,0.229445,0.331292
0,0,0.992202,0.0969589,0.0783217
0,0,-0.103398,0.938976,0.328076
0,0,0.228701,0.852456,0.470122
0,0,0.730372,-0.681546,0.0452913
0,0,0.664318,0.604164,0.440077
0,0,-0.863985,-0.443439,0.23852
0,0,0.929351,-0.368166,0.0275643
0,0,0.0676432,0.400205,0.913926
0,0,0.402722,0.526195,0.748955
0,0,0.748876,0.409364,0.521158
0,0,-0.998548,-0.0526557,0.0113595
0,0,0.454053,-0.676911,0.579334
0,0,0.494579,-0.480222,0.724416
0,0,0.173096,-0.523659,0.834157
0,0,0.428954,0.474917,0.768408
0,0,-0.857312,0.514785,0.00352723
0,0,0.22331,0.585242,0.779503
0,0,0.499987,0.494764,0.710789
0,0,0.730122,0.683231,0.0108076
0,0,0.568226,0.805615,0.167644
0,0,-0.613634,0.318442,0.722529
0,0,0.150549,0.902769,0.402919
0,0,0.530138,0.403546,0.745724
0,0,0.696932,-0.64484,0.313795
0,0,-0.0948834,-0.604666,0.790807
0,0,-0.432024,-0.869493,0.239454
0,0,0.226206,-0.966571,0.12071
0,0,0.118654,-0.960602,0.251325
0,0,-0.189637,0.942969,0.273581
0,0,-0.800408,0.361406,0.478261
24.0481,34.7142,0.0989611,-0.372931,-0.922567
0,0,-0.532108,-0.542026,0.650437
0,0,-0.593516,-0.246795,0.766049
0,0,-0.889072,-0.416707,0.189487
0,0,0.126505,0.991863,0.0142719
0,0,0.763303,-0.631562,0.136003
0,0,0.827848,-0.44904,0.3362
0,0,0.579092,0.658887,0.480125
0,0,0.756329,0.653689,0.0256411
0,0,0.283948,-0.489622,0.824405
0,0,-0.748727,-0.199083,0.632277
0,0,-0.668244,0.430426,0.606781
0,0,0.888836,0.447849,0.0969651
0,0,-0.877933,0.443801,0.17965
0,0,0.849628,0.403207,0.339935
0,0,-0.610452,0.75328,0.24478
0,0,0.0946913,0.976385,0.194179
0,0,-0.0958392,0.815327,0.571014
0,0,0.857934,0.296721,0.41941
0,0,0.0544543,0.0613646,0.996629
0,0,-0.853347,-0.407183,0.325579
0,0,-0.404013,0.830735,0.382953
0,0,0.901987,-0.421895,0.091788
0,0,-0.492343,0.854379,0.16624
0,0,-0.135591,-0.883893,0.447602
0,0,-0.100686,0.422575,0.900718
0,0,-0.0109216,0.649521,0.760265
0,0,0.708617,-0.130512,0.693418
0,0,0.93739,-0.331085,0.108086
0,0,0.640924,-0.027177,0.767123
0,0,0.585986,-0.786093,0.196667
0,0,0.860001,-0.369853,0.351577
0,0,0.497979,-0.49342,0.713129
0,0,-0.632634,0.468267,0.616847
0,0,-0.343248,-0.801703,0.48934
0,0,0.444234,-0.20805,0.871419
0,0,0.783333,0.620104,0.0431333
0,0,-0.499488,-0.610567,0.614589
0,0,0.808347,-0.501917,0.30766
0,0,0.26816,0.707594,0.653759
0,0,-0.876087,-0.152908,0.457264
0,0,0.267864,0.757221,0.595705
0,0,0.797295,-0.380932,0.4682
0,0,-0.155262,-0.741725,0.652486
0,0,-0.51514,0.779867,0.355582
0,0,-0.544006,-0.396973,0.739236
0,0,-0.685485,0.307345,0.660037
0,0,-0.18811,0.796483,0.574656
0,0,0.703286,0.408269,0.581984
17.783,25.0309,0.633479,0.254412,0.730738
10.0538,14.7703,-0.609954,0.65689,0.443229
0,0,-0.236087,0.958248,0.161316
0,0,-0.0717362,0.534361,0.842207
0,0,0.91237,-0.313249,0.263546
0,0,-0.201991,0.91692,0.344177
23.1205,33.2735,0.222174,0.509591,0.831238
0,0,0.832193,-0.553022,0.0402744
0,0,0.764369,-0.129115,0.63172
0,0,-0.0604202,0.10551,0.992581
0,0,0.511455,0.805771,0.298576
0,0,0.999119,-0.03964,0.0138069
0,0,0.998091,0.0602093,0.0137536
0,0,0.878719,-0.161086,0.449337
0,0,0.149685,-0.981705,0.117686
0,0,0.977676,-0.183616,0.102154
0,0,0.85066,0.445976,0.278356
0,0,-0.391472,0.389817,0.833542
0,0,0.0555167,0.611484,0.789307
0,0,0.766461,0.254696,0.589634
0,0,0.748962,0.591897,0.297849
0,0,0.42688,0.180964,0.886016
0,0,0.492925,-0.193945,0.84818
0,0,-0.308751,-0.437944,0.844321
0,0,0.259252,-0.946823,0.190563
0,0,-0.214821,0.95205,0.217838
17.2364,25.0242,-0.286596,0.246566,0.92578
0,0,-0.718896,-0.650871,0.244041
0,0,-0.52445,0.204882,0.826423
0,0,0.980278,0.14595,0.133243
0,0,-0.880413,0.278389,0.383892
0,0,-0.656177,0.59059,0.469718
0,0,-0.37228,0.298179,0.878918
0,0,-0.27536,-0.309306,0.910223
0,0,0.990374,-0.0516422,0.12842
0,0,-0.145784,0.0368338,0.98863
0,0,-0.781912,-0.327829,0.530228
0,0,-0.301284,0.72975,0.613753
0,0,-0.261165,0.901549,0.344966
0,0,0.482074,0.513636,0.709777
0,0,-0.213267,0.6892,0.692474
0,0,0.672436,0.712081,0.201918
0,0,0.369174,-0.462793,0.805936
0,0,0.752382,0.120636,0.647587
0,0,-0.56083,0.191429,0.805497
0,0,0.360165,0.682028,0.636489
0,0,0.37087,0.363741,0.854487
0,0,0.554095,0.509362,0.658429
0,0,0.985413,0.136473,0.101667
0,0,-0.332931,-0.212799,0.918626
0,0,-0.536615,0.669397,0.513763
0,0,-0.342323,0.12386,0.931383
18.0191,24.9733,0.326593,-0.593716,0.735417
0,0,-0.761501,0.378776,0.525971
0,0,-0.00902324,0.650989,0.759034
17.7187,24.1818,0.255221,0.0996294,0.961736
0,0,-0.0304084,0.947423,0.318535
0,0,0.420622,-0.872539,0.248501
0,0,-0.779241,0.181736,0.599796
0,0,-0.705155,0.662079,0.253786
0,0,0.193967,-0.747044,0.635848
0,0,-0.431017,0.856593,0.283678
0,0,0.0570348,-0.410678,0.909995
0,0,0.459076,-0.535548,0.708828
0,0,0.567207,0.390449,0.725139
0,0,0.579764,-0.595563,0.556039
0,0,-0.614236,0.163953,0.771902
0,0,0.339812,-0.860044,0.380595
0,0,0.386863,0.777763,0.495401
0,0,-0.0650948,-0.681171,0.729225
0,0,0.942907,-0.326803,0.0642403
0,0,-0.136353,-0.960243,0.2436
0,0,-0.666227,-0.74206,0.0740841
0,0,0.765001,-0.327334,0.554641
0,0,-0.0178667,0.983195,0.181681
0,0,-0.408142,-0.449368,0.794663
0,0,0.455855,-0.0433601,0.888997
0,0,0.793517,-0.569027,0.215731
0,0,0.481696,-0.627761,0.611462
0,0,-0.864033,0.408423,0.294343
0,0,-0.805996,0.390843,0.444535
0,0,0.891139,0.2599,0.37192
0,0,-0.967256,0.2358,0.0938813
0,0,-0.839954,-0.539715,0.0564377
0,0,-0.882834,0.0177918,0.469348
0,0,-0.979736,-0.125036,0.15647
0,0,0.0612103,0.996698,0.0533584
0,0,-0.553419,0.104565,0.826314
0,0,-0.626454,-0.710104,0.321414
0,0,0.13552,-0.446848,0.884286
0,0,0.276955,-0.438697,0.854892
0,0,0.74628,-0.219649,0.628347
0,0,0.990198,-0.138273,0.0197125
0,0,-0.532268,0.58604,0.61094
0,0,0.784499,0.547393,0.291412
0,0,0.926596,-0.276298,0.255106
0,0,0.240946,-0.234744,0.941722
14.7224,22.2182,-0.855286,0.46913,0.220006
0,0,0.880551,0.179824,0.438513
0,0,-0.625435,0.638955,0.447847
0,0,-0.379827,-0.835056,0.398011
4.99492,7.9101,-0.123888,0.072368,0.989654
0,0,-0.553838,0.668032,0.496988
0,0,0.404726,0.491218,0.771299
0,0,-0.12235,0.905952,0.405317
0,0,-0.685165,0.599963,0.413028
0,0,-0.382119,-0.356331,0.852651
0,0,0.789952,-0.576326,0.209341
0,0,0.462944,0.801776,0.377938
0,0,0.830361,0.468668,0.301415
0,0,0.711655,-0.685933,0.151801
0,0,0.836252,-0.537795,0.107047
0,0,-0.316325,-0.839059,0.442628
0,0,0.412975,0.599354,0.68573
0,0,-0.595044,0.772773,0.220781
0,0,0.72094,0.0313096,0.69229
0,0,0.926387,-0.339367,0.163207
0,0,0.0796439,-0.939493,0.33318
0,0,-0.624596,0.19404,0.756458
0,0,0.286763,0.898378,0.332691
0,0,-0.343684,0.902033,0.261186
0,0,-0.0278235,-0.919691,0.391656
0,0,-0.933696,0.281945,0.220723
0,0,0.727396,0.412545,0.548363
0,0,0.735113,0.607503,0.300913
0,0,-0.641478,-0.729541,0.237224
0,0,0.998869,0.00956918,0.0465657
0,0,-0.627812,0.598849,0.497224
0,0,-0.81388,-0.51227,0.274188
0,0,0.823549,0.127858,0.552648
0,0,0.610442,0.0500906,0.790475
0,0,0.674517,0.614593,0.409026
0,0,-0.830895,0.487501,0.268248
0,0,-0.260871,0.600924,0.755537
0,0,0.288467,-0.954065,0.080915
0,0,-0.402768,0.303343,0.863574
0,0,0.179841,0.531201,0.827939
0,0,-0.621192,0.783658,0.000872915
0,0,0.537065,0.144465,0.831079
21.2071,28.7582,-0.134418,-0.121187,0.983487
0,0,0.659011,0.729883,0.181593
0,0,-0.943214,-0.255846,0.211875
0,0,-0.790272,-0.526446,0.313567
0,0,0.573086,0.780106,0.251012
0,0,-0.637004,-0.621756,0.455682
0,0,-0.472104,0.640102,0.606125
0,0,0.702599,-0.693974,0.157336
0,0,-0.957975,-0.0687609,0.27849
0,0,0.868656,0.417444,0.266791
0,0,0.449898,0.870815,0.198177
0,0,0.664146,0.456872,0.591758
0,0,-0.985843,0.160619,0.0481095
0,0,-0.012836,0.913116,0.407498
0,0,-0.737996,0.41115,0.535087
0,0,-0.608683,-0.114184,0.785154
0,0,-0.160818,0.656008,0.737421
0,0,-0.313666,-0.920811,0.231777
0,0,0.982472,-0.0650239,0.174703
0,0,0.431449,-0.291423,0.85377
0,0,-0.663964,-0.163504,0.72967
0,0,0.352506,-0.360413,0.863622
0,0,-0.477822,0.586879,0.653651
0,0,-0.529831,0.842188,0.0999923
5.1815,7.44285,0.82399,0.0379977,0.565329
0,0,0.00678931,-0.62043,0.784233
0,0,-0.74571,0.570596,0.344001
0,0,-0.0775537,0.956122,0.282519
0,0,0.290266,-0.526862,0.798851
0,0,0.683473,-0.289609,0.670068
0,0,0.00624428,0.115538,0.993283
0,0,-0.585219,0.743466,0.323694
0,0,0.907801,0.17746,0.380008
0,0,-0.187036,0.857556,0.479181
0,0,-0.77639,0.117384,0.619225
0,0,0.265259,0.100696,0.958905
0,0,-0.37996,-0.914658,0.137953
0,0,0.186574,0.962874,0.195101
0,0,0.505429,-0.618742,0.601415
0,0,-0.166473,0.875036,0.454532
0,0,-0.723165,0.685225,0.0865992
0,0,-0.51249,0.682337,0.521316
0,0,0.872984,0.208726,0.440831
0,0,0.531037,0.126638,0.837832
0,0,-0.743663,-0.26484,0.613861
0,0,0.17669,0.675606,0.715777
0,0,-0.91379,0.194492,0.356595
0,0,-0.671467,-0.000958462,0.741034
0,0,0.861706,-0.504184,0.0571086
0,0,0.8218,0.0949218,0.561814
0,0,0.601329,-0.581935,0.547499
0,0,-0.0404163,0.930761,0.363388
0,0,-0.143858,0.528153,0.836875
0,0,0.640931,-0.767155,0.0260966
0,0,0.157548,0.979242,0.127531
0,0,-0.51046,0.0121665,0.859815
0,0,0.815669,0.56741,0.112829
0,0,-0.103012,0.445801,0.889185
0,0,0.351625,-0.365016,0.862046
0,0,-0.110531,0.759829,0.640658
0,0,-0.0721402,-0.58599,0.807101
0,0,0.600142,0.204065,0.773425
0,0,-0.875369,0.435198,0.210549
0,0,-0.21869,-0.564694,0.795799
0,0,0.819368,0.566638,0.0869356
0,0,-0.79859,0.351221,0.488771
0,0,0.0206509,-0.632741,0.774088
0,0,0.116512,-0.934967,0.335055
0,0,-0.368357,-0.575524,0.730127
0,0,0.439119,-0.851604,0.286262
0,0,-0.931006,-0.134802,0.339201
0,0,0.929013,-0.293862,0.224902
0,0,0.168485,0.947867,0.270482
0,0,-0.361397,0.286629,0.887263
0,0,0.278232,0.788758,0.548131
0,0,0.930014,0.315069,0.189225
0,0,0.580097,0.132127,0.80376
0,0,-0.148497,0.896166,0.418134
0,0,0.477683,-0.326455,0.815626
0,0,0.934363,-0.253179,0.250732
0,0,0.720958,0.582043,0.376093
0,0,-0.1056,0.653308,0.749692
0,0,0.0589452,-0.986375,0.15359
0,0,-0.750962,0.100478,0.652657
0,0,-0.77595,0.388186,0.497205
0,0,0.210276,-0.717587,0.663968
0,0,-0.905512,0.194076,0.377337
0,0,0.117339,-0.398562,0.909604
0,0,0.0997646,0.971617,0.214494
0,0,0.925353,-0.37597,0.0486702
0,0,0.601972,-0.0463804,0.797169
0,0,-0.123272,0.519937,0.845263
0,0,-0.234094,-0.262772,0.936029
0,0,-0.358839,-0.933187,0.0199129
0,0,-0.634103,0.703037,0.32195
0,0,-0.152175,-0.962641,0.223976
0,0,-0.0759736,-0.924853,0.372659
0,0,0.896208,0.44267,0.0292224
0,0,0.0284287,-0.91331,0.406273
0,0,0.382654,-0.168733,0.908353
0,0,-0.486445,-0.766142,0.419997
0,0,0.613895,0.688208,0.386655
0,0,0.912859,-0.253027,0.320413
0,0,0.353968,-0.537751,0.7652
0,0,-0.525466,0.561397,0.639312
0,0,0.539702,-0.801723,0.256832
0,0,-0.0980293,-0.930016,0.354204
0,0,0.283019,0.874482,0.393931
0,0,0.226212,-0.479447,0.847914
0,0,0.0487963,0.970165,0.237485
0,0,-0.58748,0.434079,0.682966
0,0,0.577355,0.760815,0.296349
0,0,-0.276331,0.829524,0.485315
0,0,-0.888989,-0.349067,0.296396
0,0,-0.18492,0.00692758,0.982729
0,0,-0.00700515,-0.474035,0.880478
0,0,-0.898877,-0.435876,0.0450797
22.7647,31.4151,-0.777401,-0.0243269,0.628535
0,0,-0.696452,0.595619,0.40024
0,0,0.65514,-0.748407,0.103336
0,0,0.568677,0.423318,0.705272
0,0,0.420857,0.788479,0.448532
0,0,-0.866969,-0.170023,0.468463
0,0,0.747964,-0.537053,0.390031
0,0,-0.721785,-0.688115,0.0743205
0,0,0.56861,0.444593,0.692113
0,0,-0.5986,0.0537455,0.799243
0,0,-0.947338,0.130022,0.292653
0,0,0.562216,0.0564872,0.825059
0,0,-0.864778,-0.161051,0.475627
0,0,-0.802551,0.543127,0.246831
0,0,-0.776976,-0.629498,0.00633794
0,0,0.695877,-0.353638,0.625057
0,0,0.911073,-0.155934,0.381616
0,0,0.620637,-0.616155,0.484937
0,0,0.0927597,-0.963512,0.25108
0,0,0.13817,0.128484,0.982039
0,0,0.519279,0.811049,0.269349
0,0,-0.623424,0.781703,0.0168098
0,0,0.839011,0.386986,0.382495
0,0,0.884614,0.310992,0.347478
0,0,0.360563,-0.819205,0.445979
0,0,-0.581454,-0.81027,0.0733053
0,0,-0.653289,-0.686069,0.320193
0,0,0.176417,0.928624,0.326397
0,0,-0.228455,0.710967,0.665082
0,0,0.699016,0.573823,0.426736
0,0,-0.403361,0.23362,0.884716
0,0,-0.534213,-0.720828,0.441614
0,0,-0.37991,-0.572703,0.726415
0,0,0.359504,-0.00531144,0.933128
0,0,0.127538,0.971236,0.201083
0,0,0.187047,0.624642,0.758179
0,0,0.872374,-0.0140458,0.488636
0,0,-0.448375,0.884011,0.132227
0,0,0.720724,-0.441012,0.534851
0,0,-0.909302,-0.404418,0.0980613
0,0,-0.15274,0.68285,0.714414
0,0,-0.302528,-0.953013,0.0155753
0,0,-0.0897281,0.460691,0.883013
0,0,-0.406161,-0.913353,0.028625
0,0,-0.977488,-0.0302606,0.208811
0,0,-0.896084,0.229032,0.380235
0,0,0.656734,-0.472871,0.587446
0,0,-0.770455,0.193462,0.60743
0,0,-0.532979,0.660132,0.529301
0,0,0.944946,0.327028,0.0113761
0,0,-0.366212,0.452278,0.813224
0,0,-0.465878,-0.00029966,0.884849
0,0,0.999023,-0.0283778,0.0338801
0,0,-0.422282,0.40463,0.811143
0,0,-0.61423,0.118526,0.780175
0,0,0.138136,0.979018,0.149807
21.625,31.3337,0.785013,0.361553,0.503024
0,0,-0.274456,0.917558,0.287684
17.2642,24.7119,0.194473,-0.57275,0.796328
0,0,-0.887555,0.153257,0.434464
0,0,-0.143157,-0.568054,0.810445
0,0,-0.279354,-0.872498,0.400884
0,0,-0.731986,-0.63851,0.2377
0,0,-0.446591,0.0856419,0.89063
0,0,-0.364012,0.595744,0.71595
0,0,-0.441881,-0.60203,0.665058
0,0,-0.600272,0.71541,0.357578
0,0,0.35982,-0.345718,0.866608
0,0,0.0154921,-0.73616,0.676631
0,0,-0.779492,-0.242567,0.577541
0,0,0.896207,-0.432301,0.0996444
0,0,0.397696,0.270823,0.876637
0,0,0.923275,-0.371078,0.0993167
0,0,0.240258,0.494603,0.835251
0,0,0.384256,-0.0128839,0.923137
0,0,-0.152642,0.976859,0.149823
0,0,0.462527,-0.645669,0.607603
0,0,0.536702,0.170133,0.826442
0,0,0.67277,0.374051,0.638331
0,0,-0.243831,-0.879874,0.407882
0,0,0.0647608,-0.384647,0.920789
0,0,-0.891181,-0.453224,0.0195911
0,0,0.921979,-0.381169,0.0682947
0,0,-0.669068,-0.645353,0.368601
0,0,0.923643,0.245315,0.294455
0,0,-0.575016,-0.817401,0.0348079
7.18927,10.7242,0.34602,0.159553,0.924561
17.5964,25.9353,-0.0448368,0.453153,0.890304
0,0,0.399691,0.59903,0.693838
0,0,0.630097,0.744805,0.219641
0,0,-0.723735,-0.00909982,0.690018
0,0,0.731368,-0.647921,0.212836
0,0,-0.559234,0.48962,0.668976
0,0,-0.236965,-0.436902,0.867735
0,0,0.812045,0.412018,0.413308
0,0,-0.135973,0.567178,0.812294
0,0,0.0591046,-0.0312158,0.997764
0,0,-0.80178,-0.482117,0.353146
0,0,-0.417071,-0.547042,0.725808
0,0,-0.900259,0.296935,0.318376
0,0,-0.550783,-0.502382,0.666521
0,0,0.922258,0.006759,0.386516
0,0,-0.86659,0.270864,0.419111
0,0,0.524611,0.479577,0.703412
0,0,-0.734985,-0.391651,0.553541
0,0,-0.115039,-0.367385,0.922927
0,0,0.366358,0.793825,0.485411
0,0,-0.799914,0.587184,0.123901
0,0,-0.894753,0.439144,0.081049
0,0,-0.823217,-0.19691,0.532486
0,0,0.735594,-0.578354,0.352714
0,0,0.916334,-0.0674464,0.394693
0,0,-0.262372,0.649868,0.713324
0,0,-0.908608,-0.399189,0.122798
0,0,-0.68739,-0.676491,0.264301
0,0,-0.607534,-0.544299,0.578481
12.8229,17.0957,-0.324791,-0.62224,-0.712269
0,0,-0.514457,-0.617225,0.595287
0,0,-0.831161,-0.10201,0.546595
0,0,-0.196229,-0.876454,0.439684
0,0,-0.183878,-0.975308,0.122321
0,0,-0.410361,0.803073,0.432062
0,0,0.68583,0.70713,0.172063
0,0,-0.311375,-0.946396,0.0859056
0,0,0.191746,0.88234,0.429778
0,0,-0.724096,-0.63168,0.276887
0,0,-0.585623,-0.721367,0.369697
0,0,-0.0126735,0.700213,0.713821
0,0,-0.387348,-0.775207,0.499014
0,0,0.373833,0.203651,0.904862
0,0,0.624374,-0.159102,0.764751
0,0,-0.134256,-0.927279,0.34947
0,0,0.597176,0.322384,0.734472
19.993,28.07,0.261075,0.585124,0.767769
0,0,0.405409,0.581891,0.705015
0,0,0.52817,-0.456317,0.716109
0,0,-0.119132,-0.874594,0.469992
0,0,0.39797,-0.0468723,0.9162
0,0,-0.593221,-0.720281,0.35956
0,0,0.92071,-0.21055,0.328575
0,0,0.372631,-0.358671,0.855863
0,0,0.275808,-0.96114,0.0118111
0,0,0.67651,-0.362664,0.640944
0,0,0.55155,-0.0521056,0.832513
0,0,0.362549,0.878484,0.311166
0,0,-0.41381,0.142363,0.899163
0,0,0.847825,0.527252,0.0565491
0,0,-0.467126,-0.529135,0.708385
0,0,0.374396,-0.927254,0.00516181
0,0,-0.254352,-0.738719,0.624179
0,0,0.587466,0.729328,0.350663
0,0,-0.661758,0.0359585,0.748855
0,0,0.69304,0.578541,0.430099
0,0,0.774592,-0.362412,0.518328
0,0,0.39645,0.421498,0.815577
0,0,0.281015,-0.812896,0.510129
0,0,-0.836849,0.262597,0.48034
0,0,0.253527,-0.6925,0.675402
0,0,0.39026,-0.000337217,0.920704
0,0,0.253554,0.542455,0.800907
0,0,0.997351,0.0602414,0.0407755
0,0,0.717133,-0.480006,0.505286
0,0,0.222564,-0.577746,0.785286
0,0,0.00649917,-0.951775,0.306727
0,0,-0.207139,-0.75442,0.622852
0,0,-0.870908,-0.48953,0.0433466
0,0,0.536256,0.64065,0.549543
0,0,0.971753,-0.080185,0.221962
0,0,-0.549035,-0.790813,0.270509
0,0,0.889835,0.447934,0.0868806
0,0,0.0350221,0.768417,0.63899
0,0,-0.234511,0.264368,0.935475
0,0,0.554824,-0.383899,0.7381
0,0,-0.0653707,0.620829,0.781216
0,0,0.810406,-0.36406,0.459023
0,0,-0.129905,0.748299,0.650518
0,0,-0.58333,0.806571,0.0957529
0,0,-0.122675,0.952598,0.278402
0,0,0.877333,-0.426464,0.220035
0,0,-0.638971,-0.756535,0.139181
0,0,0.457603,-0.796602,0.395
0,0,-0.31386,0.633593,0.707144
0,0,-0.506176,0.313911,0.803272
0,0,-0.964014,0.21279,0.159366
12.7817,20.0557,0.0999164,0.0224528,0.994742
0,0,-0.472934,0.205139,0.856884
2.7887,3.79093,0.036498,0.572673,0.818971
20.2883,29.4216,-0.281212,-0.356956,0.890788
0,0,0.305299,-0.44617,0.841264
0,0,0.934877,-0.352839,0.0388583
0,0,-0.98431,0.0770775,0.158724
0,0,0.350306,-0.748972,0.562429
0,0,-0.697111,0.707607,0.115454
0,0,-0.499056,0.800755,0.331262
0,0,0.632497,0.515853,0.577792
0,0,0.0949633,-0.491812,0.865507
0,0,0.926523,-0.0902826,0.365245
0,0,0.831592,0.517204,0.202372
0,0,0.563352,-0.818569,0.112157
18.8061,27.4161,-0.198053,-0.221289,0.954885
0,0,0.0472963,0.978583,0.200346
0,0,-0.367685,0.909457,0.194156
0,0,0.176992,0.959072,0.22103
0,0,-0.702641,-0.18154,0.687996
0,0,-0.408281,-0.908689,0.0871302
0,0,-0.914922,-0.193279,0.354345
0,0,-0.421841,-0.502624,0.754598
0,0,0.245207,0.969409,0.0109315
0,0,-0.339562,-0.890866,0.301755
0,0,0.442274,0.449143,0.776315
14.6829,20.6892,0.451896,0.734434,0.506357
0,0,0.400263,-0.7717,0.494235
0,0,0.967723,0.193882,0.161002
0,0,-0.502409,-0.819928,0.274414
0,0,0.85045,-0.525731,0.0184683
0,0,-0.012374,0.992692,0.120038
0,0,-0.159846,0.519433,0.839427
0,0,-0.196094,-0.231098,0.952964
0,0,-0.57068,0.775016,0.271429
0,0,-0.0835987,-0.910922,0.40402
0,0,-0.502839,-0.678808,0.535138
0,0,-0.358155,-0.900406,0.24697
0,0,0.922073,-0.37522,0.0948236
0,0,-0.421139,-0.185056,0.887917
0,0,0.883829,0.44216,0.15278
0,0,-0.433308,0.867821,0.243169
0,0,-0.553385,-0.186279,0.811829
0,0,-0.78228,0.606545,0.141922
0,0,-0.687163,-0.338679,0.642731
0,0,-0.46824,0.576511,0.669616
0,0,0.587737,0.210288,0.781245
0,0,-0.683026,0.379628,0.623986
0,0,0.721812,0.0794855,0.68751
0,0,-0.335747,0.888761,0.312056
0,0,0.507768,0.751652,0.420941
0,0,-0.0995803,0.427069,0.898719
0,0,-0.0698956,0.235821,0.96928
0,0,-0.35048,-0.723693,0.594502
0,0,-0.922891,-0.282801,0.261335
0,0,-0.942749,0.312165,0.117377
0,0,-0.206916,-0.327094,0.92206
0,0,0.312653,-0.213116,0.925651
0,0,0.605678,0.042282,0.794586
0,0,-0.904301,0.423124,0.056628
0,0,-0.419601,0.771971,0.477489
0,0,0.932286,-0.149936,0.329185
0,0,-0.323547,0.0590251,0.944369
0,0,-0.864711,0.233871,0.444499
0,0,0.732906,0.095068,0.673654
0,0,-0.0247632,-0.383893,0.923046
0,0,-0.499857,0.366333,0.78482
0,0,0.95827,-0.265482,0.106013
0,0,-0.470692,0.8822,0.0131343
0,0,-0.689147,0.620236,0.374679
0,0,0.994935,0.0459342,0.0894108
0,0,-0.427695,0.648426,0.629779
0,0,0.355892,-0.329674,0.874446
0,0,0.0942071,0.767926,0.633573
0,0,-0.915451,0.109856,0.387146
0,0,-0.0322505,-0.342245,0.939057
0,0,0.50767,0.142748,0.849643
0,0,-0.908067,0.257502,0.330313
0,0,0.360516,-0.932385,0.0262085
20.1397,26.5374,-0.103153,-0.213085,0.971573
0,0,-0.216471,0.906173,0.363305
0,0,0.473336,0.317807,0.821555
0,0,-0.0492929,0.606928,0.793227
0,0,0.444058,-0.758957,0.476232
0,0,0.15909,0.886769,0.433972
0,0,-0.458129,0.435177,0.775073
0,0,0.0902348,-0.831313,0.548432
0,0,-0.421987,-0.275845,0.863618
0,0,-0.727875,-0.0166574,0.685508
0,0,0.343774,-0.682653,0.644829
0,0,0.228791,0.928517,0.292421
0,0,-0.0293876,-0.991431,0.127281
0,0,-0.83315,-0.330385,0.443517
0,0,-0.53285,0.710831,0.459119
0,0,0.950322,-0.288258,0.117454
0,0,-0.537838,0.264966,0.800327
0,0,-0.422896,-0.366153,0.828909
0,0,-0.334701,-0.151542,0.930059
0,0,-0.416511,0.78673,0.455603
0,0,-0.940947,-0.33455,0.0519134
0,0,0.423948,-0.599079,0.679244
0,0,-0.0320921,0.99758,0.0616786
0,0,-0.0735177,-0.212813,0.974323
0,0,0.661801,0.20124,0.722164
0,0,0.644181,-0.0410374,0.763771
0,0,0.233074,-0.530993,0.814692
0,0,0.292876,-0.168501,0.941186
0,0,0.533245,0.0484118,0.844575
0,0,0.794187,-0.592749,0.133849
0,0,0.910479,0.358035,0.206976
10.777,15.9631,0.541878,-0.592671,0.595911
0,0,0.00586999,0.199681,0.979843
0,0,-0.69626,-0.700917,0.154717
0,0,0.473143,-0.260407,0.84162
0,0,-0.931416,-0.360017,0.053404
0,0,0.851084,0.523466,0.0404938
0,0,0.0650241,-0.902871,0.424966
0,0,0.469039,-0.135777,0.872678
0,0,0.270839,0.134411,0.953195
0,0,0.777717,0.577729,0.24776
0,0,-0.286542,0.365137,0.885759
0,0,0.746679,-0.0950814,0.658354
0,0,0.0720002,0.313117,0.946981
0,0,0.482454,0.861963,0.155749
0,0,0.671934,-0.548092,0.498097
0,0,-0.347229,0.577239,0.739072
0,0,-0.0549493,-0.990341,0.127298
0,0,-0.868194,-0.43621,0.236557
0,0,-0.113417,-0.992053,0.0544683
0,0,-0.91648,0.125471,0.379896
0,0,0.327488,0.488477,0.808791
0,0,0.766949,0.270867,0.581739
0,0,0.537608,-0.12489,0.833895
0,0,-0.399997,-0.304684,0.86439
0,0,0.604908,0.618057,0.502088
0,0,-0.277586,0.579456,0.766275
0,0,0.0843659,0.604098,0.792431
0,0,0.963701,0.260265,0.0595138
0,0,-0.638544,0.55362,0.534571
0,0,0.161645,-0.224562,0.960959
0,0,0.776778,0.260196,0.573511
0,0,0.420056,0.745361,0.517677
0,0,-0.476944,0.40211,0.781557
0,0,-0.377699,-0.827475,0.415486
0,0,-0.435837,0.864249,0.251235
0,0,0.885733,0.398116,0.238706
0,0,-0.713178,0.564927,0.415012
0,0,-0.226642,0.559402,0.79731
0,0,0.272308,-0.645679,0.713406
0,0,0.56845,0.822622,0.0125649
0,0,0.935955,-0.313306,0.16071
0,0,-0.0486859,-0.806178,0.589666
0,0,0.727554,0.423446,0.539776
0,0,-0.353463,0.489794,0.796973
0,0,0.114422,-0.962346,0.246573
0,0,-0.402905,0.114299,0.908077
0,0,-0.994587,-0.0931065,0.0461188
0,0,-0.184735,-0.501312,0.845316
0,0,0.201379,-0.456518,0.866624
0,0,0.845075,-0.532376,0.0492408
0,0,-0.821703,-0.494117,0.283994
0,0,-0.208343,-0.531896,0.82078
0,0,-0.104559,-0.449241,0.887271
0,0,-0.707681,-0.618925,0.340764
0,0,0.898021,0.435424,0.0629625
0,0,0.936464,0.298466,0.184265
0,0,-0.239334,0.703695,0.668979
0,0,-0.134201,0.683907,0.71712
0,0,0.404166,0.902564,0.148418
0,0,0.592225,-0.504213,0.628521
0,0,0.0935131,0.995082,0.0326533
0,0,0.475301,0.869884,0.13187
0,0,-0.91443,-0.343634,0.213854
0,0,0.429549,0.32915,0.840921
0,0,0.28297,-0.22112,0.933292
0,0,0.938542,-0.319457,0.130713
0,0,0.146148,-0.228273,0.962565
0,0,0.0357382,-0.991095,0.128273
0,0,0.0521424,-0.507197,0.860251
0,0,0.500429,0.597649,0.626407
0,0,0.957352,0.226692,0.179133
0,0,0.547444,-0.326457,0.770539
0,0,0.446879,-0.710322,0.543821
0,0,-0.994944,0.0992241,0.0154953
0,0,0.970965,-0.237911,0.0249874
0,0,0.229694,0.385574,0.893629
0,0,0.180051,-0.774814,0.606008
0,0,0.107559,0.429148,0.896807
0,0,0.389498,-0.920919,0.0141537
0,0,0.975893,-0.215561,0.0341631
0,0,0.83402,0.48073,0.270757
0,0,0.720703,0.693214,0.00646838
0,0,-0.407765,0.785674,0.465236
0,0,0.630998,-0.660008,0.407714
0,0,0.663307,-0.74422,0.0784815
0,0,0.330708,-0.266565,0.905304
0,0,0.331453,0.884135,0.32931
0,0,-0.0513817,-0.975718,0.212918
0,0,-0.25712,0.733957,0.628647
0,0,0.358003,-0.916094,0.180569
0,0,-0.991017,-0.119371,0.060291
0,0,-0.0114392,0.613963,0.789252
0,0,0.161898,0.983599,0.0795125
0,0,0.623324,0.61918,0.477581
0,0,-0.226741,-0.858361,0.460222
0,0,0.327418,-0.922934,0.202462
0,0,0.457664,0.664693,0.590531
6.9736,10.7052,-0.739524,-0.669719,0.0676818
0,0,0.890473,0.349775,0.29106
0,0,0.899819,0.24048,0.363999
0,0,-0.122569,-0.576304,0.807992
0,0,0.401658,0.870479,0.284496
0,0,0.722121,-0.672271,0.163071
0,0,0.566313,0.771724,0.289364
0,0,-0.995199,0.0203106,0.0957437
0,0,0.295441,-0.560301,0.773807
0,0,0.892162,0.161727,0.421772
0,0,-0.28372,0.924997,0.252751
0,0,-0.0833986,-0.995336,0.0484865
0,0,-0.252015,0.800473,0.543812
0,0,0.369515,-0.921347,0.12074
0,0,0.537446,-0.639571,0.549636
0,0,-0.519094,0.2476,0.818068
0,0,-0.549396,-0.303804,0.778375
0,0,-0.290089,0.759326,0.582471
0,0,0.816137,0.152519,0.557368
0,0,-0.317008,-0.669517,0.671754
0,0,0.0637795,0.282221,0.957227
0,0,0.923566,0.196292,0.329385
0,0,-0.414163,-0.861855,0.292703
0,0,-0.753153,0.0353152,0.656897
0,0,0.888552,0.0761448,0.452412
0,0,0.437433,-0.0370201,0.898489
0,0,-0.511099,0.365832,0.777782
0,0,0.287134,0.318523,0.903381
0,0,0.930628,-0.0138081,0.365705
0,0,0.0673479,-0.474939,0.877438
0,0,-0.114953,-0.992531,0.0408361
0,0,0.147531,0.634982,0.758309
15.9829,24.3084,-0.688928,-0.579452,0.435447
0,0,-0.795094,0.125066,0.593451
0,0,-0.172235,0.817788,0.549143
0,0,0.361236,0.742839,0.563648
0,0,0.290654,0.534587,0.79356
0,0,-0.584334,0.530743,0.613894
0,0,0.594843,0.777664,0.203468
0,0,0.81987,0.0408195,0.571093
0,0,0.33499,0.914868,0.225385
0,0,-0.437501,0.774223,0.457354
0,0,0.838542,0.544212,0.0260836
0,0,0.243587,-0.391715,0.887257
0,0,-0.190138,0.888043,0.418602
0,0,-0.717982,0.693287,0.0620889
0,0,0.956219,0.0142824,0.292304
0,0,-0.616291,0.264241,0.741864
0,0,-0.0368357,-0.684478,0.728103
0,0,-0.664109,-0.643373,0.380829
0,0,-0.529124,0.10578,0.841925
0,0,-0.924271,-0.134233,0.357358
0,0,0.0360403,-0.208108,0.977442
0,0,-0.849225,-0.119177,0.514406
0,0,0.923957,0.337281,0.180402
0,0,-0.173649,-0.876482,0.449027
0,0,0.213985,0.882282,0.419272
0,0,-0.52766,0.615578,0.585354
0,0,-0.0392206,-0.999147,0.0128871
0,0,0.865466,0.338753,0.369074
0,0,0.210926,0.839546,0.500672
0,0,0.786301,-0.0282048,0.617199
0,0,-0.584634,-0.808851,0.0629627
0,0,-0.616851,0.728082,0.298984
0,0,0.900089,-0.391172,0.191894
17.3963,23.8385,0.360263,0.104328,0.926998
0,0,0.459255,0.786356,0.413193
4.57686,6.45602,0.207251,0.255498,0.944334
0,0,-0.378232,-0.0050005,0.925697
0,0,0.575246,0.664708,0.476714
0,0,0.933603,0.124455,0.336
0,0,0.205248,-0.380687,0.901638
0,0,-0.0654207,0.535458,0.842024
0,0,-0.426522,-0.631524,0.6475
0,0,-0.719563,-0.272311,0.638808
0,0,0.517844,-0.841005,0.156681
0,0,0.214001,0.94265,0.256153
0,0,-0.471777,-0.774887,0.420687
0,0,0.392858,0.885243,0.249012
0,0,-0.668107,-0.742008,0.0552953
0,0,0.118035,0.855848,0.503578
0,0,-0.474583,0.525906,0.705828
0,0,-0.999972,0.00265811,0.00698285
0,0,0.331752,-0.715328,0.615018
0,0,0.172776,0.971217,0.163967
0,0,0.295902,-0.889545,0.348068
0,0,-0.41963,-0.176852,0.8903
0,0,0.593584,0.638966,0.489265
0,0,-0.667937,0.196195,0.717891
0,0,0.565536,-0.557758,0.607515
0,0,-0.909691,-0.189102,0.369733
0,0,0.821882,-0.452539,0.346003
0,0,0.661214,-0.327759,0.674811
11.7451,15.0437,-0.78485,0.476242,0.396489
0,0,-0.435486,-0.242206,0.867
0,0,-0.477473,0.458177,0.749729
0,0,-0.620826,-0.023664,0.783591
0,0,-0.279577,0.86151,0.423837
0,0,-0.44431,-0.883645,0.147512
0,0,0.712677,-0.330569,0.618721
0,0,0.955094,-0.146655,0.257463
0,0,-0.0537055,0.966953,0.249233
0,0,0.838665,0.495308,0.226521
0,0,-0.938836,-0.295596,0.176661
0,0,0.990868,-0.0615525,0.119965
0,0,-0.67088,-0.0145827,0.741422
0,0,-0.671924,-0.549268,0.496813
0,0,0.226855,0.829127,0.510964
0,0,0.343294,-0.497407,0.796703
0,0,-0.0462802,-0.463468,0.884904
0,0,0.506817,0.636453,0.581433
0,0,-0.873543,-0.419338,0.24714
0,0,0.168709,-0.985635,0.00773975
0,0,0.0721576,0.516299,0.853363
0,0,0.973691,-0.17563,0.145188
0,0,-0.502761,-0.862573,0.0565658
0,0,-0.954293,-0.0353862,0.29677
0,0,0.329531,-0.903178,0.275097
0,0,-0.138948,-0.665784,0.733092
0,0,-0.727618,0.304728,0.614584
0,0,0.574521,-0.147772,0.80504
0,0,0.181916,-0.947435,0.263198
0,0,0.715959,-0.337534,0.611125
0,0,-0.0877726,-0.976989,0.194392
0,0,0.0766378,0.904688,0.419125
0,0,0.959307,0.2644,0.0991114
0,0,-0.651104,-0.610564,0.45086
0,0,0.228464,-0.525846,0.819323
0,0,-0.270348,0.951961,0.143813
0,0,-0.848891,-0.505483,0.154504
0,0,-0.398578,-0.772131,0.494923
0,0,-0.209017,0.97789,0.00656293
0,0,-0.701962,0.515159,0.491793
0,0,-0.022895,-0.809547,0.586608
0,0,0.158356,0.0365893,0.986704
0,0,-0.381583,0.470528,0.795612
0,0,0.675683,0.424458,0.602733
0,0,0.19257,-0.0628538,0.979268
0,0,-0.026432,0.381669,0.923921
0,0,0.752997,0.643052,0.139568
0,0,-0.236679,-0.200635,0.950646
0,0,-0.55096,-0.0844046,0.830252
0,0,-0.0249949,-0.0229587,0.999424
0,0,0.19338,0.485761,0.852432
0,0,0.242712,-0.497155,0.833023
0,0,0.285261,0.382735,0.878715
0,0,-0.779406,-0.624537,0.0497888
0,0,0.639211,-0.702582,0.31271
18.0873,26.6478,0.570331,-0.286653,0.769775
0,0,-0.93386,-0.332171,0.132543
0,0,-0.833919,-0.0624432,0.548343
0,0,0.444007,-0.83712,0.319512
0,0,-0.853858,-0.344212,0.390441
0,0,-0.224796,0.574373,0.787123
0,0,-0.374474,-0.926793,0.0287004
0,0,0.72818,0.106966,0.676988
0,0,0.308665,-0.864469,0.396762
9.56579,13.4377,0.15538,-0.964341,-0.214251
0,0,0.173962,-0.921194,0.348051
20.8421,29.7705,0.151987,-0.147202,0.97736
0,0,0.330146,0.939986,0.0861949
0,0,0.841324,0.191099,0.505624
23.0818,34.4441,0.159186,0.707377,0.688678
0,0,-0.708737,-0.0684567,0.702143
0,0,0.109102,-0.810836,0.575015
0,0,-0.682293,0.517489,0.516411
0,0,0.257422,-0.965264,0.0447138
0,0,-0.94284,0.149116,0.298022
0,0,0.593569,-0.189047,0.782264
0,0,-0.972726,-0.00549336,0.231894
0,0,-0.682745,0.599943,0.417045
0,0,-0.917989,0.310354,0.246933
0,0,0.880834,0.449883,0.147433
0,0,-0.632272,0.469815,0.616041
0,0,-0.783115,-0.616609,0.0807691
0,0,-0.740926,-0.535841,0.404849
0,0,0.701078,0.470461,0.535869
0,0,0.0838383,-0.672929,0.734941
0,0,0.616172,-0.17262,0.768462
0,0,0.702335,-0.270818,0.658318
0,0,-0.124221,-0.809069,0.574436
0,0,0.394239,0.227147,0.890494
0,0,-0.15425,-0.173792,0.972627
0,0,0.764478,-0.61129,0.204691
0,0,-0.257185,-0.853238,0.453697
0,0,-0.88912,-0.168907,0.425366
0,0,-0.168239,-0.676491,0.716977
0,0,0.851146,-0.422352,0.31172
0,0,0.905509,-0.29688,0.303177
0,0,-0.448019,-0.0226974,0.893736
0,0,-0.821152,0.570687,0.00504173
0,0,0.0713036,0.712996,0.697533
0,0,-0.989038,0.146011,0.0220137
0,0,-0.150604,0.60451,0.782232
0,0,0.378371,0.901144,0.211603
0,0,-0.789471,-0.605005,0.103467
0,0,0.981884,0.189297,0.00835162
0,0,0.222737,-0.610746,0.759854
0,0,-0.673265,-0.541811,0.503146
0,0,-0.33308,0.580319,0.74316
0,0,0.926048,0.375156,0.0411356
0,0,0.214804,-0.546454,0.809474
0,0,-0.82626,-0.436395,0.356165
0,0,-0.0565153,0.568107,0.821012
0,0,-0.807389,-0.449467,0.382233
0,0,-0.39862,-0.903889,0.155199
0,0,-0.00624419,-0.781006,0.624492
0,0,-0.840371,-0.100289,0.532652
0,0,-0.210934,-0.877938,0.429803
0,0,0.819297,0.535565,0.204749
0,0,0.392676,0.534822,0.748178
0,0,-0.497393,-0.697916,0.51528
0,0,-0.623154,0.328095,0.709953
0,0,-0.221993,-0.95508,0.196319
0,0,-0.734198,0.464737,0.494948
0,0,-0.764048,0.323298,0.558309
0,0,0.539372,0.169362,0.82486
0,0,-0.296287,0.408333,0.863411
0,0,0.9369,-0.214201,0.276291
0,0,0.663408,0.542378,0.515477
0,0,0.331735,0.888332,0.317519
0,0,-0.0204745,-0.869251,0.493947
18.4011,26.1124,0.486138,-0.873877,0.00294211
0,0,-0.231405,0.970599,0.0662563
0,0,-0.146465,-0.80164,0.579588
0,0,-0.485401,-0.183903,0.854731
0,0,0.717712,0.595671,0.360646
0,0,-0.699799,-0.113026,0.705341
0,0,0.550687,-0.460325,0.696308
0,0,-0.634351,0.394329,0.664909
0,0,-0.833374,0.464268,0.299904
0,0,-0.329697,0.865282,0.377606
0,0,0.205619,-0.446295,0.870943
0,0,-0.832323,0.407379,0.375874
0,0,-0.300847,-0.836033,0.458846
22.3178,32.8825,-0.334021,0.189249,0.923371
0,0,0.158468,-0.809868,0.564802
0,0,0.366544,-0.800059,0.474923
0,0,0.618691,-0.691083,0.373664
0,0,-0.492249,0.762675,0.419545
0,0,-0.48325,-0.76537,0.425063
0,0,-0.181925,-0.139724,0.973335
0,0,0.0066882,0.914099,0.405437
0,0,-0.628912,-0.607215,0.485551
0,0,0.845462,0.399018,0.354935
0,0,-0.537365,0.343356,0.770289
0,0,-0.356362,-0.157511,0.920976
0,0,0.649593,-0.742974,0.161305
0,0,-0.0792969,-0.982228,0.170118
0,0,-0.211097,-0.906121,0.366582
0,0,-0.88651,0.414022,0.206604
0,0,-0.3084,-0.250797,0.9176
0,0,-0.178747,0.435603,0.882213
0,0,0.800336,-0.198363,0.565787
0,0,0.242221,-0.641477,0.727899
0,0,0.559826,0.0639945,0.826136
0,0,-0.707,-0.692691,0.142582
0,0,0.958384,-0.127186,0.255584
0,0,0.231889,0.933829,0.27238
0,0,0.369515,0.900618,0.22879
0,0,0.566114,-0.782996,0.257744
0,0,-0.0536812,0.981588,0.183315
0,0,0.4055,0.851456,0.332554
0,0,-0.804553,0.234511,0.545619
0,0,0.283756,-0.797769,0.532023
0,0,-0.89635,-0.11168,0.42905
0,0,0.591001,0.65083,0.476591
0,0,-0.231431,-0.922198,0.309822
0,0,0.101266,-0.906919,0.408953
0,0,0.491505,0.840445,0.228201
0,0,0.604105,-0.739065,0.298062
0,0,-0.556864,-0.452859,0.696291
0,0,0.414043,0.885648,0.210229
0,0,0.249508,0.714535,0.653595
0,0,-0.300905,0.121343,0.945903
0,0,0.303675,-0.675128,0.672297
0,0,0.143213,-0.844961,0.515296
0,0,0.655436,-0.559694,0.507095
0,0,-0.20408,0.406218,0.890695
0,0,-0.370324,-0.74757,0.551361
0,0,-0.335937,0.125794,0.933446
0,0,0.835453,0.549169,0.0207715
0,0,0.872306,-0.258336,0.415144
0,0,-0.41883,0.50056,0.757642
0,0,0.802503,0.193036,0.564559
0,0,-0.0338841,-0.497746,0.866661
0,0,-0.0363255,0.966442,0.254302
0,0,0.844959,-0.485869,0.223554
0,0,0.751036,0.479373,0.454034
0,0,0.685594,-0.0672879,0.724868
0,0,-0.814378,-0.0266692,0.579722
0,0,0.262851,0.783846,0.562578
17.4642,25.3601,0.774822,0.399956,0.489577
0,0,0.710953,-0.505531,0.48886
0,0,-0.363409,-0.142012,0.920742
0,0,-0.749476,0.205588,0.629301
0,0,-0.203614,0.950471,0.234831
19.8917,29.043,0.774328,-0.485935,0.405319
0,0,0.406425,-0.892926,0.193653
0,0,-0.453098,0.367132,0.812353
0,0,-0.824546,-0.0897,0.55864
4.2506,6.91398,0.232099,-0.264219,0.936119
0,0,-0.812685,-0.563979,0.146529
0,0,0.136695,-0.487392,0.862417
0,0,-0.157558,-0.865304,0.47584
0,0,-0.123092,0.832687,0.539889
0,0,0.571986,0.711662,0.407883
0,0,0.320889,-0.918879,0.229547
0,0,-0.827133,0.0462507,0.5601
0,0,0.112921,0.571823,0.812568
0,0,-0.689488,-0.591597,0.417875
0,0,-0.414971,-0.842487,0.343534
0,0,-0.753378,-0.251042,0.607782
0,0,-0.332629,-0.546176,0.768798
0,0,-0.574807,0.519223,0.632459
0,0,0.629112,-0.0770022,0.773491
0,0,-0.963988,-0.17006,0.204466
0,0,-0.678973,-0.387545,0.623542
10.7625,16.2516,0.527003,-0.807723,-0.264295
0,0,-0.150814,0.108,0.982645
0,0,0.896422,-0.26448,0.355637
0,0,-0.310623,0.699562,0.643526
0,0,0.669208,0.29441,0.682263
0,0,-0.0704922,0.831136,0.551583
0,0,-0.943252,0.241737,0.227682
0,0,-0.295783,-0.486126,0.82231
0,0,0.956468,0.215148,0.19718
0,0,-0.0655437,0.458176,0.886442
0,0,-0.131117,0.83086,0.540814
0,0,-0.0632219,-0.838557,0.541133
0,0,0.725539,0.505185,0.467313
0,0,0.368516,-0.531396,0.762768
19.3981,28.4705,-0.874321,0.458557,0.15902
0,0,0.845032,0.10836,0.523622
23.3333,31.4114,0.535054,0.740404,0.40684
0,0,0.207232,-0.856639,0.472466
22.011,31.8906,0.87602,0.188194,0.44404
0,0,-0.715708,0.356171,0.600753
0,0,-0.45193,-0.770027,0.450353
0,0,-0.423428,-0.167703,0.890272
0,0,-0.0249088,0.173673,0.984488
0,0,0.324026,0.80813,0.491866
0,0,0.952099,0.294615,0.0819096
0,0,0.251081,0.427183,0.868604
0,0,-0.85093,0.392278,0.349337
0,0,-0.993244,-0.111209,0.0331515
0,0,-0.390398,-0.755146,0.526634
0,0,-0.913356,-0.406539,0.0225363
0,0,0.890673,-0.413368,0.189286
0,0,-0.810664,0.182802,0.556244
0,0,0.8174,-0.410493,0.40417
0,0,-0.784176,0.536007,0.312673
0,0,-0.917326,-0.394217,0.0557282
0,0,-0.359283,-0.131999,0.923846
0,0,0.697628,0.350314,0.624976
0,0,0.995922,-0.0603315,0.0670818
0,0,0.889862,-0.454993,0.033575
0,0,-0.672818,0.640104,0.370921
0,0,0.141229,0.851433,0.50509
0,0,-0.731124,-0.330224,0.597
0,0,-0.602462,-0.019361,0.797913
0,0,0.579755,-0.801032,0.149103
0,0,-0.926767,0.133635,0.351061
0.246083,0.431954,0.248828,-0.264435,0.931751
0,0,-0.941317,0.293859,0.166041
0,0,-0.0785555,0.971293,0.22454
0,0,0.497894,0.593503,0.632342
0,0,0.842147,-0.246339,0.479693
0,0,0.80549,-0.426284,0.411664
0,0,0.0615786,-0.925365,0.374043
0,0,-0.143843,0.327321,0.9339
0,0,0.989371,0.14183,0.0320703
0,0,-0.687464,0.71478,0.128388
0,0,-0.823644,0.286504,0.489414
0,0,-0.811267,0.569705,0.131458
0,0,0.402909,-0.311176,0.860717
0,0,-0.67896,-0.42746,0.596901
0,0,-0.503513,-0.589438,0.631695
0,0,0.563853,-0.808212,0.169889
0,0,0.578072,0.0731748,0.812698
0,0,0.384259,0.264431,0.884546
0,0,0.902248,0.0902999,0.421657
0,0,-0.595673,0.474517,0.64808
0,0,0.468331,-0.874247,0.127898
0,0,-0.311302,0.23379,0.921104
0,0,0.00692325,0.794656,0.607021
0,0,-0.958681,-0.22621,0.172508
0,0,-0.11096,0.963109,0.245171
0,0,-0.791744,-0.540758,0.284118
0,0,0.96091,0.0808259,0.264802
0,0,0.396428,0.493701,0.774018
0,0,-0.962196,-0.225258,0.153096
0,0,0.519182,0.847038,0.113915
0,0,0.582308,0.672115,0.45736
0,0,-0.828622,0.55689,0.0570954
0,0,0.271659,-0.313434,0.909923
0,0,0.669985,0.708576,0.22145
13.7903,19.307,0.0281353,-0.565334,0.824382
0,0,0.342085,-0.419332,0.840915
0,0,-0.357357,0.931643,0.0658583
0,0,-0.944372,0.0939453,0.315176
0,0,-0.473424,0.792011,0.385471
0,0,-0.991076,0.126298,0.0426263
0,0,-0.0365485,0.693543,0.719487
0,0,-0.493129,-0.701341,0.514727
0,0,-0.585241,0.436433,0.683387
0,0,-0.0978752,0.807274,0.582004
0,0,-0.751313,-0.343213,0.563679
0,0,0.728811,0.68465,0.00947414
0,0,0.61969,0.539746,0.569789
0,0,-0.689946,-0.641055,0.336189
0,0,0.0804764,-0.877147,0.47343
0,0,0.642954,-0.307947,0.701269
0,0,0.861053,0.0369231,-0.507173
0,0,-0.74767,-0.336872,0.572282
0,0,-0.426431,0.329562,0.842345
0,0,0.0362107,-0.988147,0.149179
0,0,-0.897819,0.178429,0.402596
0,0,-0.45831,0.269001,0.847107
0,0,-0.247921,-0.929364,0.273527
0,0,0.210295,0.230801,0.950004
0,0,0.993487,0.107365,0.0381728
0,0,0.300011,-0.542381,0.78474
0,0,-0.676385,0.571293,0.464896
0,0,-0.909873,-0.401234,0.105554
0,0,-0.487509,-0.843204,0.226588
0,0,-0.541054,-0.57551,0.613228
0,0,-0.688002,-0.279115,0.669886
0,0,0.827907,0.020419,0.560493
0,0,0.13209,-0.51259,0.848413
0,0,0.68848,-0.719559,0.090718
0,0,0.231781,-0.845836,0.480457
0,0,-0.367734,-0.376951,0.850106
0,0,-0.639088,0.523619,0.563373
0,0,-0.833482,-0.192347,0.517987
0,0,-0.490751,0.871274,0.00670184
0,0,0.544543,0.64238,0.539278
0,0,-0.876219,-0.44373,0.188
0,0,0.871039,0.317551,0.37477
0,0,0.991963,0.104511,0.0713216
0,0,0.986729,-0.0985403,0.129059
0,0,-0.303801,0.636296,0.709107
21.245,28.6471,-0.701552,0.58707,0.403948
0,0,-0.916463,0.189386,0.35246
0,0,-0.459667,0.213709,0.861995
0,0,0.312085,-0.948986,0.0450325
21.0052,29.1226,0.120178,-0.280264,0.95237
0,0,-0.832068,0.398426,0.3859
0,0,0.790089,0.404817,0.460308
0,0,-0.465434,0.875934,0.126929
0,0,0.887447,-0.346739,0.30366
0,0,0.928488,0.177149,0.326387
0,0,0.838129,0.480855,0.257524
0,0,-0.704691,-0.641906,0.302271
0,0,-0.583818,-0.537913,0.608117
0,0,-0.789201,0.29327,0.539588
0,0,0.271043,0.677802,0.683461
0,0,-0.23067,0.833599,0.5019
0,0,0.561741,-0.0574883,0.825313
0,0,-0.934091,0.323325,0.151446
0,0,-0.118968,0.919953,0.373541
0,0,-0.686467,-0.106219,0.719361
0,0,0.70379,0.701893,0.109663
0,0,0.512325,0.746583,0.424425
0,0,0.959391,0.262945,0.102122
0,0,0.162241,0.980513,0.110782
0,0,-0.209062,-0.92571,0.315205
0,0,-0.487656,0.690347,0.534427
0,0,-0.078922,0.940764,0.32975
0,0,-0.131935,0.525642,0.840413
0,0,0.296722,0.688907,0.661334
0,0,0.106447,-0.763619,0.636832
0,0,-0.772943,0.298464,0.559891
0,0,-0.839367,0.0528963,0.540985
0,0,-0.018212,-0.697167,0.716678
0,0,0.545129,-0.358169,0.75799
22.4032,30.4445,-0.573109,-0.66537,0.47836
0,0,-0.0819827,0.683603,0.725235
0,0,0.974727,0.095654,0.201885
0,0,-0.439702,-0.103608,0.892147
0,0,-0.923916,0.280773,0.259897
0,0,0.473005,-0.778633,0.412306
0,0,0.461761,-0.886654,0.024926
0,0,0.652606,0.46807,0.595832
0,0,-0.0170293,0.408777,0.912475
0,0,-0.0607575,0.348421,0.935367
0,0,-0.900743,0.343463,0.265887
0,0,-0.369947,-0.925489,0.0812944
0,0,-0.783228,-0.491223,0.381121
0,0,0.723732,0.128876,0.677941
0,0,0.987318,-0.11325,0.111257
0,0,-0.158043,-0.970222,0.18355
0,0,-0.386246,0.682866,0.620087
11.1608,16.9051,-0.592415,-0.630672,0.501296
0,0,0.211565,-0.96626,0.146911
0,0,-0.997703,-0.0653312,0.01788
0,0,0.569815,0.314358,0.75927
0,0,0.816211,-0.354046,0.456565
0,0,-0.506417,-0.862153,0.0152611
0,0,-0.0580334,0.560962,0.825805
0,0,-0.472691,0.728464,0.495886
0,0,-0.790169,0.175522,0.587218
0,0,0.048113,0.691859,0.720428
0,0,-0.509799,-0.466516,0.722819
0,0,-0.485074,-0.828151,0.280836
0,0,-0.814794,-0.350143,0.462072
0,0,0.0266526,0.372456,0.927667
0,0,-0.830749,-0.339971,0.440766
0,0,0.5225,-0.719028,0.458249
0,0,-0.937429,0.32199,0.132478
0,0,-0.469899,-0.241166,0.849137
0,0,-0.689516,-0.643165,0.333026
0,0,-0.294235,-0.955073,0.0355243
0,0,0.273353,0.941884,0.195278
0,0,-0.716718,0.58438,0.380546
0,0,0.537595,0.0186701,0.842996
0,0,-0.44704,0.795325,0.409407
0,0,-0.0927031,-0.485247,0.869449
0,0,-0.601625,-0.753206,0.265947
0,0,-0.556922,-0.366969,0.745099
0,0,0.70917,-0.0564995,0.70277
0,0,-0.570671,-0.0857147,0.816693
0,0,0.90966,-0.389189,0.145089
0,0,-0.821,0.548791,0.157442
0,0,0.0586453,-0.148932,0.987107
0,0,0.168809,-0.885913,0.432044
0,0,-0.275071,-0.876528,0.395013
0,0,-0.476818,-0.779177,0.406851
0,0,0.405863,0.42225,0.810543
0,0,0.692144,-0.69576,0.191976
0,0,-0.327257,-0.494092,0.805466
0,0,0.879846,-0.211761,0.425473
0,0,0.399294,0.11747,0.909266
0,0,0.0389102,-0.987096,0.15533
0,0,0.998824,0.0275168,0.0399099
0,0,-0.393897,-0.488722,0.778457
0,0,0.651909,0.0574311,0.756119
0,0,0.561983,0.146625,0.814049
0,0,-0.34234,0.734848,0.585492
0,0,-0.907285,0.402459,0.121903
0,0,-0.898711,0.0470806,0.436007
0,0,0.588494,-0.806255,0.0602242
0,0,-0.782433,0.236369,0.576132
0,0,-0.223899,0.204491,0.952918
0,0,0.105536,0.45701,0.883179
0,0,0.851649,-0.346423,0.393301
0,0,-0.365642,-0.899805,0.238026
19.4791,28.1327,0.598696,0.137034,0.789167
0,0,0.0209813,-0.53832,0.84248
2.00816,2.83026,0.556888,0.213902,0.802572
0,0,0.732266,-0.623438,0.274065
0,0,-0.274956,0.934412,0.226438
0,0,-0.565445,-0.824701,0.0118914
0,0,0.965671,-0.257227,0.0362462
0,0,-0.0501465,0.893529,0.446196
0,0,0.178505,0.787064,0.59048
0,0,0.35228,0.797122,0.490402
0,0,0.859143,-0.426056,0.283462
0,0,-0.365345,-0.839323,0.402567
0,0,0.0403645,-0.829374,0.557234
0,0,-0.293447,0.482208,0.825448
19.7779,27.5962,0.339897,0.858146,-0.384779
0,0,0.791612,-0.58013,0.191833
0,0,-0.628215,-0.598481,0.497158
0,0,-0.0401331,-0.610456,0.791033
0,0,0.957857,0.163493,0.23618
0,0,-0.677577,0.239529,0.695353
0,0,-0.563056,0.660995,0.496037
0,0,0.966559,-0.252205,0.046431
0,0,0.975502,0.16516,0.145324
0,0,-0.902494,0.172856,0.394493
0,0,0.995908,-0.0693493,0.0579484
0,0,0.819198,-0.290832,0.494298
0,0,0.642226,0.665118,0.381005
0,0,0.130128,0.898719,0.418774
0,0,-0.0275518,-0.367779,0.929505
0,0,-0.44007,-0.866632,0.235132
3.82622,6.41776,-0.618122,0.319723,0.718124
0.187514,0.371913,-0.381566,0.130469,0.915087
0,0,0.84233,-0.537098,0.0447799
0,0,0.576431,0.695445,0.42905
0,0,-0.427279,0.443266,0.788002
0,0,0.0809823,-0.719787,0.689456
0,0,0.787745,-0.316606,0.528412
0,0,0.0638387,0.928066,0.366904
0,0,0.936566,-0.349279,0.0291276
9.63261,12.8808,-0.927308,-0.307219,0.213815
0,0,0.893968,-0.447838,0.0161766
0,0,-0.889838,-0.433134,0.14347
0,0,0.456512,-0.708703,0.5379
0,0,0.355167,0.00217649,0.9348
0,0,0.449037,0.220668,0.865836
0,0,-0.984838,-0.0955795,0.144772
0,0,0.963239,0.0215917,0.267778
0,0,0.24815,-0.886814,0.38985
0,0,0.261026,-0.260167,0.929612
0,0,-0.564741,0.63717,0.524483
0,0,-0.593133,-0.277426,0.755797
0,0,0.607616,0.790367,0.0782534
0,0,0.97898,-0.203093,0.0187533
0,0,0.0702745,0.754015,0.653087
0,0,-0.132597,-0.921347,0.365428
0,0,0.642371,0.757894,0.113826
0,0,-0.69729,-0.326953,0.637878
0,0,0.281696,-0.714809,0.640074
0,0,0.787332,0.39996,0.469191
0,0,-0.849666,-0.527199,0.0113682
0,0,0.0760058,0.611651,0.787468
0,0,0.671611,-0.00664475,0.740874
0,0,0.560553,-0.764706,0.317814
0,0,-0.464858,-0.236844,0.853119
0,0,-0.147509,-0.750122,0.644638
0,0,-0.773636,-0.381347,0.506025
0,0,-0.120584,0.825419,0.551492
0,0,0.0584704,-0.978344,0.198555
0,0,0.163775,-0.780535,0.603277
0,0,0.740078,0.0783463,0.667942
0,0,-0.59477,-0.797014,0.104966
0,0,-0.789731,-0.604333,0.10539
0,0,0.713272,-0.673492,0.194041
0,0,0.696833,-0.672893,0.248272
0,0,0.467116,0.437115,0.768591
0,0,-0.666681,0.447548,0.596017
0,0,0.0234939,0.733586,0.679191
0,0,-0.106171,0.852043,0.512592
0,0,0.0536,0.41797,0.906878
0,0,0.992362,0.0635324,0.105737
0,0,0.352322,-0.751184,0.558204
0,0,-0.807429,-0.42295,0.411306
0,0,-0.304337,-0.872371,0.382555
0,0,0.0713933,0.79054,0.608235
0,0,-0.973899,-0.224448,0.0338098
0,0,0.833744,-0.13106,0.536372
0,0,-0.127478,-0.340483,0.931569
0,0,0.372626,0.49364,0.785792
0,0,0.386702,-0.807816,0.444853
0,0,-0.817562,0.442651,0.36831
0,0,0.538449,0.0722164,0.839558
0,0,-0.738031,-0.0639644,0.671728
0,0,-0.824137,0.450835,0.342849
0,0,0.440062,-0.794328,0.418794
0,0,-0.970649,0.225623,0.0832726
0,0,-0.823944,0.316901,0.469776
0,0,-0.4398,0.0291533,0.897622
0,0,-0.532882,0.304621,0.789458
0,0,0.298102,-0.826219,0.478015
0,0,-0.836681,0.363268,0.40988
0,0,-0.0732267,-0.90198,0.425524
16.096,24.4008,-0.62888,-0.702474,-0.333228
0,0,-0.94358,-0.126963,0.305838
0,0,-0.670483,-0.086739,0.736837
0,0,0.777192,-0.316505,0.543872
0,0,0.161961,0.900757,0.402997
0,0,-0.735873,0.642254,0.214477
0,0,-0.831847,-0.275005,0.482082
0,0,-0.270418,0.667234,0.694026
0,0,0.0240419,-0.997794,0.0618802
0,0,0.905403,0.369973,0.208243
0,0,-0.359817,-0.727481,0.584212
0,0,0.431692,-0.817333,0.381587
0,0,-0.827574,0.501916,0.2514
0,0,-0.0972031,-0.965502,0.241572
0,0,0.47186,0.415589,0.777582
0,0,0.14117,0.983597,0.112288
0,0,-0.476287,-0.845139,0.242676
0,0,-0.916256,-0.231193,0.327147
0,0,-0.923951,0.302974,0.233499
0,0,0.414432,-0.832708,0.36721
0,0,-0.769373,-0.620457,0.151984
0,0,0.62043,-0.258948,0.740279
0,0,0.576728,0.286986,0.764869
0,0,0.443197,-0.0947313,0.891405
0,0,0.699751,0.695313,0.163978
0,0,-0.833782,-0.501532,0.23081
0,0,-0.883037,0.345435,0.317681
0,0,0.352135,-0.925438,0.139875
0,0,0.360445,-0.746145,0.559773
0,0,0.880821,0.298654,0.367369
0,0,0.394135,-0.551715,0.735029
0,0,0.928866,-0.191275,0.31721
0,0,0.886365,0.307703,0.345941
0,0,-0.509584,-0.858392,0.0590473
0,0,0.667216,-0.641171,0.379108
0,0,-0.0611374,0.945783,0.318993
0,0,0.533516,0.696665,0.479603
0,0,-0.979999,-0.185764,0.0713712
0,0,0.184624,0.949386,0.254125
0,0,-0.633361,-0.705686,0.317588
0,0,0.339738,0.618558,0.708494
0,0,0.450978,-0.260639,0.853631
0,0,-0.796697,-0.604341,0.00682857
0,0,-0.914177,-0.396204,0.0854564
0,0,-0.792145,0.551111,0.262267
0,0,-0.54617,0.689225,0.476097
0,0,0.973359,-0.165427,0.158761
0,0,0.885612,0.368826,0.282239
0,0,0.196599,-0.730324,0.654199
0,0,0.000678823,-0.788646,0.614847
0,0,-0.815039,-0.18308,0.549721
0,0,0.351809,-0.678384,0.645001
0,0,-0.516662,-0.855868,0.0234678
0,0,-0.640574,-0.737699,0.213226
0,0,-0.767679,-0.0749238,0.636439
0,0,-0.789001,0.439747,0.42907
0,0,-0.715006,-0.0197456,0.698839
1.34082,2.29337,-0.0221248,0.100251,0.994716
0,0,-0.705115,0.638664,0.308093
0,0,-0.224164,-0.899579,0.374843
0,0,0.525927,-0.668251,0.526157
0,0,-0.587164,-0.700666,0.405347
0,0,-0.353072,-0.92405,0.146532
0,0,0.626762,-0.723677,0.288896
0.468272,0.754738,-0.0123831,-0.898634,0.438525
0,0,0.166696,0.386856,0.906948
0,0,0.213038,-0.656244,0.72385
0,0,0.301413,-0.466063,0.831827
0,0,0.542713,-0.130091,0.829783
0,0,-0.810617,-0.553471,0.191231
0,0,-0.850804,-0.525109,0.0198324
0,0,-0.261734,-0.27587,0.924874
0,0,0.105872,0.893207,0.437004
0,0,-0.767005,0.00649292,0.641609
0,0,0.051681,0.967202,0.248694
13.6558,21.4828,-0.556378,-0.759416,0.337241
0,0,-0.525869,-0.15566,0.836201
0,0,0.0125415,-0.911242,0.411681
0,0,-0.443918,-0.810938,0.381204
0,0,-0.885427,0.437658,0.156441
0,0,0.119668,-0.391164,0.912508
0,0,0.581478,0.19276,0.790397
0,0,0.996132,0.058087,0.0659295
0,0,-0.0757797,0.978743,0.190577
18.9362,27.7851,0.528845,0.400329,0.748371
0,0,-0.451581,-0.675214,0.583233
0,0,-0.382547,-0.920781,0.0762941
0,0,0.441623,-0.304248,0.844039
0,0,-0.483833,-0.505659,0.714292
0,0,-0.216741,-0.631251,0.744678
0,0,-0.935226,0.287313,0.206892
0,0,-0.944997,0.318369,0.074972
0,0,0.723152,-0.455756,0.518977
0,0,-0.0429695,-0.71861,0.694085
0,0,-0.168608,0.671018,0.722015
18.5587,28.0713,-0.808142,0.5542,0.19942
0,0,0.398025,0.170942,0.901307
0,0,0.33738,-0.799265,0.497343
0,0,0.375944,0.891385,0.253177
0,0,0.0588756,0.66561,0.743974
0,0,0.354451,0.572216,0.73955
0,0,-0.806622,0.454677,0.377662
7.01495,10.8142,0.355848,0.263106,0.896743
0,0,-0.387734,0.91595,0.103429
0,0,0.0600107,-0.978834,0.195658
0,0,-0.857665,0.0386411,0.512755
0,0,-0.548111,-0.792585,0.267175
0,0,-0.166196,-0.540953,0.824468
0,0,0.150366,0.667876,0.728925
0,0,0.440188,0.780784,0.443409
0,0,-0.074078,0.849572,0.522246
0,0,-0.462195,0.806647,0.36837
0,0,0.634292,0.766514,0.10065
0,0,0.80468,-0.0978334,0.585593
0,0,0.188274,0.93126,0.311941
0,0,0.0922446,-0.883608,0.459052
23.0731,34.5248,-0.805417,-0.0514495,-0.590471
0,0,0.868281,0.3719,0.328296
0,0,0.328172,0.744809,0.581001
0,0,0.761316,-0.120176,0.637146
0,0,-0.856521,-0.171796,0.486681
0,0,0.345345,-0.921472,0.177839
23.8235,33.2127,0.882196,-0.470136,-0.0264898
0,0,-0.955962,-0.112224,0.271186
0,0,-0.0942907,0.465616,0.879949
0,0,-0.998592,0.0521899,0.00952085
0,0,0.532931,0.534908,0.655636
0,0,0.588366,-0.319512,0.74279
0,0,0.554309,-0.655666,0.512682
0,0,0.758958,-0.470418,0.450211
0,0,0.440215,-0.249834,0.862435
0,0,-0.0657806,-0.799557,0.596977
0,0,0.332823,-0.941175,0.0584732
0,0,-0.779334,0.297008,0.551747
0,0,-0.449113,0.893396,0.0118478
0,0,0.835829,-0.536043,0.118526
0,0,-0.650582,-0.129708,0.748277
0,0,-0.68561,-0.0278566,0.727436
0,0,0.625519,0.217839,0.749181
0,0,-0.224793,0.68054,0.697376
0,0,0.389924,0.889109,0.239676
0,0,0.952901,0.158966,0.258282
0,0,-0.838631,-0.0575015,0.541656
0,0,0.949811,0.260625,0.173014
0,0,0.231062,0.328581,0.915775
0,0,-0.0726733,-0.937618,0.339986
0,0,-0.372386,-0.766523,0.523231
0,0,-0.520311,-0.850894,0.0725038
0,0,-0.372631,0.731084,0.571544
0,0,-0.831627,0.298203,0.468478
0,0,0.683792,0.670109,0.288761
0,0,-0.308358,-0.693826,0.650784
0,0,-0.28893,-0.884902,0.365333
0,0,0.95027,0.0693616,0.303605
0,0,-0.471835,-0.495061,0.729579
0,0,0.3774,0.728046,0.572292
0,0,-0.788046,-0.314748,0.529072
0,0,-0.260362,-0.221734,0.939705
0,0,-0.948271,0.285898,0.138004
0,0,0.817217,-0.306673,0.487964
0,0,0.12724,-0.961968,0.241717
0,0,0.897217,-0.287209,0.335428
0,0,0.545689,-0.655896,0.521559
0,0,-0.221088,-0.0782334,0.972111
0,0,0.938956,-0.190554,0.286446
0,0,-0.259499,-0.343386,0.902633
0,0,0.754608,0.593738,0.27936
0,0,0.97404,-0.114655,0.195192
0,0,-0.415798,0.799209,0.434024
0,0,-0.734719,0.0615627,0.675573
0,0,-0.744246,-0.667846,0.00891994
0,0,0.46503,0.875156,0.1336
0,0,-0.816313,-0.505626,0.27924
0,0,-0.598032,-0.525893,0.604809
0,0,-0.440705,0.441744,0.781436
0,0,0.227377,0.816608,0.530519
0,0,0.30134,0.886349,0.351539
0,0,0.783247,0.483038,0.391406
0,0,-0.0640899,-0.664839,0.744232
0,0,0.754693,-0.499363,0.425529
0,0,-0.47113,-0.85251,0.226412
0,0,0.887495,0.393095,0.240477
0,0,-0.0644218,-0.89002,0.451346
19.2323,28.0779,-0.243546,0.206488,0.947654
0,0,0.295115,-0.864724,0.406399
0,0,-0.758561,0.266278,0.594712
0,0,0.400513,-0.470083,0.786519
0,0,0.399621,-0.628395,0.6674
0,0,0.78687,0.330889,0.520911
0,0,-0.498315,-0.829693,0.251578
0,0,-0.389455,-0.640481,0.661898
0,0,0.374413,-0.374204,0.848402
0,0,0.913493,0.11661,0.389784
0,0,0.62696,-0.76876,0.126208
0,0,-0.701913,-0.504757,0.502532
0,0,0.172773,-0.822542,0.541825
0,0,0.824484,-0.375765,0.423117
0,0,0.134147,0.982566,0.12872
0,0,0.880383,-0.472214,0.0440495
0,0,0.258124,0.167929,0.951405
0,0,-0.720104,0.583744,0.375091
0,0,0.537056,-0.110572,0.836268
0,0,-0.767437,0.511768,0.386178
0,0,-0.859715,-0.463188,0.215284
0,0,0.088827,-0.515247,0.852426
0,0,-0.158944,0.682325,0.713561
0,0,-0.669211,0.504193,0.545845
0,0,0.585551,0.0596908,0.808435
0,0,-0.97659,-0.214683,0.0135585
0,0,0.988733,-0.127413,0.078565
0,0,0.874502,0.136001,0.465564
0,0,-0.104788,-0.759521,0.641987
0,0,-0.623295,-0.7512,0.217262
0,0,0.815943,-0.37006,0.444177
0,0,0.467202,-0.882627,0.051885
0,0,0.324027,-0.332622,0.885646
0,0,-0.364403,0.886216,0.286061
0,0,0.347566,0.0858808,0.933714
0,0,0.326867,0.438019,0.837435
0,0,0.76137,-0.586035,0.27727
2.18773,3.36055,0.258175,0.138021,0.956188
0,0,0.589155,-0.7869,0.183537
0,0,0.871857,-0.467139,0.147128
0,0,-0.096606,0.637134,0.764674
0,0,-0.804262,-0.433487,0.406511
0,0,0.418869,-0.0148694,0.907925
17.609,23.6693,0.866756,-0.273989,-0.416731
23.2841,32.2561,0.0136389,-0.95539,-0.295033
0,0,0.492816,-0.627486,0.602822
0,0,-0.266712,-0.271059,0.924874
0,0,-0.231057,0.336157,0.913023
0,0,-0.54895,-0.798401,0.247405
0,0,-0.874145,0.459557,0.157089
0,0,-0.0770775,-0.975293,0.207034
0,0,0.504635,-0.768406,0.393569
0,0,0.116321,-0.877331,0.465575
0,0,0.378656,-0.722739,0.578158
0,0,-0.494031,-0.693283,0.524683
0,0,-0.212728,0.59606,0.774248
0,0,-0.34287,-0.764784,0.545477
0,0,-0.101145,0.311176,0.944955
0,0,0.141419,0.718137,0.681381
0,0,0.240343,0.968145,0.0702204
0,0,0.0679657,-0.979674,0.188733
0,0,-0.0622671,0.531383,0.84484
0,0,-0.26304,0.490166,0.830992
0,0,-0.354191,0.593997,0.722299
0,0,-0.395118,-0.385932,0.83363
0,0,-0.610964,0.446801,0.653522
0,0,0.777823,0.421552,0.466138
0,0,-0.596507,-0.112719,0.794653
0,0,0.808895,0.121555,0.575251
18.0408,26.6264,0.926249,-0.135843,0.351581
0,0,-0.00456531,-0.692997,0.720926
0,0,0.659448,0.74933,0.0602669
0,0,-0.368144,-0.169999,0.914095
0,0,-0.271158,0.961148,0.0516523
0,0,-0.900827,-0.235735,0.364608
0,0,0.732819,0.574907,0.363949
0,0,0.500588,0.306694,0.809537
0,0,-0.486957,-0.375544,0.788568
0,0,-0.473622,0.214011,0.854331
0,0,0.0662056,-0.630526,0.773339
0,0,-0.254535,-0.090775,0.962794
0,0,-0.0415095,0.453711,0.890181
0,0,0.336585,-0.320209,0.885538
0,0,-0.763954,-0.642426,0.0605187
0,0,-0.874161,-0.257484,0.411758
0,0,-0.754211,0.655185,0.0435718
0,0,0.0698689,-0.746632,0.661558
0,0,0.772898,0.211633,0.598197
0,0,0.251166,0.348453,0.903048
0,0,0.802855,-0.478394,0.355756
0,0,0.501378,-0.818627,0.280125
0,0,0.000708375,0.901019,0.433779
0,0,0.551354,0.663845,0.505291
0,0,-0.886524,0.445793,0.123873
0,0,-0.271779,0.695123,0.665537
0,0,0.773469,-0.255619,0.580005
0,0,-0.973016,0.122507,0.195532
0,0,-0.812399,-0.306571,0.496005
0,0,-0.586219,-0.415885,0.69526
0,0,-0.424143,-0.389268,0.817663
0,0,-0.609946,0.0675288,0.789561
10.3719,16.1295,-0.358532,0.910899,0.20425
0,0,0.711441,-0.252811,0.655696
0,0,0.562198,0.468667,0.681384
0,0,-0.0508174,-0.459254,0.88685
0,0,0.0482801,0.497745,0.865978
0,0,0.0088593,-0.937586,0.347641
0,0,-0.507077,-0.715908,0.479947
0,0,0.899524,0.126834,0.418054
0,0,-0.304053,0.546286,0.780464
0,0,-0.45417,-0.890121,0.0376016
0,0,0.810137,0.478543,0.338637
0,0,-0.695539,-0.197773,0.690733
0,0,0.176449,0.319932,0.930865
0,0,0.412086,-0.696982,0.586857
0,0,-0.48932,-0.186062,0.852025
0,0,0.383798,0.873141,0.30054
0,0,0.475122,-0.576348,0.664892
0,0,0.636579,-0.77055,0.0319394
0,0,0.764936,-0.523265,0.375588
0,0,-0.795504,-0.13233,0.591322
0,0,-0.090542,-0.568267,0.817848
0,0,0.814247,-0.372775,0.445017
0,0,0.404942,0.125512,0.905687
0,0,0.503005,-0.65594,0.562787
0,0,0.122884,-0.074423,0.989627
0,0,-0.521776,-0.553464,0.649174
0,0,0.939507,-0.0561757,0.337892
22.5412,32.3105,0.120553,-0.96302,0.240956
0,0,0.795321,-0.386747,0.466788
0,0,0.528146,-0.848332,0.0373518
0,0,-0.3501,0.0296565,0.936243
0,0,0.604455,-0.796184,0.0269174
0,0,0.751981,-0.463501,0.468712
0,0,-0.978582,-0.193786,0.0694514
0,0,-0.119083,0.976701,0.178532
0,0,0.66155,-0.0274237,0.749399
0,0,0.934469,-0.334027,0.123261
0,0,0.742127,-0.319284,0.589326
0,0,-0.570572,-0.392792,0.721223
0,0,0.45911,-0.496098,0.736956
0,0,0.653002,0.325533,0.683825
0,0,-0.235569,-0.136748,0.962189
0,0,-0.917909,-0.240133,0.315878
0,0,-0.327736,0.721604,0.609818
0,0,0.32505,0.146226,0.934324
0,0,-0.0869418,-0.408134,0.908773
0,0,-0.218625,-0.412732,0.884226
0,0,0.295769,0.857493,0.420983
0,0,0.103142,0.106182,0.988983
0,0,-0.290386,0.945462,0.147575
0,0,0.956807,0.26029,0.129499
0,0,-0.213982,0.941779,0.259354
0,0,-0.899367,-0.434756,0.0461061
0,0,0.0974582,-0.598078,0.79549
0,0,0.578999,0.770466,0.266726
0,0,-0.501239,0.275751,0.820195
0,0,-0.203914,0.600089,0.773507
0,0,0.525867,0.230405,0.818766
0,0,0.782993,-0.0667985,0.618433
0,0,-0.928428,0.349392,0.126284
0,0,-0.19322,-0.75209,0.6301
19.0365,29.4158,0.283124,0.531703,0.798206
0,0,-0.381631,0.374869,0.844885
0,0,0.961608,-0.0472574,0.270327
0,0,0.000867224,0.990644,0.136468
0,0,-0.500512,0.664916,0.554413
0,0,0.600278,-0.299342,0.741661
0,0,0.705589,-0.149675,0.692633
0,0,0.865627,0.336088,0.371125
0,0,-0.511953,0.812205,0.279692
0,0,0.9717,-0.0982378,0.214823
0,0,0.159568,-0.909345,0.384227
0,0,-0.0914753,0.213488,0.972654
0,0,-0.817498,-0.254611,0.516595
0,0,-0.44693,0.0229239,0.894275
0,0,0.913789,0.211419,0.346829
0,0,-0.243797,0.914177,0.323796
0,0,0.73599,0.667355,0.113827
0,0,0.131237,0.923608,0.360173
0,0,0.806445,0.591309,0.000564965
0,0,-0.9674,0.120923,0.222518
0,0,-0.96359,0.223743,0.146399
0,0,0.00225797,-0.680721,0.73254
0,0,0.316106,-0.865236,0.389158
0,0,0.286858,-0.934211,0.212042
0,0,-0.827413,-0.528958,0.188657
0,0,0.602543,0.788278,0.12474
0,0,-0.83322,0.138453,0.535327
18.6789,30.0021,-0.0977543,0.650017,0.753606
0,0,0.984622,-0.171115,0.0352037
0,0,-0.292952,0.455365,0.840727
0,0,-0.611489,-0.137076,0.779289
0,0,0.2662,0.959179,0.0954644
0,0,-0.439996,0.327396,0.836191
0,0,0.00103221,0.625115,0.780532
0,0,0.594226,0.775445,0.213495
0,0,-0.313271,0.844342,0.43468
0,0,0.597498,-0.161085,0.785524
0,0,0.0467341,-0.997829,0.0463997
0,0,0.713504,-0.430775,0.55258
0,0,-0.588342,-0.556993,0.586185
0,0,-0.509746,0.651917,0.561395
0,0,0.0177107,0.785736,0.618309
0,0,0.778717,0.3673,0.508616
0,0,0.259033,-0.960068,0.1057
0,0,-0.431255,-0.605701,0.668689
0,0,-0.526244,0.846498,0.0806702
0,0,0.589942,-0.220733,0.776689
0,0,0.3564,-0.930908,0.0799333
0,0,-0.435528,-0.56713,0.699056
0,0,-0.67119,0.720545,0.174121
0,0,-0.808526,0.352441,0.471244
0,0,0.0053781,-0.998906,0.0464596
0,0,-0.217872,-0.897451,0.383553
0,0,-0.902328,0.344124,0.259581
0,0,-0.399522,0.564989,0.72192
0,0,-0.139819,0.259221,0.955644
0,0,-0.317762,0.542138,0.77789
0,0,0.0294636,-0.0415745,0.998701
0,0,0.853639,-0.48343,0.193899
0,0,-0.914034,0.153171,0.375607
0,0,-0.994524,-0.0876051,0.0569925
0,0,0.866326,-0.361446,0.344727
0,0,-0.944204,0.327613,0.0338814
16.9728,24.7577,-0.131059,-0.147324,0.980367
0,0,-0.39061,0.637199,0.66438
0,0,-0.641888,0.00954717,0.766739
0,0,0.497349,-0.865003,0.0664373
0,0,0.0969142,-0.935013,0.341113
0,0,-0.772464,0.614414,0.160606
0,0,0.371181,0.896123,0.243285
0,0,0.172024,0.979684,0.103091
0,0,-0.678988,-0.388309,0.62305
0,0,0.460102,-0.571009,0.679893
0,0,0.270126,0.913092,0.305443
0,0,-0.823446,0.445604,0.351247
0,0,0.730074,0.196382,0.654542
0,0,-0.858257,-0.124072,0.497997
0,0,-0.364056,0.0701884,0.928729
0,0,-0.339157,-0.363223,0.867779
0,0,-0.212772,0.781511,0.586489
0,0,0.68399,0.319756,0.655679
0,0,-0.368039,0.83936,0.400028
0,0,-0.834536,-0.274228,0.477858
0,0,-0.93988,-0.325836,0.102261
0,0,-0.252942,-0.598725,0.759966
0,0,0.483648,-0.0460977,0.874048
0,0,0.270785,-0.446752,0.852695
21.3584,32.4194,0.0117033,0.00974653,0.999884
0,0,0.906992,-0.370141,0.200901
0,0,0.97067,0.236692,0.0421432
0,0,0.867147,0.344714,0.359484
0,0,0.217418,-0.416562,0.882726
0,0,-0.0584419,-0.93355,0.35365
0,0,0.681171,-0.295163,0.669989
0,0,0.814087,0.276004,0.510963
0,0,-0.0843483,0.389034,0.917354
0,0,-0.873801,0.0672823,0.481606
0,0,-0.980418,-0.114708,0.160071
0,0,0.188764,0.874905,0.445993
0,0,-0.673535,-0.734684,0.0811813
22.3687,31.6047,-0.573507,-0.0225261,0.818891
0,0,-0.209206,-0.619167,0.756879
20.2242,29.9013,0.446833,-0.148893,0.88214
0,0,0.0989029,-0.953164,0.285827
0,0,-0.965226,0.261226,0.00995513
0,0,0.536685,-0.0911655,0.838843
0,0,-0.928234,0.0131903,0.371764
0,0,-0.452664,-0.280145,0.84653
0,0,-0.512111,0.580477,0.633079
0,0,0.291886,0.564449,0.77214
0,0,0.530312,-0.79,0.307684
0,0,0.425429,-0.5186,0.741663
0,0,-0.99954,-0.0271625,0.0134568
0,0,0.563213,0.216262,0.79751
0,0,0.9606,0.277892,0.00486942
0,0,0.635687,-0.478923,0.605421
0,0,-0.786685,0.0232353,0.616917
0,0,-0.149228,-0.709791,0.688424
0,0,-0.669065,0.738889,0.0799694
0,0,-0.899694,0.277701,0.336798
0,0,-0.988471,-0.0786622,0.129372
0,0,-0.381438,-0.254771,0.888593
0,0,0.877001,-0.430767,0.21286
0,0,0.904535,-0.223779,0.36296
0,0,0.316569,-0.216085,0.923629
0,0,0.256365,-0.227729,0.93937
0,0,0.841101,0.266783,0.470506
0,0,0.733939,-0.276728,0.620286
0,0,0.364779,0.248496,0.897321
0,0,-0.909497,-0.149901,0.387742
0,0,0.710867,-0.620704,0.33075
0,0,-0.930366,0.361699,0.0599372
0,0,-0.195807,0.738022,0.645742
0,0,0.829085,0.541777,0.138189
0,0,0.708253,0.137424,0.692454
0,0,0.891249,0.216901,0.398282
0,0,-0.60859,0.415673,0.675895
0,0,0.64904,-0.597767,0.470555
0,0,0.476173,-0.416303,0.774565
0,0,-0.558991,0.821826,0.110144
0,0,0.435224,0.194421,0.879079
0,0,-0.765077,0.479412,0.429909
0,0,-0.0940911,0.98568,0.139932
0,0,0.768179,-0.204178,0.606804
0,0,0.0627479,0.875679,0.478799
0,0,0.356124,0.306663,0.882686
0,0,-0.276013,-0.86274,0.423671
0,0,-0.955482,-0.295044,0.00157398
0,0,0.328887,-0.687608,0.647325
0,0,0.461842,0.667068,0.584571
0,0,-0.126661,-0.918142,0.375463
0,0,-0.971138,-0.151256,0.184424
0,0,0.703849,0.434687,0.561821
0,0,0.315752,0.918656,0.237426
0,0,-0.837915,-0.384272,0.387601
0,0,0.550191,0.223296,0.804629
0,0,0.843281,0.110359,0.52602
0,0,-0.109102,0.967276,0.229072
0,0,-0.83775,0.381431,0.39075
0,0,0.959543,-0.20263,0.195493
0,0,0.00629903,0.567768,0.823164
0,0,-0.339065,-0.228447,0.912604
0,0,0.559669,0.758529,0.333772
0,0,0.762427,0.477605,0.436577
0,0,-0.6675,-0.478815,0.570245
0,0,0.447977,0.559456,0.69737
0,0,-0.654112,-0.756394,0.00261325
0,0,-0.295611,-0.465979,0.833953
0,0,0.506773,-0.452199,0.73396
0,0,0.909316,-0.349574,0.225704
0,0,0.726557,-0.183131,0.662252
0,0,-0.888501,0.389503,0.242597
0,0,-0.480754,0.345825,0.805779
0,0,0.765985,0.390782,0.510447
0,0,-0.860756,-0.502764,0.079549
0,0,-0.207791,0.889789,0.406324
0,0,0.245687,0.400895,0.882565
22.3233,31.7103,-0.372721,-0.364104,0.853527
0,0,-0.784512,-0.50284,0.362894
0,0,-0.452654,0.856194,0.249072
0,0,-0.524,-0.668535,0.527716
0,0,0.407514,-0.595843,0.692029
0,0,0.488745,-0.0917371,0.86759
0,0,0.492693,0.857488,0.148214
0,0,0.410437,-0.822276,0.394214
0,0,0.565717,-0.293893,0.770449
0,0,-0.30224,-0.190267,0.93405
14.4154,20.7912,0.557712,-0.152294,0.815944
0,0,-0.42597,-0.667781,0.610425
0,0,0.634258,0.287082,0.717844
0,0,-0.303222,-0.736573,0.60458
0,0,0.790139,0.418362,0.447944
0,0,-0.869577,0.437154,0.229634
0,0,0.846514,-0.507692,0.160193
0,0,0.736955,0.640659,0.215531
0,0,0.670325,-0.457596,0.584183
0,0,-0.572503,-0.794699,0.201725
0,0,-0.707506,0.700054,0.0967519
0,0,0.33394,0.353203,0.873918
0,0,0.561957,-0.624523,0.542378
0,0,0.229182,-0.401497,0.886722
0,0,-0.943883,-0.196309,0.265607
0,0,0.327602,-0.308107,0.893167
0,0,-0.607402,-0.513648,0.605994
0,0,0.420363,-0.903374,0.0849114
0,0,0.10887,-0.921159,0.37365
0,0,-0.695779,-0.710889,0.102605
0,0,0.537559,-0.83297,0.131118
13.8921,20.2469,-0.43888,0.379064,0.814674
0,0,0.942126,0.107574,0.317531
0,0,-0.186134,0.631839,0.752419
0,0,-0.199633,0.531227,0.823374
0,0,-0.882022,-0.0131529,0.471024
0,0,-0.589376,-0.74688,0.307906
0,0,-0.298342,-0.447699,0.842946
0,0,-0.199964,0.939399,0.278466
0,0,-0.406734,-0.718461,0.564253
0,0,-0.761067,-0.40558,0.506243
0,0,-0.708226,0.0952915,0.699525
0,0,-0.659612,0.727183,0.190045
0,0,-0.647112,-0.666594,0.369998
0,0,-0.718271,-0.388768,0.577014
0,0,-0.963177,0.178477,0.201088
0,0,0.981093,0.0793703,0.176512
0,0,0.453133,-0.663528,0.595315
0,0,0.505205,0.0699318,0.860161
0,0,-0.66998,0.40896,0.61958
0,0,-0.0511978,-0.83851,0.542475
0,0,0.133412,-0.825677,0.548142
0,0,0.590982,-0.642458,0.487841
0,0,-0.958942,-0.263698,0.10437
0,0,-0.235726,0.919788,0.313725
0,0,-0.0857038,0.889638,0.448553
0,0,-0.91079,0.126815,0.392912
0,0,-0.137759,-0.442572,0.886088
0,0,0.9528,0.300888,0.0404717
4.83893,7.16625,-0.300711,-0.176489,0.937243
0,0,-0.2004,0.950517,0.237397
0,0,0.291065,0.953316,0.0804357
0,0,0.631882,-0.626633,0.456131
0,0,0.984054,0.158802,0.0801206
0,0,0.507952,0.682156,0.525973
0,0,-0.984455,-0.175221,0.012073
0,0,0.205305,0.756951,0.620383
0,0,0.957918,-0.285829,0.0263826
0,0,-0.619383,0.715741,0.322615
0,0,-0.78278,0.344457,0.518271
0,0,-0.165355,0.537719,0.82675
0,0,0.568771,-0.808493,0.151126
0,0,0.850924,-0.159452,0.500503
0,0,-0.33121,0.631601,0.700986
0,0,-0.439737,-0.58759,0.679241
0,0,0.738852,-0.572164,0.355987
0,0,0.123218,-0.791286,0.598903
0,0,-0.193992,0.980724,0.0234069
0,0,0.258761,0.948422,0.183135
0,0,0.990839,0.0507968,0.12513
0,0,-0.842104,0.531985,0.0886115
0,0,0.604377,0.105843,0.789636
0,0,-0.524403,-0.500371,0.688934
21.8993,30.0086,0.451097,0.258589,0.854191
0,0,-0.973595,-0.129856,0.18775
0,0,0.532291,0.79774,0.283331
0,0,0.512403,-0.305422,0.802597
0,0,0.639791,-0.242675,0.72923
0,0,0.523172,-0.833679,0.176833
0,0,-0.387807,0.776488,0.49666
0,0,-0.123734,0.763305,0.634078
0,0,-0.572149,0.564533,0.594935
0,0,0.469404,0.850245,0.238208
0,0,-0.842063,0.103797,0.529297
0,0,-0.468735,-0.861309,0.196045
0,0,0.254481,-0.803448,0.538249
0,0,0.192912,0.979318,0.0609966
0,0,-0.0434204,-0.997957,0.0468663
0,0,-0.241007,-0.832759,0.498425
0,0,-0.806917,0.529068,0.262624
0,0,-0.730279,0.511331,0.453027
0,0,-0.793132,-0.608476,0.0264154
0,0,0.112821,-0.78437,0.609946
0,0,0.690823,-0.479058,0.541541
0,0,0.826267,-0.390941,0.405522
0,0,0.362023,-0.150813,0.919889
0,0,-0.93655,-0.105175,0.334383
0,0,0.507829,0.747586,0.428047
0,0,0.231757,-0.650068,0.723672
0,0,0.475974,0.789277,0.387931
0,0,0.221985,0.780646,0.584222
0,0,0.577867,0.329544,0.74664
0,0,-0.369829,-0.342378,0.863715
0,0,-0.216588,-0.186873,0.958211
0,0,0.777623,0.432984,0.455881
0,0,0.534264,-0.843734,0.0517237
0,0,0.888727,0.258653,0.378502
0,0,-0.345127,0.931464,0.115165
0,0,-0.492029,-0.347942,0.798025
0,0,-0.422487,0.503057,0.753949
0,0,0.434102,0.254515,0.864163
0,0,0.0859932,-0.99558,0.0377528
0,0,-0.824566,-0.425374,0.373025
0,0,0.596739,0.585606,0.548605
0,0,-0.19867,-0.604977,0.77106
0,0,-0.338199,-0.884381,0.321702
0,0,-0.657966,-0.713243,0.241588
0,0,-0.878326,-0.0407259,0.476324
0,0,-0.812939,-0.359283,0.458309
0,0,0.0688387,0.93566,0.346125
0,0,-0.93826,-0.221916,0.26537
0,0,0.533408,-0.68805,0.491999
0,0,0.18911,-0.828134,0.527666
0,0,0.405499,0.912171,0.0592885
0,0,0.894593,-0.265534,0.359438
0,0,-0.197801,-0.813554,0.546813
0,0,0.289632,0.951174,0.106683
0,0,-0.455691,0.370737,0.809259
0,0,-0.878104,0.311493,0.363189
0,0,-0.524726,-0.774334,0.353652
0,0,0.865967,0.496468,0.060178
0,0,-0.380083,0.924778,0.0179259
0,0,-0.142602,0.859704,0.490482
0,0,-0.517125,0.758836,0.395915
0,0,-0.419843,-0.826386,0.375257
0,0,0.897072,-0.343409,0.278088
0,0,0.970368,-0.215489,0.109315
0,0,-0.317974,0.309822,0.896048
0,0,0.0421874,0.622318,0.781627
0,0,0.00919272,-0.605892,0.795494
0,0,0.069202,0.581162,0.81084
0,0,0.894018,-0.244134,0.375674
0,0,-0.718842,-0.611845,0.330019
0,0,-0.13771,-0.989576,0.0421329
0,0,0.0636612,-0.815073,0.575849
0,0,0.567449,0.698059,0.436711
0,0,-0.316493,0.0856552,0.94472
0,0,0.644564,0.762851,0.0509531
0,0,-0.167249,0.610883,0.773854
0,0,-0.967159,-0.241964,0.0778256
0,0,-0.0959121,-0.577237,0.810925
0,0,-0.485337,0.872181,0.0612211
0,0,-0.114134,0.831985,0.542932
0,0,-0.251443,0.65426,0.713246
0,0,0.998722,0.0162395,0.0478589
0,0,-0.920556,0.316418,0.229035
0,0,0.900255,-0.416021,0.128323
12.1242,16.3536,-0.0714344,0.934269,-0.349341
0,0,-0.783356,0.266245,0.561664
0,0,0.619768,-0.00531683,0.784767
0,0,0.81272,0.479274,0.331335
0,0,0.414998,-0.54206,0.730717
0,0,-0.146483,0.942679,0.299832
0,0,-0.202586,0.814706,0.543335
0,0,-0.406367,0.913315,0.0268479
0,0,-0.224445,0.586608,0.778149
0,0,0.471038,-0.280311,0.836391
0,0,-0.151734,-0.92159,0.357279
0,0,0.416401,-0.622374,0.662768
0,0,0.871138,0.191543,0.452138
0,0,-0.577327,-0.0325934,0.815862
0,0,-0.388799,-0.709752,0.587442
0,0,-0.211373,0.940131,0.267347
0,0,-0.685237,0.67476,0.274132
0,0,0.260979,-0.76736,0.585704
0,0,-0.672442,0.603335,0.428729
0,0,-0.839221,-0.519472,0.160803
0,0,0.448264,-0.091945,0.88916
0,0,-0.561328,-0.788735,0.250615
0,0,0.899181,0.0476871,0.434971
0,0,-0.87408,-0.437851,0.210404
0,0,-0.00325028,0.114299,0.993441
0,0,-0.704868,0.708009,0.0434046
0,0,-0.47802,-0.754205,0.450191
0,0,0.368919,0.284639,0.884805
0,0,-0.859355,-0.190641,0.474515
0,0,0.646339,-0.3337,0.686214
0,0,-0.824251,-0.124427,0.552384
0,0,0.346092,0.937031,0.0468407
6.01332,9.27898,-0.515269,-0.0889904,0.852396
0,0,-0.094344,0.777026,0.622358
0,0,-0.678921,-0.501609,0.536147
0,0,0.786596,-0.0778816,0.612537
0,0,0.778925,0.565574,0.27093
0,0,0.194767,0.978628,0.0659748
0,0,0.82032,-0.124019,0.558296
0,0,-0.00996414,-0.967459,0.252831
0,0,-0.323254,-0.48897,0.810195
0,0,0.441451,0.618129,0.650414
0,0,-0.82008,0.535582,0.201547
0,0,0.0411901,0.968993,0.243631
0,0,-0.737112,0.533736,0.414477
0,0,0.757476,0.313672,0.572573
0,0,-0.976749,0.150099,0.153072
0,0,-0.23443,0.736133,0.634942
0,0,0.529659,0.142208,0.836205
0,0,-0.993029,-0.116062,0.0205648
0,0,-0.455591,0.322125,0.829863
0,0,0.137655,0.419464,0.897274
0,0,-0.809906,0.586226,0.0197821
0,0,0.506437,-0.0786605,0.858681
0,0,0.696901,0.485602,0.52775
22.7879,33.0508,0.616454,0.378061,0.690691
0,0,-0.206421,-0.418154,0.884612
0,0,-0.0977981,0.804351,0.58605
0,0,-0.303605,-0.951525,0.0492374
0,0,0.371203,-0.22618,0.900584
0,0,0.886382,0.430733,0.169694
0,0,0.504876,-0.857614,0.0979745
0,0,-0.426468,-0.904096,0.0271365
0,0,-0.299502,-0.853899,0.425624
0,0,0.265941,0.469396,0.841988
0,0,0.773587,-0.539623,0.33222
0,0,0.821804,0.527754,0.214739
0,0,0.506487,-0.186787,0.841773
0,0,0.130758,0.907937,0.398186
0,0,0.787195,-0.60848,0.100384
0,0,-0.647356,0.7141,0.266441
0,0,-0.220733,-0.442491,0.869183
0,0,-0.834032,-0.295077,0.466176
0,0,-0.306136,0.932002,0.194045
0,0,0.910609,0.3529,0.215066
0,0,0.100007,-0.377972,0.9204
0,0,0.0887727,0.791586,0.604575
0,0,0.263185,0.955102,0.136065
0,0,0.773448,-0.108116,0.624571
0,0,-0.512412,-0.0437316,0.857625
0,0,0.296982,-0.413558,0.860681
0,0,0.406967,0.280119,0.869431
0,0,0.495595,-0.810599,0.311953
0,0,0.624124,0.757928,0.189773
1.67892,2.30942,-0.577909,0.632649,-0.515534
0,0,-0.105397,0.88109,0.461054
0,0,0.186158,-0.974895,0.122164
0,0,-0.619999,0.534849,0.574053
0,0,0.393141,-0.316816,0.863173
0,0,0.268676,0.879035,0.393841
0,0,0.0694698,0.629017,0.774281
0,0,0.256259,0.965437,0.0475667
0,0,-0.268281,-0.428654,0.862717
24.0438,34.7863,-0.0614927,-0.0853647,0.99445
0,0,0.910424,-0.395427,0.121514
0,0,0.823764,-0.536731,0.182575
0,0,-0.95343,0.123757,0.275055
0,0,0.680746,-0.66532,0.306486
0,0,0.161921,-0.399143,0.902478
0,0,-0.419156,0.524943,0.740772
0,0,0.573912,0.592316,0.565497
0,0,0.63912,-0.191857,0.744793
0,0,-0.224625,-0.973935,0.0315478
0,0,0.841011,-0.417385,0.344224
0,0,0.499504,-0.271229,0.822758
0,0,-0.315881,0.444388,0.838295
0,0,0.868664,0.158964,0.469206
0,0,-0.28345,0.939509,0.1923
0,0,0.950157,-0.0663396,0.304631
0,0,0.666952,0.708316,0.231221
0,0,-0.796628,0.257163,0.547039
0,0,-0.100276,-0.993175,0.0595577
0,0,0.0716531,-0.514281,0.854624
0,0,-0.155277,-0.248026,0.956228
0,0,-0.258768,-0.171712,0.950555
0,0,-0.0769662,-0.640882,0.763771
0,0,-0.694609,-0.251991,0.673809
0,0,0.195761,-0.754432,0.626506
0,0,0.662278,-0.749191,0.0100169
0,0,-0.330989,-0.908981,0.253378
0,0,0.513303,-0.163894,0.842413
0,0,-0.207137,-0.621873,0.755227
0,0,-0.305845,0.606939,0.733542
0,0,0.135137,-0.423716,0.895658
0,0,0.614253,0.742248,0.267883
0,0,-0.771387,-0.381881,0.509047
0,0,0.629243,0.154454,0.761707
0,0,-0.898668,0.0891803,0.429468
0,0,-0.902473,0.40321,0.151542
0,0,0.920125,-0.249249,0.302066
0,0,-0.597726,-0.664614,0.448344
0,0,-0.60885,-0.756497,0.238776
0,0,0.412844,0.722699,0.554316
0,0,-0.667887,-0.73272,0.130573
0,0,-0.401134,0.54189,0.738544
0,0,0.653374,0.393337,0.646829
0,0,0.699188,-0.156062,0.697697
0,0,0.299276,0.919944,0.253253
17.3892,24.7303,0.170319,-0.802336,0.572057
0,0,-0.844387,-0.222497,0.487345
6.3296,8.65187,0.374127,0.818656,0.435696
0,0,-0.488311,-0.71369,0.502194
0,0,-0.388965,0.498472,0.774747
0,0,0.238807,0.351414,0.905251
0,0,0.0465744,0.328193,0.943462
0,0,-0.156931,-0.934274,0.320163
0,0,-0.185347,0.88034,0.436632
0,0,0.809184,-0.333344,0.483842
0,0,-0.270973,-0.949371,0.158958
0,0,-0.951843,0.301199,0.057219
0,0,-0.351832,-0.838585,0.41592
0,0,-0.434701,0.715933,0.546329
0,0,-0.483149,0.0653858,0.873093
0,0,-0.0768907,-0.793837,0.603249
0,0,-0.14708,-0.908139,0.391982
0,0,0.920035,-0.0798906,0.383607
0,0,-0.655093,0.450835,0.606301
0,0,-0.716664,-0.0563541,0.695138
0,0,-0.189922,-0.477092,0.858087
0,0,0.932519,-0.149067,0.328918
0,0,0.9645,-0.12123,0.234612
0,0,0.79969,0.156628,0.579623
0,0,0.446239,0.232346,0.864225
0,0,-0.766934,-0.633695,0.101202
0,0,0.757788,0.444599,0.477586
0,0,-0.539175,0.451581,0.71089
0,0,-0.648924,0.483538,0.587443
0,0,0.142609,0.989617,0.0179118
0,0,0.740349,0.141124,0.657243
0,0,0.869479,0.492552,0.0373968
0,0,-0.199038,-0.347665,0.916249
0,0,-0.162209,0.790534,0.590546
0,0,-0.865926,-0.326557,0.378857
0,0,-0.811432,0.274981,0.515716
0,0,0.950013,0.104724,0.294122
0,0,0.0385482,0.362784,0.931075
0,0,-0.574831,0.603888,0.552166
0,0,0.969855,0.241966,0.0288818
0,0,-0.284419,-0.705964,0.64863
0,0,-0.231376,0.962078,0.144467
0,0,-0.337141,-0.178929,0.924295
0,0,0.662027,0.0613546,0.746964
0,0,0.599462,0.298481,0.742667
0,0,0.406807,0.817011,0.408657
0,0,0.604554,-0.794087,0.0627707
0,0,-0.290994,-0.789054,0.541033
0,0,0.975889,0.170644,0.136091
0,0,0.251415,0.00719063,0.967853
0,0,-0.682714,0.650592,0.332613
0,0,-0.0919297,0.927969,0.361141
0,0,-0.837801,0.487276,0.246277
0,0,-0.933988,0.236028,0.268248
0,0,0.718596,-0.6029,0.346599
0,0,0.678541,0.734324,0.0187254
0,0,-0.160448,-0.936956,0.310436
0,0,0.471337,0.73245,0.491283
0,0,-0.672137,0.266667,0.690739
0,0,-0.633197,-0.74715,0.202059
0,0,-0.977718,-0.159227,0.136797
0,0,0.735615,0.327487,0.592978
0,0,0.262341,-0.411534,0.872821
0,0,-0.693116,-0.488317,0.530223
0,0,0.75489,-0.258628,0.602705
0,0,-0.000237707,0.507428,0.861694
0,0,0.773861,-0.00369617,0.633345
0,0,0.647231,-0.0888692,0.757096
2.57838,3.6281,0.161223,-0.410961,0.897284
0,0,-0.858725,0.218527,0.463506
0,0,0.363057,0.129367,0.922742
0,0,-0.0166199,0.994324,0.105087
0,0,0.477982,-0.510974,0.71445
0,0,0.220072,0.559332,0.799197
0,0,-0.781836,-0.621578,0.0487122
0,0,0.983381,-0.109405,0.144889
0,0,0.906326,-0.246976,0.342894
0,0,-0.405551,-0.777548,0.48057
0,0,0.631304,-0.340613,0.696734
0,0,-0.733083,0.483899,0.477944
0,0,0.865056,0.347447,0.361883
0,0,-0.00272128,0.868981,0.494838
0,0,-0.309245,0.315099,0.897262
0,0,0.566554,0.0897217,0.819126
0,0,0.728508,-0.682501,0.0588976
0,0,0.908325,0.254989,0.331552
0,0,0.808108,0.434884,0.397288
0,0,-0.548068,-0.50386,0.667643
0,0,0.709961,0.255331,0.656324
0,0,-0.282882,0.901645,0.327131
0,0,-0.323935,0.59659,0.734266
0,0,-0.388851,-0.572458,0.721863
0,0,-0.288845,-0.826718,0.48281
0,0,0.288134,-0.743325,0.603694
0,0,-0.216753,0.651931,0.726639
0,0,0.340907,0.641713,0.687013
0,0,0.774493,0.632496,0.0104681
0,0,-0.749661,0.3197,0.579482
0,0,-0.263994,0.535215,0.802404
0,0,-0.849805,0.521245,0.0783329
0,0,-0.783754,0.0854608,0.615163
0,0,-0.91605,0.399931,0.030121
0,0,0.166703,-0.401358,0.900623
0,0,-0.497355,0.512066,0.700305
0,0,-0.354436,-0.933672,0.0513078
0,0,-0.483566,0.830653,0.276007
0,0,-0.212739,-0.573693,0.79096
0,0,0.709574,-0.691207,0.136884
0,0,-0.396615,-0.782919,0.479306
0,0,0.862891,-0.213202,0.458219
0,0,0.0866121,-0.994962,0.0504854
0,0,0.941549,-0.089168,0.324861
0,0,-0.862429,-0.356864,0.358977
0,0,0.670622,-0.43356,0.601907
0,0,-0.119222,0.718689,0.685035
0,0,0.81291,-0.500639,0.297553
0,0,-0.426562,-0.0578919,0.902604
0,0,-0.439415,-0.546332,0.713047
0,0,0.514231,0.690576,0.508598
0,0,-0.788115,0.03844,0.614326
0,0,-0.815608,-0.556866,0.157113
0,0,0.418469,-0.646471,0.637933
0,0,0.911148,0.371862,0.177562
0,0,-0.385286,0.000846245,0.922797
0,0,-0.0596904,0.87079,0.488018
0,0,-0.757784,0.601744,0.252324
0,0,0.609639,0.642453,0.464323
0,0,0.814974,-0.53576,0.220858
0,0,-0.282247,0.952566,0.113823
0,0,-0.499157,-0.194681,0.844358
0,0,0.350142,-0.307664,0.884728
0,0,-0.953625,-0.29184,0.0736765
0,0,-0.114973,0.717095,0.687427
0,0,-0.361132,-0.602238,0.711964
0,0,-0.976707,-0.0913549,0.194161
0,0,-0.886776,0.248882,0.38947
0,0,-0.906224,-0.124506,0.40405
0,0,-0.850117,-0.463528,0.249885
0,0,-0.459885,-0.880481,0.115144
0,0,-0.050537,0.802195,0.59492
0,0,0.360345,-0.856478,0.369589
0,0,-0.380939,-0.352442,0.854793
0,0,-0.0974497,-0.831249,0.547292
0,0,0.765012,-0.00275144,0.64401
0,0,0.629793,-0.217962,0.745556
0,0,-0.0923685,-0.447738,0.889381
0,0,0.939729,0.340078,0.0354367
0,0,0.605546,0.793635,0.058806
0,0,-0.0554288,0.942633,0.329198
0,0,-0.138485,0.834754,0.532923
0,0,-0.210776,-0.473975,0.854939
0,0,0.93894,0.279773,0.200294
0,0,-0.51801,-0.559904,0.646663
0,0,0.32087,0.816104,0.480643
0,0,0.0473886,-0.984562,0.168498
0,0,0.925611,0.163073,0.341542
0,0,0.822973,-0.13192,0.552551
0,0,0.182222,0.895539,0.405961
0,0,0.315777,0.926821,0.203193
0,0,-0.129398,-0.0920556,0.98731
0,0,0.807308,0.447444,0.384769
0,0,0.390829,0.920026,0.0283878
0,0,0.212483,0.649769,0.72983
0,0,0.796082,-0.375745,0.474415
0,0,0.068361,-0.396474,0.915497
0,0,0.45512,0.678875,0.576189
18.9289,26.5608,-0.28883,0.132641,0.948148
0,0,-0.581461,0.747804,0.320456
0,0,0.0614278,0.963957,0.258871
0,0,0.284945,-0.945361,0.158424
0,0,0.765147,0.330397,0.55262
0,0,0.272221,-0.95563,0.11255
0,0,-0.414116,0.863431,0.288089
0,0,-0.208027,0.744162,0.634781
0,0,0.619594,0.708464,0.337908
0,0,0.0320689,0.615263,0.78767
0,0,0.668003,-0.109226,0.736099
0,0,0.171904,0.961935,0.212439
0,0,-0.535861,-0.752738,0.382411
0,0,0.0428778,-0.343199,0.938284
0,0,0.984828,-0.0922953,0.146951
0,0,-0.0832449,0.27189,0.958721
0,0,0.0351247,-0.795511,0.604921
0,0,-0.835284,-0.542287,0.09069
0,0,0.980288,-0.185463,0.0681119
15.2142,21.3762,0.495571,0.702738,0.510459
0,0,0.717191,-0.0128061,0.696759
0,0,0.272077,-0.407977,0.87151
0,0,-0.961903,-0.197532,0.189006
0,0,0.433692,0.660998,0.612367
0,0,-0.0550034,-0.738706,0.67178
0,0,0.497929,0.0293367,0.866722
0,0,0.928992,-0.290296,0.229569
0,0,0.756932,-0.342732,0.556407
0,0,0.185738,-0.834986,0.517977
0,0,-0.391116,-0.0046109,0.92033
0,0,-0.125375,-0.965427,0.228543
0,0,-0.404356,0.91267,0.0594143
0,0,0.805313,0.1161,0.581371
0,0,-0.0232298,-0.885748,0.463584
0,0,0.775036,-0.141008,0.615984
0,0,-0.245753,0.810998,0.530931
0,0,0.85949,0.510311,0.0293226
0,0,-0.242833,-0.969823,0.0218021
0,0,0.0936611,-0.673134,0.733565
0,0,0.812296,-0.304495,0.497451
11.4974,17.9937,-0.0275015,-0.0920162,0.995378
0,0,0.445068,0.459375,0.768693
0,0,0.089071,-0.984165,0.153252
0,0,0.579101,-0.63028,0.517096
0,0,-0.816215,0.515556,0.260758
0,0,0.500105,-0.329923,0.800653
0,0,-0.828825,-0.268409,0.490924
0,0,-0.571033,0.45388,0.684043
0,0,0.452692,0.711888,0.536922
0,0,-0.0546052,0.743686,0.666296
0,0,0.586755,0.127225,0.799708
21.6992,31.526,-0.00541372,0.0833895,-0.996502
0,0,-0.458741,0.837031,0.29822
0,0,-0.792649,0.589816,0.154353
0,0,0.290343,-0.28308,0.914093
0,0,-0.0316333,0.538433,0.842074
0,0,-0.705077,0.609388,0.362648
0,0,-0.114178,-0.743933,0.658428
0,0,0.0425754,0.721439,0.691168
0,0,-0.289891,0.878069,0.380733
0,0,0.175071,-0.911417,0.372383
0,0,-0.221743,0.966158,0.131793
0,0,-0.953565,-0.0938404,0.286194
0,0,-0.421544,-0.829368,0.366674
0,0,0.0955361,-0.968907,0.228235
0,0,0.188879,0.841487,0.506186
0,0,0.333171,-0.837847,0.432446
0,0,-0.141086,-0.685294,0.71447
0,0,0.876084,0.475219,0.0815132
0,0,-0.134232,0.904954,0.403782
0,0,0.375352,0.423315,0.82457
0,0,0.556131,-0.469217,0.68597
0,0,0.65265,0.292349,0.698985
0,0,0.927871,0.0635637,0.367445
0,0,0.284077,-0.903023,0.322257
0,0,0.293485,0.831089,0.472396
0,0,-0.214554,0.154852,0.964359
0,0,-0.515813,-0.476918,0.711679
0,0,-0.775485,-0.492937,0.394508
0,0,0.48975,-0.41883,0.764674
0,0,-0.973092,-0.22717,0.0385345
0,0,0.698576,0.44421,0.560953
0,0,0.025867,-0.8768,0.480158
0,0,-0.569656,-0.30271,0.764107
0,0,0.0511492,0.921059,0.386049
0,0,-0.0129346,-0.766423,0.642206
0,0,-0.838287,-0.514774,0.179673
0,0,0.424247,-0.468006,0.775232
0,0,-0.71239,-0.160739,0.683128
0,0,-0.482071,0.798777,0.359949
0,0,0.351236,-0.579022,0.735776
0,0,-0.456881,-0.881849,0.116629
0,0,-0.759316,-0.325579,0.563415
24.0801,31.9587,-0.0485758,-0.562776,0.825181
0,0,0.165366,-0.132427,0.977301
0,0,0.579155,0.667933,0.467381
0,0,-0.381184,0.604075,0.699852
0,0,0.826754,-0.552273,0.107111
0,0,-0.0715375,-0.996645,0.0397649
0,0,0.0829891,0.482746,0.871819
0,0,-0.703911,0.660229,0.261929
0,0,0.946998,0.265257,0.181199
0,0,0.505124,-0.611963,0.608564
0,0,-0.705125,0.398441,0.586552
0,0,-0.574575,0.817826,0.0319995
0,0,0.924762,0.380542,0.00185791
0,0,0.560013,0.406934,0.721658
0,0,0.83826,-0.347936,0.419833
0,0,0.906036,-0.142025,0.398658
0,0,-0.964969,-0.104694,0.240571
0,0,0.591485,0.651242,0.475426
0,0,0.900555,-0.192453,0.389823
0,0,0.449118,0.677899,0.582019
0,0,0.886921,0.418764,0.194958
0,0,0.00261476,-0.943418,0.331596
0,0,-0.498563,0.855809,0.137937
0,0,-0.603921,0.0170842,0.796861
0,0,-0.530749,0.323958,0.783171
0,0,0.526509,-0.581172,0.620506
0,0,-0.914897,-0.0974827,0.391741
0,0,0.277579,0.885983,0.371462
0,0,-0.552316,0.769427,0.320827
19.9709,29.3312,-0.168608,-0.235319,0.957182
12.9977,19.0726,-0.120385,0.242922,0.962547
0,0,0.334082,0.858475,0.389115
0,0,-0.526888,-0.146751,0.83717
0,0,0.327539,-0.137567,0.934769
0,0,-0.367649,-0.345974,0.863213
0,0,0.948039,-0.311582,0.064331
0,0,0.976419,-0.212068,0.0404152
0,0,0.428109,-0.148708,0.891408
0,0,0.342803,-0.915433,0.210873
0.267436,0.140827,0.695956,0.463223,-0.548697
0,0,-0.540223,-0.823832,0.171638
0,0,0.596459,-0.399733,0.696025
0,0,0.586554,-0.739297,0.330749
0,0,0.772718,0.145186,0.617922
0,0,0.741692,0.272976,0.61268
0,0,0.969227,0.0429953,0.242386
0,0,0.501342,-0.771933,0.390865
0,0,-0.534157,0.46308,0.707272
0,0,0.486608,0.860665,0.149896
0,0,-0.824617,0.500655,0.263347
0,0,-0.760888,0.0713646,0.644946
0,0,0.433692,0.811039,0.392589
0,0,0.603933,0.769087,0.209213
0,0,-0.0614122,-0.742973,0.666498
0,0,-0.964138,-0.229938,0.132536
0,0,-0.132291,-0.979963,0.148901
0,0,-0.389379,-0.277421,0.878306
0,0,0.651223,0.333263,0.681795
0,0,0.930042,-0.287918,0.228311
0,0,-0.765451,0.642676,0.0324397
0,0,-0.633925,0.403331,0.659896
0,0,0.849173,0.348523,0.396784
0,0,0.134963,-0.518935,0.844092
0,0,0.972511,0.132196,0.191696
0,0,-0.476927,-0.0433294,0.877875
0,0,0.650189,0.283365,0.704953
0,0,-0.173176,0.984175,0.037536
0,0,-0.13093,0.982595,0.131773
0,0,-0.013897,-0.97048,0.240783
0,0,0.727249,0.357335,0.586022
0,0,0.511052,-0.436074,0.74072
0,0,0.693884,0.0185023,0.719849
0,0,0.793696,0.503324,0.34163
0,0,0.859765,-0.418618,0.292512
11.3359,16.4739,0.249733,-0.484486,0.838395
0,0,-0.264192,0.605913,0.750381
0,0,-0.0535088,0.992921,0.106037
0,0,0.432855,0.148488,0.88915
0,0,0.3844,0.674808,0.629977
0,0,-0.471957,0.789541,0.392278
0,0,-0.389068,-0.921077,0.0156184
14.6583,20.1885,-0.482043,-0.862234,0.155522
0,0,-0.967376,0.0946142,0.235015
0,0,0.330937,-0.800298,0.500004
0,0,-0.639609,-0.712026,0.289687
0,0,-0.846918,0.463198,0.261109
0,0,-0.343646,0.913879,0.216178
0,0,-0.357168,0.248761,0.900305
0,0,0.97829,0.106325,0.177888
0,0,-0.57526,-0.720582,0.387088
0,0,0.812801,0.453052,0.366195
0,0,0.114017,-0.94648,0.301954
0,0,0.110919,-0.865713,0.488096
0,0,0.111542,0.209689,0.971385
17.4879,24.6863,0.388765,0.331173,0.859759
0,0,-0.386451,-0.19188,0.90213
0,0,0.240481,0.185035,0.952854
0,0,-0.055259,-0.0765294,0.995535
0,0,0.0203691,-0.913716,0.405844
0,0,-0.291395,0.75684,0.585049
0,0,-0.343367,-0.79432,0.501154
0,0,0.27171,-0.0981178,0.957365
0,0,-0.662169,0.100167,0.742629
0,0,-0.318884,0.847176,0.424978
0,0,-0.667519,0.682772,0.297053
0,0,0.448786,0.891847,0.0565661
0,0,0.259768,0.944673,0.200284
0,0,0.215266,0.597003,0.772818
0,0,0.881353,-0.46172,0.100161
10.0484,12.4888,-0.124096,0.0638112,0.990216
0,0,0.0383893,-0.215536,0.975741
0,0,0.135884,-0.980299,0.14335
13.527,19.8748,-0.141996,0.873657,-0.465361
0,0,-0.171383,0.902168,0.39588
0,0,0.018982,-0.646131,0.76299
0,0,-0.126461,0.725282,0.676737
0,0,0.967447,0.072007,0.242613
0,0,0.303542,-0.369924,0.878077
0,0,0.775358,-0.412644,0.478063
0,0,0.813089,-0.307649,0.494205
0,0,0.615831,0.422131,0.66525
0,0,0.0878881,0.122515,0.988568
0,0,-0.186313,0.959003,0.213546
0,0,-0.289527,0.957166,0.00286568
0,0,-0.0544519,-0.996762,0.0591663
0,0,0.137317,-0.627443,0.766459
0,0,-0.249187,-0.721679,0.645821
0,0,-0.10522,0.786834,0.608129
20.3835,30.4167,-0.56958,0.221533,0.791519
0,0,0.710674,0.650598,0.267703
0,0,0.475895,0.203428,0.855652
0,0,-0.856447,-0.388349,0.340122
0,0,0.0253637,0.548919,0.835491
0,0,-0.856414,0.183585,0.482546
0,0,-0.27316,0.576002,0.770458
0,0,0.0418978,0.728385,0.683886
0,0,-0.893779,-0.237686,0.380348
0,0,-0.69791,0.653013,0.294101
0,0,0.102963,-0.41948,0.901907
0,0,0.624119,-0.581841,0.521476
0,0,-0.727137,0.234587,0.645167
0,0,0.598607,0.708079,0.374557
0,0,-0.542211,-0.832151,0.116327
0,0,0.879764,0.473469,0.0429268
0,0,-0.169764,-0.794419,0.583162
0,0,0.881709,-0.453884,0.128759
0,0,-0.27042,-0.170139,0.947589
0,0,0.160215,0.805525,0.570492
0,0,-0.471844,-0.0923875,0.876828
0,0,0.536599,-0.561997,0.629461
0,0,0.880384,0.459101,0.118953
0,0,-0.873933,-0.324546,0.361816
0,0,0.264746,0.666352,0.697054
0,0,0.590945,0.406113,0.697034
0,0,0.189563,0.155361,0.969499
0,0,0.281384,0.601008,0.748072
0,0,-0.563522,0.818619,0.110932
0,0,-0.577662,0.701447,0.417466
0,0,-0.414976,0.030171,0.909332
0,0,-0.955105,-0.160717,0.248885
9.42858,14.3222,0.102721,0.480555,0.870928
0,0,0.428109,-0.51823,0.740379
0,0,0.224055,0.591477,0.774567
0,0,0.806732,0.404898,0.430396
0,0,0.953224,0.0344272,0.300299
0,0,0.147631,-0.841235,0.520123
0,0,-0.875855,0.357594,0.324045
0,0,0.368807,-0.0921724,0.924924
0,0,0.0362223,0.926434,0.374712
0,0,0.779116,0.624768,0.0514184
0,0,-0.723641,0.304506,0.61937
0,0,-0.560542,-0.818276,0.127347
0,0,0.895833,0.375458,0.237726
0,0,0.406968,-0.211913,0.888521
0,0,-0.486362,-0.80447,0.340997
0,0,0.769477,0.556604,0.313204
0,0,0.0458484,0.994541,0.0937394
0,0,0.644625,-0.682982,0.343502
0,0,-0.694958,-0.682998,0.224828
0,0,-0.449909,0.143743,0.88143
0,0,-0.109498,0.949285,0.294733
0,0,-0.124778,-0.514703,0.84824
0,0,0.584229,-0.794569,0.165341
0,0,-0.331372,-0.322287,0.886749
0,0,0.291438,0.901899,0.318812
0,0,0.027298,-0.286389,0.957724
0,0,0.327201,-0.944942,0.00491704
0,0,0.968644,-0.239817,0.0649359
0,0,-0.461001,0.181192,0.868704
0,0,-0.0933325,0.676688,0.730331
0,0,0.614474,-0.609144,0.501364
0,0,0.954791,-0.294655,0.0393963
0,0,-0.778138,0.600937,0.182688
0,0,-0.740101,-0.358923,0.568704
0,0,0.884698,0.464519,0.0391372
0,0,0.974591,0.19464,0.110854
0,0,-0.72629,0.181843,0.6629
0,0,-0.598451,0.365272,0.713044
0,0,0.718524,-0.311085,0.622052
0,0,-0.228116,0.799003,0.556379
0,0,-0.750567,-0.417425,0.512256
0,0,-0.376808,0.199721,0.904504
0,0,-0.75927,0.104359,0.642354
0,0,0.265663,-0.420475,0.867539
0,0,0.862376,-0.0173924,0.50597
0,0,0.00579373,-0.812961,0.58229
0,0,0.31937,0.706573,0.631472
0,0,-0.224081,0.780352,0.583814
0,0,-0.644545,0.011581,0.764479
0,0,0.994654,0.102638,0.0113833
0,0,0.547856,0.83474,0.0553455
0,0,0.861626,-0.196127,0.468119
0,0,-0.48505,0.874257,0.0200422
0,0,0.145964,-0.834845,0.530781
0,0,0.555925,-0.0426885,0.830136
0,0,0.805068,-0.400369,0.437688
0,0,-0.189762,0.411859,0.89127
0,0,0.943334,0.309437,0.119873
0,0,-0.723125,0.655798,0.21684
0,0,-0.426213,-0.217188,0.878164
0,0,0.467662,0.357463,0.808401
0,0,0.64985,0.326821,0.68621
0,0,-0.950663,-0.307641,0.0399702
0,0,-0.648379,0.696517,0.307357
0,0,0.909646,0.368102,0.192473
0,0,0.0468831,-0.870526,0.489884
0,0,0.689522,0.709319,0.146376
0,0,0.0637164,-0.806546,0.587727
0,0,0.463147,-0.874932,0.141381
0,0,0.549786,0.101794,0.82908
0,0,0.720944,-0.692743,0.0186203
0,0,-0.254625,-0.946524,0.198139
0,0,-0.511712,-0.631801,0.582218
0,0,0.263152,-0.410938,0.872858
0,0,-0.66701,-0.628126,0.400694
0,0,0.263419,0.168393,0.949871
0,0,-0.396087,0.882293,0.254312
0,0,0.180603,-0.535282,0.82514
22.4506,29.8941,-0.527638,-0.846588,0.0699027
0,0,-0.0416019,-0.763552,0.644404
0,0,-0.407589,0.288371,0.866437
0,0,-0.841585,-0.412709,0.348434
0,0,-0.692748,-0.651325,0.309639
0,0,-0.904452,-0.369156,0.213754
0,0,0.222124,0.193865,0.955551
0,0,-0.184644,0.730356,0.657637
0,0,-0.263686,0.783633,0.562485
0,0,-0.247042,-0.73374,0.632927
0,0,0.0186629,0.792426,0.609682
0,0,0.277153,0.747007,0.604291
0,0,0.247971,0.307022,0.91883
0,0,0.534036,-0.669011,0.516943
0,0,-0.323263,-0.457942,0.828124
0,0,0.874152,-0.440389,0.204735
0,0,0.52845,-0.843153,0.0991677
0,0,-0.757672,-0.127358,0.640088
0,0,0.565909,-0.394537,0.723939
0,0,0.501296,0.836593,0.220937
0,0,-0.495232,0.370925,0.785595
0,0,0.586779,0.666095,0.460443
0,0,0.678919,0.45042,0.57982
0,0,0.066911,0.764594,0.641029
21.8156,33.1783,0.797021,-0.0337092,0.60301
0,0,-0.461462,-0.557156,0.690384
0,0,0.159917,-0.339286,0.926991
0,0,0.537122,0.278005,0.796375
0,0,-0.218613,-0.955603,0.197563
20.7136,30.4777,-0.939898,0.199409,0.277178
0,0,-0.966506,-0.199101,0.161944
0,0,-0.571015,-0.530111,0.626837
0,0,-0.139108,-0.894396,0.425094
0,0,0.813229,-0.147482,0.562946
0,0,-0.831174,0.513025,0.214372
0,0,-0.986781,-0.0397697,0.157102
0,0,-0.155773,-0.859855,0.486194
0,0,-0.923834,-0.348063,0.159319
0,0,0.244391,-0.402407,0.882237
0,0,-0.581808,-0.115314,0.80511
0,0,0.360465,0.282794,0.888872
0,0,-0.13519,-0.968888,0.207316
0,0,0.519115,-0.353079,0.778367
0,0,0.654529,0.0614789,0.753533
0,0,-0.452894,-0.463416,0.761664
0,0,-0.957163,-0.262579,0.12203
0,0,0.0485674,-0.742062,0.66857
0,0,0.608075,-0.160139,0.77756
0,0,0.419997,-0.900447,0.113123
0,0,0.514492,0.789358,0.33498
0,0,0.02611,0.524314,0.851124
0,0,0.63301,-0.269301,0.725792
0,0,-0.943037,0.178217,0.280926
0,0,0.400732,0.4417,0.802692
0,0,-0.0340423,0.67772,0.734531
0,0,0.388729,0.130187,0.912108
13.2303,17.1549,0.620608,-0.775405,0.116586
0,0,0.934926,0.354685,0.0106011
0,0,0.465574,0.0249894,0.884656
0,0,0.712868,0.28633,0.640184
0,0,0.476331,-0.417525,0.77381
0,0,-0.942384,0.160993,0.293246
11.9501,17.3848,0.220349,0.0159244,0.975291
0,0,0.0623068,0.876485,0.47738
0,0,0.709088,0.650157,0.272929
0,0,-0.110676,-0.205943,0.972285
0,0,-0.987412,-0.00875898,0.157928
0,0,0.417847,-0.194209,0.887517
0,0,0.0177065,0.987142,0.158865
0,0,-0.993963,-0.0267125,0.106411
0,0,-0.817845,-0.200267,0.539465
0,0,0.957986,0.286057,0.0208449
0,0,0.557012,0.693062,0.457606
17.5958,26.0257,0.129766,0.399207,0.907631
0,0,0.618081,-0.594241,0.514639
0,0,-0.80371,0.491929,0.334748
0,0,-0.754103,0.320895,0.573022
0,0,-0.296777,0.715976,0.631903
0,0,-0.169711,0.395803,0.902518
0,0,-0.0263244,0.41294,0.910378
0,0,-0.96367,-0.119556,0.238844
0,0,-0.0788441,0.92395,0.374299
0,0,0.275319,-0.409136,0.869947
0,0,-0.534218,-0.663477,0.52384
0,0,-0.259206,-0.889545,0.376194
11.7012,17.9337,-0.250648,-0.454324,0.854848
0,0,0.0632549,-0.898266,0.434875
17.1535,23.0118,-0.128295,-0.150563,0.98024
0,0,-0.59806,-0.701638,0.387333
0,0,-0.660556,-0.496564,0.563108
0,0,0.824663,-0.47851,0.301595
0,0,-0.692652,-0.0915829,0.715434
0,0,-0.0389096,0.817967,0.573947
0,0,0.718029,0.382413,0.581544
0,0,0.339791,-0.0785936,0.937211
0,0,0.471168,0.0443934,0.880926
0,0,-0.830916,0.359596,0.424581
0,0,-0.696295,0.708325,0.115973
0,0,-0.108063,0.583025,0.805235
0,0,0.392022,-0.539117,0.745434
0,0,0.984212,-0.110017,0.138645
0.420447,0.308818,0.956235,0.292418,-0.0103169
0,0,0.0366359,0.015518,0.999208
0,0,-0.584328,0.280307,0.76157
0,0,-0.0910174,-0.00757019,0.995821
0,0,0.980511,-0.132561,0.145002
0,0,0.205076,0.897241,0.391027
0,0,-0.504568,-0.0295106,0.862868
0,0,-0.333153,0.034712,0.942233
0,0,-0.851998,-0.396296,0.342123
0,0,-0.764976,-0.50299,0.40226
0,0,0.995962,-0.00324943,0.0897131
0,0,0.712227,0.694966,0.0987662
0,0,0.732863,0.342816,0.587698
0,0,-0.623788,0.135298,0.769794
0,0,0.554291,0.434407,0.709966
0,0,0.0953608,-0.975689,0.197324
0,0,0.719223,0.683847,0.122764
0,0,0.290814,0.709022,0.642428
0,0,-0.650085,0.384332,0.655499
0,0,-0.79631,-0.0548747,0.602395
0,0,-0.971981,-0.22804,0.057006
0,0,-0.766259,-0.145849,0.62576
0,0,0.028265,0.924763,0.379492
0,0,-0.242396,0.607217,0.756658
0,0,0.76138,-0.596942,0.252905
0,0,-0.140649,-0.965573,0.218829
0,0,-0.915155,-0.400472,0.0459833
0,0,0.557561,0.142556,0.817804
0,0,-0.0198632,0.428173,0.903478
0,0,-0.464456,0.332683,0.820733
0,0,0.580509,0.69939,0.41697
0,0,-0.00542829,-0.838798,0.544415
0,0,0.106085,-0.00660363,0.994335
0,0,-0.647915,0.745447,0.156577
0,0,-0.580529,0.0560723,0.812306
0,0,0.92127,0.0180683,0.388504
0,0,-0.873625,-0.00293725,0.48659
0,0,0.381582,0.563743,0.732522
0,0,0.237509,-0.640572,0.730244
0,0,0.106169,-0.680933,0.724609
0,0,-0.467535,0.452581,0.75933
0,0,0.653898,-0.228706,0.721188
0,0,-0.692668,0.494743,0.524824
0,0,0.0693932,0.964559,0.254579
0,0,0.997392,0.0446542,0.0566962
0,0,-0.648452,-0.37705,0.661319
0,0,0.598031,0.109637,0.793939
0,0,0.342533,0.0660287,0.937183
0,0,0.264322,-0.804012,0.532633
0,0,0.793493,0.456405,0.402571
0,0,-0.203765,-0.978943,0.0122412
0,0,-0.379483,-0.82962,0.40954
0,0,0.91177,0.119518,0.392926
0,0,-0.467675,0.770511,0.433121
0,0,0.622373,-0.380026,0.684275
0,0,0.936338,-0.344469,0.067915
0,0,-0.719719,-0.190509,0.667616
0,0,-0.0649336,-0.996641,0.0499005
0,0,0.346496,0.916818,0.19846
0,0,-0.345624,0.912658,0.218173
0,0,-0.826008,0.364689,0.429782
0,0,-0.68841,-0.708066,0.157272
19.3831,29.9538,0.0849828,-0.702542,0.70655
0,0,0.454069,-0.413843,0.789022
0,0,-0.947809,-0.259663,0.18502
0,0,0.0122418,-0.625363,0.780238
0,0,0.581124,-0.569448,0.581398
0,0,-0.984347,-0.170989,0.0427118
0,0,0.3067,-0.438957,0.844542
0,0,0.313995,-0.930807,0.187096
0,0,0.504058,0.85233,0.139493
0,0,0.605026,-0.552797,0.573026
0,0,0.139422,-0.484503,0.863607
0,0,0.218828,-0.253723,0.942199
0,0,-0.743047,0.623426,0.243355
0,0,-0.954335,-0.265026,0.137861
0,0,-0.134217,-0.846729,0.514816
0,0,-0.835931,0.497365,0.232049
0,0,-0.603455,0.314434,0.732785
0,0,0.480166,-0.0432499,0.876111
0,0,-0.3261,-0.936022,0.13237
0,0,0.265032,0.918044,0.294878
0,0,0.59993,0.762736,0.24149
0,0,0.0226161,0.923192,0.383672
0,0,0.534557,0.279984,0.797407
0,0,-0.842962,0.125093,0.523227
0,0,-0.910054,0.317404,0.266564
0,0,-0.260305,0.478354,0.838701
0,0,-0.260305,0.478354,0.838701
0,0,-0.872936,0.430352,0.22974
0,0,-0.00573132,-0.92392,0.382544
0,0,-0.493646,-0.210121,0.843897
0,0,-0.523526,-0.808304,0.269378
0,0,0.110856,0.857018,0.503221
0,0,0.270307,-0.639724,0.719505
0,0,-0.0566505,-0.997671,0.0379967
0,0,0.0288293,-0.98721,0.156797
0,0,0.825046,-0.310053,0.472404
0,0,-0.395034,-0.67551,0.622604
0,0,0.738885,-0.407184,0.53689
0,0,-0.354564,-0.893989,0.273984
0,0,0.739005,-0.672592,0.0386183
0,0,-0.602803,0.0396332,0.796905
0,0,0.120328,-0.640167,0.758754
0,0,0.0745892,-0.447527,0.891154
0,0,0.227026,-0.488878,0.842293
0,0,-0.0771711,0.93621,0.342864
0,0,0.242541,-0.696762,0.675053
0,0,0.183644,-0.625887,0.757984
0,0,0.560875,-0.469742,0.681734
0,0,-0.75101,-0.142744,0.644677
0,0,-0.329116,0.847777,0.415881
0,0,-0.97939,0.0163692,0.201316
0,0,0.537384,-0.843332,0.00302874
0,0,0.928306,0.330239,0.170849
0,0,0.716586,-0.388382,0.579365
0,0,-0.612483,0.173236,0.771268
0,0,0.392851,0.532531,0.749719
0,0,-0.925933,-0.377462,0.0130482
0,0,0.577338,0.639101,0.508165
0,0,-0.654752,0.48109,0.582968
0,0,-0.206881,-0.902763,0.377119
0,0,0.488541,0.865588,0.109932
13.4319,18.5764,0.873199,-0.285067,-0.395297
0,0,-0.86762,-0.393708,0.303693
0,0,-0.215361,-0.967682,0.13119
0,0,0.286167,0.493608,0.821255
0,0,0.291724,-0.835588,0.465499
0,0,-0.548187,0.721872,0.422365
0,0,-0.0113877,0.82912,0.558954
0,0,0.0291904,-0.954211,0.297708
0,0,0.251922,0.851553,0.459775
0,0,0.977781,-0.103674,0.182197
0,0,0.404402,0.504218,0.763036
0,0,-0.010169,-0.712825,0.701268
0,0,0.487057,0.446312,0.750721
0,0,-0.797363,0.595465,0.0981456
0,0,0.19546,-0.670318,0.71587
2.7547,3.2725,0.0558177,0.128302,0.990163
0,0,-0.982487,0.0730971,0.171397
0,0,0.549476,0.209322,0.808864
0,0,-0.64701,-0.752008,0.125943
0,0,-0.8916,0.418917,0.171926
0,0,0.264034,0.21875,0.93938
0,0,0.402993,0.211448,0.890442
0,0,0.640897,-0.673184,0.368883
0,0,-0.723083,-0.29571,0.624265
0,0,-0.0431656,0.937053,0.346508
0,0,-0.819839,-0.406963,0.402796
0,0,-0.516748,0.0470614,0.854843
0,0,0.402695,-0.0519342,0.91386
0,0,-0.214478,0.362957,0.906786
0,0,0.661908,-0.208314,0.720058
0,0,0.217116,-0.913069,0.345205
0,0,-0.244595,-0.965788,0.086179
0,0,-0.584256,0.254745,0.770551
0,0,-0.802851,0.506194,0.314957
0,0,-0.984819,0.00614977,0.173474
0,0,0.80197,0.353452,0.481576
0,0,0.750898,-0.654235,0.0901622
0,0,0.234551,-0.786117,0.571844
0,0,-0.420166,0.864957,0.274427
0,0,-0.288838,0.700919,0.652139
0,0,-0.76658,0.0331484,0.641293
0,0,-0.0830104,0.871917,0.482567
0,0,-0.422535,0.100887,0.900714
0,0,0.922255,-0.174389,0.345013
0,0,-0.521536,0.307798,0.795777
0,0,0.701298,-0.566238,0.433077
0,0,-0.556063,0.54619,0.626475
21.6775,31.2567,-0.265958,-0.318692,0.909781
0,0,0.597612,0.666894,0.445097
0,0,-0.455803,0.624282,0.634441
0,0,0.323127,0.804693,0.498054
0,0,-0.524847,0.819801,0.229044
0,0,0.597661,0.490897,0.633895
0,0,-0.42622,0.760598,0.489722
0,0,0.491419,-0.764943,0.416376
0,0,-0.66237,0.258799,0.703057
0,0,-0.535891,0.781728,0.318939
0,0,-0.301667,-0.945419,0.123205
0,0,-0.782214,-0.284663,0.554174
0,0,-0.126746,-0.99188,0.0104738
0,0,-0.597297,0.397418,0.696632
0,0,-0.0908155,0.271252,0.958215
0,0,0.614252,-0.448209,0.649464
0,0,0.336604,-0.136033,0.931769
0,0,-0.765428,-0.643448,0.00972413
0,0,-0.265245,-0.689729,0.673735
0,0,0.999648,-0.00290493,0.0263609
0,0,-0.0889696,-0.293758,0.95173
0,0,-0.620033,0.00262017,0.784571
0,0,0.554006,0.692251,0.462456
23.8057,36.8545,-0.317164,-0.419877,-0.850359
0,0,0.945589,0.219947,0.239761
0,0,0.933952,-0.155421,0.321835
0,0,0.373896,-0.926918,0.0320109
0,0,0.303794,0.768274,0.56344
0,0,-0.0924135,-0.901527,0.42274
0,0,-0.604333,-0.153061,0.781892
0,0,0.238053,0.936619,0.25705
0,0,-0.559649,-0.827091,0.0520826
0,0,-0.673885,-0.0199435,0.738567
0,0,-0.759909,-0.464545,0.454682
0,0,0.29748,0.861455,0.411582
0,0,0.786998,-0.612829,0.0712327
0,0,-0.149168,-0.984132,0.0960892
0,0,0.682915,0.0176289,0.730286
0,0,0.401769,0.644331,0.650707
0,0,-0.307473,0.231076,0.923073
0,0,-0.369056,-0.654779,0.659592
0,0,-0.738285,0.674155,0.0212225
0,0,0.704202,-0.426555,0.567583
0,0,0.70047,0.713548,0.0137964
0,0,-0.442556,0.749928,0.491682
22.6083,31.6749,0.74734,-0.60308,-0.278885
0,0,0.428664,0.237398,0.871716
0,0,0.455001,0.878816,0.143721
0,0,-0.0501251,0.429274,0.901782
0,0,-0.816119,-0.576194,0.0441508
0,0,0.0913595,-0.878703,0.468545
0,0,-0.460543,0.216098,0.860931
0,0,0.150177,-0.98859,0.0116952
0,0,-0.178918,0.691836,0.699536
0,0,-0.965549,-0.257414,0.0381262
0,0,-0.842425,-0.114312,0.526548
0,0,0.0389825,0.998043,0.0489018
0,0,-0.322068,0.940341,0.109687
13.4399,17.4229,-0.313468,0.948388,0.0479443
0,0,0.271958,-0.954922,0.119007
0,0,-0.661662,0.586992,0.466523
0,0,-0.66724,-0.156878,0.728135
10.3579,15.4944,-0.534012,-0.298016,0.791213
0,0,0.354608,-0.0041018,0.935006
0,0,-0.811132,-0.512894,0.281078
0,0,-0.507729,-0.178636,0.842793
0,0,0.320391,0.833819,0.44955
11.8824,17.9288,-0.124145,0.502288,0.855742
0,0,0.688923,0.720418,0.0798914
0,0,-0.478852,0.862237,0.16507
0,0,-0.594223,-0.646555,0.478399
0,0,0.384285,0.923154,0.0105153
0,0,-0.827241,-0.487381,0.279521
0,0,-0.103704,-0.932754,0.345275
0,0,-0.354637,0.869401,0.344057
0,0,0.242916,-0.529717,0.812645
0,0,0.652614,-0.477802,0.588048
0,0,0.480005,0.853225,0.203965
0,0,-0.952498,0.137236,0.271871
0,0,-0.880689,-0.00232333,0.47369
0,0,0.192848,0.579647,0.791719
0,0,0.673248,0.739378,0.00750941
0,0,-0.516258,0.364825,0.774842
0,0,-0.0576693,-0.916572,0.395689
13.8997,20.5234,0.267781,-0.0436163,0.962492
0,0,0.977703,0.148341,0.14863
0,0,-0.348265,0.398381,0.848531
0,0,-0.227605,-0.952598,0.201871
0,0,0.855676,0.259189,0.447929
0,0,-0.30539,-0.679292,0.667307
0,0,-0.949544,-0.075724,0.304354
0,0,0.926263,0.0519944,0.373274
0,0,-0.76545,-0.643495,0.000806284
0,0,-0.685282,0.660376,0.307071
0,0,-0.224654,0.910665,0.346727
0,0,-0.499909,0.538971,0.677939
0,0,0.592443,-0.740663,0.316906
1.20704,2.08787,0.309805,0.837532,0.450068
0,0,0.281335,0.81955,0.499188
0,0,-0.303406,-0.881018,0.362976
0,0,0.835265,-0.0218091,0.549415
0,0,-0.744378,-0.16334,0.647473
0,0,-0.983046,0.0172374,0.182549
0,0,-0.704944,-0.441637,0.554988
0,0,-0.165612,0.642745,0.747965
0,0,-0.717702,-0.110378,0.687547
0,0,0.878433,0.477864,0.000881715
0,0,0.0153566,-0.528468,0.848815
0,0,-0.494998,0.833606,0.245109
0,0,0.00903265,0.514915,0.857194
0,0,0.697755,0.361743,0.618288
0,0,-0.572037,-0.310049,0.75937
0,0,-0.812245,0.288704,0.506861
0,0,0.710583,-0.00160982,0.703611
0,0,0.57595,-0.450132,0.682395
0,0,-0.237666,0.409854,0.880645
0,0,0.493399,0.811508,0.31307
0,0,0.563384,-0.501643,0.656471
5.25756,7.68074,-0.249026,0.345433,0.904799
0,0,-0.00179145,0.0195544,0.999807
0,0,-0.822751,-0.418646,0.384469
0,0,0.951056,0.162659,0.262743
0,0,-0.924832,-0.303031,0.22991
0,0,-0.470564,0.585421,0.66019
0,0,0.819163,0.430475,0.379029
0,0,0.218529,-0.682846,0.697113
0,0,-0.627662,0.055384,0.776513
0,0,0.0996396,0.858777,0.502567
0,0,0.943888,0.00571857,0.330217
0,0,-0.896697,-0.323043,0.30262
0,0,0.669515,-0.0181422,0.742577
0,0,-0.982922,-0.177026,0.050258
0,0,-0.395886,0.633218,0.665063
0,0,-0.131284,0.800197,0.585191
0,0,-0.553502,0.765666,0.327705
0,0,-0.469835,-0.869236,0.153894
0,0,-0.236085,0.878374,0.4156
0,0,-0.315745,0.948704,0.0163126
0,0,-0.189756,-0.791054,0.581572
0,0,-0.379299,0.059203,0.923378
0,0,0.329568,0.942349,0.0579877
0,0,-0.452435,0.822404,0.344897
0,0,-0.429251,0.581328,0.691232
0,0,0.344978,0.468181,0.813509
0,0,-0.303714,0.871441,0.38516
0,0,0.401826,0.0923026,0.911052
0,0,0.221382,0.940752,0.256858
0,0,-0.0040319,0.858237,0.513238
0,0,0.78693,0.529998,0.315981
0,0,-0.446023,-0.839796,0.309525
0,0,0.341407,0.706421,0.620009
0,0,0.483946,0.778532,0.399604
0,0,-0.651341,0.732748,0.197064
0,0,0.92159,0.359143,0.147271
0,0,0.836492,-0.522419,0.165406
0,0,0.48071,-0.0695102,0.87412
0,0,0.558959,0.183723,0.808586
0,0,-0.773533,-0.592907,0.223849
0,0,-0.19615,0.332013,0.922655
0,0,0.77511,0.543703,0.321856
0,0,0.79469,-0.594624,0.122028
0,0,0.475462,0.553982,0.683403
0,0,-0.952157,-0.305466,0.00935058
0,0,-0.277131,-0.381017,0.882057
0,0,-0.381768,0.921488,0.0715029
0,0,0.645438,0.31763,0.694637
20.4533,28.8242,0.581177,0.638675,0.504309
0,0,-0.948362,-0.302913,0.0940897
0,0,0.367166,0.846427,0.385683
0,0,-0.0994085,0.408572,0.907296
0,0,-0.852669,0.143455,0.502371
0,0,-0.866493,-0.498301,0.0297651
0,0,-0.869583,-0.326677,0.370279
0,0,-0.849227,-0.508077,0.143778
0,0,-0.831645,0.0017097,0.555305
0,0,-0.781196,0.122035,0.612242
0,0,-0.614176,-0.52212,0.591759
0,0,-0.565852,-0.782378,0.260184
0,0,0.399543,0.854119,0.332936
0,0,0.781724,-0.419739,0.461224
0,0,0.0256709,0.765975,0.642358
0,0,0.833851,0.299165,0.463889
0,0,0.380202,-0.858776,0.343439
0,0,-0.588489,0.511802,0.625891
0,0,0.840821,-0.170842,0.513648
0,0,0.198869,0.307276,0.930609
0,0,0.935025,-0.293056,0.199615
0,0,0.559796,0.390448,0.730875
0,0,-0.93413,0.243382,0.261085
0,0,-0.778668,-0.248314,0.576209
0,0,-0.601558,-0.721971,0.341886
0,0,0.897477,0.20979,0.387973
0,0,0.599836,0.771844,0.210841
0,0,-0.0835804,0.977773,0.192289
0,0,0.895381,-0.322537,0.307024
0,0,-0.899027,-0.388587,0.201868
0,0,0.698995,0.502475,0.508847
0,0,-0.381448,0.924304,0.0126496
20.2638,28.4605,0.246362,-0.119807,0.961744
0,0,0.496376,-0.543486,0.67693
0,0,0.252642,-0.876272,0.410268
0,0,-0.047415,0.625793,0.778546
0,0,0.183895,-0.956963,0.224508
0,0,0.158639,-0.753056,0.638546
0,0,0.0208611,-0.398638,0.916871
0,0,0.846776,-0.00317759,0.531941
0,0,-0.544912,0.523386,0.655086
0,0,-0.0453491,0.703582,0.709166
0,0,-0.84836,0.250367,0.466478
0,0,0.00184837,-0.525042,0.851075
0,0,-0.705559,-0.0922171,0.702625
0,0,0.355711,0.544255,0.759774
0,0,0.162146,-0.89766,0.409774
0,0,-0.753417,-0.192778,0.628649
0,0,0.451106,-0.888225,0.0869484
0,0,-0.861199,0.112891,0.495573
0,0,-0.150353,-0.217979,0.964302
0,0,0.138786,0.47795,0.867354
0,0,0.229484,-0.948806,0.217036
0,0,0.332213,0.8928,0.304209
0,0,0.580097,-0.254714,0.773698
0,0,0.32623,0.943601,0.0564946
0,0,-0.742565,-0.661357,0.105855
0,0,0.26028,-0.857486,0.443815
0,0,-0.138008,-0.687078,0.713356
0,0,-0.208452,0.97795,0.0126802
0,0,0.318486,-0.469861,0.823285
0,0,0.799651,0.388787,0.457606
0,0,-0.341302,-0.917499,0.204225
0,0,0.187766,0.975426,0.115278
0,0,0.528647,0.354329,0.771352
0,0,-0.280633,0.628763,0.725191
0,0,-0.406051,0.232008,0.883909
0,0,-0.20108,0.904567,0.375932
0,0,-0.209385,0.763349,0.611111
21.0709,31.614,-0.0145097,0.208054,0.97801
0,0,-0.727445,0.185999,0.660476
0,0,-0.542862,0.757,0.363664
0,0,-0.284955,0.441579,0.85077
0,0,-0.898955,0.421639,0.118743
0,0,0.929455,-0.334501,0.155636
0,0,0.723547,-0.121455,0.679506
0,0,0.648493,0.429392,0.628554
0,0,-0.731335,-0.405234,0.548575
0,0,0.950607,-0.310004,0.0156199
0,0,0.777149,0.62585,0.0659642
0,0,-0.578384,0.0816804,0.811665
0,0,0.535947,-0.743577,0.399817
0,0,0.688433,0.413326,0.596004
16.9162,23.8368,0.542841,-0.0894257,0.835061
0,0,-0.929586,-0.28,0.239731
0,0,0.877702,0.401615,0.261429
0,0,-0.618587,0.30916,0.722337
0,0,0.337284,0.853001,0.398283
0,0,0.369246,-0.421625,0.828185
0,0,0.0263516,-0.80163,0.597239
0,0,-0.0269538,-0.952807,0.302379
0,0,0.565635,-0.406215,0.717667
0,0,-0.521244,-0.596589,0.610235
0,0,0.515234,0.0100393,0.856991
0,0,-0.612692,-0.47991,0.627929
0,0,-0.462495,-0.480713,0.744992
0,0,0.588673,-0.807557,0.0362865
0,0,0.618045,-0.774655,0.1339
0,0,0.0455616,-0.717864,0.69469
0,0,0.4766,-0.853742,0.209707
8.19994,12.173,-0.19413,0.220513,0.95587
0,0,0.0843369,-0.944285,0.31814
0,0,-0.600845,-0.0877732,0.794532
0,0,0.0496142,0.311723,0.948877
0,0,-0.73523,0.676816,0.0368428
0,0,-0.00299112,0.684211,0.729278
0,0,-0.682221,-0.472403,0.558041
0,0,-0.992782,-0.023911,0.117522
0,0,-0.254171,0.47299,0.84361
0,0,0.855925,-0.165423,0.489927
0,0,0.973566,-0.178106,0.142993
0,0,-0.123537,-0.724808,0.677784
0,0,-0.408966,0.824147,0.391827
0,0,0.606277,0.675103,0.420314
0,0,-0.611003,-0.427314,0.666392
0,0,-0.109374,0.964925,0.238657
0,0,0.516582,-0.495216,0.698501
0,0,0.883585,-0.465369,0.0520459
0,0,0.799316,-0.572885,0.181374
0,0,-0.30676,0.733465,0.60657
0,0,0.421139,-0.851602,0.312115
0,0,0.228672,-0.0646505,0.971354
0,0,-0.838173,0.545192,0.0152115
0,0,0.469124,-0.00919511,0.883085
0,0,-0.472714,-0.464466,0.748875
0,0,-0.77288,0.468551,0.427922
0,0,-0.0441794,-0.691887,0.720652
0,0,-0.572639,-0.50749,0.643846
12.8271,18.9915,-0.102484,-0.886142,0.451939
0,0,-0.91967,0.217119,0.327212
0,0,-0.425157,0.904226,0.0402043
0,0,-0.403124,-0.471615,0.784265
0,0,0.916959,0.391562,0.0765874
0,0,0.406168,0.88521,0.226785
0,0,0.996159,0.0694319,0.0533603
0,0,0.665679,-0.626856,0.404874
0,0,0.348724,-0.836207,0.423261
0,0,-0.360291,-0.917384,0.169105
0,0,0.200546,0.383962,0.901307
0,0,-0.906001,-0.390211,0.164007
0,0,-0.837796,-0.514405,0.18299
0,0,0.182457,-0.401077,0.89769
0,0,0.462875,0.492234,0.737192
0,0,0.0510476,-0.752199,0.656955
0,0,0.314493,-0.350467,0.882195
0,0,0.181385,-0.205493,0.961703
0,0,-0.916109,-0.324584,0.23535
20.4193,28.4872,0.572489,-0.437541,0.693408
0,0,-0.950241,0.147286,0.274499
0,0,0.4091,0.822413,0.395314
0,0,-0.511836,-0.714379,0.477165
0,0,-0.0996281,0.634206,0.766719
0,0,-0.952373,0.294756,0.0781287
14.5778,21.9085,-0.569583,0.413184,0.710531
0,0,0.579918,0.78989,0.199421
0,0,-0.739902,-0.0685335,0.669215
0,0,-0.29559,0.573901,0.763717
0,0,-0.817463,-0.259016,0.514456
0,0,0.111315,0.987894,0.108049
0,0,0.96551,0.178839,0.189226
0,0,0.990743,-0.124356,0.0544386
0,0,0.271002,-0.0816723,0.959108
0,0,-0.0557767,0.354932,0.933227
0,0,-0.379838,-0.696231,0.609086
0,0,0.821265,-0.530952,0.208839
0,0,-0.977006,0.163416,0.136948
0,0,-0.565636,-0.147662,0.811327
0,0,-0.580478,0.605491,0.54445
0,0,-0.780236,-0.280707,0.55896
0,0,-0.203571,0.0432847,0.978103
0,0,0.452547,-0.109746,0.884962
0,0,0.661669,-0.556676,0.502301
0,0,0.253678,0.814816,0.52127
0,0,0.922529,0.00997165,0.385799
0,0,0.691386,0.612152,0.383737
0,0,0.593046,-0.0553721,0.803262
0,0,0.864895,-0.436981,0.24699
0,0,0.873375,0.123295,0.471183
0,0,-0.536372,0.155055,0.829616
0,0,0.130005,0.548424,0.826032
0,0,-0.557505,0.558798,0.613949
7.40049,11.392,0.121585,-0.324289,0.938112
0,0,0.865414,-0.500309,0.02739
0,0,0.56897,0.0902344,0.817393
0,0,0.506725,0.819816,0.266704
0,0,0.918875,-0.338156,0.203272
0,0,0.0449168,0.75405,0.655279
0,0,0.579172,-0.38699,0.717495
0,0,0.525313,-0.232537,0.818518
0,0,0.469008,0.793124,0.388568
0,0,-0.0483988,-0.987884,0.147455
0,0,0.349343,-0.917089,0.192112
0,0,-0.391344,0.885053,0.252054
0,0,-0.319372,-0.508496,0.799646
0,0,0.513943,-0.429041,0.742823
0,0,-0.994266,0.026849,0.103508
9.72715,13.7444,0.003159,0.063617,0.997969
0,0,-0.822699,0.149149,0.548563
0,0,-0.90964,0.337174,0.24263
0,0,-0.503589,0.273989,0.819346
0,0,-0.257928,-0.456871,0.851318
0,0,-0.848446,0.498183,0.178756
0,0,0.0043754,0.509736,0.86032
0,0,0.529257,-0.845571,0.0699858
0,0,0.0270232,0.793671,0.607747
0,0,-0.865573,-0.0537471,0.49789
0,0,-0.516809,0.610112,0.60056
10.557,14.5829,0.450006,-0.365332,0.814879
0,0,-0.860872,-0.275488,0.427791
0,0,0.865473,0.360665,0.347675
0,0,0.210881,-0.744138,0.633867
0,0,-0.0288625,0.155015,0.98749
0,0,-0.576887,0.810874,0.0984096
0,0,-0.607245,-0.252771,0.753233
0,0,-0.355325,0.736365,0.57577
0,0,0.463258,0.606621,0.646068
0,0,-0.989389,-0.145149,0.00639218
0,0,0.810843,0.0101138,0.585176
0,0,-0.412407,0.66715,0.620347
0,0,0.901177,-0.383694,0.201641
0,0,0.36251,-0.368071,0.856219
0,0,0.73396,-0.652593,0.188215
0,0,0.931102,-0.300854,0.206244
0,0,0.911835,0.168043,0.37459
0,0,-0.13252,0.929399,0.344465
0,0,-0.482002,-0.303827,0.821805
0,0,0.153313,0.891974,0.425297
0,0,0.879492,-0.204631,0.429674
0,0,0.58556,0.76322,0.273158
0,0,-0.513604,0.598323,0.614996
0,0,-0.0939852,-0.847532,0.522357
0,0,-0.36319,0.856859,0.365905
0,0,0.184665,0.241659,0.952628
0,0,-0.770123,-0.239688,0.591152
0,0,0.440959,0.480062,0.758351
0,0,0.969506,0.183162,0.162819
0,0,-0.904582,-0.339224,0.258185
0,0,-0.744331,-0.370341,0.555715
0,0,0.391024,0.391476,0.832975
0,0,0.772112,-0.336748,0.538929
0,0,0.348369,0.604843,0.716103
0,0,-0.747202,0.550448,0.372419
0,0,0.271162,0.18648,0.944297
0,0,-0.866951,0.41379,0.277803
0,0,-0.811815,-0.267005,0.519292
0,0,0.718211,-0.494349,0.489686
0,0,0.848735,0.273094,0.452845
0,0,-0.585157,-0.402134,0.704188
0,0,0.248509,0.676371,0.693372
0,0,0.675282,0.659923,0.329386
0,0,-0.288638,0.943406,0.16332
0,0,0.872746,-0.331368,0.358483
0,0,-0.467174,0.140181,0.872982
0,0,0.0352343,0.931228,0.362731
0,0,0.445594,-0.768788,0.458706
0,0,0.629343,0.482886,0.608891
0,0,-0.196379,0.545564,0.814736
0,0,-0.337459,0.801608,0.493504
0,0,0.883387,-0.441867,0.156141
0,0,-0.406177,-0.724213,0.557257
0,0,-0.928323,-0.203554,0.311098
0,0,-0.715481,0.677629,0.170018
0,0,0.201009,0.977654,0.0615441
0,0,0.568059,0.704793,0.424942
0,0,-0.622416,0.0034608,0.782679
0,0,0.326265,-0.287864,0.900381
0,0,0.93081,-0.359996,0.0632085
0,0,-0.21293,-0.976791,0.0232387
0,0,-0.276955,-0.643928,0.713199
0,0,0.910593,0.15006,0.3851
6.67806,9.8336,-0.197752,-0.0887186,0.976229
0,0,0.258895,0.668948,0.696765
0,0,0.72166,0.26228,0.640637
0,0,-0.499292,0.524553,0.689602
0,0,-0.0359689,0.994969,0.0935022
0,0,-0.0434508,-0.430255,0.901661
0,0,-0.317368,0.823245,0.470686
0,0,-0.737244,-0.041446,0.674354
0,0,-0.0269616,0.964738,0.261826
0,0,-0.671124,0.264459,0.692571
0,0,-0.504445,0.842902,0.187222
0,0,-0.145564,-0.54934,0.822822
0,0,-0.167677,-0.775325,0.608897
0,0,0.997681,-0.0591993,0.0335734
0,0,0.0464183,0.826212,0.561443
0,0,-0.0295011,0.995917,0.0853204
0,0,0.510758,0.239908,0.825573
0,0,-0.653415,0.13559,0.744757
0,0,0.677737,0.495722,0.543076
0,0,0.972027,-0.232558,0.032873
0,0,0.317768,-0.803526,0.503359
0,0,-0.182535,-0.871866,0.454456
0,0,0.552133,0.778332,0.298913
0,0,-0.0323835,-0.681161,0.731417
0,0,0.15528,0.958201,0.240288
0,0,-0.617309,0.585725,0.52522
0,0,-0.383175,-0.472606,0.793612
0,0,-0.758499,-0.649153,0.0572685
0,0,0.0658273,-0.606784,0.792136
0,0,-0.262324,-0.0503004,0.963668
0,0,0.603026,-0.409627,0.684519
0,0,-0.978545,0.200297,0.0482793
0,0,0.415587,0.907134,0.066302
0,0,-0.180055,0.221368,0.958424
0,0,0.51893,-0.738299,0.430844
0,0,0.616472,0.531795,0.580652
0,0,0.302781,-0.182075,0.935506
0,0,-0.375903,0.921609,0.0966118
0,0,-0.19286,-0.306753,0.932045
0,0,0.775325,-0.610337,0.162361
0,0,0.339071,0.187418,0.921903
0,0,0.362063,0.697101,0.618838
0,0,-0.756936,-0.555553,0.344105
0,0,0.385425,-0.777714,0.496597
0,0,0.0122526,0.84281,0.538071
0,0,-0.524279,-0.374791,0.764632
0,0,-0.526833,0.628387,0.572343
0,0,0.248241,0.1944,0.948992
0,0,-0.777342,0.595507,0.202761
0,0,0.210936,-0.605048,0.767739
0,0,-0.788531,0.223823,0.572819
0,0,-0.374137,-0.645948,0.665412
0,0,-0.966434,0.223972,0.125865
0,0,0.906333,0.286044,0.311028
0,0,-0.58451,-0.158776,0.7957
0,0,0.41663,0.287919,0.862277
0,0,-0.906161,0.370955,0.203135
0,0,-0.412999,0.428215,0.803781
0,0,0.771108,0.429425,0.470092
0,0,0.875764,0.236525,0.420824
0,0,-0.814377,0.577732,0.0549219
0,0,0.230265,-0.828449,0.51054
0,0,-0.210256,-0.92255,-0.323564
0,0,-0.671567,-0.371537,0.64106
0,0,-0.762705,-0.646568,0.0152128
0,0,-0.533137,-0.527398,0.661525
0,0,-0.677186,-0.662981,0.319178
0,0,0.399267,0.659457,0.636948
0,0,0.462972,-0.729911,0.502878
0,0,0.652077,0.474564,0.591257
0,0,-0.147933,-0.913319,0.379426
0,0,-0.871145,0.401968,0.282007
0,0,-0.589376,-0.110155,0.800313
0,0,-0.0902175,0.592695,0.800359
0,0,0.908938,0.37527,0.18167
0,0,-0.490502,0.828156,0.27123
0,0,-0.623005,0.607154,0.493183
0,0,-0.917687,-0.0392062,0.395365
0,0,0.724571,-0.319285,0.610781
10.4875,15.8003,-0.519362,-0.224866,0.824438
0,0,0.00290039,-0.287608,0.957744
0,0,0.784715,-0.481869,0.389903
0,0,-0.538328,-0.835738,0.108375
0,0,0.217664,-0.969844,0.109657
0,0,-0.923025,0.103604,0.370527
0,0,-0.259168,0.490834,0.831814
0,0,-0.194944,-0.439281,0.876943
0,0,0.815644,-0.499845,0.291343
0,0,-0.478373,-0.686458,0.547662
0,0,-0.00877007,0.0837344,0.99645
0,0,-0.164906,-0.742493,0.649238
0,0,0.758395,0.649007,0.0602253
0,0,0.561634,-0.263821,0.784197
0,0,-0.569593,-0.192929,0.798963
0,0,0.886814,0.0878907,0.453693
0,0,-0.776987,0.625684,0.0693612
0,0,-0.669735,0.0469286,0.741116
0,0,-0.862772,-0.268267,0.428553
0,0,-0.127404,-0.0642532,0.989768
0,0,0.823166,0.37165,0.429272
0,0,0.537007,-0.668514,0.514502
0,0,0.507382,-0.861685,0.00784535
0,0,0.452491,-0.758334,0.469236
0,0,-0.828605,-0.529784,0.180947
0,0,-0.85627,-0.512726,0.0625615
0,0,0.19896,0.875235,0.440883
0,0,-0.414423,-0.833271,0.365942
0,0,0.27451,-0.739042,0.615192
0,0,-0.14629,0.987078,0.0653927
0,0,0.149286,-0.632318,0.760189
0,0,0.720933,0.149142,0.676766
0,0,0.94254,0.22525,0.24674
0,0,0.0266176,0.997355,0.0676368
0,0,0.624484,0.693167,0.359915
0,0,0.289839,-0.662534,0.690682
0,0,0.421474,0.15004,0.894342
0,0,-0.865935,0.452158,0.213799
20.9809,30.4447,-0.353474,-0.402603,0.844374
0,0,0.38077,0.884855,0.268415
0,0,-0.82142,0.528051,0.21548
0,0,0.157506,-0.801139,0.57738
0,0,0.0735322,0.684857,0.724958
0,0,0.715833,-0.429545,0.550521
0,0,0.142813,0.890024,0.432968
0,0,0.71191,0.408447,0.571275
0,0,-0.463369,-0.828023,0.315702
0,0,-0.971508,-0.202396,0.123323
0,0,0.475656,0.879412,0.0196357
0,0,0.500081,-0.0644368,0.863578
0,0,0.868061,0.0990896,0.486468
0,0,0.471021,0.851911,0.228883
5.02713,7.30857,-0.068498,-0.457333,0.886654
0,0,-0.738404,-0.570451,0.359646
0,0,-0.905959,0.016314,0.42305
0,0,-0.584769,-0.67902,0.443821
0,0,-0.616548,-0.428458,0.660524
0,0,-0.706049,0.599888,0.376336
0,0,0.292688,0.50702,0.810718
0,0,-0.354553,-0.727383,0.587542
0,0,-0.353728,-0.933446,0.0596293
0,0,0.324987,0.742421,0.585828
0,0,0.702072,-0.081091,0.707474
0,0,0.00549452,-0.994215,0.107266
0,0,-0.491619,0.790032,0.366278
0,0,0.170514,0.97934,0.108715
0,0,-0.0981148,0.77801,0.620543
0,0,-0.10139,0.80323,0.586977
0,0,0.22554,0.255467,0.940143
0,0,0.981308,0.1201,0.150371
0,0,0.379988,-0.687457,0.618879
0,0,0.808307,-0.378855,0.450675
0,0,-0.0171796,0.769572,0.638329
0,0,-0.27413,0.17867,0.94495
0,0,-0.874207,0.294394,0.386127
0,0,-0.320316,0.485592,0.813387
0,0,0.629334,0.584874,0.511724
0,0,-0.311762,0.257362,0.914642
0,0,-0.467694,-0.48616,0.738181
0,0,-0.641155,0.0876289,0.762392
0,0,-0.245978,-0.480885,0.841573
0,0,-0.197654,0.846704,0.49399
0,0,0.498895,-0.528655,0.686752
0,0,-0.693539,-0.530346,0.487584
0,0,-0.539178,0.332475,0.773788
0,0,0.384241,0.0517018,0.921784
0,0,-0.162316,-0.495817,0.853123
0,0,0.605436,0.0190353,0.795667
0,0,-0.666312,0.7161,0.207919
0,0,0.843912,0.5338,0.0535783
0,0,-0.846767,0.354697,0.396453
0,0,0.143569,-0.710589,0.688804
0,0,-0.0294209,-0.226712,0.973517
0,0,-0.525202,-0.0737055,0.847779
0,0,-0.457052,-0.886489,0.0724003
0,0,-0.230083,0.937858,0.259778
0,0,-0.363914,-0.786774,0.498552
0,0,0.614632,0.199464,0.763178
0,0,0.561813,0.186082,0.806064
0,0,0.808468,0.588149,0.0214311
0,0,0.920215,-0.0911375,0.380655
0,0,-0.917033,-0.0163862,0.398473
0,0,-0.303986,0.0145306,0.952566
0,0,0.448747,0.547867,0.706022
0,0,-0.865002,0.388002,0.318161
0,0,-0.430652,-0.744505,0.510148
0,0,0.945927,0.206111,0.250478
0,0,-0.144841,-0.620763,0.770503
0,0,-0.0679234,0.996177,0.0549418
0,0,-0.813592,-0.450746,0.367283
0,0,0.662646,0.225262,0.714253
0,0,0.873286,-0.134282,0.468337
0,0,-0.637165,0.219978,0.738668
0,0,-0.144703,-0.948231,0.282701
0,0,0.313265,-0.523087,0.792619
0,0,0.70793,0.398153,0.58336
0,0,-0.560902,0.813567,0.153293
0,0,-0.833115,0.470813,0.290267
0,0,0.756383,0.652689,0.0433831
0,0,0.14133,-0.989774,0.0193435
0,0,-0.745732,0.233358,0.624041
0,0,0.922579,0.369705,0.110299
0,0,0.209235,-0.643076,0.736664
0,0,-0.905874,-0.325785,0.27066
0,0,-0.432682,0.674885,0.59776
0,0,0.163178,-0.694712,0.700534
0,0,-0.179877,-0.98276,0.0427471
0,0,0.00525087,-0.240756,0.970571
0,0,0.0107059,0.700236,0.713831
0,0,-0.518082,0.0550616,0.853557
0,0,0.567219,-0.0464499,0.822256
0,0,-0.822625,-0.368334,0.433149
0,0,0.203621,-0.194033,0.95963
0,0,0.744497,0.0889591,0.661673
0,0,-0.410294,-0.0562004,0.91022
0,0,0.446994,0.813878,0.371213
0,0,0.314684,0.58641,0.74639
0,0,-0.563863,0.773272,0.290015
0,0,-0.458364,0.495532,0.737801
0,0,0.605996,-0.445786,0.65882
0,0,0.425407,-0.104669,0.898929
0,0,-0.0159854,-0.924469,0.380923
0,0,-0.297086,-0.565571,0.769331
0,0,-0.2729,-0.00196221,0.96204
0,0,-0.261728,-0.0225454,0.964878
0,0,-0.37961,-0.888364,0.258276
0,0,0.52473,0.851183,0.0120721
0,0,-0.640135,-0.652906,0.404896
0,0,0.516365,0.807347,0.285584
0,0,-0.0352197,0.267857,0.962815
0,0,0.872324,-0.0937606,0.479853
5.88299,8.56127,-0.606246,0.773324,0.185567
0,0,0.787679,0.529188,0.31547
0,0,0.887121,0.459525,0.0430533
0,0,-0.485379,0.764305,0.424553
0,0,-0.403158,-0.911695,0.0792231
0,0,-0.721298,-0.339374,0.603784
0,0,0.619382,-0.244388,0.746084
0,0,-0.406169,-0.191477,0.893512
0,0,-0.770375,-0.54403,0.332496
0,0,-0.23195,0.692406,0.683208
0,0,0.153135,0.896539,0.415653
0,0,0.924766,-0.183425,0.333411
0,0,0.563446,-0.686703,0.459312
0,0,0.387567,-0.915146,0.110901
0,0,-0.867441,-0.468396,0.167785
0,0,0.0383702,-0.739004,0.672607
0,0,-0.181178,0.688699,0.702045
12.4341,18.011,-0.106885,-0.205012,0.972906
0,0,0.837703,0.251108,0.484972
0,0,-0.242534,-0.31602,0.917229
0,0,0.253835,-0.45348,0.854356
0,0,0.67048,-0.103224,0.734712
0,0,0.974319,-0.16944,0.148301
0,0,-0.0465568,0.526504,0.848897
0,0,0.18303,0.308169,0.933559
0,0,-0.496008,-0.867687,0.0330912
0,0,-0.159899,-0.814203,0.558127
0,0,-0.102981,-0.873435,0.475926
0,0,0.994797,-0.070632,0.0734166
0,0,-0.301633,-0.176064,0.937027
0,0,0.692923,-0.0420092,0.719786
0,0,0.301231,-0.634753,0.711582
0,0,-0.041207,0.994763,0.0935343
0,0,-0.0906883,0.699702,0.708656
0,0,0.826406,-0.0631996,0.559516
0,0,0.600963,0.727707,0.330586
0,0,0.823569,-0.385454,0.416124
0,0,-0.389334,0.503259,0.77146
0,0,0.63862,-0.389627,0.663593
0,0,-0.390906,0.890057,0.234501
20.9361,27.0119,-0.257228,0.92886,-0.266557
0,0,0.925619,0.125548,0.357025
0,0,0.649972,-0.609819,0.453494
0,0,0.302466,0.0953932,0.948375
0,0,0.337694,-0.92505,0.17391
0,0,0.689927,0.481773,0.540273
0,0,0.500738,0.787373,0.35959
0,0,0.158744,-0.908528,0.386492
0,0,-0.249213,0.853002,0.458564
0,0,-0.544273,-0.773889,0.323826
0,0,0.523297,-0.229247,0.820735
0,0,0.881408,-0.160912,0.444103
0,0,0.393224,-0.611661,0.686473
0,0,-0.196846,-0.557766,0.806318
13.5012,19.1414,0.464002,0.400682,-0.790036
0,0,-0.664639,-0.444992,0.600198
0,0,0.126186,-0.878884,0.460043
0,0,0.750067,0.363883,0.552258
0,0,0.627082,-0.070147,0.775788
0,0,-0.0490591,0.336733,0.940321
0,0,-0.86498,-0.358436,0.351187
0,0,0.774151,0.26995,0.572553
0,0,0.955745,0.276492,0.100516
0,0,0.852594,-0.31828,0.414465
0,0,-0.659471,-0.00596465,0.751706
0,0,-0.0190638,-0.425216,0.904891
0,0,0.648289,-0.474135,0.59575
0,0,-0.520184,0.787834,0.329736
0,0,0.578034,-0.802789,0.146309
0,0,0.367794,-0.264602,0.891467
0,0,-0.668751,-0.342118,0.660097
0,0,0.642757,0.711639,0.283608
0,0,0.816924,-0.517388,0.254841
0,0,0.491622,-0.0944887,0.865667
0,0,0.942568,0.319649,0.0968992
0,0,-0.0315535,0.685481,0.727406
0,0,-0.828775,0.277192,0.486104
0,0,0.157553,-0.333859,0.929363
0,0,-0.262716,0.955095,0.13702
0,0,0.469172,0.150561,0.870178
0,0,0.669656,-0.722402,0.172324
0,0,0.132476,-0.946678,0.293683
0,0,0.362886,-0.0939533,0.927085
0,0,0.352169,0.431389,0.83059
0,0,0.783017,0.417504,0.461059
0,0,0.867079,0.34531,0.359075
0,0,-0.429459,0.0412279,0.902145
0,0,-0.238204,-0.791714,0.562537
0,0,-0.597267,0.253467,0.760938
0,0,-0.76885,0.583888,0.26066
0,0,-0.211954,0.976297,0.0438182
0,0,-0.982916,-0.0256668,0.182258
0,0,0.83454,-0.292659,0.46679
0,0,0.919472,0.33723,0.202105
0,0,-0.90951,0.180771,0.374318
0,0,0.0762288,-0.744193,0.663601
0,0,0.428728,-0.384064,0.817733
0,0,-0.930744,-0.365536,0.00996327
0,0,0.653092,0.518737,0.551709
0,0,0.789763,-0.314009,0.526947
15.3548,24.055,0.839454,-0.207123,-0.502412
0,0,0.438314,-0.794931,0.419483
0,0,-0.831626,0.289008,0.474207
0,0,0.92713,-0.233812,0.292851
0,0,-0.574367,-0.597871,0.559154
0,0,-0.11983,0.656684,0.744585
0,0,-0.237346,-0.0869268,0.967528
0,0,-0.982124,0.0159804,0.187555
0,0,-0.64432,-0.455544,0.614273
0,0,0.0477138,0.415244,0.908458
0,0,-0.224882,-0.487254,0.843808
0,0,-0.846865,-0.503591,0.170927
0,0,-0.645605,0.746439,0.161315
0,0,-0.462776,-0.6819,0.566437
0,0,-0.393706,-0.882389,0.257654
0,0,-0.054024,-0.799847,0.597767
0,0,-0.953072,-0.161942,0.255788
0,0,0.688095,0.620337,0.376441
0,0,-0.772908,-0.374902,0.511921
0,0,-0.36526,0.750082,0.551327
0,0,-0.632479,-0.639887,0.436479
0,0,0.172364,0.889129,0.423958
0,0,0.846476,-0.00615936,0.532392
0,0,0.755483,-0.294409,0.585293
0,0,-0.421696,0.609993,0.670881
0,0,0.556422,0.136723,0.819574
0,0,0.571817,0.771436,0.279127
0,0,0.359717,-0.592674,0.720653
0,0,0.239782,0.495082,0.835104
0,0,0.124279,-0.589378,0.79824
0,0,0.268932,0.562716,0.781682
0,0,0.779026,0.0219495,0.626608
0,0,0.135203,-0.990039,0.0392735
0,0,-0.078245,-0.734655,0.673914
0,0,-0.373903,-0.917618,0.13481
0,0,0.107697,0.992788,0.0526566
0,0,0.284193,-0.958363,0.0278401
0,0,0.923692,0.159868,0.348188
0,0,-0.326251,0.890678,0.316628
0,0,-0.805397,-0.356811,0.473309
0,0,-0.653497,0.530889,0.539536
0,0,-0.767011,0.58998,0.252224
0,0,-0.921823,0.355874,0.153607
0,0,-0.178407,0.957972,0.224634
0,0,-0.0159468,-0.668629,0.743425
0,0,-0.474006,0.766614,0.433152
0,0,0.630137,0.140992,0.763576
0,0,0.835272,-0.228488,0.500115
20.7011,30.4314,0.341249,-0.281169,0.896935
0,0,0.624194,-0.761731,0.173632
0,0,-0.0913226,-0.837544,0.538683
0,0,-0.579103,0.131427,0.804591
0,0,0.366869,0.879031,0.304485
0,0,-0.819837,0.272409,0.503647
0,0,-0.417553,-0.591676,0.689615
0,0,0.752651,0.370769,0.544101
0,0,-0.871037,-0.0465648,0.489005
0,0,-0.807045,-0.476654,0.348538
0,0,-0.827487,0.492992,0.268746
0,0,-0.853703,-0.389366,0.345811
0,0,-0.202776,0.250593,0.946618
0,0,0.473415,0.380353,0.794487
0,0,0.745705,-0.283768,0.602827
0,0,0.436912,0.0585424,0.897597
0,0,-0.730657,-0.45464,0.509355
0,0,0.525079,-0.0974466,0.845456
0,0,0.845788,0.500918,0.183642
0,0,0.957385,-0.15511,0.243628
0,0,-0.177535,0.874427,0.451507
0,0,-0.141591,-0.576563,0.804691
0,0,0.460636,-0.72495,0.512116
0,0,-0.989142,0.144107,0.0288346
0,0,0.679435,-0.718873,0.146932
0,0,-0.541521,-0.392574,0.743398
0,0,0.365316,0.897814,0.245917
0,0,0.597962,-0.0317799,0.800894
0,0,-0.167407,0.441273,0.88162
0,0,-0.935254,0.180621,0.304428
0,0,-0.65242,-0.685716,0.32271
12.5358,17.6561,0.238784,-0.276536,0.930865
0,0,-0.727523,-0.43783,0.528219
0,0,-0.876534,0.154198,0.455973
0,0,0.485761,-0.645027,0.589895
0,0,-0.12186,-0.884271,0.450793
0,0,-0.0556599,-0.515749,0.85493
0,0,-0.519183,-0.142858,0.842639
0,0,0.307181,-0.951512,0.0163012
0,0,0.920374,0.101627,0.377603
0,0,0.107392,0.711838,0.694085
0,0,0.114199,-0.644034,0.756425
0,0,0.459771,-0.316177,0.829845
0,0,-0.121005,0.985092,0.122281
0,0,0.00528389,0.996806,0.0796875
0,0,0.585099,-0.721786,0.369708
0,0,0.475303,0.828339,0.29655
0,0,-0.0877058,0.561754,0.822642
0,0,0.238794,-0.84757,0.473922
0,0,-0.937345,-0.333879,0.0995441
0,0,0.475303,0.587448,0.654974
0,0,0.899921,-0.387472,0.200021
0,0,-0.568996,0.58645,0.576471
0,0,0.933,-0.1976,0.300775
0,0,-0.199313,-0.874595,0.441993
0,0,0.66254,-0.269145,0.699001
0,0,0.939986,0.334773,0.0659827
0,0,0.848269,-0.169409,0.501738
0,0,-0.741838,0.502202,0.444376
0,0,-0.370119,0.907765,0.197418
0,0,-0.583517,0.808633,0.0749697
0,0,0.0228019,0.944175,0.328655
0,0,-0.627039,0.580754,0.519179
0,0,0.958951,-0.238932,0.152721
0,0,0.884448,0.235369,0.40293
0,0,0.312421,0.805216,0.504004
0,0,-0.746797,-0.448304,0.491241
0,0,-0.222421,-0.562236,0.796505
0,0,-0.0187891,0.296397,0.95488
0,0,-0.260014,-0.752853,0.604653
0,0,0.15674,-0.891387,0.425278
0,0,0.986419,0.0280443,0.161834
0,0,-0.918627,0.245261,0.309794
0,0,0.69838,-0.582536,0.415833
0,0,-0.471833,-0.606418,0.640024
0,0,-0.227696,-0.398041,0.888661
0,0,0.986829,0.0896369,0.134661
0,0,0.871636,0.39403,0.291532
0,0,-0.0151172,0.565989,0.824274
0,0,-0.254347,-0.942623,0.216262
0,0,0.970259,-0.194326,0.144346
0,0,-0.879859,0.0774243,0.468886
0,0,0.978494,-0.104157,0.178048
0,0,0.145536,-0.821489,0.551339
0,0,0.728838,-0.498364,0.469498
0,0,-0.236406,-0.96711,0.0938664
0,0,-0.905801,-0.203796,0.371472
0,0,-0.511389,0.785351,0.348864
0,0,0.721191,0.244504,0.648152
0,0,0.187249,0.341712,0.920962
0,0,0.886678,0.108627,0.449446
0,0,-0.16826,-0.51593,0.839943
0,0,-0.0244409,0.532857,0.845852
0,0,0.836634,0.546364,0.0391103
0,0,-0.670058,-0.578267,0.465435
0,0,0.653018,0.732364,0.1929
0,0,0.172734,0.959746,0.221472
0,0,0.521367,-0.438243,0.732202
0,0,0.303031,-0.899763,0.314004
0,0,-0.338315,-0.915515,0.21766
0,0,-0.34649,0.784167,0.514807
0,0,0.32207,-0.307137,0.89551
0,0,-0.937759,-0.0983338,0.333075
0,0,0.00124953,-0.546308,0.837583
0,0,-0.9579,-0.1073,0.266297
0,0,0.00596846,0.855114,0.518406
0,0,0.593335,0.623303,0.50936
0,0,0.505325,-0.256872,0.82381
17.9588,25.8428,0.194296,0.287575,0.937843
0,0,0.806099,0.578975,0.122445
0,0,-0.399341,0.807992,0.433216
0,0,0.31126,-0.281132,0.90779
0,0,-0.57864,-0.335519,0.743372
0,0,0.573897,0.805747,0.146338
0,0,-0.822353,-0.369959,0.43228
0,0,-0.724023,0.534031,0.43658
0,0,-0.629998,-0.491903,0.600943
0,0,-0.189518,-0.7132,0.674854
0,0,-0.925509,0.371497,0.0736349
0,0,-0.709668,-0.694776,0.116869
0,0,-0.943898,-0.0279523,0.329052
0,0,-0.308493,-0.75842,0.574135
0,0,0.490927,-0.272999,0.827322
0,0,0.789656,-0.00968723,0.613474
0,0,-0.206654,0.428025,0.879823
0,0,-0.454734,0.129035,0.88123
0,0,0.0190477,0.756585,0.653617
0,0,-0.210378,-0.711474,0.670482
0,0,0.734645,0.576028,0.358453
0,0,0.576904,0.725556,0.375166
0,0,-0.728566,-0.68264,0.0565087
0,0,0.435986,0.667612,0.603499
0,0,-0.792046,-0.166693,0.587262
0,0,-0.38125,0.154352,0.911495
0,0,-0.521022,-0.544289,0.657485
0,0,-0.134897,0.294955,0.945941
0,0,0.262657,0.964866,0.00666886
1.33731,2.24972,-0.248426,-0.771098,0.586253
0,0,-0.218722,-0.802781,0.55471
0,0,0.847163,0.486362,0.213933
0,0,-0.312593,0.907065,0.281989
0,0,-0.955484,-0.286929,0.0687177
0,0,0.452819,0.214091,0.865517
0,0,-0.502064,0.860934,0.0819982
0,0,0.556869,0.829663,0.0394479
0,0,0.18997,-0.981123,0.0361773
0,0,-0.37954,-0.757964,0.530509
0,0,0.54342,-0.671716,0.503481
0,0,-0.736042,0.463929,0.492963
0,0,-0.34669,-0.887723,0.302911
0,0,0.347677,-0.7452,0.569032
0,0,-0.678201,0.692428,0.246143
0,0,-0.571251,-0.072736,0.817546
0,0,-0.426062,-0.266362,0.864594
0,0,0.902021,0.374911,0.214011
0,0,0.341114,-0.177638,0.923085
0,0,-0.0509523,0.304041,0.951296
0,0,0.325063,0.289005,0.90045
0,0,-0.97265,0.10647,0.206436
0,0,-0.804264,0.0657184,0.590627
0,0,-0.620408,0.700221,0.353249
0,0,-0.360566,-0.525488,0.770619
0,0,0.287386,0.407135,0.866978
0,0,-0.642204,-0.274607,0.715657
0,0,0.119534,-0.982711,0.141387
17.0649,24.7127,0.965979,-0.258519,0.00727515
0,0,0.905967,-0.394026,0.154811
0,0,0.212722,-0.625055,0.751037
0,0,-0.137291,-0.77996,0.610584
0,0,-0.976771,-0.119927,0.177583
0,0,-0.949954,0.11328,0.291126
0,0,-0.633994,-0.61463,0.469342
0,0,-0.749081,0.417385,0.514458
0,0,0.615456,-0.0165006,0.787998
0,0,-0.629236,0.740736,0.235313
0,0,-0.650927,-0.753306,0.0939386
0,0,0.503175,-0.863507,0.0342058
0,0,0.726064,-0.426961,0.539013
0,0,0.14051,-0.817332,0.558772
0,0,-0.123467,-0.736969,0.664554
0,0,0.665583,0.55225,0.502014
0,0,-0.188595,0.460811,0.867229
0,0,0.513193,0.220593,0.829441
0,0,-0.0513943,-0.601288,0.797378
0,0,-0.0213405,0.479545,0.877258
0,0,-0.795287,0.605859,0.0212869
0,0,0.0947739,-0.973669,0.207333
0,0,0.839894,-0.529161,0.12069
0,0,0.98139,-0.102133,0.162614
0,0,0.426235,0.520645,0.739766
0,0,0.921401,0.164362,0.352144
0,0,0.990838,0.0922213,0.0986655
0,0,-0.611856,-0.525229,0.59141
0,0,-0.44723,0.687128,0.572573
0,0,0.780046,-0.0200454,0.6254
0,0,-0.493376,0.800684,0.339833
0,0,0.528447,0.223379,0.819052
0,0,-0.349706,-0.936098,0.037775
0,0,-0.382189,-0.919888,0.0879606
0,0,0.384223,-0.361494,0.849526
0,0,0.910705,-0.39376,0.124778
20.3725,26.3941,-0.157675,-0.199555,0.967118
0,0,-0.764108,0.503151,0.403705
0,0,0.437233,-0.0183522,0.899161
0,0,-0.418272,0.475823,0.773719
0,0,0.913419,-0.0916084,0.396577
0,0,-0.739571,-0.672949,0.0132175
0,0,0.40203,-0.16699,0.90027
0,0,0.677216,0.726918,0.113885
0,0,0.895685,0.130174,0.42521
0,0,-0.183424,-0.0499215,0.981765
0,0,-0.750214,0.660215,0.0359742
0,0,0.989128,-0.00275614,0.14703
0,0,0.0512144,-0.379898,0.92361
0,0,-0.375197,0.619142,0.689848
0,0,0.634335,0.715981,0.29153
0,0,0.463986,0.734982,0.494487
0,0,0.252853,-0.63226,0.732333
0,0,0.844051,-0.510248,0.164999
0,0,0.196536,-0.776444,0.598756
0,0,0.222247,-0.958498,0.178572
0,0,-0.801249,-0.245646,0.545581
0,0,-0.644829,-0.259948,0.718765
0,0,0.0863214,-0.852605,0.515377
0,0,0.55068,-0.371266,0.747605
0,0,0.426096,-0.877711,0.21924
0,0,0.11598,-0.842836,0.525524
0,0,-0.646237,0.290928,0.705506
0,0,-0.78689,0.345353,0.511404
0,0,-0.257162,-0.494038,0.830538
0,0,-0.250959,0.452066,0.855953
22.6959,30.5847,0.837222,0.49506,-0.232325
0,0,0.285612,-0.078846,0.955096
0,0,0.758632,-0.100702,0.64369
0,0,-0.370395,0.715015,0.592926
0,0,-0.706218,0.687151,0.170528
0,0,-0.573353,0.798648,0.182833
0,0,0.461094,0.859173,0.221841
0,0,-0.840536,0.450402,0.301059
0,0,0.739844,-0.665887,0.0960505
0,0,0.477805,0.876589,0.0573937
0,0,0.682841,-0.559279,0.470038
0,0,0.420762,-0.251777,0.871532
0,0,0.218237,0.893787,0.391814
0,0,-0.266163,0.715372,0.646066
0,0,0.461429,0.774251,0.433149
0,0,0.1047,0.955035,0.277392
0,0,-0.455112,-0.3513,0.818206
0,0,-0.772291,0.371326,0.515445
0,0,0.390071,0.101219,0.915205
0,0,-0.27831,0.938355,0.205019
0,0,0.540456,0.0502867,0.839868
0,0,0.890585,0.454809,0.00263369
0,0,0.190298,0.904628,0.38136
0,0,-0.539433,0.5625,0.626582
0,0,0.995909,-0.0903639,0.000342241
0,0,0.240772,0.456151,0.856712
0,0,0.435577,-0.816043,0.37993
0,0,-0.338438,-0.86501,0.370429
0,0,0.812772,-0.24671,0.527765
0,0,0.207474,-0.975287,0.0759525
0,0,-0.572888,0.215042,0.790921
0,0,0.709281,-0.526379,0.468877
0,0,0.293632,-0.479301,0.827074
0,0,0.439676,-0.360865,0.822473
0,0,-0.979166,0.156915,0.128883
0,0,-0.447444,0.855336,0.26114
0,0,-0.677507,0.278753,0.680648
0,0,-0.759353,-0.459656,0.460542
0,0,-0.98092,-0.0513909,0.187497
0,0,0.861948,-0.306923,0.403539
0,0,0.178578,-0.487657,0.854576
0,0,-0.534253,-0.844102,0.045453
0,0,-0.980307,0.175593,0.0903662
0,0,0.875539,-0.251264,0.412672
0,0,0.780174,0.584728,0.22231
0,0,-0.114515,0.0549719,0.991899
0,0,-0.228294,-0.662496,0.713429
0,0,-0.729193,-0.540551,0.419622
0,0,-0.12872,-0.952407,0.276319
0,0,0.409656,0.432776,0.803049
0,0,0.462712,0.591746,0.660102
0,0,-0.243332,-0.953927,0.175536
0,0,-0.357335,-0.661794,0.659045
0,0,-0.0988024,0.91514,0.390841
0,0,0.746823,-0.591433,0.304076
0,0,-0.915425,-0.00979435,0.40237
0,0,-0.527324,0.833249,0.166212
0,0,0.356202,-0.933058,0.0502255
0,0,-0.755679,-0.219247,0.617155
0,0,-0.454483,-0.655073,0.603593
0,0,0.559432,-0.729712,0.393136
0,0,-0.0533942,0.997867,0.037557
0,0,-0.179493,0.93932,0.292337
0,0,0.677174,-0.300019,0.671881
0,0,-0.8693,-0.0297946,0.493386
0,0,-0.645956,0.758657,0.0847347
0,0,0.67957,-0.157403,0.716526
0,0,-0.417371,-0.895039,0.157184
0,0,0.266367,0.274885,0.923843
0,0,0.534898,0.606768,0.587977
0,0,-0.316689,0.357843,0.87844
0,0,-0.737181,0.364306,0.569074
0,0,0.544895,0.545758,0.636583
0,0,0.174716,-0.97833,0.111103
0,0,-0.622362,-0.742457,0.247839
0,0,0.833626,-0.551576,0.0288332
0,0,-0.9434,0.300591,0.140145
0,0,0.236247,0.645639,0.72618
0,0,0.0639188,0.778773,0.624041
0,0,0.991914,-0.0387961,0.120835
3.69363,4.9936,0.745789,0.276521,0.606082
0,0,-0.30857,-0.391948,0.866695
0,0,-0.536284,-0.843664,0.0251055
0,0,0.534493,-0.84356,0.0521928
0,0,0.310881,-0.208341,0.927333
0,0,-0.859965,0.503237,0.0849274
0,0,-0.690852,-0.703566,0.166487
0,0,-0.0678784,-0.867841,0.492184
0,0,-0.857146,-0.420733,0.297126
0,0,-0.481288,-0.408505,0.775555
0,0,-0.762569,-0.0161682,0.646705
0,0,0.805915,-0.171418,0.566672
0,0,-0.592005,0.336211,0.732456
0,0,0.0905504,0.995884,0.00399177
0,0,0.558635,-0.299561,0.773427
0,0,-0.78253,0.139676,0.606743
0,0,0.487852,0.87155,0.0489927
0,0,-0.851032,0.170659,0.496609
0,0,0.105258,-0.716205,0.689906
0,0,0.482558,-0.160194,0.86109
0,0,0.919012,-0.0859353,0.384749
0,0,0.967183,-0.201988,0.154136
0,0,0.0274902,-0.43294,0.901004
13.4345,19.1792,0.546001,0.147537,0.824691
0,0,-0.830228,0.505409,0.235122
0,0,-0.132012,-0.909739,0.393633
0,0,-0.257411,0.542757,0.799471
0,0,0.867304,0.0900694,0.489562
0,0,-0.0300396,-0.922478,0.38488
0,0,0.805814,0.483632,0.341706
0,0,0.618106,0.666736,0.416422
0,0,-0.159023,0.912436,0.377058
0,0,-0.938669,-0.245281,0.24236
0,0,0.967515,0.103815,0.230516
0,0,-0.473359,0.740762,0.476658
0,0,-0.348387,-0.575525,0.739863
0,0,0.0883124,-0.88609,0.455023
0,0,0.0155388,-0.393226,0.91931
0,0,0.327259,-0.649966,0.685891
0,0,-0.552618,0.827178,0.101926
0,0,0.774159,0.501106,0.386744
0,0,0.39752,-0.859116,0.322332
0,0,0.858562,-0.327301,0.394646
0,0,0.528144,-0.0996169,0.843292
0,0,0.395119,-0.747945,0.533347
0,0,-0.545894,0.430837,0.718595
0,0,-0.269761,0.860729,0.43171
0,0,-0.611177,-0.783119,0.114836
0,0,-0.195213,0.00529082,0.980747
0,0,0.304828,-0.950424,0.0614338
0,0,0.18705,0.966391,0.176353
0,0,0.528847,0.764064,0.369497
0,0,-0.94482,-0.324854,0.0422393
0,0,-0.190449,0.939711,0.28403
0,0,0.48687,0.411617,0.770408
0,0,0.448686,-0.748175,0.48879
0,0,-0.3548,0.633522,0.68758
0,0,-0.552679,0.791499,0.260911
0,0,0.00531477,-0.00645841,0.999965
0,0,-0.430586,0.481289,0.763516
0,0,0.220988,-0.628626,0.74565
0,0,-0.31504,-0.849513,0.423175
0,0,0.0694207,0.580458,0.811325
0,0,0.505855,-0.444841,0.739072
0,0,0.761666,0.642986,0.0802148
0,0,-0.373071,0.902082,0.216947
0,0,0.194005,-0.944339,0.26568
0,0,-0.0491037,0.75325,0.655898
0,0,-0.768682,-0.616487,0.170503
0,0,0.0146929,0.799491,0.600498
0,0,-0.702357,0.521123,0.484898
19.5223,29.6563,0.738568,-0.104069,0.666098
0,0,-0.240439,0.342441,0.908253
0,0,0.125142,0.566535,0.81448
0,0,-0.144209,-0.123251,0.981842
0,0,0.415943,0.879183,0.232438
0,0,-0.68486,-0.237958,0.688725
0,0,0.971448,-0.233371,0.0427378
0,0,-0.565976,-0.0581255,0.82237
0,0,-0.470848,-0.861571,0.189731
0,0,-0.454533,-0.791654,0.408269
0,0,0.670591,0.278926,0.687392
0,0,-0.464942,-0.646487,0.604883
0,0,-0.589979,-0.778223,0.215158
0,0,-0.0334308,0.976954,0.210816
0,0,0.223174,-0.811867,0.539505
0,0,0.501721,-0.842043,0.198088
0,0,0.366858,-0.257751,0.893857
0,0,-0.510733,0.462053,0.725023
0,0,0.279972,-0.958709,0.0499273
0,0,0.706842,-0.37579,0.599297
0,0,0.546524,0.776597,0.313382
0,0,0.862208,-0.0741617,0.501096
0,0,-0.596756,0.657944,0.459338
0,0,0.733682,-0.645947,0.210863
0,0,-0.344166,0.615339,0.709159
0,0,-0.371245,-0.829016,0.418221
0,0,-0.398294,-0.892305,0.212494
15.4275,23.2351,0.104837,-0.00664292,0.994467
0,0,-0.223513,0.942373,0.248947
0,0,0.022817,0.281061,0.959419
0,0,-0.646728,-0.496333,0.579133
0,0,0.979788,-0.0376924,0.196455
0,0,-0.461149,0.76356,0.452015
0,0,-0.299348,-0.646965,0.701304
0,0,-0.355972,0.907454,0.223185
0,0,0.539603,0.822962,0.177657
0,0,0.259393,0.726415,0.636425
0,0,0.236672,-0.74308,0.625954
0,0,0.0190967,-0.999404,0.0287738
0,0,-0.808543,-0.564679,0.165517
0,0,-0.564056,0.485159,0.668178
0,0,0.140599,-0.816261,0.560313
0,0,0.462724,-0.346507,0.815978
0,0,-0.9101,0.356913,0.210551
0,0,0.332804,0.461612,0.822287
0,0,0.445636,-0.120714,0.887038
0,0,-0.844776,-0.439136,0.305799
0,0,-0.822971,-0.319695,0.469588
0,0,-0.179691,0.983109,0.0347554
0,0,-0.0799613,0.796486,0.599346
0,0,0.823646,0.532153,0.196013
0,0,-0.61232,0.566037,0.551966
0,0,-0.360896,0.520972,0.773526
0,0,0.236098,-0.635582,0.735047
0,0,-0.353385,0.595141,0.721752
0,0,0.0563008,0.98311,0.174139
0,0,0.46891,-0.697019,0.542484
0,0,0.703367,0.67893,0.210544
0,0,-0.353932,0.574904,0.737711
0,0,-0.224458,-0.694875,0.683204
0,0,0.544301,-0.327219,0.77244
0,0,0.767014,0.633377,0.102578
0,0,0.28319,-0.758336,0.587137
0,0,0.736582,0.6114,0.2892
0,0,0.0973965,0.647505,0.755811
0,0,0.708627,-0.702983,0.0605167
0,0,-0.940102,-0.289263,0.180373
0,0,0.848465,-0.220837,0.480976
0,0,-0.24929,-0.0722736,0.965728
0,0,0.202019,-0.553431,0.808024
0,0,0.377226,-0.711766,0.592528
0,0,0.294346,0.646383,0.703953
0,0,-0.482929,-0.78993,0.377875
0,0,-0.600161,-0.130765,0.789118
0,0,-0.336869,-0.797206,0.500981
0,0,0.750233,0.626932,0.210015
0,0,-0.587414,0.719454,0.370583
0,0,0.839895,0.353019,0.412254
0,0,0.707696,-0.231991,0.667342
0,0,-0.692157,0.611393,0.383558
0,0,0.336087,-0.825536,0.453361
0,0,-0.447221,-0.466055,0.763404
0,0,-0.421603,0.667821,0.613405
0,0,0.821574,0.360581,0.441584
0,0,-0.985171,0.163946,0.050594
0,0,-0.335774,0.69671,0.633917
0,0,0.966759,0.233028,0.105241
0,0,0.54879,-0.038421,0.835077
0,0,-0.926585,0.244245,0.285979
0,0,0.156301,-0.3151,0.936099
0,0,0.161784,0.606094,0.778765
0,0,-0.186233,0.847149,0.497651
0,0,0.893659,-0.150572,0.422731
0,0,0.873601,0.46822,0.132635
0,0,0.944339,0.199761,0.26138
0,0,-0.0641742,0.991313,0.114805
0,0,-0.866438,-0.173782,0.468065
0,0,0.449269,-0.857094,0.252086
0,0,-0.365616,-0.485098,0.794358
0,0,-0.12041,0.935874,0.33112
0,0,-0.87685,-0.262538,0.40275
0,0,-0.626854,-0.744788,0.228791
0,0,-0.722162,0.616361,0.313976
0,0,0.224685,0.813802,0.535951
0,0,0.468561,-0.236262,0.851252
0,0,-0.0569859,0.862387,0.503032
0,0,-0.0182623,0.956225,0.29206
0,0,-0.597265,0.720436,0.352485
0,0,-0.710422,-0.437215,0.551492
0,0,-0.108951,-0.546886,0.830088
0,0,0.811174,-0.0133144,0.584654
0,0,-0.839424,-0.408994,0.357899
0,0,-0.283933,-0.923716,0.257159
0,0,0.262973,0.417762,0.869666
0,0,0.928419,-0.0782702,0.363196
0,0,-0.339707,0.840694,0.421702
0,0,0.422177,0.892779,0.157199
0,0,0.779227,-0.138644,0.611215
0,0,0.638779,0.759737,0.12149
0,0,-0.352867,-0.504763,0.787845
0,0,-0.680279,0.731474,0.0465313
0,0,0.169738,0.879161,0.44527
0,0,0.0299552,-0.822889,0.567412
0,0,-0.755215,0.240493,0.609766
0,0,0.424181,0.567689,0.705549
0,0,0.92974,0.293041,0.22296
0,0,-0.934786,0.286968,0.209345
0,0,-0.326496,-0.918389,0.223522
0,0,-0.587876,0.407847,0.698615
0,0,0.867048,0.361935,0.342389
0,0,0.0643373,-0.189175,0.979833
0,0,-0.0120825,-0.198911,0.979943
0,0,-0.92251,-0.370207,0.109186
0,0,0.928027,0.232905,0.290727
0,0,-0.313599,0.799446,0.512389
0,0,-0.0850981,-0.507344,0.857531
0,0,-0.210478,-0.421189,0.882213
0,0,0.702933,0.0837061,0.706314
0,0,-0.338247,-0.882224,0.32752
0,0,-0.385307,0.917241,0.101035
0,0,-0.819315,0.560676,0.119853
0,0,-0.933867,0.34552,0.0922364
0,0,-0.959286,0.0252412,0.281306
0,0,-0.338139,-0.645018,0.685284
0,0,0.717951,-0.442653,0.537219
0,0,0.418749,0.424888,0.802571
0,0,0.689776,-0.66559,0.284955
0,0,0.601429,-0.781305,0.166869
0,0,0.589343,-0.800704,0.107462
0,0,-0.953364,0.286982,0.0934805
0,0,0.560738,0.607162,0.562962
0,0,0.79455,0.595863,0.116779
0,0,-0.82152,-0.569947,0.0162478
0,0,0.363858,0.779787,0.50945
0,0,-0.227045,-0.97286,0.0446526
0,0,0.953853,-0.292929,0.0660046
0,0,-0.608946,0.227577,0.759864
0,0,0.443348,0.896241,0.0139826
0,0,-0.840908,0.485125,0.239847
0,0,0.75284,-0.635264,0.172254
0,0,-0.343764,0.888413,0.304218
11.677,17.4901,-0.0950837,0.536417,0.838579
0,0,-0.656378,-0.749251,0.0882657
0,0,0.106911,-0.443686,0.889782
0,0,-0.44149,0.049125,0.89592
0,0,0.177524,0.780443,0.599495
0,0,0.589079,-0.737931,0.329308
0,0,0.467517,0.109852,0.877132
0,0,0.880106,-0.427284,0.206981
0,0,0.204009,0.916036,0.345339
0,0,0.387291,-0.921627,0.0246897
0,0,0.818048,0.544869,0.184159
0,0,0.308659,0.528707,0.790695
0,0,0.464876,-0.850253,0.246899
0,0,-0.42474,0.239497,0.873062
0,0,0.691219,-0.0475328,0.721081
0,0,0.777971,-0.0360605,0.627264
0,0,0.0203158,-0.517241,0.855598
0,0,0.19802,-0.378178,0.904306
0,0,-0.0453721,-0.862354,0.504268
0,0,-0.618572,-0.433121,0.655572
22.7138,30.6429,0.65758,-0.260473,0.706925
0,0,-0.952483,0.252105,0.170935
0,0,-0.793537,-0.0144672,0.608349
0,0,0.880075,-0.294098,0.372792
0,0,-0.239582,0.460823,0.854542
0,0,0.566716,0.369237,0.736544
0,0,-0.417799,0.838841,0.348983
0,0,0.0506405,-0.218214,0.974586
0,0,0.0624795,-0.953438,0.295047
0,0,-0.0889447,-0.753708,0.651162
0,0,-0.950064,-0.0981701,0.296211
0,0,0.4957,-0.86712,0.0488365
0,0,0.915143,0.365263,0.170578
0,0,-0.467689,0.603655,0.645653
0,0,-0.869487,0.463309,0.171282
0,0,-0.676332,0.689557,0.259009
0,0,0.481537,0.216425,0.849284
0,0,-0.310658,-0.231767,0.921833
0,0,-0.175367,0.75573,0.630967
0,0,-0.534844,-0.337361,0.77468
0,0,-0.819736,-0.570493,0.050708
0,0,-0.777669,-0.574275,0.255811
0,0,0.343298,-0.826018,0.447035
0,0,0.832465,0.24498,0.496977
0,0,0.358502,0.515207,0.778485
0,0,0.164283,-0.976071,0.142468
0,0,0.522167,-0.337878,0.783058
0,0,-0.542569,-0.0558007,0.838156
0,0,0.142275,-0.890161,0.432865
0,0,0.390934,-0.63596,0.665376
0,0,0.77848,-0.492389,0.389258
0,0,-0.168616,-0.313331,0.934555
0,0,0.0715293,0.0928373,0.993109
0,0,-0.645348,0.430843,0.630793
0,0,-0.899313,-0.414748,0.13864
0,0,0.621977,-0.66985,0.405519
0,0,-0.358581,0.671606,0.648355
0,0,-0.330659,-0.146489,0.932312
0,0,-0.0240266,-0.625363,0.779964
0,0,-0.781099,0.606682,0.147722
0,0,-0.333064,-0.709002,0.621598
0,0,-0.0662623,0.817163,0.572585
0,0,-0.388862,-0.558762,0.73251
0,0,-0.271924,-0.16276,0.948455
0,0,0.355382,-0.255178,0.899215
0,0,-0.969117,0.128203,0.210655
0,0,-0.824954,-0.0371223,0.563979
0,0,-0.848916,0.228684,0.476493
0,0,0.838876,-0.259161,0.478667
0,0,0.511194,0.0865911,0.855092
0,0,-0.576816,0.473123,0.665911
0,0,0.763399,-0.515306,0.389463
0,0,0.286469,0.527945,0.799506
0,0,0.591361,-0.548719,0.590931
0,0,-0.0152814,0.902877,0.429627
0,0,-0.849044,-0.507448,0.147042
0,0,0.686164,-0.68842,0.235068
0,0,0.300657,-0.769478,0.563479
0,0,-0.27772,-0.217123,0.935804
0,0,0.646546,-0.617188,0.448394
0,0,-0.0241025,-0.886064,0.462936
0,0,0.715199,0.345064,0.6078
0,0,0.800035,-0.57971,0.154531
0,0,-0.971038,0.220327,0.0924187
0,0,0.53559,0.675388,0.506945
0,0,-0.0851752,-0.990427,0.108628
0,0,-0.679669,0.153724,0.71723
0,0,-0.362922,-0.313853,0.877373
0,0,-0.56614,0.0652368,0.821724
0,0,0.943309,0.0160332,0.331527
0,0,-0.486189,-0.729813,0.480618
0,0,0.462219,-0.858647,0.221536
0,0,0.281161,0.930808,0.233549
0,0,-0.919432,-0.370457,0.131936
0,0,0.969427,-0.227541,0.0918462
0,0,0.0299823,-0.810327,0.58521
0,0,0.366752,-0.721422,0.587404
0,0,-0.0751685,-0.885905,0.457735
0,0,0.0747355,-0.302185,0.950315
0,0,0.395345,-0.911293,0.115096
0,0,-0.192615,-0.900858,0.389043
0,0,0.779261,0.624877,0.0477544
0,0,-0.822641,0.526953,0.213501
0,0,0.065714,-0.858974,0.507785
0,0,0.111372,-0.897521,0.426677
0,0,-0.654933,-0.352209,0.668589
0,0,-0.967656,0.248465,0.0436761
0,0,0.771088,-0.229566,0.593904
0,0,0.671853,0.118848,0.731087
0,0,-0.725917,-0.625169,0.286721
0,0,-0.263665,-0.387592,0.883319
0,0,0.698208,0.700966,0.145436
0,0,0.0411946,-0.767892,0.639254
0,0,-0.76376,0.270349,0.586159
0,0,-0.433449,-0.825367,0.361789
0,0,0.0933992,-0.94541,0.312213
0,0,0.646775,-0.0546108,0.760723
0,0,0.686204,-0.592085,0.422564
0,0,-0.3096,-0.0813849,0.947378
0,0,-0.110371,0.904349,0.412275
0,0,0.953577,-0.234838,0.188528
0,0,0.394651,0.697397,0.598237
0,0,-0.93117,-0.270266,0.244703
0,0,-0.308356,-0.518231,0.797717
0,0,0.477696,0.460209,0.748341
0,0,-0.438523,-0.100289,0.893107
0,0,0.334436,-0.935782,0.111643
0,0,-0.193493,0.731647,0.653646
0,0,-0.279796,0.873133,0.399191
0,0,-0.835537,0.477983,0.270942
0,0,-0.371304,0.874127,0.313107
0,0,-0.0604281,-0.939603,0.336891
0,0,-0.233693,-0.262267,0.936271
0,0,0.204497,-0.823304,0.529482
0,0,-0.594513,-0.772143,0.224386
0,0,0.513426,0.587593,0.625403
13.7211,20.3092,0.462254,-0.454538,0.761392
0,0,0.135874,0.795283,0.590816
0,0,0.833205,-0.362809,0.417301
0,0,0.0426866,-0.804713,0.592128
0,0,0.910625,0.41321,0.00436572
0,0,-0.556339,0.70503,0.439796
18.838,27.6306,0.731484,0.176235,0.65869
0,0,0.862342,-0.312498,0.398386
0,0,0.534235,0.365898,0.762044
7.78004,13.3321,0.257219,0.210116,0.943234
0,0,0.95108,0.282743,0.124515
0,0,0.222428,-0.821542,0.52497
0,0,-0.876008,-0.165426,0.453038
0,0,0.533301,-0.664896,0.522975
0,0,0.890294,0.132765,0.435603
0,0,0.579383,-0.806716,0.116294
0,0,0.369485,-0.293105,0.881799
0,0,-0.251411,-0.0688835,0.965426
0,0,-0.248214,-0.352158,0.902427
0,0,-0.447363,0.754624,0.48001
0,0,0.206911,0.384918,0.899459
0,0,-0.66042,-0.716186,0.225663
0,0,0.394235,-0.0354155,0.918327
0,0,0.99942,0.0118252,0.0319226
0,0,-0.960902,0.20193,0.189451
0,0,0.401784,-0.623031,0.67112
0,0,0.671131,-0.643292,0.368454
0,0,-0.415308,-0.0152242,0.909554
0,0,-0.182867,-0.307536,0.933799
0,0,0.861609,-0.452811,0.22933
0,0,-0.731602,0.0354686,0.680809
0,0,0.680303,-0.732776,0.0150661
0,0,-0.270588,-0.583876,0.765422
0,0,0.969995,-0.178897,0.164638
0,0,-0.47457,0.504803,0.721081
0,0,-0.440332,0.897743,0.0128205
0,0,0.401118,-0.277447,0.872999
0,0,0.00199333,-0.907507,0.420032
0,0,-0.501103,0.809511,0.30592
0,0,0.219984,-0.577321,0.786325
0,0,0.241968,-0.545979,0.802096
0,0,-0.822131,-0.532057,0.202525
0,0,-0.568265,-0.397887,0.720251
0,0,-0.249611,-0.441136,0.862029
0,0,-0.91956,0.307615,0.244503
0,0,-0.871469,-0.144732,0.468609
0,0,0.186986,0.95266,0.239739
0,0,-0.649402,-0.17418,0.740228
0,0,-0.651824,0.685925,0.323469
0,0,-0.424628,0.875701,0.229866
0,0,0.513825,-0.392243,0.762974
0,0,0.884737,-0.382524,0.266299
0,0,0.868073,-0.0446086,0.494429
0,0,0.744785,-0.666866,0.0241707
0,0,-0.759266,0.520934,0.390055
0,0,0.906262,0.323262,0.272379
0,0,-0.372666,-0.185638,0.909208
0,0,0.865091,-0.4022,0.299755
0,0,0.621985,-0.740142,0.255586
0,0,-0.550866,0.0394092,0.833663
0,0,-0.599426,0.54431,0.586869
0,0,0.148575,-0.712967,0.685276
0,0,-0.251643,-0.212901,0.944113
0,0,0.531736,0.669599,0.51855
0,0,0.739267,0.66462,0.108465
0,0,0.333939,0.638183,0.693691
0,0,-0.232015,-0.556341,0.797906
0,0,0.0273773,-0.415705,0.909087
0,0,-0.60886,-0.658667,0.442094
0,0,0.503867,0.857446,0.104426
0,0,0.403222,-0.623883,0.669465
0,0,-0.77721,0.494035,0.389709
0,0,-0.532917,-0.618501,0.577457
0,0,-0.0915843,-0.272861,0.957684
0,0,-0.0626481,-0.965654,0.252166
0,0,-0.21334,-0.640651,0.737599
0,0,0.0763556,0.529873,0.844633
0,0,-0.46288,-0.557291,0.689325
0,0,0.660739,-0.717873,0.219274
0,0,-0.00418857,-0.00892346,0.999951
0,0,0.925246,0.142216,0.351701
0,0,0.576649,0.743645,0.33833
0,0,0.851384,0.4052,0.333104
0,0,-0.428618,-0.461328,0.776829
0,0,-0.797299,-0.449408,0.402924
0,0,-0.746284,0.215403,0.629811
0,0,0.208255,0.94406,0.255695
0,0,0.97593,-0.0612746,0.209297
0,0,0.432617,0.562955,0.704219
0,0,0.131951,0.605471,0.784852
0,0,0.0369718,-0.233495,0.971655
0,0,-0.38384,0.741224,0.550684
0,0,0.517153,0.84114,0.15823
21.0359,28.0723,-0.201542,0.11615,0.972569
0,0,-0.0692781,0.997501,0.0138634
0,0,0.137647,-0.989912,0.0335815
0,0,0.0793908,-0.421608,0.903296
0,0,0.502546,-0.847174,0.172462
0,0,-0.705006,-0.706204,0.0651417
0,0,0.489381,-0.0371248,0.871279
0,0,-0.781269,0.362887,0.50787
0,0,0.331364,0.726759,0.601681
0,0,0.196077,-0.832116,0.518784
0,0,-0.291584,-0.87484,0.386824
0,0,-0.487473,-0.774599,0.402946
0,0,0.216833,-0.955027,0.202256
0,0,-0.459579,-0.105255,0.881878
0,0,0.679023,0.730286,0.0749018
0,0,0.179615,0.199699,0.963254
0,0,-0.958094,-0.2544,0.131665
0,0,-0.273637,0.0930272,0.957324
0,0,0.177723,0.920733,0.347369
0,0,-0.561896,0.598657,0.570861
0,0,0.78544,0.231785,0.573898
0,0,0.956908,0.0702856,0.281756
0,0,-0.178437,-0.784463,0.593951
0,0,-0.951464,0.235959,0.197583
0,0,-0.160316,-0.906638,0.390265
0,0,-0.903516,-0.0214883,0.428016
0,0,-0.134879,0.573758,0.807842
0,0,-0.73853,0.484383,0.468984
0,0,-0.398706,0.389906,0.830064
0,0,0.980602,-0.164772,0.106164
0,0,0.591167,0.75898,0.272895
19.8566,27.2926,-0.691274,-0.615557,0.378456
0,0,-0.647038,0.10052,0.755802
0,0,0.457315,-0.318276,0.8304
0,0,-0.866743,0.10046,0.488533
0,0,0.889049,-0.410959,0.201752
0,0,-0.970482,-0.177739,0.163015
0,0,0.954285,-0.058802,0.293056
13.7872,19.6178,0.0255433,-0.0789904,0.996548
0,0,-0.087277,0.0917186,0.991953
0,0,0.218779,0.97296,0.0740598
0,0,-0.521683,0.847834,0.0949965
0,0,0.740698,0.00601175,0.671812
13.206,18.1322,-0.0359228,-0.856056,0.515633
0,0,-0.558128,0.622844,0.548233
0,0,0.911845,0.395877,0.108721
0,0,0.0367524,-0.433785,0.900267
0,0,0.765166,-0.598041,0.238471
0,0,-0.537062,0.821699,0.190724
0,0,0.444425,-0.654806,0.611322
0,0,-0.482775,0.720076,0.498416
0,0,0.800984,0.431874,0.41462
0,0,0.389092,-0.27652,0.878717
0,0,0.661813,-0.186116,0.726199
0,0,0.0274277,-0.877819,0.478206
0,0,0.987851,0.121293,0.0971499
0,0,0.664629,-0.434062,0.60816
0,0,-0.648237,0.481216,0.590101
16.8709,25.9932,-0.118388,0.25202,0.960453
0,0,0.0293609,0.853692,0.519951
0,0,-0.268131,-0.958595,0.0959278
0,0,0.873493,0.478534,0.0895307
0,0,0.982176,-0.0965068,0.161296
0,0,0.529607,-0.767873,0.360399
0,0,0.697302,0.48754,0.525428
0,0,0.92746,-0.322168,0.189804
0,0,-0.0220563,-0.431563,0.901813
0,0,0.132755,0.99025,0.0421912
0,0,0.368568,-0.847965,0.380937
0,0,-0.969782,-0.195838,0.145504
0,0,0.754501,-0.647049,0.109797
0,0,0.203722,0.278598,0.938552
0,0,0.82549,-0.559079,0.0774459
0,0,0.14739,-0.605656,0.781957
0,0,-0.665723,-0.706473,0.240226
0,0,0.720781,0.627122,0.295282
0,0,-0.246316,-0.943483,0.221739
0,0,-0.203615,0.917849,0.340726
0,0,0.761714,0.104941,0.639359
0,0,0.622426,-0.73183,0.277508
0,0,0.0301746,0.775142,0.631067
0,0,-0.171074,-0.369723,0.913257
0,0,0.207966,0.806616,0.553281
0,0,-0.382163,-0.618072,0.686978
0,0,0.943851,0.298429,0.141721
0,0,0.309703,0.622104,0.719076
0,0,-0.537443,-0.676966,0.502863
0,0,-0.154415,0.527136,0.835634
0,0,-0.115046,0.390204,0.913512
0,0,0.62553,0.773832,0.0994764
0,0,0.928977,0.129468,0.346757
0,0,0.821002,0.284959,0.494727
0,0,-0.588917,0.768407,0.250455
0,0,-0.644096,0.661187,0.384672
0,0,0.413714,-0.17658,0.893118
0,0,0.364241,-0.416147,0.833157
0.815015,1.53524,0.0197482,0.0366185,0.999134
0,0,-0.0440877,-0.137773,0.989482
0,0,0.434636,-0.668365,0.603639
0,0,0.319839,-0.917582,0.236107
0,0,-0.570958,0.378237,0.728659
0,0,0.183225,-0.973423,0.13739
0,0,-0.817783,-0.57144,0.0684634
0,0,0.980964,0.191696,0.0310347
0,0,-0.41982,0.905165,0.0665416
0,0,0.46717,0.498065,0.730536
0,0,0.176933,-0.961852,0.208652
0,0,0.584147,-0.125314,0.801916
0,0,-0.284441,0.789964,0.543185
0,0,0.483363,-0.0271633,0.874998
0,0,-0.560062,0.00230242,0.828447
0,0,-0.161144,0.359334,0.919191
0,0,-0.281457,-0.58427,0.76119
0,0,-0.191074,0.0412486,0.980709
0,0,0.688014,-0.591615,0.420272
0,0,0.906458,0.112615,0.407003
0,0,0.291068,-0.494489,0.819
0,0,0.0316335,-0.990732,0.132094
0,0,-0.150511,0.968523,0.198266
0,0,-0.510491,0.710908,0.483745
0,0,-0.0362205,0.997853,0.054575
0,0,-0.0980963,-0.85366,0.511509
0,0,0.155193,-0.653213,0.741099
0,0,0.829149,-0.0285024,0.558301
0,0,0.310323,0.784351,0.537116
0,0,0.628221,0.61865,0.471816
0,0,0.234392,0.451767,0.860794
0,0,0.583458,0.0955633,0.806501
0,0,0.385424,-0.919927,0.0719894
16.7913,23.4761,-0.324172,0.567939,0.756543
0,0,0.331356,-0.660321,0.673928
0,0,0.662946,0.723199,0.193612
0,0,-0.292595,-0.814396,0.501146
0,0,-0.478048,0.817732,0.3206
0,0,0.844536,0.0248383,0.534922
0,0,-0.655927,-0.288894,0.697352
0,0,-0.622661,0.760078,0.18594
0,0,0.114013,-0.532321,0.83883
0,0,-0.3809,-0.874668,0.299786
0,0,-0.26412,-0.580786,0.770019
0,0,0.844247,-0.275828,0.459527
0,0,-0.528357,-0.826162,0.195692
0,0,0.443978,0.0503388,0.894622
0,0,-0.588765,0.0859375,0.803723
0,0,-0.84364,-0.374246,0.384982
0,0,0.902323,0.430312,0.0253842
0,0,-0.366853,0.929697,0.0328984
0,0,-0.82784,-0.422881,0.368582
0,0,0.236589,0.806891,0.541251
0,0,0.714928,-0.374061,0.590725
0,0,-0.996583,-0.0245887,0.0788523
0,0,-0.582315,0.356336,0.730708
0,0,-0.530314,0.737149,0.418783
0,0,-0.295973,0.795174,0.529243
0,0,0.739629,0.127564,0.660815
0,0,-0.467763,0.698107,0.542074
0,0,-0.857988,0.396351,0.326745
0,0,-0.573598,0.136186,0.807737
0,0,-0.340472,-0.930452,0.13542
0,0,0.336131,0.625956,0.703701
0,0,0.0678973,0.947714,0.311814
0,0,0.380181,-0.922558,0.0659444
0,0,-0.601801,0.646737,0.46858
0,0,-0.865514,0.409077,0.289034
0,0,-0.268668,0.282261,0.920949
0,0,-0.328137,-0.306884,0.893391
0,0,0.756768,-0.108413,0.64463
0,0,-0.302201,0.914589,0.268703
21.4648,29.2165,-0.137784,-0.867311,-0.478318
0,0,-0.68891,-0.161861,0.706543
0,0,0.788521,-0.614839,0.0144267
0,0,0.668918,-0.704456,0.237254
0,0,0.718487,0.627036,0.301003
0,0,-0.319645,-0.906418,0.276106
15.2099,19.3723,-0.505104,0.22196,0.834028
0,0,-0.268116,0.963151,0.0213193
0,0,-0.572883,0.81897,0.0330589
0,0,-0.385569,0.477057,0.789781
0,0,-0.391763,-0.43738,0.809456
0,0,-0.327442,-0.871182,0.36582
0,0,-0.358047,0.548187,0.75584
0,0,0.142548,0.365193,0.919953
0,0,-0.240736,-0.651808,0.719161
0,0,-0.67305,0.409917,0.615607
0,0,-0.568841,0.375656,0.731644
0,0,-0.513069,0.655311,0.554371
20.1222,28.0702,-0.0782107,-0.786964,0.612022
0,0,-0.133419,-0.920584,0.367047
0,0,0.890545,0.454006,0.0284392
0,0,0.634239,0.515452,0.576238
23.5629,35.6623,-0.506509,0.170205,0.845268
0,0,-0.751806,0.357041,0.554354
0,0,-0.844377,-0.480834,0.236275
0,0,0.508074,-0.543096,0.668512
0,0,-0.203245,0.868756,0.451613
0,0,-0.580811,-0.109651,0.80662
0,0,-0.965943,-0.257213,0.0282094
0,0,0.596145,-0.79926,0.0761291
0,0,0.285565,0.143322,0.947582
0,0,-0.25842,0.660768,0.704702
0,0,-0.782657,-0.130028,0.60872
0,0,0.725357,0.643065,0.24561
0,0,0.592508,-0.727394,0.346168
0,0,-0.391558,0.795578,0.462319
0,0,0.507202,0.086683,0.857457
0,0,-0.736917,0.131562,0.663057
0,0,0.620785,-0.633023,0.462502
0,0,-0.298208,0.442853,0.845549
0,0,-0.550818,-0.769825,0.322442
0,0,-0.436713,0.399791,0.805884
0,0,0.939081,0.342625,0.0271138
0,0,0.733118,0.520371,0.437894
0,0,0.902349,0.121364,0.413566
0,0,-0.726739,-0.263663,0.634297
0,0,-0.422414,-0.770813,0.476879
0,0,0.808196,0.28735,0.514051
0,0,0.850698,-0.316851,0.419426
0,0,0.595208,0.769698,0.230851
0,0,-0.827517,-0.285673,0.48333
0,0,0.630397,0.523401,0.573281
9.15036,14.3143,-0.0020661,-0.957985,0.286812
0,0,-0.637956,-0.770071,0.00168698
0,0,-0.133283,0.545293,0.827581
0,0,0.666973,-0.738997,0.0950312
0,0,0.980325,0.0726617,0.183528
23.1999,33.015,0.0556594,0.391035,0.918691
0,0,-0.503225,-0.795187,0.338294
0,0,-0.173534,0.617778,0.766966
0,0,-0.229114,0.547855,0.804588
0,0,-0.416201,-0.370724,0.830265
0,0,-0.621146,0.619603,0.479865
0,0,0.21055,-0.950356,0.229112
0,0,-0.0339728,-0.833041,0.552168
0,0,-0.0669039,0.639035,0.766262
0,0,0.0268258,0.37479,0.926721
0,0,-0.883205,0.165473,0.438825
0,0,-0.633845,0.568721,0.524211
0,0,0.876685,0.126106,0.464242
5.65039,8.57039,0.475051,-0.347236,0.80855
0,0,-0.478226,-0.873665,0.0894892
0,0,-0.576473,-0.725477,0.37598
0,0,-0.542621,-0.448,0.710534
0,0,-0.96551,0.258667,0.0296895
0,0,0.979303,0.169586,0.110479
0,0,0.50989,0.838637,0.191572
0,0,0.991877,-0.0696277,0.106454
0,0,0.503172,0.842685,0.191574
23.0459,31.318,-0.22576,-0.211938,0.950849
0,0,-0.941,-0.0651321,0.332079
0,0,0.541313,0.826457,0.154755
7.72174,10.5694,-0.319186,0.1119,0.941062
5.1595,6.82195,0.328556,-0.438096,0.836733
0,0,0.731372,0.631391,0.257761
0,0,-0.409671,0.155406,0.898898
0,0,-0.00292504,0.517375,0.855754
0,0,0.622518,0.709799,0.329631
0,0,-0.509975,0.238925,0.826341
0,0,-0.349183,-0.643086,0.681551
0,0,0.943754,0.222729,0.244375
0,0,0.409089,0.102533,0.906716
0,0,-0.75763,0.634461,0.153153
21.7213,30.97,-0.0356275,0.960374,-0.276427
0,0,-0.171861,0.95049,0.258905
0,0,-0.147338,0.670681,0.726966
18.8041,27.5779,0.348986,-0.137805,0.926941
0,0,-0.463319,0.348004,0.815002
0,0,-0.978959,0.181925,0.0924307
0,0,0.991541,-0.12959,0.00733006
0,0,0.139432,-0.651926,0.745353
0,0,-0.814629,-0.0339071,0.578991
0,0,-0.985578,0.127929,0.110769
0,0,-0.43749,-0.807683,0.395285
0,0,0.0329445,-0.439799,0.897492
0,0,0.137389,0.793289,0.593141
0,0,0.0761665,0.447991,0.890788
0,0,-0.0605277,-0.974457,0.216266
0,0,-0.959534,0.147755,0.239714
0,0,-0.739631,0.606851,0.290994
0,0,-0.570548,-0.638583,0.516416
0,0,0.875292,0.481319,0.046861
0,0,-0.0552362,0.602708,0.796047
0,0,-0.415908,-0.0510403,0.907973
0,0,-0.872683,-0.450185,0.189097
0,0,-0.0411254,0.344351,0.93794
0,0,0.946621,0.252486,0.2004
0,0,-0.389836,0.283759,0.876076
17.7179,24.3773,-0.153899,-0.00678139,0.988063
18.3013,27.1474,0.417412,-0.708133,0.569486
0,0,0.914199,-0.288232,0.284891
0,0,-0.696521,-0.405915,0.591686
0,0,-0.425989,0.889169,0.167066
0,0,0.50786,0.790805,0.341623
0,0,0.857195,0.506328,0.0940649
0,0,-0.664899,-0.513678,0.542258
0,0,0.08179,0.985709,0.14727
0,0,-0.81243,0.505719,0.290183
0,0,0.794558,0.229453,0.562164
0,0,0.512036,-0.680648,0.523964
0,0,0.317397,-0.35322,0.880054
0,0,0.0937773,-0.774369,0.625746
0,0,-0.692354,-0.521524,0.498657
0,0,-0.309138,-0.947453,0.0822599
0,0,0.928486,-0.0292995,0.37021
0,0,-0.469962,0.538444,0.699438
0,0,0.831288,0.545097,0.108766
0,0,0.502863,0.850861,0.1522
0,0,-0.478083,-0.345004,0.807718
0,0,0.138798,-0.427592,0.893253
0,0,-0.970345,-0.180813,0.160431
0,0,-0.805184,-0.404192,0.433945
0,0,0.292572,0.898353,0.327662
0,0,-0.749812,-0.570255,0.335546
0,0,-0.0878723,-0.380182,0.920728
0,0,0.478988,-0.400071,0.781354
0,0,0.22182,-0.712791,0.665376
0,0,0.363023,0.930513,0.0485845
0,0,-0.877842,0.393018,0.273732
0,0,0.788307,0.480498,0.384309
0,0,-0.669203,0.472027,0.573897
24.0327,35.4828,0.950068,-0.260498,-0.171788
0,0,-0.704008,-0.611576,0.361037
0,0,-0.245082,0.753656,0.609866
0,0,0.0674326,0.981649,0.178379
0,0,0.392946,0.107277,0.913283
0,0,-0.678592,0.165684,0.715585
14.0356,20.7071,-0.754965,-0.0644566,0.65259
0,0,-0.22977,-0.34989,0.908176
0,0,-0.521348,-0.0910135,0.848476
0,0,-0.424384,-0.646758,0.633721
0,0,-0.475225,0.681002,0.557133
0,0,0.855102,0.410784,0.316317
0,0,-0.762117,-0.183943,0.620759
0,0,-0.526525,0.391851,0.75447
4.39606,5.98975,0.107477,0.406602,0.907262
0,0,0.130582,0.36815,0.920551
0,0,-0.0718556,0.465184,0.882293
0,0,0.279932,0.61723,0.735299
0,0,0.934571,0.355481,0.0144822
0,0,-0.167321,0.678358,0.715426
0,0,0.881333,-0.418797,0.218771
0,0,-0.675419,-0.672255,0.303122
0,0,0.535937,-0.111349,0.836883
0,0,0.761214,0.175961,0.624172
0,0,0.17163,0.0484284,0.983971
0,0,0.59171,0.656931,0.467248
0,0,-0.956658,0.0555803,0.285859
0,0,0.238336,-0.0619788,0.969203
0,0,0.989842,-0.127146,0.0636148
0,0,0.939648,0.0960044,0.328397
0,0,0.498354,0.864159,0.0698089
0,0,0.561755,-0.353697,0.747883
0,0,0.844703,0.522221,0.117313
0,0,-0.122979,-0.914959,0.384351
0,0,-0.796463,0.23962,0.555184
0,0,-0.163071,0.469075,0.867973
0,0,0.866434,-0.439356,0.237189
0,0,-0.436157,0.895291,0.0906725
0,0,-0.363232,0.90606,0.217068
0,0,-0.752928,-0.465891,0.464807
0,0,-0.274005,0.212403,0.93798
0,0,0.390231,0.563922,0.727813
0,0,0.987538,0.128116,0.0914068
0,0,0.096623,-0.226444,0.96922
0,0,0.722057,0.350263,0.596614
0,0,0.917959,-0.16944,0.358666
0,0,-0.264883,0.586154,0.765677
0,0,-0.225666,-0.58934,0.775728
0,0,0.268483,0.630931,0.727903
0,0,-0.485559,0.215844,0.847139
0,0,-0.790004,-0.610629,0.0550071
0,0,0.908719,0.0177098,0.417032
0,0,-0.110944,0.537621,0.835856
0,0,-0.556937,-0.482189,0.676251
0,0,-0.560356,0.343122,0.753836
0,0,0.239581,-0.750865,0.61547
0,0,0.0144155,-0.221752,0.974996
0.115742,0.202387,0.392022,-0.403297,0.826843
0,0,-0.372312,-0.398181,0.838353
0,0,0.652539,-0.147156,0.743329
0,0,-0.534102,-0.817416,0.215793
0,0,-0.853617,0.461418,0.241726
0,0,-0.0035321,0.645306,0.763916
0,0,-0.980017,-0.00507405,0.19885
0,0,0.354578,0.439991,0.825035
0,0,0.565387,-0.819051,0.0974266
0,0,-0.0621877,-0.292456,0.954255
0,0,0.740731,0.452634,0.496427
0,0,-0.322893,0.746183,0.582196
0,0,0.939424,0.338596,0.0532506
0,0,-0.870688,-0.255422,0.420311
0,0,0.199567,-0.898673,0.390589
0,0,0.996358,-0.0720584,0.04558
0,0,0.983922,0.175371,0.0338131
0,0,-0.482497,0.875224,0.0343565
0,0,0.131156,-0.987512,0.0872843
0,0,-0.817343,-0.039792,0.574775
0,0,-0.903257,-0.151125,0.401606
0,0,-0.613841,-0.0112446,0.78935
0,0,-0.283769,0.439519,0.852231
0,0,0.346784,0.31135,0.884761
0,0,-0.352754,-0.010517,0.935657
0,0,-0.522753,0.151483,0.838917
0,0,-0.0269697,0.911315,0.410825
0,0,0.393834,0.832724,0.389187
0,0,-0.227047,-0.968131,0.105699
15.2238,20.6478,0.0262422,0.235784,0.971451
0,0,-0.867627,0.0693222,0.49236
0,0,-0.782833,0.605927,0.141508
0,0,0.755556,-0.597243,0.269138
0,0,-0.827151,-0.549189,0.119219
0,0,-0.746637,0.611649,0.26157
0,0,-0.150396,0.106143,0.982911
0,0,-0.105331,0.393448,0.913293
0,0,-0.133396,-0.461847,0.876871
0,0,-0.245084,-0.958615,0.144883
0,0,0.385229,-0.815954,0.431066
0,0,-0.532995,-0.815716,0.224776
0,0,0.683262,0.375363,0.626304
0,0,-0.447855,-0.644715,0.619491
0,0,-0.253469,0.858641,0.445521
18.0264,26.4956,-0.00171644,0.0122811,0.999923
0,0,-0.611968,-0.790509,0.0243122
0,0,0.745704,0.444847,0.49602
0,0,-0.145418,0.939958,0.308761
0,0,0.65491,-0.480936,0.582919
0,0,-0.472447,0.103756,0.875231
0,0,0.282494,-0.324757,0.902624
0,0,0.594705,0.459207,0.65989
0,0,0.0706522,-0.914762,0.397768
0,0,-0.863369,-0.389474,0.320786
0,0,-0.162612,-0.810961,0.562049
0,0,0.362458,0.249294,0.898041
0,0,0.117672,0.934431,0.336143
0,0,-0.225229,0.955352,0.191246
0,0,0.63098,0.739308,0.235135
0,0,-0.782209,0.618298,0.0765307
0,0,-0.758319,0.571161,0.31421
0,0,0.780721,-0.139814,0.609037
0,0,0.160544,0.534189,0.829981
0,0,-0.291224,0.693204,0.659285
0,0,0.53825,0.761422,0.361281
0,0,0.656936,0.314577,0.685183
0,0,0.976944,0.199568,0.0758451
0,0,-0.747865,-0.0532007,0.661716
0,0,0.87656,-0.481288,0.00221154
0,0,-0.560974,-0.487893,0.668781
0,0,0.0288652,0.858622,0.511795
0,0,-0.143368,-0.347721,0.926572
0,0,-0.515785,-0.791819,0.327091
0,0,0.596252,0.369689,0.71261
0,0,0.528482,-0.256169,0.809373
0,0,-0.115628,0.900491,0.419222
0,0,0.702057,-0.324525,0.633876
0,0,0.783965,-0.383644,0.488074
0,0,-0.774193,-0.530581,0.345123
0,0,-0.474045,-0.707829,0.523698
0,0,-0.632993,-0.696161,0.338644
0,0,0.431309,0.232284,0.871789
0,0,0.741334,0.602026,0.296629
0,0,-0.982998,0.178858,0.0415344
0,0,-0.0791933,-0.155991,0.984579
0,0,-0.457406,0.797932,0.392535
17.8854,26.4608,-0.324981,0.105342,0.939835
0,0,-0.878566,0.00484083,0.477596
0,0,-0.472751,0.522127,0.709852
0,0,-0.7569,0.59543,0.269379
0,0,-0.220926,0.570763,0.790836
0,0,0.64002,-0.627168,0.443887
0,0,0.121536,0.99098,0.0564587
0,0,-0.826126,0.531273,0.187791
0,0,-0.573922,-0.32772,0.750475
0,0,0.783333,0.030023,0.620877
4.42715,7.21638,0.378997,-0.892036,-0.246238
0,0,0.616961,-0.544786,0.56795
0,0,0.298474,0.920354,0.25271
0,0,-0.894083,0.423866,0.144749
0,0,-0.626672,0.758799,0.177502
0,0,-0.199989,-0.481667,0.85323
0,0,-0.588444,0.76812,0.252437
0,0,0.903786,0.399656,0.153117
0,0,0.30868,0.2295,0.923064
0,0,0.802629,-0.174735,0.570311
0,0,-0.509938,-0.48854,0.708019
20.1558,29.0243,0.0127875,0.340898,0.940013
0,0,0.138372,-0.835756,0.53138
0,0,-0.808038,0.275614,0.520684
0,0,-0.506649,0.143042,0.850203
0,0,0.271959,0.935787,0.224367
0,0,0.342692,0.929476,0.136517
0,0,0.202315,-0.511213,0.835302
0,0,-0.474868,-0.638191,0.605981
0,0,0.752805,-0.494759,0.434164
0,0,-0.0448339,-0.998645,0.0264024
0,0,0.0774123,0.987381,0.138152
0,0,0.39809,0.35051,0.847743
0,0,0.595734,-0.789908,0.14542
0,0,-0.574677,0.307096,0.758577
0,0,0.115618,-0.370178,0.921738
10.6208,15.3774,0.305229,-0.785088,0.538954
0,0,0.458234,-0.0295266,0.888341
0,0,-0.501002,0.385346,0.774923
0,0,0.550565,-0.522102,0.651373
19.671,27.381,-0.438497,-0.589526,0.678365
0,0,0.515996,-0.302151,0.801531
0,0,0.516128,0.665295,0.539439
0,0,0.655317,0.39758,0.642254
0,0,0.463468,-0.740203,0.487132
14.7765,21.0657,-0.562087,0.128416,0.817048
0,0,0.549,0.23126,0.803192
0,0,-0.382394,-0.586267,0.714189
0,0,0.756519,-0.467901,0.456889
0,0,-0.855527,0.108188,0.506329
0,0,0.623181,0.1302,0.771164
0,0,0.2157,0.278992,0.935755
0,0,0.432267,-0.873094,0.225504
0,0,0.0515703,-0.815246,0.576814
0,0,0.572209,0.819836,0.0211163
0,0,0.40502,-0.770988,0.491464
0,0,-0.951741,-0.088344,0.293911
0,0,-0.843244,-0.123281,0.523203
0,0,0.261137,-0.737976,0.622253
0,0,0.689826,0.615626,0.380978
0,0,-0.245683,0.84721,0.471036
0,0,0.974865,0.0789095,0.208354
0,0,-0.027501,0.441213,0.896981
0,0,-0.75324,0.346061,0.559349
0,0,-0.44623,-0.889407,0.0991624
0,0,-0.0693399,0.809803,0.58259
0,0,0.767612,0.0648724,0.637623
0,0,0.810988,-0.579195,0.0826509
0,0,0.650244,-0.699631,0.296141
0,0,0.410497,0.0577951,0.910029
0,0,-0.915389,-0.358719,0.18271
0,0,-0.274486,0.570468,0.774095
0,0,0.397193,0.0521222,0.916254
0,0,0.0927537,-0.638264,0.764209
0,0,0.331048,0.277223,0.901973
0,0,-0.110195,-0.876365,0.468873
0,0,0.254763,-0.965718,0.0498483
0,0,0.921064,-0.117968,0.371113
0,0,-0.745604,-0.151517,0.648936
0,0,-0.362263,-0.928982,0.0758729
0,0,0.830975,0.44729,0.330775
0,0,-0.479863,0.8767,0.0335933
0,0,-0.00286653,-0.571224,0.820789
0,0,-0.966117,0.221374,0.132706
0,0,0.344773,-0.910102,0.229882
0,0,-0.6317,0.624402,0.459432
0,0,0.960398,0.239297,0.142734
0,0,0.866206,0.0315667,0.498689
0,0,-0.746484,-0.267393,0.609313
0,0,0.668944,0.742901,0.0247377
0,0,0.183206,-0.616787,0.765512
0,0,-0.199716,0.923423,0.327725
0,0,-0.879935,0.472586,0.0487527
0,0,0.850243,-0.054919,0.523518
0,0,-0.959354,0.278751,0.0440286
0,0,0.987017,-0.0190897,0.159479
0,0,-0.0881647,-0.484753,0.870197
0,0,0.853033,0.36637,0.371628
0,0,-0.209093,-0.860103,0.465298
5.58732,8.07207,0.320588,-0.158466,0.933869
0,0,-0.808641,0.116197,0.576713
0,0,-0.835,0.526136,0.161104
0,0,-0.293869,-0.686694,0.664901
0,0,-0.915756,-0.353938,0.19005
0,0,-0.756127,-0.214124,0.618404
0,0,0.4434,0.833336,0.330073
0,0,-0.942972,-0.146518,0.298892
0,0,-0.819899,-0.329483,0.468194
0,0,0.846927,0.099532,0.52231
0,0,0.198444,0.780176,0.59325
0,0,-0.456153,0.0397264,0.889014
0,0,-0.233771,-0.811386,0.535728
0,0,-0.646377,0.130428,0.751788
0,0,-0.0341059,-0.995119,0.092606
0,0,-0.36244,0.831207,0.421583
12.1132,18.7278,0.929846,0.0122496,-0.367744
0,0,0.590326,-0.134693,0.795847
0,0,-0.385458,-0.11325,0.915749
0,0,-0.0162954,0.0865864,0.996111
0,0,-0.311384,0.946294,0.0869873
0,0,0.539945,0.564076,0.624722
0,0,0.758072,-0.642119,0.114061
0,0,0.255698,0.877084,0.406623
0,0,-0.973712,-0.174773,0.14608
0,0,-0.904878,-0.321546,0.278934
0,0,0.358122,-0.933672,0.00223274
0,0,-0.0702485,-0.595048,0.800614
0,0,0.215604,-0.730221,0.6483
0,0,0.0213781,-0.785397,0.618623
0,0,0.898275,-0.185085,0.398554
0,0,-0.395363,0.462585,0.793538
0,0,0.310713,-0.301332,0.901475
0,0,-0.426932,-0.898429,0.102736
0,0,-0.766842,0.148493,0.624423
0,0,0.712632,0.170447,0.680517
0,0,-0.745401,-0.0295237,0.665962
0,0,0.484928,0.123707,0.865761
0,0,0.290642,0.612763,0.73488
0,0,-0.423381,0.356472,0.832872
0,0,-0.533766,0.712637,0.455239
0,0,0.476305,0.242658,0.845134
0,0,-0.580233,-0.00640079,0.814425
10.9465,16.7589,0.39273,-0.00612334,0.919633
0,0,0.754434,-0.352695,0.553566
0,0,-0.485389,-0.304683,0.819491
0,0,-0.609494,0.792771,0.00561074
0,0,0.443599,0.770321,0.458067
0,0,-0.823007,-0.263266,0.50334
0,0,0.247876,0.778628,0.576451
0,0,0.656677,0.403802,0.636961
0,0,-0.84461,-0.337834,0.415334
0,0,0.926142,-0.225469,0.302364
0,0,-0.365539,0.257829,0.894375
0,0,0.0811545,0.386175,0.918849
0,0,-0.450353,0.459723,0.7654
0,0,0.915119,-0.108963,0.388182
0,0,-0.75859,0.580223,0.296449
0,0,-0.225692,0.252454,0.94092
9.95101,13.171,0.48994,-0.256738,0.833093
0,0,-0.116334,0.303337,0.945755
0,0,0.868629,-0.419646,0.263403
0,0,0.72315,-0.650217,0.232961
0,0,-0.638089,-0.475842,0.605323
0,0,-0.937496,-0.293303,0.18728
0,0,0.52285,-0.505703,0.686216
0,0,0.759389,0.294825,0.580005
0,0,0.21571,-0.958233,0.187773
0,0,0.922525,0.255852,0.288943
0,0,0.753519,-0.0596249,0.654716
0,0,-0.21858,-0.833776,0.506991
0,0,0.245484,0.912115,0.328305
0,0,0.976261,-0.0758617,0.202878
0,0,0.871477,-0.489623,0.0282371
0,0,0.0737051,-0.839937,0.537655
0,0,-0.186584,-0.887271,0.421826
0,0,0.579965,-0.641078,0.502653
0,0,-0.569633,-0.468084,0.675585
0,0,0.173726,-0.916836,0.359486
0,0,0.480143,0.788536,0.384284
0,0,0.196913,-0.205583,0.958624
0,0,-0.949113,0.307968,0.0658778
0,0,-0.34789,-0.542027,0.76497
0,0,-0.718962,-0.689866,0.0847286
0,0,0.533526,0.698157,0.477416
0,0,0.682157,0.0121153,0.731105
0,0,-0.577835,-0.131753,0.805449
0,0,-0.517919,0.798534,0.306762
0,0,-0.882006,0.21627,0.41868
0,0,0.00367621,0.950198,0.311624
0,0,0.537095,-0.498737,0.680287
0,0,0.912671,0.277478,0.300064
0,0,0.0400952,0.794108,0.606453
0,0,-0.157679,0.985154,0.0678846
0,0,-0.390155,-0.592484,0.704799
0,0,0.209725,-0.969312,0.128256
0,0,0.291001,0.805481,0.516254
0,0,0.094476,-0.503801,0.858638
0,0,-0.548138,-0.75234,0.365416
0,0,0.172886,0.540187,0.823595
0,0,-0.821099,-0.0814661,0.564942
0,0,-0.956215,-0.24368,0.162088
0,0,-0.606975,-0.752841,0.254583
0,0,-0.372278,0.923369,0.093802
0,0,-0.599644,-0.405699,0.689808
0,0,0.00908592,0.999488,0.0306906
0,0,-0.110361,-0.985535,0.128609
0,0,-0.075765,0.892115,0.445411
0,0,0.28027,-0.661224,0.695867
0,0,-0.928128,-0.349019,0.129478
0,0,-0.371615,0.202317,0.906074
0,0,0.714992,0.0727563,0.695337
0,0,-0.521306,0.477289,0.707415
0,0,0.926636,-0.313057,0.208185
0,0,-0.412714,-0.825003,0.386053
0,0,-0.948211,-0.00630566,0.317579
0,0,-0.719541,-0.238584,0.65218
0,0,0.471267,0.413517,0.779045
0,0,0.693412,-0.717906,0.0615711
0,0,0.303376,-0.636143,0.709426
4.14953,4.70033,0.253746,0.41097,0.875624
0,0,-0.91132,0.20545,0.356771
0,0,0.85517,-0.288601,0.430575
0,0,-0.694962,-0.0318337,0.718341
0,0,-0.415386,-0.146437,0.897781
0,0,0.548819,0.0613176,0.833689
0,0,0.144933,-0.979762,0.138057
0,0,-0.674985,-0.620321,0.399496
0,0,-0.118452,0.962752,0.243058
7.59655,9.30149,-0.245001,0.154042,0.957207
0,0,-0.143396,0.958051,0.248147
0,0,0.594538,-0.354371,0.721766
0,0,-0.22356,0.265799,0.937748
0,0,-0.528398,0.848609,0.0256566
0,0,0.214195,-0.961573,0.171747
0,0,-0.777875,-0.458696,0.429544
0,0,0.0540347,0.997606,0.0431525
0,0,-0.888085,-0.15798,0.431681
0,0,0.28712,-0.793414,0.536708
0,0,0.418426,-0.310947,0.853365
0,0,0.33405,0.938328,0.0891757
0,0,-0.24183,0.561169,0.791586
0,0,-0.316536,0.209477,0.925162
0,0,0.83094,0.378067,0.408173
0,0,0.0167651,0.671858,0.740491
0,0,-0.575978,0.404271,0.710502
6.43799,9.60386,-0.298071,-0.473939,0.828574
0,0,0.0432432,-0.896101,0.441739
0,0,-0.273553,0.394647,0.877167
0,0,0.243963,0.30025,0.922135
0,0,0.0106636,0.999381,0.0335306
0,0,0.620448,-0.195072,0.759599
0,0,-0.000839888,0.584994,0.811038
0,0,0.222878,0.33165,0.916697
0,0,-0.628979,0.530149,0.56862
0,0,-0.527408,0.757574,0.384606
0,0,-0.717694,0.660254,0.221315
0,0,0.903342,0.137044,0.406439
0,0,-0.909551,-0.193013,0.368053
0,0,0.491666,-0.462876,0.737571
0,0,0.780843,0.018731,0.624447
0,0,0.897476,0.264232,0.353156
0,0,0.797175,0.295259,0.526625
0,0,-0.167872,-0.96624,0.195448
0,0,0.982317,0.113085,0.149218
0,0,0.941406,-0.284553,0.181063
0,0,0.957056,-0.151881,0.246933
0,0,-0.303821,0.491877,0.815935
0,0,-0.633762,-0.344095,0.69278
0,0,0.882169,-0.364698,0.297949
0,0,-0.198544,-0.807334,0.55569
0,0,0.383262,-0.308972,0.870429
0,0,0.134382,0.885783,0.444219
0,0,0.262932,0.57958,0.771332
0,0,0.631828,-0.356698,0.688157
0,0,-0.570031,0.28418,0.770913
0,0,-0.196695,-0.980308,0.0175284
0,0,-0.390522,0.52422,0.75676
0,0,-0.936413,-0.347946,0.0454397
0,0,-0.557136,-0.710666,0.429596
13.6258,17.3505,0.0638858,-0.00667604,0.997935
0,0,-0.872724,-0.210903,0.440309
0,0,-0.0652871,0.568193,0.820301
0,0,0.829254,-0.518746,0.207942
0,0,-0.765803,0.465959,0.443201
0,0,-0.12446,-0.987712,0.0945209
0,0,-0.753849,0.647878,0.109388
0,0,-0.677452,-0.191811,0.710118
0,0,0.00854421,0.95651,0.291574
0,0,0.329815,-0.718535,0.612315
0,0,0.045496,-0.995496,0.0831714
0,0,-0.000272318,-0.389758,0.920917
0,0,-0.247204,-0.960442,0.128224
0,0,-0.0422499,0.883646,0.466246
0,0,-0.260835,0.723209,0.63948
0,0,0.669618,0.60948,0.424436
0,0,0.733254,0.678274,0.0477773
0,0,0.84313,-0.468185,0.264451
0,0,-0.098899,-0.910775,0.400884
0,0,-0.153011,0.637511,0.755094
0,0,-0.667583,-0.103612,0.737291
0,0,0.106976,0.868882,0.483322
0,0,0.184843,0.642941,0.743276
0,0,0.936494,0.115496,0.331119
0,0,0.612681,-0.347793,0.709691
0,0,-0.623829,0.530888,0.573581
0,0,-0.153502,0.528872,0.834705
0,0,-0.805524,0.531458,0.262075
0,0,-0.373338,0.751396,0.54408
0,0,0.858575,0.0903648,0.504662
0,0,0.335289,-0.853491,0.398916
0,0,-0.97098,0.0967257,0.218726
0,0,-0.929938,-0.304004,0.206876
0,0,0.0514022,-0.514484,0.855958
0,0,-0.340764,0.433493,0.834244
0,0,0.0919938,-0.0710046,0.993225
0,0,0.814498,0.534485,0.225651
0,0,0.771674,-0.615273,0.161113
0,0,0.0663783,-0.971476,0.227658
0,0,-0.970977,0.0618363,0.231043
0,0,-0.976727,-0.211887,0.0332759
0,0,0.00965131,-0.99819,0.0593533
0,0,-0.00768922,-0.402731,0.915286
0,0,0.409965,0.0448789,0.910996
0,0,-0.179659,0.90466,0.38641
0,0,-0.199917,0.229526,0.95255
0,0,0.846789,-0.505014,0.167062
0,0,-0.6534,0.550532,0.519599
0,0,0.220654,0.97056,0.0965627
0,0,0.515687,-0.11353,0.849222
0,0,-0.480821,0.712431,0.51113
0,0,-0.910528,0.412904,0.0212056
0,0,-0.289229,-0.931084,0.222326
0,0,-0.109722,0.973107,0.202545
0,0,-0.780143,0.291712,0.553427
0,0,0.316658,-0.92878,0.192603
0,0,0.958644,-0.271872,0.0841812
0,0,0.0539549,0.998509,0.00832719
0,0,0.303047,-0.781838,0.544879
0,0,0.936277,0.335569,0.103822
0,0,0.69766,0.664889,0.266821
0,0,0.345185,0.730791,0.58889
0,0,-0.842709,-0.476639,0.250312
0,0,0.062121,0.363923,0.929355
0,0,0.377223,0.174397,0.909554
0,0,0.037709,0.940233,0.338437
0,0,0.634584,0.377964,0.674126
0,0,0.877014,0.214381,0.429985
0,0,-0.169748,0.982918,0.071122
0,0,0.0017067,-0.996493,0.0836564
0,0,0.501087,-0.593609,0.629715
0,0,-0.267707,-0.952155,0.147425
0,0,0.0435195,-0.696926,0.715822
0,0,-0.210795,0.772395,0.599143
0,0,-0.426545,0.410035,0.806183
0,0,-0.727593,0.524436,0.442239
0,0,0.106803,-0.550833,0.827754
0,0,-0.533993,0.258872,0.804883
0,0,-0.304118,0.612636,0.729513
0,0,-0.306157,0.642172,0.702768
0,0,-0.161013,-0.496301,0.853089
0,0,0.211734,-0.95987,0.183895
0,0,-0.452965,-0.292337,0.842236
0,0,-0.0484167,-0.872325,0.486522
0,0,-0.121219,0.586708,0.800675
0,0,0.210857,-0.891006,0.402054
0,0,0.926218,0.183811,0.32914
0,0,0.614099,0.0957306,0.783401
0,0,-0.403903,-0.912284,0.0678223
0,0,-0.403491,-0.308207,0.861513
0,0,0.825612,-0.53241,0.186827
0,0,0.813496,0.0643978,0.577994
0,0,0.584247,-0.802654,0.120012
0,0,0.725812,-0.60709,0.323478
0,0,-0.830719,-0.334343,0.445107
0,0,-0.250871,0.292577,0.922747
0,0,-0.228283,0.843846,0.485603
0,0,0.216253,0.905988,0.363896
0,0,0.632045,-0.714892,0.299079
0,0,0.000925142,0.930737,0.365688
0,0,0.552864,-0.46801,0.689426
8.67396,11.6469,-0.203387,-0.12977,-0.970461
0,0,-0.722596,-0.572127,0.387977
0,0,-0.0753149,0.748719,0.658595
0,0,0.00589067,-0.851161,0.524871
0,0,0.884877,0.362285,0.292818
0,0,-0.682956,-0.476193,0.553905
0,0,-0.143623,-0.267258,0.952862
0,0,-0.793588,-0.578193,0.189502
0,0,-0.227818,-0.271724,0.935021
0,0,-0.717144,0.555297,0.421128
0,0,-0.457483,0.86603,0.201744
0,0,-0.778005,0.423774,0.463814
0,0,-0.405713,-0.293997,0.865426
0,0,-0.433128,-0.548734,0.715046
0,0,-0.824981,-0.516861,0.228606
0,0,0.766619,0.639629,0.05631
0,0,-0.432112,0.401548,0.807489
0,0,0.287234,-0.454915,0.842941
0,0,-0.146915,-0.395542,0.906622
0,0,-0.750734,0.581107,0.314187
0,0,0.990841,0.121426,0.059081
0,0,-0.922769,0.0761823,0.377748
0,0,-0.90453,0.166696,0.392477
0,0,0.893137,0.431568,0.126707
0,0,-0.139141,-0.795316,0.59001
0,0,0.74375,-0.649335,0.158745
0,0,0.405049,-0.62587,0.6665
0,0,-0.453502,0.87382,0.175428
0,0,-0.150926,-0.614711,0.774178
0,0,0.979558,0.201111,0.00452576
0,0,0.897162,-0.180585,0.403099
0,0,-0.78898,-0.25704,0.558069
0,0,-0.136528,0.917968,0.372418
7.69163,10.6471,0.921435,-0.180864,0.343868
21.4288,31.2899,-0.1222,-0.983526,-0.133208
0,0,0.325705,0.943099,0.0669406
0,0,-0.0940724,0.755335,0.648552
0,0,-0.471307,0.313152,0.824503
0,0,0.415446,0.744365,0.522805
0,0,0.595293,-0.755527,0.273505
0,0,-0.217798,-0.0808861,0.972636
0,0,0.291982,-0.934604,0.203129
0,0,-0.336362,-0.930287,0.146375
0,0,0.622491,-0.714476,0.31942
0,0,0.53606,0.713323,0.451454
0,0,0.992985,-0.111526,0.0392711
0,0,-0.921923,0.378482,0.0825192
0,0,0.260308,0.252964,0.931799
0,0,-0.903095,-0.334663,0.269109
0,0,0.259641,0.88975,0.375408
0,0,0.555361,-0.223319,0.801064
0,0,0.959728,0.275407,0.0554425
0,0,-0.8547,0.173547,0.489254
0,0,0.139996,-0.72675,0.672485
0,0,0.231694,-0.527012,0.817665
0,0,-0.586834,-0.761295,0.275782
0,0,-0.897726,-0.0302009,0.439519
0,0,0.0778671,-0.206079,0.975432
0,0,-0.292944,0.876449,0.382127
0,0,0.434334,0.178649,0.882858
0,0,-0.672865,-0.620541,0.402718
0,0,-0.0576431,0.476532,0.877265
0,0,0.546334,-0.803682,0.235827
0,0,-0.650129,-0.174845,0.739433
0,0,0.158521,-0.966739,0.200714
0,0,0.0121892,-0.945764,0.324627
0,0,0.295466,0.949736,0.103444
0,0,-0.958553,0.28477,0.00900821
0,0,0.431948,0.859405,0.273576
0,0,0.00309881,0.715581,0.698522
0,0,-0.638956,-0.0717796,0.765887
0,0,0.438664,-0.411839,0.798726
0,0,-0.0473803,-0.995413,0.0831164
0,0,0.682909,0.705658,0.188898
0,0,-0.109022,-0.840072,0.531407
0,0,0.284516,-0.938775,0.194301
0,0,0.713908,-0.699248,0.0372555
0,0,-0.226317,0.517716,0.825076
0,0,-0.185984,-0.576539,0.795621
0,0,0.368724,0.694091,0.618289
0,0,0.528547,-0.548396,0.647997
0,0,0.0448201,0.898725,0.436215
0,0,-0.846748,0.244514,0.472473
0,0,-0.567656,-0.648126,0.507641
0,0,-0.296082,0.882446,0.365547
0,0,-0.684187,0.230953,0.691772
0,0,0.315946,-0.932773,0.17353
0,0,0.339747,-0.694744,0.633957
0,0,-0.890142,0.217671,0.400334
0,0,-0.374949,-0.210611,0.902805
0,0,0.625302,0.621341,0.472158
0,0,-0.800473,0.596568,0.0578671
0,0,-0.853958,-0.472664,0.217586
0,0,-0.59999,-0.28688,0.746801
0,0,-0.0463913,-0.842288,0.537027
0,0,0.402227,0.733967,0.547272
0,0,0.00862591,-0.135373,0.990757
0,0,-0.865536,-0.494991,0.0763595
0,0,0.324819,0.901633,0.285571
0,0,-0.555963,0.792594,0.2504
0,0,0.770314,0.589212,0.243815
0,0,0.265344,0.938416,0.221288
0,0,0.743526,-0.0150335,0.668538
0,0,-0.0192988,-0.978854,0.203648
0,0,-0.846859,-0.519901,0.111953
0,0,0.429829,-0.900539,0.065398
0,0,-0.435984,-0.834756,0.336302
0,0,0.2414,0.419371,0.875131
0,0,-0.147911,0.0436955,0.988035
0,0,-0.302823,-0.770605,0.560773
0,0,-0.556416,-0.183687,0.810346
0,0,0.62708,-0.670064,0.397222
0,0,-0.951474,-0.0231121,0.306859
0,0,0.647963,-0.744117,0.162585
0,0,-0.754187,-0.481721,0.446259
0,0,-0.304841,-0.484674,0.819856
0,0,-0.403004,-0.91484,0.0256271
0,0,-0.24654,-0.640726,0.727109
0,0,0.59852,0.272566,0.753313
0,0,0.821143,0.570336,0.0209853
0,0,0.260952,-0.578945,0.772481
0,0,-0.594305,-0.741219,0.312084
0,0,-0.177426,-0.894905,0.409468
0,0,-0.168016,-0.985678,0.0144765
0,0,-0.472774,-0.300088,0.828512
0,0,0.503198,-0.657885,0.560338
0,0,0.230447,-0.473018,0.850381
0,0,0.710041,0.299131,0.637466
0,0,0.473322,0.538168,0.697382
0,0,-0.679587,-0.730244,0.0700375
0,0,-0.509698,0.62229,0.594107
0,0,0.463826,-0.730288,0.501542
0,0,0.321721,-0.865477,0.383986
0,0,-0.520714,0.337827,0.784047
0,0,0.1072,0.958305,0.264879
0,0,-0.379396,0.880872,0.28306
0,0,0.445678,0.801726,0.398255
0,0,0.280581,0.570853,0.771622
0,0,0.876911,0.116236,0.466387
0,0,0.729472,-0.683882,0.0132927
0,0,-0.619205,0.64911,0.441862
0,0,-0.36568,-0.92881,0.059927
0,0,0.310892,-0.0937049,0.945815
0,0,-0.273703,-0.64934,0.709538
0,0,0.555407,-0.730013,0.398251
17.2814,26.0672,0.00470678,0.194919,0.980808
0,0,-0.969418,0.0688651,0.235556
0,0,-0.281007,-0.839329,0.465362
11.3573,16.8029,0.0825939,-0.502823,0.860434
0,0,-0.874352,-0.483062,0.046473
0,0,-0.28068,-0.781314,0.557464
0,0,0.589433,0.570607,0.571818
0,0,-0.540037,-0.841641,0.000874962
0,0,0.676732,0.0746626,0.732434
0,0,-0.396639,0.651141,0.647064
0,0,0.717891,-0.394872,0.573332
0,0,0.656809,-0.751237,0.0651543
1.74226,2.32298,0.256288,0.0575073,0.964888
0,0,-0.682341,-0.700318,0.209679
0,0,-0.72256,-0.0310246,0.690612
0,0,0.0696614,-0.70874,0.702022
0,0,-0.151065,-0.304339,0.940509
0,0,0.90528,-0.0685322,0.419252
0,0,0.223829,-0.972484,0.0646121
0,0,-0.5405,-0.53463,0.649639
0,0,-0.875597,0.167284,0.453151
0,0,-0.48032,-0.838659,0.256795
0,0,0.495803,0.538992,0.68093
0,0,-0.235431,0.580846,0.779224
0,0,0.455328,0.827882,0.327548
0,0,-0.509776,-0.858936,0.048552
0,0,0.318667,-0.526093,0.788466
0,0,0.393433,-0.792896,0.465323
0,0,-0.957178,0.241803,0.159189
0,0,-0.685234,-0.229468,0.691229
0,0,0.918331,-0.0649332,0.390452
0,0,0.337738,0.927516,0.16015
0,0,-0.00193691,-0.780757,0.624832
0,0,-0.65363,0.348874,0.671606
0,0,0.662757,0.0287778,0.748281
0,0,-0.929186,0.303923,0.210341
0,0,0.280929,0.869693,0.405849
0,0,-0.751096,0.433188,0.498199
0,0,0.340956,-0.479507,0.808593
0,0,-0.255707,0.617165,0.744125
0,0,0.688884,0.240912,0.683666
0,0,0.724783,-0.479807,0.494444
0,0,-0.354344,0.772399,0.527106
0,0,-0.483455,-0.098592,0.869799
0,0,0.609391,-0.575814,0.545051
0,0,0.623798,-0.0242829,0.781209
0,0,-0.535254,0.0481869,0.843316
0,0,-0.629515,-0.170229,0.758112
0,0,0.805109,-0.584361,0.101592
0,0,-0.99331,-0.11081,0.0325157
0,0,-0.525282,0.175597,0.832613
0,0,-0.564737,0.760044,0.321567
0,0,-0.50539,0.481113,0.716318
0,0,0.247308,-0.956031,0.157621
0,0,0.969827,0.221933,0.100901
0,0,-0.163595,-0.947409,0.275052
0,0,0.517,-0.269553,0.812436
0,0,0.692964,0.0823815,0.71625
0,0,0.335539,0.464688,0.819438
0,0,0.347076,0.422677,0.837187
0,0,0.989257,0.110924,0.0952211
0,0,-0.936914,-0.182877,0.297905
0,0,0.0337818,-0.441074,0.896835
0,0,0.599832,0.784166,0.159013
0,0,0.721273,0.0916862,0.686556
0,0,0.255028,-0.663685,0.703195
0,0,-0.214673,0.635841,0.741365
0,0,0.801355,-0.305052,0.514561
0,0,0.28961,-0.848094,0.443693
0,0,0.630429,-0.176187,0.755988
0,0,0.271011,-0.476918,0.836123
0,0,-0.577736,0.0871354,0.81156
0,0,0.0397185,-0.887974,0.458175
0,0,-0.972181,-0.197704,0.125605
0,0,-0.0733497,0.953514,0.292285
0,0,-0.451262,-0.850865,0.269056
0,0,-0.77785,0.600989,0.183743
0,0,0.226719,0.943516,0.241612
0,0,0.513707,0.572303,0.639198
0,0,0.270166,-0.792224,0.547167
0,0,-0.93283,-0.0965753,0.347132
0,0,0.690654,-0.535855,0.48565
0,0,-0.583619,-0.462142,0.667693
0,0,0.282056,-0.775221,0.565223
0,0,0.524851,0.000831527,0.851194
0,0,-0.0486247,0.366564,0.929121
0,0,0.0937852,0.981543,0.166665
0,0,0.889581,-0.00408241,0.45676
0,0,-0.114224,-0.976705,0.181658
0,0,-0.962494,-0.191875,0.191806
0,0,0.392604,0.900992,0.184598
0,0,-0.163709,0.328066,0.930361
0,0,-0.510554,-0.0539604,0.858151
0,0,-0.584986,-0.559247,0.587396
0,0,0.612946,-0.241787,0.752221
0,0,-0.25011,-0.673798,0.6953
0,0,0.44306,-0.21927,0.869263
0,0,-0.754649,0.478505,0.44893
0,0,0.0536107,0.154336,0.986563
0,0,0.572265,0.251699,0.780487
0,0,0.461507,0.784036,0.41509
0,0,0.931035,0.362382,0.0430441
0,0,0.445599,0.700502,0.55744
0,0,-0.623206,0.554318,0.551675
0,0,-0.556523,-0.712782,0.426877
0,0,0.972725,0.211727,0.0947474
0,0,0.945575,0.299542,0.12713
0,0,-0.974984,0.221362,0.0201162
0,0,-0.439762,-0.15932,0.88387
0,0,0.160311,0.553665,0.817163
0,0,0.355024,-0.528276,0.771286
0,0,0.466989,0.849078,0.246959
0,0,0.909621,0.369752,0.189401
0,0,0.074578,0.40524,0.911164
0,0,0.885659,-0.424873,0.187325
0,0,-0.0132156,-0.979661,0.200223
0,0,-0.274446,0.838387,0.470942
0,0,-0.893856,-0.045223,0.446068
0,0,-0.894672,-0.43477,0.10265
0,0,-0.359218,-0.450479,0.817332
0,0,-0.746667,0.562313,0.355376
0,0,-0.533135,0.682566,0.499871
0,0,0.1661,0.736503,0.655724
0,0,0.392518,0.545153,0.740768
0,0,0.334486,0.938766,0.0826945
0,0,0.126351,0.966583,0.223052
0,0,0.669969,0.72881,0.141342
0,0,-0.754305,-0.379256,0.5359
0,0,-0.569874,-0.821507,0.0192207
0,0,0.964439,-0.140639,0.223782
0,0,-0.421698,0.867042,0.265346
0,0,0.956104,0.128103,0.263543
0,0,-0.706971,-0.0424686,0.705966
0,0,0.556776,0.658522,0.50631
0,0,-0.161098,-0.178787,0.970609
0,0,0.98881,0.142062,0.0455404
0,0,0.606789,0.21411,0.765483
16.6658,26.7726,0.454891,-0.203832,0.866907
0,0,0.713112,0.237668,0.659534
0,0,-0.34581,-0.645439,0.681046
0,0,0.306383,-0.701652,0.643283
0,0,-0.405649,0.0116703,0.913954
0,0,-0.995876,0.081649,0.0395608
0,0,-0.11379,-0.884895,0.451678
0,0,0.432894,-0.901353,0.0128645
0,0,-0.737673,0.389685,0.551348
0,0,-0.113608,-0.816457,0.566119
0,0,0.506331,0.340051,0.792461
0,0,-0.160427,-0.949909,0.26821
0,0,0.734946,0.121541,0.667145
0,0,-0.934708,-0.125549,0.332504
0,0,0.461059,-0.886303,0.0434975
0,0,-0.967651,0.243702,0.0652776
0,0,-0.923128,0.384239,0.0139871
0,0,0.810175,-0.578806,0.0927351
0,0,-0.571583,0.0201737,0.820296
0,0,0.815538,0.166861,0.554126
0,0,-0.876193,-0.481625,0.0179862
0,0,-0.236278,0.956763,0.169642
0,0,-0.888248,-0.459098,0.0156274
0,0,-0.598532,0.775715,0.200063
0,0,-0.822409,0.430987,0.371339
0,0,0.328238,0.898353,0.291927
0,0,0.871094,0.486331,0.0683918
0,0,-0.636687,0.31993,0.701623
0,0,-0.865045,0.124508,0.485999
0,0,0.997029,0.0320796,0.0700222
0,0,0.204343,0.664243,0.719045
0,0,-0.30832,0.384151,0.870268
0,0,-0.117049,-0.727554,0.675992
0,0,0.419977,0.0108183,0.90747
0,0,0.712046,-0.167466,0.68187
0,0,-0.296379,0.770395,0.564492
0,0,0.561903,0.452546,0.692436
0,0,0.227904,0.747733,0.623663
0,0,-0.76619,-0.134077,0.628471
0,0,0.261297,0.38928,0.883281
0,0,0.73961,-0.531779,0.412539
0,0,0.561175,-0.706786,0.430739
20.7919,29.7992,0.571355,0.276828,0.772606
0,0,-0.843861,-0.281039,0.457074
0,0,-0.326272,0.223707,0.918423
0,0,0.524977,-0.742924,0.415287
0,0,0.742227,0.660133,0.115427
0,0,0.434094,0.14204,0.8896
0,0,0.533891,-0.747432,0.395356
0,0,-0.114371,-0.441576,0.889905
0,0,0.757618,0.638214,0.13674
0,0,-0.939525,-0.189519,0.285263
0,0,0.317015,-0.904915,0.283954
0,0,0.341796,0.287256,0.894796
0,0,-0.589363,0.335079,0.735101
0,0,0.591141,-0.488213,0.642029
0,0,-0.83019,-0.550673,0.0868515
0,0,-0.353427,0.540208,0.763718
0,0,0.325427,-0.781764,0.531923
0,0,0.190668,-0.533896,0.823773
0,0,-0.154626,0.517327,0.841703
0,0,0.761466,0.566445,0.315133
0,0,0.626746,0.758949,0.176596
0,0,-0.661419,0.482338,0.574348
0,0,-0.00226182,-0.993998,0.109375
0,0,-0.968637,-0.0499783,0.243403
0,0,-0.169222,0.647203,0.743298
0,0,-0.142189,0.446952,0.883185
0,0,-0.0930861,-0.103755,0.990237
0,0,-0.743615,-0.0576984,0.666114
0,0,0.370876,-0.718562,0.58832
0,0,0.553076,-0.158529,0.81791
0,0,-0.130334,-0.960889,0.244348
0,0,-0.127175,-0.391469,0.911361
0,0,0.451365,-0.536035,0.713397
0,0,-0.865289,-0.115788,0.487716
0,0,0.63206,-0.0870844,0.770011
0,0,0.994177,0.0774373,0.0749359
0,0,-0.211684,-0.831438,0.513712
6.12932,9.75074,0.0286014,-0.756269,0.653635
0,0,-0.661109,0.231451,0.713698
0,0,-0.35488,-0.929102,0.104067
0,0,-0.196941,0.818272,0.540041
0,0,0.89063,-0.127044,0.436621
0,0,-0.835464,0.484484,0.259375
0,0,0.700244,0.151191,0.69771
0,0,-0.855111,-0.288352,0.430858
0,0,-0.907181,-0.00531839,0.420706
0,0,-0.0546858,0.967321,0.247588
0,0,0.287857,-0.281268,0.915438
0,0,-0.322118,-0.652869,0.685567
0,0,0.508103,0.438032,0.741592
0,0,-0.459192,0.177364,0.870451
0,0,-0.98105,0.113074,0.157338
0,0,0.911864,0.325673,0.249883
0,0,-0.676064,0.735206,0.0490892
0,0,-0.171501,0.675857,0.716801
0,0,0.437933,-0.311412,0.843349
0,0,-0.159839,0.522913,0.837265
0,0,-0.785607,0.410907,0.462577
0,0,-0.645812,0.0805276,0.759238
0,0,0.00356137,-0.583226,0.812302
14.6382,19.5497,-0.70124,0.503939,0.504289
0,0,0.341274,0.713582,0.611827
0,0,-0.464988,-0.7637,0.447825
0,0,0.405081,-0.101776,0.908598
0,0,-0.745189,0.304206,0.593424
0,0,-0.417898,-0.895349,0.153982
0,0,0.323178,0.8107,0.488182
0,0,0.941608,-0.0306678,0.335312
0,0,-0.947601,0.290676,0.132515
0,0,0.340372,0.894486,0.289899
0,0,0.604378,0.584924,0.540918
0,0,0.293746,-0.865997,0.404676
0,0,-0.70243,-0.687562,0.183983
0,0,0.738703,-0.440067,0.510547
0,0,-0.230766,0.74263,0.628687
0,0,-0.169673,0.610556,0.773584
0,0,-0.706844,-0.113999,0.698123
0,0,0.163445,-0.358221,0.919219
0,0,-0.988453,-0.106593,0.107697
0,0,-0.739245,-0.673345,0.0111515
0,0,-0.377284,-0.306928,0.873758
0,0,-0.875061,-0.357194,0.326619
0,0,0.131419,-0.728662,0.672146
0,0,0.414231,-0.226294,0.881592
0,0,0.196418,0.980285,0.021478
0,0,0.193149,0.641483,0.742424
0,0,-0.679918,-0.0301768,0.732667
0,0,-0.00878076,-0.753379,0.657528
0,0,-0.4739,-0.0489966,0.879214
0,0,-0.301968,-0.82778,0.472858
0,0,-0.481103,-0.430814,0.763504
0,0,0.637478,-0.770443,0.00624963
0,0,-0.550217,0.69517,0.462602
20.7254,31.0967,-0.355753,0.187802,0.915516
0,0,-0.25446,-0.370887,0.893137
0,0,-0.966775,0.237535,0.0944581
0,0,-0.833511,-0.54696,0.0780672
0,0,0.774536,0.338378,0.53441
0,0,0.465059,0.640579,0.611047
0,0,-0.437478,0.399859,0.805435
1.51106,2.28237,0.117269,0.517247,0.847764
0,0,0.247684,-0.917449,0.311352
0,0,0.0239788,0.935462,0.352614
0,0,0.703056,0.711016,0.0129923
0,0,0.766775,-0.500808,0.401556
0,0,-0.115365,0.942986,0.3122
0,0,0.576485,0.673635,0.462473
0,0,-0.286044,-0.941468,0.178373
0,0,-0.399683,0.880459,0.255041
0,0,-0.15775,-0.654364,0.739542
0,0,0.0433079,-0.998236,0.0406164
0,0,0.369398,0.802069,0.469286
0,0,0.497501,-0.527983,0.688278
0,0,0.35442,0.834599,0.421701
0,0,0.859365,-0.506076,0.0733449
0,0,0.0329482,0.785631,0.617817
0,0,-0.159717,-0.636481,0.754574
0,0,-0.732002,0.478668,0.484819
0,0,-0.904712,0.163991,0.393196
0,0,0.296262,-0.753787,0.586544
0,0,-0.106392,0.207311,0.972473
0,0,-0.12249,0.834718,0.536881
0,0,0.913928,0.259114,0.312403
0,0,-0.54251,-0.834461,0.0967313
0,0,0.999925,0.00383335,0.0116637
0,0,0.527074,-0.282198,0.801596
0,0,-0.769666,-0.616516,0.1659
0,0,0.213339,0.172348,0.961656
11.3852,16.4737,0.06815,0.282644,0.956801
0,0,0.969418,-0.214479,0.119275
0,0,-0.144005,0.722568,0.676135
0,0,-0.179289,-0.982545,0.0496108
0,0,-0.432093,0.762822,0.481038
0,0,0.197956,-0.545115,0.814655
0,0,0.185528,0.437367,0.879937
0,0,0.276907,0.897836,0.342364
0,0,-0.710321,0.265935,0.651708
0,0,0.917348,-0.235404,0.321025
0,0,-0.317095,0.296159,0.900967
0,0,-0.393377,0.429804,0.812726
0,0,0.191464,-0.702918,0.685017
21.2159,29.126,-0.0504537,-0.00316387,0.998721
0,0,-0.352865,-0.872364,0.33833
0,0,0.828932,-0.531101,0.17551
0,0,0.319898,-0.8959,0.308268
0,0,0.0393398,-0.642936,0.764909
0,0,0.375741,-0.789774,0.484846
0,0,-0.12621,0.975429,0.180581
0,0,0.456495,0.684656,0.568206
0,0,0.269707,0.709169,0.651412
0,0,-0.880211,-0.406947,0.244179
0,0,-0.503588,0.53796,0.676017
0,0,-0.434258,0.182758,0.882054
13.2682,18.7534,0.571194,0.596877,0.563449
0,0,-0.215693,-0.0668705,0.974169
0,0,0.350206,-0.566615,0.745857
0,0,0.404235,-0.407312,0.818957
0,0,0.376486,-0.727941,0.573027
0,0,0.817366,-0.484468,0.311775
0,0,0.742096,-0.298955,0.599932
0,0,-0.712509,-0.510898,0.480951
0,0,-0.605571,-0.418891,0.67662
0,0,-0.938206,0.219885,0.267244
0,0,-0.0166629,0.152654,0.988139
0,0,0.764339,-0.386086,0.516453
0,0,-0.0300416,0.430494,0.902093
0,0,-0.272647,-0.106354,0.956218
0,0,0.559202,0.73155,0.390037
0,0,-0.765449,0.635631,0.100308
0,0,0.33292,-0.402934,0.852531
0,0,-0.131952,-0.269432,0.953937
0,0,0.728587,0.504511,0.463283
0,0,-0.704186,0.707657,0.0578201
0,0,-0.358492,0.697485,0.620483
0,0,0.998597,-0.0351053,0.0396551
0,0,-0.17584,0.550917,0.815825
0,0,0.579457,0.780713,0.233918
0,0,0.0140757,-0.992656,0.120146
0,0,-0.254761,0.0684848,0.964576
0,0,-0.929769,-0.355015,0.0974332
0,0,0.367489,0.929922,0.0140526
0,0,-0.747435,0.565478,0.348678
0,0,-0.87221,0.434987,0.223688
10.9043,14.9784,0.0444377,0.564508,0.824231
0,0,0.484377,0.0800625,0.871188
0,0,-0.0107138,0.678611,0.73442
0,0,0.592245,0.322182,0.738542
8.99969,13.4027,0.210562,0.269894,0.939585
0,0,0.79343,-0.421005,0.439573
0,0,0.413428,-0.267106,0.870478
0,0,0.517066,0.603288,0.607196
0,0,-0.0941296,-0.477407,0.873626
0,0,0.755868,-0.0446766,0.653199
6.21453,7.3548,0.225084,0.128584,0.965817
0,0,-0.4286,1.5599e-05,0.903494
0,0,-0.0715229,0.812352,0.578765
0,0,-0.661109,-0.259132,0.70412
0,0,-0.50039,-0.455241,0.736455
0,0,-0.138822,0.982364,0.125255
0,0,0.0370597,0.82005,0.57109
0,0,0.0695364,0.741975,0.666812
0,0,-0.991429,-0.0428938,0.123404
0,0,0.00302025,-0.00753925,0.999967
0,0,-0.627489,0.593469,0.504036
0,0,-0.971196,-0.125428,0.202597
0,0,0.12012,-0.763396,0.634664
0,0,0.262139,0.0630123,0.962971
0,0,-0.373726,0.12687,0.918822
0,0,-0.581887,0.197553,0.788911
0,0,0.523874,-0.174638,0.833701
0,0,-0.544067,0.0898551,0.834217
18.6302,26.4673,-0.197482,-0.176682,0.964253
17.0213,25.191,0.316797,0.133208,0.939093
0,0,0.904381,-0.357211,0.233442
0,0,-0.855971,-0.0858358,0.509848
0,0,0.324126,-0.854609,0.405691
0,0,0.817472,-0.346903,0.45978
0,0,0.319811,-0.510839,0.797975
0,0,-0.434183,-0.861016,0.264834
0,0,0.99106,-0.130714,0.026723
0,0,-0.303304,-0.944722,0.124531
0,0,0.0973595,0.995176,0.0120701
0,0,-0.696334,-0.652837,0.2982
0,0,-0.0180185,-0.534945,0.844695
0,0,0.869139,-0.309735,0.385566
0,0,0.297072,-0.774619,0.558313
0,0,-0.414012,-0.407892,0.813768
0,0,0.273754,-0.870406,0.40921
0,0,0.89768,-0.0838927,0.432588
24.2221,35.9365,-0.072703,-0.160013,0.984434
0,0,-0.424067,-0.876914,0.226248
0,0,0.747042,-0.228195,0.624385
0,0,0.402235,-0.682412,0.610345
0,0,-0.0520201,0.374436,0.925792
0,0,-0.965064,0.261862,0.00894419
22.5301,29.3615,0.160276,0.0972499,0.98227
0,0,-0.959731,0.206458,0.190505
0,0,0.966033,-0.238721,0.0989562
0,0,-0.493165,0.509283,0.70528
0,0,0.488984,-0.858693,0.153429
0,0,-0.759422,0.639064,0.121965
0,0,-0.805974,-0.24416,0.539251
0,0,0.373867,0.606778,0.701458
0,0,0.654937,-0.751879,0.0757319
0,0,-0.482197,0.463051,0.743687
0,0,-0.535809,0.665191,0.520029
14.073,17.946,-0.176152,-0.597279,0.78245
0,0,0.769493,-0.290103,0.568964
0,0,0.895524,-0.152352,0.418122
0,0,0.544317,-0.128897,0.828918
0,0,-0.553131,-0.108068,0.826056
0,0,-0.577983,-0.276616,0.767736
0,0,-0.692357,0.428461,0.58057
0,0,0.832398,0.523379,0.182175
0,0,0.680071,0.1911,0.707803
0,0,-0.30602,-0.919399,0.247098
0,0,-0.3965,-0.516794,0.758757
0,0,0.332771,-0.943007,0.000927085
0,0,0.0832204,-0.539045,0.838156
0,0,0.39422,0.48689,0.779441
0,0,-0.937888,0.346726,0.012157
0,0,-0.936454,-0.240155,0.255695
0,0,0.0278707,-0.646398,0.762491
0,0,-0.437745,0.645495,0.625871
0,0,-0.605575,0.460128,0.649277
0,0,0.968247,-0.234753,0.0859528
2.25702,3.3399,-0.291709,-0.109578,0.95021
0,0,0.970538,-0.210073,0.118006
15.1276,21.5868,0.203041,-0.0923652,0.974804
0,0,-0.829503,0.521635,0.199554
0,0,-0.929911,-0.316342,0.187598
0,0,0.504974,-0.691389,0.516703
0,0,0.94423,0.101494,0.313256
0,0,-0.169578,-0.9378,0.302945
0,0,-0.570012,-0.304795,0.763011
0,0,0.784789,-0.612754,0.0929445
0,0,0.146289,-0.661329,0.735692
0,0,-0.920388,0.0932462,0.379724
0,0,-0.759099,-0.605844,0.238164
0,0,0.0538918,-0.979333,0.194943
0,0,-0.624052,0.302027,0.720651
0,0,-0.218081,0.918507,0.329826
0,0,-0.947687,0.272923,0.165538
0,0,-0.168314,0.0813891,0.982368
0,0,-0.291739,-0.945748,0.142998
0,0,0.568382,0.459353,0.682596
0,0,-0.773989,-0.173046,0.609094
0,0,-0.353207,-0.69772,0.623242
0,0,-0.660656,0.750155,0.028289
0,0,-0.0884748,0.397095,0.913503
0,0,0.221881,-0.833029,0.506786
0,0,-0.35592,0.929212,0.0994346
0,0,-0.930588,0.137845,0.339123
0,0,0.476821,-0.858557,0.18847
0,0,-0.529483,0.760381,0.376122
0,0,0.0437419,-0.685352,0.726897
0,0,0.671597,-0.168789,0.721435
0,0,-0.221681,-0.779139,0.586345
0,0,0.590454,0.660539,0.463738
0,0,0.276748,0.191692,0.941629
0,0,-0.574352,0.665361,0.476881
0,0,0.235065,-0.385618,0.892213
0,0,0.394928,0.161313,0.904439
0,0,0.323576,0.315972,0.891886
0,0,0.627913,0.645796,0.434365
0,0,0.600147,-0.172665,0.781031
0,0,0.692777,0.489767,0.529328
0,0,-0.63588,-0.73938,0.2213
0,0,0.590756,0.20781,0.77963
0,0,0.681676,-0.562353,0.468058
0,0,-0.540832,0.017101,0.840956
0,0,0.801985,-0.500992,0.325312
0,0,-0.505159,-0.392798,0.768456
0,0,-0.814475,0.393356,0.4265
17.0879,24.3076,0.181516,-0.585384,0.790175
0,0,0.0355545,0.884664,0.464872
0,0,-0.937825,-0.078506,0.338113
0,0,0.20466,-0.0393284,0.978043
0,0,-0.532103,-0.834732,0.141738
0,0,0.0916386,-0.637138,0.765282
0,0,-0.972847,0.222938,0.0621896
0,0,0.588388,0.0588548,0.806434
0,0,-0.0401707,0.99912,0.01204
0,0,-0.239297,0.668416,0.704242
0,0,0.0512134,0.295899,0.953845
0,0,0.758643,0.634038,0.149852
0,0,0.322039,-0.676996,0.661791
0,0,0.857429,0.0983022,0.505125
0,0,0.154895,-0.731592,0.663913
0,0,-0.487591,-0.610779,0.623862
0,0,0.554231,0.0433002,0.831236
0,0,0.938655,0.0459943,0.341776
0,0,0.763718,0.639644,0.0871213
0,0,-0.742665,-0.528603,0.41113
0,0,-0.156802,0.874679,0.458639
0,0,0.377833,-0.57769,0.723544
0,0,0.753638,0.408022,0.515313
0,0,0.735224,-0.677036,0.0326651
0,0,-0.1764,0.15956,0.9713
0,0,0.287304,-0.410427,0.865451
0,0,-0.241153,0.866254,0.43755
0,0,0.426051,0.323944,0.844713
0,0,0.869157,-0.483208,0.105244
0,0,-0.0320695,-0.80013,0.598969
0,0,0.0712305,0.606495,0.79189
0,0,-0.999379,0.0264853,0.0232369
19.5126,28.3344,0.295603,-0.0992797,0.950138
0,0,0.132998,0.773101,0.620183
0,0,0.644632,0.524516,0.556177
0,0,0.541061,0.833858,0.109248
0,0,-0.417816,-0.855659,0.305414
0,0,0.997325,-0.0437825,0.0585259
0,0,-0.256576,0.791281,0.555017
0,0,0.181884,-0.506289,0.842965
0,0,-0.392106,-0.883442,0.256483
0,0,0.355721,-0.9336,0.0430547
0,0,-0.887974,-0.343295,0.306024
0,0,0.280298,-0.350158,0.893768
0,0,-0.340466,-0.172652,0.924269
0,0,-0.885167,0.419045,0.202189
0,0,0.425322,0.901754,0.0770761
0,0,-0.524483,-0.385506,0.759146
0,0,0.0864459,0.703944,0.704975
0,0,0.736231,0.638601,0.223949
0,0,0.132373,-0.991093,0.0145756
0,0,0.764663,0.416356,0.491872
0,0,-0.211121,0.180568,0.960637
0,0,-0.769709,-0.631998,0.0901449
0,0,0.155465,0.703594,0.693388
0,0,-0.597411,-0.375191,0.708754
0,0,-0.671147,-0.53243,0.515829
0,0,-0.293261,0.78141,0.550815
0,0,0.508257,-0.846788,0.156923
0,0,0.44558,0.654568,0.610737
0,0,-0.396214,0.829864,0.392861
0,0,-0.308318,-0.242697,0.919803
0,0,-0.871016,-0.34531,0.349417
0,0,0.590698,-0.644222,0.485854
0,0,0.639246,0.647375,0.415054
0,0,-0.180328,0.660566,0.72879
0,0,0.0367541,0.773502,0.632728
0,0,0.890903,0.231818,0.39058
0,0,0.662349,-0.680397,0.313612
0,0,-0.907341,-0.183849,0.378063
0,0,0.180435,-0.714544,0.675922
0,0,-0.500426,-0.0903262,-0.861055
0,0,-0.483546,-0.170723,0.858509
0,0,0.479012,0.873801,0.0837797
0,0,0.927298,-0.203555,0.314139
0,0,0.816518,0.43693,0.377347
0,0,0.953208,-0.27228,0.131367
0,0,0.422807,0.627531,0.653789
0,0,0.663135,0.71501,0.221387
0,0,0.559402,-0.818571,0.130431
0,0,0.760044,0.640018,0.112739
0,0,0.669206,-0.354571,0.653026
0,0,0.825683,-0.169499,0.538069
0,0,-0.455787,-0.819887,0.346472
0,0,-0.314571,-0.792396,0.522642
0,0,-0.0511756,-0.968161,0.245042
0,0,0.919703,0.389737,0.0474402
0,0,-0.0585632,-0.884699,0.462469
0,0,-0.166591,-0.45928,0.87253
0,0,0.487157,0.834056,0.2589
0,0,-0.869033,0.394221,0.298949
0,0,-0.924447,-0.355388,0.138189
0,0,-0.119566,0.855604,0.503633
0,0,0.660491,-0.694899,0.28437
0,0,-0.319492,-0.477844,0.818285
0,0,0.608646,-0.377242,0.698025
0,0,0.863649,-0.391764,0.317225
0,0,-0.90264,0.417826,0.10326
0,0,-0.307199,0.407647,0.859915
0,0,0.935281,0.297025,0.192419
0,0,-0.558865,-0.0212075,0.828988
0,0,0.619111,0.24733,0.745339
0,0,-0.894223,-0.159686,0.41817
0,0,-0.622571,-0.769558,0.142077
0,0,0.678499,0.669161,0.303089
0,0,0.476382,-0.492545,0.728327
0,0,0.60462,0.669381,0.431698
0,0,-0.934249,0.0166149,0.356233
0,0,-0.772586,-0.457987,0.439727
0,0,-0.33043,-0.892326,0.307522
0,0,0.935921,0.194778,0.293451
0,0,-0.489085,0.0352575,0.871523
0,0,-0.623067,0.359323,0.694748
15.3313,19.014,-0.392218,0.204656,0.896817
0,0,0.516469,0.636351,0.57299
0,0,-0.0792906,-0.160258,0.983885
0,0,-0.642318,0.758955,0.106844
0,0,-0.404966,0.68697,0.603387
0,0,-0.234979,-0.937438,0.256895
0,0,-0.0876545,0.848799,0.5214
0,0,0.0201969,-0.774097,0.632745
0,0,0.788133,0.186579,0.586545
0,0,0.412228,-0.192274,0.890561
0,0,-0.831756,-0.312283,0.458979
0,0,0.632127,0.694927,0.34277
0,0,-0.945351,0.11402,0.305468
0,0,-0.219148,0.449332,0.866069
0,0,0.53777,-0.162047,0.827372
0,0,0.64562,0.2684,0.714938
0,0,-0.520081,0.629216,0.577584
0,0,-0.251381,-0.355094,0.900398
0,0,-0.998075,0.0480153,0.0392413
0,0,0.922302,0.38645,0.00398139
0,0,0.940792,-0.15715,0.300358
0,0,-0.603106,0.561661,0.566392
0,0,0.0557675,-0.172558,0.983419
0,0,-0.742993,0.593045,0.310257
0,0,-0.931247,-0.273434,0.240858
0,0,0.934807,-0.260495,0.241407
0,0,0.508245,-0.487632,0.709861
0,0,0.486256,-0.828923,0.276481
0,0,-0.879976,0.076622,0.468798
0,0,0.479756,-0.457014,0.748981
0,0,0.972126,0.226085,0.0621042
0,0,-0.767509,-0.640989,0.00791065
0,0,0.904671,0.392478,0.165926
0,0,-0.0283647,-0.472448,0.880902
0,0,-0.880319,-0.461138,0.111315
0,0,0.266334,0.457856,0.848194
0,0,-0.591849,0.684863,0.425062
14.9294,22.9907,0.836332,0.0611469,0.544802
0,0,-0.194548,-0.937014,0.290095
0,0,0.335627,0.817299,0.468377
0,0,0.900092,0.216213,0.378268
0,0,-0.495035,0.866232,0.0676925
0,0,-0.519999,-0.640577,0.565033
0,0,-0.877084,-0.442876,0.185966
3.7425,4.94262,-0.0284018,-0.324054,0.945612
0,0,-0.385548,-0.75238,0.534113
0,0,-0.0827131,0.10346,0.991188
0,0,0.581176,-0.713418,0.391496
0,0,0.0602383,0.747576,0.661439
0,0,0.969873,-0.176995,0.16739
0,0,0.170306,0.585646,0.792474
0,0,0.240138,0.532462,0.811676
0,0,0.293109,-0.854396,0.429062
0,0,-0.253181,-0.950712,0.179014
0,0,0.188848,-0.851808,0.488631
0,0,-0.158058,0.407526,0.899411
0,0,0.325834,-0.924661,0.197065
0,0,0.978082,-0.154176,0.139948
0,0,0.6098,0.214308,0.763031
13.4784,17.8425,0.309429,0.140285,0.940518
0,0,-0.604184,-0.220708,0.765669
0,0,0.136943,0.874241,0.465778
0,0,-0.811364,0.00535388,0.584517
0,0,0.723021,0.68139,0.113791
0,0,-0.758006,0.30186,0.578194
10.2658,14.9774,0.0779582,0.764468,0.639931
0,0,-0.812317,0.580786,0.0531917
0,0,0.113857,0.981096,0.156483
0,0,0.0658954,-0.443512,0.893843
0,0,-0.156901,0.832669,0.531079
0,0,0.413292,-0.898574,0.147495
0,0,0.325052,0.548317,0.770513
0,0,-0.123404,0.558398,0.820344
0,0,0.62542,-0.0654886,0.777535
0,0,0.979208,-0.201517,0.0233166
0,0,0.339258,-0.388134,0.856888
0,0,0.124255,0.981151,0.148001
0,0,-0.416309,0.900155,0.128092
0,0,0.343516,-0.0109364,0.939083
0,0,-0.647301,-0.301938,0.699882
0,0,0.885367,0.431449,0.173139
0,0,0.804625,-0.38513,0.451943
0,0,-0.330267,-0.468414,0.819458
0,0,-0.568764,0.459611,0.682103
0,0,-0.0116514,-0.436074,0.899836
0,0,0.579962,0.75768,0.299273
0,0,0.971628,0.140087,0.190564
0,0,-0.749109,-0.62247,0.226644
0,0,0.598719,-0.66521,0.446129
0,0,0.291076,-0.915365,0.278176
0,0,-0.236351,0.882286,0.407075
0,0,-0.724844,-0.192165,0.661569
0,0,0.177665,-0.983206,0.0417182
0,0,0.496985,0.608821,0.618339
0,0,-0.991012,-0.125481,0.0463627
0,0,-0.258585,-0.130578,0.957122
0,0,-0.887826,-0.242646,0.391009
0,0,-0.41111,-0.826754,0.384014
0,0,0.855705,-0.0547932,0.514555
0,0,0.37827,-0.885267,0.270583
0,0,0.242873,0.414178,0.877194
0,0,0.572737,-0.200426,0.79486
0,0,-0.496283,-0.678825,0.541203
0,0,-0.327083,0.942083,0.0741299
0,0,0.520541,0.566813,0.638561
0,0,-0.0792391,0.838348,0.539346
0,0,-0.363761,0.904625,0.222105
0,0,-0.556705,-0.820281,0.131225
0,0,-0.587479,-0.783688,0.201744
0,0,-0.0652209,0.00398285,0.997863
0,0,0.69369,-0.660922,0.286314
0,0,-0.30139,-0.290325,0.908226
0,0,-0.804513,-0.28201,0.522713
0,0,0.772751,-0.388626,0.501822
0,0,-0.234798,-0.691521,0.683132
0,0,0.909964,0.252218,0.329168
0,0,0.188685,-0.461425,0.866883
0,0,0.108013,-0.820501,0.561348
0,0,-0.677253,-0.705304,0.209463
0,0,-0.203507,-0.951848,0.229281
0,0,0.0235098,0.44869,0.893378
0,0,0.184517,-0.642379,0.743843
0,0,0.75038,-0.29552,0.591268
0,0,0.368546,-0.652368,0.662262
0,0,0.631209,-0.122407,0.765893
0,0,-0.355057,-0.855477,0.376953
0,0,-0.234082,-0.872501,0.428891
0,0,0.13395,0.733461,0.666403
0,0,0.566623,0.753708,0.33296
0,0,-0.54143,0.476314,0.692805
0,0,0.503435,-0.0275482,0.863594
0,0,0.566999,-0.185396,0.802584
0,0,0.00766135,-0.904124,0.427201
0,0,-0.718334,-0.205067,0.664789
0,0,0.410149,-0.904974,0.113137
0,0,-0.28133,0.874651,0.394765
0,0,-0.619863,0.783527,0.0430811
0,0,0.358353,-0.264273,0.895401
0,0,0.573517,-0.802301,0.165503
0,0,-0.467604,0.807635,0.359266
0,0,0.734602,-0.343223,0.585285
0,0,0.0424173,-0.867368,0.495857
0,0,-0.869489,-0.484958,0.0938348
0,0,-0.520562,-0.784258,0.337572
0,0,0.0253108,-0.0754007,0.996832
0,0,-0.735808,0.67658,0.0287353
0,0,-0.861213,-0.505636,0.0514293
0,0,0.0934927,0.926122,0.365454
0,0,-0.361476,-0.803295,0.473341
0,0,0.772246,0.346391,0.532587
24.2188,33.8494,-0.771803,-0.595631,0.222583
0,0,0.522649,-0.786722,0.328493
0,0,0.972736,0.10066,0.208931
0,0,-0.639268,0.0882179,0.763907
0,0,-0.563684,-0.0720259,0.822844
0,0,-0.723398,-0.603283,0.335776
0,0,0.709328,-0.251136,0.658623
0,0,0.80106,0.300093,0.517926
0,0,-0.339259,-0.940693,0.00041877
0,0,0.915851,0.393402,0.0803274
0,0,0.519279,-0.825103,0.222608
0,0,0.809711,0.581408,0.0795769
0,0,0.226235,-0.43745,0.870319
0,0,-0.0486956,0.971165,0.233383
0,0,0.352466,0.268507,0.896478
0,0,-0.253694,-0.154121,0.954927
0,0,0.80366,-0.296302,0.516076
0,0,0.120408,-0.793968,0.595916
0,0,0.923995,-0.379621,0.0460471
0,0,0.27211,0.482549,0.832528
0,0,-0.283945,-0.865484,0.41269
0,0,-0.408655,0.262958,0.873988
0,0,-0.779191,-0.179767,0.600455
0,0,-0.0592825,0.914295,0.400687
0,0,0.188766,-0.439741,0.878063
0,0,0.56175,0.241464,0.791285
0,0,0.895255,0.162162,0.414996
0,0,-0.294431,0.907002,0.301094
0,0,-0.274512,-0.461967,0.843344
0,0,0.469764,-0.836406,0.282395
0,0,-0.11162,-0.991346,0.0690951
21.1363,33.8452,0.206212,-0.0876449,0.974574
0,0,-0.98019,-0.0210702,0.196933
0,0,0.487721,0.71894,0.49523
0,0,0.45191,-0.00264372,0.892059
0,0,-0.124081,0.640907,0.757524
0,0,-0.494759,-0.243217,0.834302
0,0,0.151815,-0.86761,0.473504
0,0,0.718301,0.69572,0.00413367
0,0,0.13802,-0.736458,0.662254
0,0,0.0610909,-0.499963,0.863889
0,0,0.56746,-0.714993,0.40838
0,0,0.292025,0.872662,0.391386
0,0,0.27265,-0.961894,0.0205231
0,0,-0.0374384,-0.37483,0.926337
0,0,-0.784806,0.00632356,0.619709
0,0,-0.681985,0.731047,0.0216185
0,0,0.470585,0.817411,0.332249
0,0,-0.535979,-0.84406,0.0169684
0,0,-0.686777,-0.276299,0.672307
0,0,-0.0697845,0.875864,0.477486
0,0,0.566572,-0.822076,0.0564551
0,0,0.475603,0.725811,0.496991
0,0,-0.989225,-0.0699018,0.128639
0,0,-0.690133,-0.716504,0.101677
0,0,-0.365396,-0.196052,0.909972
0,0,0.57279,-0.232112,0.786153
0,0,-0.690962,0.722005,0.0357704
0,0,0.568372,0.818401,0.0846933
0,0,-0.574785,-0.762462,0.29711
0,0,0.903544,-0.396402,0.162707
0,0,0.568113,-0.65853,0.493545
0,0,-0.742742,-0.150146,0.652526
0,0,-0.54619,0.503415,0.669514
0,0,0.491842,0.73003,0.474497
0,0,0.456119,0.582551,0.672749
0,0,0.150829,0.496832,0.85464
0,0,0.457133,0.0538152,0.887769
0,0,0.490834,-0.363218,0.791931
0,0,0.315848,-0.450697,0.834933
0,0,-0.745339,-0.581581,0.325935
0,0,0.128975,-0.836088,0.533219
0,0,-0.65563,-0.642728,0.396297
0,0,-0.270186,0.95246,0.140782
0,0,0.394632,-0.895167,0.207224
0,0,-0.657118,0.715796,0.236287
0,0,0.428485,-0.709953,0.558898
0,0,0.96461,-0.0445221,0.259894
0,0,0.471625,-0.46893,0.746776
0,0,-0.498906,0.787456,0.361947
0,0,0.452434,0.257477,0.85382
0,0,0.828764,-0.0870354,0.552788
0,0,-0.705497,-0.546859,0.450798
0,0,-0.647668,-0.558906,0.517832
0,0,-0.018502,-0.512866,0.858269
0,0,0.119534,0.792765,0.597692
0,0,0.000655587,0.985737,0.168292
0,0,0.751479,0.246912,0.611811
0,0,-0.0532545,-0.670212,0.740256
0,0,-0.822555,0.46065,0.333473
0,0,0.931716,0.359976,0.0482048
0,0,0.147141,0.715311,0.68314
0,0,0.707004,0.582262,0.401393
0,0,0.00659904,-0.367743,0.929904
0,0,-0.565863,0.00677892,0.824471
0,0,0.0224132,0.980025,0.197609
0,0,0.180547,0.980961,0.0715475
0,0,-0.389905,0.388277,0.834994
0,0,-0.956741,-0.209425,0.201958
0,0,-0.88993,-0.107645,0.443212
0,0,-0.0866396,-0.685803,0.722612
0,0,-0.00568407,-0.869701,0.493546
0,0,0.879716,-0.339749,0.332671
0,0,0.895431,0.281454,0.344946
0,0,0.49334,0.342476,0.799579
0,0,-0.845879,0.419776,0.329054
0,0,0.894649,-0.359796,0.264859
0,0,0.52548,0.118936,0.842452
0,0,0.0266583,-0.408017,0.912585
0,0,-0.410437,0.519379,0.749525
0,0,-0.142753,-0.721764,0.677258
0,0,0.211256,-0.977421,0.0044685
0,0,0.854842,0.356809,0.37674
0,0,-0.789424,-0.0624015,0.610668
0,0,0.516802,-0.469398,0.715948
0,0,0.90091,-0.192826,0.388817
0,0,0.208838,0.315113,0.925792
0,0,0.875097,-0.101199,0.473249
0,0,-0.521151,0.848392,0.0929118
0,0,-0.468702,-0.732967,0.493029
0,0,0.685538,0.679596,0.261125
0,0,0.677923,-0.652448,0.338722
0,0,-0.730438,0.629134,0.265801
0,0,-0.383577,0.277966,0.880684
0,0,0.077837,-0.393532,0.91601
0,0,-0.403538,0.657175,0.636615
0,0,-0.150117,0.0647399,0.986546
0,0,0.204745,-0.978593,0.0208806
0,0,0.175929,0.404278,0.897557
0,0,-0.585941,-0.694465,0.417602
0,0,-0.674519,0.73009,0.109513
0,0,-0.888212,-0.15653,0.431947
0,0,-0.831335,-0.437413,0.34286
0,0,0.450125,0.509933,0.733046
0,0,-0.159773,-0.672901,0.722272
0,0,0.702228,-0.634882,0.322181
0,0,-0.0783008,-0.195146,0.977644
2.09802,3.19249,-0.0970438,-0.589541,0.801887
0,0,0.0846974,-0.427643,0.899971
0,0,0.594814,-0.137767,0.79197
0,0,-0.0749645,-0.344216,0.935893
0,0,-0.354037,0.926779,0.125451
0,0,0.63464,-0.631312,0.445733
0,0,0.0318043,0.318686,0.947327
0,0,0.560174,-0.828225,0.0157594
0,0,0.240855,0.188617,0.952057
0,0,0.371328,0.71457,0.592878
0,0,-0.955588,0.165885,0.243585
0,0,0.719975,0.323736,0.613865
23.978,34.8574,0.544496,-0.618529,0.566521
0,0,0.830002,-0.532765,0.165103
0,0,0.323834,-0.711222,0.623934
0,0,0.936753,-0.017385,0.34956
5.40573,7.83764,-0.37561,-0.0427681,0.925791
0,0,-0.224575,0.799039,0.557766
0,0,-0.792816,0.0120318,0.609342
0,0,-0.352707,-0.604263,0.714468
0,0,0.990075,-0.0959582,0.10268
0,0,0.25481,-0.0951492,0.962298
0,0,0.0377987,0.996337,0.0767121
0,0,0.44543,0.895133,0.0181542
0,0,-0.201187,-0.953667,0.223701
0,0,-0.323676,0.453951,0.830158
0,0,0.413509,0.602247,0.682868
0,0,0.844586,-0.0502619,0.533056
0,0,0.562297,-0.231053,0.794
0,0,0.414302,0.242712,0.87718
0,0,-0.914299,-0.129517,0.383774
0,0,0.136975,0.684047,0.716462
0,0,0.153559,0.988139,0.00140182
0,0,-0.114017,-0.368845,0.922471
0,0,0.99099,0.0475685,0.125207
0,0,-0.963911,-0.172533,0.20275
0,0,0.501501,-0.850008,0.16119
0,0,0.601663,0.00944273,0.798694
0,0,-0.660032,0.092992,0.74546
0,0,0.510807,0.74211,0.433991
0,0,0.379049,0.378677,0.844349
0,0,-0.264475,0.954552,0.137418
0,0,0.43256,-0.881943,0.187264
0,0,0.34031,0.887928,0.309471
0,0,0.388528,0.332751,0.859257
0,0,-0.201236,0.85795,0.47268
0,0,-0.183301,-0.0141253,0.982955
0,0,-0.637876,0.444489,0.628923
0,0,-0.507888,0.32005,0.799761
0,0,-0.26062,0.831479,0.490632
0,0,-0.484212,0.866574,0.120779
0,0,0.928737,0.0248472,0.369905
0,0,-0.403049,-0.659219,0.634808
0,0,-0.91509,-0.21832,0.339037
0,0,0.0238965,-0.926499,0.375537
24.061,34.9899,-0.135223,0.920527,0.36653
0,0,0.041311,-0.904539,0.424386
0,0,0.389291,-0.799698,0.457095
0,0,0.502925,-0.851224,0.149947
0,0,0.103878,-0.772281,0.626731
0,0,-0.518117,0.148778,0.842271
0,0,-0.872692,-0.485999,0.0470584
0,0,0.809834,-0.577252,0.104641
0,0,0.517429,-0.199703,0.832098
0,0,-0.710786,-0.536808,0.454555
0,0,0.98751,-0.103601,0.118706
19.4751,25.2401,0.289742,-0.550039,-0.783267
0,0,-0.781679,0.00958362,0.623607
0,0,0.695924,-0.548018,0.464077
0,0,-0.00886524,-0.343007,0.939291
0,0,-0.934227,0.109336,0.339508
0,0,-0.00890322,0.71108,0.703055
0,0,-0.115477,-0.827621,0.54928
0,0,0.307257,0.159546,0.938157
0,0,0.463862,0.728877,0.503558
0,0,-0.458115,-0.323754,0.827837
0,0,0.507003,0.860073,0.0567688
0,0,-0.327655,0.933565,0.145252
0,0,0.90937,0.364969,0.199611
0,0,-0.935365,0.0982911,0.339751
0,0,0.541274,0.736183,0.406273
0,0,-0.0832483,-0.82925,0.552643
0,0,0.738428,-0.656807,0.15274
0,0,-0.332332,0.155471,0.93026
0,0,-0.963016,0.26808,0.0270703
0,0,-0.231245,-0.946091,0.226797
0,0,-0.153242,-0.295125,0.94309
11.1588,15.6834,-0.374425,-0.21861,0.901119
0,0,0.383546,0.734206,0.560208
0,0,-0.59574,-0.286749,0.750246
0,0,0.360546,0.121047,0.924854
0,0,-0.395313,0.875959,0.27645
0,0,0.851635,-0.121375,0.509888
0,0,-0.469259,-0.655105,0.592143
0,0,0.78228,-0.617978,0.0783612
0,0,-0.228492,0.97337,0.0185049
0,0,0.131671,0.990432,0.0413068
0,0,-0.525933,0.684402,0.504963
0,0,-0.523197,0.528751,0.668347
0,0,-0.830225,0.276994,0.483736
0,0,0.868492,-0.446454,0.215407
0,0,0.15806,0.783092,0.601485
0,0,-0.312195,0.804187,0.505784
0,0,-0.559802,-0.828593,0.00745873
0,0,-0.893637,-0.349843,0.28111
0,0,0.917789,-0.300017,0.260103
0,0,0.240429,0.269175,0.932598
0,0,-0.150369,0.778931,0.608816
0,0,0.840711,-0.540513,0.0324012
0,0,-0.356107,-0.835292,0.418898
0,0,-0.312539,-0.947536,0.0670464
0,0,0.289817,0.204439,0.934992
0,0,-0.817728,0.0844124,0.569381
0,0,0.155761,-0.951147,0.266566
0,0,-0.672605,-0.258065,0.693546
0,0,-0.581187,0.698735,0.417122
0,0,-0.167292,0.932393,0.3204
0,0,-0.812564,0.383775,0.438698
0,0,-0.596713,0.794836,0.110312
0,0,-0.671971,-0.093856,0.734606
0,0,0.722311,-0.690121,0.0447123
0,0,0.960322,0.256439,0.109638
0,0,-0.680792,-0.72345,0.11464
0,0,-0.123883,0.134389,0.983154
0,0,0.367202,0.74259,0.560109
0,0,-0.698159,-0.405095,0.590315
0,0,-0.0621436,0.800571,0.596007
0,0,-0.872476,-0.398998,0.282111
0,0,-0.737836,-0.0849457,0.669613
0,0,0.203204,-0.909262,0.36325
0,0,0.483875,0.0292331,0.874649
0,0,0.311598,-0.00892916,0.950172
0,0,0.853421,0.140801,0.501843
0,0,-0.957299,-0.0135982,0.28878
0,0,-0.318539,0.890033,0.326151
0,0,0.90684,0.117963,0.404631
0,0,-0.290217,0.825879,0.483423
0,0,-0.841645,0.464279,0.275824
0,0,0.416952,-0.405088,0.813667
0,0,-0.69731,-0.0220078,0.716431
0,0,0.490403,-0.850555,0.189899
0,0,0.588925,0.761663,0.270254
0,0,0.0188484,0.846852,0.531494
0,0,-0.0504387,-0.731633,0.67983
0,0,0.830872,-0.481527,0.278897
0,0,-0.106222,-0.901955,0.418563
0,0,-0.309003,-0.949544,0.0537004
0,0,0.63348,0.140672,0.760864
0,0,-0.464153,0.782477,0.415081
0,0,-0.575775,-0.814422,0.0721117
0,0,-0.268331,0.23816,0.933423
0,0,0.531535,-0.714457,0.454997
0,0,0.50116,0.188174,0.844647
0,0,-0.395445,-0.453694,0.798614
0,0,-0.746445,-0.598877,0.290115
0,0,0.691242,-0.247548,0.678899
0,0,-0.865087,0.500085,0.0392367
20.9784,27.0391,0.44797,-0.397181,0.800981
0,0,0.250174,0.929107,0.272348
0,0,0.404311,0.91235,0.0644209
0,0,0.691801,0.370903,0.619551
0,0,0.773389,0.582378,0.250409
0,0,-0.710016,0.12589,0.692841
0,0,0.640894,-0.506498,0.576815
0,0,-0.820697,-0.571318,0.00723375
0,0,-0.0490343,0.920788,0.386969
0,0,-0.484393,0.816236,0.314837
0,0,0.00629193,-0.590376,0.807104
0,0,-0.111113,0.350562,0.929925
0,0,0.283289,0.442643,0.850773
0,0,0.0686441,-0.533738,0.842859
0,0,-0.381699,0.909636,0.163914
0,0,0.298276,0.886565,0.353602
0,0,0.906286,0.1474,0.396129
0,0,-0.931785,-0.285294,0.224463
0,0,-0.773935,-0.310279,0.552043
0,0,0.552872,-0.162796,0.817209
0,0,-0.0321932,-0.987705,0.152978
0,0,-0.830374,-0.0966821,0.548755
0,0,-0.588763,0.47035,0.657366
0,0,0.251254,0.778838,0.574702
14.8431,21.8717,0.217843,0.342679,0.913847
19.7891,25.8581,0.461998,-0.0972828,0.881529
0,0,0.128965,-0.53363,0.835827
0,0,-0.658897,0.356614,0.66233
0,0,-0.620042,0.424149,0.660034
0,0,-0.413085,0.811935,0.412458
0,0,-0.323579,-0.325406,0.888486
0,0,0.992294,0.11566,0.0444552
0,0,-0.370636,0.732465,0.571072
0,0,0.4412,-0.0391816,0.896553
0,0,-0.790329,0.612295,0.0217986
0,0,0.183323,-0.814817,0.549969
0,0,0.194388,0.955818,0.220511
0,0,-0.719666,0.42217,0.551229
0,0,-0.511281,-0.578078,0.635938
0,0,-0.875744,-0.417745,0.241995
0,0,-0.789419,0.539462,0.292912
0,0,0.389616,-0.696528,0.602534
0,0,0.966103,-0.252073,0.0557193
0,0,-0.059367,0.581798,0.811164
0,0,-0.978919,0.000738206,0.204249
0,0,0.662262,-0.724303,0.191817
0,0,-0.977662,-0.137808,0.158699
0,0,-0.234489,0.527747,0.816393
0,0,0.909033,0.24557,0.33668
0,0,0.672557,-0.105768,0.732448
0,0,0.282905,0.762621,0.5817
0,0,0.508546,-0.0437224,0.859924
0,0,0.174894,0.596227,0.783534
0,0,0.571492,-0.223973,0.789451
0,0,0.154415,0.518043,0.841301
0,0,0.0704338,0.978806,0.192295
0,0,0.950357,0.10362,0.293402
0,0,0.535192,0.821355,0.197346
0,0,0.240946,0.964396,0.109021
0,0,-0.23383,0.905733,0.353513
0,0,0.499452,0.599086,0.625815
0,0,0.51636,0.791046,0.328054
0,0,-0.17396,0.650789,0.739061
0,0,0.456159,-0.810422,0.367607
0,0,-0.905275,-0.42294,0.039981
0,0,-0.634891,-0.276484,0.721436
0,0,-0.740369,-0.0311414,0.671479
0,0,0.845696,0.0237453,0.533136
0,0,0.676072,-0.359477,0.643197
0,0,-0.560064,0.74242,0.367614
0,0,-0.88367,-0.404893,0.234923
0,0,0.265186,0.860696,0.434601
0,0,-0.787845,-0.596279,0.154113
0,0,0.687893,0.350282,0.635693
0,0,-0.594352,0.303512,0.744733
0,0,0.156672,0.866892,0.473235
0,0,0.146769,-0.850521,0.505047
0,0,0.150137,0.585915,0.796343
0,0,-0.575543,-0.813164,0.0866858
0,0,-0.119649,0.620328,0.775162
0,0,-0.262119,-0.791813,0.551657
0,0,-0.275795,-0.52247,0.806822
0,0,-0.597834,-0.386058,0.702534
0,0,0.0784494,0.745687,0.661662
0,0,0.72861,-0.155733,0.666989
0,0,0.035888,-0.998799,0.0333474
0,0,-0.883683,0.419861,0.206934
0,0,0.116051,-0.818257,0.563017
0,0,-0.476973,0.106741,0.872412
0,0,-0.873774,-0.279132,0.398252
0,0,0.133561,-0.398953,0.907192
0,0,-0.968391,-0.0825067,0.235395
0,0,0.838201,-0.17756,0.515647
0,0,0.492353,0.442747,0.749375
0,0,0.208165,-0.752282,0.625091
0,0,-0.852007,0.212346,0.478533
0,0,0.207658,0.27741,0.938041
0,0,-0.175465,-0.89901,0.40124
0,0,0.838335,-0.339584,0.426469
0,0,0.404305,-0.2202,0.887721
0,0,0.248735,-0.897664,0.363772
0,0,-0.843996,0.135702,0.518899
0,0,-0.945089,-0.135378,0.297454
0,0,0.395332,0.69772,0.597411
0,0,-0.983598,-0.0130605,0.179901
0,0,-0.660452,0.60912,0.439062
0,0,-0.78718,0.0686483,0.612891
0,0,-0.274092,0.786354,0.553643
0,0,0.906222,-0.0428143,0.420629
0,0,-0.896718,-0.324359,0.301145
0,0,0.131395,-0.332195,0.934014
6.00251,8.68907,-0.0531542,0.087552,0.994741
12.9201,18.6982,0.904463,-0.424933,0.0371312
0,0,-0.719078,0.135933,0.681505
0,0,0.593991,0.738296,0.31952
0,0,0.0588883,-0.914111,0.401165
0,0,0.280985,0.033156,0.959139
0,0,0.565629,0.665772,0.486632
0,0,-0.541917,-0.622026,0.565164
0,0,-0.330252,-0.00440071,0.943883
0,0,-0.271334,0.887558,0.372316
0,0,-0.767026,0.162666,0.620654
0,0,-0.330449,0.850152,0.409933
0,0,-0.499179,0.28024,0.819931
0,0,-0.194905,0.770074,0.607452
0,0,-0.129611,-0.460097,0.878357
0,0,0.465088,0.391384,0.794047
0,0,0.8761,-0.291735,0.383848
0,0,-0.783825,-0.148912,0.602863
0,0,-0.607129,0.768151,0.20332
0,0,0.0455484,-0.901051,0.431315
0,0,-0.202998,0.700991,0.683669
0,0,0.453133,0.125318,0.882591
0,0,-0.0807847,-0.801678,0.592272
9.99513,15.4547,-0.0767616,0.312733,-0.946734
0,0,0.398749,-0.532533,0.746597
0.249906,0.380645,0.432559,0.336766,0.83635
0,0,-0.294779,0.82033,0.490065
0,0,0.942678,0.333002,0.0216231
0,0,0.73493,0.554274,0.390714
0,0,-0.00404577,-0.989172,0.146707
0,0,-0.142228,0.568972,0.809964
0,0,-0.693277,-0.544291,0.472349
0,0,-0.456831,0.888703,0.0388977
0,0,0.519646,-0.160934,0.839088
0,0,-0.923127,-0.349921,0.159347
0,0,0.0978604,-0.260508,0.960499
0,0,0.725589,0.687905,0.0175278
0,0,0.633016,0.292497,0.716754
0,0,0.373252,0.671087,0.640566
0,0,0.942547,-0.276986,0.186773
0,0,-0.222804,0.212773,0.95136
0,0,-0.916416,0.2368,0.322657
0,0,0.313177,0.694286,0.647987
0,0,0.66235,0.183426,0.726394
0,0,-0.509038,-0.808585,0.295078
0,0,0.977831,0.202183,0.0544909
0,0,-0.566581,-0.421316,0.708152
0,0,-0.161756,0.931109,0.326913
0,0,0.212598,-0.50962,0.83372
0,0,0.588725,0.048352,0.806886
10.0126,14.9105,0.123388,0.236301,0.963814
0,0,0.784278,-0.579292,0.222099
0,0,-0.667177,0.661915,0.341676
0,0,-0.513546,0.52874,0.675799
0,0,-0.389457,-0.63346,0.66862
0,0,-0.108532,0.733678,0.670774
0,0,0.33704,-0.644706,0.686118
0,0,-0.479664,0.448483,0.754178
0,0,-0.848998,0.318911,0.421307
0,0,0.26274,-0.812446,0.52048
0,0,0.458718,-0.865928,0.199363
0,0,0.815205,-0.306494,0.491428
0,0,0.527229,0.755073,0.389737
0,0,0.272431,0.761546,0.588072
0,0,0.0874695,-0.990113,0.109657
0,0,0.734979,-0.52496,0.429211
0,0,-0.0340714,0.338397,0.940386
0,0,-0.380572,0.80449,0.456027
0,0,-0.982269,-0.0926495,0.162985
0,0,0.23199,0.069194,0.970254
0,0,0.716109,0.197642,0.669422
0,0,0.986183,-0.0595149,0.154602
0,0,0.0665585,0.542317,0.837534
0,0,0.825525,-0.550056,0.126285
0,0,-0.292627,0.948094,0.124447
0,0,0.383811,0.647029,0.658819
0,0,0.743635,0.467547,0.477919
0,0,0.272154,0.614474,0.74051
0,0,-0.308288,-0.271035,0.911866
0,0,-0.30356,0.749447,0.588371
0,0,-0.0579747,-0.998251,0.0116119
0,0,-0.19325,0.272685,0.942495
0,0,-0.733901,-0.574375,0.362606
0,0,0.320592,-0.915697,0.242321
0,0,-0.0320601,0.606715,0.794273
0,0,0.439034,0.775751,0.453277
18.5635,25.3594,-0.219564,-0.184731,0.957949
0,0,-0.80138,0.273442,0.531996
0,0,0.859613,0.45504,0.232388
0,0,-0.819064,-0.41916,0.391712
0,0,-0.708816,-0.0689038,0.70202
0,0,-0.0919463,0.993196,0.0714731
0,0,-0.505645,0.405592,0.761458
0,0,0.36837,0.49225,0.788665
0,0,0.85918,-0.362,0.361615
0,0,0.680089,-0.732308,0.0346979
0,0,0.54812,0.661566,0.511757
0,0,0.648903,-0.662383,0.374399
0,0,0.44003,0.793887,0.419664
0,0,-0.516248,-0.28703,0.806909
0,0,-0.297764,0.808491,0.507621
0,0,0.580704,-0.143266,0.801409
0,0,0.696819,-0.708317,0.112828
0,0,-0.877524,-0.289124,0.38257
0,0,-0.0430345,0.728147,0.684069
0,0,-0.917789,-0.262624,0.297813
0,0,-0.922956,0.27493,0.269379
0,0,-0.239652,-0.949505,0.202503
0,0,-0.671173,-0.606181,0.426698
0,0,-0.751301,0.603042,0.268119
0,0,0.455658,-0.63148,0.627383
0,0,-0.524794,0.848066,0.0733097
0,0,0.140704,0.709157,0.690868
0,0,0.96942,-0.0906389,0.228057
0,0,0.759404,0.00706755,0.650581
0,0,-0.223499,-0.208796,0.952078
0,0,-0.804745,-0.148228,0.574816
0,0,0.271743,-0.94846,0.163035
0,0,-0.648363,0.75671,0.0837589
0,0,-0.502626,-0.833172,0.230631
0,0,-0.881857,-0.2594,0.39375
0,0,0.472624,0.844853,0.2507
0,0,-0.855399,0.478938,0.197261
0,0,-0.10757,-0.991035,0.0792366
0,0,-0.515098,-0.728271,0.45199
0,0,-0.180329,-0.962845,0.201026
0,0,0.299284,0.819618,0.488524
0,0,0.890211,0.0900108,0.446568
22.9385,31.0266,0.178036,0.975684,-0.127846
0,0,0.823429,-0.0838632,0.561188
0,0,-0.184973,0.702928,0.686787
0,0,0.0629453,0.429871,0.900694
0,0,0.674046,0.332067,0.659844
0,0,-0.140536,-0.282707,0.948855
0,0,0.836151,0.26849,0.478294
0,0,0.837254,-0.305959,0.453206
0,0,0.496853,0.341046,0.798013
0,0,-0.233896,-0.0256419,0.971924
0,0,-0.727961,-0.57231,0.377537
0,0,0.258748,-0.520746,0.813555
0,0,-0.887339,0.4609,0.0141874
0,0,-0.326386,-0.0653493,0.942975
0,0,-0.346853,-0.493809,0.797399
0,0,0.83139,0.0542318,0.553036
0,0,0.345126,-0.433345,0.832526
0,0,-0.659172,-0.462973,0.592578
0,0,-0.641935,-0.715968,0.274425
0,0,0.101521,-0.764735,0.636297
9.93099,15.7639,-0.0298454,0.479658,0.876948
0,0,0.640405,0.131023,0.756779
0,0,-0.424067,-0.242777,0.872483
0,0,-0.673863,-0.266294,0.6892
0,0,-0.180395,0.677008,0.713525
0,0,-0.600332,0.551287,0.579383
0,0,-0.102265,-0.533086,0.839858
0,0,-0.497566,0.867385,0.00845103
0,0,-0.458384,-0.170393,0.872268
0,0,-0.119135,0.615639,0.77897
0,0,0.0981085,0.608483,0.787479
0,0,0.439176,0.889086,0.129037
0,0,-0.440259,0.464969,0.768099
0,0,-0.0143447,0.99989,0.00363945
0,0,-0.214268,-0.975754,0.0446524
0,0,-0.694327,-0.0172925,0.719452
0,0,-0.466093,0.259039,0.845965
0,0,-0.951948,0.134638,0.275077
0,0,-0.241822,0.688279,0.683955
0,0,0.797245,0.602994,0.0282412
0,0,0.430213,-0.574271,0.696513
0,0,-0.615506,-0.710026,0.342076
0,0,0.304863,0.0644345,0.950214
0,0,0.597615,0.626845,0.499921
0,0,0.0474934,-0.401206,0.914756
0,0,0.4036,0.502117,0.764843
0,0,0.136148,0.332942,0.933067
0,0,-0.0229554,-0.537128,0.843188
0,0,-0.824963,0.403571,0.395685
0,0,-0.26294,0.809365,0.525158
0,0,-0.241181,-0.337307,0.909976
0,0,-0.140471,0.365964,0.919966
0,0,0.717194,0.383681,0.581741
0,0,-0.006055,-0.325874,0.945394
0,0,-0.6409,0.211285,0.737974
0,0,-0.153897,-0.343516,0.926451
0,0,0.871706,-0.0117024,0.489889
0,0,0.292611,0.527498,0.797574
0,0,0.322444,-0.468069,0.822764
0,0,-0.0621096,-0.899656,0.43216
0,0,0.505382,0.329221,0.797623
0,0,0.917628,-0.0497905,0.394309
0,0,-0.556202,0.562176,0.612044
0,0,0.913806,-0.392885,0.102952
0,0,0.799608,-0.113532,0.589693
0,0,0.940631,0.196918,0.276472
0,0,-0.997606,-0.0657993,0.0212663
0,0,-0.975995,0.0641447,0.208135
0,0,0.978097,0.0470613,0.202762
0,0,0.603206,-0.410432,0.683878
0,0,-0.570124,-0.0675455,0.818778
0,0,0.471797,-0.790647,0.390237
0,0,-0.116333,0.523478,0.84406
0,0,0.480885,0.721297,0.498478
0,0,-0.461727,-0.810693,0.359979
0,0,0.697312,-0.344706,0.628438
0,0,-0.719947,0.206412,0.662624
0,0,0.267972,0.961998,0.0524428
0,0,-0.192347,-0.863304,0.466594
0,0,0.0768668,-0.52841,0.845502
0,0,0.302138,-0.949556,0.083998
0,0,-0.983101,-0.0770001,0.166085
0,0,0.366155,0.534093,0.762021
0,0,-0.265597,-0.962593,0.0536004
0,0,0.46209,-0.832756,0.304941
0,0,-0.888804,0.0908213,0.449197
21.6084,29.595,0.0797501,0.0244862,0.996514
0,0,0.962233,-0.231671,0.142952
0,0,-0.103781,0.29281,0.950522
0,0,-0.840518,0.3235,0.4346
21.3843,30.6321,-0.0916731,0.110696,0.989617
23.275,32.0005,0.0200425,-0.122802,0.992229
0,0,0.918125,0.393516,0.0468164
0,0,0.010516,0.925762,0.37796
0,0,0.337181,-0.756484,0.560393
0,0,0.224982,-0.673901,0.703733
14.7855,20.0767,0.306642,0.118485,0.944422
0,0,-0.341821,-0.630929,0.696482
0,0,-0.99076,0.133794,0.0222267
0,0,-0.915285,0.40054,0.042669
0,0,0.597887,-0.779694,0.186031
0,0,-0.175456,-0.977839,0.114217
0,0,0.0429078,-0.480767,0.875798
0,0,-0.107871,-0.649446,0.752718
0,0,-0.122687,-0.920052,0.372092
0,0,-0.415265,-0.714312,0.563306
0,0,-0.732711,0.353693,0.581408
0,0,-0.398284,0.548062,0.735526
0,0,-0.116482,-0.973416,0.197213
0,0,-0.371931,0.246211,0.895013
0,0,0.187592,-0.790542,0.582969
0,0,0.481013,0.645065,0.593732
0,0,-0.322265,0.55752,0.76506
0,0,0.842341,0.469576,0.264501
0,0,0.820788,-0.503838,0.269175
21.9641,32.0516,0.406267,-0.604112,-0.685562
0,0,0.0311382,0.109131,0.99354
0,0,-0.37714,0.238985,0.894791
0,0,0.336352,0.6299,0.700067
0,0,-0.256003,0.548493,0.796002
0,0,-0.176594,0.493076,0.851875
0,0,-0.564375,-0.521446,0.639981
0,0,-0.499682,0.240619,0.832118
0,0,0.536993,-0.489558,0.687001
0,0,0.114232,0.941068,0.318343
0,0,0.742414,-0.667623,0.0556809
0,0,-0.530877,-0.744151,0.405474
0,0,-0.323586,-0.945687,0.0311196
0,0,0.2161,-0.657028,0.722229
0,0,0.323524,0.22289,0.919594
0,0,-0.759435,-0.261997,0.595496
0,0,0.474009,0.649765,0.594239
0,0,-0.460035,-0.88469,0.0754363
0,0,-0.485473,0.749232,0.450519
0,0,-0.434808,-0.796886,0.419422
0,0,-0.859013,-0.169259,0.483165
0,0,-0.553274,0.813074,0.181102
0,0,0.493621,-0.838701,0.23004
0,0,-0.407361,-0.419222,0.811363
0,0,-0.0906658,0.97039,0.22388
0,0,0.0084456,0.536442,0.843895
0,0,-0.0602072,0.342366,0.937636
0,0,-0.4023,0.299408,0.865164
0,0,-0.965134,0.012251,0.26147
0,0,-0.0638343,0.860986,0.504608
0,0,-0.867236,0.48153,0.126614
0,0,0.0103192,0.251083,0.967911
0,0,-0.875274,-0.217548,0.431935
0,0,0.85355,-0.355514,0.380871
0,0,-0.181345,0.699475,0.691266
0,0,0.226098,-0.939683,0.256661
0,0,-0.302166,0.430294,0.850613
0,0,-0.720384,0.553838,0.417505
0,0,0.0933378,-0.133908,0.986588
0,0,-0.0632504,-0.680041,0.73044
0,0,0.223049,-0.612545,0.758313
0,0,-0.252023,0.60695,0.753721
0,0,0.565155,-0.82497,0.00497745
0,0,0.0702819,-0.695237,0.715337
0,0,0.789229,-0.221958,0.572584
0,0,-0.736381,0.587257,0.335965
0,0,0.769059,0.590319,0.245095
0,0,0.683101,0.641099,0.349807
0,0,-0.66452,-0.253395,0.702997
0,0,0.497616,-0.0388889,0.866525
0,0,0.15677,0.900447,0.405731
0,0,0.584215,-0.590274,0.557018
0,0,0.121003,-0.0735711,0.989922
0,0,-0.248487,0.54662,0.799663
0,0,-0.509426,0.776123,0.371644
0,0,-0.232666,-0.863809,0.446878
0,0,0.477204,0.441785,0.759673
0,0,-0.597489,-0.588276,0.54492
0,0,0.199884,0.39297,0.897564
0,0,0.182201,-0.978256,0.099088
20.8936,30.1246,0.327935,0.193887,0.92459
0,0,0.880028,0.351389,0.319493
0,0,0.0891868,0.829884,0.550761
0,0,0.369054,0.91455,0.165521
0,0,-0.176935,-0.978361,0.10726
0,0,-0.968798,0.234448,0.0803996
0,0,0.480437,0.621398,0.618906
0,0,-0.452698,-0.844794,0.285284
7.48112,11.7169,-0.0149539,0.483677,0.875119
0,0,-0.833862,-0.504024,0.225022
0,0,0.66145,0.303845,0.685684
0,0,-0.708577,-0.430431,0.559149
0,0,0.847084,-0.466028,0.255474
0,0,-0.446849,-0.826618,0.342094
0,0,-0.596196,-0.801985,0.0370016
0,0,-0.782122,0.437124,0.444081
0,0,0.679196,-0.430418,0.594502
0,0,-0.817253,-0.52202,0.244114
0,0,-0.16057,0.718684,0.676543
0,0,-0.93995,-0.339151,0.0383445
0,0,0.671076,0.727923,0.140658
0,0,-0.467776,-0.829257,0.305808
0,0,0.20178,0.919979,0.336041
0,0,0.7138,0.600597,0.360241
0,0,0.382885,0.756307,0.53047
0,0,-0.56364,0.720543,0.403891
0,0,0.870153,-0.11652,0.478807
0,0,0.30951,-0.902245,0.300264
0,0,0.899169,-0.376843,0.222452
0,0,0.758758,0.65127,0.011602
0,0,0.164755,-0.432316,0.886543
0,0,0.825256,0.558449,0.0841849
0,0,-0.50598,0.110087,0.855491
0,0,0.356132,-0.752151,0.554471
0,0,0.170386,0.654168,0.736907
22.2717,32.1079,0.945479,-0.325448,-0.0124054
0,0,0.51177,0.712463,0.480092
0,0,0.0801649,-0.303048,0.949598
0,0,-0.0531716,0.986904,0.152295
0,0,-0.249299,0.376579,0.89221
0,0,-0.703451,0.708207,0.0599901
0,0,0.789323,0.525579,0.317389
0,0,-0.392743,0.816766,0.422666
0,0,0.440126,-0.826406,0.351201
0,0,-0.871964,0.0454428,0.487456
0,0,0.134056,-0.559808,0.817707
0,0,-0.790268,-0.573617,0.215498
0,0,0.35661,-0.461514,0.812302
0,0,-0.866173,0.481954,0.132154
0,0,0.954804,-0.022528,0.296383
0,0,0.871583,0.487291,0.0537632
0,0,-0.0550472,-0.737407,0.673201
0,0,-0.533938,0.442285,0.720621
0,0,0.116869,-0.261489,0.958105
0,0,-0.67966,0.704891,0.202955
0,0,-0.648498,-0.511119,0.5641
0,0,-0.0122856,0.769581,0.638431
0,0,-0.74277,-0.206642,0.636861
0,0,0.96131,-0.190615,0.198868
0,0,0.392226,0.78864,0.473503
0,0,-0.75817,0.582166,0.293704
0,0,-0.429544,-0.0582645,0.901165
0,0,0.187515,0.933289,0.306284
0,0,0.824471,0.0342898,0.564864
0,0,0.926049,0.292143,0.238926
0,0,0.0670108,-0.878054,0.473846
0,0,-0.959666,-0.250182,0.128262
0,0,0.155743,-0.930239,0.332265
0,0,0.0818828,-0.950797,0.298798
0,0,-0.28416,-0.938009,0.198472
0,0,0.419334,-0.339532,0.841949
0,0,0.801574,0.509029,0.313637
0,0,0.176971,-0.850398,0.495485
0,0,0.484365,-0.66354,0.57018
0,0,0.882572,-0.336574,0.328307
0,0,-0.182944,0.947841,0.261015
0,0,0.380353,-0.811581,0.443472
0,0,0.608959,-0.61102,0.50579
0,0,-0.875158,-0.414921,0.248877
0,0,-0.845605,0.396736,0.357146
0,0,0.104655,-0.286487,0.952351
0,0,-0.274004,-0.0121053,0.961652
0,0,0.602907,0.730174,0.321479
0,0,-0.417746,0.701545,0.577341
0,0,0.189021,0.845592,0.499244
0,0,-0.626805,0.465495,0.624844
0,0,0.607742,0.751424,0.256927
0,0,-0.706141,-0.242264,0.665337
0,0,-0.408273,-0.75151,0.518215
0,0,0.968349,0.0382179,0.246658
0,0,-0.68634,-0.637364,0.35029
0,0,0.535625,-0.720535,0.440381
0,0,-0.0423749,0.650178,0.758599
0,0,0.368989,-0.00777702,0.929401
0,0,-0.605692,-0.357982,0.710624
0,0,0.412909,0.168094,0.895126
0,0,0.958295,-0.100158,0.267653
0,0,-0.478261,-0.570248,0.667894
0,0,0.708943,0.705266,0.000628972
0,0,-0.757193,0.653168,0.00549706
0,0,-0.946788,0.251544,0.200794
0,0,-0.915972,-0.387349,0.104674
0,0,-0.728308,-0.586332,0.354657
0,0,0.454594,0.882649,0.119479
0,0,0.698841,-0.475872,0.53401
0,0,-0.718912,0.0907692,0.689149
0,0,-0.305898,0.689395,0.656628
0,0,0.0918268,0.450688,0.887946
0,0,0.6521,0.708472,0.269877
0,0,0.263805,-0.943205,0.201921
0,0,0.483273,0.175629,0.857672
0,0,0.311105,0.457825,0.832833
0,0,-0.506595,0.800214,0.320964
0,0,-0.707167,-0.539028,0.457563
0,0,0.845625,0.489311,0.213289
0,0,0.605026,0.752749,0.259447
0,0,0.686345,-0.298059,0.663393
0,0,-0.763426,0.617478,0.189478
0,0,-0.421731,-0.240061,0.874365
0,0,-0.334974,-0.262581,0.9049
0,0,0.939804,0.266821,0.213483
0,0,-0.128793,-0.287548,0.949067
0,0,-0.923458,0.0334146,0.382243
0,0,0.500595,-0.534711,0.680799
0,0,-0.388676,-0.478053,0.787652
0,0,0.557244,0.497078,0.665126
0,0,0.317368,0.439643,0.840233
0,0,-0.360533,0.932515,0.0207929
0,0,0.324215,0.879922,0.347306
0,0,0.032755,0.834951,0.549348
0,0,0.456971,0.816363,0.353169
0,0,-0.97353,-0.054603,0.221939
0,0,-0.621939,-0.150858,0.768397
0,0,0.00404754,0.978756,0.204989
0,0,-0.357675,0.520274,0.775489
0,0,0.532176,0.00623351,0.846611
0,0,-0.37327,-0.741299,0.557804
0,0,0.858459,-0.410139,0.307952
0,0,0.470098,0.568371,0.67525
0,0,-0.741929,-0.669954,0.0265104
0,0,0.751119,0.644661,0.142241
0,0,-0.0865084,0.808497,0.582108
0,0,0.76678,0.183185,0.615217
0,0,-0.727177,-0.585667,0.35806
0,0,-0.192797,-0.193909,0.961888
0,0,-0.344976,0.294051,0.891361
0,0,-0.571489,0.236665,0.785742
0,0,-0.941944,-0.206072,0.265096
0,0,0.647356,0.415378,0.639055
0,0,-0.0498671,0.820153,0.569967
6.0725,9.55639,-0.132334,-0.077403,0.988178
0,0,-0.374227,-0.594625,0.711601
0,0,0.621788,-0.448261,0.642216
0,0,0.262488,0.104093,0.959304
0,0,0.603418,-0.779177,0.169617
0,0,-0.256239,-0.201628,0.945351
0,0,-0.975437,0.147717,0.163409
0,0,0.547082,-0.825177,0.140653
0,0,0.25346,0.958392,0.131315
0,0,0.159564,-0.918607,0.361526
0,0,0.0233464,-0.907954,0.418419
6.62579,7.7035,0.328414,0.218441,0.918927
0,0,-0.538925,-0.337014,0.771998
0,0,-0.575806,0.0306133,0.817013
0,0,0.929118,-0.252456,0.270196
0,0,-0.572145,-0.00254165,0.820149
0,0,0.335916,-0.337428,0.879377
0,0,0.298672,-0.393587,0.869416
0,0,-0.885545,0.1188,0.449106
0,0,-0.865869,-0.432845,0.250831
0,0,-0.2772,0.429413,0.859514
0,0,0.429319,0.719386,0.546049
0,0,0.156394,-0.810228,0.564864
0,0,0.0960179,0.464241,0.880489
0,0,-0.764136,-0.54144,0.350627
0,0,-0.269663,0.96,0.0753728
0,0,0.17123,0.548187,0.81864
0,0,0.0229555,0.988457,0.149753
0,0,-0.767264,0.500589,0.400895
0,0,0.900035,0.22896,0.37083
0,0,0.205174,-0.96448,0.166377
0,0,-0.0561619,0.795435,0.603431
0,0,0.593681,0.404262,0.695783
0,0,-0.990775,0.131683,0.0319957
0,0,0.521152,-0.799347,0.299075
0,0,-0.440573,-0.758673,0.479906
0,0,-0.448918,-0.884993,0.123529
0,0,0.295041,0.585827,0.754823
0,0,0.946638,-0.240173,0.214927
0,0,-0.598273,0.764596,0.239711
0,0,0.711772,-0.261926,0.651748
0,0,-0.830948,0.347313,0.434625
0,0,0.743024,0.205413,0.636962
0,0,-0.255626,-0.964911,0.0600106
0,0,-0.889065,0.436274,0.13867
0,0,-0.396207,-0.583389,0.708998
0,0,0.894762,-0.444699,0.0405294
0,0,0.244941,0.872943,0.421869
0,0,-0.292618,-0.154378,0.943685
0,0,-0.918228,0.396052,0.00022955
0,0,-0.68623,0.690842,0.227652
0,0,-0.911845,0.186787,0.36558
0,0,0.107786,0.896612,0.429498
0,0,0.567083,-0.814498,0.122515
0,0,0.716859,-0.419548,0.55686
0,0,-0.740503,0.0621877,0.66917
0,0,-0.513585,0.126116,0.84872
6.21159,9.84651,-0.304578,0.00725643,0.95246
0,0,0.524164,-0.432731,0.733482
0,0,0.901746,-0.141122,0.408581
0,0,0.68598,0.563889,0.459848
0,0,0.470978,-0.834876,0.28489
0,0,-0.255021,-0.93422,0.249393
0,0,0.434091,-0.892694,0.121086
0,0,-0.800159,0.0560413,0.597164
0,0,-0.659018,0.740116,0.133876
0,0,0.520823,0.853628,0.00786822
0,0,0.197924,0.801842,0.563804
0,0,-0.332174,-0.660637,0.673215
0,0,0.634162,0.733515,0.244529
0,0,-0.360618,0.187719,0.913628
0,0,0.140132,0.990121,0.00482271
0,0,0.175883,-0.912826,0.368529
0,0,-0.243518,0.43725,0.865743
0,0,0.473478,0.749835,0.462132
0,0,0.48321,-0.726965,0.487883
0,0,-0.318893,-0.550463,0.771556
0,0,0.631783,0.29948,0.714956
0,0,0.29429,0.762739,0.575867
0,0,-0.962565,0.270179,0.0217123
0,0,0.619412,0.394695,0.678634
0,0,0.306304,-0.943506,0.126392
0,0,-0.236347,-0.40259,0.884342
0,0,-0.598863,-0.356101,0.717325
0,0,0.674995,-0.674801,0.298371
0,0,-0.803798,-0.115954,0.583493
0,0,0.365902,0.152252,0.918115
0,0,-0.764355,0.565237,0.310272
0,0,0.610316,-0.58946,0.529199
0,0,0.666045,-0.218641,0.713148
0,0,-0.212829,-0.976141,0.0430532
0,0,-0.230522,0.0121861,0.972991
0,0,0.508122,0.140048,0.849823
5.63076,7.01962,-0.588883,0.743608,0.316645
0,0,0.800112,0.285657,0.527466
0,0,-0.118075,-0.578001,0.807449
0,0,-0.998444,-0.0300795,0.0469598
0,0,-0.157258,-0.981625,0.108086
0,0,-0.377011,-0.900042,0.218603
0,0,-0.985812,0.162306,0.0427991
0,0,-0.201336,0.433021,0.87861
0,0,-0.892686,-0.424534,0.151268
0,0,-0.7285,0.564584,0.387985
0,0,-0.843944,-0.113207,0.524349
0,0,0.725572,0.678066,0.117354
0,0,0.295122,0.94744,0.123533
0,0,-0.295371,-0.678272,0.672832
0,0,-0.0711152,0.992258,0.101813
0,0,0.962539,0.158903,0.219702
0,0,-0.389366,-0.274487,0.879233
0,0,-0.561456,-0.30882,0.767723
0,0,0.0694825,-0.861117,0.503636
0,0,0.0814534,-0.852946,0.515605
0,0,-0.620104,0.244666,0.745393
0,0,-0.699715,0.696571,0.158704
0,0,-0.242516,0.83824,0.488405
0,0,0.362918,-0.394512,0.844187
0,0,-0.624596,-0.623259,0.470561
0,0,0.780992,-0.442635,0.440598
0,0,-0.4405,0.418194,0.794401
0,0,-0.654396,0.755508,0.0311878
0,0,0.588649,0.804413,0.0800731
0,0,-0.716281,0.658651,0.23048
0,0,0.82807,0.498171,0.25715
0,0,-0.459546,0.755119,0.467561
0,0,-0.0184834,-0.937443,0.347648
0,0,0.659786,-0.487708,0.571684
0,0,-0.521628,-0.135693,0.842313
0,0,-0.376271,-0.610748,0.696711
0,0,0.490733,0.615442,0.616776
0,0,-0.0649891,0.832327,0.550462
0,0,-0.983457,-0.0573791,0.171814
0,0,0.0487311,-0.856669,0.513559
0,0,0.513081,0.709307,0.483354
0,0,0.625386,0.776175,0.080284
0,0,0.158769,0.589554,0.791971
0,0,-0.433794,0.636273,0.63795
0,0,0.602765,0.667996,0.436413
0,0,0.577044,-0.785152,0.224845
0,0,0.257608,-0.964378,0.0601075
0,0,-0.40737,-0.787195,0.463004
0,0,-0.790264,-0.609759,0.0606435
0,0,0.0732686,0.993508,0.0870227
0,0,-0.605304,-0.358686,0.710599
0,0,-0.0570177,-0.613428,0.78769
0,0,0.705461,-0.394477,0.588824
0,0,0.088668,0.848487,0.521735
0,0,-0.925373,0.37551,0.051738
0,0,-0.780795,0.150167,0.606473
0,0,-0.350474,-0.216766,0.911142
0,0,-0.66653,0.19728,0.7189
0,0,-0.8984,0.287253,0.33221
0,0,0.536237,0.805493,0.25225
0,0,-0.538291,0.377443,0.753511
0,0,-0.109964,0.99393,0.00326853
0,0,0.42671,0.862171,0.273093
0,0,0.42931,0.0479514,0.901884
0,0,0.232724,0.639807,0.732452
0,0,-0.672798,0.127072,0.728832
0,0,0.630171,0.668684,0.394647
0,0,-0.369743,0.916444,0.153034
0,0,-0.665447,0.731983,0.146225
0,0,0.513903,-0.793087,0.326983
0,0,-0.882263,0.453965,0.12461
0,0,-0.00772768,0.99949,0.0309938
0,0,0.0300169,-0.998276,0.0504408
0,0,0.0370398,0.223956,0.973895
0,0,-0.0595462,0.850639,0.522367
0,0,0.595945,0.790497,0.141296
0,0,0.0357953,0.633743,0.772715
0,0,0.274654,-0.906727,0.320017
0,0,-0.714372,0.683084,0.151886
0,0,-0.496133,0.50171,0.708617
0,0,0.630865,-0.738906,0.236699
0,0,-0.932472,0.338309,0.126663
0,0,-0.317111,0.271942,0.908564
0,0,0.292371,0.856708,0.424936
0,0,0.777761,-0.0829426,0.623063
0,0,-0.421448,-0.0915691,0.902218
0,0,0.0221059,0.592427,0.805321
0,0,0.547152,0.363856,0.753813
0,0,-0.840213,0.455585,0.294082
0,0,0.169866,-0.710314,0.683081
0,0,-0.277259,-0.24864,0.928066
0,0,-0.251231,0.873966,0.416013
0,0,0.93443,0.339861,0.106462
0,0,-0.299634,-0.945116,0.130289
0,0,0.940066,-0.005451,0.340948
0,0,0.519472,0.849598,0.0912791
0,0,0.76553,0.559805,0.317147
0,0,-0.702135,0.575334,0.41952
0,0,-0.416877,0.889327,0.18791
0,0,-0.313585,-0.944125,0.101453
0,0,-0.908878,0.302874,0.286721
0,0,0.3916,0.637775,0.663243
0,0,-0.343536,-0.938656,0.030129
0,0,-0.426228,-0.240141,0.87216
0,0,-0.568496,-0.409731,0.713396
0,0,-0.0288362,-0.452531,0.891282
0,0,-0.757339,-0.519835,0.395232
0,0,0.512309,-0.378448,0.770919
0,0,-0.507912,0.690632,0.514833
0,0,-0.737741,0.431081,0.519526
0,0,0.0828977,-0.939379,0.332709
0,0,0.230842,0.832267,0.504027
12.1933,16.5405,-0.1655,0.376034,0.911706
0,0,-0.953832,-0.223201,0.200964
0,0,-0.97028,0.222242,0.0957366
0,0,-0.845057,-0.507822,0.167316
0,0,-0.965619,0.259961,0.000352708
8.11404,12.964,0.434444,0.116323,0.893156
0,0,0.815969,-0.476398,0.327475
0,0,0.153426,-0.921168,0.357645
0,0,-0.852984,-0.502122,0.142445
0,0,-0.402385,-0.233443,0.885207
0,0,-0.876144,0.395961,0.274928
0,0,-0.15721,0.987532,0.00811151
0,0,0.18128,-0.88195,0.435088
0,0,-0.297299,-0.510393,0.806915
0,0,-0.610302,0.716992,0.336829
0,0,-0.44532,-0.306812,0.841164
0,0,0.924275,-0.38161,0.00947549
0,0,-0.876033,-0.0587156,0.478663
0,0,-0.424099,0.378006,0.822953
0,0,0.560438,-0.817887,0.130267
0,0,-0.0434601,0.0832948,0.995577
0,0,-0.575051,-0.77979,0.247474
0,0,-0.94591,0.164254,0.279775
0,0,0.685815,-0.366314,0.628865
0,0,0.439689,0.897349,0.0379392
0,0,0.408482,-0.869214,0.278586
0,0,0.23435,0.399411,0.886313
0,0,0.855336,0.239423,0.459432
0,0,0.50871,-0.543532,0.667673
0,0,-0.630187,0.762853,0.144637
0,0,-0.654115,0.302093,0.69345
0,0,-0.664328,-0.598687,0.447484
0,0,-0.522849,0.543373,0.656791
0,0,0.186723,0.670567,0.717966
0,0,0.796012,0.401754,0.452724
0,0,-0.995369,-0.0414357,0.0867364
0,0,0.270675,0.916771,0.293711
0,0,-0.329356,-0.173263,0.928173
0,0,-0.810516,0.183048,0.556378
0,0,0.510106,0.381319,0.770965
0,0,0.422565,0.905743,0.032681
0,0,-0.145272,-0.777831,0.611453
0,0,-0.109834,0.840395,0.530728
0,0,0.350311,0.936607,0.00705736
0,0,-0.732945,0.638092,0.235863
0,0,-0.144198,0.426665,0.89284
0,0,-0.157716,0.856786,0.490962
0,0,0.801633,0.588966,0.102487
0,0,0.77818,0.616984,0.117333
0,0,-0.423633,0.45334,0.784231
0,0,-0.995091,-0.0583642,0.07992
0,0,-0.306179,-0.550993,0.776313
0,0,0.698524,-0.665307,0.263496
0,0,0.296406,0.10543,0.949225
0,0,0.814668,0.557195,0.160777
0,0,-0.757733,0.645933,0.0927992
0,0,0.692834,-0.224447,0.685278
0,0,-0.17656,-0.864443,0.470706
0,0,-0.79109,0.0884367,0.605273
0,0,0.686116,-0.575275,0.445313
0,0,-0.0345683,0.975513,0.217209
0,0,0.13134,-0.987345,0.0888804
0,0,0.800259,0.503457,0.325755
0,0,-0.824073,-0.0221354,0.566051
0,0,-0.788101,0.211307,0.57814
0,0,-0.479207,0.839863,0.254933
0,0,0.0641443,-0.930099,0.361664
0,0,0.0985046,0.627669,0.772223
0,0,0.505909,-0.366123,0.781032
0,0,-0.515709,0.24097,0.822179
0,0,-0.436301,0.715336,0.545835
0,0,0.36599,-0.927142,0.0803683
0,0,-0.317615,0.482926,0.816029
0,0,0.0392874,-0.98295,0.179628
0,0,-0.791446,-0.61074,0.0247015
0,0,0.683469,-0.0475262,0.728431
0,0,-0.780215,0.619161,0.0889122
0,0,-0.686795,0.0272939,0.726339
0,0,-0.0234882,-0.922255,0.385867
0,0,-0.812935,-0.0318669,0.581482
0,0,-0.866419,0.0818321,0.492566
0,0,0.372855,0.147561,0.916081
0,0,0.677777,0.237501,0.695853
0,0,0.785601,0.0826558,0.613188
0,0,0.682018,0.186735,0.707094
0,0,0.178931,0.559612,0.809209
0,0,0.0409434,-0.997657,0.0548136
0,0,0.566818,0.753259,0.333644
0,0,-0.543106,0.685702,0.484612
0,0,0.637028,0.321072,0.700791
0,0,-0.431895,-0.826315,0.361483
0,0,-0.0755565,0.934291,0.348414
0,0,0.828972,-0.0681173,0.555126
0,0,0.0626191,0.909398,0.411187
0,0,0.317954,-0.94218,0.10584
0,0,-0.0196105,0.526061,0.850221
0,0,-0.00378282,0.75824,0.651965
0,0,0.35422,0.905315,0.234378
0,0,0.296168,0.0927744,0.95062
0,0,-0.294854,-0.872723,0.389121
0,0,-0.626577,-0.773597,0.0946035
0,0,0.765224,-0.396298,0.507326
0,0,-0.638682,0.733847,0.231415
0,0,-0.604996,-0.719132,0.341803
0,0,0.0791606,-0.914716,0.396267
0,0,0.756654,-0.281812,0.589963
0,0,0.0133193,-0.883114,0.468968
0,0,-0.980146,-0.00908963,0.198068
0,0,0.868168,-0.108304,0.484309
0,0,-0.802421,0.321973,0.502449
0,0,-0.109608,-0.296918,0.948591
0,0,0.688124,0.153466,0.709178
0,0,0.99421,0.0601108,0.0890703
0,0,-0.665403,-0.543637,0.511565
0,0,0.225204,-0.0139493,0.974212
0,0,0.319796,0.623684,0.713267
0,0,-0.0454568,-0.90447,0.424109
0,0,0.763912,0.464146,0.448337
0,0,-0.923956,-0.0775587,0.374552
0,0,0.889574,-0.066167,0.451973
5.11245,7.8628,-0.469669,-0.0430116,0.881794
0,0,0.801613,0.587259,0.111998
0,0,-0.397343,0.368678,0.840354
0,0,-0.144638,0.816608,0.558777
18.5364,26.8107,-0.346956,-0.31834,0.882202
0,0,-0.485131,0.474394,0.734573
0,0,0.223945,0.9221,0.315564
0,0,0.980744,0.0138223,0.194806
0,0,-0.25829,0.23363,0.937392
0,0,-0.984263,-0.176375,0.0108892
0,0,-0.257392,0.12277,0.958476
0,0,0.574399,-0.627027,0.526216
0,0,-0.0664346,-0.901035,0.428628
0,0,0.941229,0.0373566,0.335698
0,0,0.525926,0.850425,0.0133806
0,0,-0.795372,0.169838,0.58184
1.87308,3.34719,0.175894,-0.201682,0.963528
0,0,0.906816,-0.421526,0.001001
0,0,-0.546235,0.836302,0.0471816
0,0,0.284032,-0.399636,0.87156
0,0,-0.745821,0.439708,0.500408
0,0,-0.479126,0.533547,0.696969
0,0,0.00591142,0.599745,0.800169
0,0,-0.900396,-0.162135,0.40373
0,0,-0.232912,0.891106,0.389464
7.14872,10.579,0.456542,-0.209408,0.864706
0,0,0.58612,-0.768504,0.256643
0,0,0.107012,-0.968801,0.223548
0,0,0.501133,0.0445652,0.864222
0,0,0.954756,0.288487,0.0722253
0,0,-0.907886,0.418664,0.0215364
0,0,-0.0836109,0.486515,0.869662
0,0,0.306114,-0.26151,0.915372
0,0,-0.976584,0.164171,0.139038
0,0,0.639903,-0.754064,0.148027
0,0,-0.236082,0.864579,0.443586
0,0,0.146124,0.407486,0.901445
0,0,0.544128,0.82357,0.160178
14.1692,20.3319,0.876669,-0.0907594,0.472456
0,0,-0.671123,0.566906,0.477715
13.1342,18.7942,0.236035,0.409985,0.881022
0,0,-0.534309,0.648882,0.541726
0,0,0.349859,-0.933301,0.0809187
0,0,0.341983,0.749417,0.566941
0,0,0.53252,0.755069,0.382483
0,0,-0.0568367,-0.793555,0.605838
0,0,0.654113,-0.727051,0.208646
0,0,-0.0107194,0.64173,0.766856
0,0,-0.501308,0.559908,0.659692
0,0,0.0814241,-0.409631,0.90861
0,0,0.433593,0.58815,0.682699
0,0,0.134714,0.812673,0.566934
0,0,-0.580683,0.443007,0.683047
0,0,0.219483,0.855928,0.468203
0,0,-0.540188,-0.195986,0.818405
0,0,-0.223502,0.962315,0.154907
0,0,0.777564,-0.187779,0.600111
0,0,-0.822979,-0.56035,0.0933492
0,0,-0.900739,-0.41848,0.116376
0,0,-0.983394,0.176213,0.0434248
0,0,0.850622,0.395871,0.346017
0,0,-0.639477,-0.552179,0.534946
0,0,-0.834771,-0.293704,0.465719
0,0,0.610075,-0.792334,0.00403861
0,0,0.597678,0.095298,0.796052
0,0,0.725717,-0.621778,0.294494
0,0,0.886172,-0.246563,0.392309
0,0,0.965248,-0.198804,0.16963
0,0,-0.398802,-0.802385,0.443999
0,0,-0.562226,0.114211,0.819059
0,0,0.295565,0.341206,0.892312
0,0,-0.939737,0.341711,0.0113497
0,0,-0.71808,-0.0117418,0.695862
0,0,-0.823362,0.532268,0.196889
0,0,-0.0514642,-0.596397,0.801038
0,0,-0.350215,0.744863,0.567916
0,0,-0.701861,0.533342,0.472163
0,0,-0.772999,-0.504653,0.384445
0,0,0.173928,-0.984475,0.023639
0,0,0.266182,0.845316,0.463237
0,0,0.501387,0.836693,0.220355
0,0,-0.835237,-0.382525,0.395037
21.9025,31.6286,0.29686,-0.115181,0.947949
0,0,-0.369837,-0.135646,0.919142
0,0,-0.762964,0.57392,0.297493
0,0,0.872044,0.114198,0.475918
0,0,-0.95893,0.0459396,0.279899
0,0,-0.0221161,-0.886741,0.461738
0,0,-0.926856,-0.300403,0.225159
0,0,0.553459,-0.196288,0.809416
0,0,0.346869,0.329053,0.878297
0,0,-0.349911,-0.107407,0.930605
0,0,-0.621488,0.767898,0.155194
0,0,0.911437,0.0374561,0.409731
0,0,0.940053,-0.213282,0.266104
0,0,0.309488,0.0621777,0.948868
0,0,-0.671559,0.644198,0.366083
0,0,0.245905,-0.311643,0.917829
0,0,-0.439901,0.626041,0.643863
0,0,0.786403,-0.617345,0.0213351
20.7451,30.0049,-0.54938,0.20822,0.809213
0,0,0.566809,0.816688,0.108394
0,0,0.0616371,-0.747435,0.661469
0,0,-0.811648,0.437249,0.387352
0,0,-0.806747,0.48192,0.341924
0,0,0.182121,0.847462,0.498639
0,0,-0.947747,-0.31845,0.0191062
0,0,0.918941,0.0166435,0.394043
0,0,0.873322,-0.194926,0.446445
0,0,0.452934,0.805718,0.381666
0,0,-0.823374,0.295571,0.484451
0,0,-0.15709,-0.93168,0.327559
0,0,0.464242,0.885271,0.0278259
0,0,-0.911149,0.0931204,0.401418
0,0,-0.186828,-0.0662875,0.980154
0,0,0.286493,0.616664,0.733244
0,0,-0.360246,-0.780571,0.510816
0,0,-0.359605,-0.190643,0.913422
0,0,-0.013278,0.596796,0.802283
0,0,-0.430259,0.837584,0.336645
0,0,0.558538,0.157423,0.814404
0,0,-0.350024,0.609535,0.711302
0,0,-0.747499,-0.441165,0.496608
0,0,-0.708275,0.701731,0.076941
0,0,-0.0359139,-0.998592,0.0390518
0,0,0.782738,-0.29713,0.54684
0,0,0.572411,-0.694908,0.435257
0,0,0.857439,-0.142066,0.494587
0,0,0.9004,-0.152559,0.407438
0,0,-0.116703,-0.399937,0.909082
0,0,-0.331419,-0.798604,0.502388
0,0,0.102082,-0.454655,0.884798
0,0,0.1786,-0.740824,0.64752
0,0,0.596885,0.608286,0.523179
0,0,0.0961959,-0.804837,0.585648
0,0,0.24459,-0.641536,0.727054
0,0,-0.44491,0.615482,0.650567
0,0,0.686585,-0.721503,0.0896351
0,0,0.171437,-0.953005,0.24978
13.9383,20.4951,0.028557,-0.380345,0.924404
0,0,-0.470892,-0.31887,0.822546
0,0,0.392129,0.360339,0.846399
0,0,0.548997,0.816591,0.178271
0,0,-0.0446328,-0.367876,0.928803
0,0,0.803093,-0.58793,0.0968527
0,0,0.972993,-0.161553,0.164881
0,0,-0.0522608,0.94199,0.331546
0,0,0.736525,0.00685697,0.676376
0,0,-0.422889,-0.900952,0.09721
0,0,-0.554496,-0.65765,0.509932
0,0,-0.291664,-0.737377,0.609268
0,0,-0.728457,-0.0841634,0.679902
0,0,0.520059,0.397195,0.756158
0,0,0.272572,0.924801,0.265419
0,0,-0.195415,-0.476007,0.857456
0,0,-0.973599,-0.126483,0.190021
0,0,0.341213,0.224864,0.912694
0,0,0.0380184,0.84891,0.527168
0,0,-0.0925819,-0.280045,0.955512
17.6229,24.2434,-0.786224,-0.0499356,0.615921
0,0,0.266555,-0.653023,0.708879
0,0,0.756748,-0.120907,0.642428
0,0,0.816135,0.0374155,0.576648
0,0,0.823806,-0.472988,0.312452
0,0,-0.0926255,0.922,0.375948
0,0,-0.404738,-0.332738,0.851747
0,0,0.501211,-0.748163,0.434786
0,0,0.122856,-0.501589,0.856338
0,0,0.399966,-0.659615,0.636345
0,0,0.841337,-0.539844,0.0268324
0,0,0.73581,0.00864329,0.677133
0,0,0.662583,-0.697273,0.273484
0,0,0.61392,0.576326,0.539398
0,0,-0.453714,0.776956,0.436443
0,0,-0.738166,0.474312,0.479728
0,0,0.750589,0.6465,0.136578
0,0,-0.260399,0.72518,0.637422
0,0,-0.470226,-0.808147,0.354664
0,0,-0.317932,0.920912,0.225479
0,0,0.697644,0.404656,0.591225
0,0,-0.0473529,0.771973,0.633889
0,0,0.399326,-0.714743,0.574179
0,0,0.614225,-0.519179,0.59429
0,0,0.984278,-0.146393,0.0988199
0,0,-0.839884,0.524284,0.14043
0,0,-0.919405,-0.350153,0.179131
0,0,0.562806,0.478561,0.673965
0,0,0.372604,-0.374056,0.849263
0,0,0.614221,0.786543,0.0639025
0,0,0.317288,-0.430225,0.845124
0,0,0.609505,-0.513609,0.603912
0,0,-0.288078,0.95557,0.0624282
9.95496,14.8935,0.728612,0.518292,0.44777
24.5683,33.5972,-0.00649843,-0.780609,-0.624985
0,0,-0.27326,0.93077,0.24289
0,0,-0.414222,-0.496237,0.763
0,0,-0.388442,0.4762,0.78889
0,0,-0.861827,-0.451236,0.231602
0,0,0.979414,0.18922,0.0703115
0,0,0.402406,-0.565789,0.719689
0,0,0.621743,-0.728272,0.288193
0,0,0.298185,0.549762,0.780287
0,0,0.747913,0.663673,0.0128571
0,0,0.105293,0.526517,0.843619
0,0,0.389177,0.643014,0.659602
0,0,-0.291552,-0.910965,0.291788
0,0,-0.0725378,-0.842045,0.534507
0,0,-0.0307263,-0.522556,0.852051
0,0,0.333513,-0.33016,0.883042
0,0,0.674465,-0.738299,0.0035135
0,0,-0.984833,-0.173373,0.00672316
0,0,-0.292165,0.226265,0.929217
0,0,0.230028,0.253379,0.93962
0,0,-0.952569,-0.299251,0.055327
0,0,-0.708462,-0.200426,0.676691
0,0,0.427013,-0.792706,0.43506
0,0,0.753627,-0.561654,0.341454
0,0,0.44197,-0.193944,0.875813
0,0,0.234688,-0.502762,0.831956
0,0,-0.924464,0.312773,0.218035
0,0,-0.0528216,0.714936,0.697192
0,0,-0.869996,-0.250479,0.424696
0,0,0.0713749,0.913971,0.399453
0,0,0.0743101,-0.781152,0.619903
0,0,-0.949354,-0.251428,0.188442
0,0,-0.389413,-0.191034,0.901035
0,0,0.83077,-0.361074,0.423612
19.9118,29.0084,-0.785738,0.312211,0.533985
0,0,-0.463917,0.615587,0.637051
0,0,0.757794,-0.652472,0.00528101
0,0,0.908167,-0.0145268,0.418356
0,0,-0.879,0.434642,0.196074
0,0,-0.00929488,0.53697,0.84355
0,0,-0.348558,0.517164,0.781696
0,0,0.467372,-0.595931,0.653016
0,0,-0.127846,0.90522,0.405257
0,0,-0.740412,0.545992,0.392024
0,0,-0.402358,0.903706,0.146366
0,0,0.100967,-0.0723872,0.992253
0,0,0.218197,0.936053,0.276034
0,0,0.577152,0.79515,0.186095
0,0,-0.309695,0.202381,0.929049
0,0,0.662378,-0.0612041,0.746665
0,0,-0.753747,-0.629869,0.187433
0,0,0.560196,-0.770146,0.30505
0,0,-0.535137,0.834425,0.131769
0,0,-0.327997,-0.885465,0.329195
0,0,-0.926721,-0.138371,0.349344
0,0,0.904023,0.425746,0.0385068
0,0,0.212334,-0.393883,0.894299
0,0,0.394876,-0.905108,0.157648
0,0,-0.965168,-0.0747838,0.250714
0,0,0.812772,0.147517,0.563597
0,0,0.140077,0.594989,0.791433
0,0,-0.800757,-0.059211,0.596056
0,0,-0.945345,-0.0298762,0.324702
0,0,-0.137304,0.280334,0.950032
0,0,0.262907,0.591184,0.762484
0,0,-0.892164,0.451316,0.0189046
0,0,0.997618,-0.0666228,0.0178866
0,0,0.639454,-0.742113,0.200918
0,0,-0.0907814,0.639615,0.763316
0,0,0.80645,-0.496317,0.321417
0,0,0.759996,-0.459989,0.459147
0,0,-0.324904,0.103163,0.940104
0,0,-0.224491,-0.494432,0.839727
0,0,0.00156969,-0.966967,0.254896
0,0,-0.340531,0.480952,0.807913
0,0,0.816548,-0.422515,0.393357
0,0,0.805747,0.387815,0.447628
0,0,-0.410985,-0.221441,0.884339
0,0,0.21535,-0.913756,0.344492
0,0,0.543389,0.766113,0.34322
0,0,0.331842,-0.935782,0.11913
0,0,-0.269492,-0.462753,0.844531
23.5143,31.5898,-0.626846,-0.268775,-0.731317
0,0,0.805308,-0.149508,0.573695
0,0,-0.310168,0.930303,0.195787
0,0,-0.0931536,0.709136,0.698891
0,0,-0.63706,0.737507,0.224138
6.43687,8.40286,0.0281829,0.0286433,0.999192
0,0,-0.0840946,0.725838,0.682706
0,0,-0.392697,0.127529,0.910783
0,0,-0.163828,-0.81952,0.549134
0,0,0.43434,-0.47802,0.763443
0,0,-0.15319,-0.796803,0.584498
0,0,0.589141,-0.491846,0.641094
0,0,0.194711,-0.575668,0.794162
0,0,0.718296,-0.0250651,0.695286
0,0,0.193299,-0.259045,0.946325
0,0,0.716871,0.507045,0.478541
0,0,-0.800792,0.45771,0.386309
0,0,0.478386,0.208713,0.852987
0,0,0.366785,0.0120599,0.930227
0,0,0.981162,0.141417,0.131615
0,0,0.827879,0.230613,0.511306
0,0,-0.693042,0.701296,0.166962
0,0,-0.6438,0.0643501,0.762483
0,0,-0.173408,0.933839,0.312849
0,0,-0.883471,-0.0201352,0.468053
0,0,-0.274037,-0.347969,0.896561
0,0,0.972671,0.231835,0.0127556
0,0,-0.842325,0.396807,0.364738
0,0,0.732642,0.421845,0.534118
0,0,0.0753992,0.235571,0.968928
0,0,-0.399174,-0.88895,0.224562
0,0,0.185233,-0.846205,0.499625
0,0,0.823827,-0.564807,0.0479796
0,0,0.580724,0.711927,0.394865
0,0,-0.89975,0.326799,0.289225
0,0,-0.0450355,0.676044,0.735484
0,0,0.0174584,0.684389,0.728908
0,0,0.646866,-0.389832,0.655436
0,0,0.0841225,-0.884386,0.459113
0,0,0.0548479,0.654054,0.754457
0,0,-0.124475,0.758219,0.640008
0,0,0.91999,0.14783,0.362995
0,0,0.620339,-0.427523,0.657574
0,0,0.875848,-0.334498,0.347851
0,0,0.490387,-0.851148,0.187266
0,0,-0.345694,-0.723539,0.597484
0,0,-0.31555,0.796794,0.515314
0,0,-0.946473,-0.173539,0.272162
0,0,-0.572792,0.771556,0.276786
0,0,0.217206,-0.591642,0.77639
0,0,0.158728,0.521864,0.838131
0,0,-0.05388,-0.803669,0.592633
0,0,-0.15873,0.37516,0.913269
0,0,0.71644,-0.347397,0.605004
0,0,-0.909963,0.330324,0.250705
0,0,-0.975505,0.217354,0.0338605
0,0,0.353653,0.599252,0.718211
0,0,-0.572645,0.0753392,0.816334
0,0,0.124768,-0.529069,0.839357
0,0,0.261792,0.329307,0.907206
0,0,0.610805,-0.229921,0.757663
0,0,0.83727,0.483217,0.255892
0,0,0.351692,0.129789,0.927075
0,0,-0.707662,-0.397906,0.583854
0,0,0.352511,0.932735,0.0757721
0,0,0.559824,0.426859,0.710203
0,0,0.687844,0.284092,0.667954
22.2457,29.1952,0.0802187,0.774133,0.62792
0,0,-0.89055,-0.260023,0.373241
0,0,-0.732872,0.467141,0.49465
3.82996,6.00555,-0.354466,0.192256,0.915091
0,0,-0.840752,-0.347683,0.415033
0,0,-0.698659,-0.323427,0.638177
0,0,0.355697,-0.564591,0.744793
0,0,-0.836008,-0.204587,0.509152
0,0,0.494472,-0.807658,0.321227
0,0,-0.289334,0.923929,0.250281
0,0,-0.668192,-0.406323,0.623234
0,0,0.808175,-0.550557,0.209142
0,0,0.920281,-0.386609,0.0601327
0,0,-0.298453,0.837703,0.457361
0,0,0.784519,0.61031,0.109781
0,0,-0.130142,0.420134,0.898081
0,0,0.91276,-0.407567,0.027534
0,0,0.863721,0.0607326,0.500297
0,0,-0.461866,0.864566,0.198003
0,0,-0.766119,0.629222,0.130926
0,0,-0.342286,-0.766796,0.543014
0,0,-0.670223,0.574389,0.469977
0,0,0.992482,-0.0586227,0.107437
0,0,0.593737,-0.782435,0.187809
0,0,-0.432677,0.379317,0.817869
0,0,0.195034,0.979577,0.0488901
12.382,18.3289,-0.450839,0.520314,0.725271
0,0,0.908891,0.372605,0.187304
0,0,0.612214,0.695557,0.376025
0,0,-0.0759434,-0.979148,0.188418
0,0,-0.753113,-0.479332,0.450623
0,0,0.233493,-0.744179,0.625842
0,0,0.129986,-0.461452,0.877591
0,0,-0.107682,-0.443784,0.889641
0,0,-0.662616,-0.734659,0.145655
0,0,0.154589,-0.48383,0.861401
0,0,-0.63312,0.742193,0.219791
0,0,0.805731,0.565106,0.177348
0,0,0.557549,0.338811,0.757857
0,0,-0.907362,-0.186324,0.3768
0,0,-0.984553,-0.0461219,0.168904
0,0,0.438097,0.750339,0.495038
0,0,-0.926747,0.0586106,0.371086
0,0,0.837157,0.0491429,0.544751
0,0,-0.472533,-0.874648,0.108184
0,0,-0.10134,-0.921586,0.374712
0,0,0.652254,-0.540228,0.531712
0,0,-0.774835,0.323641,0.543035
0,0,-0.261688,0.410289,0.873603
0,0,-0.439556,0.655194,0.614419
0,0,0.798935,0.566968,0.200624
0,0,0.552432,0.763949,0.333467
0,0,0.872352,-0.0965925,0.479241
0,0,-0.78143,-0.331192,0.528847
0,0,0.39607,-0.437291,0.807406
0,0,-0.88182,-0.429184,0.195437
0,0,-0.324052,-0.906524,0.270563
0,0,-0.571007,0.785749,0.237799
0,0,0.533345,-0.699405,0.475789
0,0,-0.70199,0.708748,0.0698967
0,0,0.110801,0.683869,0.721142
0,0,-0.99463,0.0159425,0.102255
0,0,-0.144783,-0.238745,0.960229
0,0,-0.412966,0.536451,0.735988
0,0,0.902192,-0.366618,0.227247
10.207,12.3055,-0.89315,0.217273,0.393795
0,0,-0.184504,-0.899362,0.396365
0,0,0.925089,-0.0797988,0.371271
0,0,-0.190309,-0.462175,0.866127
0,0,-0.976871,-0.191561,0.0950147
0,0,-0.226807,0.973885,0.010343
0,0,-0.00698727,-0.637661,0.770285
0,0,-0.789947,0.578801,0.202417
0,0,0.778673,0.374153,0.503665
16.216,22.0872,-0.299855,0.0159039,0.953852
0,0,-0.798291,0.343521,0.494697
0,0,0.785975,-0.0435735,0.616721
0,0,-0.0358145,-0.694821,0.71829
0,0,-0.636457,-0.736385,0.229477
0,0,-0.0710569,0.772649,0.630844
0,0,0.605739,-0.39367,0.691451
0,0,0.748503,-0.290206,0.596259
0,0,0.847165,0.462371,0.261773
0,0,-0.293739,-0.61805,0.729199
0,0,0.975755,0.137548,0.170241
0,0,0.578733,0.815312,0.0183082
0,0,-0.497918,-0.119788,0.858911
0,0,0.0585093,-0.91224,0.405456
0,0,0.880821,-0.470039,0.0567241
0,0,0.00384693,0.414757,0.909924
0,0,-0.716057,-0.294241,0.632997
0,0,0.0740981,0.859142,0.506345
0,0,-0.932828,0.157083,0.324279
0,0,0.780435,-0.413122,0.469309
0,0,0.0548537,0.928199,0.368019
0,0,-0.232733,-0.32817,0.9155
0,0,0.45114,-0.812456,0.369306
0,0,0.71052,0.278919,0.646038
0,0,0.375407,0.828884,0.414753
0,0,-0.767346,0.293867,0.569932
0,0,0.632138,-0.756572,0.167335
0,0,0.551827,0.504967,0.663698
0,0,-0.213417,0.969104,0.123655
0,0,-0.963676,-0.266317,0.0200997
0,0,0.824286,0.489051,0.285273
0,0,0.829636,-0.0636263,0.554667
0,0,0.333658,0.0989688,0.937485
0,0,-0.0842879,-0.516071,0.852389
0,0,-0.125869,-0.380207,0.916297
0,0,-0.643763,0.22929,0.730065
0,0,0.776623,-0.47588,0.412789
0,0,0.758878,0.638021,0.13051
0,0,0.960354,-0.272182,0.0603121
0,0,0.590731,0.799276,0.110431
0,0,0.705734,-0.629534,0.325002
0,0,-0.571133,0.628466,0.52805
0,0,-0.320658,-0.944567,0.0705138
0,0,0.802104,-0.591904,0.0792435
0,0,0.143609,-0.465593,0.87327
0,0,-0.0662217,0.63239,0.771814
0,0,-0.175327,-0.984448,0.0111103
0,0,-0.452693,0.631467,0.629538
0,0,-0.865083,-0.305298,0.398025
0,0,0.811065,-0.190545,0.553052
0,0,-0.480225,0.335796,0.810324
0,0,0.248027,0.40306,0.880923
0,0,0.91684,-0.256686,0.305805
0,0,-0.997841,-0.0389105,0.0529127
0,0,-0.487698,-0.472206,0.734283
0,0,-0.517654,-0.635245,0.573147
0,0,-0.814578,-0.324305,0.480925
0,0,0.642397,0.496404,0.583874
0,0,0.696287,-0.712753,0.0846597
0,0,-0.732399,-0.40719,0.5457
0,0,-0.444728,0.133483,0.885663
0,0,0.587491,0.808457,0.0353813
0,0,-0.803785,-0.386409,0.452347
0,0,0.162705,-0.300456,0.939815
0,0,0.860008,0.127702,0.494044
0,0,-0.682254,-0.508182,0.525624
14.8522,24.414,-0.248165,0.05221,0.96731
0,0,0.765576,-0.210423,0.607961
0,0,0.534072,0.435728,0.724506
0,0,-0.14815,0.275566,0.949797
0,0,0.611878,-0.749516,0.252648
0,0,0.830263,-0.288549,0.476868
0,0,0.499418,-0.0805645,0.862607
0,0,0.457246,0.881842,0.115244
0,0,-0.554985,0.094189,0.826511
0,0,-0.71765,-0.199768,0.667137
0,0,0.549526,-0.689848,0.471308
0,0,-0.477922,-0.808617,0.343117
0,0,0.722797,-0.573172,0.386054
0,0,-0.415357,-0.880335,0.229102
0,0,0.729714,0.0776802,0.679325
0,0,-0.64581,0.550137,0.529413
0,0,0.596333,-0.678228,0.429411
0,0,0.41564,0.895841,0.157199
19.1146,25.2463,0.590576,0.592195,0.548202
0,0,-0.156287,0.208496,0.965455
0,0,-0.524984,0.766204,0.370571
0,0,0.572698,0.635832,0.517431
0,0,0.437343,0.0436623,0.898234
0,0,0.58552,-0.545228,0.59991
0,0,-0.487953,0.650578,0.581936
0,0,0.369882,-0.924712,0.0899743
0,0,-0.840003,0.530313,0.114735
0,0,-0.440476,0.893836,0.0838942
0,0,-0.472503,0.528113,0.705576
0,0,0.9584,-0.280431,0.0531699
19.252,25.752,0.352381,0.196189,0.915062
0,0,-0.098002,0.628615,0.771517
0,0,-0.119444,0.303053,0.945459
0,0,0.270315,0.95942,0.0802748
0,0,-0.403978,0.859814,0.312284
0,0,0.636104,-0.673288,0.376903
0,0,0.541893,-0.810839,0.221115
0,0,-0.356934,0.52765,0.770833
0,0,-0.298315,0.223085,0.928031
0,0,-0.57048,0.820094,0.0446997
0,0,0.918233,0.385077,0.0925433
0,0,-0.950385,-0.064902,0.304231
0,0,-0.0569198,0.997899,0.0309476
18.981,26.6196,-0.0861105,0.105573,0.990676
0,0,0.249766,0.4763,0.843063
0,0,-0.680966,-0.730865,0.0460636
0,0,-0.594951,-0.684903,0.420643
0,0,0.80193,0.40555,0.438677
0,0,-0.386031,0.199488,0.900658
0,0,-0.416704,0.29078,0.861281
0,0,-0.639526,-0.768314,0.0264762
0,0,0.787361,-0.385241,0.481303
0,0,-0.470175,0.109242,0.875787
0,0,-0.0870334,-0.475211,0.875557
0,0,-0.561312,0.811886,0.160532
0,0,-0.227319,0.792306,0.566195
0,0,-0.00619628,-0.102502,0.994714
0,0,0.737368,-0.152381,0.658079
0,0,0.60521,0.279256,0.745478
0,0,0.499883,-0.402336,0.76697
0,0,-0.985961,0.147079,0.0790531
0,0,-0.363625,-0.799272,0.478477
0,0,-0.922842,-0.0714096,0.378503
0,0,0.358891,0.488888,0.795101
0,0,-0.662872,0.288167,0.691058
0,0,0.205772,-0.490497,0.8468
0,0,0.04764,-0.942494,0.33081
0,0,0.759794,0.564561,0.322466
0,0,-0.383471,-0.872988,0.3014
0,0,0.701835,0.167993,0.692247
0,0,0.504815,0.351773,0.7883
0,0,0.330648,-0.162925,0.929584
0,0,-0.195632,0.935751,0.293425
0,0,0.384277,-0.469774,0.79476
0,0,0.785615,0.314226,0.532984
0,0,0.482258,0.0175925,0.875853
0,0,0.329149,0.888707,0.319156
0,0,-0.837995,0.545676,0.00145733
0,0,0.168924,0.573487,0.80161
0,0,0.872097,-0.320472,0.369791
0,0,-0.0195917,-0.704313,0.709619
0,0,0.951127,0.287765,0.112017
0,0,-0.89682,0.0694308,0.436914
0,0,0.550112,-0.0983285,0.829282
0,0,-0.286499,-0.950402,0.121054
0,0,-0.00480031,0.998073,0.0618724
0,0,-0.203445,-0.378746,0.902863
0,0,-0.43505,-0.900174,0.0204354
0,0,-0.944659,0.308828,0.110658
0,0,-0.603375,-0.381685,0.700182
0,0,-0.19279,-0.892745,0.407233
0,0,0.575717,-0.620697,0.532246
0,0,0.0479829,-0.605154,0.794661
0,0,-0.304231,-0.338359,0.890481
0,0,-0.860979,-0.462917,0.21077
0,0,0.788164,-0.053527,0.613133
0,0,0.602296,0.434747,0.669503
0,0,-0.355627,0.908184,0.220753
0,0,0.998593,-0.0207926,0.0487867
0,0,-0.861711,-0.173289,0.47689
0,0,-0.693715,-0.101581,0.71305
0,0,-0.157228,0.987507,0.0105043
0,0,0.820549,-0.0102431,0.571484
0,0,-0.379996,0.910053,0.165549
0,0,-0.724801,-0.688818,0.0138812
0,0,-0.689173,0.652279,0.315551
0,0,0.126899,0.721931,0.68023
0,0,-0.615009,0.23852,0.75158
0,0,0.437196,-0.84925,0.29603
0,0,0.489045,0.850148,0.19515
0,0,0.235624,0.954627,0.182121
0,0,0.406079,-0.909576,0.0881612
0,0,0.949383,0.276925,0.14827
0,0,-0.041302,0.999089,0.0107051
0,0,-0.839473,-0.52966,0.121431
0,0,-0.962987,0.0490599,0.265045
0,0,-0.178702,0.531315,0.828113
0,0,0.2151,0.918259,0.332465
0,0,-0.325563,-0.53695,0.778263
0,0,-0.384316,-0.485557,0.785198
0,0,-0.333107,0.21825,0.917282
0,0,-0.672098,-0.7279,0.135815
0,0,-0.282653,0.61957,0.732284
0,0,-0.0132055,0.64019,0.768103
0,0,-0.0353288,-0.748296,0.662423
0,0,0.515212,-0.461228,0.722375
0,0,0.997724,0.0643436,0.0201577
0,0,-0.245131,-0.856038,0.455094
0,0,0.537277,0.221109,0.813907
0,0,0.00486862,-0.73082,0.682553
0,0,0.252602,-0.642172,0.723745
0,0,-0.098329,-0.796957,0.595979
0,0,-0.126045,-0.873266,0.470658
0,0,0.480962,-0.054988,0.875016
0,0,-0.0996791,-0.803483,0.586923
0,0,0.756304,0.644678,0.111331
0,0,0.280511,0.726976,0.626753
0,0,-0.609962,-0.616006,0.498481
0,0,0.951692,-0.279782,0.126508
0,0,-0.467518,-0.122088,0.875512
0,0,-0.707861,0.44166,0.551243
0,0,-0.915814,0.39286,0.0833392
0,0,0.0388133,0.515412,0.856063
0,0,0.619267,0.314203,0.719572
0,0,0.949009,-0.272325,0.15881
0,0,-0.659429,0.170233,0.732239
0,0,0.0265499,-0.535431,0.844162
0,0,-0.0745881,0.635133,0.768793
0,0,-0.937718,0.327208,0.116701
0,0,-0.083928,-0.439479,0.894323
0,0,0.111955,-0.945895,0.304548
0,0,0.983964,-0.167099,0.0623969
0,0,-0.677879,-0.152544,0.719174
0,0,-0.85005,0.116184,0.513728
0,0,-0.54566,0.0887538,0.833293
0,0,0.950027,-0.260149,0.172541
0,0,0.602103,0.409362,0.685488
0,0,-0.643986,-0.724583,0.245482
6.67124,9.82742,0.547901,0.226144,0.805396
0,0,0.303597,-0.759662,0.575102
0,0,0.0857248,-0.626649,0.774572
0,0,-0.341216,-0.326919,0.881304
0,0,0.647329,0.757351,0.0859269
0,0,-0.000485518,-0.727685,0.685911
0,0,-0.953596,-0.298144,0.0420034
0,0,0.739368,-0.135588,0.659508
0,0,-0.401514,0.488519,0.774684
0,0,0.227436,-0.0713378,0.971176
0,0,0.291249,0.955754,0.041337
0,0,0.205701,-0.958355,0.198099
0,0,0.585401,0.426427,0.68954
0,0,0.523265,-0.610254,0.594797
0,0,-0.705836,0.550125,0.446271
0,0,0.966279,0.196658,0.166226
0,0,0.883128,-0.238762,0.403828
0,0,-0.594873,-0.0518638,0.802145
0,0,-0.828864,-0.476318,0.293438
0,0,0.289618,-0.956546,0.0337685
0,0,0.441966,0.298362,0.845958
19.9131,28.4713,-0.283172,0.236425,0.929471
0,0,-0.320251,0.943731,0.082531
0,0,-0.625171,0.735014,0.262516
0,0,-0.338695,0.402318,0.850545
0,0,0.48811,0.206358,0.848036
0,0,-0.488309,0.654932,0.576731
0,0,-0.0194663,-0.990871,0.133398
0,0,0.980481,0.110695,0.162491
0,0,-0.96969,0.242158,0.032555
0,0,0.964099,0.265223,0.013053
0,0,-0.153778,-0.877144,0.454941
0,0,-0.87793,0.415026,0.23873
0,0,0.357677,0.407787,0.840105
0,0,-0.46638,0.673364,0.573646
0,0,0.597109,0.209856,0.774223
0,0,-0.902525,-0.411897,0.125656
0,0,0.444201,0.841064,0.308702
0,0,-0.63963,-0.602178,0.47776
0,0,-0.805733,-0.187039,0.561971
0,0,0.570359,0.820762,0.0322449
19.9358,27.4844,0.0216625,-0.109811,0.993716
0,0,-0.971127,0.0273677,0.236987
0,0,-0.850202,0.3908,0.352749
0,0,0.33655,0.183504,0.923613
0,0,-0.828305,-0.496502,0.259607
0,0,0.162486,-0.635182,0.755078
0,0,0.00942438,-0.994923,0.100201
0,0,-0.389554,-0.475101,0.789003
0,0,0.582876,0.629841,0.513376
0,0,-0.977018,0.054539,0.20606
0,0,-0.546108,0.82264,0.158208
0,0,0.833754,-0.350332,0.426758
0,0,-0.567728,0.539193,0.622058
0,0,-0.0485173,-0.906185,0.420089
0,0,0.731853,0.629946,0.259921
0,0,0.831564,-0.248364,0.496806
0,0,0.675866,-0.305356,0.670793
0,0,0.190199,-0.971057,0.144476
0,0,-0.306324,-0.951642,0.0232873
0,0,-0.918,-0.00664195,0.396526
0,0,-0.229233,0.796422,0.559611
0,0,0.808212,-0.0133178,0.588741
0,0,-0.142171,0.942355,0.302909
0,0,0.321535,0.450908,0.832644
0,0,0.491177,0.119198,0.862866
0,0,-0.0399853,-0.623817,0.780547
0,0,0.0368861,0.0916533,0.995108
0,0,-0.95941,0.1759,0.220435
0,0,-0.586364,0.759045,0.282893
0,0,-0.7205,-0.649104,0.244015
0,0,-0.456783,-0.184352,0.870266
0,0,-0.709788,-0.673141,0.207564
0,0,-0.600771,0.615847,0.509713
0,0,-0.731028,-0.574508,0.368157
0,0,0.651839,-0.00817094,0.758314
0,0,-0.789326,-0.414514,0.452926
0,0,0.450985,0.787896,0.419324
0,0,0.264333,0.649406,0.713021
0,0,-0.600248,-0.404884,0.689762
0,0,0.0885321,-0.892224,0.44283
0,0,0.601776,-0.139056,0.786466
0,0,-0.889468,-0.447473,0.0928115
0,0,0.0328713,0.707701,0.705747
0,0,-0.968834,-0.247677,0.00418122
0,0,0.0643041,-0.996658,0.0503828
0,0,-0.0835116,0.901759,0.424095
0,0,0.0465092,0.498567,0.865602
0,0,-0.270103,-0.902078,0.336601
0,0,-0.368682,-0.863738,0.343555
0,0,-0.984742,-0.114578,0.130976
0,0,0.671306,0.276712,0.687589
0,0,0.475693,-0.842236,0.253683
0,0,-0.367606,0.666029,0.649054
17.8343,24.9033,0.200821,0.628697,0.751273
0,0,-0.77076,-0.169825,0.614075
0,0,0.430361,0.0625077,0.90049
0,0,0.668366,-0.0718959,0.74035
0,0,-0.452044,0.570884,0.685381
0,0,0.435806,-0.563536,0.701784
0,0,-0.895074,-0.281598,0.345754
0,0,-0.916646,0.135743,0.375945
0,0,-0.401578,-0.912849,0.0737689
0,0,-0.89434,-0.413665,0.170401
0,0,0.145982,-0.293721,0.944678
0,0,0.556058,0.710493,0.431276
0,0,-0.220368,-0.399204,0.889985
0,0,-0.680938,0.626181,0.379764
0,0,0.444339,0.889617,0.105566
8.97113,13.0452,-0.584277,0.118813,0.80281
0,0,0.971317,0.237684,0.00700373
0,0,0.633399,-0.512273,0.579985
0,0,-0.0830338,0.831879,0.548711
0,0,0.768496,-0.530803,0.357298
0,0,0.169252,-0.881274,0.441258
0,0,-0.442342,-0.896517,0.024319
0,0,-0.569987,-0.727288,0.382318
0,0,0.888487,0.38297,0.252835
0,0,-0.279625,-0.454108,0.845929
0,0,0.647487,-0.717868,0.255784
0,0,-0.576555,-0.659004,0.483009
0,0,-0.549651,0.563627,0.61661
0,0,-0.872899,-0.451608,0.184658
0,0,-0.864396,-0.392322,0.314489
0,0,-0.146955,-0.972339,0.181552
0,0,0.343605,0.0377275,0.938356
0,0,0.287885,-0.214793,0.933266
0,0,0.173733,0.705295,0.687296
0,0,-0.992512,0.0536331,0.109739
0,0,-0.128082,0.932207,0.338504
18.714,28.3252,0.647086,0.336701,0.684042
0,0,0.0107899,0.415662,0.909455
0,0,-0.299446,0.584457,0.75415
0,0,-0.828727,-0.515794,0.217182
0,0,0.659778,0.725648,0.195266
0,0,-0.929618,-0.261264,0.259908
0,0,-0.0541302,-0.998268,0.0230338
0,0,-0.461111,0.0126605,0.887252
12.9509,18.5178,0.205054,-0.935477,-0.287812
0,0,0.81983,0.571167,0.040592
0,0,-0.71942,-0.648168,0.249628
0,0,0.859921,0.214242,0.463289
0,0,-0.290597,0.849274,0.440781
0,0,-0.0473311,0.746291,0.663935
0,0,0.0407486,0.844491,0.534017
0,0,-0.298622,-0.283769,0.911208
0,0,-0.530034,0.295539,0.794809
0,0,-0.964756,0.051836,0.25799
0,0,0.982606,-0.0168198,0.184942
0,0,0.914798,0.0339347,0.402483
0,0,-0.787652,-0.209514,0.579404
0,0,0.456829,0.0399722,0.888656
0,0,0.791585,0.489879,0.365256
0,0,0.923986,0.194469,0.32929
0,0,-0.280057,-0.2621,0.923511
0,0,0.558728,-0.143168,0.8169
0,0,-0.658278,-0.533686,0.530895
0,0,0.744092,-0.409541,0.52783
0,0,0.975423,0.153652,0.157927
22.4664,29.8699,0.225084,0.788889,0.571832
0,0,-0.991366,0.130731,0.0101672
0,0,-0.80934,-0.405286,0.425101
0,0,0.607786,-0.70911,0.357434
0,0,-0.605549,0.793685,0.058088
0,0,0.894974,0.161861,0.415719
8.43444,12.5418,0.670971,0.546582,0.501045
0,0,0.462809,-0.703916,0.538804
0,0,-0.0848749,0.86305,0.497937
0,0,-0.0217422,0.230742,0.972772
0,0,-0.511586,-0.847912,0.139014
16.9214,24.8515,-0.672598,0.71803,-0.17901
0,0,-0.849787,0.393858,0.350339
0,0,0.369336,0.923114,0.107008
0,0,-0.137476,0.984055,0.112856
0,0,-0.496091,0.178054,0.849818
0,0,0.462611,-0.687639,0.559592
0,0,0.796665,-0.394188,0.458192
0,0,-0.487235,0.854235,0.181343
0,0,-0.504811,0.131553,0.853147
0,0,0.870238,-0.013966,0.492434
0,0,0.357746,-0.927462,0.108774
0,0,0.604827,0.707342,0.365858
0,0,0.326366,-0.423397,0.845115
0,0,0.50941,0.857363,0.0736896
0,0,0.273154,-0.913074,0.30279
0,0,0.00246138,0.926454,0.376399
0,0,0.596282,-0.799128,0.0764376
19.4882,29.4873,0.509659,-0.252393,-0.822524
0,0,0.379435,-0.500951,0.777867
0,0,0.997666,-0.000293847,0.0682803
0,0,0.528372,-0.143336,0.836826
0,0,0.770194,-0.57766,0.270389
0,0,-0.478127,0.855003,0.200908
0,0,0.129362,0.965754,0.224909
0,0,-0.820312,-0.256182,0.511331
0,0,0.0817566,0.944456,0.318306
0,0,-0.899067,-0.400173,0.177596
0,0,-0.329613,0.785333,0.524029
0,0,-0.140061,0.716553,0.683326
0,0,0.349754,0.435231,0.829606
0,0,0.402282,0.529163,0.747098
0,0,0.412775,0.16903,0.895012
0,0,0.172635,-0.895178,0.410917
0,0,-0.196971,-0.849364,0.489676
0,0,0.292626,0.299879,0.907988
0,0,0.689758,0.586653,0.424349
0,0,-0.414095,-0.562912,0.715301
0,0,0.675973,0.114168,0.728029
0,0,-0.846466,-0.233052,0.478729
0,0,0.00924118,-0.575005,0.818098
0,0,-0.350679,0.216638,0.911094
0,0,0.365982,-0.0158277,0.930487
0,0,0.445741,0.855134,0.26469
0,0,0.706107,-0.69759,0.121581
0,0,0.973215,0.0511212,0.224141
0,0,0.90675,-0.394284,0.149481
0,0,0.415088,0.888995,0.193365
0,0,-0.537365,0.356431,0.764327
0,0,-0.148921,0.851753,0.502334
0,0,0.47173,-0.702284,0.533168
0,0,0.741156,0.454604,0.493987
0,0,-0.187748,0.98071,0.0543944
0,0,0.170269,0.32647,0.929745
0,0,0.367011,-0.929986,0.0207233
0,0,-0.353093,-0.928436,0.115465
0,0,0.405949,0.164449,0.898978
0,0,0.959542,0.103046,0.262032
0,0,-0.973288,0.115933,0.198164
0,0,0.416285,-0.865842,0.277531
0,0,0.35494,-0.312029,0.881281
0,0,0.825908,0.319656,0.46443
0,0,-0.29779,0.915138,0.271742
0,0,-0.620203,0.686616,0.379351
0,0,-0.52082,0.241266,0.818863
0,0,-0.768055,-0.448512,0.457087
0,0,0.358277,-0.885037,0.297234
0,0,0.839582,0.535935,0.0887391
0,0,-0.912496,0.274113,0.303667
0,0,-0.112271,0.1819,0.976887
0,0,-0.309234,0.945197,0.104768
13.9444,21.3963,-0.0963474,-0.141005,0.98531
0,0,-0.912092,-0.316728,0.26033
0,0,-0.319997,-0.165777,0.932802
0,0,-0.384331,0.48214,0.787293
0,0,0.975919,0.00269267,0.218118
0,0,-0.221713,0.724054,0.653138
0,0,-0.704118,0.709941,0.0141787
0,0,0.803919,0.593282,0.0416012
0,0,0.995741,-0.0835058,0.0390623
0,0,-0.935789,0.0409508,0.350175
0,0,0.95523,0.0926711,0.280977
0,0,0.739233,0.436798,0.512584
0,0,-0.330458,0.918727,0.216191
0,0,0.431626,0.554417,0.711562
0,0,-0.629531,0.473405,0.616099
0,0,0.98649,0.160859,0.0310063
0,0,-0.71009,-0.0932082,0.697915
0,0,0.291343,-0.762916,0.577129
0,0,0.565993,0.739485,0.364436
0,0,0.674007,0.524381,0.520326
0,0,-0.262482,0.483669,0.834966
0,0,0.000123745,0.992237,0.124358
0,0,-0.371837,-0.31616,0.8728
0,0,-0.968283,0.112431,0.223132
0,0,0.365795,0.0858936,0.926723
0,0,-0.384103,0.761589,0.521964
0,0,-0.17197,0.879964,0.44282
0,0,-0.775052,-0.335232,0.535643
20.2188,28.8044,0.0117092,-0.129983,0.991447
0,0,-0.831281,-0.101492,0.546509
0,0,-0.0744501,-0.660089,0.747489
0,0,-0.927472,-0.124796,0.352451
0,0,0.545896,-0.650229,0.528393
0,0,-0.918517,0.191726,0.345784
0,0,-0.847188,-0.526364,0.0722077
0,0,-0.0464529,0.256975,0.965301
0,0,0.754632,0.654469,0.0469188
0,0,0.697763,-0.714979,0.0439541
0,0,0.692567,-0.689929,0.210593
0,0,-0.807853,0.0984533,0.581102
0,0,0.960889,0.208901,0.181804
0,0,0.327567,-0.921659,0.207953
0,0,-0.814965,0.31137,0.488754
0,0,0.394383,-0.0233249,0.91865
0,0,-0.511371,0.845327,0.154667
0,0,-0.637477,0.375414,0.672821
0,0,0.08766,0.673113,0.734326
0,0,0.534009,-0.842901,0.0659676
0,0,-0.395479,-0.90485,0.157619
0,0,0.0169225,0.674644,0.73795
0,0,0.47467,0.84204,0.256237
0,0,-0.58287,0.537994,0.608954
0,0,-0.294318,0.846768,0.443126
0,0,0.0321683,-0.890083,0.454662
0,0,0.227524,0.618171,0.752395
0,0,-0.283484,0.0910424,0.954646
0,0,-0.0737832,0.864028,0.498007
0,0,0.39005,-0.422692,0.818042
0,0,-0.143192,-0.848338,0.509724
0,0,-0.501944,0.862381,0.0659682
0,0,0.105066,0.712764,0.69349
0,0,0.435547,0.670901,0.600159
0,0,-0.407653,-0.910117,0.074197
0,0,0.891542,-0.434198,0.128942
0,0,-0.360927,-0.210121,0.908615
0,0,0.0430988,-0.478354,0.877109
0,0,0.363793,0.0818238,0.927879
0,0,0.316379,0.573762,0.755448
0,0,0.913909,0.0718777,0.399505
0,0,0.289461,-0.128521,0.948522
0,0,0.948582,-0.28565,0.136368
10.4857,16.1891,0.006292,0.211352,0.97739
0,0,-0.882692,-0.113265,0.456099
0,0,-0.886695,0.435999,0.153873
0,0,0.00806909,-0.345984,0.938206
0,0,0.292531,0.215589,0.931637
0,0,-0.378278,-0.910935,0.164631
0,0,-0.948623,0.257767,0.183494
0,0,0.0466572,0.606169,0.793966
0,0,0.816197,-0.563673,0.126864
0,0,-0.688774,0.409155,0.598483
17.2311,22.1924,0.00631638,-0.167731,0.985813
0,0,-0.0829095,-0.660065,0.746619
0,0,0.678897,-0.704796,0.205819
0,0,-0.473368,-0.356601,0.805456
0,0,-0.858733,0.0527799,0.509698
0,0,0.955449,-0.292748,0.0376389
0,0,-0.891284,-0.314517,0.326638
0,0,-0.605971,0.101285,0.789013
0,0,0.546779,0.813065,0.199895
0,0,-0.446882,-0.802579,0.395175
0,0,0.115453,-0.470599,0.874761
0,0,0.00585202,-0.525872,0.850544
0,0,0.841624,-0.143467,0.520659
0,0,-0.6408,-0.598331,0.481015
0,0,-0.172244,-0.356043,0.918458
0,0,0.623872,-0.197873,0.756062
0,0,-0.365419,-0.926192,0.0929402
0,0,-0.305919,0.809684,0.500825
0,0,0.821359,-0.00745652,0.570363
0,0,0.79789,0.308852,0.517669
0,0,-0.358536,-0.915873,0.180636
0,0,0.824892,0.373659,0.424184
0,0,-0.466929,-0.481635,0.741623
0,0,0.280331,0.163629,0.945854
0,0,0.197637,-0.595068,0.778995
0,0,-0.497428,-0.0613955,0.86533
0,0,-0.39984,-0.905817,0.140082
0,0,-0.810061,0.0220206,0.585932
0,0,0.99625,0.0784431,0.0365128
0,0,-0.378659,-0.148133,0.913605
0,0,-0.558181,-0.0675221,0.826967
0,0,0.110642,0.716506,0.68875
13.4288,21.4622,0.338124,-0.807913,0.482647
0,0,-0.705771,0.590113,0.391987
0,0,0.182381,-0.402034,0.897277
0,0,-0.704265,-0.0172023,0.709728
16.7652,23.7567,-0.842876,-0.0290992,0.537321
0,0,0.362787,0.0276745,0.931461
0,0,-0.704161,-0.515001,0.488806
0,0,0.126758,0.360358,0.924161
0,0,0.551293,-0.592788,0.587094
0,0,0.0543545,0.972129,0.228057
0,0,0.619663,0.744749,0.247722
0,0,-0.946261,-0.237391,0.219627
0,0,0.171145,0.984547,0.0371032
0,0,-0.0629474,-0.460843,0.885247
0,0,-0.155559,-0.845453,0.510892
0,0,0.544928,-0.828105,0.131512
0,0,0.92961,0.327114,0.16977
0,0,-0.950303,0.190308,0.246388
0,0,0.681128,-0.70143,0.209906
0,0,-0.229326,0.790026,0.568567
0,0,-0.482156,0.300532,0.822925
0,0,-0.000695539,-0.921354,0.388724
0,0,0.778476,0.349479,0.521383
0,0,0.414528,0.647724,0.639235
8.73509,13.6214,-0.0396507,-0.025808,0.99888
0,0,0.726122,-0.630694,0.273811
0,0,-0.454074,0.55909,0.693711
0,0,-0.28488,0.894891,0.343532
0,0,-0.394553,0.531032,0.749889
0,0,0.263473,0.753423,0.602442
0,0,0.800842,-0.476785,0.362393
0,0,-0.798811,0.013123,0.601439
0,0,0.95191,0.288991,0.101741
0,0,0.65727,0.722326,0.215037
0,0,-0.703625,-0.649514,0.288172
0,0,0.643084,-0.289995,0.708764
0,0,0.291631,-0.69814,0.653874
0,0,-0.678157,0.658174,0.32697
0,0,0.172705,0.455284,0.873435
0,0,-0.936605,0.210006,0.280478
22.8875,31.56,0.956957,-0.167883,0.236745
0,0,-0.36516,-0.40107,0.84012
0,0,0.444675,-0.891381,0.0877766
0,0,-0.0905535,-0.989182,0.115409
5.76387,8.19173,0.293495,-0.286575,0.911996
0,0,0.970806,0.159282,0.179349
0,0,0.566963,0.800231,0.195404
0,0,0.238512,0.939798,0.244728
0,0,-0.948702,0.106847,0.297572
0,0,0.499949,0.559134,0.661377
0,0,0.6702,-0.739176,0.0667218
0,0,-0.539149,-0.833175,0.123033
0,0,-0.375728,0.630039,0.679617
0,0,0.817079,-0.548722,0.176878
0,0,-0.013057,-0.989934,0.140926
0,0,-0.345736,-0.220364,0.912089
0,0,-0.757386,0.564021,0.32901
0,0,0.387295,0.537446,0.749102
0,0,0.564096,0.815679,0.128312
0,0,0.611524,0.111027,0.783397
0,0,-0.817507,-0.559511,0.136495
0,0,-0.959808,0.158641,0.231519
0,0,-0.702629,0.657859,0.271172
0,0,0.156706,-0.0850294,0.983978
0,0,0.924362,0.266421,0.273083
0,0,-0.229883,0.116698,0.966196
0,0,0.73615,-0.0807932,0.671979
0,0,0.13427,-0.733257,0.666562
0,0,0.348499,-0.916992,0.194098
0,0,-0.552599,-0.039025,0.832533
0,0,-0.224863,-0.957338,0.181496
0,0,-0.242646,-0.94345,0.225889
0,0,0.287854,-0.913168,0.288555
0,0,0.16696,0.791648,0.587723
0,0,-0.230573,0.886794,0.40054
0,0,-0.527946,-0.75504,0.388828
0,0,-0.528845,0.046236,0.847458
0,0,0.935188,-0.309059,0.172935
0,0,-0.514984,-0.261899,0.816211
0,0,0.088815,-0.785494,0.612463
0,0,0.52577,-0.544534,0.653489
0,0,-0.757344,-0.236474,0.608695
0,0,0.717026,0.191796,0.670141
0,0,-0.585775,0.489969,0.645598
0,0,-0.601514,-0.798681,0.0169825
0,0,0.695259,0.0228159,0.718397
0,0,-0.485695,-0.837098,0.251729
0,0,0.767931,-0.240944,0.593488
0,0,0.511989,-0.508568,0.692262
0,0,0.119518,0.290688,0.949324
0,0,-0.234227,0.497265,0.835383
0,0,0.125697,0.972039,0.198346
0,0,-0.435188,0.662505,0.609671
0,0,0.852286,-0.145778,0.502352
0,0,0.515843,-0.484472,0.706536
0,0,0.224543,0.543685,0.808694
0,0,0.279208,0.624315,0.729571
0,0,-0.0633983,0.779964,0.622605
0,0,-0.543041,0.614752,0.572003
0,0,-0.45556,0.63304,0.62588
14.7916,20.8043,0.645157,-0.614168,0.4545
0,0,-0.499173,-0.861815,0.0900101
0,0,0.068949,0.996233,0.0525826
0,0,-0.659178,-0.738872,0.139834
0,0,0.0330616,0.902825,0.428736
0,0,0.728465,-0.685068,0.00459441
0,0,0.525951,0.839041,0.139236
0,0,-0.0555139,-0.696546,0.715361
0,0,0.280358,-0.434607,0.855871
0,0,0.230163,-0.971544,0.0559263
0,0,-0.917091,-0.312103,0.248063
0,0,0.444656,0.680305,0.582637
0,0,-0.187002,0.241606,0.952185
0,0,0.708835,-0.287832,0.643976
0,0,-0.118917,-0.233215,0.965127
0,0,-0.314157,-0.8347,0.452307
0,0,-0.850218,-0.128045,0.510621
0,0,0.74095,-0.348943,0.573787
0,0,0.464668,0.354282,0.811522
0,0,-0.998201,0.0515622,0.0306062
0,0,0.677536,-0.723489,0.13232
0,0,0.975431,-0.178468,0.129164
0,0,-0.0842285,0.952244,0.293489
0,0,-0.787585,0.136511,0.600895
0,0,-0.203358,0.978022,0.0460296
0,0,-0.875146,0.473348,0.100301
0,0,0.355188,0.45894,0.81438
0,0,0.261297,0.313461,0.912944
0,0,0.188597,-0.971521,0.143453
0,0,-0.466105,-0.54339,0.698193
0,0,-0.699934,0.321857,0.637574
0,0,0.855407,-0.379529,0.352472
0,0,0.335376,-0.122246,0.934119
0,0,0.932734,-0.0448956,0.357759
0,0,-0.8875,0.452791,0.0855823
0,0,-0.140877,-0.47341,0.869504
0,0,-0.94963,0.303439,0.0782815
0,0,0.295552,0.383662,0.874901
0,0,0.491121,-0.218432,0.84326
18.7,26.7969,0.0829594,0.377016,0.922484
0,0,-0.724101,0.382137,0.57415
2.60924,3.9319,-0.421209,-0.151855,0.89416
0,0,-0.819156,-0.472506,0.325148
0,0,-0.60974,0.753998,0.244345
0,0,-0.782377,-0.602146,0.159082
0,0,-0.623627,-0.74404,0.239779
0,0,-0.262126,0.917769,0.298312
0,0,0.62136,-0.562696,0.545239
0,0,-0.873972,-0.175664,0.453116
0,0,0.201898,-0.162366,0.965854
0,0,0.961766,0.167829,0.216426
0,0,0.567756,-0.026582,0.822768
0,0,0.0621593,-0.943242,0.326238
0,0,-0.106871,0.159619,0.981377
0,0,-0.707952,-0.703327,0.064299
0,0,0.167794,0.493994,0.853121
0,0,-0.786204,0.579344,0.215046
0,0,0.754413,-0.0785208,0.651687
0,0,-0.817212,0.552072,0.165472
0,0,-0.116789,0.290973,0.949576
0,0,-0.578476,-0.805353,0.129505
0,0,-0.146488,0.357843,0.92222
0,0,0.670398,-0.599001,0.43791
0,0,-0.949015,0.307132,0.0709959
0,0,-0.993204,-0.0145225,0.115474
0,0,0.799533,-0.317103,0.51009
0,0,-0.642089,0.190685,0.742536
0,0,0.998417,-0.0412483,0.0382281
0,0,-0.503514,0.318031,0.803324
0,0,-0.682775,0.534953,0.497638
0,0,0.75531,0.181618,0.6297
0,0,-0.888031,0.458757,0.0307096
0,0,-0.853756,0.508758,0.110752
0,0,0.997912,0.0484894,0.0426697
0,0,-0.29457,-0.193453,0.935844
0,0,-0.503846,0.659598,0.557736
0,0,-0.869774,0.380574,0.314098
0,0,0.595449,0.36674,0.714803
0,0,0.946136,-0.0120806,0.323545
0,0,0.583056,-0.676435,0.449979
0,0,-0.478164,-0.522868,0.705669
0,0,0.161392,0.31137,0.936484
0,0,-0.674412,0.506805,0.536952
0,0,-0.274457,0.961323,0.0230411
0,0,-0.34271,0.444909,0.827409
0,0,0.449245,0.670184,0.590789
0,0,-0.605361,0.561147,0.564492
0,0,0.179673,-0.961448,0.208173
0,0,0.733938,0.0758967,0.674963
0,0,0.837229,0.0558263,0.543996
0,0,0.124856,-0.947322,0.294944
0,0,-0.831907,0.554901,0.00392853
0,0,-0.654958,-0.40636,0.637105
0,0,0.777923,0.628033,0.0202572
0,0,-0.576858,0.808846,0.114028
0,0,0.36169,0.920766,0.146186
0,0,-0.142212,0.978018,0.152503
0,0,0.667518,-0.0492233,0.742965
0,0,-0.646409,-0.0385098,0.762018
0,0,-0.558101,-0.776875,0.291528
0,0,-0.23174,0.890857,0.390731
0,0,-0.273783,0.616578,0.738156
0,0,0.254668,0.776364,0.576544
0,0,0.610045,-0.183663,0.770787
0,0,-0.934063,0.301605,0.191211
0,0,0.294941,0.257115,0.920272
0,0,0.757789,-0.473546,0.4489
3.07467,4.43558,0.258756,-0.601627,0.755705
0,0,-0.786552,-0.617312,0.0161654
0,0,-0.573172,0.259949,0.77711
0,0,-0.148319,-0.0882385,0.984995
0,0,0.421684,-0.444,0.790599
0,0,0.253143,0.466207,0.847685
0,0,-0.312811,-0.31682,0.895419
0,0,0.669222,0.679556,0.300577
0,0,-0.259949,0.102329,0.960185
0,0,0.576946,0.573767,0.581314
0,0,0.414233,-0.641375,0.645794
0,0,-0.386195,0.66655,0.637625
0,0,-0.320668,-0.807528,0.495046
0,0,0.788223,-0.562962,0.248551
0,0,-0.447866,-0.66614,0.596384
0,0,-0.588255,-0.642075,0.491626
0,0,0.158581,0.311824,0.936813
0,0,-0.718393,0.684365,0.124723
0,0,-0.94728,-0.320231,0.0106517
0,0,-0.686364,0.671818,0.278505
0,0,-0.00734524,-0.709641,0.704525
0,0,0.929722,-0.301851,0.210958
0,0,-0.475807,-0.40941,0.778454
0,0,0.115751,-0.957393,0.264578
0,0,0.738877,-0.64682,0.188906
0,0,0.749379,-0.59309,0.294406
0,0,-0.713262,-0.700798,0.0118258
0,0,-0.20167,-0.93096,0.304373
0,0,-0.50777,-0.803417,0.31095
0,0,-0.886971,-0.417743,0.196911
0,0,-0.186887,0.363248,0.912756
0,0,0.802266,-0.30882,0.510881
0,0,-0.299193,0.3189,0.899326
0,0,0.56792,-0.444299,0.692867
0,0,-0.753806,0.656588,0.0258554
11.1291,16.046,0.637616,0.673426,0.374091
0,0,-0.956817,0.225093,0.183939
0,0,0.574074,0.091962,0.813623
22.4927,32.8591,0.182732,0.0556386,0.981587
0,0,-0.732941,0.674586,0.087926
0,0,0.247209,0.512791,0.822152
0,0,0.019494,-0.688368,0.725099
0,0,-0.68454,0.31312,0.658302
0,0,-0.808847,-0.357749,0.466672
0,0,-0.830156,-0.556832,0.0279194
0,0,0.464583,0.864107,0.193604
0,0,-0.418515,-0.0861759,0.904112
0,0,-0.744641,0.262683,0.613602
0,0,0.829211,-0.179402,0.529362
0,0,-0.152485,-0.588315,0.794125
0,0,-0.531771,0.547936,0.645744
0,0,0.0470682,0.9671,0.250005
0,0,0.876185,0.427811,0.221986
0,0,0.96916,-0.160055,0.18738
0,0,-0.758716,0.649321,0.0522796
0,0,-0.494505,0.103493,0.862991
0,0,0.143428,0.653656,0.743076
0,0,-0.13559,-0.990762,0.00244375
0,0,-0.382906,0.543274,0.747152
0,0,-0.756856,-0.646688,0.09468
0,0,-0.737904,0.476988,0.477473
0,0,-0.401962,0.82244,0.402516
0,0,0.868269,0.147692,0.473598
0,0,-0.314613,0.147091,0.937754
0,0,-0.60555,-0.631158,0.484715
0,0,-0.596799,-0.468635,0.651316
0,0,0.488044,0.770605,0.409856
0,0,0.373802,-0.402291,0.835724
23.8186,30.5253,0.265824,0.961684,-0.0670857
0,0,-0.763401,-0.233627,0.602193
0,0,-0.588444,-0.102512,0.802013
0,0,0.271264,0.797175,0.539376
0,0,0.00462916,0.994569,0.103979
0,0,-0.554789,0.777257,0.296785
0,0,-0.468713,0.705396,0.531719
0,0,-0.544129,0.744826,0.38621
0,0,-0.932109,0.106402,0.346196
0,0,0.547862,0.139041,0.824933
0,0,-0.317765,0.556494,0.767685
0,0,0.657463,-0.27856,0.700105
0,0,0.48182,-0.0450895,0.87511
0,0,-0.532748,-0.647211,0.54525
0,0,0.136399,-0.990552,0.0142448
0,0,0.509975,0.710858,0.484363
0,0,0.328241,-0.5579,0.762237
20.3097,28.0291,-0.568813,0.49746,0.654969
0,0,0.696206,-0.498863,0.516171
0,0,0.65949,-0.449039,0.602857
0,0,-0.534977,-0.722481,0.437974
0,0,0.0163116,-0.498983,0.866458
0,0,-0.364438,-0.747908,0.554814
0,0,0.149415,-0.913139,0.379277
0,0,-0.884414,-0.0483019,0.464197
0,0,-0.378879,0.385644,0.841267
0,0,-0.733909,0.0728422,0.675331
0,0,0.433863,0.385556,0.814315
0,0,0.827028,0.461606,0.320849
0,0,-0.144865,-0.955132,0.258334
0,0,-0.279692,-0.869736,0.40661
0,0,0.128271,-0.603981,0.786609
0,0,0.168121,0.316773,0.933483
0,0,-0.119558,0.970094,0.211242
0,0,-0.158962,-0.157215,0.974687
0,0,0.929273,0.36872,0.0222809
0,0,-0.930719,-0.247247,0.269501
0,0,-0.558565,0.829165,0.0221397
0,0,0.296995,0.545364,0.783819
0,0,-0.304552,0.902992,0.303075
0,0,0.929027,-0.143461,0.341069
0,0,0.766942,0.160448,0.621334
0,0,0.779205,-0.614375,0.124032
0,0,0.0395807,0.911186,0.410089
0,0,0.429244,-0.644272,0.632979
0,0,-0.0884168,-0.93825,0.334469
0,0,-0.830039,-0.245549,0.500741
0,0,-0.640482,-0.114626,0.759371
0,0,0.314322,-0.896128,0.313299
0,0,0.000432728,0.714887,0.69924
18.9245,28.6666,-0.713519,-0.469237,-0.520295
0,0,0.86088,-0.483339,0.158965
0,0,-0.673383,-0.728837,0.123901
0,0,-0.0967757,0.563291,0.820572
0,0,0.436156,0.38604,0.81286
0,0,-0.0293572,-0.378266,0.925231
0,0,-0.457758,0.883527,0.0991888
0,0,-0.763008,-0.639798,0.0920711
0,0,0.418364,-0.0258182,0.907913
0,0,0.48589,-0.607509,0.628366
0,0,0.469341,-0.864472,0.180019
0,0,-0.798819,-0.59944,0.0505985
0,0,-0.430231,0.870951,0.237374
0,0,0.505913,0.85162,0.137096
0,0,-0.126723,0.53629,0.834466
0,0,0.126935,-0.678898,0.723177
0,0,-0.233499,-0.958746,0.162127
0,0,0.831757,0.497039,0.247251
0,0,0.500221,-0.791699,0.350701
0,0,-0.854256,0.0755622,0.514332
0,0,0.397532,0.109553,0.911025
0,0,-0.0157003,-0.999497,0.0275461
0,0,0.407171,0.118707,0.905605
0,0,-0.56911,-0.807105,0.157146
0,0,-0.994765,-0.0941767,0.039658
0,0,-0.29639,0.929526,0.219394
0,0,-0.300355,0.601377,0.74036
0,0,0.616995,0.564285,0.548544
0,0,-0.710154,0.587738,0.387615
0,0,-0.095201,-0.654813,0.749771
0,0,-0.480172,0.860557,0.169934
0,0,-0.0632051,-0.141519,0.987916
0,0,0.857166,-0.433687,0.277817
0,0,0.550623,-0.332378,0.765728
0,0,0.770402,0.203406,0.60424
0,0,0.721965,-0.313535,0.616816
0,0,-0.81872,-0.28433,0.498852
0,0,-0.462572,-0.858591,0.221016
0,0,0.375458,-0.251207,0.892147
0,0,-0.599212,0.244425,0.762365
0,0,0.311956,-0.540123,0.781633
0,0,0.675085,0.710421,0.198905
0,0,-0.397908,0.0188793,0.917231
0,0,0.423855,-0.808771,0.407722
0,0,0.751786,-0.516727,0.409647
0,0,0.795175,-0.0442356,0.604764
0,0,-0.39405,-0.15459,0.905995
0,0,0.397932,-0.736203,0.547409
0,0,0.70231,-0.679462,0.212351
0,0,0.134303,-0.559428,0.817926
0,0,-0.773874,-0.537905,0.33433
0,0,0.071883,0.532857,0.843147
0,0,-0.491079,-0.809769,0.321117
0,0,0.200279,0.977552,0.0654203
0,0,-0.472429,-0.689635,0.54883
0,0,0.3028,0.570101,0.763739
0,0,0.612602,-0.78988,0.0284358
0,0,0.894095,-0.293329,0.338455
0,0,0.466047,0.294684,0.834243
0,0,-0.979033,-0.148283,0.139668
0,0,0.911316,0.0288228,0.410697
0,0,-0.465736,-0.363545,0.806799
0,0,-0.162677,-0.501391,0.84979
0,0,0.39432,0.567326,0.722948
0,0,0.74149,0.236165,0.628027
0,0,-0.132691,-0.959202,0.24965
0,0,0.150307,-0.334708,0.930257
0,0,-0.363708,-0.926831,0.093284
0,0,0.737214,-0.455883,0.498684
0,0,0.451375,0.316091,0.834474
0,0,-0.555276,-0.293079,0.778314
0,0,-0.747027,0.640604,0.177701
0,0,-0.388754,0.507589,0.768911
0,0,-0.144458,0.561498,0.814771
7.10639,11.7644,-0.207979,-0.684897,0.698327
0,0,0.519537,-0.853004,0.0496438
0,0,0.225557,-0.72217,0.653907
0,0,0.591362,-0.531645,0.606337
0,0,0.715413,-0.678388,0.167253
0,0,0.94577,0.0283492,0.323597
0,0,0.0487866,0.935911,0.348841
0,0,-0.455038,0.569908,0.684212
0,0,0.0365425,0.947681,0.317119
0,0,0.221935,-0.481244,0.848027
0,0,0.824295,-0.367793,0.430426
0,0,0.0709656,-0.996774,0.0374807
0,0,0.678492,-0.510581,0.528163
0,0,-0.528078,-0.64942,0.547163
0,0,-0.143509,0.938484,0.31409
0,0,0.604443,0.473423,0.640718
0,0,0.226192,-0.0486296,0.972868
0,0,-0.169192,-0.985576,0.00375357
0,0,0.164161,-0.893085,0.418868
0,0,0.859299,-0.385091,0.336615
0,0,-0.886139,0.418202,0.199662
0,0,-0.76913,0.111231,0.629338
0,0,-0.761103,-0.527507,0.377437
0,0,-0.968625,-0.248321,0.0101283
3.19882,5.18932,0.373706,-0.0392017,0.926718
0,0,-0.346609,-0.870454,0.349531
0,0,-0.869336,-0.230758,0.437042
0,0,-0.0793412,-0.861431,0.501638
0,0,-0.897863,0.331283,0.28999
0,0,-0.55355,0.760058,0.340433
0,0,0.465962,-0.857625,0.217621
0,0,0.50188,0.120547,0.856496
0,0,-0.560242,0.746696,0.358571
0,0,-0.859296,-0.269439,0.434756
0,0,0.463159,0.342163,0.817562
0,0,0.332398,0.0112745,0.943072
0,0,0.872471,-0.248517,0.420753
0,0,-0.130413,-0.832885,0.537862
0,0,0.527302,-0.772316,0.354232
0,0,-0.424623,-0.776655,0.465298
0.0567982,0.102871,-0.312152,-0.34562,0.884934
0,0,0.812959,-0.088279,0.57559
0,0,0.619094,0.295342,0.727664
0,0,-0.589844,-0.793572,0.149426
0,0,-0.775858,-0.47085,0.419934
0,0,-0.0735216,-0.98032,0.183212
0,0,-0.0439282,0.27005,0.961844
0,0,0.729077,-0.65673,0.192748
0,0,-0.62922,0.199986,0.751058
0,0,-0.120348,-0.832346,0.541034
0,0,0.0772755,-0.93193,0.354309
0,0,-0.672202,-0.542999,0.503285
0,0,-0.590363,-0.598019,0.542075
0,0,0.617182,-0.764518,0.186004
0,0,-0.342,0.712512,0.612668
0,0,-0.767613,-0.552812,0.324299
0,0,-0.715641,0.541008,0.441778
13.159,21.1521,-0.466447,0.253265,0.847516
0,0,0.174914,0.984448,0.0163206
0,0,0.329281,-0.934149,0.137623
0,0,-0.730705,-0.201551,0.652264
0,0,0.372927,0.554985,0.743584
0,0,-0.545499,0.834386,0.0789387
0,0,0.635478,-0.0799783,0.767966
0,0,0.510695,-0.0816444,0.855876
0,0,-0.353436,0.0844949,0.931635
0,0,-0.791808,-0.610633,0.0129194
0,0,-0.0310568,0.0571127,0.997885
0,0,0.422478,0.884022,0.200042
0,0,0.724235,0.441136,0.529984
0,0,0.744908,-0.217809,0.630612
0,0,0.0105624,0.991363,0.130721
0,0,-0.531005,0.596937,0.601415
0,0,-0.337203,0.581547,0.740336
0,0,0.441472,0.857812,0.263176
0,0,0.344952,0.161528,0.924617
0,0,-0.954994,0.0356758,0.294473
0,0,0.744393,0.626723,0.230428
0,0,0.549904,0.391153,0.737973
0,0,0.178504,0.680031,0.711122
0,0,0.223932,-0.324298,0.919067
0,0,-0.48131,-0.810753,0.333196
0,0,0.124012,0.694876,0.708356
0,0,0.701595,0.191125,0.686466
0,0,-0.947974,-0.245651,0.202485
0,0,0.303928,-0.405618,0.862033
0,0,-0.641987,-0.232555,0.730597
0,0,-0.129049,-0.588573,0.798078
0,0,-0.265476,0.180779,0.947017
0,0,-0.709326,0.635763,0.304405
0,0,-0.305007,-0.726321,0.615977
0,0,0.176965,-0.571992,0.800943
0,0,-0.937983,0.319964,0.13346
0,0,0.653406,-0.672872,0.346848
0,0,-0.524322,-0.75588,0.392087
0,0,-0.828955,-0.555823,0.0624094
0,0,0.345121,0.910037,0.229616
19.7894,29.5855,-0.496904,0.848963,-0.179858
0,0,-0.0766269,-0.466254,0.881326
0,0,-0.333507,0.935416,0.117345
0,0,0.72461,-0.477885,0.496555
0,0,0.481747,-0.696576,0.531697
0,0,0.357559,-0.812026,0.461265
0,0,0.317938,-0.754688,0.5739
0,0,0.29848,0.308856,0.90306
0,0,0.73346,0.58838,0.34036
0,0,0.660983,-0.115267,0.741495
0,0,-0.619542,-0.606661,0.498127
0,0,0.766675,-0.598823,0.231561
0,0,0.596028,-0.765129,0.243573
0,0,0.696951,-0.105013,0.709388
0,0,0.886211,0.454626,0.0891375
0,0,0.662024,-0.576304,0.479164
0,0,0.960105,-0.0718946,0.270239
0,0,-0.981831,-0.186055,0.0373091
0,0,-0.550901,-0.651501,0.521588
0,0,-0.132764,0.959615,0.248018
0,0,0.207601,0.975392,0.0742449
0,0,0.864501,0.304626,0.399802
0,0,0.486612,-0.869441,0.0853282
0,0,0.471341,0.813437,0.340819
0,0,0.170139,0.323276,0.930884
0,0,-0.256578,0.966171,0.0261137
0,0,-0.522773,-0.822399,0.224431
0,0,-0.538748,-0.813222,0.220048
0,0,-0.238161,-0.431321,0.870197
0,0,-0.143718,0.970307,0.194549
0,0,-0.76165,0.48553,0.429126
0,0,-0.671983,0.526257,0.52105
0,0,-0.133083,-0.389131,0.911519
0,0,0.443412,-0.118985,0.888385
0,0,-0.480621,-0.364147,0.797747
0,0,0.111318,-0.501786,0.857799
0,0,-0.190966,-0.571713,0.79792
0,0,0.359949,-0.800087,0.479892
0,0,-0.298458,-0.760262,0.576996
0,0,-0.559688,-0.362376,0.745273
0,0,-0.743693,0.652971,0.143348
0,0,-0.989876,0.0368068,0.137082
0,0,-0.623031,-0.706424,0.335855
0,0,-0.387392,0.874021,0.293283
0,0,-0.919404,-0.369626,0.134439
0,0,-0.520018,0.839234,0.158956
0,0,-0.736233,0.649195,0.191068
0,0,0.639815,-0.718312,0.273249
0,0,0.398393,0.106621,0.910997
0,0,0.603227,-0.794067,0.074667
0,0,-0.698474,0.566903,0.436755
0,0,-0.137462,0.177698,0.974437
0,0,-0.0761716,-0.444633,0.892468
0,0,0.942051,-0.3205,0.0990927
0,0,0.617749,-0.453342,0.642547
0,0,0.508533,0.518115,0.687714
0,0,-0.289926,0.828643,0.478845
0,0,-0.276045,0.95948,0.0565499
0,0,0.162255,-0.250604,0.954396
0,0,0.449573,0.499302,0.740663
0,0,-0.772301,-0.0256207,0.63474
0,0,0.6803,0.728123,0.0838394
0,0,-0.227746,0.973716,0.00284085
0,0,-0.435656,-0.157585,0.886212
11.8794,18.3194,-0.122598,-0.806794,0.577974
0,0,-0.156334,-0.809208,0.566341
0,0,0.922512,-0.224073,0.314265
0,0,-0.159041,0.985548,0.058324
0,0,-0.180522,0.924695,0.335188
0,0,0.942486,-0.143286,0.301974
0,0,-0.875169,0.451049,0.175027
0,0,0.0586344,-0.238032,0.969486
0,0,-0.440075,0.127295,0.888893
0,0,-0.687526,0.179484,0.703629
0,0,-0.0112897,-0.884052,0.467252
0,0,-0.252096,0.290455,0.923084
0,0,0.0930781,-0.932399,0.349241
0,0,0.524473,0.0255787,0.851043
0,0,0.778911,-0.401113,0.482086
0,0,0.772267,0.631742,0.0671313
0,0,0.0365116,-0.922916,0.383265
0,0,-0.246232,0.862621,0.441877
0,0,0.926438,0.173307,0.334181
0,0,-0.868307,-0.396246,0.298383
0,0,0.485023,0.865141,0.127607
0,0,-0.0529619,0.953713,0.296019
0,0,-0.953101,0.302112,0.0180942
0,0,-0.165565,-0.715098,0.679134
0,0,0.0547727,-0.401297,0.914309
0,0,-0.280429,0.821437,0.49659
0,0,-0.429173,-0.673132,0.602249
0,0,0.626867,0.222599,0.746651
0,0,-0.0128387,-0.0898118,0.995876
0,0,-0.651929,0.368198,0.662887
0,0,-0.754531,0.537583,0.376415
0,0,0.243261,0.159114,0.956821
0,0,0.595301,-0.202386,0.777597
0,0,-0.202406,0.887609,0.413742
0,0,-0.325297,0.834906,0.443975
0,0,-0.541711,-0.651505,0.531122
0,0,-0.384459,-0.396037,0.833874
0,0,-0.397911,0.715164,0.574637
0,0,-0.46066,0.611433,0.643383
0,0,0.791767,-0.410501,0.452321
0,0,-0.462194,-0.790606,0.401646
0,0,-0.0374666,-0.176502,0.983587
0,0,-0.159777,0.435446,0.885922
0,0,-0.563283,0.0115007,0.826184
20.2356,29.0632,-0.426199,-0.256398,0.867534
0,0,0.148539,0.294489,0.94404
0,0,-0.2647,-0.810459,0.52258
0,0,-0.186267,-0.681995,0.707239
0,0,0.622398,-0.498685,0.603269
0,0,0.0496847,-0.969037,0.241867
0,0,-0.26044,0.368438,0.892426
0,0,0.53362,-0.180572,0.826222
0,0,0.00377558,0.328716,0.944421
0,0,-0.526858,0.522554,0.670342
0,0,0.190079,0.796998,0.573292
0,0,-0.768106,0.11217,0.630422
19.6297,26.0213,0.395388,0.593432,0.701076
0,0,-0.675528,0.231737,0.699971
12.2113,17.7746,0.393052,-0.447782,0.80312
0,0,-0.163627,-0.935347,0.313611
0,0,0.173825,-0.905112,0.388016
0,0,-0.316432,-0.143194,0.937745
0,0,0.99518,-0.0674928,0.0711436
0,0,0.504276,0.174441,0.84574
0,0,0.602903,0.26322,0.753142
0,0,0.761698,0.182686,0.621645
0,0,-0.00507238,-0.886807,0.462112
0,0,0.772179,-0.413134,0.482762
0,0,-0.33261,-0.942772,0.0234682
0,0,0.470818,-0.432768,0.768793
20.0692,28.372,0.955112,0.283226,-0.0868557
0,0,0.236635,0.203335,0.950083
0,0,-0.23323,0.859643,0.454552
0,0,0.632169,-0.706739,0.317619
0,0,-0.135764,-0.637773,0.758165
0,0,-0.278618,0.903132,0.326688
0,0,0.28285,-0.934972,0.214063
0,0,0.910631,0.181732,0.371113
0,0,0.867409,-0.245966,0.432552
0,0,-0.569378,0.798199,0.196691
0,0,0.31553,-0.620121,0.718255
0,0,-0.0174135,0.560955,0.827663
0,0,-0.301117,0.409292,0.861283
0,0,-0.640306,0.39433,0.659175
0,0,0.736601,-0.355325,0.575468
0,0,0.466608,-0.477074,0.744766
0,0,0.971408,0.109013,0.210907
0,0,0.200878,0.843805,0.497635
0,0,-0.287894,-0.441399,0.849873
0,0,0.83971,-0.424413,0.338765
0,0,-0.67715,-0.273124,0.68328
0,0,-0.926339,-0.374969,0.0359608
0,0,-0.482152,-0.0684363,0.873411
0,0,0.832609,-0.184865,0.5221
0,0,0.181475,0.458205,0.870123
0,0,0.466159,-0.664817,0.583707
0,0,0.364712,0.40554,0.838166
0,0,0.999276,0.0373293,0.0073804
0,0,0.962454,-0.271305,0.00872193
22.7452,32.2914,-0.583347,0.810222,0.0569807
0,0,-0.680964,-0.277701,0.677621
0,0,0.286363,-0.919547,0.269126
0,0,0.0538796,-0.0520834,0.997188
0,0,-0.402665,0.823477,0.399683
0,0,0.530403,0.816506,0.228015
0,0,-0.801103,-0.340829,0.492006
0,0,0.220365,0.693733,0.685692
5.08344,7.09724,-0.10319,0.116452,0.987821
0,0,0.465267,0.868412,0.171427
0,0,-0.70967,0.641474,0.291342
0,0,-0.199547,-0.481821,0.853246
0,0,0.464726,0.313078,0.828259
0,0,-0.675827,-0.130642,0.72539
0,0,-0.990332,0.129909,0.0486503
0,0,0.969503,0.225062,0.0970105
0,0,-0.613789,0.581674,0.533778
0,0,-0.924905,-0.155575,0.34691
0,0,-0.994881,0.100388,0.0115456
0,0,-0.887694,0.291098,0.356737
0,0,-0.059423,-0.967456,0.245963
0,0,0.683571,0.253677,0.684382
0,0,0.443687,0.895291,0.039942
0,0,0.865446,0.385706,0.319739
0,0,-0.751141,0.149372,0.64302
0,0,-0.376002,0.926593,0.00693324
0,0,0.267716,-0.834189,0.482138
0,0,0.904985,-0.401235,0.141467
0,0,-0.362756,-0.917094,0.16537
0,0,0.71538,0.69792,0.033745
0,0,-0.110189,0.94439,0.309815
0,0,-0.471521,0.119524,0.873717
0,0,-0.163726,0.986506,0.000721664
0,0,0.739594,0.31776,0.593321
0,0,-0.580223,-0.27805,0.765526
0,0,0.83399,-0.315567,0.452634
0,0,0.701627,0.590751,0.398413
0,0,0.191735,-0.945416,0.263487
0,0,-0.738027,-0.495291,0.45826
0,0,-0.517096,-0.786157,0.338479
0,0,0.744279,0.513982,0.426464
0,0,-0.613763,-0.0456762,0.788168
0,0,-0.148848,-0.72059,0.677196
0,0,0.573626,-0.260477,0.776598
0,0,-0.0713518,0.898183,0.433792
0,0,-0.765334,-0.270025,0.584252
0,0,0.676457,-0.727212,0.116487
0,0,-0.0367563,-0.724292,0.688513
0,0,-0.569227,0.80785,0.152839
0,0,-0.864175,0.500527,0.0517034
0,0,0.578144,0.815933,0.00128104
0,0,-0.181032,0.782754,0.595418
0,0,-0.421816,0.589566,0.688827
0,0,0.194876,-0.936544,0.291393
0,0,0.315439,0.908056,0.275557
0,0,-0.714169,-0.536619,0.449448
0,0,-0.436308,0.539721,0.719956
0,0,0.949601,-0.198075,0.242951
0,0,0.20177,-0.779527,0.592981
0,0,0.733207,-0.0783038,0.675482
0,0,-0.302831,-0.828059,0.471817
0,0,-0.414282,0.211115,0.885325
0,0,-0.0700857,-0.952673,0.295808
0,0,-0.961805,0.116814,0.247558
0,0,0.273705,-0.340172,0.899649
0,0,0.543089,0.776369,0.319854
0,0,0.496844,-0.848575,0.181844
0,0,-0.273413,0.727678,0.62907
0,0,0.526471,-0.755062,0.390782
0,0,0.758275,-0.282462,0.587566
0,0,-0.021513,0.971919,0.234331
0,0,-0.212064,-0.959218,0.186894
0,0,0.155609,0.604691,0.781112
0,0,-0.956271,0.216395,0.196772
0,0,-0.91984,0.268806,0.285724
0,0,0.495881,0.55704,0.666189
0,0,-0.660654,0.459345,0.593749
0,0,0.654637,0.62688,0.42246
0,0,0.617116,-0.786813,0.00968033
0,0,-0.921413,-0.260934,0.287945
0,0,0.602537,-0.458558,0.653202
0,0,0.953341,-0.25442,0.162515
22.5632,32.2548,-0.18656,-0.017278,0.982292
0,0,0.775482,-0.597267,0.204695
0,0,-0.467555,-0.880692,0.0759841
0,0,0.998849,-0.0468667,0.0102444
0,0,-0.902367,-0.0606316,0.426682
0,0,0.0732811,-0.99664,0.0365757
0,0,-0.718345,0.365483,0.591948
0,0,0.230393,-0.794589,0.561736
0,0,0.681617,-0.0314987,0.73103
0,0,-0.757894,0.534057,0.374673
0,0,0.997526,-0.0566959,0.0415626
0,0,-0.57366,-0.104003,0.812464
0,0,0.724038,-0.424709,0.5435
0,0,0.604895,0.68168,0.411599
0,0,-0.134435,0.854811,0.501224
0,0,-0.392227,-0.810948,0.43419
0,0,-0.16398,-0.914715,0.369334
0,0,-0.331782,-0.865207,0.375948
0,0,0.261231,-0.840476,0.47472
0,0,-0.523041,0.564649,0.638436
0,0,0.756452,0.413339,0.506884
0,0,0.581636,-0.00586328,0.813428
0,0,0.701473,-0.689336,0.180975
0,0,-0.914928,-0.23676,0.326883
0,0,-0.684831,-0.506054,0.524324
0,0,0.424019,-0.353166,0.833955
0,0,-0.827892,-0.489802,0.273294
0,0,-0.464954,0.83163,0.30366
0,0,-0.203725,0.722086,0.661126
0,0,-0.671937,0.386027,0.632047
0,0,-0.859728,0.497953,0.113628
0,0,0.985178,0.0824629,0.150412
0,0,-0.421067,0.906054,0.0420619
0,0,0.795175,-0.258429,0.548553
0,0,0.0735209,-0.293947,0.95299
0,0,0.60062,0.353012,0.717383
0,0,-0.177097,-0.830743,0.527734
0,0,-0.0825312,0.0387197,0.995836
0,0,-0.0597657,-0.378766,0.923561
0,0,0.553201,0.433567,0.711328
0,0,-0.195563,-0.67999,0.70666
0,0,-0.788044,-0.587766,0.183076
0,0,-0.178966,-0.871476,0.456619
0,0,0.676723,0.38151,0.629679
0,0,0.742879,-0.666719,0.0601452
0,0,0.337852,0.604166,0.721692
0,0,0.18247,0.332605,0.925245
0,0,-0.0448354,0.53046,0.846523
0,0,-0.324216,0.0899804,0.941694
0,0,0.542414,-0.807167,0.232956
0,0,-0.61948,0.0288542,0.784482
0,0,0.813927,0.0132297,0.580816
0,0,-0.537449,0.820453,0.19495
0,0,-0.942794,-0.113429,0.313486
0,0,-0.710393,-0.260156,0.653957
0,0,-0.700451,0.697296,0.152139
0,0,-0.0404895,0.59639,0.801673
0,0,-0.280361,-0.943132,0.178605
0,0,-0.912653,0.37681,0.158363
0,0,-0.938295,0.296719,0.177651
0,0,0.529124,0.0394114,0.847629
0,0,-0.107915,-0.357258,0.927751
0,0,0.537612,0.294813,0.789974
0,0,-0.786197,0.159222,0.597112
0,0,0.111129,0.941679,0.317633
0,0,0.255276,-0.64709,0.718407
0,0,0.318427,-0.568218,0.758771
0,0,-0.688664,0.266248,0.674428
0,0,0.82706,-0.345463,0.443427
0,0,0.863713,-0.356741,0.355999
0,0,-0.79149,-0.590594,0.157296
0,0,0.539932,0.410769,0.734671
0,0,-0.580423,0.783042,0.223504
0,0,0.748476,0.120332,0.652153
0,0,0.0867317,0.924781,0.370484
0,0,-0.304581,-0.710729,0.63411
0,0,0.235634,-0.971609,0.0212783
0,0,-0.194133,-0.906298,0.375415
0,0,-0.81735,0.575061,0.0352633
0,0,-0.217901,-0.0800291,0.972684
0,0,-0.339935,0.585263,0.736146
0,0,0.0549756,-0.527973,0.84748
0,0,0.647614,-0.0492422,0.760376
0,0,-0.422129,0.0774671,0.90322
0,0,-0.11286,0.402147,0.908593
0,0,0.398309,-0.660053,0.63693
0,0,0.886314,-0.300951,0.351961
0,0,0.788337,-0.115664,0.604274
0,0,0.519723,-0.402042,0.753824
0,0,0.433206,-0.142271,0.889995
0,0,0.17575,0.428143,0.886457
0,0,-0.989562,0.143606,0.0120243
0,0,-0.879328,-0.316115,0.356165
0,0,-0.491483,-0.680763,0.543145
0,0,-0.793845,0.525287,0.306404
0,0,-0.738452,-0.367155,0.565585
0,0,0.814417,-0.384687,0.434444
0,0,-0.43905,-0.525475,0.728774
0,0,-0.00521036,0.0177741,0.999828
0,0,-0.602221,0.564367,0.564642
0,0,0.0435957,0.388989,0.92021
0,0,-0.176826,-0.813201,0.55447
0,0,0.186237,0.493707,0.849452
22.657,32.4111,-0.734358,0.26415,0.625255
0,0,-0.485724,0.326964,0.810658
0,0,-0.265313,-0.0933804,0.95963
0,0,0.864859,0.374561,0.33425
0,0,-0.0453889,0.703088,0.709653
0,0,-0.628186,-0.0688481,0.775011
0,0,0.92812,-0.165348,0.333547
0,0,0.863128,-0.00387917,0.50497
0,0,-0.944542,-0.0463481,0.325103
0,0,0.933918,-0.22832,0.275075
0,0,0.356914,0.72215,0.592547
0,0,0.958636,0.186695,0.214853
0,0,0.668853,-0.721339,0.179738
0,0,-0.497739,-0.326731,0.803432
0,0,0.154544,-0.0781579,0.98489
0,0,0.118624,0.783363,0.61014
0,0,0.719697,0.383356,0.578856
6.2719,9.54154,0.663572,0.216151,0.716206
0,0,-0.740963,-0.640676,0.201266
22.4808,32.9408,-0.310586,0.138159,0.940451
0,0,-0.555632,-0.5605,0.614095
0,0,0.220073,-0.866299,0.448435
0,0,-0.717295,0.180071,0.673099
0,0,0.901633,-0.430007,0.0463949
0,0,0.935305,-0.308295,0.173666
0,0,0.0873745,0.943773,0.318838
16.4188,24.641,-0.0321185,0.585018,0.810384
0,0,-0.427108,0.698733,0.573891
0,0,-0.337503,-0.927198,0.162465
0,0,0.798941,-0.599843,0.0433794
0,0,-0.847628,-0.431873,0.308241
0,0,0.18469,-0.572119,0.799105
0,0,-0.315022,0.77333,0.550201
0,0,-0.368376,0.625578,0.687714
0,0,-0.0610618,-0.441221,0.895319
0,0,0.22244,-0.871772,0.436503
0,0,-0.912933,-0.0559444,0.404257
0,0,0.544166,0.280118,0.790833
20.1027,28.5971,-0.141027,-0.631377,0.762545
0,0,-0.676897,-0.546775,0.492796
0,0,0.796495,0.504158,0.333797
0,0,-0.788237,0.580739,0.20353
0,0,-0.317113,-0.849473,0.421705
0,0,0.474088,-0.249459,0.8444
0,0,0.547198,0.738992,0.393021
0,0,-0.460785,0.416635,0.783641
0,0,0.524298,-0.322617,0.788055
0,0,0.177527,-0.255859,0.950274
0,0,0.369025,-0.900564,0.229794
0,0,0.330389,0.931655,0.151202
0,0,0.326132,0.338439,0.882665
0,0,0.0478927,0.427549,0.902723
0,0,-0.448595,-0.448607,0.772991
0,0,-0.0318811,0.275954,0.960642
0,0,0.885707,-0.463805,0.020193
0,0,0.0432237,0.486179,0.872789
0,0,0.108896,0.956378,0.271076
0,0,-0.133566,0.530439,0.837135
0,0,-0.0179365,0.605488,0.795652
0,0,0.187909,-0.978873,0.0806136
0,0,-0.95147,0.305317,0.0385446
0.135179,0.200164,0.195484,-0.00083929,0.980707
0,0,0.702184,0.336665,0.627371
0,0,-0.302404,0.116498,0.946034
0,0,0.753218,0.560637,0.344018
0,0,0.633558,0.705665,0.31724
0,0,0.412231,0.571095,0.70987
0,0,0.730719,0.402035,0.55174
0,0,-0.918976,-0.34827,0.184908
0,0,0.972004,-0.234757,0.0098826
0,0,0.824201,-0.124607,0.552419
0,0,0.645028,-0.764089,0.0103671
0,0,-0.444035,-0.828297,0.341697
0,0,0.197449,0.730383,0.653877
18.8767,26.9174,0.54931,0.339489,0.763548
0,0,0.338441,-0.651246,0.679218
0,0,0.637531,0.31511,0.703036
0,0,0.542499,0.318683,0.777262
0,0,-0.279971,-0.957702,0.0665046
0,0,0.0439664,0.315027,0.948064
0,0,-0.353312,-0.928234,0.116411
0,0,-0.787947,0.351338,0.505669
0,0,0.90626,0.0954977,0.411791
0,0,0.0701194,0.983957,0.164047
0,0,0.129101,-0.865195,0.484532
0,0,-0.853807,0.50359,0.131954
0,0,0.19704,-0.226747,0.953814
0,0,-0.330856,0.675803,0.658653
0,0,-0.653035,-0.583711,0.482521
0,0,-0.266717,0.0950498,0.959076
0,0,-0.983292,0.129953,0.127468
0,0,0.481172,-0.809697,0.335952
0,0,0.700248,-0.339216,0.62816
0,0,-0.645789,-0.124093,0.753364
0,0,-0.102883,0.671464,0.733861
0,0,0.477157,-0.862025,0.17098
0,0,-0.362071,-0.849238,0.384317
0,0,0.31634,-0.217781,0.92331
0,0,0.48871,-0.00645252,0.872422
0,0,-0.0466095,0.85641,0.514188
0,0,0.849373,0.525524,0.048897
0,0,-0.750992,0.558062,0.352955
0,0,-0.207552,-0.288491,0.934716
0,0,-0.907174,-0.377536,0.185747
0,0,0.957881,0.133932,0.254019
0,0,-0.457044,0.586194,0.668945
0,0,0.4755,0.281149,0.83358
0,0,0.529963,0.768187,0.359205
0,0,-0.990602,0.12213,0.0615812
0,0,0.22331,0.525769,0.820792
0,0,0.893514,-0.413838,0.174272
0,0,-0.577156,0.760874,0.296582
0,0,0.980107,-0.198172,0.0108599
0,0,0.031152,-0.994114,0.103762
0,0,-0.941699,-0.286767,0.175978
0,0,-0.373337,0.919039,0.126442
0,0,0.0813792,0.866875,0.491839
0,0,-0.987972,0.139569,0.0665779
0,0,0.17525,0.584374,0.792335
0,0,0.692522,-0.182775,0.697858
0,0,-0.630123,-0.750422,0.199531
0,0,0.641088,-0.456922,0.616627
0,0,0.87037,0.0764873,0.486422
0,0,0.570445,-0.735172,0.366216
0,0,-0.761567,-0.356318,0.541345
0,0,-0.818968,0.555902,0.142355
0,0,-0.308606,-0.94118,0.137634
0,0,0.438025,0.831318,0.342119
0,0,-0.514406,-0.460119,0.723655
0,0,-0.862832,-0.485217,0.14172
0,0,0.249448,-0.968149,0.0215055
0,0,-0.578521,0.708556,0.404058
0,0,0.486881,0.187511,0.853104
0,0,0.398771,0.912784,0.0883557
0,0,0.225854,-0.409638,0.883848
0,0,0.856541,0.145811,0.495052
0,0,0.170337,-0.443837,0.879769
0,0,0.31414,0.82052,0.47756
0,0,0.235276,-0.968654,0.0797227
0,0,-0.645594,-0.687689,0.332102
0,0,-0.377662,-0.277187,0.883481
0,0,0.971592,-0.229132,0.0592286
0,0,-0.684526,-0.683216,0.254243
0,0,0.450686,-0.867511,0.210493
0,0,-0.393922,-0.90905,0.135846
0,0,-0.354403,0.346929,0.868354
15.4832,21.9882,0.135567,0.0875705,0.986891
21.1676,33.3777,0.155224,0.821959,0.547987
0,0,-0.491713,-0.440016,0.751401
0,0,-0.484688,-0.699251,0.525476
0,0,-0.710817,-0.670226,0.213394
0,0,-0.563784,0.476245,0.674788
0,0,-0.233639,0.755809,0.611691
0,0,0.36882,0.621029,0.691588
0,0,0.99405,0.0170825,0.107579
0,0,-0.237108,-0.738197,0.631542
0,0,-0.439266,0.761352,0.476852
0,0,-0.319011,0.696044,0.643237
0,0,0.212532,-0.423568,0.880579
0,0,-0.863433,-0.485554,0.136821
0,0,0.98965,0.110713,0.0912974
0,0,-0.788711,0.2995,0.536876
0,0,-0.410878,-0.0797467,0.908196
0,0,-0.741125,0.256326,0.620508
0,0,0.834099,0.0288694,0.550859
0,0,0.26653,-0.896973,0.352705
0,0,0.549601,-0.432481,0.714772
0,0,0.676792,-0.113041,0.727443
0,0,-0.995401,-0.0472948,0.0833118
0,0,-0.0575492,0.992393,0.108835
0,0,0.14086,0.511461,0.847683
0,0,0.912791,-0.35018,0.210206
0,0,0.581704,0.756739,0.298272
0,0,0.884357,0.146731,0.443151
0,0,-0.461772,0.804788,0.372938
0,0,0.943825,-0.33029,0.0100875
0,0,-0.815366,-0.574989,0.0675679
0,0,0.302656,0.865381,0.399394
0,0,-0.541994,0.00887504,0.840335
0,0,-0.609748,0.701555,0.36882
0,0,0.801864,-0.0269405,0.596898
0,0,0.536608,0.835377,0.11915
0,0,-0.252729,0.962806,0.0955669
0,0,0.228019,0.724614,0.65034
0,0,-0.635444,-0.669697,0.384339
0,0,-0.604019,0.319074,0.73031
0,0,0.18977,0.921327,0.339328
0,0,-0.772001,0.603066,0.200812
0,0,-0.907779,0.206399,0.365153
0,0,0.413994,-0.728341,0.54601
0,0,-0.712694,0.696336,0.0847543
0,0,-0.332937,0.588034,0.737136
0,0,0.417634,0.834774,0.358796
0,0,-0.593225,-0.548057,0.589676
0,0,0.784263,0.598397,0.163871
0,0,0.564415,-0.348093,0.74851
0,0,0.87911,-0.308597,0.363227
0,0,0.72287,-0.201166,0.661053
0,0,-0.166143,-0.107131,0.980265
0,0,-0.176693,0.860417,0.477977
22.6203,33.7653,0.56029,-0.598632,0.572464
0,0,-0.32852,-0.6838,0.651531
0,0,-0.622817,0.156176,0.766621
0,0,-0.10926,0.831713,0.544348
0,0,0.463553,0.883173,0.0715852
0,0,0.20041,0.699837,0.685612
0,0,0.428731,-0.869634,0.244798
0,0,0.696862,0.305919,0.648688
0,0,-0.338794,0.828312,0.446226
0,0,0.217805,-0.371187,0.902652
0,0,-0.408474,-0.833572,0.371897
0,0,0.354793,0.866684,0.350686
0,0,-0.239578,0.949546,0.202399
0,0,-0.925134,-0.337839,0.173178
0,0,-0.520024,-0.452715,0.724309
0,0,0.180131,0.34367,0.921653
0,0,0.360853,0.397509,0.843666
8.53219,11.8977,-0.311074,0.0652592,0.948143
0,0,-0.509194,-0.24418,0.825286
0,0,-0.848975,0.424392,0.314854
0,0,-0.389404,-0.914368,0.110884
0,0,-0.367692,-0.253581,0.894706
0,0,-0.192875,-0.972223,0.132595
0,0,-0.406556,0.352614,0.842838
0,0,-0.082,-0.638982,0.764838
0,0,0.240172,-0.812804,0.530723
0,0,0.72772,0.283052,0.624744
0,0,-0.566544,0.820403,0.0772408
0,0,0.524853,0.0730996,0.848048
0,0,-0.227367,0.457003,0.859915
0,0,-0.646646,0.194235,0.737646
0,0,-0.42871,-0.89082,0.150494
0,0,-0.846892,-0.492875,0.199621
0,0,0.0985825,-0.994879,0.0222936
0,0,-0.103757,-0.458669,0.882529
0,0,-0.367366,0.458501,0.809209
0,0,-0.701374,0.571696,0.425721
0,0,0.414472,-0.739721,0.530119
0,0,-0.137827,0.976877,0.163449
0,0,0.860969,-0.313157,0.400831
0,0,-0.595363,0.690444,0.410889
0,0,-0.254942,-0.419299,0.871317
0,0,-0.783039,0.548091,0.294018
0,0,-0.730591,-0.371752,0.572745
0,0,0.311511,-0.950187,0.010305
0,0,0.660267,0.688179,0.300761
0,0,-0.427838,-0.739601,0.519562
0,0,0.0121258,-0.0186684,0.999752
0,0,0.96609,0.0372633,0.255501
0,0,-0.688299,0.428565,0.5853
0,0,-0.272814,-0.325495,0.905332
0,0,-0.781746,0.619076,0.0749517
0,0,-0.606193,0.679042,0.414044
0,0,-0.713767,0.656433,0.244197
0,0,-0.480281,0.122054,0.868581
0,0,-0.787884,0.281113,0.547918
0,0,0.109961,0.871105,0.478628
0,0,0.388021,0.759559,0.522025
0,0,-0.276216,-0.960715,0.0270365
0,0,-0.608492,0.293762,0.737185
0,0,-0.819606,-0.343107,0.458829
0,0,0.616433,-0.264572,0.741628
0,0,-0.535915,-0.587723,0.606116
0,0,-0.356085,0.739057,0.571838
0,0,-0.571305,-0.761927,0.305087
0,0,0.411435,0.853151,0.32071
0,0,-0.642028,-0.102383,0.759814
0,0,0.385355,-0.869228,0.309749
0,0,0.42802,-0.903581,0.0184681
0,0,-0.41335,-0.739338,0.531527
0,0,0.443452,-0.0837862,0.892373
0,0,0.0331498,-0.808491,0.587575
0,0,0.640946,-0.392172,0.659841
0,0,-0.262324,-0.962608,0.0676113
0,0,-0.0145982,-0.338212,0.940957
0,0,-0.565362,0.523345,0.637555
0,0,0.0365099,-0.989757,0.138018
0,0,0.755692,-0.466494,0.459688
0,0,0.0496572,-0.747915,0.661935
0,0,0.790559,0.344451,0.50633
0,0,-0.732477,0.55528,0.39388
0,0,-0.955826,0.272339,0.110579
0,0,-0.805243,-0.0296071,0.592205
0,0,-0.0261739,-0.972944,0.229552
0,0,-0.94367,-0.0317985,0.329358
0,0,0.187278,-0.341645,0.920981
0,0,0.0293602,-0.397097,0.917307
0,0,0.505962,0.858947,0.0788224
0,0,0.902202,-0.354709,0.245385
0,0,-0.532089,-0.798807,0.280695
0,0,-0.594357,0.342041,0.727837
0,0,-0.655426,-0.57843,0.485628
0,0,-0.809874,-0.561613,0.169396
0,0,-0.733461,-0.122426,0.668616
0,0,0.171331,0.793025,0.584599
0,0,0.910011,0.0214064,0.41403
0,0,-0.0959593,-0.663682,0.741834
0,0,-0.811568,0.232539,0.535987
0,0,-0.103171,-0.985025,0.138134
0,0,-0.572418,-0.00551848,0.819943
0,0,0.915943,-0.18796,0.354568
0,0,0.237716,0.962559,0.130274
0,0,-0.10155,0.994574,0.0226082
0,0,0.636153,0.752082,0.172285
0,0,-0.195523,-0.928455,0.31582
0,0,0.613873,-0.739295,0.276772
0,0,-0.910587,0.153843,0.383619
0,0,-0.881367,0.366174,0.29851
0,0,0.373349,-0.7439,0.554277
0,0,0.354375,-0.263889,0.897096
17.8726,26.058,0.272357,0.182561,0.944719
0,0,0.677311,0.656286,0.332474
0,0,-0.931774,0.100103,0.348966
0,0,-0.419074,-0.386621,0.821523
0,0,0.510647,0.767262,0.388007
17.0078,23.7867,-0.0872512,0.0710925,0.993646
0,0,-0.808961,-0.0661223,0.584131
0,0,-0.95684,0.200574,0.210303
13.4028,20.7424,-0.425771,-0.500792,0.753609
0,0,-0.0853681,-0.907172,0.41201
0,0,-0.552998,-0.832771,0.0262032
0,0,-0.829702,0.159493,0.534936
0,0,0.735985,0.663114,0.136405
0,0,-0.593209,0.618773,0.514998
0,0,0.975545,-0.191902,0.107172
0,0,0.88801,-0.073429,0.453924
0,0,0.0374637,0.406488,0.912888
0,0,-0.0839335,0.972397,0.217714
0,0,0.730632,0.128161,0.670635
0,0,0.799517,-0.409049,0.439831
0,0,0.554503,0.686071,0.470991
0,0,0.798813,-0.599894,0.0450054
0,0,0.973165,0.229966,0.00807982
0,0,-0.900559,-0.31188,0.302861
0,0,-0.759074,0.147296,0.634122
0,0,-0.705664,-0.0885763,0.702989
0,0,-0.219019,-0.693567,0.686291
0,0,0.903811,-0.00359707,0.427916
0,0,-0.203387,0.260742,0.943741
0,0,-0.0821401,0.547674,0.83265
0,0,-0.176484,-0.894011,0.411823
0,0,-0.714905,0.205108,0.668462
0,0,-0.374546,-0.277476,0.884716
0,0,0.0662632,0.361573,0.929986
0,0,0.273063,-0.0405865,0.961139
0,0,0.928127,0.371169,0.0285284
0,0,-0.32282,0.916175,0.237509
0,0,-0.350991,-0.620209,0.701531
0,0,-0.823889,0.541868,0.16609
0,0,0.21983,0.901832,0.371986
0,0,0.124955,-0.303124,0.944723
0,0,-0.286537,-0.70446,0.649333
0,0,0.0621303,-0.680128,0.730456
0,0,0.396595,-0.915224,0.0712496
0,0,-0.308195,0.855728,0.415627
0,0,0.250471,0.483394,0.838805
0,0,0.64212,-0.662476,0.385755
0,0,0.14099,-0.491054,0.859644
0,0,0.660674,0.0329318,0.74995
0,0,0.829042,0.2811,0.483397
0,0,0.931117,0.344296,0.120339
0,0,-0.559378,-0.806267,0.192429
0,0,0.368853,-0.864765,0.340776
0,0,-0.136225,-0.933947,0.330433
0,0,0.239559,0.778201,0.58053
0,0,0.0639978,-0.760745,0.645889
17.5609,26.269,-0.181239,0.301054,0.936226
0,0,-0.838974,0.201994,0.505294
0,0,-0.574917,0.0420481,0.817131
0,0,-0.573365,0.502363,0.647212
0,0,0.14816,0.719474,0.678532
0,0,0.940413,-0.331216,0.0769345
0,0,0.270587,0.500959,0.822084
0,0,0.97098,0.110886,0.211902
0,0,-0.0367331,0.828859,0.55825
0,0,0.245988,0.968075,0.0481736
0,0,-0.665564,0.178836,0.724598
24.2424,36.5714,-0.805171,0.0825226,0.587273
0,0,-0.517172,-0.659384,0.545661
0,0,-0.724898,0.576865,0.376497
0,0,0.376555,-0.858227,0.348787
0,0,-0.898874,-0.437863,0.0173658
0,0,0.503107,-0.310703,0.806441
0,0,-0.148919,-0.0286039,0.988436
0,0,0.539466,0.629237,0.559497
0,0,-0.0862987,0.887537,0.452582
0,0,0.0316739,0.100907,0.994392
0,0,0.997025,0.0710425,0.0299037
0,0,-0.276204,-0.947884,0.15883
0,0,0.943001,0.24455,0.225708
0,0,-0.362747,0.834082,0.415598
0,0,-0.46127,0.885087,0.0620532
0,0,-0.798293,0.0475652,0.600388
0,0,0.233992,0.290135,0.927938
0,0,0.324334,-0.547048,0.771716
0,0,-0.527637,-0.665102,0.52843
0,0,0.864142,-0.373123,0.337696
0,0,0.856659,-0.502842,0.11526
0,0,-0.102735,-0.15608,0.982387
0,0,0.863418,-0.071908,0.499337
0,0,-0.859776,0.394999,0.323668
0,0,-0.581039,-0.812732,0.0431355
0,0,0.46689,-0.206695,0.85982
0,0,-0.537966,-0.830696,0.143304
0,0,-0.730474,0.163606,0.663054
6.70272,8.0362,0.0940096,-0.970971,0.219948
0,0,-0.0612198,-0.664849,0.744465
0,0,-0.107512,0.994104,0.0140575
0,0,0.456344,0.524445,0.718823
0,0,-0.794599,-0.591317,0.137684
0,0,0.947197,0.277076,0.161388
0,0,-0.719168,0.462908,0.518184
0,0,0.812126,0.0855868,0.577171
0,0,-0.327524,0.943943,0.0412218
0,0,0.718254,-0.0375541,0.694767
0,0,-0.859837,-0.0680844,0.506009
0,0,-0.213942,-0.899785,0.380283
0,0,-0.544513,0.621962,0.562733
0,0,-0.270053,-0.955544,0.118349
0,0,-0.820415,0.062801,0.568309
0,0,0.535733,-0.433046,0.724887
21.3597,33.1536,-0.964414,0.0542186,0.258779
0,0,0.465407,-0.692477,0.551246
0,0,0.662522,-0.582762,0.470588
0,0,0.218597,-0.688778,0.691231
0,0,-0.136301,0.343039,0.92938
0,0,0.0470813,-0.87086,0.48927
0,0,0.622709,0.774988,0.107831
0,0,-0.438339,0.732094,0.521438
0,0,0.571742,0.651974,0.498036
0,0,-0.457969,-0.740277,0.492193
0,0,-0.190935,-0.915831,0.353266
24.21,37.9669,-0.945486,0.094731,0.31158
0,0,0.0500046,0.997228,0.0550972
0,0,0.326342,0.0534146,0.943741
0,0,0.47227,-0.411225,0.77965
0,0,-0.890128,-0.45302,0.0494415
0,0,-0.219922,-0.505044,0.834605
0,0,0.777676,0.251131,0.576327
17.9678,25.4237,0.363219,-0.106896,0.925551
0,0,0.216037,0.738886,0.638259
0,0,0.954192,0.226184,0.195852
0,0,-0.520213,-0.409529,0.749443
0,0,0.673169,0.724878,0.14627
0,0,-0.165362,-0.983365,0.0751562
0,0,0.229106,-0.130965,0.964551
0,0,0.80685,-0.456689,0.374737
0,0,0.823781,-0.494129,0.277887
0,0,0.91999,0.391764,0.0117835
0,0,-0.850384,0.439789,0.288846
0,0,-0.880652,0.145447,0.450884
0,0,0.131596,0.868038,0.47874
0,0,-0.129013,0.551774,0.823954
0,0,-0.509496,0.28956,0.810289
0,0,0.889694,-0.456557,0.00019839
0,0,0.59615,-0.802531,0.0234145
0,0,0.659049,-0.748148,0.0770034
0,0,-0.538456,0.65719,0.527414
0,0,0.847904,-0.3334,0.412194
0,0,-0.47391,-0.125149,0.871635
0,0,-0.679925,-0.317573,0.660946
0,0,0.691427,-0.575984,0.436086
0,0,0.832705,-0.195846,0.517926
0,0,-0.843776,0.389392,0.369344
0,0,-0.981619,0.042742,0.186005
0,0,-0.396755,-0.91141,0.109164
0,0,0.646569,0.744215,0.167609
0,0,0.290774,-0.946918,0.137105
0,0,-0.908951,-0.348827,0.228314
0,0,0.849898,-0.00963741,0.52686
0,0,-0.798848,-0.491663,0.346568
0,0,-0.201307,0.038725,0.978762
0,0,0.772937,0.603006,0.197366
0,0,-0.825226,-0.540687,0.163276
0,0,-0.779632,-0.00194387,0.626235
0,0,-0.693741,-0.519269,0.499082
0,0,0.044342,0.739507,0.671687
0,0,0.252798,0.560535,0.788602
0,0,0.912275,0.183368,0.366237
0,0,0.821474,0.562288,0.0949383
0,0,-0.625199,0.780257,0.0180051
0,0,0.771125,-0.633506,0.0635299
0,0,0.0404718,0.993406,0.107264
0,0,-0.188728,0.6714,0.716662
0,0,0.626181,-0.346821,0.698293
0,0,0.817559,0.324361,0.475801
0,0,-0.0519236,0.46591,0.883307
0,0,-0.693462,-0.377091,0.613932
0,0,0.812899,-0.280768,0.51026
0,0,-0.934264,0.26141,0.242519
0,0,-0.684627,0.590129,0.427825
0,0,0.0353698,0.915577,0.400584
0,0,-0.0559326,-0.575609,0.81581
0,0,0.873541,-0.439735,0.208709
0,0,-0.737473,-0.674841,0.0269005
0,0,0.677373,0.245291,0.693541
0,0,-0.832827,0.111024,0.542285
0,0,0.977176,0.207291,0.0464408
0,0,0.525365,-0.840238,0.134129
0,0,0.495801,-0.681413,0.538385
13.1463,15.6784,0.181263,-0.556843,0.810598
0,0,0.290168,-0.0717443,0.954283
0,0,-0.20497,-0.569253,0.796202
0,0,0.0818381,0.990194,0.113222
0,0,-0.647055,-0.519819,0.557771
0,0,-0.672474,0.0276862,0.739602
0,0,-0.0593414,-0.760197,0.646977
0,0,-0.402821,-0.744171,0.532865
0,0,0.429071,-0.818248,0.382581
0,0,-0.318642,0.930414,0.181098
0,0,0.032967,0.876685,0.479935
0,0,-0.850755,-0.0849803,0.518647
0,0,0.0127225,-0.870086,0.492735
0,0,0.108704,-0.813149,0.571814
0,0,0.765616,0.59991,0.232251
0,0,0.646395,0.646489,0.405247
0,0,-0.616236,-0.734836,0.28332
0,0,0.861672,0.263042,0.43397
0,0,0.642202,0.498587,0.582226
0,0,-0.723493,0.179144,0.666682
0,0,0.744287,-0.0105007,0.667777
0,0,0.0929194,0.780841,0.617781
0,0,-0.862539,-0.425561,0.273723
0,0,0.637126,0.768427,0.0599166
0,0,-0.739016,0.664856,0.10873
0,0,-0.987355,-0.156363,0.026097
0,0,0.442759,-0.794717,0.415198
0,0,-0.63653,0.720452,0.275277
0,0,-0.399111,0.554962,0.729882
0,0,0.248813,0.189764,0.94978
0,0,-0.89884,-0.299738,0.319756
0,0,-0.963254,-0.109811,0.245119
0,0,-0.447931,-0.696855,0.560135
0,0,0.939739,-0.302598,0.15914
0,0,0.71609,-0.520359,0.465232
0,0,-0.255525,0.956185,0.142889
0,0,-0.869363,-0.0415828,0.492421
0,0,0.742555,0.212869,0.635058
0,0,0.448429,-0.79992,0.398798
0,0,0.640348,-0.635712,0.431073
0,0,0.0636481,0.989335,0.131018
0,0,-0.954108,0.274048,0.120729
0,0,0.0200593,0.443928,0.895838
0,0,-0.552884,-0.64084,0.532582
0,0,-0.672969,0.267774,0.689499
0,0,-0.813203,0.288876,0.505225
0,0,0.728755,0.523063,0.441952
0,0,-0.589908,0.231749,0.773499
0,0,0.697221,-0.329233,0.63678
0,0,-0.922285,-0.0884074,0.376264
21.314,28.5736,0.27891,-0.650088,-0.706821
0,0,-0.765947,-0.451029,0.458147
0,0,0.794377,0.106504,0.598015
0,0,0.959679,-0.17925,0.216533
0,0,-0.0340318,0.150391,0.988041
0,0,0.323557,0.945351,0.0402751
0,0,0.292354,0.3749,0.879761
0,0,0.998543,0.0179257,0.0509045
0,0,0.830078,0.50019,0.246536
0,0,-0.443568,0.88295,0.153775
0,0,0.792764,-0.60311,0.0882228
0,0,0.130721,-0.953661,0.271002
0,0,0.874523,0.023565,0.484411
0,0,-0.322424,-0.944204,0.0672393
0,0,0.765366,0.530498,0.364398
22.1924,32.2575,0.222044,0.322016,0.920327
0,0,0.720893,0.680228,0.132676
0,0,-0.928565,0.313626,0.198508
0,0,0.0997179,0.990413,0.0955925
0,0,0.521641,0.232913,0.820757
0,0,-0.67106,-0.419049,0.611617
0,0,0.866594,0.457978,0.198169
0,0,-0.483182,0.26747,0.833664
0,0,-0.976483,0.202842,0.0730484
0,0,-0.635508,-0.73503,0.236348
0,0,-0.402993,-0.91507,0.0156196
0,0,0.231093,-0.956365,0.178782
0,0,-0.270426,-0.471674,0.839282
0,0,0.694185,0.700875,0.163955
0,0,0.916732,0.123307,0.379996
0,0,-0.985433,0.170025,0.00360258
0,0,0.00789147,-0.815183,0.57915
0,0,0.445555,0.872675,0.199796
0,0,-0.960036,-0.221087,0.171615
0,0,0.040818,0.212062,0.976403
0,0,0.544771,-0.522583,0.655844
19.0135,26.3024,-0.932779,-0.162406,0.321788
0,0,0.502953,-0.113547,0.856823
0,0,-0.505334,-0.455546,0.732881
0,0,-0.289544,-0.783914,0.549221
0,0,-0.431021,0.384248,0.81644
0,0,-0.446306,0.269066,0.853472
0,0,-0.774814,0.189228,0.603204
0,0,0.0377227,0.715479,0.697616
0,0,-0.310366,0.68688,0.657167
0,0,-0.33347,-0.818606,0.467634
0,0,0.188531,-0.829092,0.526367
0,0,-0.893628,-0.444105,0.0648073
0,0,0.507029,-0.856781,0.0940642
0,0,0.252049,-0.178034,0.951197
0,0,0.632455,0.769343,0.090069
0,0,0.446313,-0.845802,0.292273
0,0,0.119087,-0.443931,0.888113
0,0,-0.714644,0.486801,0.502303
0,0,-0.153868,-0.625406,0.764978
0,0,-0.835713,0.471154,0.282132
0,0,0.601322,-0.554511,0.575265
0,0,0.782898,-0.473551,0.40351
0,0,-0.480331,-0.714897,0.508138
0,0,-0.75715,0.14295,0.637408
0,0,0.131477,0.457126,0.879631
0,0,0.884877,0.45851,0.0822243
0,0,-0.235519,-0.178555,0.955327
0,0,0.335238,-0.540014,0.77201
0,0,-0.533915,-0.826132,0.180113
0,0,0.591423,0.155067,0.791311
0,0,0.611059,-0.78911,0.0625505
0,0,-0.123828,0.329886,0.935864
0,0,-0.986081,0.110801,0.123963
0,0,-0.153931,-0.339714,0.927847
0,0,-0.656931,0.750557,0.071456
0,0,-0.858171,-0.105498,0.502406
0,0,-0.648587,0.197126,0.735171
0,0,-0.0431945,0.664904,0.745679
0,0,0.485504,0.453231,0.747575
0,0,0.248391,-0.752905,0.609455
0,0,-0.960976,0.2725,0.0476224
0,0,0.215163,-0.855967,0.470133
0,0,0.409392,0.303712,0.860324
0,0,-0.930374,0.360161,0.0684759
0,0,0.483697,0.78513,0.386792
0,0,-0.931826,0.22627,0.283729
0,0,0.369832,-0.794674,0.48137
0,0,-0.68527,0.557453,0.46867
0,0,0.397919,0.805748,0.438669
0,0,-0.649881,-0.750816,0.118027
0,0,0.317681,0.925716,0.205252
0,0,-0.540589,-0.84124,0.0088471
0,0,-0.737537,0.673579,0.0482699
0,0,0.614441,0.470119,0.633601
0,0,0.47996,-0.785641,0.390392
0,0,-0.260805,-0.261982,0.929164
0,0,-0.542795,-0.331933,0.771488
0,0,-0.6003,0.688694,0.406621
0,0,0.801972,0.258197,0.53868
0,0,-0.470654,0.664124,0.580882
0,0,-0.460394,0.801423,0.381785
0,0,-0.950401,-0.305464,0.0585621
0,0,-0.309025,0.122652,0.943112
0,0,0.265698,-0.871697,0.411764
0,0,-0.395026,0.856765,0.331525
0,0,-0.387627,-0.892844,0.229291
0,0,0.909052,-0.0309371,0.415532
0,0,0.298128,0.171343,0.939021
0,0,-0.353456,-0.870594,0.34225
0,0,0.832558,-0.414391,0.367597
0,0,-0.864353,0.502872,0.00378688
0,0,-0.760783,-0.0912928,0.642554
0,0,-0.351796,0.0200255,0.935862
0,0,-0.649162,-0.695436,0.308152
0,0,0.764116,-0.634843,0.114461
0,0,-0.494715,-0.868838,0.0194548
0,0,-0.867809,0.294713,0.400065
0,0,0.913097,-0.235608,0.332779
0,0,0.624198,-0.112672,0.773099
0,0,-0.536844,0.158799,0.828602
0,0,-0.308258,-0.950938,0.0263339
0,0,0.799745,0.138588,0.584124
0,0,0.526428,-0.493619,0.692252
0,0,-0.0196684,-0.343259,0.939035
0,0,-0.0120664,-0.663754,0.747854
0,0,0.713814,0.311143,0.627423
0,0,0.53114,0.489103,0.691859
0,0,0.188674,-0.975919,0.109476
0,0,0.990721,-0.135068,0.0151226
0,0,-0.131063,0.864569,0.485122
0,0,-0.0887279,-0.740715,0.665934
0,0,0.59398,-0.685536,0.420985
0,0,0.616819,-0.0712766,0.783871
0,0,0.174735,-0.0868373,0.980779
0,0,0.364176,-0.0217257,0.931077
0,0,-0.00905095,0.815664,0.578455
12.9974,21.2328,0.647807,-0.17209,0.742113
0,0,0.35085,-0.71591,0.603636
0,0,0.688227,0.354649,0.632905
0,0,0.499334,0.865081,0.0479616
0,0,0.799314,0.411949,0.437487
0,0,0.130438,-0.500307,0.855967
0,0,-0.594287,0.77433,0.217339
0,0,0.812639,0.420384,0.403603
0,0,-0.315107,-0.943397,0.103489
0,0,0.85566,-0.504885,0.113746
0,0,0.664094,-0.725705,0.179812
0,0,-0.429756,-0.451574,0.781915
0,0,-0.441566,0.886949,0.135429
0,0,-0.400985,-0.688653,0.604126
0,0,-0.43743,-0.868448,0.233352
0,0,-0.564737,0.134844,0.81418
0,0,-0.841331,-0.177251,0.510631
0,0,-0.507221,-0.0190615,0.861605
0,0,-0.934117,-0.32487,0.147934
0,0,0.753097,-0.439017,0.490009
23.9715,36.2213,-0.502165,0.405302,0.763911
0,0,0.0590643,-0.752564,0.655865
0,0,-0.597351,0.5708,0.563347
0,0,0.805448,-0.590393,0.0518556
0,0,0.103457,0.987453,0.119306
0,0,0.586527,-0.0289848,0.809411
0,0,-0.515796,0.399628,0.757794
23.9191,35.3914,0.682104,0.532118,-0.501583
0,0,0.481888,0.206192,0.851627
0,0,-0.0909033,-0.98503,0.14647
0,0,0.652596,0.257029,0.71278
0,0,-0.659793,-0.600466,0.451791
0,0,0.852796,0.334127,0.401371
0,0,0.189144,0.905101,0.380812
0,0,-0.293128,-0.874183,0.387143
0,0,-0.805752,0.584067,0.0981282
0,0,0.715147,-0.62511,0.312734
0,0,-0.701392,-0.387953,0.597948
0,0,0.287148,0.665031,0.689405
21.2274,27.8473,-0.564583,-0.340813,0.751727
0,0,-0.937476,0.262742,0.228267
0,0,-0.38638,-0.0958968,0.917341
0,0,-0.847162,0.352519,0.397552
0,0,-0.48889,0.0928781,0.867387
0,0,-0.147646,-0.871509,0.467625
0,0,0.772501,-0.611361,0.171695
0,0,-0.296414,0.50251,0.812172
0,0,-0.405902,0.912447,0.0518014
0,0,0.453779,-0.884045,0.112027
0,0,0.225742,0.606416,0.762431
0,0,0.311811,0.322832,0.893618
0,0,0.996315,0.0765063,0.0387688
0,0,-0.593511,-0.142361,0.792135
0,0,-0.89554,0.44348,0.0365077
0,0,-0.504285,0.397353,0.766686
0,0,0.791291,-0.241987,0.561517
0.0585806,0.124108,0.189138,0.299654,0.935112
0,0,0.946574,-0.298741,0.121454
0,0,0.30722,-0.175264,0.93536
0,0,0.375851,0.653781,0.65674
0,0,0.175597,-0.982704,0.058814
0,0,-0.164654,0.527811,0.833249
0,0,-0.434495,0.861064,0.264164
0,0,-0.94842,0.0982751,0.3014
0,0,-0.514595,0.090304,0.852665
0,0,0.872482,0.434929,0.222736
0,0,-0.71166,-0.669677,0.212304
0,0,-0.332596,-0.524452,0.783792
0,0,-0.131829,-0.951244,0.278848
0,0,0.811776,-0.577205,0.0886178
0,0,0.657773,0.696346,0.28712
0,0,0.838202,0.00216841,0.545355
0,0,-0.728503,0.513491,0.453443
0,0,-0.260057,-0.418754,0.870066
0,0,0.154962,-0.79342,0.588618
0,0,0.908642,0.0787249,0.410087
0,0,0.481825,-0.040215,0.875344
0,0,0.769661,-0.466478,0.435913
0,0,0.819933,0.0345282,0.571417
0,0,0.876055,-0.0325404,0.481112
0,0,0.852958,-0.225638,0.470691
0,0,-0.858665,0.332386,0.390145
1.49853,2.78617,0.0539141,0.167452,0.984405
0,0,-0.737231,-0.367923,0.566677
0,0,0.684079,0.683164,0.255582
0,0,0.0394899,-0.931298,0.362112
0,0,-0.0392336,-0.153461,0.987376
0,0,-0.704865,0.0435983,0.708001
0,0,-0.731374,-0.107516,0.673448
0,0,-0.66447,-0.457136,0.591191
0,0,-0.350766,0.896185,0.27169
0,0,0.616184,-0.474485,0.628635
0,0,0.332676,0.651324,0.681985
0,0,-0.950593,0.240048,0.196851
0,0,0.0713397,-0.554147,0.829356
0,0,0.579733,0.237576,0.779402
0,0,-0.420664,-0.0708209,0.904448
0,0,-0.546485,-0.550967,0.630705
0,0,-0.875802,-0.478549,0.0629404
0,0,-0.9293,-0.0062771,0.369273
0,0,-0.546945,0.629605,0.551769
0,0,-0.325737,-0.669214,0.667869
0,0,0.873486,0.419443,0.247164
0,0,0.415305,0.831488,0.368985
0,0,0.556248,0.229238,0.798773
0,0,0.326971,0.814642,0.479007
0,0,-0.205616,0.921452,0.329617
0,0,-0.476395,0.0823879,0.875363
0,0,0.793353,0.173069,0.583642
0,0,-0.208192,0.913407,0.349777
0,0,0.669202,-0.657778,0.345683
0,0,-0.367729,0.108182,0.923619
0,0,0.506222,-0.551274,0.663202
0,0,0.0996118,0.834174,0.54243
0,0,-0.942525,0.300933,0.145212
0,0,0.457088,-0.799111,0.390502
0,0,-0.139844,0.648344,0.748394
0,0,-0.740433,0.59267,0.317019
0,0,-0.179942,-0.938012,0.296232
0,0,-0.61023,-0.51116,0.605256
0,0,0.239201,0.266983,0.933543
0,0,-0.0921523,-0.729089,0.678187
0,0,0.0352974,-0.902673,0.428877
0,0,-0.447691,0.855791,0.25922
0,0,-0.916438,-0.349848,0.194286
0,0,0.961338,-0.0482065,0.271119
0,0,-0.815601,-0.577418,0.037205
0,0,0.4562,0.693528,0.557584
0,0,-0.882938,-0.469134,0.0182566
0,0,-0.54041,0.390518,0.745287
0,0,0.679128,-0.266082,0.684094
0,0,-0.203574,0.885223,0.418257
0,0,0.287542,0.755921,0.588136
0,0,-0.688896,0.578608,0.436618
0,0,-0.71286,0.497781,0.49401
0,0,0.294114,-0.896287,0.331912
0,0,0.877389,-0.176311,0.446209
0,0,0.761935,0.612077,0.211701
0,0,0.590025,0.676502,0.440699
0,0,-0.536885,0.78031,0.320735
0,0,-0.428444,-0.370298,0.824206
0,0,0.453022,-0.858543,0.240157
0,0,-0.490596,-0.268599,0.828957
0,0,0.795645,0.449584,0.405985
0,0,-0.738047,0.585769,0.334905
0,0,-0.803811,-0.252849,0.538475
0,0,0.858026,0.128108,0.497372
0,0,-0.676322,-0.344801,0.650923
0,0,0.420372,-0.220416,0.880173
0,0,0.119834,-0.828276,0.547357
0,0,0.820933,-0.409903,0.397553
0,0,-0.162819,-0.501027,0.849978
0,0,0.60546,-0.672331,0.425898
0,0,0.973221,-0.163581,0.161501
0,0,0.255346,-0.959814,0.116431
0,0,-0.588097,-0.802901,0.0974274
0,0,-0.140804,-0.953208,0.267524
0,0,-0.944383,-0.156189,0.28939
0,0,-0.522991,0.312541,0.792968
0,0,-0.355995,-0.286157,0.889596
0,0,-0.828791,-0.458812,0.320307
0,0,-0.160279,0.624967,0.76402
0,0,-0.439237,-0.183028,0.879529
0,0,-0.70895,-0.16286,0.686197
0,0,0.88863,-0.428386,0.163774
0,0,0.433993,-0.365828,0.823298
0,0,-0.61532,0.787986,0.0214259
0,0,-0.482403,0.255839,0.837755
0,0,-0.0451114,0.887232,0.459112
0,0,0.435421,-0.604735,0.666861
0,0,0.682798,0.416945,0.599954
0,0,-0.857956,-0.407303,0.313074
0,0,-0.961201,-0.246062,0.124688
0,0,-0.964801,0.00967264,0.262802
0,0,0.275154,0.638863,0.718432
0,0,-0.30679,0.367093,0.878136
0,0,0.929255,0.255588,0.266759
0,0,0.684518,0.634885,0.358268
0,0,-0.688636,-0.702232,0.180696
0,0,0.337065,-0.930202,0.145296
0,0,-0.832376,-0.480515,0.276143
0,0,0.147915,0.663228,0.733655
0,0,-0.476617,-0.579978,0.660652
0,0,-0.133482,-0.490696,0.861046
0,0,0.375782,-0.925506,0.0471836
0,0,-0.59959,0.669268,0.438832
0,0,0.794631,0.251303,0.552637
0,0,-0.980261,0.197427,0.0105773
0,0,0.281829,0.626569,0.726625
0,0,-0.461813,0.49449,0.736347
0,0,0.550595,0.413606,0.725103
0,0,0.919249,0.168238,0.355918
0,0,-0.79184,-0.487267,0.368185
0,0,0.0253663,0.946093,0.322901
0,0,0.529352,-0.312431,0.78878
0,0,0.743342,0.649979,0.15802
0,0,0.882806,0.456,0.112771
0,0,0.672846,-0.610481,0.41784
0,0,-0.248991,0.880433,0.403536
0,0,0.450958,0.472405,0.757278
0,0,-0.313055,-0.105989,0.943803
0,0,0.783192,-0.420081,0.458412
0,0,-0.780213,-0.0432377,0.624018
0,0,-0.213342,0.845317,0.48982
0,0,-0.279615,-0.957338,0.0729322
0,0,-0.466735,0.879626,0.0917408
0,0,-0.252506,-0.406793,0.877929
0,0,-0.571654,-0.580887,0.579467
0,0,0.654942,-0.697248,0.291368
0,0,-0.476247,0.713441,0.513995
0,0,0.531716,-0.628556,0.567622
0,0,0.02974,-0.764646,0.643763
0,0,0.0908863,0.995701,0.0178786
0,0,-0.735434,-0.0353735,0.676673
0,0,0.993354,-0.0871399,0.0751929
0,0,0.638081,0.321485,0.699643
0,0,0.207592,-0.78872,0.578641
0,0,0.794826,-0.484682,0.365149
0,0,0.528247,-0.844986,0.0833906
0,0,-0.365929,-0.4775,0.798805
0,0,-0.315433,-0.272183,0.909076
0,0,0.894454,0.313932,0.318432
0,0,0.490353,-0.21198,0.845351
0,0,-0.202105,-0.692737,0.692292
0,0,-0.428221,0.733029,0.528484
0,0,0.396607,-0.139577,0.907315
0,0,0.897242,-0.0349257,0.440156
0,0,-0.0347258,0.973198,0.227333
0,0,-0.799582,0.332025,0.500428
0,0,0.632066,-0.204762,0.747372
0,0,-0.173528,0.320922,0.931073
0,0,0.319592,0.755736,0.571598
0,0,-0.966672,0.128918,0.22119
0,0,-0.241968,-0.661761,0.709594
0,0,0.200339,0.959604,0.197545
0,0,0.964692,-0.0448673,0.259531
0,0,-0.370608,-0.609315,0.700989
0,0,-0.95561,0.181914,0.231769
0,0,0.523958,0.733081,0.433659
0,0,-0.535936,-0.626229,0.566224
0,0,-0.235126,0.362178,0.901966
0,0,0.398087,-0.916505,0.0393062
0,0,-0.775038,0.446281,0.44738
0,0,0.825631,0.173961,0.536723
0,0,0.691262,0.472998,0.546287
13.3052,20.0681,-0.290415,-0.131021,0.947889
0,0,0.488053,-0.174416,0.855209
0,0,0.265648,-0.735693,0.623046
0,0,0.271799,0.00437624,0.962344
0,0,-0.246145,0.721103,0.647628
0,0,-0.0524948,0.611926,0.789171
0,0,0.975216,0.176382,0.13358
0,0,-0.186072,0.681382,0.707881
0,0,0.162365,0.537063,0.827769
0,0,-0.417528,0.646558,0.638461
0,0,0.192278,-0.615632,0.764216
0,0,-0.460512,0.448622,0.765942
0,0,0.245433,0.962296,0.117256
0,0,0.156024,-0.674692,0.72142
0,0,0.491251,0.867128,0.0822293
0,0,-0.84815,0.0808557,0.52355
0,0,0.484835,0.787106,0.381314
23.4821,33.6314,-0.462118,0.683466,0.565085
21.7947,32.0487,0.726594,-0.00276757,-0.687062
0,0,0.733196,0.506789,0.453418
0,0,-0.4931,-0.828468,0.265506
0,0,0.558714,0.775905,0.292933
0,0,-0.141221,0.878792,0.455831
0,0,0.149334,-0.867711,0.474106
0,0,-0.547084,0.634374,0.54614
0,0,-0.987846,-0.143144,0.0605734
0,0,0.223802,-0.833483,0.505191
0,0,-0.476123,-0.767808,0.428692
0,0,0.278774,0.940632,0.193638
0,0,-0.373239,-0.521095,0.767563
0,0,0.295162,-0.601247,0.74255
0,0,0.719528,0.547428,0.427319
0,0,0.412618,0.614614,0.672306
0,0,0.984501,0.137414,0.108975
0,0,0.126429,0.488018,0.863628
0,0,0.819411,0.514403,0.252894
0,0,0.311403,0.842263,0.440025
0,0,0.505843,0.84728,0.161987
0,0,0.490791,0.856846,0.157921
0,0,-0.854056,-0.508928,0.107611
0,0,-0.558615,-0.578628,0.594255
0,0,-0.706848,0.705664,0.0490238
0,0,-0.409668,-0.873706,0.262316
0,0,0.226757,-0.768395,0.598457
0,0,0.238779,-0.932412,0.27128
0,0,0.619736,-0.41889,0.66367
0,0,0.29265,-0.906695,0.303743
0,0,-0.401815,0.634854,0.659928
0,0,-0.198532,0.864005,0.462688
0,0,0.373498,0.882558,0.285639
0,0,-0.129593,-0.907787,0.398908
0,0,0.605192,-0.743489,0.284546
0,0,-0.885633,0.372082,0.277866
0,0,0.83268,0.415087,0.366534
0,0,0.12381,0.627366,0.768819
0,0,0.523065,0.517686,0.677055
0,0,0.431791,-0.247637,0.867313
0,0,0.309401,0.832592,0.459414
0,0,0.113416,0.841468,0.528269
0,0,-0.537775,0.840323,0.0682283
0,0,-0.249193,0.907999,0.33681
0,0,-0.128513,0.514245,0.84796
0,0,0.397768,0.857601,0.326039
0,0,-0.827881,0.0247208,0.560358
0,0,0.264357,0.256382,0.929722
0,0,-0.863878,-0.140414,0.483733
0,0,0.964507,0.201754,0.170359
0,0,0.568823,-0.226859,0.790553
0,0,-0.118697,-0.916872,0.381124
0,0,0.499313,-0.344374,0.795043
0,0,0.720991,-0.642468,0.259628
0,0,-0.595049,-0.703747,0.388145
0,0,0.777703,0.570667,0.263661
0,0,0.92655,0.246192,0.284421
0,0,0.496251,0.824648,0.27146
0,0,-0.00944106,0.521394,0.853264
0,0,0.299235,-0.899451,0.318507
0,0,0.431491,0.767019,0.474865
0,0,0.966988,0.0362696,0.252226
0,0,0.300963,0.734206,0.608575
0,0,-0.164331,0.28691,0.943757
0,0,-0.198292,-0.846851,0.493481
0,0,-0.898128,0.19593,0.393673
0,0,0.525115,-0.539873,0.657869
0,0,0.791136,-0.0760387,0.606895
0,0,0.646599,0.637107,0.419529
0,0,0.397225,-0.096669,0.912616
0,0,0.172267,0.291526,0.940923
0,0,-0.640509,0.721384,0.263349
0,0,0.198908,0.64249,0.740028
0,0,0.451703,-0.750596,0.482255
0,0,-0.614608,-0.00488142,0.788818
0,0,-0.221629,0.686029,0.692997
0,0,0.815029,0.132324,0.564108
0,0,0.0536562,-0.585487,0.808904
0,0,0.321778,-0.323317,0.889902
0,0,-0.717724,-0.676823,0.163653
0,0,-0.706219,0.575,0.413075
0,0,-0.0824518,-0.435538,0.896386
0,0,0.952777,0.246827,0.176896
0,0,-0.0375129,-0.427271,0.903345
0,0,-0.450175,-0.520488,0.725559
0,0,0.489706,-0.436881,0.754535
0,0,-0.999504,0.0264059,0.0171578
0,0,0.976415,0.0267951,0.214235
0,0,-0.99989,0.0132914,0.00651108
0,0,0.925493,-0.316234,0.208467
1.23037,1.88823,-0.309344,0.300212,0.902319
0,0,-0.612044,-0.464876,0.63976
0,0,0.907721,0.26041,0.328983
0,0,-0.978199,-0.058388,0.199293
0,0,-0.252411,-0.801849,0.541596
0,0,0.508598,-0.574764,0.641073
0,0,0.612448,0.117417,0.781742
0,0,-0.352703,-0.889643,0.290062
0,0,0.0236679,0.686525,0.726721
0,0,-0.625691,-0.699716,0.344832
0,0,0.255436,0.756918,0.601522
0,0,0.290231,-0.849179,0.441204
8.09737,12.1803,-0.885903,0.226388,0.404875
0,0,-0.45486,-0.143138,0.878985
0,0,0.731021,0.61535,0.294877
0,0,-0.106123,0.961427,0.253764
0,0,-0.380046,-0.91781,0.11485
0,0,-0.0727764,-0.715332,0.694984
0,0,-0.0914586,-0.428118,0.899083
0,0,-0.47007,0.703157,0.533483
0,0,-0.217082,-0.351593,0.910636
0,0,-0.315027,0.852266,0.417613
0,0,0.16243,-0.592989,0.788658
0,0,-0.991433,0.0208055,0.12895
0,0,0.73788,-0.591305,0.325411
0,0,-0.232531,-0.744609,0.625689
0,0,-0.187701,-0.374982,0.907831
0,0,0.0241504,-0.727813,0.68535
0,0,0.884249,0.340485,0.319647
0,0,-0.150065,0.80936,0.567818
0,0,-0.323172,-0.877254,0.354945
0,0,-0.968942,0.167964,0.181493
0,0,-0.17192,-0.799228,0.575915
0,0,0.507706,0.23558,0.828696
0,0,0.69296,0.684176,0.227396
0,0,0.907877,0.224866,0.353829
0,0,-0.574411,0.104452,0.811875
0,0,-0.750344,-0.630009,0.200181
0,0,-0.825205,0.404054,0.394686
0,0,-0.0929755,-0.770358,0.630797
0,0,0.975471,-0.184523,0.120028
0,0,-0.584789,-0.730867,0.351931
0,0,0.944633,-0.197036,0.262384
0,0,-0.987808,0.135668,0.0763519
0,0,0.844108,0.286632,0.453126
0,0,0.793946,-0.469661,0.386094
0,0,0.00381728,-0.806183,0.591655
0,0,-0.779645,-0.528378,0.33611
0,0,-0.953512,-0.112288,0.279654
0,0,-0.277969,-0.423493,0.862199
0,0,-0.569566,-0.783807,0.247471
0,0,-0.393586,0.124413,0.91083
0,0,0.640408,-0.665167,0.383966
0,0,0.6297,-0.451942,0.631844
0,0,-0.385494,0.882564,0.269213
0,0,0.791642,0.486764,0.369276
0,0,-0.901117,-0.404574,0.155913
0,0,0.272918,0.450692,0.849937
0,0,-0.220343,0.949751,0.222309
0,0,-0.322542,-0.677887,0.660633
0,0,0.841648,0.487726,0.231845
0,0,0.767023,0.0812733,0.636452
0,0,0.448519,0.530133,0.719576
0,0,-0.916962,0.325869,0.230197
0,0,-0.296126,-0.913861,0.27779
0,0,-0.64786,-0.371369,0.665103
0,0,-0.30531,0.950902,0.0507071
0,0,-0.258448,0.162939,0.952185
0,0,-0.91975,-0.317339,0.230988
0,0,0.9977,0.0519081,0.0435969
0,0,-0.539597,0.834358,0.112612
0,0,0.657005,-0.753061,0.0352527
0,0,-0.411477,0.432167,0.802445
0,0,0.172499,-0.976854,0.126492
0,0,0.76571,-0.22905,0.60102
0,0,-0.703907,0.660615,0.260965
0,0,0.489716,0.857925,0.15538
0,0,0.379669,0.691413,0.614655
19.7495,27.523,0.160797,-0.400521,0.902068
0,0,-0.0714625,0.995417,0.0635524
0,0,-0.907151,0.287058,0.307693
0,0,0.761175,0.559277,0.328363
0,0,-0.128855,0.690315,0.711942
0,0,-0.520763,-0.84001,0.152281
0,0,-0.160906,0.604762,0.779982
0,0,-0.988264,-0.115487,0.0999818
0,0,0.991002,-0.133428,0.0106012
0,0,0.937207,-0.274112,0.215651
0,0,0.233685,-0.356744,0.904503
0,0,0.764423,0.541975,0.349171
0,0,-0.506054,0.262742,0.821508
0,0,0.768056,0.43191,0.472804
0,0,-0.473714,-0.719349,0.508067
0,0,-0.422461,0.579536,0.696896
0,0,0.943937,-0.0166441,0.329707
0,0,0.271362,-0.305624,0.912665
0,0,-0.814846,-0.309186,0.490336
0,0,0.0107298,-0.418181,0.9083
0,0,0.415205,-0.842116,0.34416
0,0,0.136224,0.990633,0.00943197
0,0,0.675996,0.0409562,0.735766
0,0,-0.191261,0.124819,0.973571
0,0,0.994373,-0.0967577,0.0431267
0,0,-0.470936,0.436615,0.766542
0,0,-0.871397,-0.489901,0.0257715
0,0,-0.473167,0.779066,0.411301
0,0,0.470877,-0.641392,0.605715
0,0,0.830778,0.449227,0.328638
0,0,-0.0896564,-0.163293,0.982495
0,0,0.0733361,0.976824,0.201089
0,0,-0.7377,0.0355379,0.674193
0,0,-0.582046,-0.597878,0.551148
0,0,0.117383,0.951693,0.28373
0,0,0.530354,-0.62344,0.574497
20.4833,28.8612,-0.462743,-0.85864,-0.220469
0,0,-0.0262007,-0.937413,0.347233
0,0,0.887847,0.434571,0.151244
0,0,-0.974639,0.105498,0.197353
0,0,-0.299595,-0.678323,0.670911
0,0,-0.755685,-0.35486,0.550468
13.2535,19.7697,-0.314322,-0.012774,0.94923
0,0,-0.751744,-0.217316,0.62262
0,0,0.559876,-0.733032,0.386268
0,0,0.796449,-0.0979541,0.596719
0,0,-0.796501,-0.217415,0.564196
0,0,0.155463,0.627262,0.763134
0,0,0.67236,-0.714625,0.192985
0,0,-0.0310367,0.313438,0.949101
0,0,-0.298833,-0.805878,0.511135
0,0,-0.093528,-0.782676,0.615362
0,0,0.759377,-0.628323,0.16899
0,0,0.947755,-0.299737,0.109171
0,0,0.97255,0.230262,0.0335432
0,0,0.631062,-0.266665,0.728458
0,0,-0.782182,-0.559088,0.274977
0,0,-0.616349,0.787381,0.0120702
0,0,-0.0618857,0.922076,0.382028
0,0,-0.423792,-0.177111,0.888275
0,0,-0.0485871,0.586028,0.808833
0,0,0.701066,0.551065,0.452586
0,0,-0.741342,-0.627338,0.238452
0,0,0.341662,0.936665,0.076974
0,0,-0.273468,0.714182,0.644329
0,0,-0.759045,0.640234,0.118118
0,0,0.313745,-0.772406,0.552226
0,0,-0.0238371,-0.994674,0.100277
0,0,-0.208076,0.82718,0.521993
0,0,-0.0294901,0.385364,0.922293
0,0,0.669102,-0.601553,0.43639
0,0,0.0485882,-0.0329624,0.998275
0,0,-0.302362,-0.503124,0.809594
0,0,0.239449,0.955236,0.173749
0,0,-0.42779,0.903174,0.0356783
0,0,-0.485813,0.671998,0.558932
0,0,0.0855495,-0.702348,0.706674
0,0,0.964785,-0.0471808,0.258775
0,0,0.444847,-0.836301,0.320487
0,0,-0.164363,-0.62001,0.767185
0,0,0.301966,0.399675,0.865492
0,0,-0.561496,-0.827042,0.0268882
0,0,-0.41647,0.810574,0.411731
0,0,-0.906059,0.414319,0.0860025
0,0,0.982815,-0.132781,0.128233
0,0,0.170256,-0.898388,0.40486
0,0,-0.469285,-0.636787,0.611779
0,0,-0.0586427,-0.725176,0.686062
0,0,-0.143759,0.161586,0.976332
0,0,0.0519618,0.170854,0.983925
0,0,-0.503806,0.63645,0.584048
0,0,0.138946,-0.620234,0.772012
0,0,-0.801875,0.175732,0.571065
0,0,0.380202,0.921152,0.0832213
0,0,-0.654075,-0.451698,0.606758
0,0,-0.326031,0.800641,0.502671
0,0,-0.69144,-0.7215,0.0367289
0,0,0.434817,-0.75412,0.492176
0,0,0.190765,0.349633,0.91726
0,0,-0.865881,-0.383992,0.320624
0,0,0.205945,-0.938317,0.277754
0,0,-0.504533,0.514115,0.693638
0,0,-0.663255,0.746851,0.0480192
0,0,0.178481,-0.665655,0.724601
0,0,-0.978687,0.118111,0.167994
0,0,0.63009,0.775937,0.0301303
0,0,-0.24996,0.87422,0.416244
0,0,0.994919,0.00448032,0.100583
0,0,-0.156921,-0.987297,0.0249043
0,0,-0.0681077,-0.831021,0.552055
0,0,0.79887,-0.548134,0.2477
0,0,-0.652675,-0.514429,0.556218
0,0,-0.482296,0.462215,0.744142
0,0,0.179426,-0.971607,0.154228
0,0,0.792548,-0.542092,0.279292
0,0,0.590925,0.805096,0.051264
0,0,-0.147843,0.775411,0.613906
0,0,-0.594642,-0.516097,0.616478
0,0,-0.0927616,-0.621702,0.777741
0,0,0.867816,-0.492814,0.0634831
0,0,0.155806,0.330331,0.930917
0,0,0.710971,0.570281,0.411461
0,0,0.286835,0.945866,0.151863
0,0,-0.828109,0.264555,0.494213
0,0,-0.217282,-0.779929,0.58694
0,0,-0.608869,0.675185,0.416418
0,0,0.796703,-0.251317,0.54964
0,0,-0.248187,-0.606975,0.754973
0,0,0.30694,0.0141221,0.951624
0,0,0.199186,-0.706494,0.679111
0,0,-0.253126,0.623253,0.739921
0,0,-0.648597,0.550594,0.525516
0,0,-0.348348,0.700238,0.623153
0,0,0.0622013,-0.909232,0.411615
1.36666,2.22973,0.122334,-0.359378,0.925139
0,0,0.24713,0.440871,0.862879
0,0,0.464019,-0.536811,0.704642
0,0,0.56886,0.567814,0.594968
0,0,0.997419,-0.0583091,0.0419089
0,0,-0.882823,-0.161241,0.441162
0,0,0.995172,-0.0664319,0.0722526
0,0,-0.356973,0.907934,0.219605
0,0,0.857864,0.39861,0.324315
0,0,-0.246418,0.913623,0.323374
0,0,0.32904,-0.941637,0.0710736
0,0,0.610539,0.410297,0.677421
0,0,-0.85937,0.28342,0.425626
0,0,0.376619,-0.926301,0.011135
0,0,-0.300389,0.5012,0.81152
0,0,0.662478,-0.138349,0.736194
0,0,-0.606434,0.432704,0.667087
0,0,-0.373876,0.298256,0.878214
0,0,-0.953156,-0.300794,0.0318831
0,0,-0.854341,0.304626,0.421076
0,0,0.814043,0.304354,0.494675
0,0,0.53234,-0.0433236,0.845421
0,0,-0.521703,0.427605,0.738227
0,0,-0.814538,0.573504,0.0872977
0,0,0.351972,-0.313644,0.881898
0,0,0.82258,-0.358051,0.441771
0,0,-0.844005,-0.139492,0.517877
0,0,0.965845,-0.245706,0.0822878
0,0,-0.374628,0.427087,0.822952
0,0,-0.111178,-0.496195,0.861063
0,0,-0.00993563,0.715146,0.698905
0,0,-0.0643087,0.876079,0.477859
0,0,-0.287985,-0.64145,0.71106
0,0,-0.359092,-0.919367,0.160677
0,0,-0.909671,-0.3142,0.27162
0,0,-0.866869,0.367231,0.337163
0,0,-0.485637,0.706572,0.514697
0,0,-0.0264056,0.860002,0.509608
0,0,0.178826,-0.982815,0.0457771
0,0,-0.995127,0.084858,0.0502043
0,0,0.562321,-0.538814,0.627276
0,0,-0.915021,-0.392237,0.0942738
0,0,0.929617,-0.0906396,0.357208
0,0,0.45233,-0.515786,0.727573
0,0,-0.330493,0.50799,0.795438
0,0,-0.205568,0.978623,0.00616761
0,0,-0.819089,-0.0831335,0.567611
0,0,0.676611,0.684745,0.27078
0,0,-0.393291,-0.912694,0.110955
0,0,0.640183,-0.75702,0.130714
0,0,-0.319526,-0.704531,0.633671
0,0,0.313669,0.773959,0.550091
0,0,-0.478182,0.870099,0.119454
0,0,-0.347959,-0.537644,0.768025
0,0,0.449748,0.742932,0.49576
20.3963,29.037,0.376944,0.204008,0.90349
0,0,0.74504,0.36807,0.556273
0,0,0.862639,0.151026,0.482747
0,0,-0.384627,-0.832141,0.399505
0,0,0.635626,-0.77177,0.0187367
0,0,0.833179,-0.412896,0.367873
0,0,-0.90746,-0.229847,0.351692
0,0,-0.471407,0.250658,0.845545
0,0,-0.0666409,-0.493143,0.867392
17.527,24.7259,-0.351298,0.653808,0.670168
0,0,0.987203,0.126839,0.0966503
0,0,0.823675,-0.453087,0.340988
0,0,-0.963507,0.140455,0.227875
0,0,0.9097,0.373658,0.181177
0,0,0.141717,-0.809988,0.569065
0,0,0.545364,-0.822741,0.160236
0,0,0.444412,0.191836,0.875041
0,0,0.375268,0.570765,0.730343
0,0,-0.26156,-0.469777,0.843146
0,0,-0.0334911,0.946806,0.320056
0,0,0.627343,0.034376,0.777984
0,0,0.832301,0.552013,0.0505603
0,0,-0.611818,0.712361,0.343832
0,0,-0.983043,-0.182586,0.0169649
0,0,0.666294,-0.268127,0.695816
0,0,-0.744684,-0.344579,0.571586
0,0,0.341775,0.250462,0.905792
0,0,-0.977283,-0.210222,0.0269087
0,0,0.570739,0.807044,0.151448
0,0,-0.725486,-0.688236,0.000204234
0,0,0.637286,-0.150787,0.755731
0,0,-0.11383,0.616578,0.779021
0,0,0.631427,-0.748248,0.203533
0,0,0.435226,0.424702,0.793856
0,0,0.801283,0.315391,0.508403
0,0,-0.976854,0.13939,0.162258
0,0,-0.264949,0.953749,0.142003
0,0,-0.69216,0.413645,0.591449
0,0,0.698682,0.461909,0.546336
0,0,0.499177,0.795702,0.343046
0,0,0.692123,-0.326522,0.6437
0,0,0.972989,0.207078,0.102035
0,0,0.458123,-0.882599,0.10556
0,0,0.903812,-0.260822,0.339258
0,0,-0.555603,-0.760494,0.336086
0,0,-0.0420905,-0.778252,0.62654
0,0,0.662543,-0.381193,0.64477
0,0,0.781936,-0.0921262,0.616513
0,0,-0.104334,-0.643952,0.757918
0,0,-0.405175,0.207316,0.890423
0,0,-0.855683,-0.116958,0.504111
0,0,-0.58603,0.0989985,0.804219
0,0,0.695902,0.499439,0.516025
0,0,0.20434,0.485741,0.849883
0,0,0.328191,0.193784,0.924521
0,0,-0.234477,-0.647681,0.724935
0,0,0.570549,-0.59356,0.567593
0,0,0.543894,0.806408,0.23213
0,0,0.498708,-0.854824,0.14341
0,0,-0.564728,0.625908,0.537886
0,0,0.0401759,-0.606863,0.79379
0,0,-0.933002,-0.359259,0.020974
0,0,0.893131,0.286758,0.346535
0,0,-0.838816,0.511495,0.186444
0,0,0.84284,-0.257828,0.472383
0,0,-0.256847,-0.698249,0.66819
0,0,0.682232,0.651456,0.33191
0,0,-0.673427,-0.648599,0.354704
10.5832,16.3335,0.249617,-0.0439744,0.967346
0,0,0.305743,0.0319601,0.951578
0,0,0.0762136,-0.812292,0.57825
0,0,0.00867847,0.771495,0.636176
0,0,-0.347406,-0.0541564,0.93615
0,0,-0.291077,0.884935,0.363543
0,0,0.433544,-0.200476,0.878549
0,0,0.97461,0.0234579,0.222678
0,0,0.994128,0.0948241,0.0521423
0,0,0.164264,0.942398,0.291383
0,0,0.0275869,-0.99957,0.00991693
0,0,0.974046,0.0405579,0.222687
0,0,0.759853,-0.623199,0.18506
0,0,-0.944921,-0.15543,0.288038
0,0,-0.857344,0.409205,0.312271
0,0,-0.897832,-0.43851,0.0400706
0,0,-0.126314,-0.964047,0.233791
0,0,0.0948992,0.954103,0.284045
0,0,-0.820381,0.54518,0.17249
0,0,-0.133158,-0.687499,0.713872
0,0,-0.924737,-0.344377,0.162067
0,0,0.287865,0.352862,0.890293
0,0,0.162231,-0.455825,0.87516
0,0,0.721994,0.647317,0.244346
0,0,0.712254,0.70125,0.0307202
0,0,-0.325886,0.738379,0.59042
0,0,-0.850518,-0.281572,0.444226
0,0,0.207658,-0.204541,0.956578
0,0,-0.739067,0.37883,0.557017
0,0,0.0206266,-0.785721,0.618237
0,0,0.0819417,-0.678481,0.730033
0,0,-0.646047,0.686486,0.333707
0,0,0.921657,-0.11004,0.372075
0,0,0.0752517,-0.769981,0.633614
0,0,-0.819388,0.305887,0.484805
0,0,-0.831961,-0.00672099,0.554794
0,0,-0.842964,0.113151,0.525936
0,0,0.171201,0.666648,0.725445
0,0,0.834567,-0.131013,0.535102
0,0,0.941223,0.108497,0.319887
0,0,-0.278475,-0.898606,0.339056
0,0,-0.256202,0.913257,0.316736
0,0,-0.26617,0.340761,0.901685
0,0,0.0799484,0.763806,0.640476
0,0,-0.715063,0.307262,0.627913
0,0,-0.212089,-0.733723,0.6455
0,0,0.291902,0.58256,0.758563
0,0,0.887223,-0.0122276,0.46118
0,0,-0.547844,-0.835313,0.046023
0,0,0.609832,-0.364383,0.703797
0,0,-0.420937,0.86649,0.268341
8.48206,12.8569,0.188404,-0.944428,0.26937
0,0,-0.671523,0.739271,0.0503563
0,0,0.826329,0.350783,0.440604
0,0,0.733529,0.655203,0.180677
0,0,-0.382997,-0.907989,0.169911
0,0,0.101522,0.869114,0.484081
0,0,0.659943,0.545621,0.5165
0,0,0.177208,0.785777,0.592581
0,0,0.0303323,-0.589122,0.807474
0,0,-0.699091,-0.328179,0.635271
0,0,-0.398355,-0.9167,0.031232
0,0,0.566314,-0.824183,0.00334988
0,0,-0.424794,0.747378,0.510858
0,0,0.691288,-0.122629,0.712098
0,0,0.482943,0.875201,0.0280782
0,0,-0.151591,-0.650251,0.744442
0,0,-0.118322,-0.786783,0.605782
0,0,-0.875619,0.0417547,0.481195
0,0,-0.844867,0.534057,0.0313367
0,0,-0.842055,0.425291,0.331771
0,0,-0.583116,0.765695,0.271454
0,0,0.207113,0.70404,0.679288
0,0,0.576588,-0.450901,0.681348
0,0,0.671969,0.244233,0.699148
0,0,0.146064,-0.935861,0.320671
0,0,-0.183505,0.49306,0.850422
0,0,0.461023,-0.780678,0.4219
0,0,0.843481,-0.0803655,0.531113
0,0,0.827999,0.224724,0.513728
0,0,0.163367,-0.806575,0.568109
0,0,-0.58403,-0.373456,0.720722
0,0,-0.149138,0.631406,0.760976
0,0,0.694437,-0.238984,0.678707
0,0,-0.805832,-0.493214,0.32768
0,0,-0.329728,0.846881,0.417219
0,0,0.596162,0.802643,0.0188345
0,0,-0.611606,-0.193944,0.767023
0,0,0.558546,-0.81268,0.166062
0,0,0.702124,-0.712036,0.00514023
0,0,0.224066,0.97206,0.0699518
0,0,-0.653208,-0.695903,0.298391
0,0,0.857897,0.501688,0.111003
0,0,0.384991,0.722271,0.574549
0,0,-0.235447,0.648437,0.723944
0,0,0.0686893,-0.626768,0.776172
0,0,0.211914,0.935186,0.283759
0,0,0.657313,-0.466407,0.59195
0,0,-0.566149,-0.819951,0.0845859
0,0,-0.237863,0.718982,0.653059
0,0,-0.611688,0.790991,0.0130884
0,0,0.403631,-0.240187,0.882832
0,0,0.0440642,0.355335,0.9337
0,0,0.851993,-0.0721976,0.518552
0,0,0.875526,0.0349579,0.481905
0,0,-0.959952,0.227402,0.16365
0,0,-0.0956292,0.600752,0.793695
0,0,0.0646008,0.997905,0.0033824
0,0,-0.86082,0.0402762,0.507313
0,0,-0.623919,0.649348,0.434824
0,0,-0.663146,0.712463,0.229423
0,0,-0.113236,0.851956,0.511222
0,0,-0.105726,-0.648325,0.753988
0,0,-0.756218,-0.60862,0.240242
0,0,0.12512,-0.413376,0.901923
0,0,0.802006,0.0453302,0.595594
0,0,-0.0418094,0.880709,0.471808
0,0,0.458719,0.411365,0.787626
0,0,0.0280995,-0.911041,0.411356
0,0,0.70743,0.489199,0.510125
0,0,0.726298,0.686816,0.02785
0,0,0.251807,0.94302,0.217503
0,0,0.404876,0.6518,0.641274
0,0,0.0952937,-0.435716,0.895026
0,0,-0.399369,0.777905,0.485147
0,0,-0.64459,0.7492,0.152325
0,0,-0.982087,0.110153,0.152876
0,0,-0.986237,0.0869435,0.140633
0,0,-0.539257,-0.298895,0.787314
0,0,0.640187,-0.741976,0.199078
0,0,0.619784,0.751086,0.22746
0,0,-0.690273,-0.591058,0.417341
0,0,-0.689351,0.0389839,0.723378
0,0,0.0973956,-0.609943,0.786437
0,0,-0.673104,-0.731009,0.112054
0,0,-0.225027,0.952761,0.203981
22.2888,32.438,0.155348,-0.892983,0.422432
0,0,0.0639478,-0.982355,0.175753
0,0,0.24696,0.636199,0.730932
0,0,-0.698144,0.404386,0.59082
0,0,-0.865023,-0.170296,0.471947
0,0,0.0202526,-0.568891,0.822164
0,0,0.957057,0.283265,0.0616618
0,0,0.821156,-0.344398,0.455075
0,0,-0.814744,0.3645,0.450923
0,0,-0.923311,-0.360676,0.131944
0,0,0.694879,0.669357,0.262878
0,0,-0.484124,0.477227,0.733402
0,0,-0.604811,0.578336,0.547477
0,0,0.270771,0.450703,0.850618
0,0,-0.753038,0.607739,0.252165
0,0,-0.9522,0.261893,0.15725
0,0,-0.131341,0.966609,0.220038
0,0,-0.550738,-0.769454,0.323464
0,0,-0.750588,0.440134,0.49285
0,0,0.276402,0.317632,0.907035
0,0,-0.692027,0.708528,0.138156
0,0,0.651236,-0.412297,0.637105
0,0,-0.557878,0.829835,0.0120833
0,0,0.486462,-0.772217,0.408699
0,0,-0.343801,-0.875936,0.338434
0,0,0.0520755,-0.915406,0.399148
0,0,0.323581,-0.251751,0.912095
0,0,0.917424,0.0747057,0.390834
0,0,0.432643,0.789539,0.435256
0,0,0.932612,-0.335402,0.133191
0,0,-0.285125,0.493342,0.821777
0,0,0.874534,0.121918,0.469389
0,0,0.616537,-0.710631,0.338947
0,0,0.611005,0.201778,0.765479
0,0,-0.0255008,0.969418,0.244085
0,0,-0.825024,-0.396393,0.402751
0,0,0.916923,0.139853,0.373756
0,0,-0.455762,-0.594171,0.662753
0,0,0.953961,0.203062,0.220737
0,0,-0.474555,-0.00634816,0.880203
0,0,-0.528948,0.72733,0.43727
0,0,0.489897,0.644879,0.586628
0,0,-0.886315,0.0552988,0.459769
0,0,0.00407427,0.997421,0.0716567
0,0,-0.460556,0.550911,0.695978
0,0,0.387862,-0.902978,0.184914
0,0,0.706282,-0.308737,0.637062
0,0,0.216743,-0.675971,0.704334
0,0,-0.855953,-0.515832,0.0355189
0,0,0.470007,-0.838948,0.274334
0,0,0.816337,0.404949,0.411837
0,0,0.367919,0.876466,0.310552
0,0,0.468274,0.832011,0.29745
0,0,-0.180703,0.597058,0.78158
0,0,0.430533,-0.661638,0.613902
19.879,29.414,-0.328463,-0.233799,0.915123
0,0,-0.0910921,0.995468,0.0273194
0,0,-0.913456,-0.0366036,0.405287
0,0,0.232947,-0.375277,0.897164
0,0,0.0193794,0.91083,0.412326
0,0,0.56109,0.810263,0.169268
0,0,-0.0402174,0.716649,0.696274
0,0,-0.819688,0.450435,0.353864
0,0,-0.82964,0.3721,0.416221
0,0,0.426263,0.572904,0.700058
0,0,0.147742,-0.822735,0.548889
0,0,-0.288946,-0.449848,0.845072
4.02472,5.70136,0.382858,-0.822415,0.420778
0,0,0.849618,-0.423947,0.313715
0,0,0.105878,0.537188,0.836791
13.1435,16.716,0.647221,-0.0533977,0.76043
0,0,-0.594356,0.0367927,0.80336
0,0,-0.368055,0.895021,0.25194
0,0,0.255727,-0.0378312,0.966009
9.39074,13.6813,-0.544991,0.792216,0.274552
0,0,-0.581521,0.616916,0.530329
0,0,-0.541522,-0.836584,0.0829562
0,0,0.969429,-0.188378,0.157233
0,0,-0.962,-0.0585749,0.266691
0,0,0.848952,-0.0192214,0.528121
0,0,-0.243866,0.892652,0.379081
0,0,0.926128,0.00332409,0.377195
0,0,0.798075,-0.602211,0.020457
0,0,-0.222985,-0.296863,0.92852
0,0,-0.998511,-0.0506067,0.0203471
0,0,0.0045615,-0.465904,0.884823
0,0,-0.619722,0.70712,0.340478
0,0,0.701672,0.578712,0.41563
0,0,-0.260502,0.645976,0.717533
0,0,-0.38439,-0.22887,0.89435
0,0,-0.0735007,-0.68946,0.720585
0,0,-0.656107,0.00651463,0.75464
0,0,0.628809,0.376942,0.680083
0,0,-0.384465,-0.0856458,0.919158
0,0,-0.940247,-0.174496,0.29238
0,0,0.441237,0.892178,0.0965879
0,0,-0.890322,0.40492,0.208244
0,0,-0.0112621,-0.140386,0.990033
0,0,-0.0708106,0.943347,0.324164
0,0,-0.118706,0.451265,0.884459
0,0,0.473287,0.783769,0.402127
0,0,0.403067,0.100963,0.909584
0,0,-0.289331,-0.120758,0.949581
0,0,-0.558545,0.677471,0.478602
0,0,0.00292478,-0.454938,0.890518
0,0,-0.288823,0.547654,0.785275
0,0,0.130575,-0.904042,0.407011
0,0,0.685583,0.717749,0.121702
0,0,0.804702,-0.185905,0.563821
0,0,-0.139397,0.773982,0.617674
0,0,-0.18876,0.775241,0.602802
0,0,0.268445,0.379132,0.885549
0,0,-0.598383,0.681235,0.421731
0,0,0.884222,-0.428011,0.186972
0,0,-0.734324,-0.046226,0.677224
0,0,0.476642,-0.837572,0.266993
0,0,-0.76375,0.281253,0.581019
0,0,-0.481481,-0.362474,0.79799
0,0,-0.716077,-0.615394,0.329429
0,0,-0.237641,-0.332561,0.91265
0,0,0.558867,-0.812347,0.166614
0,0,0.978136,-0.0678078,0.196601
0,0,-0.26044,-0.522927,0.811614
0,0,-0.57392,0.182401,0.798339
0,0,-0.672992,0.213126,0.708279
0,0,0.389279,0.4214,0.819075
0,0,-0.998888,0.00924197,0.0462232
0,0,-0.32529,-0.93041,0.16889
0,0,-0.947649,0.294994,0.12223
0,0,-0.0988365,-0.648989,0.754351
12.2471,19.0546,-0.32393,0.56111,0.761725
0,0,-0.209703,0.754202,0.622257
0,0,0.681825,0.371856,0.629951
0,0,0.00249591,0.851519,0.524318
0,0,-0.11672,-0.887331,0.446116
0,0,0.00361776,-0.720777,0.693158
0,0,-0.209074,0.505233,0.837274
0,0,0.486276,-0.693033,0.532204
0,0,0.195996,-0.741871,0.641258
0,0,0.182191,0.515283,0.83743
0,0,0.933435,-0.247223,0.25996
0,0,0.239091,-0.628285,0.740333
0,0,-0.0819743,0.818438,0.568718
0,0,-0.128111,-0.484797,0.865193
0,0,0.631739,-0.694406,0.344537
0,0,0.716445,-0.185798,0.672448
0,0,0.638192,0.125405,0.759595
0,0,-0.335303,0.33745,0.879602
0,0,-0.20722,-0.737202,0.643111
0,0,-0.724455,0.669666,0.163442
0,0,-0.610962,0.412753,0.675545
0,0,0.360638,0.406576,0.839426
0,0,-0.330643,-0.375741,0.865733
0,0,0.825306,0.473495,0.307688
0,0,0.934761,0.2029,0.291639
0,0,0.505902,-0.167012,0.846269
0,0,0.0681055,-0.492275,0.867771
0,0,-0.403057,0.475083,0.782203
0,0,0.438152,-0.391903,0.808971
18.2875,26.24,0.601625,0.106444,0.791655
0,0,-0.016058,0.608512,0.793382
16.3877,23.7017,0.477362,0.338111,0.811053
0,0,0.751102,0.0556589,0.657836
0,0,-0.171586,-0.539354,0.824412
0,0,-0.921621,-0.242015,0.303388
0,0,0.463734,-0.540481,0.702019
0,0,-0.444467,0.895178,0.0332519
0,0,0.668166,0.680279,0.301289
0,0,-0.0155427,0.999105,0.0393273
0,0,-0.792854,-0.27999,0.541284
0,0,-0.0480128,-0.928307,0.368703
0,0,0.921624,-0.373389,0.10578
0,0,-0.714065,0.0147877,0.699923
0,0,-0.751779,-0.356136,0.554974
0,0,-0.286114,-0.489615,0.82366
0,0,-0.0520555,-0.862466,0.503431
0,0,-0.660361,-0.156638,0.73443
0,0,0.15641,-0.893506,0.420931
0,0,-0.295923,-0.0687754,0.952733
0,0,0.213092,0.561318,0.799696
0,0,-0.166806,-0.972662,0.161571
0,0,-0.87629,0.108885,0.469318
0,0,0.108675,0.400202,0.909961
0,0,0.881427,0.458081,0.115098
0,0,0.349112,0.935098,0.0609319
0,0,-0.940574,0.152233,0.303555
0,0,-0.496854,-0.0459225,0.866618
0,0,0.0835485,-0.266958,0.96008
0,0,-0.954772,0.198507,0.221374
0,0,-0.990256,-0.119384,0.0716946
0,0,-0.828658,0.55665,0.0588777
0,0,-0.0706876,-0.97175,0.225179
0,0,0.755988,0.654046,0.0265563
0,0,0.300448,0.871767,0.386979
22.9552,31.822,0.453375,-0.219203,0.863945
0,0,0.897415,0.0442333,0.438964
0,0,0.927578,0.161814,0.336772
0,0,0.657758,0.395926,0.640778
0,0,-0.609576,-0.760888,0.222412
0,0,0.806094,-0.253835,0.534584
0,0,0.744178,-0.391154,0.541477
0,0,0.471393,-0.791225,0.389554
0,0,0.321711,-0.104474,0.941056
0,0,0.126082,-0.310559,0.942155
0,0,-0.879179,0.168431,0.445731
0,0,0.0849736,0.613744,0.784919
0,0,-0.335342,0.713289,0.615438
0,0,0.310634,-0.340868,0.887308
0,0,0.805375,0.554163,0.210414
0,0,-0.946792,-0.288455,0.142757
0,0,0.694731,0.584602,0.419034
0,0,0.465673,-0.390857,0.793964
10.032,13.8717,0.622244,0.739064,-0.258061
0,0,0.840029,-0.0667497,0.538419
0,0,-0.954103,-0.299444,0.00458696
0,0,0.767777,-0.535334,0.352044
0,0,0.600404,0.738991,0.305627
0,0,0.7088,-0.335444,0.620548
0,0,-0.22332,-0.950346,0.216727
0,0,0.0721185,0.994674,0.0736382
0,0,0.889371,0.350855,0.29312
0,0,-0.57259,-0.748595,0.334284
0,0,-0.62958,-0.22419,0.743887
0,0,0.644789,0.375681,0.665666
0,0,-0.457452,-0.249153,0.853616
0,0,-0.610871,0.628413,0.481595
0,0,0.904713,-0.391415,0.168191
22.5238,32.4666,0.791317,0.605968,0.0813563
0,0,-0.983274,0.0526861,0.174345
0,0,0.296476,0.932742,0.20517
0,0,-0.431101,-0.839754,0.330098
0,0,-0.218425,0.883382,0.41464
0,0,-0.00263282,0.86891,0.494964
0,0,0.358355,0.93334,0.0214082
0,0,0.690213,0.274822,0.669387
0,0,-0.94511,-0.315915,0.0834584
0,0,-0.95894,-0.148446,0.241657
0,0,-0.340936,-0.928241,0.148765
0,0,-0.871937,-0.484169,0.0728469
0,0,-0.031822,-0.8834,0.467539
0,0,0.485842,0.198727,0.851155
0,0,-0.526508,0.564139,0.636032
0,0,0.131494,-0.745452,0.65346
0,0,-0.391695,0.541628,0.743784
0,0,-0.128899,-0.977812,0.16513
0,0,-0.779584,-0.180152,0.599828
0,0,-0.133226,0.889731,0.436612
0,0,-0.298375,-0.324556,0.897572
0,0,0.987272,-0.143788,0.0679606
0,0,-0.937135,-0.268607,0.222774
0,0,0.84731,0.129794,0.514994
0,0,0.840305,-0.522589,0.144184
0,0,0.916413,-0.274418,0.291347
0,0,-0.856331,-0.380129,0.349569
0,0,-0.200587,-0.865048,0.459844
0,0,0.246186,0.967744,0.053522
0,0,0.227738,0.925144,0.303717
0,0,0.67974,0.719299,0.143398
0,0,-0.37776,-0.390435,0.839558
0,0,0.354896,0.391768,0.848862
0,0,0.148396,0.498365,0.854173
0,0,-0.78034,0.442624,0.441762
0,0,-0.993811,-0.0649074,0.0901484
0,0,0.0293991,-0.444122,0.895484
0,0,0.933568,-0.0965427,0.345154
0,0,-0.0771519,-0.539419,0.838495
0,0,0.82307,0.49223,0.283311
0,0,0.516185,0.313696,0.796961
0,0,-0.263796,0.291703,0.919413
0,0,-0.429179,-0.770558,0.471217
0,0,0.354754,0.350634,0.866721
0,0,-0.821148,0.148801,0.550975
0,0,0.0635667,0.626393,0.776911
0,0,-0.2937,0.951621,0.0903249
0,0,0.282772,0.71297,0.641649
0,0,-0.460062,-0.815775,0.350506
0,0,-0.134317,0.767775,0.626483
0,0,-0.641096,0.0603562,0.765083
0,0,-0.359587,-0.210252,0.909116
0,0,0.306967,0.368915,0.87731
0,0,0.940557,-0.206456,0.269684
0,0,-0.933929,-0.162796,0.318235
0,0,-0.468834,-0.843772,0.261235
0,0,-0.319243,-0.710641,0.626955
0,0,0.0500461,0.180991,0.982211
0,0,-0.930442,0.364598,0.0366749
0,0,-0.985039,-0.16799,0.0384376
0,0,0.257392,-0.146684,0.955109
0,0,-0.165112,0.840002,0.516851
0,0,-0.731163,-0.677867,0.0767916
0,0,-0.570463,0.688397,0.447975
0,0,-0.016601,0.70437,0.709639
0,0,0.0411806,-0.336964,0.940617
0,0,-0.390919,-0.24614,0.886903
0,0,0.739548,-0.664314,0.108428
21.5754,29.8321,0.0248862,0.0488378,0.998497
0,0,-0.0835678,-0.85371,0.514
0,0,-0.654098,0.703505,0.277913
0,0,-0.895076,-0.417119,0.157638
0,0,0.81812,-0.171417,0.548905
0,0,0.998052,-0.000558674,0.062389
0,0,-0.890956,-0.335868,0.305598
0,0,-0.0866469,-0.989793,0.113144
0,0,-0.493347,-0.829548,0.261645
0,0,-0.551676,-0.788536,0.271781
0,0,-0.314556,-0.209239,0.925891
0,0,0.624702,0.536936,0.566963
22.4709,33.5766,-0.0539501,-0.494663,0.867409
0,0,-0.527468,-0.60643,0.594996
0,0,0.10398,0.994516,0.0112638
0,0,0.0820007,0.964401,0.251408
0,0,-0.379233,-0.903529,0.199543
0,0,-0.942016,-0.074549,0.327182
0,0,-0.0531685,0.772988,0.632189
0,0,0.795048,0.391945,0.462901
0,0,-0.494153,0.198327,0.846451
0,0,0.982189,0.0159935,0.187215
0,0,-0.830336,0.292001,0.474635
0,0,0.223657,-0.839822,0.494649
0,0,0.651873,-0.27027,0.70853
0,0,0.87362,-0.447893,0.190213
0,0,0.191648,0.838274,0.510458
0,0,-0.51716,-0.114026,0.848259
0,0,-0.370098,0.831431,0.414426
0,0,-0.413529,0.794653,0.444433
0,0,-0.579979,0.807845,0.104938
0,0,0.979346,-0.0427135,0.197627
0,0,0.92366,-0.135117,0.358601
0,0,-0.958773,-0.2787,0.0554989
0,0,-0.196674,0.976338,0.0899092
0,0,0.34894,-0.737306,0.578464
0,0,0.887216,-0.394849,0.238625
0,0,0.625114,0.754804,0.198754
0,0,0.120302,0.0972656,0.987961
1.44779,2.38324,-0.0324893,-0.296676,0.954426
0,0,0.10808,-0.595304,0.796198
0,0,-0.833978,-0.514482,0.199472
0,0,0.708805,-0.699349,0.0922318
0,0,-0.55615,-0.828516,0.0652643
0,0,0.80905,0.49774,0.312559
0,0,-0.977311,0.206784,0.045857
0,0,0.573783,0.786982,0.226786
0,0,-0.40869,-0.509647,0.757121
0,0,-0.234507,0.825017,0.514152
0,0,0.623024,0.526624,0.578366
0,0,0.807686,-0.553718,0.202583
0,0,0.152178,-0.610542,0.777226
0,0,-0.66732,-0.659372,0.346284
0,0,0.990759,-0.126356,0.0493097
0,0,-0.230787,-0.972964,0.00885648
0,0,-0.748605,0.542137,0.381678
0,0,-0.326345,-0.550121,0.768678
0,0,0.573995,-0.750401,0.327762
0,0,0.862461,-0.506122,0.00111806
0,0,0.365078,-0.926535,0.0908385
0,0,-0.170154,-0.508819,0.84389
0,0,-0.0215047,0.562792,0.826319
0,0,-0.768466,0.598087,0.227491
0,0,0.47974,-0.693418,0.537607
0,0,0.442839,-0.896142,0.0287066
0,0,0.830441,0.193221,0.522525
9.2357,14.3113,0.397833,-0.236002,0.886585
0,0,-0.54224,-0.337184,0.769599
0,0,-0.0334679,-0.776544,0.629174
0,0,-0.287104,0.483085,0.827164
0,0,0.0639644,-0.0340197,0.997372
0,0,0.517763,0.741207,0.42724
0,0,0.0897166,0.462295,0.882176
0,0,0.364125,-0.307405,0.879156
0,0,-0.78633,0.566351,0.246844
0,0,0.462033,0.622394,0.631785
0,0,0.026245,-0.123973,0.991939
0,0,-0.132328,0.236523,0.962573
0,0,0.799108,0.539364,0.265541
0,0,0.78897,0.432163,0.436763
0,0,0.390139,-0.0693193,0.918143
0,0,0.683306,0.453647,0.572099
0,0,-0.668068,-0.738873,0.0880445
0,0,-0.584041,0.484781,0.651063
13.6706,18.5014,-0.0655862,-0.0852793,0.994196
0,0,0.361362,-0.761259,0.538426
0,0,0.132495,-0.895832,0.424181
0,0,0.39554,-0.71265,0.579377
0,0,0.512337,0.679221,0.525518
0,0,-0.134845,-0.925349,0.354326
0,0,-0.522372,-0.754023,0.398218
0,0,0.222193,-0.643442,0.732538
0,0,0.893895,0.126985,0.429914
16.1569,22.1188,-0.0661329,-0.415951,0.906979
0,0,-0.544848,0.270214,0.793804
0,0,-0.56859,-0.31604,0.759489
0,0,0.901645,-0.428541,0.0582199
0,0,-0.862164,-0.45161,0.229612
0,0,-0.00475349,-0.409203,0.912431
0,0,0.0122849,0.999358,0.0336583
0,0,-0.840211,0.534338,0.0923522
0,0,0.984223,-0.147869,0.0971586
0,0,0.112989,0.447256,0.887241
0,0,-0.563706,-0.205986,0.799878
0,0,-0.283337,0.569408,0.771683
0,0,-0.28984,-0.82158,0.490916
0,0,0.497561,0.728625,0.470678
0,0,-0.945054,-0.138712,0.296026
0,0,-0.721143,-0.692401,0.0230967
0,0,0.378462,-0.899952,0.216457
0,0,0.656915,-0.348782,0.668441
0,0,0.523764,0.0782796,0.848259
0,0,0.653359,0.605128,0.45491
0,0,0.53567,0.645116,0.544869
0,0,0.522203,-0.828195,0.203463
0,0,-0.3499,-0.843629,0.407259
0,0,-0.384335,0.51112,0.768793
0,0,-0.766505,-0.571575,0.292867
0,0,-0.190418,-0.515029,0.835754
0,0,0.344961,0.731904,0.587638
0,0,-0.932913,0.352125,0.0753669
0,0,-0.556428,0.824984,0.0989412
0,0,0.462341,0.769001,0.44145
0,0,0.712516,-0.675466,0.18991
0,0,-0.0712948,-0.99097,0.113561
0,0,0.636533,0.540713,0.549959
0,0,0.57635,0.695442,0.429163
0,0,-0.487011,-0.297781,0.821064
0,0,0.490928,0.73047,0.474767
0,0,0.285439,0.00636726,0.958376
0,0,-0.444405,0.46976,0.762777
0,0,0.895319,-0.431043,0.112278
0,0,0.63985,-0.760948,0.10747
0,0,0.45957,0.800581,0.384534
0,0,-0.229267,0.31697,0.920308
0,0,0.406027,0.872929,0.270437
0,0,-0.783469,0.428832,0.449755
0,0,-0.0331211,0.976239,0.214152
0,0,-0.0386033,-0.457471,0.888386
0,0,0.435694,0.891466,0.124333
0,0,-0.18421,0.724722,0.663961
0,0,-0.4691,0.882276,0.0391617
0,0,0.753327,0.0260335,0.657131
0,0,0.817535,0.381618,0.431281
0,0,0.782676,0.323485,0.531766
0,0,0.874863,0.219843,0.431606
0,0,-0.414544,0.600955,0.683379
0,0,-0.630914,0.22491,0.742539
0,0,-0.345563,0.856738,0.382866
0,0,0.462185,-0.869674,0.173353
0,0,-0.49233,-0.842691,0.217905
0,0,0.31841,0.943569,0.0910659
0,0,-0.00807117,0.6857,0.727839
0,0,-0.433932,-0.427096,0.793279
0,0,-0.33821,0.674383,0.65637
0,0,-0.195067,0.645692,0.738262
0,0,-0.208354,-0.106549,0.972232
0,0,0.127503,-0.676208,0.725594
0,0,-0.42199,0.901367,0.0972674
0,0,0.774838,0.592573,0.220192
0,0,-0.0422387,0.544537,0.837673
0,0,0.370396,-0.685165,0.627181
0,0,-0.520938,-0.824491,0.220995
0,0,-0.577951,-0.399572,0.711558
0,0,0.449991,0.892953,0.0119438
0,0,-0.0353233,0.825741,0.562942
0,0,0.949127,-0.147785,0.27806
0,0,0.0966085,0.855303,0.509042
0,0,0.650927,0.714616,0.256159
0,0,0.329834,0.575458,0.748371
0,0,-0.874699,0.259716,0.409206
0,0,-0.983106,-0.0318478,0.180242
0,0,-0.120416,0.964037,0.236924
0,0,0.98737,-0.153717,0.0383551
0,0,-0.70259,0.613719,0.360162
0,0,-0.0539602,-0.949931,0.307764
0,0,-0.988699,0.100351,0.111369
0,0,0.872691,0.218083,0.436864
0,0,0.158657,-0.730186,0.664573
0,0,-0.952732,0.112799,0.282096
0,0,0.428195,-0.76764,0.476843
16.0655,23.8558,-0.545891,0.802619,0.240427
0,0,0.72732,-0.15064,0.669562
0,0,-0.380645,-0.919415,0.0989251
0,0,0.866904,-0.259561,0.425565
0,0,-0.794613,-0.606986,0.0125679
0,0,-0.772908,-0.561506,0.295507
0,0,0.712244,-0.67877,-0.17883
0,0,0.294202,-0.338475,0.893801
0,0,-0.579391,-0.608518,0.542229
0,0,-0.564531,0.737599,0.370477
0,0,0.214135,0.976803,0.00101146
0,0,-0.504891,0.849573,0.152678
0,0,0.200692,0.625498,0.753972
0,0,0.577699,-0.20173,0.79093
24.0689,35.5925,0.0300101,0.606705,0.794361
0,0,0.901871,0.269487,0.337647
0,0,0.893197,-0.448667,0.0299419
0,0,-0.85635,0.0524183,0.513728
0,0,0.401173,-0.446154,0.800004
0,0,0.985738,0.127679,0.109633
0,0,-0.435101,-0.135796,0.890082
0,0,-0.660222,-0.750222,0.0356931
0,0,-0.738138,-0.670606,0.0737594
0,0,0.92813,0.323314,0.184506
0,0,-0.594196,0.580317,0.556923
0,0,0.838435,0.120713,0.531465
0,0,0.618962,0.597796,0.509436
0,0,0.837357,-0.249876,0.486206
0,0,-0.338089,0.0946284,0.936345
0,0,0.804224,0.386687,0.451328
0,0,0.549874,-0.312462,0.774601
0,0,0.228086,0.53831,0.811295
0,0,-0.399519,0.804935,0.438707
0,0,0.295265,0.899685,0.321536
0,0,0.43336,0.835118,0.338788
0,0,0.841011,0.439985,0.314823
0,0,-0.220202,0.876616,0.42785
0,0,0.321961,-0.520289,0.790974
18.5857,25.6275,-0.754154,-0.605794,0.253507
0,0,-0.379199,0.354581,0.854681
0,0,0.129932,0.987386,0.0904806
0,0,0.289117,0.84602,0.447953
0,0,0.532358,-0.502347,0.681354
0,0,-0.450401,-0.491224,0.745546
0,0,-0.482421,-0.522518,0.703025
0,0,0.434072,0.748228,0.501733
0,0,-0.421732,-0.865223,0.271165
0,0,0.74194,0.669461,0.0367122
0,0,-0.81608,0.523097,0.245731
0,0,-0.0176946,0.575327,0.817732
0,0,0.44684,-0.333583,0.830094
0,0,0.77148,-0.433413,0.465801
0,0,-0.441168,0.248389,0.862365
0,0,-0.585065,-0.733337,0.346289
0.466702,0.755027,0.537713,-0.307566,0.785027
0,0,0.926598,0.341747,0.156921
0,0,-0.695473,0.382552,0.608252
0,0,0.371763,0.924663,0.0824048
0,0,-0.515129,0.310337,0.798958
0,0,0.550851,0.525596,0.648315
0,0,-0.690858,0.610576,0.387184
0,0,-0.415387,0.351734,0.83889
0,0,0.931073,0.35679,0.0761847
0,0,-0.608604,-0.31579,0.727927
0,0,-0.452778,-0.549936,0.701828
0,0,-0.716092,0.0716815,0.694315
0,0,-0.690211,0.591937,0.416196
0,0,-0.0278017,0.48551,0.873789
0,0,0.185194,0.259744,0.947753
0,0,-0.826223,0.508205,0.243069
0,0,-0.652438,-0.467954,0.596107
0,0,0.422935,0.596668,0.681992
0,0,-0.302107,-0.857569,0.416302
0,0,0.959485,-0.0795681,0.270293
0,0,-0.848276,0.529472,0.00936226
0,0,-0.782442,-0.171537,0.598632
0,0,0.438212,-0.86871,0.230897
0,0,0.738728,-0.432561,0.516886
0,0,-0.461032,0.709695,0.532713
0,0,-0.38217,-0.832255,0.401619
0,0,-0.524868,0.752328,0.398141
0,0,0.443315,0.558645,0.700991
0,0,-0.944042,0.178066,0.277627
0,0,-0.671707,0.315006,0.670508
0,0,0.444132,-0.470146,0.762699
0,0,-0.0286326,0.0359494,0.998943
0,0,-0.668844,0.421393,0.612434
0,0,0.035847,0.127922,0.991136
0,0,-0.849129,-0.458812,0.26167
0,0,0.835052,-0.361591,0.414658
0,0,-0.842427,-0.158391,0.515003
0,0,0.596801,-0.798908,0.0746685
0,0,-0.594013,-0.798709,0.0959765
0,0,-0.702441,-0.462627,0.540882
0,0,0.0386764,-0.993953,0.102773
0,0,-0.650857,-0.72207,0.23452
0,0,-0.411633,0.664193,0.624024
0,0,-0.161191,0.733431,0.660376
0,0,-0.822609,-0.161251,0.545264
0,0,0.560698,0.276197,0.780598
0,0,0.48486,-0.575662,0.658425
0,0,-0.0424699,0.718967,0.693745
0,0,-0.973597,0.181811,0.138039
0,0,-0.189093,0.583947,0.789462
0,0,-0.941363,0.00403991,0.337371
0,0,-0.413443,0.0973225,0.905314
0,0,0.0562308,0.693857,0.717914
0,0,-0.495195,0.377301,0.782576
0,0,-0.109248,0.812447,0.572708
0,0,0.485031,-0.727833,0.484773
0,0,0.66294,-0.456401,0.593472
0,0,-0.556716,-0.678242,0.479641
0,0,-0.394918,-0.0346486,0.918063
0,0,0.426305,0.0545457,0.902933
0,0,0.6867,0.104162,0.719439
0,0,-0.86452,0.471201,0.174857
0,0,0.128998,0.541436,0.830787
0,0,0.525491,0.427262,0.735735
0,0,-0.0104843,-0.937512,0.347795
0,0,0.812528,0.299698,0.499979
0,0,0.905601,-0.146842,0.397901
0,0,-0.493905,-0.154376,0.855702
0,0,-0.344181,0.203918,0.916492
0,0,0.897408,-0.359923,0.255173
0,0,0.0155988,-0.679912,0.733128
0,0,-0.529867,-0.37505,0.760643
0,0,0.82126,-0.352178,0.448891
0,0,-0.106401,-0.98945,0.0983248
0,0,0.152443,0.409325,0.899563
0,0,0.233818,0.849573,0.472817
0,0,-0.0378694,0.842717,0.537023
0,0,-0.416293,0.31199,0.854027
0,0,-0.74991,0.625198,0.216246
0,0,0.602728,0.0790378,0.794022
0,0,-0.129908,0.970877,0.201302
0,0,0.493587,-0.704225,0.510333
0,0,0.306627,-0.938887,0.156435
0,0,-0.372359,0.926863,0.047675
0,0,-0.22417,-0.338821,0.913755
0,0,-0.0555348,0.507941,0.8596
0,0,-0.964009,-0.137039,0.227833
0,0,0.550506,-0.0609776,0.832601
0,0,0.785126,-0.0224457,0.618929
0,0,0.685305,-0.605493,0.404642
0,0,0.57877,-0.350132,0.736501
0,0,-0.547202,-0.381772,0.744862
0,0,0.111149,-0.946796,0.302031
0,0,-0.751581,-0.446235,0.485799
0,0,0.0311069,0.198949,0.979516
0,0,-0.32751,0.592857,0.735702
0,0,0.505355,-0.0910469,0.858095
0,0,0.810475,-0.489296,0.322054
0,0,-0.595843,0.144401,0.790012
0,0,0.907978,0.314114,0.277323
0,0,-0.560378,-0.825881,0.062423
0,0,0.653437,0.754444,0.0619264
0,0,0.845826,-0.510153,0.155957
0,0,-0.863451,0.466046,0.19301
0,0,-0.552318,0.36791,0.748056
0,0,0.666977,0.705842,0.238598
0,0,-0.535129,-0.843051,0.0538701
0,0,-0.819798,-0.199265,0.536865
0,0,-0.955731,-0.072423,0.28519
0,0,-0.882688,-0.0176687,0.469627
0,0,-0.52047,-0.427621,0.739088
0,0,0.774439,0.467089,0.426699
0,0,0.173237,-0.422863,0.889481
0,0,0.804032,-0.137431,0.578486
0,0,-0.245602,-0.244575,0.93801
0,0,0.503288,-0.237855,0.830738
0,0,0.298661,-0.795469,0.527286
0,0,-0.436978,0.260988,0.860776
0,0,0.720957,-0.10946,0.684281
0,0,0.0185088,0.978281,0.206455
0,0,0.382976,-0.923747,0.00461167
0,0,0.628438,-0.776897,0.0386778
0,0,0.453631,-0.438152,0.776042
0,0,-0.453496,-0.783613,0.424607
0,0,0.232572,-0.397573,0.887607
0,0,0.624099,0.724628,0.292259
0,0,-0.552509,-0.263888,0.790631
0,0,-0.10834,0.823288,0.557188
0,0,0.148998,0.966014,0.211228
0,0,0.340523,0.864715,0.369205
20.4346,28.4936,0.704227,-0.609442,0.364204
0,0,0.152321,0.612383,0.775748
0,0,0.413861,-0.549231,0.725992
0,0,0.0859861,-0.372686,0.923965
0,0,-0.798188,-0.601669,0.0298425
0,0,-0.386964,0.728591,0.565167
0,0,0.801928,-0.348333,0.485361
0,0,-0.00920979,0.74968,0.661737
0,0,0.919202,0.166834,0.3567
0,0,0.0267631,0.995663,0.0890964
0,0,0.702975,-0.569841,0.425567
0,0,-0.983727,0.0814273,0.160159
0,0,-0.712212,0.611189,0.345256
0,0,-0.81549,-0.43144,0.385791
0,0,-0.626868,-0.766439,0.140025
0,0,0.935781,0.120116,0.33149
0,0,0.829562,0.558112,0.0184098
0,0,-0.623846,0.376661,0.684794
0,0,-0.886703,-0.287914,0.361751
0,0,0.762694,0.389606,0.516241
0,0,-0.90751,0.403844,0.115479
0,0,0.956101,-0.125329,0.264882
23.5298,32.0854,0.194097,-0.904624,0.37945
0,0,-0.95316,-0.278473,0.118062
0,0,0.24624,-0.163863,0.955257
0,0,0.528689,0.81658,0.231699
0,0,0.960629,-0.185092,0.207203
0,0,-0.442038,0.119076,0.889058
0,0,0.709594,0.145574,0.689409
0,0,-0.895385,0.44527,0.00447754
0,0,-0.500202,0.691735,0.520866
0,0,-0.477236,-0.875536,0.0753827
0,0,0.506229,0.200768,0.838704
0,0,-0.701191,-0.548355,0.455673
0,0,0.414138,0.519868,0.747146
0,0,-0.46768,0.410831,0.78262
0,0,-0.767687,0.315324,0.557878
0,0,-0.712332,-0.51045,0.481687
0,0,-0.30056,-0.93112,0.206588
0,0,0.301805,-0.250494,0.919873
0,0,-0.0295995,-0.911269,0.410748
0,0,-0.24152,0.763131,0.599416
0,0,-0.0551791,-0.881345,0.46924
0,0,-0.499784,-0.821726,0.273831
0,0,0.746645,-0.238237,0.621099
0,0,0.697359,-0.370791,0.613355
0,0,0.498871,-0.49679,0.71016
0,0,0.88845,0.381205,0.255617
0,0,0.0890921,-0.515378,0.852319
0,0,0.182598,-0.730777,0.657741
0,0,-0.226466,-0.951891,0.206438
0,0,-0.471624,0.6525,0.59314
0,0,0.598517,0.680993,0.42193
0,0,-0.465073,0.470636,0.749806
0,0,0.767782,-0.634641,0.0879837
0,0,-0.658555,0.350827,0.665752
0,0,0.479998,-0.620338,0.620308
0,0,0.713878,0.359355,0.601034
0,0,-0.975553,0.167179,0.142644
13.0183,18.747,-0.768093,0.0271489,0.639763
0,0,0.458456,0.237842,0.8563
0,0,-0.919276,0.206479,0.335108
0,0,-0.337944,-0.286973,0.896348
0,0,0.619998,-0.682663,0.386747
0,0,0.22687,0.447468,0.865045
0,0,-0.0524061,0.995927,0.0733754
0,0,0.302458,0.660962,0.686766
0,0,0.63791,-0.397415,0.659645
2.964,3.84346,0.790219,-0.180603,0.585608
0,0,0.672436,0.725966,0.144232
0,0,-0.351338,-0.691034,0.631691
0,0,0.316108,0.348562,0.882372
0,0,0.971087,-0.107676,0.213062
0,0,0.328778,-0.650462,0.684693
0,0,-0.391952,-0.562169,0.728245
0,0,-0.336187,0.892732,0.300012
0,0,0.473913,-0.718808,0.508647
0,0,0.542337,-0.373751,0.752449
0,0,0.233013,-0.499997,0.834091
0,0,0.685307,0.550489,0.476777
0,0,-0.0871356,0.413348,0.906394
0,0,0.791862,-0.202311,0.576216
0,0,0.661197,-0.680139,0.316591
0,0,-0.933458,0.354141,0.0569197
0,0,-0.758102,0.1266,0.63973
19.8095,30.7668,-0.180424,-0.112093,0.977181
0,0,0.492249,0.546247,0.677721
0,0,0.222671,0.914083,0.338923
0,0,0.491366,-0.287145,0.822257
0,0,0.893305,-0.423316,0.151029
18.9859,30.8171,-0.438811,0.195634,0.877025
0,0,-0.353154,-0.904196,0.240233
0,0,0.773593,-0.0675228,0.630075
0,0,-0.185574,-0.945914,0.266098
0,0,-0.255941,0.905533,0.338384
0,0,-0.814227,0.560328,0.151874
0,0,0.769959,-0.625367,0.126804
0,0,-0.639258,0.674329,0.369634
0,0,-0.814361,0.489938,0.311089
0,0,0.0640341,-0.354781,0.932754
0,0,0.554436,-0.668109,0.496217
0,0,0.381532,0.0272403,0.923954
0,0,0.888813,0.215074,0.404667
0,0,0.591923,-0.799685,0.100654
0,0,0.696777,-0.603969,0.386942
0,0,0.754222,0.585703,0.29682
0,0,0.775942,-0.562293,0.285902
0,0,-0.890312,-0.454032,0.0346453
0,0,0.399393,-0.11764,0.909201
0,0,-0.442152,0.832226,0.334518
0,0,0.608275,0.306029,0.732358
0,0,-0.12547,0.971416,0.201517
0,0,-0.303393,-0.866375,0.396669
0,0,-0.00628087,-0.759279,0.650735
0,0,0.822709,-0.171807,0.541878
0,0,0.646755,-0.441226,0.622115
0,0,0.44917,0.769625,0.453789
0,0,0.0106086,0.473807,0.880565
0,0,-0.112099,0.48892,0.865096
0,0,0.436219,0.82236,0.365291
0,0,-0.0245781,0.748573,0.662596
0,0,-0.933407,-0.176249,0.312549
0,0,0.130885,-0.551051,0.824143
0,0,-0.614845,0.7876,0.0406416
0,0,-0.997479,0.0606603,0.0368267
0,0,-0.511378,-0.843049,0.166618
0,0,-0.631406,-0.690797,0.352316
0,0,0.353991,-0.757751,0.548182
0,0,-0.935507,0.0204801,0.352715
0,0,0.411644,-0.740646,0.53103
0,0,-0.528013,0.368652,0.765048
0,0,0.116139,-0.72566,0.678181
0,0,0.755905,0.386879,0.528141
0,0,-0.431782,0.419348,0.798568
0,0,-0.604384,-0.0426534,0.795551
0,0,0.559815,-0.821442,0.108811
0,0,-0.59164,-0.148961,0.792321
0,0,0.284646,0.94722,0.147479
0,0,0.956984,0.289313,0.0219244
0,0,0.710869,-0.489854,0.504687
0,0,-0.294694,-0.892752,0.340806
0,0,0.403097,-0.280597,0.871079
0,0,-0.767418,-0.616795,0.175022
0,0,0.271744,-0.332557,0.903084
0,0,-0.549731,-0.493257,0.674161
0,0,0.260758,0.965336,0.0114836
0,0,0.733929,-0.146074,0.663332
0,0,-0.35557,0.24807,0.901128
0,0,0.454145,-0.741532,0.493845
0,0,-0.367309,-0.692218,0.621223
0,0,-0.780297,0.419768,0.463606
0,0,-0.595127,-0.652143,0.46961
0,0,0.806381,-0.409364,0.426815
0,0,-0.0048219,-0.811804,0.58391
0,0,-0.447288,-0.867598,0.217272
0,0,-0.204803,-0.830791,0.517535
0,0,-0.0435928,-0.987129,0.153872
0,0,-0.0943924,0.858013,0.504879
0,0,0.311611,0.366877,0.876527
0,0,-0.428372,0.439293,0.789632
0,0,-0.127097,-0.264285,0.956033
0,0,0.62089,0.76934,0.150373
0,0,0.459311,0.155771,0.874511
0,0,0.743953,-0.137202,0.653995
0,0,-0.383406,-0.923454,0.0152552
0,0,0.27329,0.93998,0.204327
0,0,0.741577,0.395695,0.541746
0,0,0.820791,-0.181689,0.541563
0,0,0.0240748,0.688088,0.725228
0,0,0.839976,-0.4681,0.27445
0,0,0.822077,0.518876,0.23443
0,0,0.00378584,-0.727104,0.686517
0,0,-0.227036,0.973672,0.0204138
0,0,0.900493,-0.337347,0.274426
0,0,0.664385,-0.44998,0.59675
0,0,-0.297004,0.895373,0.331807
1.92973,2.81734,-0.579527,-0.207597,0.788069
0,0,-0.696503,0.346215,0.628506
0,0,-0.725461,0.684427,0.0725698
0,0,0.969153,-0.105186,0.222885
0,0,-0.523623,0.604758,0.600072
0,0,-0.0256011,-0.0213097,0.999445
0,0,0.0446229,-0.845727,0.531746
0,0,-0.766372,-0.429412,0.477786
0,0,-0.353197,0.190416,0.915966
0,0,0.357554,-0.866143,0.349216
0,0,0.905502,0.0316148,0.423162
0,0,-0.242795,0.335577,0.910186
0,0,-0.442543,0.743958,0.500682
0,0,0.884343,-0.21456,0.414611
0,0,-0.411573,-0.145203,0.899735
0,0,0.92232,-0.352418,0.158518
0,0,0.447466,0.735292,0.509038
0,0,-0.86495,0.230851,0.445612
0,0,0.966316,-0.121734,0.226748
0,0,0.584851,-0.481417,0.652829
0,0,0.535283,-0.803055,0.261869
0,0,0.925682,-0.349029,0.145917
0,0,0.851785,0.484044,0.200408
0,0,-0.0335008,-0.447034,0.89389
0,0,-0.314461,-0.292008,0.903242
0,0,0.0417528,-0.981778,0.185389
0,0,-0.976761,0.0191027,0.213478
0,0,0.561633,0.445076,0.697478
0,0,-0.976128,0.143329,0.163191
0,0,-0.411842,0.802058,0.432537
0,0,0.488668,-0.610468,0.623324
0,0,-0.659934,0.335495,0.672257
0,0,-0.726879,-0.604578,0.325779
0,0,0.398237,-0.91146,0.10319
0,0,0.816084,-0.411632,0.405667
0,0,-0.542161,-0.8377,0.0657299
0,0,0.940309,0.252995,0.227625
0,0,0.147623,0.914896,0.375731
0,0,-0.507508,0.832502,0.222207
0,0,-0.211185,0.509125,0.834382
0,0,0.421625,0.280344,0.862346
0,0,0.812854,-0.533251,0.234331
0,0,-0.845629,-0.508434,0.162503
0,0,0.878859,-0.173686,0.444342
0,0,-0.0608538,0.816023,0.574807
0,0,-0.735467,0.67729,0.0191446
0,0,0.0900518,-0.163186,0.982477
0,0,-0.802215,0.44949,0.39295
0,0,0.733888,-0.140594,0.664561
0,0,0.293854,0.111463,0.949329
0,0,-0.264633,-0.441596,0.857299
0,0,0.202972,0.929294,0.308569
0,0,0.363752,0.295449,0.883399
0,0,-0.306528,-0.47304,0.825998
0,0,0.930005,0.190017,0.314619
0,0,0.801639,-0.171499,0.572681
0,0,-0.765046,-0.301311,0.569137
0,0,0.567491,-0.785318,0.247446
0,0,-0.00793568,-0.976828,0.213877
0,0,0.778199,0.330224,0.53419
15.0115,21.8124,-0.10617,-0.250748,0.962213
22.8412,31.7653,0.181524,0.24278,0.952947
0,0,-0.58605,0.427554,0.68829
0,0,-0.754231,0.549451,0.359498
0,0,-0.380553,-0.69271,0.612644
0,0,-0.291443,0.941736,0.167914
0,0,0.805921,-0.51354,0.294562
0,0,-0.592004,-0.784132,0.186196
0,0,0.313832,-0.877504,0.362625
0,0,0.0823998,0.957019,0.278072
0,0,-0.106146,-0.677606,0.727725
0,0,-0.392781,-0.89963,0.190757
0,0,-0.384678,-0.400379,0.831697
0,0,-0.920174,0.349132,0.177166
0,0,-0.65207,0.258687,0.712662
0,0,0.601812,-0.445197,0.66304
0,0,-0.349812,-0.486374,0.800669
0,0,0.616232,-0.162302,0.770659
0,0,-0.925633,-0.239089,0.293325
0,0,0.0248237,0.896021,0.443317
0,0,-0.576508,-0.355867,0.735525
0,0,-0.13617,0.378826,0.915396
0,0,0.662217,-0.606456,0.440091
0,0,-0.363597,-0.882408,0.298587
0,0,0.343812,0.521713,0.780775
0,0,-0.386896,0.558424,0.733808
0,0,-0.810941,-0.247984,0.52998
0,0,0.889114,0.447288,0.0970003
0,0,-0.215794,0.62277,0.752057
0,0,0.978322,0.152452,0.140158
0,0,0.429868,-0.608695,0.666862
0,0,0.89358,-0.113112,0.434419
0,0,-0.31259,0.306266,0.89916
0,0,0.534708,0.0284399,0.844558
0,0,0.857835,-0.24561,0.451437
0,0,-0.603363,-0.163813,0.78046
0,0,-0.371238,-0.61153,0.698722
0,0,0.780805,0.623768,0.0354511
0,0,-0.227813,0.134505,0.96437
0,0,-0.335539,-0.206275,0.919165
0,0,-0.540083,0.25291,0.802712
19.0774,30.1112,0.483556,0.852373,-0.199084
0,0,-0.109931,0.983151,0.146046
0,0,0.093693,0.929518,0.356677
0,0,0.149796,-0.357556,0.9218
0,0,0.490331,0.25773,0.832557
0,0,0.875184,0.301985,0.377967
0,0,0.431611,-0.55581,0.710483
0,0,0.967939,-0.145637,0.204656
0,0,0.32398,-0.881637,0.343152
0,0,-0.717379,0.695542,0.0398522
0,0,-0.669898,0.536306,0.513432
0,0,0.764892,0.591796,0.254398
0,0,0.626229,0.727523,0.280265
0,0,0.895161,0.407545,0.180537
0,0,-0.991276,-0.0755235,0.108021
0,0,-0.860721,0.0642759,0.505004
0,0,-0.855492,0.0422234,0.516092
0,0,-0.610138,0.427773,0.66689
0,0,0.780311,-0.613414,0.121808
0,0,-0.769855,-0.118919,0.627042
0,0,0.307095,0.687957,0.657577
0,0,-0.572056,0.59417,0.565433
0,0,-0.838836,0.453482,0.301178
0,0,0.476321,-0.813987,0.332481
0,0,-0.389575,-0.386873,0.8358
0,0,-0.243927,0.710105,0.660493
0,0,0.404189,-0.365547,0.838455
0,0,0.00750942,0.576428,0.817113
0,0,-0.392534,-0.184451,0.901052
0,0,-0.249787,-0.897058,0.364545
19.3609,29.5787,0.40392,0.0867691,0.91067
0,0,-0.567512,0.784969,0.248502
0,0,-0.120898,-0.56217,0.818137
0,0,-0.127763,-0.12419,0.983999
0,0,-0.751099,-0.370272,0.54658
0,0,-0.57166,0.779845,0.255042
0,0,-0.0378232,-0.894984,0.444491
0,0,0.937353,-0.18862,0.292904
0,0,0.527336,-0.626757,0.573666
0,0,0.363485,-0.68355,0.63296
0,0,0.121312,0.975037,0.185974
0,0,-0.482621,0.744295,0.461629
0,0,-0.875972,0.262644,0.404588
4.32267,5.65208,0.0605495,-0.412427,0.908976
0,0,0.0187508,-0.981449,0.190804
0,0,0.651885,-0.167312,0.73963
0,0,-0.885058,0.12798,0.447541
0,0,0.345316,-0.542006,0.766151
0,0,0.344079,-0.726732,0.594534
0,0,0.863862,-0.233546,0.446318
0,0,0.910834,-0.409892,0.048681
0,0,0.948551,0.267442,0.169486
0,0,0.0105396,-0.291435,0.956532
0,0,0.138378,-0.981453,0.132671
0,0,-0.756295,0.227749,0.613309
0,0,0.0122263,-0.584013,0.811652
0,0,0.415469,-0.804262,0.424909
0,0,0.438567,-0.278382,0.854495
0,0,0.675982,0.290153,0.677392
0,0,0.181763,0.462018,0.868045
0,0,-0.199183,-0.899134,0.389723
0,0,-0.856867,-0.508255,0.0863433
7.93667,11.1297,-0.391924,-0.321627,0.861947
0,0,0.0610251,0.303181,0.950977
0,0,-0.448478,-0.856239,0.256365
0,0,0.553388,-0.759009,0.343026
0,0,-0.596041,-0.679324,0.428081
0,0,-0.0207372,-0.953267,0.301417
18.7301,25.4821,0.524619,0.166478,0.834901
0,0,-0.062365,0.919997,0.386931
0,0,-0.0260437,0.342126,0.939293
0,0,0.781688,0.511419,0.356952
0,0,-0.198585,-0.978578,0.054301
0,0,0.828724,0.546165,0.12215
0,0,0.158917,0.539522,0.826838
0,0,-0.763354,-0.433536,0.478892
0,0,0.344818,0.89738,0.275336
0,0,0.307779,0.3048,0.901315
0,0,-0.320477,0.670985,0.668636
0,0,-0.154035,0.208622,0.96579
0,0,0.83535,0.393608,0.383749
0,0,0.992435,0.0573392,0.108561
0,0,0.230574,0.762566,0.604424
0,0,0.314646,0.426159,0.848166
0,0,-0.655944,0.574582,0.489482
0,0,-0.0774779,0.950236,0.301742
0,0,0.206452,0.927338,0.312126
0,0,-0.28726,0.692885,0.661357
0,0,-0.418198,0.869082,0.264211
0,0,-0.576633,-0.800792,0.161943
0,0,0.403196,-0.057366,0.913314
0,0,-0.954385,-0.0482919,0.294648
0,0,0.270201,-0.430947,0.860974
0,0,0.362965,0.468007,0.805745
0,0,0.231478,-0.688412,0.687392
0,0,-0.730617,0.638583,0.241682
0,0,0.44464,0.425484,0.7882
0,0,-0.158087,-0.317371,0.935032
0,0,-0.18046,0.476713,0.860336
0,0,0.545349,0.831389,0.10671
21.6621,31.2102,0.393005,-0.904442,0.165924
0,0,-0.279134,0.689136,0.668712
0,0,-0.372503,0.888752,0.267135
0,0,0.700318,-0.29203,0.651363
0,0,0.309293,-0.133672,0.941525
0,0,0.487628,-0.202981,0.849127
0,0,0.481217,-0.0865277,0.872321
0,0,0.614419,0.53137,0.583211
0,0,0.571659,-0.647954,0.50335
0,0,0.471217,-0.876377,0.0995917
0,0,0.395828,0.208331,0.894381
0,0,-0.706727,-0.681556,0.189783
0,0,0.345732,0.90901,0.232747
0,0,0.88961,-0.437505,0.131085
0,0,-0.278404,-0.948083,0.153722
0,0,-0.717805,-0.577936,0.388259
0,0,0.43538,-0.109598,0.893551
0,0,0.077885,0.960021,0.268876
0,0,-0.704336,0.704334,0.088454
0,0,-0.71569,-0.512664,0.474302
0,0,0.223321,-0.64505,0.730779
0,0,-0.47199,-0.876154,0.0978742
0,0,0.789513,0.375223,0.485671
0,0,-0.350164,-0.828354,0.437281
0,0,-0.729732,0.68097,0.0614167
0,0,0.102389,0.70195,0.704828
0,0,-0.790599,-0.457573,0.406915
0,0,-0.526598,-0.176085,0.831678
0,0,0.936774,-0.206114,0.282791
6.19093,8.32677,0.0347513,-0.557604,0.829379
0,0,0.0190808,-0.260469,0.965294
0,0,0.91367,0.00646138,0.406405
0,0,-0.395444,-0.817287,0.419125
0,0,-0.882943,-0.459436,0.0965931
0,0,-0.254315,-0.362241,0.896719
0,0,0.320204,0.931867,0.170566
0,0,-0.218999,-0.264033,0.939322
0,0,-0.740609,-0.244227,0.625981
0,0,-0.00824443,0.441681,0.897134
0,0,0.941719,0.0165649,0.335992
0,0,-0.994159,-0.104716,0.0261198
0,0,-0.360614,-0.391146,0.846736
0,0,-0.582293,0.753004,0.306463
0,0,0.302576,-0.740587,0.599983
0,0,0.487721,-0.231744,0.841679
0,0,-0.546617,0.539135,0.640736
0,0,0.979788,-0.0042118,0.199994
0,0,-0.417302,0.727745,0.544285
0,0,-0.0995421,0.856165,0.507024
0,0,0.124734,-0.915565,0.382338
0,0,0.928173,-0.248065,0.277416
0,0,0.816821,0.467601,0.337866
0,0,0.176183,-0.646221,0.742535
0,0,-0.764896,-0.40629,0.499862
0,0,0.84787,0.274994,0.453315
0,0,-0.178144,0.266164,0.947323
21.8421,32.1828,0.165758,0.0576729,0.984479
0,0,-0.461442,-0.886856,0.0236053
0,0,-0.479157,0.0868159,0.873425
19.1365,24.4678,-0.0176262,-0.109093,0.993875
0,0,-0.489717,-0.499668,0.7145
0,0,0.429093,-0.243833,0.869727
0,0,-0.232181,-0.578231,0.782139
0,0,-0.333384,0.382027,0.861923
0,0,-0.954911,-0.269367,0.124847
0,0,0.769394,-0.165871,0.616863
0,0,0.112211,-0.570243,0.813776
0,0,0.163201,0.533475,0.829922
0,0,0.940374,-0.338074,0.0374572
0,0,0.438774,0.648675,0.62185
0,0,0.754567,0.436998,0.489553
0,0,-0.732871,0.344719,0.586573
0,0,-0.382311,-0.124568,0.915599
0,0,-0.108363,-0.989763,0.0928809
5.91412,8.9745,0.114912,-0.330894,0.936645
0,0,-0.386826,0.121257,0.914146
0,0,-0.225508,-0.953706,0.198976
0,0,-0.612891,-0.00840703,0.790123
0,0,0.934816,0.175328,0.308835
0,0,0.122604,-0.760498,0.63766
0,0,0.783804,0.62045,0.0263434
0,0,0.0904573,-0.437664,0.894577
0,0,-0.815388,0.205732,0.541126
0,0,-0.895207,0.281316,0.345639
0,0,0.0466294,0.815335,0.577109
10.9013,17.1499,0.84532,-0.026784,0.533588
0,0,-0.672158,-0.144024,0.726265
0,0,-0.250625,-0.207879,0.945502
0,0,-0.233057,-0.808428,0.540489
0,0,-0.074291,0.98814,0.134387
0,0,-0.927067,-0.366853,0.077244
0,0,0.467227,-0.0381953,0.883312
0,0,0.731138,-0.517612,0.444426
0,0,-0.104456,-0.992212,0.0678485
0,0,0.160135,0.856685,0.490354
0,0,0.209657,-0.797193,0.566151
0,0,0.875572,-0.165066,0.454013
0,0,0.809016,0.101477,0.578961
23.4679,29.913,-0.909034,-0.311411,0.276914
0,0,0.207478,-0.953422,0.218949
0,0,0.386827,0.166819,0.906938
0,0,0.292838,-0.479333,0.827337
0,0,-0.178004,-0.889548,0.420737
0,0,-0.6604,-0.702131,0.266242
0,0,-0.205395,-0.970489,0.126351
0,0,0.414018,0.66764,0.618745
0,0,0.203369,0.976715,0.0683269
0,0,0.479326,-0.282514,0.830922
0,0,-0.296826,-0.381498,0.875416
0,0,-0.407544,-0.795379,0.448642
0,0,-0.754801,-0.216882,0.619061
0,0,0.534768,0.142062,0.832971
24.2834,32.8428,0.93217,-0.36196,0.00667341
0,0,-0.812266,-0.461461,0.356761
0,0,0.293051,-0.875323,0.384618
0,0,0.702828,0.680821,0.206196
0,0,-0.79524,0.514639,0.320531
0,0,-0.597961,0.313687,0.737593
0,0,0.0854974,0.136732,0.986912
0,0,-0.607642,-0.0821173,0.789955
0,0,-0.258664,0.961283,0.0950129
0,0,0.288988,-0.846857,0.446451
0,0,-0.322616,0.760691,0.563265
0,0,-0.86823,-0.287897,0.404094
0,0,-0.424434,0.495494,0.757853
0,0,0.440613,-0.78432,0.436696
0,0,-0.767011,-0.0822235,0.636344
0,0,0.620786,0.617435,0.483113
0,0,0.985472,-0.135725,0.102096
0,0,0.827031,0.204121,0.523788
0,0,0.11678,0.878315,0.4636
0,0,0.0521006,0.442063,0.89547
0,0,-0.0592764,-0.704446,0.707278
0,0,-0.268157,0.198035,0.942801
0,0,0.694809,0.606062,0.387208
0,0,-0.739621,-0.668596,0.0770731
0,0,0.181954,0.983237,0.0117779
0,0,0.94231,0.333319,0.0308146
0,0,0.671637,0.740059,0.0348839
0,0,-0.763309,0.627711,0.15277
0,0,-0.326769,0.656029,0.680329
0,0,-0.337416,0.940643,0.0366224
0,0,-0.634131,0.163211,0.755804
0,0,-0.747994,-0.655138,0.1063
20.6351,29.1377,-0.876558,0.471427,-0.0969667
0,0,-0.678632,-0.400559,0.615639
5.5603,7.39939,0.142355,0.117865,0.982773
0,0,0.628578,-0.75382,0.19143
0,0,0.514858,0.804229,0.29688
0,0,-0.544065,0.837061,0.0576359
0,0,-0.884985,0.103793,0.453903
0,0,-0.37942,-0.470728,0.796527
0,0,-0.411363,0.454508,0.790065
0,0,-0.750815,-0.654072,0.0920151
0,0,0.152811,0.900565,0.406978
0,0,0.938265,0.340635,0.0602277
0,0,0.716883,-0.68804,0.112604
0,0,0.470339,-0.835283,0.284751
0,0,-0.593657,0.299879,0.746756
0,0,-0.447217,-0.328978,0.831727
0,0,0.679185,0.573516,0.458026
0,0,0.865839,0.363077,0.344235
0,0,0.671441,-0.360785,0.647303
0,0,-0.773516,0.633766,0.00372447
0,0,-0.761167,-0.338477,0.553225
0,0,-0.249682,-0.745595,0.617857
0,0,-0.514788,-0.449685,0.729916
0,0,0.246751,-0.786729,0.565838
0,0,0.0120927,-0.437426,0.899173
0,0,-0.388708,0.862373,0.324374
0,0,-0.556058,-0.778524,0.291032
0,0,-0.666085,0.365742,0.650049
0,0,-0.709388,-0.241963,0.661984
0,0,0.0657412,0.583552,0.80941
0,0,-0.957729,0.0026619,0.287661
0,0,-0.822798,0.557077,0.112552
0,0,-0.132544,-0.472146,0.871499
0,0,-0.390064,0.842917,0.370596
0,0,0.695927,-0.324934,0.640393
0,0,-0.607554,0.11874,0.785352
0,0,-0.447328,-0.130532,0.884794
0,0,-0.610079,-0.736165,0.293027
0,0,-0.774474,-0.03349,0.631718
0,0,-0.891021,0.385115,0.240348
0,0,0.0526335,-0.577381,0.814777
0,0,-0.720585,0.479323,0.501006
0,0,0.756662,-0.64728,0.0921429
0,0,-0.796579,0.406122,0.447802
0,0,0.658672,0.189523,0.728171
0,0,0.475003,0.501465,0.723122
0,0,0.455416,-0.670669,0.585491
0,0,0.0558248,0.996254,0.0660478
0,0,-0.66899,0.613569,0.419506
0,0,0.73731,0.635844,0.228204
0,0,0.9015,0.361685,0.23766
0,0,-0.793477,-0.528246,0.302241
0,0,0.0790885,0.60607,0.79147
0,0,0.865677,-0.498806,0.0423672
0,0,0.980319,-0.0928923,0.174202
0,0,-0.107051,-0.0794155,0.991077
0,0,-0.876198,0.0359217,0.48061
0,0,0.545843,-0.837806,0.0117147
0,0,-0.57593,-0.770348,0.27362
0,0,-0.729328,0.607239,0.315187
0,0,0.166575,0.932144,0.321498
0,0,-0.882436,-0.119564,0.454985
0,0,-0.380822,0.851886,0.359533
6.4299,9.11621,-0.80482,0.222847,0.550095
0,0,-0.178833,0.810781,0.557363
0,0,-0.44203,0.65741,0.610264
0,0,-0.816846,-0.433425,0.380665
0,0,-0.72261,0.680169,0.123304
0,0,-0.289757,0.943855,0.158676
0,0,0.536418,0.307913,0.785777
0,0,0.388047,-0.311375,0.867447
0,0,-0.364365,0.552479,0.74967
0,0,0.945417,-0.252717,0.205722
0,0,-0.0341988,-0.953945,0.298027
0,0,-0.232474,0.40344,0.884982
0,0,-0.0329893,-0.704778,0.708661
0,0,0.652552,-0.721949,0.230143
0,0,-0.533859,-0.746341,0.397454
0,0,-0.390477,0.730822,0.559846
0,0,-0.350777,-0.932314,0.0880102
0,0,-0.340454,0.663829,0.665899
0,0,0.935843,0.0556134,0.348001
0,0,-0.807189,0.58493,0.0793897
0,0,-0.520611,0.129695,0.843886
0,0,-0.036513,0.766062,0.641729
0,0,-0.459688,-0.76004,0.459376
0,0,-0.927919,-0.181466,0.325633
0,0,-0.893057,-0.11177,0.43584
0,0,0.660819,-0.723172,0.200847
0,0,-0.940779,0.308882,0.139736
0,0,0.440906,0.335043,0.832675
0,0,0.354442,-0.829353,0.431908
0,0,0.585979,-0.533037,0.610328
0,0,-0.732721,-0.114705,0.670793
0,0,-0.24017,0.794422,0.557864
0,0,0.143506,-0.859537,0.490512
0,0,-0.992861,0.0387736,0.112799
0,0,-0.625522,0.602814,0.495316
0,0,0.78176,0.222919,0.582373
0,0,-0.816649,0.562101,0.130872
0,0,-0.573637,0.808495,0.131438
0,0,-0.294525,0.190903,0.936382
0,0,-0.555109,-0.822732,0.122336
0,0,0.247111,-0.677656,0.692617
0,0,-0.86037,0.0909035,0.501497
0,0,0.63853,0.69109,0.338634
0,0,-0.926592,0.376063,0.00201693
0,0,-0.670944,0.717585,0.186833
0,0,-0.10202,0.966763,0.234439
0,0,-0.824075,0.556743,0.104583
0,0,-0.432762,0.442548,0.78541
0,0,0.865493,0.39466,0.308489
0,0,0.648543,-0.713249,0.265836
0,0,-0.461974,-0.0463977,0.885679
0,0,-0.851319,-0.396595,0.343465
0,0,0.99154,-0.116236,0.0577741
0,0,-0.543482,0.521595,0.657698
0,0,0.479475,0.792467,0.376961
0,0,-0.758789,-0.375773,0.532009
0,0,0.162081,0.906546,0.389748
23.2282,32.5595,-0.928761,0.184192,0.321676
0,0,-0.202189,0.959667,0.195341
0,0,0.628622,-0.381136,0.677916
0,0,0.517657,-0.246297,0.819371
0,0,-0.0190245,0.709434,0.704515
0,0,0.544902,0.834306,0.0837612
0,0,0.383148,0.559786,0.734736
0,0,-0.204089,0.958351,0.19978
0,0,0.442446,0.788279,0.427618
0,0,0.975493,0.0695776,0.20874
0,0,-0.767195,0.217235,0.603507
0,0,-0.392499,0.534094,0.748792
0,0,0.602027,0.595127,0.532341
0,0,-0.463703,0.829973,0.310039
0,0,0.842325,0.0681758,0.534641
0,0,0.714825,0.0772721,0.695021
0,0,0.332906,0.817533,0.469908
0,0,0.253721,0.0950732,0.962594
0,0,-0.958107,-0.286371,0.00484771
0,0,0.458743,-0.781652,0.422581
0,0,-0.47855,0.299684,0.825336
0,0,0.556776,-0.738626,0.380043
0,0,0.717297,0.646812,0.259074
0,0,0.169358,-0.985257,0.0242282
0,0,-0.891827,0.261654,0.36903
0,0,0.321494,0.92411,0.206549
0,0,0.432513,0.760072,0.484998
0,0,-0.80641,0.566259,0.170453
0,0,0.801945,-0.331304,0.497114
0,0,0.300099,-0.936998,0.178815
0,0,-0.123077,0.983093,0.135572
0,0,0.183594,-0.0217047,0.982763
0,0,0.330214,-0.307872,0.892286
0,0,-0.822266,0.300354,0.48339
0,0,0.0258648,0.169107,0.985258
0,0,-0.399168,-0.427132,0.81131
0,0,-0.974922,-0.153966,0.16069
0,0,-0.382149,-0.871193,0.308195
0,0,0.628185,-0.0539008,0.776194
0,0,0.248341,0.702339,0.667118
0,0,0.225206,-0.90997,0.34819
0,0,0.557997,0.00309214,0.829837
0,0,0.28901,0.21291,0.93335
0,0,0.468087,-0.87895,0.0913335
0,0,-0.448564,0.873441,0.189449
0,0,-0.489362,0.547705,0.678634
0,0,0.565398,-0.805436,0.177759
0,0,-0.79665,0.604213,0.016587
0,0,-0.913648,0.133083,0.384104
0,0,-0.880587,-0.304894,0.362776
0,0,-0.589107,0.490625,0.64206
0,0,0.5751,0.817824,0.020594
0,0,0.4193,0.883919,0.20706
0,0,-0.706379,0.373902,0.601021
0,0,-0.522029,-0.341326,0.781654
0,0,0.0680492,-0.143216,0.987349
0,0,0.937384,-0.0724817,0.340674
0,0,-0.033225,-0.878559,0.476477
0,0,-0.54345,-0.27886,0.791769
0,0,0.199315,0.3836,0.901734
0,0,0.932686,-0.358877,0.0361199
0,0,0.243263,-0.969801,0.0175983
0,0,0.989489,0.0789431,0.121161
21.2237,32.3888,0.355772,0.081167,0.931042
0,0,-0.917814,-0.232986,0.321458
0,0,-0.561223,0.349353,0.750321
0,0,0.391706,-0.625742,0.674546
0,0,-0.852919,0.513048,0.0964959
0,0,-0.796551,0.194548,0.572414
0,0,-0.61989,-0.781814,0.0671124
0,0,0.771332,-0.623327,0.12849
0,0,-0.956022,0.261855,0.13211
0,0,0.737851,0.0373383,0.673931
0,0,-0.630804,-0.773908,0.0561449
0,0,0.201724,0.87298,0.444086
0,0,-0.965821,0.256865,0.0347766
0,0,-0.779047,0.0401431,0.625679
0,0,-0.853532,0.498594,0.151287
0,0,-0.0845659,-0.738865,0.668526
0,0,-0.83706,-0.513708,0.188241
0,0,0.251179,-0.895314,0.367862
11.0169,16.9773,0.270312,-0.0235258,0.962485
0,0,-0.358155,0.932292,0.0505694
0,0,0.0866971,0.75073,0.654895
0,0,0.904908,0.0543759,0.422119
0,0,0.194446,0.289329,0.937272
0,0,-0.42109,-0.877138,0.230893
0,0,-0.633002,-0.450593,0.629503
0,0,0.0515654,0.621686,0.781568
0,0,0.992141,-0.123623,0.0193091
0,0,0.989412,0.0277759,0.142453
0,0,0.0368291,-0.923,0.383033
0,0,0.552737,0.801511,0.22817
0,0,-0.792018,0.609383,0.0368696
0,0,0.519934,-0.315673,0.793738
0,0,-0.661576,0.530385,0.530104
0,0,0.210375,0.318977,0.924119
0,0,-0.460357,-0.545178,0.700608
0,0,-0.854582,0.0888028,0.511667
0,0,-0.790697,-0.0423581,0.61074
0,0,0.764989,0.571067,0.297783
0,0,0.55305,-0.357169,0.752706
0,0,0.344705,-0.908716,0.235402
0,0,0.0499249,0.867113,0.495602
0,0,-0.55375,-0.552126,0.623311
0,0,0.522679,0.851371,0.0444395
0,0,-0.851195,0.0524769,0.52222
0,0,0.538125,0.00707813,0.842835
0,0,0.612597,0.59678,0.518246
0,0,0.217534,-0.645465,0.732157
0,0,0.320978,0.934965,0.151044
0,0,-0.0375497,0.0632591,0.99729
0,0,0.0685769,-0.737247,0.672134
0,0,-0.63664,0.754921,0.15743
0,0,-0.685907,0.72679,0.0361536
0,0,0.48785,-0.0272538,0.872502
0,0,-0.413752,-0.861814,0.293403
0,0,0.641494,-0.727572,0.243155
0,0,0.702915,0.613,0.360752
0,0,-0.816394,-0.125898,0.563606
0,0,0.0974967,-0.968373,0.22967
0,0,-0.272529,0.11833,0.954843
0,0,-0.641145,0.282849,0.713392
0,0,-0.751824,0.525919,0.397705
0,0,0.263483,-0.47174,0.84145
0,0,0.671127,-0.643719,0.367716
0,0,0.0779332,0.98141,0.17539
0,0,0.762607,-0.359963,0.537454
0,0,-0.54766,-0.711081,0.440945
0,0,0.251848,-0.344767,0.904272
0,0,-0.482652,0.845588,0.228096
0,0,-0.161534,-0.615088,0.771734
0,0,0.961026,-0.174571,0.214367
0,0,0.0524247,0.959394,0.277155
0,0,0.943962,-0.197073,0.264761
0,0,-0.995316,0.0964286,0.00686489
13.2842,17.3564,0.109119,0.0622898,0.992075
0,0,0.835512,-0.511868,0.199777
6.66,8.81306,0.376807,-0.926237,-0.0100575
0,0,0.748126,0.502936,0.432855
0,0,0.0833146,0.995839,0.0369305
0,0,0.129842,0.921704,0.365518
0,0,-0.784987,0.427033,0.448818
13.1291,19.2694,-0.0928376,0.199702,0.975449
23.6379,32.3153,0.0750052,0.438794,0.895452
0,0,0.511013,0.752507,0.41545
0,0,0.25097,0.805361,0.537036
0,0,0.663178,0.325396,0.674027
0,0,0.691987,-0.570078,0.442906
0,0,-0.169064,0.420821,0.89125
0,0,0.853937,0.375807,0.359944
22.6373,34.9656,0.475225,0.422542,0.771764
0,0,0.552083,0.83272,0.0422043
0,0,-0.113455,0.969204,0.218566
0,0,-0.000666899,-0.751968,0.659199
0,0,0.816141,0.575757,0.0491637
0,0,-0.985925,-0.0942812,0.138068
0,0,0.96965,0.143392,0.198037
0,0,-0.746396,-0.636099,0.195629
0,0,-0.97554,-0.00431895,0.219781
0,0,-0.00716451,0.958215,0.285959
0,0,0.650397,0.758974,0.0307007
0,0,-0.287992,0.644957,0.707878
0,0,0.516247,-0.70566,0.485318
0,0,-0.0100939,0.495783,0.868388
0,0,0.681095,0.730328,0.0522445
0,0,0.896795,-0.384366,0.219138
0,0,0.721237,0.520365,0.457206
0,0,-0.359075,-0.731073,0.580171
0,0,-0.187682,0.649457,0.736873
0,0,0.139152,0.647551,0.749209
0,0,-0.492788,-0.648636,0.580027
0,0,0.689038,-0.385854,0.613469
0,0,0.0953085,0.45611,0.884805
0,0,0.16591,-0.603835,0.779652
0,0,0.177017,0.740745,0.648044
0,0,-0.846621,0.147296,0.511407
0,0,0.100579,-0.985313,0.13799
0,0,0.0362636,0.661791,0.748811
0,0,-0.0723762,-0.993284,0.0902713
0,0,0.812182,-0.101009,0.574593
0,0,0.0553808,-0.910597,0.409569
0,0,0.191546,-0.901992,0.386938
0,0,0.287838,-0.244885,0.92584
0,0,0.36941,0.46339,0.805485
0,0,0.758266,-0.614647,0.217352
0,0,-0.40303,0.390595,0.827649
0,0,0.181465,0.622186,0.761548
0,0,-0.196115,0.952672,0.232281
0,0,0.350063,0.406889,0.84374
0,0,-0.647232,-0.350799,0.67678
0,0,0.957226,-0.281337,0.0675812
0,0,0.901506,0.427855,0.0650172
0,0,-0.959393,0.0783081,0.270985
0,0,0.0754748,-0.80286,0.591371
0,0,-0.138167,0.936521,0.322239
0,0,0.126756,0.826646,0.548261
0,0,0.9553,0.245295,0.165023
0,0,0.862439,-0.443414,0.244096
0,0,-0.722761,-0.632937,0.277503
0,0,0.31711,0.446255,0.836838
15.39,22.3757,-0.287154,-0.23533,0.928527
0,0,-0.869893,0.379371,0.315219
0,0,-0.558129,-0.0389725,0.828839
0,0,0.629962,-0.46606,0.621237
0,0,-0.373673,-0.92481,0.0713823
0,0,0.245887,0.916411,0.315803
0,0,-0.0356991,-0.522357,0.85198
2.6678,3.73702,-0.27711,-0.960019,-0.0396722
0,0,-0.512936,-0.844816,0.152258
0,0,-0.556263,-0.802601,0.215413
0,0,0.925611,-0.359376,0.118715
0,0,-0.305076,0.383139,0.871856
0,0,-0.794263,0.170268,0.583229
0,0,0.876587,-0.250001,0.411212
0,0,-0.344111,-0.139576,0.928497
0,0,0.500094,-0.495714,0.710052
14.4934,19.945,-0.317254,-0.940406,0.122419
0,0,0.703552,0.00034459,0.710644
0,0,-0.49353,0.240668,0.835768
22.1952,30.0165,0.979061,0.0997243,-0.177466
0,0,-0.765076,0.139825,0.628576
0,0,0.170947,-0.848071,0.50155
0,0,0.586732,-0.281885,0.759135
0,0,0.435447,-0.774137,0.459454
0,0,-0.659723,-0.719216,0.217932
0,0,0.376639,0.922226,0.0874231
0,0,-0.332473,0.668093,0.665668
0,0,-0.870614,0.0735412,0.486438
0,0,-0.0420556,0.905528,0.422197
0,0,0.125088,-0.825945,0.549697
0,0,-0.717117,0.676235,0.168667
0,0,-0.064732,0.507959,0.858945
0,0,0.539284,-0.677438,0.50025
0,0,0.0418336,-0.961073,0.27311
0,0,0.109829,-0.722833,0.682239
0,0,-0.185818,-0.972798,0.138332
0,0,-0.254361,-0.898852,0.356883
0,0,0.462711,-0.836847,0.292551
0,0,-0.775284,0.270529,0.570744
0,0,0.185904,-0.000173723,0.982568
0,0,-0.93008,0.30517,0.204505
0,0,-0.521248,-0.267046,0.810547
0,0,-0.581022,0.575432,0.575579
0,0,-0.764616,0.420598,0.488324
0,0,-0.350251,-0.608974,0.711671
12.1436,17.3648,0.0933464,0.212509,0.97269
0,0,-0.0657639,0.396264,0.915779
0,0,0.996748,0.051449,0.0620147
0,0,0.57635,0.81699,0.0186469
0,0,-0.260572,-0.447388,0.855539
0,0,-0.000515875,-0.906562,0.422073
0,0,0.0168975,0.694012,0.719766
0,0,0.48602,-0.777046,0.39998
0,0,0.294132,0.954472,0.0496983
0,0,-0.500097,-0.418433,0.758167
0,0,0.637692,0.689146,0.344131
0,0,0.759388,-0.417714,0.498843
0,0,0.685887,0.0352922,0.726852
0,0,-0.125656,-0.687038,0.715674
0,0,0.305288,-0.819411,0.485145
0,0,-0.145813,0.89032,0.431357
0,0,-0.451104,-0.0975586,0.887123
0,0,0.457596,0.378112,0.804759
0,0,-0.275706,-0.381601,0.882251
0,0,-0.0413221,-0.315937,0.94788
0,0,0.394946,0.881491,0.258827
0,0,0.28505,0.323755,0.90218
0,0,0.234874,0.91858,0.317875
0,0,-0.441646,0.451635,0.775226
0,0,-0.0202012,-0.841185,0.540369
0,0,-0.576907,-0.718358,0.388767
0,0,-0.594447,-0.193736,0.780448
0,0,-0.833909,-0.534469,0.137617
0,0,0.7398,-0.434239,0.513938
0,0,0.556351,-0.770207,0.311857
0,0,-0.704818,0.378896,0.599724
0,0,0.994504,-0.049669,0.0921706
0,0,-0.788339,0.307276,0.533013
0,0,-0.272612,-0.796992,0.538968
0,0,0.895647,-0.440132,0.0640407
0,0,-0.00365625,-0.818924,0.57389
0,0,0.736002,0.586287,0.338479
12.1826,16.8011,-0.604246,-0.152677,0.782034
0,0,-0.253444,-0.347504,0.902777
0,0,0.343374,-0.669118,0.659072
0,0,-0.323911,0.929165,0.178139
0,0,-0.17493,-0.634241,0.753086
0,0,0.99253,-0.0816615,0.0906407
0,0,-0.664,0.747677,0.0091564
0,0,0.799545,-0.599096,0.0425561
0,0,-0.064844,0.806461,0.587721
0,0,0.548467,-0.831509,0.0881837
0,0,0.495701,0.548382,0.673467
0,0,-0.268679,-0.586581,0.764025
0,0,-0.733167,0.214425,0.645359
0,0,-0.439593,-0.284437,0.851971
0,0,-0.843115,-0.23368,0.484305
0,0,-0.31553,-0.726037,0.610992
0,0,-0.559401,-0.764971,0.319202
0,0,0.579599,-0.166359,0.79774
0,0,0.343338,0.576044,0.741817
0,0,0.217271,-0.900513,0.376657
0,0,0.930812,0.0941943,0.353152
0,0,-0.902852,0.376407,0.20779
0,0,0.891522,0.353133,0.283701
0,0,0.131891,0.977626,0.163864
0,0,0.746131,-0.325203,0.580975
0,0,0.604853,0.474597,0.639461
0,0,0.635193,-0.135272,0.760415
0,0,0.537478,-0.119765,0.83473
0,0,-0.992359,0.0831094,0.0911928
0,0,-0.846919,-0.521451,0.104001
0,0,-0.380963,0.562977,0.733433
0,0,-0.74474,0.430057,0.510307
0,0,-0.265848,-0.577151,0.772154
0,0,-0.154618,0.787501,0.596603
0,0,0.920803,-0.0738214,0.382977
0,0,-0.48416,0.578263,0.656659
16.6623,25.6502,-0.0170432,0.459691,0.887915
0,0,0.92938,0.369123,0.00080399
0,0,0.245763,-0.395551,0.884952
0,0,-0.455042,0.70945,0.538161
0,0,-0.25628,-0.949823,0.179323
0,0,-0.040406,0.971691,0.232776
0,0,0.251869,0.755395,0.604931
0,0,-0.133669,0.45245,0.881715
0,0,-0.596027,0.16879,0.785024
0,0,-0.29139,0.854497,0.430031
0,0,-0.947154,0.229922,0.223686
0,0,0.0510266,-0.00739958,0.99867
0,0,0.146949,-0.67846,0.719791
0,0,-0.594873,-0.698216,0.398271
0,0,-0.773685,-0.194143,0.603092
0,0,-0.898448,0.43905,0.00516267
0,0,-0.501039,0.445321,0.742058
0,0,-0.923667,0.305278,0.231612
0,0,0.78487,-0.131774,0.605487
0,0,0.714039,-0.208248,0.668417
0,0,-0.518965,0.854314,0.0286986
0,0,-0.881592,-0.0339499,0.47079
0,0,-0.44357,-0.28474,0.849805
0,0,-0.0868919,-0.764493,0.638748
0,0,-0.468908,0.0977879,0.877817
0,0,0.8704,0.334202,0.361542
0,0,-0.427224,-0.855857,0.291528
0,0,-0.764469,0.612487,0.201113
0,0,-0.31013,-0.9251,0.219112
0,0,0.895313,-0.339806,0.288004
0,0,0.0101296,-0.619469,0.784956
0,0,0.367356,-0.905272,0.213385
0,0,-0.924552,-0.364429,0.111337
0,0,0.0230332,-0.983323,0.180401
0,0,-0.859674,-0.156536,0.486268
0,0,-0.902543,0.296169,0.31257
0,0,-0.537308,0.665029,0.518687
0,0,0.581859,-0.0419171,0.812208
19.9608,30.6069,-0.931718,-0.297629,-0.20813
0,0,-0.537291,0.692605,0.481266
0,0,-0.749844,0.251443,0.611972
0,0,-0.744918,-0.0740235,0.663037
0,0,0.298322,0.608766,0.735124
0,0,0.682062,0.131278,0.719415
0,0,0.810628,0.364031,0.458654
0,0,-0.642622,-0.535865,0.547619
0,0,-0.737327,0.566614,0.367828
0,0,0.359659,-0.060362,0.931129
0,0,-0.542781,-0.791639,0.280528
14.5799,19.0381,-0.243673,0.106543,0.963988
0,0,0.619622,-0.0237107,0.784542
0,0,-0.667074,0.709755,0.226408
0,0,0.38509,-0.751443,0.535761
0,0,-0.521914,0.847952,0.0926461
1.28499,1.43734,-0.1689,0.342587,0.924179
0,0,-0.712129,0.149562,0.685933
0,0,0.916685,0.394538,0.0634764
0,0,0.929593,0.0837855,0.358939
0,0,-0.0759037,-0.65457,0.752181
0,0,0.740356,-0.364089,0.565078
0,0,-0.846027,0.452033,0.282672
0,0,-0.360843,-0.82775,0.429678
0,0,-0.00101361,-0.438209,0.898872
0,0,0.054581,0.40709,0.911756
0,0,-0.0373744,-0.73398,0.678142
0,0,0.607431,0.362178,0.707004
0,0,0.677056,-0.67623,0.290357
0,0,-0.866626,-0.424,0.263028
0,0,0.526875,0.33873,0.779529
0,0,0.696574,0.645372,0.313496
0,0,0.465942,0.883714,0.0441411
0,0,0.267183,-0.825138,0.497755
0,0,-0.477042,-0.877287,0.0529057
0,0,0.839837,-0.0216966,0.542404
0,0,0.601498,-0.394979,0.6944
0,0,-0.792754,-0.484276,0.37016
0,0,0.699545,-0.161547,0.696089
0,0,0.486834,0.342529,0.803534
0,0,0.24744,-0.221279,0.943297
0,0,0.8411,-0.461609,0.281902
0,0,-0.887114,-0.412797,0.206465
0,0,-0.427766,-0.706924,0.563272
0,0,0.332221,-0.352409,0.874893
0,0,-0.376813,-0.875631,0.30213
0,0,-0.600454,0.540209,0.589601
0,0,0.446489,-0.892159,0.0685587
0,0,0.197054,0.92568,0.322933
0,0,0.0151356,0.0391365,0.999119
0,0,-0.951835,-0.143206,0.271114
0,0,-0.148953,-0.985714,0.0786139
0,0,-0.208902,-0.732921,0.647446
0,0,0.401497,0.657924,0.637131
0,0,-0.381317,0.903448,0.195905
0,0,-0.733891,-0.126412,0.667401
0,0,0.061018,-0.771027,0.633872
0,0,0.471097,0.881623,0.0284134
0,0,-0.600916,-0.0584167,0.797175
0,0,0.586182,0.0696728,0.807178
0,0,-0.618571,0.768722,0.162592
0,0,-0.367827,0.816714,0.444614
0,0,-0.610892,-0.102831,0.785007
0,0,0.846585,0.4588,0.269809
0,0,0.371104,0.566735,0.73559
0,0,-0.493596,0.612183,0.617734
0,0,-0.0728892,-0.66328,0.744813
0,0,-0.717933,0.031464,0.695401
0,0,-0.354443,-0.793751,0.494297
0,0,-0.479952,-0.85587,0.192699
0,0,0.99998,-0.00470013,0.00415021
0,0,0.782047,0.295706,0.548598
0,0,-0.996303,-0.0829949,0.0222004
0,0,-0.426334,-0.144595,0.892934
0,0,0.474754,-0.173533,0.862841
0,0,0.0553697,0.998462,0.00289345
0,0,0.789794,-0.107093,0.603951
5.52902,7.60749,0.363384,0.119465,0.923948
0,0,-0.978538,0.205488,0.0154352
0,0,0.475501,-0.879713,0.00190947
0,0,-0.0505528,0.865283,0.498728
0,0,-0.703215,0.698871,0.130647
0,0,-0.780028,-0.517341,0.352015
0,0,0.260801,0.44099,0.858784
0,0,-0.898299,-0.247561,0.363004
0,0,0.366902,0.475845,0.799346
0,0,-0.568086,0.815381,0.1115
0,0,-0.745422,0.618027,0.249778
0,0,-0.251427,0.890161,0.379997
0,0,-0.550472,-0.779934,0.297799
0,0,-0.396539,0.890352,0.223673
0,0,-0.227496,-0.856925,0.462521
0,0,-0.584654,-0.391823,0.71039
0,0,0.579699,0.710532,0.398864
0,0,0.604828,-0.794183,0.0587938
0,0,0.914382,0.0767605,0.39751
0,0,-0.99485,-0.0763327,0.0666818
0,0,0.502483,-0.836531,0.218465
0,0,0.891641,-0.10511,0.440372
0,0,-0.835797,0.0577948,0.545989
0,0,-0.803425,0.420122,0.421908
17.651,26.477,-0.0975218,-0.668356,0.737421
0,0,0.0274396,-0.940584,0.338449
0,0,-0.229166,-0.810117,0.539623
0,0,-0.235022,-0.938281,0.25376
0,0,0.528305,0.103518,0.842721
0,0,0.902869,0.188867,0.386209
0,0,-0.150074,-0.918991,0.364601
0,0,0.418415,0.692881,0.587235
0,0,-0.388988,0.269082,0.881069
0,0,-0.223633,-0.228729,0.947455
12.9923,16.5657,-0.639902,-0.535767,-0.55089
0,0,-0.562871,0.193216,0.803644
0,0,0.381644,0.0706221,0.921608
0,0,-0.132454,0.0634949,0.989153
0,0,-0.482069,-0.619476,0.619563
0,0,0.465554,0.797912,0.382878
0,0,0.448662,0.893624,0.0117723
0,0,0.297227,-0.862999,0.40852
0,0,0.715629,-0.691176,0.10075
0,0,-0.0405642,-0.327168,0.944095
0,0,-0.745059,-0.383365,0.545819
0,0,0.950648,0.172715,0.257754
0,0,-0.935564,0.0952486,0.34007
0,0,0.960572,-0.00988809,0.277856
0,0,-0.53931,0.554947,0.633387
0,0,-0.0718771,-0.996899,0.0320244
0,0,0.357215,0.251738,0.899459
0,0,0.220328,0.279037,0.934662
0,0,-0.548286,0.587363,0.595305
0,0,0.102402,0.496965,0.861707
0,0,0.581669,-0.641072,0.500687
0,0,-0.419576,-0.332362,0.844684
0,0,-0.408479,0.0499681,0.911399
0,0,-0.78132,0.127276,0.611016
0,0,-0.720996,0.64897,0.242905
0,0,-0.546652,-0.698094,0.462425
0,0,-0.778249,0.416706,0.469771
0,0,-0.205941,0.951546,0.228358
0,0,-0.419823,-0.609553,0.672454
0,0,-0.76016,-0.476885,0.44129
0,0,0.595325,0.515267,0.616513
0,0,0.162018,0.656921,0.736346
0,0,0.00021583,-0.268096,0.963392
0,0,0.2767,-0.899648,0.337742
0,0,0.754096,-0.649504,0.0973851
0,0,0.986874,-0.110991,0.117304
0,0,0.28141,-0.565582,0.775194
0,0,0.768732,0.576291,0.27738
0,0,0.984423,0.154048,0.0847384
0,0,0.853396,0.00838891,0.521196
0,0,0.00361934,0.226501,0.974004
0,0,0.874124,0.485069,0.024786
0,0,-0.60395,0.0290014,0.796494
0,0,0.548409,0.241086,0.800703
0,0,-0.863542,0.361237,0.351855
0,0,-0.70379,-0.691268,0.163797
0,0,-0.608853,-0.793268,0.00493165
0,0,-0.0258004,-0.903126,0.428601
0,0,0.554044,-0.0882854,0.827793
0,0,-0.211576,0.584961,0.782979
0,0,0.477294,-0.684014,0.551648
0,0,-0.247178,-0.966114,0.0743407
18.3706,27.1389,0.458838,0.0486067,0.887189
0,0,0.313408,-0.703797,0.637531
0,0,0.585549,-0.197711,0.786157
0,0,-0.409583,0.140681,0.90136
0,0,0.772237,-0.0323427,0.634511
0,0,-0.438327,-0.446747,0.779927
0,0,-0.998777,-0.016285,0.0466832
0,0,0.121341,0.645299,0.754231
0,0,0.992335,0.111313,0.0536792
0,0,-0.557663,0.571206,0.602276
0,0,-0.0200765,-0.889038,0.457392
0,0,0.299821,0.233118,0.925075
0,0,-0.742617,-0.559292,0.368393
0,0,-0.107665,0.521281,0.846567
0,0,-0.588057,0.666054,0.458869
0,0,0.983563,-0.0233872,0.179042
0,0,-0.572138,0.190233,0.79779
0,0,0.950485,-0.250173,0.184369
15.9888,22.1763,-0.335518,0.0130295,0.941944
0,0,0.939184,-0.13511,0.31572
0,0,-0.524899,0.836639,0.156574
0,0,0.253188,-0.793853,0.552896
0,0,-0.644467,0.707645,0.289657
0,0,0.657969,-0.376363,0.652248
0,0,0.160838,0.431657,0.887583
0,0,0.152764,0.170138,0.973507
0,0,-0.0173633,0.308361,0.951111
0,0,-0.794756,0.5802,0.178129
0,0,-0.617055,-0.692746,0.37329
0,0,0.750589,-0.485235,0.448512
0,0,0.360881,0.326766,0.873492
0,0,-0.820376,-0.310561,0.48014
22.574,33.5891,-0.878379,-0.274494,-0.391283
0,0,-0.218413,-0.819586,0.529692
0,0,0.946614,0.239913,0.215322
0,0,-0.790323,-0.601821,0.114899
0,0,-0.362723,0.537994,0.760917
0,0,-0.9711,0.238662,0.00213781
0,0,-0.489473,0.711837,0.50369
0,0,-0.96384,-0.262998,0.0429496
0,0,0.175047,0.374922,0.91038
0,0,0.826073,-0.388157,0.408579
0,0,-0.596904,0.674804,0.433987
0,0,-0.642444,-0.637259,0.425638
0,0,-0.624569,-0.1751,0.761087
0,0,-0.767844,-0.638579,0.0513112
0,0,-0.652885,0.656959,0.377022
0,0,0.0205835,-0.426556,0.904227
0,0,-0.762271,0.430417,0.483409
0,0,-0.748372,0.580406,0.321041
0,0,0.243461,0.940128,0.238508
0,0,-0.466468,0.843107,0.26754
0,0,0.25901,-0.736922,0.624388
0,0,-0.823367,0.4364,0.362798
0,0,0.603851,0.508951,0.613459
0,0,0.950678,-0.0312311,0.308602
0,0,-0.440627,0.612245,0.656509
0,0,0.31884,0.396523,0.860878
0,0,0.0592928,0.12491,0.990395
0,0,-0.459582,-0.606787,0.648532
0,0,-0.235267,0.819384,0.522742
0,0,0.355696,-0.757864,0.546921
0,0,0.949399,-0.022566,0.31326
0,0,0.792259,0.0143524,0.610016
0,0,-0.170563,0.591103,0.788357
0,0,0.347183,0.701173,0.622752
0,0,0.969215,-0.220963,0.108615
0,0,0.820541,-0.197363,0.536432
0,0,0.193415,-0.421486,0.885969
0,0,-0.92304,-0.334933,0.189252
0,0,0.663591,0.634084,0.396969
0,0,0.496343,-0.850367,0.1747
0,0,-0.149732,-0.975616,0.160482
0,0,0.284603,0.669685,0.685946
0,0,0.612154,0.170471,0.772144
0,0,-0.311424,-0.666887,0.676961
0,0,-0.744162,0.275145,0.608703
0,0,0.524182,-0.0406937,0.850634
0,0,0.618457,0.605823,0.500488
0,0,-0.0486303,0.997704,0.0471265
0,0,-0.449282,-0.639925,0.623412
0,0,0.267208,0.819483,0.506998
0,0,-0.908213,0.0821513,0.410366
0,0,0.430616,0.887697,0.162986
0,0,-0.159418,0.0490359,0.985993
0,0,0.962742,0.261403,0.0692564
0,0,0.991145,-0.0582302,0.119332
0,0,0.857525,-0.453283,0.243281
0,0,0.322625,-0.808258,0.492577
0,0,0.194599,-0.497611,0.84529
0,0,0.259683,-0.956327,0.134175
0,0,0.889034,0.192845,0.415246
0,0,-0.0149021,-0.935337,0.353444
0,0,0.771559,-0.58709,0.244992
0,0,-0.388985,-0.920509,0.0368011
0,0,-0.138221,-0.162032,0.977057
0,0,-0.685509,-0.580686,0.439183
0,0,0.852114,0.0202917,0.522963
0,0,0.972748,0.22975,0.0312351
0,0,0.00355685,0.573401,0.819267
0,0,-0.139125,-0.983661,0.114259
0,0,0.102015,-0.994767,0.00564252
11.1889,16.7753,0.454749,-0.313594,0.833584
0,0,-0.293188,-0.0112496,0.955989
0,0,0.880821,0.464237,0.0929389
0,0,0.476632,-0.299094,0.826659
23.0299,31.381,-0.420714,0.314109,0.851079
0,0,0.461902,0.260467,0.847823
0,0,0.100142,-0.208077,0.972972
0,0,-0.957955,0.273123,0.0878951
0,0,0.495839,0.230518,0.837261
0,0,-0.136637,0.396953,0.907611
0,0,-0.225946,0.487973,0.843108
0,0,-0.68082,-0.685307,0.258532
0,0,0.187333,-0.537215,0.822379
0,0,-0.813702,0.556766,0.167035
0,0,0.502587,0.498308,0.706467
0,0,-0.0940012,-0.888438,0.449269
0,0,0.547483,0.83659,0.0195034
0,0,-0.152839,-0.299602,0.941742
0,0,0.325887,-0.910039,0.256176
0,0,-0.47736,-0.875084,0.0797174
0,0,0.743688,-0.395131,0.539259
0,0,0.0364906,-0.413676,0.909693
0,0,-0.246552,0.885247,0.394398
0,0,-0.805428,0.492058,0.3304
0,0,-0.040125,-0.073998,0.996451
0,0,-0.838534,0.54477,0.00930347
0,0,0.903969,-0.245549,0.350064
0,0,-0.425191,0.557264,0.71321
0,0,0.0527721,-0.389981,0.919309
0,0,0.0724585,0.836636,0.542945
0,0,-0.17107,0.889937,0.422785
0,0,-0.55449,0.679466,0.480486
0,0,0.576668,-0.120018,0.808115
0,0,0.611317,0.239765,0.754191
0,0,0.478167,0.876776,0.0511838
0,0,-0.574732,0.807393,0.133415
0,0,-0.700346,-0.623902,0.346787
0,0,-0.521658,0.575313,0.629991
0,0,-0.431236,-0.81612,0.384687
0,0,-0.889398,0.258195,0.377234
0,0,0.29658,-0.721571,0.6256
0,0,0.854268,-0.0795194,0.513715
0,0,-0.182408,0.464595,0.866532
0,0,-0.484897,0.442877,0.754145
0,0,-0.574332,-0.357183,0.736589
0,0,0.283964,0.883223,0.373205
0,0,-0.636107,0.0692519,0.768487
0,0,0.0500532,0.998722,0.00698333
0,0,0.717056,-0.645592,0.262759
0,0,0.239016,-0.619827,0.747453
0,0,0.816488,0.297809,0.494628
0,0,0.0848213,-0.391029,0.916462
0,0,0.975509,0.200861,0.0896485
0,0,-0.00527356,-0.816861,0.576811
0,0,0.478211,0.663388,0.575526
0,0,0.908095,-0.0586584,0.414636
0,0,0.02323,-0.744065,0.667703
0,0,-0.99862,0.0515882,0.00986456
0,0,-0.89354,-0.337848,0.29571
0,0,-0.913504,-0.383171,0.136712
0,0,0.820065,-0.135447,0.556011
0,0,0.408915,-0.501992,0.762098
0,0,0.736912,0.341278,0.583515
0,0,-0.650057,-0.599792,0.466557
0,0,0.704512,0.675498,0.217636
0,0,0.897882,-0.176683,0.403227
0,0,0.601911,0.797147,0.047547
0,0,0.0294043,-0.776674,0.629216
0,0,-0.690798,0.487685,0.533818
0,0,-0.0807688,0.996446,0.0238932
0,0,0.268009,-0.47994,0.835362
0,0,0.839892,-0.346373,0.41786
0,0,0.235267,-0.184494,0.95426
0,0,0.679639,-0.171418,0.713237
0,0,-0.199674,-0.580989,0.789039
0,0,0.826189,-0.346593,0.444167
0,0,-0.288207,-0.948765,0.129543
0,0,-0.978555,0.127128,0.162076
0,0,0.312674,0.532897,0.786292
0,0,0.724648,0.485677,0.488879
0,0,-0.716629,-0.288262,0.635097
0,0,0.74176,0.301621,0.599013
0,0,-0.0518456,0.853641,0.518275
0,0,0.543486,0.543051,0.640092
0,0,-0.693712,-0.0711756,0.716727
0,0,-0.590873,-0.798026,0.11842
0,0,0.000447755,0.87473,0.484611
0,0,-0.0734157,0.482943,0.872569
0,0,0.872769,-0.105132,0.476678
0,0,-0.453605,0.850448,0.266422
0,0,0.814963,0.579327,0.0147002
0,0,0.0277814,-0.986319,0.162492
0,0,-0.84351,0.103623,0.527023
0,0,-0.391453,-0.197008,0.898862
0,0,0.510489,0.674512,0.533324
0,0,-0.251891,0.420874,0.871445
0,0,-0.314325,0.468012,0.825933
0,0,0.493306,0.160632,0.854896
12.1143,16.595,0.052542,0.328961,0.942881
0,0,-0.317079,-0.851819,0.416972
0,0,0.645938,0.514093,0.564334
0,0,0.597243,0.194984,0.777999
0,0,-0.494868,0.792997,0.355334
0,0,-0.285955,0.466507,0.837019
0,0,0.726266,-0.686616,0.0331096
9.11306,12.4376,0.129268,0.190042,0.973229
0,0,0.421946,0.34834,0.837031
0,0,0.509115,-0.516357,0.688606
0,0,0.842274,0.116817,0.526239
0,0,-0.674255,-0.420481,0.607104
0,0,0.567365,0.566922,0.597241
0,0,0.925586,0.277483,0.257476
0,0,-0.1332,0.916904,0.376223
0,0,-0.669724,0.016892,0.742418
0,0,0.322565,-0.301486,0.89725
0,0,-0.595115,-0.789093,0.152215
0,0,-0.329918,-0.886419,0.324679
0,0,-0.701072,-0.470877,0.535512
0,0,0.945288,0.323526,0.0419791
0,0,0.529561,0.834082,0.154509
0,0,0.710397,-0.545184,0.445096
0,0,-0.945363,0.297737,0.132821
0,0,0.768065,0.281467,0.575198
0,0,-0.255408,-0.962036,0.0961944
0,0,0.814282,-0.578978,0.0415947
0,0,0.681568,-0.0954466,0.725504
0,0,-0.222259,0.919192,0.325094
0,0,0.773416,-0.0652298,0.630534
0,0,-0.838078,-0.507198,0.200937
0,0,0.813343,-0.575067,0.0881524
0,0,0.794539,-0.57598,0.192235
0,0,-0.0779907,0.960652,0.266579
0,0,-0.575987,0.686743,0.443422
0,0,-0.0151551,0.910787,0.412599
0,0,-0.758698,-0.00206667,0.651439
0,0,-0.63609,-0.11342,0.763233
0,0,0.574602,0.383386,0.723082
0,0,0.0985981,-0.887662,0.449817
0,0,-0.523973,-0.547995,0.652038
0,0,-0.290635,0.514515,0.806725
0,0,0.174986,0.404981,0.897424
0,0,0.85959,-0.205571,0.46781
0,0,0.743979,0.613459,0.264884
0,0,0.993034,0.0336437,0.112924
0,0,-0.0976136,-0.801364,0.590159
0,0,-0.34999,-0.93282,0.0857513
0,0,0.136008,-0.961985,0.236824
0,0,0.0790631,0.516874,0.852403
0,0,0.710324,-0.703348,0.0272368
0,0,0.517092,-0.44591,0.730603
0,0,0.242468,-0.392529,0.887204
0,0,0.290479,-0.1968,0.936425
0,0,0.788414,-0.490599,0.371102
0,0,0.293746,0.232825,0.927095
0,0,0.161196,0.980096,0.115873
0,0,-0.461556,0.752368,0.470009
0,0,0.983115,0.0542765,0.174752
0,0,0.755332,0.238236,0.610506
0,0,0.20543,0.858376,0.470096
0,0,0.764961,0.0489425,0.642214
0,0,-0.632835,0.65566,0.411862
0,0,0.0787762,0.580392,0.810518
0,0,-0.651293,-0.580946,0.48818
0,0,-0.300869,0.948597,0.098197
0,0,0.0110748,-0.366903,0.930193
0,0,-0.816234,-0.577715,0.00280572
0,0,-0.0176597,-0.80304,0.595663
0,0,0.412294,0.258859,0.873502
0,0,0.406946,-0.686076,0.60307
0,0,-0.938019,-0.30507,0.164475
0,0,-0.356348,-0.619428,0.699518
12.3846,16.7303,-0.104572,0.205294,0.973098
0,0,-0.806435,0.329167,0.491234
0,0,-0.868049,-0.425805,0.255305
0,0,-0.655175,0.384935,0.650055
0,0,-0.605646,-0.409869,0.682055
0,0,0.660778,-0.242205,0.710429
0,0,-0.555319,-0.815536,0.162853
0,0,0.00904097,-0.881535,0.472032
0,0,0.333384,0.871658,0.359261
0,0,0.873344,-0.451067,0.183872
0,0,0.00471181,-0.894961,0.446119
0,0,-0.0717294,0.558909,0.826121
0,0,0.466734,0.183216,0.865212
0,0,0.0947767,0.674483,0.732182
0,0,0.229082,-0.923522,0.307618
0,0,-0.739445,-0.641665,0.203683
0,0,-0.0108565,0.593731,0.80459
0,0,0.951057,0.296382,0.0874495
0,0,0.924292,0.213918,0.316106
0,0,0.573064,0.391347,0.720031
0,0,0.533175,0.0190471,0.84579
0,0,-0.992495,0.046596,0.113056
0,0,-0.807361,0.420684,0.413755
0,0,-0.715353,0.204684,0.668113
0,0,0.0877679,-0.996077,0.0112743
0,0,-0.86509,0.468254,0.179881
0,0,-0.695635,0.718322,0.0102767
17.255,22.6846,-0.458866,-0.218453,0.861232
0,0,0.875919,-0.442309,0.192689
0,0,0.55949,0.715461,0.418434
0,0,-0.754246,0.544922,0.366297
0,0,0.385963,0.203941,0.899689
0,0,-0.293951,-0.934301,0.201679
0,0,0.748889,-0.243818,0.616212
0,0,0.989742,0.134791,0.0473475
0,0,0.881668,-0.471871,0.000709629
0,0,-0.221023,0.931464,0.289005
0,0,-0.447817,-0.335718,0.828706
0,0,-0.840111,0.396411,0.370232
0,0,-0.673841,-0.60882,0.418662
0,0,-0.317912,0.802777,0.504461
0,0,-0.813546,-0.544678,0.203639
0,0,-0.0694479,0.491056,0.868356
0,0,-0.966004,-0.258477,0.00514971
0,0,-0.336096,-0.328445,0.882703
0,0,-0.722483,-0.318678,0.613566
0,0,-0.337218,0.921748,0.19148
0,0,0.662249,0.49127,0.565756
0,0,-0.428248,0.0200514,0.903439
0,0,0.44784,-0.623613,0.640739
0,0,0.343787,-0.102675,0.933418
0,0,-0.21659,-0.768891,0.601577
0,0,0.18135,-0.980228,0.0791536
0,0,0.734649,0.452561,0.50545
0,0,0.699146,-0.569539,0.432228
0,0,-0.705037,-0.567259,0.425605
0,0,-0.613628,0.701697,0.362053
0,0,0.287117,0.389853,0.874974
0,0,-0.801527,0.384933,0.457582
0,0,0.825328,0.401509,0.39702
0,0,-0.971326,0.230928,0.0565537
0,0,0.616485,0.333971,0.713029
0,0,0.861612,0.421117,0.283347
0,0,-0.0273533,0.80844,0.587943
0,0,0.954528,-0.289067,0.0729092
0,0,0.594408,0.635994,0.492129
0,0,-0.791097,-0.355454,0.497814
0,0,0.369991,-0.867477,0.332551
0,0,-0.713242,-0.518488,0.471652
0,0,-0.526873,0.772817,0.353778
0,0,-0.33414,-0.481595,0.810195
0,0,0.130217,-0.987775,0.0856939
0,0,-0.122774,0.168366,0.978049
0,0,-0.221451,0.815824,0.534219
0,0,0.0951554,0.994848,0.03496
0,0,-0.707125,0.333055,0.623738
0,0,-0.987096,0.00674002,0.159985
0,0,0.00732892,-0.182056,0.983261
0,0,-0.83543,0.476195,0.274399
0,0,-0.50401,0.833411,0.226718
0,0,-0.982284,0.117653,0.145866
0,0,-0.740537,0.671998,0.00500115
0,0,-0.0936453,-0.371056,0.923877
18.5181,25.1636,-0.0879057,0.414064,0.905993
0,0,0.0837607,0.973324,0.213598
0,0,0.0148065,0.0592537,0.998133
0,0,0.00920707,0.999123,0.0408394
0,0,-0.690943,-0.179586,0.700248
0,0,-0.754422,0.651378,0.0809563
0,0,-0.734619,0.577434,0.356237
0,0,-0.44535,0.834899,0.32343
0,0,-0.637607,0.525509,0.563292
0,0,-0.561972,-0.0802201,0.823257
0,0,-0.342671,-0.778132,0.52639
0,0,0.513638,-0.273184,0.813355
0,0,0.903856,0.425327,0.0462683
0,0,-0.827786,0.521837,0.20605
0,0,0.655129,-0.511812,0.555747
0,0,-0.787614,-0.286031,0.545757
0,0,-0.0217447,-0.738828,0.673543
0,0,-0.079238,-0.8075,0.584522
0,0,-0.171269,-0.953887,0.246508
0,0,0.829726,-0.277416,0.48435
0,0,0.811123,-0.540065,0.224518
0,0,0.52609,-0.647121,0.551783
0,0,-0.894613,-0.0390491,0.445133
0,0,0.639102,0.577222,0.508294
0,0,-0.380219,-0.867804,0.319921
0,0,0.315566,0.118166,0.941518
0,0,0.030457,-0.920241,0.390165
0,0,-0.45548,-0.281086,0.844706
0,0,-0.834978,0.0556326,0.547463
0,0,0.517192,0.731683,0.444018
0,0,-0.441186,0.413925,0.796254
0,0,0.614832,0.488355,0.619266
0,0,0.323407,-0.940286,0.106163
0,0,0.548415,-0.722992,0.420147
0,0,0.478015,0.786899,0.390247
0,0,0.759292,-0.481013,0.438295
0,0,0.501048,-0.023169,0.865109
0,0,0.448818,0.740471,0.500265
0,0,0.0691051,-0.891119,0.448476
0,0,0.00605408,-0.386097,0.922438
0,0,-0.778646,-0.540878,0.31806
0,0,0.192435,-0.964118,0.182882
0,0,0.509558,-0.825214,0.243665
0,0,0.89309,-0.289405,0.344434
0,0,-0.269232,-0.949574,0.160698
0,0,-0.550844,0.814123,0.183779
0,0,0.791586,0.391858,0.468871
0,0,0.891135,0.443986,0.09357
0,0,-0.174303,-0.852929,0.492068
0,0,-0.169832,0.980006,0.103656
0,0,-0.309612,-0.596616,0.740398
0,0,0.9174,0.290859,0.271622
0,0,0.520384,-0.607911,0.599704
2.23068,2.85457,0.11167,-0.305608,0.945586
0,0,0.75779,-0.0666444,0.649086
0,0,0.688903,0.559555,0.460773
0,0,-0.92833,0.359412,0.0950097
0,0,-0.936004,-0.224282,0.271283
0,0,-0.251255,0.893399,0.372436
0,0,0.552084,-0.602451,0.576417
0,0,-0.716477,0.687091,0.120691
0,0,0.943615,0.330958,0.00761604
0,0,0.60941,0.315389,0.727426
0,0,-0.460064,-0.767519,0.44638
0,0,-0.034164,-0.913527,0.405342
0,0,-0.113271,-0.956174,0.270002
0,0,-0.523753,0.774953,0.353738
0,0,-0.516084,-0.506313,0.690873
0,0,-0.617903,-0.265923,0.739919
0,0,0.624442,0.712916,0.319097
0,0,0.222687,0.353761,0.908441
0,0,0.651228,0.745846,0.140055
0,0,-0.405368,0.892762,0.196605
0,0,0.260897,0.939868,0.22041
0,0,0.351082,-0.817027,0.457393
0,0,-0.506042,-0.0745376,0.859282
0,0,0.566126,0.604338,0.560604
0,0,-0.315357,-0.82648,0.466349
0,0,-0.425993,0.643909,0.63554
0,0,0.894575,0.20382,0.397735
0,0,-0.624448,0.371052,0.687303
0,0,-0.202785,0.451847,0.868742
0,0,0.921789,-0.0799443,0.379359
0,0,-0.363312,0.864941,0.346238
0,0,0.744658,0.66474,0.0600357
0,0,-0.483834,0.396321,0.780278
0,0,0.588008,0.379206,0.714458
0,0,-0.514207,0.824097,0.237603
0,0,-0.0624204,0.676199,0.73407
0,0,0.611666,0.784059,0.105434
0,0,0.738351,-0.265592,0.619919
0,0,-0.220453,-0.830356,0.511771
0,0,-0.328966,-0.524916,0.785012
0,0,0.925685,0.285175,0.248559
13.3603,19.1082,0.372032,0.038783,0.927409
0,0,-0.97159,0.208831,0.111365
0,0,0.594227,0.734511,0.327702
0,0,-0.578825,0.278531,0.766408
0,0,0.110804,-0.627946,0.770329
0,0,-0.95387,0.280682,0.106531
0,0,-0.641757,-0.725748,0.247866
0,0,0.942998,-0.257631,0.210667
0,0,-0.739242,0.248636,0.625861
0,0,0.0323371,0.902434,0.429613
0,0,0.380447,-0.594423,0.708464
0,0,0.358144,0.0181139,0.933491
0,0,0.689149,0.636532,0.346268
0,0,-0.639264,-0.58007,0.504836
22.1862,30.1773,0.416973,0.591736,0.689914
0,0,-0.196936,0.677623,0.70855
0,0,-0.518392,0.800567,0.300602
0,0,0.60695,0.764096,0.218563
0,0,0.903933,-0.427096,0.0222251
0,0,0.52182,-0.184682,0.832825
0,0,0.706541,0.706521,0.0403406
0,0,-0.0962733,0.381818,0.91921
0,0,-0.176633,0.469401,0.865138
0,0,0.126429,0.758581,0.639195
0,0,-0.592564,-0.763766,0.255987
0,0,0.177287,0.94268,0.282709
0,0,-0.00927756,-0.995189,0.0975285
0,0,-0.359982,-0.8242,0.437158
0,0,0.57837,-0.540323,0.611179
0,0,0.941327,-0.249059,0.227756
18.2656,24.4221,0.527944,-0.459056,0.714522
0,0,-0.609742,-0.381504,0.694744
0,0,-0.807228,0.369237,0.460487
0,0,-0.80942,-0.497935,0.311288
0,0,-0.683679,0.284237,0.672155
0,0,-0.263296,0.766407,0.585914
0,0,-0.686514,-0.69162,0.224412
0,0,-0.923637,-0.320762,0.209778
0,0,-0.655085,-0.0747906,0.751845
0,0,-0.264787,0.951471,0.156811
0,0,0.478381,0.337362,0.810764
0,0,-0.360507,-0.205271,0.909889
0,0,0.177388,-0.528971,0.829893
0,0,0.889601,0.298361,0.345818
0,0,0.498125,-0.830019,0.250877
0,0,-0.994919,-0.10067,0.00119246
0,0,-0.703172,0.702163,0.111873
0,0,-0.47413,-0.784899,0.398916
0,0,0.790258,-0.316368,0.524789
0,0,0.543068,0.810667,0.218853
0,0,0.8602,-0.451086,0.237859
0,0,-0.137772,-0.763639,0.630773
0,0,0.690895,-0.228856,0.685776
0,0,0.807574,-0.244367,0.536758
0,0,-0.719584,-0.691258,0.066035
0,0,-0.0795108,-0.503447,0.86036
0,0,-0.648357,-0.734996,0.198529
0,0,-0.71733,-0.304344,0.626747
0,0,0.493561,-0.858512,0.139122
0,0,0.694301,0.00496246,0.719667
0,0,-0.41677,-0.302553,0.857184
0,0,0.733587,0.678745,0.0339962
0,0,0.289159,-0.940295,0.179531
0,0,-0.182985,0.318085,0.930236
0,0,-0.957612,0.269556,0.101582
0,0,0.557434,0.407486,0.723342
0,0,-0.984904,0.159033,0.0683577
0,0,0.399554,0.321674,0.858418
0,0,0.320945,-0.944374,0.0717772
0,0,0.627004,0.0459663,0.777659
0,0,0.681475,-0.350462,0.642471
0,0,-0.707674,-0.393772,0.586635
0,0,-0.303908,-0.832128,0.4639
0,0,0.996934,0.05845,0.0520244
0,0,0.959289,-0.175456,0.221314
0,0,-0.78737,0.494265,0.368443
0,0,-0.954109,0.123828,0.272659
0,0,0.79169,-0.605472,0.0814293
0,0,0.561306,-0.822102,0.0953108
0,0,-0.52039,-0.587397,0.619806
0,0,0.352144,0.929334,0.111057
0,0,-0.741778,-0.00800332,0.670598
0,0,0.731633,-0.673743,0.103842
0,0,0.366254,0.485881,0.793585
0,0,0.397001,-0.40269,0.824761
0,0,-0.783994,0.361703,0.504504
0,0,0.873324,0.213411,0.437905
0,0,-0.0636352,0.553653,0.830312
0,0,-0.276183,0.667938,0.691073
0,0,0.246732,-0.376293,0.893044
0,0,0.0210809,0.643638,0.76504
17.4433,23.588,-0.453668,0.104467,0.885026
0,0,0.60963,0.767129,0.199663
0,0,-0.680065,-0.202915,0.704512
0,0,0.318636,0.0530029,0.946394
0,0,0.289134,-0.817237,0.498524
0,0,-0.189509,0.829639,0.525153
0,0,0.318701,0.827072,0.463013
0,0,0.644943,0.728829,0.229906
0,0,-0.204475,-0.97765,0.0488926
0,0,-0.653729,-0.07114,0.753378
0,0,-0.553127,-0.828919,0.083335
0,0,0.13563,0.466324,0.874155
0,0,0.742274,0.483919,0.463521
0,0,0.455875,0.737318,0.498538
0,0,0.930753,-0.150726,0.333137
0,0,-0.881577,0.298634,0.365566
0,0,-0.0394706,-0.362727,0.931059
0,0,0.268668,0.579985,0.769048
0,0,-0.591167,0.493968,0.637587
0,0,-0.326317,-0.545463,0.772002
0,0,-0.935082,0.023744,0.353634
0,0,0.000773639,-0.412129,0.911125
7.79122,11.0387,-0.265827,-0.351475,0.897665
0,0,0.12302,0.975558,0.182077
0,0,0.389742,-0.920857,0.0111193
0,0,-0.31707,0.838227,0.443669
0,0,-0.422286,-0.88823,0.180893
0,0,0.569462,0.731614,0.374772
0,0,-0.936041,-0.336765,0.102057
0,0,0.954619,-0.230351,0.18879
0,0,0.923437,-0.364528,0.119929
0,0,-0.475396,0.0471612,0.878507
0,0,-0.887796,-0.0431807,0.458207
0,0,-0.307933,0.852336,0.422729
0,0,-0.466854,-0.0129481,0.884239
0,0,0.0643351,-0.625993,0.777171
0,0,-0.970604,0.0162793,0.240133
0,0,-0.576776,-0.650945,0.493558
0,0,-0.149492,-0.79553,0.587184
0,0,-0.681009,-0.230638,0.695006
0,0,0.360149,0.501387,0.786704
0,0,-0.256838,0.827553,0.49919
0,0,0.626524,0.763838,0.154978
0,0,-0.582054,-0.663831,0.469619
0,0,0.246388,0.916674,0.314646
0,0,-0.941485,-0.326934,0.0819798
0,0,0.751184,0.573154,0.327441
0,0,0.593392,0.476888,0.648431
0,0,-0.644938,0.60177,0.471092
0,0,-0.0057778,-0.999936,0.00969927
0,0,0.357158,0.626876,0.692434
0,0,-0.23988,-0.849114,0.470598
0,0,-0.98743,0.0581955,0.146954
0,0,0.983197,-0.0764024,0.165791
0,0,0.0772084,0.956014,0.282978
0,0,-0.359633,-0.659017,0.660576
0,0,0.444927,0.166595,0.879935
0,0,-0.00748478,-0.175049,0.984531
0,0,0.182616,-0.961313,0.206225
0,0,-0.864838,0.502021,0.00553849
0,0,0.953393,0.240221,0.182581
0,0,0.748609,-0.244291,0.616366
0,0,0.766866,-0.601586,0.22363
24.5047,32.8206,-0.942901,0.195719,-0.269503
0,0,0.370497,-0.455476,0.80949
0,0,-0.948217,-0.215907,0.232957
0,0,0.720672,0.478838,0.501343
0,0,-0.613759,-0.150258,0.775063
0,0,-0.398626,0.876407,0.270201
0,0,0.917358,0.160456,0.364291
0,0,-0.160974,-0.966894,0.197999
0,0,-0.72073,0.598625,0.349567
0,0,0.378737,0.812727,0.442757
0,0,-0.467538,-0.54087,0.699191
0,0,0.0626055,-0.601699,0.796266
0,0,0.268596,0.477953,0.836312
0,0,0.876363,0.476169,0.0724611
0,0,0.0402391,0.62717,0.777842
0,0,0.835504,-0.27759,0.474212
0,0,-0.253589,-0.409184,0.876505
0,0,0.985698,-0.167303,0.0202219
0,0,-0.300339,-0.510081,0.805986
0,0,0.196201,0.8869,0.418226
0,0,-0.489392,0.110104,0.865086
0,0,0.533812,-0.64442,0.54751
0,0,-0.282148,0.305402,0.909463
0,0,-0.984007,0.111504,0.138911
0,0,-0.244976,-0.595677,0.764954
0,0,-0.413064,0.420256,0.807937
0,0,0.876984,-0.266203,0.400043
0,0,-0.325261,0.945575,0.0096665
0,0,-0.106552,-0.593003,0.798119
0,0,-0.612244,0.518848,0.596619
0,0,-0.529064,0.59902,0.601055
0,0,-0.735785,0.676703,0.0263379
0,0,0.664269,-0.267024,0.698172
0,0,-0.847115,-0.160817,0.506492
0,0,0.169975,0.894182,0.414182
0,0,-0.278366,0.913679,0.296148
0,0,-0.911213,-0.407707,0.0588689
0,0,-0.376291,0.926299,0.019363
0,0,-0.162639,0.92848,0.333877
0,0,-0.333033,-0.235716,0.912977
0,0,-0.094341,-0.399996,0.911649
0,0,-0.329955,0.254649,0.909002
0,0,0.902665,0.0317018,0.429176
0,0,0.781319,-0.619224,0.0781194
0,0,-0.120354,0.848714,0.514976
0,0,0.714066,-0.648326,0.264165
0,0,0.415399,0.801463,0.430233
0,0,-0.846091,0.318348,0.427533
0,0,-0.918786,0.312996,0.240553
0,0,-0.349728,0.442113,0.82597
0,0,0.910033,0.25865,0.323944
0,0,-0.840494,0.316245,0.439954
0,0,0.844714,0.136596,0.517494
0,0,0.736676,-0.0479642,0.674543
0,0,-0.308865,0.700967,0.642843
0,0,-0.695258,0.127089,0.707435
0,0,0.933384,-0.311076,0.178959
0,0,-0.926823,0.183141,0.32781
0,0,0.651927,0.599837,0.463881
0,0,-0.515763,-0.592222,0.619081
0,0,0.797344,0.462888,0.387269
0,0,0.44144,-0.2363,0.865617
0,0,-0.701053,0.397959,0.591737
0,0,-0.530076,0.293124,0.795675
0,0,-0.98338,0.177964,0.0359533
0,0,0.710087,0.0230483,0.703737
0,0,-0.324224,-0.931143,0.166888
0,0,0.873991,0.395298,0.282629
0,0,-0.704131,-0.18125,0.686547
0,0,-0.0558616,-0.792816,0.606896
0,0,-0.436779,0.692078,0.574676
0,0,-0.643638,0.0254434,0.764907
0,0,0.589534,0.664862,0.458703
0,0,-0.0661192,0.878336,0.47345
0,0,0.788742,0.421981,0.447009
0,0,-0.0875163,0.621278,0.778688
0,0,-0.956261,0.241993,0.16433
0,0,-0.255263,0.314603,0.914257
0,0,0.585929,0.030337,0.809794
0,0,-0.0576532,-0.998276,0.0109719
0,0,-0.972737,0.231911,0.000644545
0,0,0.974215,0.208875,0.0852983
0,0,0.705826,0.700419,0.105943
0,0,-0.468721,-0.39448,0.790371
0,0,0.306858,0.541712,0.782551
0,0,-0.0497169,-0.378901,0.924101
0,0,-0.663584,-0.138533,0.735163
0,0,-0.659194,0.41967,0.623971
0,0,-0.839053,-0.439625,0.320498
0,0,0.673405,0.713201,0.194603
0,0,-0.290895,0.878632,0.378663
0,0,-0.999143,0.0119589,0.0396197
0,0,-0.906012,-0.313679,0.28416
0,0,-0.641847,-0.766751,0.0111544
0,0,-0.596487,-0.802316,0.0221937
0,0,-0.11507,-0.940522,0.319652
0,0,0.879577,0.467728,0.0870345
0,0,-0.984427,0.0225951,0.174333
0,0,0.871532,-0.305601,0.383459
0,0,-0.0369,0.30669,0.951094
0,0,0.0491892,0.750941,0.658535
0,0,-0.117,0.373135,0.92037
0,0,-0.0152747,-0.383295,0.9235
0,0,0.973046,0.224829,0.0513098
0,0,0.111432,-0.777438,0.619009
0,0,-0.19855,0.573436,0.794826
0,0,-0.703722,0.70827,0.0559336
0,0,-0.747982,0.6048,0.273385
7.99321,12.8167,-0.185899,0.0332613,0.982006
0,0,-0.4144,-0.829065,0.375399
0,0,0.853148,0.517573,0.0652478
0,0,0.465058,0.451329,0.761592
0,0,-0.629197,0.72043,0.291707
0,0,0.895565,0.0339616,0.443633
15.2854,20.2547,-0.0378369,0.396126,0.917416
0,0,0.30283,0.860654,0.409351
0,0,-0.52589,0.37279,0.764505
0,0,-0.30576,0.824838,0.475556
0,0,0.30423,-0.942844,0.135972
0,0,-0.63937,-0.339572,0.689853
0,0,0.679578,0.0470145,0.732095
0,0,-0.296771,0.264297,0.917646
0,0,-0.324455,-0.783222,0.530371
0,0,0.192062,-0.974027,0.119928
0,0,0.9427,-0.136283,0.304538
0,0,0.603671,-0.658715,0.449083
0,0,0.380252,-0.243603,0.892225
0,0,-0.908323,0.167726,0.383166
0,0,-0.755216,-0.619573,0.213958
0,0,-0.120913,-0.534535,0.836452
0,0,0.394833,0.253119,0.883197
0,0,0.0611725,-0.669972,0.739862
0,0,-0.529239,0.846567,0.0568308
0,0,0.193303,0.613506,0.765666
0,0,0.259947,-0.398553,0.879536
0,0,0.662094,0.391039,0.639312
0,0,-0.439578,0.827847,0.348485
0,0,-0.382327,-0.652152,0.654617
0,0,-0.407914,-0.318879,0.855524
0,0,-0.955663,-0.152104,0.252138
0,0,-0.252572,0.389425,0.885751
0,0,0.187669,0.631726,0.752132
0,0,0.385031,0.29865,0.873247
0,0,0.6008,-0.418458,0.681126
0,0,0.161721,0.840479,0.517147
0,0,-0.403891,0.701123,0.587622
0,0,0.176458,-0.449773,0.875538
0,0,-0.737481,0.44486,0.508155
0,0,0.788472,-0.555911,0.263201
0,0,0.183678,-0.98121,0.0590751
0,0,0.399614,-0.0757515,0.913548
0,0,0.731494,0.667169,0.140723
0,0,0.442601,0.625019,0.643005
0,0,-0.848467,0.181575,0.497126
0,0,0.0778436,-0.692211,0.717484
0,0,-0.879022,-0.447935,0.163324
18.9186,28.1418,0.230611,0.031662,0.972531
0,0,0.681677,0.361211,0.636273
0,0,-0.739107,0.661405,0.127531
0,0,-0.042638,-0.74098,0.670172
0,0,0.685347,0.420717,0.594387
0,0,-0.441582,0.311408,0.841445
0,0,0.0231022,0.999723,0.00445696
0,0,-0.27967,-0.929376,0.240926
0,0,0.144235,0.538929,0.829911
0,0,-0.0677118,0.957696,0.279704
0,0,-0.371059,-0.496266,0.784879
0,0,-0.623289,-0.538006,0.567503
0,0,0.492457,-0.848419,0.194091
0,0,-0.680277,-0.732767,0.016606
0,0,-0.969002,-0.0530948,0.24128
0,0,-0.637207,-0.634581,0.437348
0,0,-0.306718,-0.407953,0.859941
0,0,0.395689,-0.425917,0.813649
18.5017,26.7567,-0.945171,0.306354,-0.113137
0,0,0.873554,0.43668,0.214976
0,0,-0.918397,0.104083,0.381723
0,0,-0.25285,-0.957815,0.136594
0,0,0.445808,-0.0558935,0.893382
0,0,0.913182,0.17184,0.369552
0,0,0.783659,0.435033,0.443424
0,0,-0.844359,0.0488468,0.533546
0,0,-0.557652,-0.829152,0.0391386
0,0,-0.809477,-0.586987,0.0139073
0,0,0.663964,0.408582,0.626269
0,0,-0.219431,0.961514,0.165351
0,0,-0.156227,-0.963256,0.218474
0,0,0.617585,-0.209495,0.75809
0,0,-0.729658,-0.6405,0.239497
0,0,-0.922093,0.12871,0.364936
0,0,0.911847,-0.101338,0.397826
0,0,-0.737136,0.103839,0.667718
0,0,0.909998,0.12263,0.396063
0,0,0.142802,-0.871373,0.469378
0,0,-0.2887,0.651022,0.702013
0,0,0.541417,0.672522,0.50456
0,0,0.543629,0.83,0.124769
0,0,0.302704,-0.476303,0.825534
0,0,0.337375,0.906241,0.254763
0,0,0.558995,0.521841,0.644366
0,0,-0.0799248,-0.699044,0.710598
0,0,0.249238,-0.488008,0.836498
0,0,-0.783418,-0.211809,0.584288
0,0,0.117305,-0.967858,0.222463
20.2056,29.7513,0.461731,0.29958,-0.834899
0,0,-0.703657,-0.534139,0.468575
0,0,0.278512,0.307095,0.910013
0,0,-0.673888,-0.512183,0.532489
0,0,-0.527458,0.378232,0.760742
0,0,0.789986,0.395735,0.468312
0,0,0.972645,-0.224235,0.0606688
0,0,-0.812898,0.407743,0.415863
0,0,-0.735674,0.228926,0.637476
0,0,-0.0880076,-0.741097,0.665605
0,0,-0.978873,0.195754,0.0590527
0,0,0.947662,0.025976,0.318217
0,0,0.730125,0.506474,0.458696
0,0,-0.369054,0.0504988,0.928035
0,0,-0.930386,-0.307846,0.199029
0,0,-0.212385,0.972436,0.0962302
0,0,0.331153,-0.540778,0.773238
0,0,-0.865109,0.162589,0.474501
0,0,0.936446,-0.0987608,0.336623
0,0,-0.561325,0.760704,0.325951
0,0,0.451375,0.703709,0.548684
0,0,-0.308659,-0.857184,0.412268
0,0,0.530064,0.445817,0.721304
0,0,0.444485,0.791747,0.41901
0,0,-0.69493,-0.522163,0.494386
0,0,-0.941074,-0.278109,0.192446
0,0,0.627565,-0.723437,0.287752
0,0,0.176371,0.778994,0.601716
0,0,-0.119546,0.601472,0.789899
0,0,-0.589226,0.778797,0.215147
0,0,0.882843,-0.300204,0.361201
0,0,0.957974,-0.0183434,0.286267
0,0,0.310873,0.340059,0.887534
0,0,-0.666654,0.745257,0.0128101
0,0,0.824424,-0.1253,0.551929
0,0,-0.0310891,0.428222,0.903139
0,0,-0.164435,-0.211348,0.96348
0,0,0.710597,-0.232216,0.664174
0,0,0.0480205,0.695314,0.7171
0,0,-0.775797,-0.602126,0.188637
0,0,0.98377,0.164932,0.0706634
0,0,0.606806,-0.0220084,0.794545
0,0,-0.574466,-0.81761,0.0387624
3.54406,6.00316,0.374262,0.00550977,0.927307
0,0,0.924264,0.200283,0.324997
0,0,-0.630568,0.376329,0.678793
0,0,-0.251666,-0.890549,0.378928
0,0,-0.238126,-0.0366464,0.970543
0,0,0.867654,-0.121449,0.482107
0,0,0.737125,-0.553438,0.387755
0,0,0.13511,0.849098,0.510664
0,0,0.38288,0.683325,0.621667
0,0,0.836101,0.54857,0.00227568
0,0,-0.952063,0.249284,0.177293
0,0,-0.330409,0.161026,0.93
0,0,-0.665544,-0.383344,0.640389
0,0,0.620773,-0.783919,0.0105992
0,0,-0.618964,0.78325,0.0583285
0,0,0.0297251,-0.264346,0.96397
0,0,-0.0992993,-0.770014,0.630252
0,0,-0.00214913,-0.938868,0.344271
0,0,0.584936,0.786437,0.198409
0,0,-0.326742,-0.945037,0.0120125
0,0,-0.0844011,-0.477349,0.874651
0,0,0.668137,0.68341,0.294181
0,0,-0.0542238,0.997866,0.0363702
0,0,-0.273633,-0.837646,0.47273
0,0,-0.286297,-0.885188,0.366711
0,0,0.0129703,0.916115,0.400707
0,0,-0.325323,0.811666,0.485143
0,0,0.542833,0.555815,0.629605
0,0,0.455589,-0.52686,0.717536
0,0,0.90652,0.379132,0.185689
0,0,0.232147,0.5249,0.818894
0,0,-0.614832,0.320812,0.720459
0,0,-0.971547,0.236816,0.00386897
0,0,0.261698,0.668746,0.695912
0,0,0.241405,-0.829932,0.502929
0,0,0.147115,0.203937,0.967867
0,0,-0.423051,0.540921,0.726933
0,0,-0.82362,0.464674,0.325158
0,0,-0.573609,-0.114384,0.811104
0,0,0.387035,-0.921907,0.0170868
0,0,0.619678,0.715079,0.323515
0,0,0.063448,-0.657591,0.750698
0,0,-0.406355,-0.87176,0.273699
0,0,-0.768898,-0.141599,0.623495
0,0,0.418172,-0.285242,0.862421
0,0,-0.618413,-0.779445,0.100153
19.7547,27.9521,0.0770182,-0.447129,0.891148
0,0,0.225486,-0.50238,0.834728
0,0,-0.621183,-0.69513,0.361835
0,0,0.473103,0.695055,0.541362
0,0,0.859397,-0.17548,0.480254
0,0,0.127844,0.934868,0.331175
0,0,-0.256422,-0.335738,0.906381
0,0,0.147178,-0.536683,0.830849
0,0,-0.655531,-0.0630657,0.75253
0,0,-0.223934,0.669663,0.7081
0,0,-0.692742,-0.110921,0.712604
0,0,0.566045,-0.802967,0.186646
0,0,0.911422,-0.0742267,0.404722
0,0,-0.507155,-0.341328,0.791384
0,0,0.199807,0.90513,0.375256
0,0,0.159031,-0.678264,0.717403
0,0,-0.908599,0.338857,0.244181
0,0,-0.922659,-0.242049,0.300188
0,0,0.993248,0.00469083,0.115919
0,0,-0.486486,-0.330996,0.808562
0,0,-0.577941,0.313211,0.75358
0,0,0.397836,-0.497361,0.770946
0,0,0.906835,0.277637,0.317126
0,0,-0.650186,0.306818,0.695069
0,0,-0.907966,0.339976,0.244979
0,0,-0.9636,0.21974,0.152282
0,0,0.81048,-0.422412,0.405821
0,0,-0.65909,0.599589,0.453974
0,0,0.126377,-0.649753,0.749567
0,0,-0.347351,-0.905079,0.245313
0,0,-0.360587,-0.364492,0.858558
0,0,-0.970454,0.0353687,0.238678
0,0,-0.248725,-0.588488,0.769297
0,0,0.667959,-0.562426,0.487347
0,0,-0.949217,-0.184541,0.254818
0,0,0.166357,0.701633,0.692847
0,0,-0.585954,-0.693528,0.419139
0,0,-0.369238,-0.867402,0.333581
0,0,-0.0383785,0.949703,0.31079
0,0,-0.507313,0.190222,0.840505
0,0,-0.967074,0.223711,0.121328
0,0,-0.991775,-0.0694496,0.107517
0,0,-0.856484,0.44909,0.254467
0,0,0.469429,0.44711,0.761399
0,0,-0.44643,0.64806,0.617025
0,0,0.250234,-0.848242,0.466763
0,0,-0.0954452,0.980244,0.17324
0,0,0.744899,0.667156,0.00528722
0,0,0.724413,-0.109613,0.680596
0,0,-0.0256581,-0.698942,0.714718
0,0,-0.864096,-0.357813,0.353988
0,0,-0.458773,-0.524914,0.716933
0,0,-0.296078,-0.564962,0.770166
0,0,-0.764896,0.490274,0.417811
0,0,0.377003,0.32863,0.865951
0,0,-0.377281,-0.292357,0.878741
0,0,-0.562238,-0.775919,0.286074
0,0,0.751866,-0.620253,0.223571
0,0,-0.335713,0.858669,0.387279
0,0,-0.156269,0.375187,0.913682
0,0,0.972162,0.212027,0.0997255
0,0,0.549212,-0.617693,0.56287
0,0,0.729218,-0.59537,0.337305
0,0,0.897179,0.375678,0.232241
0,0,-0.570254,-0.283846,0.770871
0,0,0.0383982,0.982259,0.183557
0,0,-0.0781531,0.626106,0.775811
0,0,0.243272,-0.780358,0.576073
0,0,0.450638,-0.85872,0.24398
0,0,0.725241,-0.369337,0.581046
0,0,0.0420095,-0.0284261,0.998713
0,0,0.125347,0.438033,0.890177
0,0,-0.124528,0.283467,0.950862
0,0,-0.453632,0.8862,0.0941696
0,0,-0.684494,-0.571972,0.452013
0,0,-0.868856,0.461475,0.179246
0,0,0.452418,-0.682392,0.574159
0,0,-0.349478,0.6425,0.681952
0,0,0.620959,-0.595238,0.510001
0,0,-0.896033,0.170451,0.409966
22.8369,33.0154,0.596864,0.705256,0.38258
0,0,-0.971518,-0.138204,0.192491
0,0,0.919909,0.378954,0.100798
0,0,0.9287,0.108651,0.354558
0,0,0.131536,-0.89001,0.436556
0,0,-0.791957,-0.199833,0.57695
0,0,-0.0149415,-0.998218,0.0577793
0,0,0.759312,0.159043,0.630991
3.68109,5.60511,-0.220771,0.206917,0.953124
0,0,0.140137,-0.975792,0.167901
0,0,-0.117635,-0.964599,0.236032
0,0,-0.031631,0.41516,0.909198
0,0,0.700081,-0.290744,0.652192
0,0,0.367509,0.589543,0.719289
0,0,0.424948,-0.884399,0.193025
0,0,-0.280916,0.937075,0.207309
0,0,0.549398,0.36277,0.752702
0,0,0.657611,0.276197,0.700902
0,0,0.050881,-0.400061,0.915075
0,0,0.266031,0.937659,0.22366
0,0,-0.859732,0.465108,0.211034
0,0,0.0127152,0.526273,0.850221
0,0,0.151851,0.941659,0.300364
0,0,0.0403296,-0.398047,0.916478
0,0,-0.57573,-0.81668,0.0396075
0,0,0.733204,-0.165573,0.659544
0,0,0.243988,-0.71988,0.649802
0,0,-0.610439,0.528271,0.590164
0,0,-0.154455,0.453425,0.877809
0,0,0.936344,0.173483,0.305229
22.1466,34.5423,0.480612,-0.673684,0.561393
23.8515,35.3057,-0.924551,-0.378578,-0.0434102
0,0,-0.591323,0.603644,0.534743
0,0,0.347693,-0.329649,0.877748
0,0,0.106278,-0.586836,0.8027
0,0,-0.586063,0.810019,0.0199751
0,0,0.254484,-0.633145,0.731003
0,0,0.39229,0.505754,0.768324
0,0,-0.688909,0.370639,0.622921
0,0,0.93299,-0.0942497,0.347342
0,0,-0.457203,-0.641226,0.616275
0,0,-0.813367,-0.456423,0.360711
0,0,-0.0934012,-0.0731843,0.992935
20.352,28.571,0.103885,-0.0360719,0.993935
0,0,-0.847952,-0.0245841,0.529502
0,0,-0.284751,-0.86814,0.406509
0,0,-0.49372,0.845133,0.204918
0,0,-0.0788904,0.692088,0.717489
0,0,0.205136,-0.346947,0.915176
0,0,-0.0475707,-0.988846,0.141139
0,0,0.383239,0.491117,0.782261
0,0,-0.434595,-0.535004,0.724498
0,0,0.393002,0.76806,0.505602
0,0,-0.771557,0.535446,0.343509
0,0,0.825098,-0.548116,0.137045
0,0,-0.723114,0.663615,0.191629
0,0,-0.162015,0.740172,0.652607
0,0,-0.0499564,-0.462063,0.885439
0,0,0.516542,-0.323063,0.792978
0,0,-0.0456514,0.900906,0.431607
0,0,0.563481,-0.298039,0.770495
0,0,-0.537913,-0.841082,0.0568367
0,0,0.596336,-0.244446,0.764611
0,0,0.381314,-0.896122,0.227081
0,0,-0.554997,0.759256,0.339865
0,0,-0.98795,-0.0883193,0.1271
0,0,0.892628,0.442886,0.084063
0,0,0.189135,-0.98071,0.0493482
0,0,0.596692,0.761607,0.252812
0,0,0.556025,-0.830791,0.024966
11.0771,17.2829,-0.385981,-0.600155,0.700594
0,0,-0.655422,-0.257006,0.71019
0,0,-0.688318,0.511869,0.514012
0,0,-0.787527,0.171894,0.591823
0,0,0.654173,0.00894525,0.756292
0,0,0.491529,0.830544,0.261906
0,0,0.193267,0.828968,0.524843
0,0,-0.519796,0.812056,0.265287
0,0,0.789346,-0.586609,0.181168
0,0,0.377755,0.85046,0.366086
0,0,-0.849389,0.23493,0.472595
0,0,-0.163961,-0.986458,0.00423543
0,0,-0.385561,-0.622973,0.680623
0,0,0.0646439,-0.807653,0.586104
0,0,-0.695662,-0.464204,0.548242
0,0,0.358861,0.395303,0.845549
0,0,-0.592846,0.693374,0.409592
0,0,0.256791,0.583278,0.770613
0,0,-0.217154,-0.863526,0.455155
0,0,0.610555,0.49895,0.615038
0,0,-0.114796,-0.440365,0.89045
0,0,-0.0103014,0.119854,0.992738
0,0,-0.784992,0.296924,0.543713
0,0,0.226606,-0.670874,0.7061
0,0,-0.452759,-0.427604,0.782409
0,0,-0.440484,-0.441287,0.781818
0,0,0.426248,-0.0375006,0.903829
0,0,0.436033,-0.899793,0.0157339
0,0,-0.763901,-0.633333,0.123873
0,0,0.641206,0.474479,0.603096
0,0,-0.377134,-0.47401,0.795666
0,0,0.795519,-0.350731,0.494102
0,0,0.166944,-0.968019,0.187268
0,0,-0.0962673,-0.873341,0.477503
0,0,-0.411875,0.0527936,0.90971
0,0,0.938045,0.229202,0.259881
0,0,-0.128339,0.785343,0.605612
0,0,-0.33257,-0.57266,0.749305
0,0,0.351681,-0.743029,0.56941
0,0,0.455655,-0.359894,0.814159
0,0,-0.630246,-0.404102,0.662941
0,0,-0.385372,-0.804487,0.451984
0,0,-0.357793,-0.928922,0.0953329
0,0,0.377368,-0.924802,0.0483256
0,0,0.757581,0.605455,0.243918
0,0,0.646239,-0.762673,0.0265449
0,0,-0.945783,0.050361,0.32087
0,0,-0.841656,0.350792,0.41056
0,0,-0.45279,0.709432,0.54008
0,0,-0.754827,0.178081,0.631287
0,0,-0.164078,0.492669,0.854609
0,0,0.814356,-0.122607,0.567267
0,0,-0.759682,0.637738,0.127174
0,0,0.269471,-0.925057,0.267683
0,0,0.719489,0.587678,0.370096
0,0,0.355336,-0.621219,0.698444
0,0,-0.0930046,0.995092,0.0338006
0,0,-0.348076,-0.15219,0.925031
0,0,-0.691288,0.387821,0.609685
0,0,-0.380735,-0.61986,0.686159
0,0,0.465925,0.857827,0.216901
0,0,-0.106807,0.238719,0.965197
0,0,-0.786939,-0.105062,0.608021
0,0,-0.214436,0.751853,0.623485
0,0,-0.124759,0.512216,0.849747
0,0,-0.169189,-0.327581,0.929551
0,0,-0.230966,0.654059,0.720321
0,0,-0.291683,0.94354,0.157012
0,0,0.622592,0.139615,0.769992
0,0,0.831351,0.422784,0.360708
0,0,-0.953923,0.104812,0.28115
0,0,-0.751829,-0.637395,0.168763
0,0,-0.764937,-0.548669,0.337392
0,0,0.594911,-0.325388,0.734985
0,0,-0.240213,0.795627,0.556125
0,0,0.698399,0.715496,0.0174342
18.9442,25.322,0.134994,-0.286175,0.94862
0,0,0.161838,0.986811,0.00343366
0,0,-0.0420662,0.49865,0.865782
0,0,0.209367,-0.855404,0.473761
0,0,-0.51136,-0.473086,0.717426
0,0,-0.0749133,0.962395,0.261119
0,0,0.194435,-0.908778,0.369211
16.8487,22.4278,0.0958473,-0.405395,0.909103
0,0,-0.17225,-0.260593,0.949959
0,0,0.33564,0.617412,0.711441
0,0,0.205826,-0.41817,0.884742
0,0,0.203623,0.955686,0.212608
0,0,0.557014,-0.55971,0.613564
0,0,0.175876,-0.727879,0.662767
0,0,-0.269017,0.579788,0.769075
0,0,0.868628,-0.219237,0.444321
0,0,-0.440408,-0.219593,0.870529
0,0,0.14802,-0.504935,0.850371
0,0,0.73785,-0.660776,0.137669
0,0,-0.791208,0.573709,0.211773
0,0,-0.619489,-0.737134,0.269937
0,0,-0.177735,-0.401994,0.898226
0,0,-0.753046,0.545699,0.367606
0,0,-0.294988,0.917762,0.265884
0,0,0.421452,0.78307,0.457361
0,0,0.636138,-0.764224,0.10625
0,0,0.0338996,0.630038,0.775824
0,0,0.021187,-0.44165,0.896937
0,0,0.763107,0.210986,0.610863
0,0,-0.645299,0.550797,0.52935
0,0,-0.412758,0.884965,0.215565
0,0,0.680133,0.698823,0.221506
0,0,0.183781,-0.809859,0.557094
0,0,0.0819716,-0.989151,0.121905
0,0,-0.927915,-0.00685062,0.37273
0,0,0.617103,0.691522,0.375474
0,0,0.540205,-0.839685,0.055749
0,0,-0.846962,-0.483825,0.220382
0,0,0.697239,-0.515055,0.498574
0,0,0.0755921,0.936547,0.342294
0,0,-0.967026,0.0631228,0.246733
0,0,-0.426486,-0.602547,0.674571
0,0,0.676709,0.735396,0.0354494
0,0,0.675064,0.662317,0.325
0,0,-0.009908,-0.0326698,0.999417
0,0,-0.995315,-0.096684,0.000670294
0,0,0.496793,0.829417,0.25547
0,0,-0.477532,-0.816485,0.324522
0,0,0.0995985,0.985182,0.139631
0,0,0.938101,0.198697,0.2837
0,0,-0.657463,-0.136373,0.741044
0,0,0.129425,-0.981855,0.1386
0,0,0.187753,0.714678,0.673783
0,0,0.189523,-0.464231,0.8652
0,0,0.12081,-0.529997,0.83935
0,0,-0.881335,-0.292495,0.371073
0,0,-0.324073,0.931398,0.165753
0,0,0.582541,-0.798986,0.149224
0,0,-0.216828,-0.805778,0.551096
0,0,-0.610958,0.223903,0.759341
0,0,0.419573,0.896893,0.139789
0,0,0.8288,-0.480378,0.286928
0,0,0.0398583,0.556283,0.830037
0,0,0.230847,-0.1834,0.955549
0,0,-0.688965,-0.492186,0.532054
0,0,-0.432177,0.566542,0.701608
0,0,-0.442707,0.292595,0.847584
0,0,-0.21086,0.772459,0.599037
0,0,-0.788838,0.561097,0.250808
0,0,-0.203814,0.940605,0.271516
0,0,-0.0874446,-0.799662,0.594049
0,0,-0.0518096,-0.70874,0.703565
0,0,0.51824,-0.569626,0.637929
0,0,-0.28989,0.831115,0.474564
0,0,-0.280564,0.955602,0.0900466
0,0,-0.742146,0.545569,0.389325
0,0,-0.294686,-0.419777,0.858456
0,0,0.699901,-0.707745,0.0961021
12.6332,19.6584,0.137388,-0.897057,0.420017
0,0,0.694271,-0.662033,0.282314
0,0,0.0680662,0.92031,0.385223
0,0,-0.404625,-0.387361,0.82839
0,0,-0.312524,-0.0677934,0.947488
0,0,-0.898247,-0.291531,0.328881
0,0,0.0373851,-0.999183,0.0153755
0,0,0.982547,0.0797535,0.168047
0,0,-0.306725,-0.730085,0.610652
0,0,-0.23888,0.9466,0.216527
0,0,0.97057,0.208079,0.121231
0,0,-0.436525,0.870962,0.225546
0,0,-0.168973,-0.931667,0.321629
0,0,0.185558,0.946806,0.26292
3.8523,5.57265,-0.481194,-0.108401,0.869886
0,0,-0.966555,0.207415,0.150831
10.3555,13.9848,0.648267,-0.00884938,0.761361
0,0,0.409643,-0.840913,0.353635
0,0,-0.799489,0.600393,0.0185708
0,0,-0.143341,0.778612,0.610915
0,0,-0.286716,-0.477704,0.830417
0,0,0.315989,-0.123418,0.940701
0,0,-0.420945,-0.20663,0.883238
0,0,0.468638,0.881831,0.0524674
0,0,-0.335187,-0.16118,0.928262
0,0,-0.526132,-0.143981,0.838126
0,0,0.469824,-0.521712,0.712097
0,0,-0.417877,0.794476,0.440666
0,0,-0.493225,-0.822829,0.282279
0,0,0.15542,0.807428,0.569126
0,0,0.541744,0.205297,0.815087
0,0,0.342811,0.616651,0.708677
0,0,0.444075,0.435299,0.783143
0,0,0.375815,-0.91605,0.140055
3.00792,3.16102,0.734768,0.466527,0.49241
0,0,-0.387684,-0.633227,0.669869
0,0,0.0716161,0.997273,0.0178132
0,0,0.717529,-0.512551,0.471639
0,0,0.58566,0.801763,0.119074
0,0,0.392877,0.820605,0.415036
0,0,0.472851,-0.313993,0.823298
0,0,-0.152892,-0.876591,0.456303
0,0,0.00912836,-0.957977,0.2867
0,0,0.840694,-0.265981,0.471686
0,0,-0.0511609,0.998276,0.0287651
0,0,0.504266,-0.449069,0.7376
0,0,-0.167134,0.950392,0.262339
0,0,-0.693689,0.202654,0.691178
0,0,0.0239409,-0.610929,0.791323
0,0,-0.996074,-0.006144,0.0883146
0,0,-0.438567,-0.098258,0.893311
0,0,0.781361,0.306102,0.543854
0,0,0.928567,0.369894,0.0306765
0,0,0.662586,0.0734898,0.745372
9.10307,13.7925,0.0674442,0.303804,0.950344
0,0,-0.20498,-0.690489,0.693691
0,0,0.990942,0.0751514,0.111297
0,0,-0.111745,0.651202,0.750633
0,0,-0.388883,-0.800942,0.455261
0,0,-0.804457,-0.567948,0.174024
0,0,-0.441925,-0.878573,0.18114
0,0,0.222658,-0.97126,0.0841267
0,0,-0.824558,0.498452,0.267676
0,0,0.78292,0.614543,0.096819
0,0,0.286323,-0.922984,0.257136
0,0,0.961454,-0.246149,0.122546
0,0,0.432527,-0.520518,0.736194
0,0,0.915955,-0.361365,0.174477
0,0,0.343831,-0.441666,0.828681
22.6647,30.1194,-0.896188,0.312075,-0.315369
0,0,0.443601,-0.187925,0.8763
12.5528,15.8188,-0.0215672,-0.0164907,0.999631
0,0,0.492287,-0.870013,0.027017
0,0,0.358595,0.346931,0.86663
0,0,0.0258851,-0.297204,0.954463
0,0,0.619344,-0.700846,0.353875
0,0,-0.138383,0.668047,0.731139
0,0,0.534897,-0.815315,0.22169
0,0,-0.816586,0.135489,0.561097
0,0,0.985862,-0.0855313,0.144086
0,0,-0.586139,-0.323451,0.742846
0,0,-0.435247,-0.0336622,0.899682
0,0,0.449895,0.892373,0.0355738
22.6166,31.6287,-0.846948,0.442133,-0.295292
0,0,-0.318298,0.934823,0.157456
0,0,-0.752747,0.596033,0.279494
0,0,0.88829,-0.0848314,0.451381
0,0,0.057854,0.790566,0.609637
0,0,-0.631951,-0.248524,0.73408
16.1864,23.2322,-0.263815,-0.116783,0.957478
0,0,0.316665,0.869904,0.378142
0,0,0.491905,-0.0296489,0.870144
0,0,-0.920436,-0.305334,0.244067
0,0,0.354994,-0.116327,0.927603
0,0,0.861414,-0.303,0.407622
0,0,-0.957501,0.245734,0.151016
0,0,-0.521018,0.818449,0.242242
0,0,-0.494027,0.267247,0.827355
0,0,-0.877711,0.142466,0.457523
0,0,-0.680643,0.391569,0.619193
0,0,0.132478,-0.978013,0.161057
0,0,-0.137803,0.440272,0.887227
0,0,0.627178,-0.529355,0.571342
0,0,-0.865798,0.29031,0.407571
0,0,-0.852597,0.516834,0.0772074
0,0,0.841861,0.0572785,0.536646
0,0,0.541154,0.653291,0.529493
0,0,0.640494,-0.0401657,0.766912
0,0,-0.927829,0.15778,0.337992
8.65258,11.501,0.0240793,-0.77576,0.630568
0,0,-0.530717,0.757138,0.380896
0,0,0.825231,-0.563596,0.0367929
0,0,-0.688201,-0.725079,0.0253001
0,0,-0.521613,0.416266,0.744743
0,0,0.520231,0.473416,0.7108
0,0,0.799061,-0.027171,0.600636
0,0,0.0963987,0.88571,0.45412
0,0,-0.261579,-0.538913,0.800718
0,0,-0.625442,-0.240476,0.742289
0,0,-0.358896,0.589312,0.723813
0,0,0.667855,0.690813,0.277033
24.084,35.3872,0.559208,-0.501376,0.660234
0,0,-0.302859,0.18049,0.935788
0,0,-0.950888,-0.0218272,0.308765
0.577735,1.01569,-0.155598,-0.272297,0.949549
0,0,0.683352,0.285106,0.672119
0,0,0.0377943,0.91077,0.411181
0,0,-0.24304,0.653982,0.716407
0,0,-0.323922,-0.701166,0.63517
0,0,-0.583865,0.0329813,0.81118
0,0,0.583189,-0.160791,0.796264
0,0,0.536209,-0.553048,0.637666
0,0,-0.936323,-0.29794,0.185826
0,0,0.830496,-0.298496,0.470294
0,0,-0.816314,0.0480319,0.575608
0,0,0.610793,-0.730052,0.306523
0,0,-0.806484,0.373902,0.458018
0,0,0.881339,-0.424142,0.208193
0,0,-0.0477359,0.62907,0.775882
0,0,0.454268,0.873961,0.172723
0,0,-0.184514,0.971895,0.146199
0,0,-0.878448,-0.404524,0.254342
0,0,0.379514,-0.638143,0.669882
0,0,-0.698894,0.0764633,0.711126
0,0,-0.91754,-0.258133,0.30247
0,0,0.627027,0.71804,0.302086
0,0,0.290092,0.635262,0.715744
0,0,0.457598,-0.855246,0.243226
0,0,-0.0250159,0.7857,0.618102
0,0,0.308586,-0.449165,0.838466
0,0,-0.595467,0.0874285,0.798608
0,0,-0.992901,0.0435825,0.110668
0,0,0.259557,0.920458,0.292211
0,0,-0.99957,0.00939351,0.0277803
0,0,0.92414,-0.0439592,0.379516
0,0,0.767498,-0.465509,0.440736
0,0,-0.968713,-0.00635784,0.248104
0,0,-0.704701,-0.560404,0.435137
0,0,0.178084,0.209842,0.961381
0,0,-0.402299,0.283361,0.870552
0,0,0.527368,0.739544,0.418279
3.30693,4.93395,0.115361,0.440775,0.890174
0,0,0.289283,0.818252,0.49677
0,0,-0.477677,-0.77594,0.411996
0,0,-0.451529,-0.56549,0.690175
0,0,-0.0962819,0.814516,0.572095
0,0,-0.436339,-0.179603,0.881675
0,0,-0.834505,-0.152014,0.529616
0,0,-0.197595,-0.913963,0.35444
0,0,-0.127142,-0.618787,0.775201
0,0,0.363812,0.253125,0.89642
0,0,0.549058,-0.835586,0.0182185
0,0,0.0535087,0.972077,0.228481
0,0,0.40871,0.631887,0.65854
0,0,-0.368152,0.0133813,0.929669
0,0,-0.924601,-0.0848014,0.371378
0,0,-0.435003,0.876778,0.205017
0,0,0.314573,-0.752647,0.578417
0,0,-0.233925,0.0073321,0.972227
0,0,-0.952602,-0.0884046,0.29109
0,0,0.278054,-0.735461,0.617886
0,0,0.0841087,0.779389,0.620869
0,0,0.315977,0.0484172,0.947531
0,0,-0.160079,-0.467467,0.869396
0,0,0.320208,-0.592427,0.739254
0,0,-0.262391,0.321633,0.909782
0,0,-0.0178606,-0.787365,0.616228
0,0,0.219063,-0.959284,0.178285
0,0,0.487979,0.68959,0.535109
0,0,0.373843,-0.858598,0.350785
0,0,0.0757586,-0.631939,0.771307
0,0,0.714906,-0.66364,0.220207
0,0,0.329391,0.635635,0.698191
0,0,0.385354,0.385497,0.838388
0,0,-0.92056,0.314691,0.231385
0,0,-0.231695,-0.864518,0.446011
0,0,-0.0434872,-0.987924,0.148709
0,0,0.566862,-0.607253,0.556696
0,0,0.188875,-0.839181,0.510002
0,0,-0.253095,0.322761,0.912013
0,0,-0.193178,-0.957419,0.214549
0,0,0.964369,0.25989,0.0495004
0,0,0.558088,0.163089,0.813597
0,0,-0.287882,0.634355,0.717438
0,0,0.657661,-0.519642,0.545394
0,0,-0.962862,-0.0630077,0.262538
0,0,-0.907332,0.412858,0.0793519
0,0,-0.747647,0.544163,0.38067
17.5114,25.3386,-0.349167,0.014048,0.936955
0,0,0.72094,0.609766,0.329288
0,0,0.757042,-0.623122,0.196486
0,0,0.42026,-0.469974,0.776213
0,0,-0.0891791,0.491148,0.866499
0,0,0.444966,-0.19952,0.873039
0,0,-0.750051,0.0644286,0.658235
0,0,-0.35123,-0.716072,0.603223
0,0,-0.181242,-0.316351,0.931168
20.828,30.8072,-0.192922,0.0503657,0.979921
0,0,-0.154572,-0.617717,0.77106
1.67728,2.93936,-0.128728,0.21126,0.968916
0,0,-0.834304,0.337065,0.436261
0,0,-0.369489,-0.338622,0.86534
0,0,0.819895,-0.563958,0.0986106
0,0,0.971773,-0.2199,0.0854513
0,0,0.590436,0.0408869,0.806048
0,0,0.786574,0.453099,0.419526
0,0,-0.0785023,0.778612,0.622576
0,0,-0.242159,0.449298,0.859936
0,0,-0.556599,-0.288295,0.779156
0,0,0.702894,0.11518,0.701907
0,0,0.662457,-0.321469,0.676615
5.36558,8.31537,0.169449,-0.522964,0.835342
23.4151,34.6822,0.3286,-0.000239071,0.944469
0,0,0.934664,-0.260431,0.24203
0,0,-0.34988,0.932487,0.0897294
5.35373,7.97412,-0.136872,0.137514,0.980997
0,0,0.843661,-0.519889,0.133981
0,0,0.852861,0.250594,0.458073
0,0,0.141491,0.693644,0.706284
0,0,-0.424944,0.905188,0.00760176
0,0,0.924143,-0.262198,0.27787
0,0,-0.979388,0.115874,0.165448
0,0,-0.895183,0.136046,0.424427
0,0,0.412338,-0.665755,0.62189
0,0,0.789085,0.601306,0.125604
0,0,-0.628387,0.65036,0.426805
0,0,0.419336,0.636286,0.647532
0,0,-0.0630226,0.998009,0.00245326
0,0,-0.260118,0.965561,0.00559708
0,0,0.101869,-0.940286,0.324786
0,0,0.57042,-0.605214,0.555282
0,0,0.153464,-0.988109,0.00942888
0,0,-0.818979,0.560527,0.122816
0,0,-0.0429187,-0.527996,0.848162
0,0,0.993859,0.0974195,0.0524786
0,0,0.263567,-0.5016,0.823972
0,0,-0.171809,-0.958872,0.225935
0,0,-0.815402,-0.190361,0.546701
0,0,0.257197,0.270283,0.927791
0,0,-0.928665,0.186651,0.320534
0,0,0.599258,0.664829,0.445974
0,0,0.919034,-0.114535,0.377172
0,0,-0.503252,0.386382,0.772947
0,0,-0.277562,-0.68351,0.675111
14.8237,19.7423,-0.437098,-0.891172,-0.121479
0,0,0.850792,-0.483485,0.205904
0,0,-0.782739,-0.591169,0.194524
0,0,0.916883,-0.116788,0.381688
21.7493,31.8753,0.547427,-0.367096,0.75204
0,0,-0.793135,-0.522661,0.31267
0,0,0.363315,-0.684149,0.63241
0,0,-0.392394,0.89845,0.197015
0,0,0.951485,0.0258776,0.306606
0,0,-0.356174,-0.482583,0.800158
0,0,0.485174,-0.873152,0.0470361
22.5061,32.9344,0.576856,-0.0251435,0.816459
0,0,-0.899026,-0.300606,0.318416
0,0,-0.694281,-0.606212,0.387918
0,0,0.449633,-0.726758,0.519281
0,0,0.585386,-0.809823,0.0388612
0,0,-0.0851461,0.797151,0.597746
0,0,0.883003,0.0394702,0.467705
0,0,0.560696,-0.657447,0.503372
0,0,0.987985,-0.110792,0.107757
0,0,0.754567,0.214595,0.620143
0,0,-0.996631,0.0734538,0.0364931
0,0,-0.390439,0.890939,0.231916
0,0,-0.823867,-0.0817585,0.560855
0,0,-0.393577,0.918963,0.0245912
0,0,-0.0758688,0.767649,0.636363
0,0,0.42356,0.462265,0.779043
0,0,-0.37686,0.307639,0.87369
0,0,-0.488486,0.762661,0.423945
0,0,-0.937336,-0.0193808,0.347888
0,0,-0.275715,0.676094,0.683285
19.3334,28.5873,0.76562,0.492443,0.413916
0,0,0.835275,-0.470772,0.28406
0,0,-0.917449,0.352655,0.184178
0,0,0.0923798,-0.859024,0.503532
0,0,-0.419306,0.869,0.26272
0,0,-0.0492874,-0.997458,0.0514609
0,0,0.609095,0.790423,0.0650756
0,0,0.215359,0.891219,0.399187
0,0,-0.54286,-0.20023,0.815605
0,0,0.877424,0.343569,0.334796
0,0,-0.845589,0.197624,0.495907
0,0,-0.168711,-0.433898,0.885025
0,0,-0.813236,-0.416025,0.406903
0,0,-0.538329,0.771423,0.339276
0,0,-0.690225,0.485427,0.53661
0,0,0.415011,0.287348,0.863248
0,0,0.399955,-0.370994,0.838092
0,0,0.991369,0.0565128,0.118297
0,0,0.997123,0.00666062,0.0755023
0,0,0.96159,0.107885,0.252399
0,0,-0.838446,-0.434222,0.329333
0,0,0.0607921,0.868571,0.491822
0,0,0.25683,0.793481,0.551748
0,0,-0.27166,-0.423721,0.864096
0,0,-0.994318,-0.106421,0.00255461
0,0,0.065291,0.590403,0.804463
0,0,-0.98391,-0.089681,0.154528
0,0,-0.0892502,-0.318749,0.943628
16.4146,22.1352,-0.241782,-0.689364,0.682876
0,0,0.598249,0.799967,0.0463872
0,0,-0.983325,-0.176497,0.0438319
0,0,-0.81799,0.488984,0.302964
0,0,-0.646499,0.233273,0.726377
0,0,-0.730823,0.564119,0.384276
0,0,-0.0493502,-0.401011,0.914743
0,0,0.530172,0.180363,0.828485
0,0,0.894879,0.43394,0.104345
0,0,-0.959949,0.0235951,0.279179
0,0,-0.893719,-0.311196,0.323147
0,0,0.13982,-0.630159,0.763773
0,0,0.992635,0.0746658,0.0953973
0,0,-0.298605,0.270605,0.915209
0,0,-0.819233,-0.203404,0.536175
0,0,-0.610266,0.505563,0.609903
0,0,-0.509344,-0.729695,0.456194
0,0,-0.744407,-0.575695,0.338279
0,0,-0.239412,-0.645411,0.725346
0,0,-0.266512,-0.764788,0.586575
19.4752,28.1843,0.302617,-0.351186,0.886054
0,0,0.611718,-0.656455,0.441438
0,0,0.350769,-0.394126,0.849486
0,0,-0.168811,-0.7321,0.659949
0,0,0.912035,-0.104811,0.396493
0,0,-0.178079,-0.939542,0.292487
0,0,0.963601,0.0980907,0.2487
0,0,-0.819136,-0.319258,0.476541
0,0,-0.944051,-0.323422,0.0645476
0,0,-0.598522,-0.801106,0.00109286
0,0,-0.827568,0.506837,0.241345
0,0,0.554895,0.638589,0.533193
0,0,0.352505,-0.446206,0.822581
0,0,0.845523,0.499302,0.18918
0,0,0.00750947,0.982394,0.186668
0,0,-0.512065,-0.386606,0.767023
0,0,-0.364947,0.475504,0.800443
0,0,-0.192129,0.287529,0.938304
0,0,-0.942124,0.305518,0.138065
0,0,0.136944,0.264688,0.954561
0,0,-0.294473,-0.894992,0.335075
0,0,-0.484115,-0.199197,0.852029
0,0,0.570215,0.34773,0.74427
0,0,-0.39336,-0.889455,0.232677
0,0,0.289422,0.0854289,0.953382
0,0,0.393604,-0.152933,0.90647
0,0,0.200149,-0.648295,0.734612
16.8237,24.5051,0.520673,-0.78355,-0.33904
0,0,0.478316,0.492935,0.726794
0,0,0.605013,0.520219,0.602769
0,0,0.93655,-0.19752,0.289588
0,0,-0.405868,-0.76357,0.502227
0,0,-0.840491,0.324991,0.433539
0,0,-0.189741,0.199294,0.961395
0,0,0.423635,0.905826,0.00371345
0,0,0.723791,0.36117,0.587948
0,0,-0.0787696,-0.952216,0.295092
0,0,-0.28476,-0.890982,0.353643
0,0,-0.707988,-0.657717,0.257216
0,0,-0.833537,-0.445573,0.32662
0,0,-0.682005,0.467537,0.562387
8.38269,12.9806,0.0454781,0.805245,0.591196
0,0,0.626952,-0.67207,0.394021
0,0,0.0346012,-0.506203,0.86172
0,0,0.0126003,-0.949356,0.313949
0,0,0.251921,-0.218557,0.942745
0,0,0.565769,-0.347384,0.747817
0,0,0.671961,0.410573,0.616358
0,0,-0.07617,0.387818,0.918583
0,0,0.770821,-0.261985,0.580688
0,0,-0.316254,0.531805,0.7856
0,0,0.896168,0.0326614,0.442511
0,0,-0.44669,0.641878,0.623266
0,0,-0.400264,0.111136,0.909636
0,0,0.914147,-0.376013,0.151492
0,0,-0.452119,-0.472995,0.756217
0,0,-0.0418348,0.470779,0.881259
0,0,0.474279,0.843969,0.25055
0,0,-0.343933,-0.938179,0.0391105
0,0,0.743567,0.316931,0.588781
0,0,-0.764648,0.033926,0.643555
0,0,0.643002,-0.712773,0.280185
0,0,-0.806676,0.567774,0.164031
13.5941,19.0263,-0.227182,0.208743,0.951218
0,0,-0.020931,0.97382,0.226354
0,0,-0.682696,0.502433,0.530554
0,0,0.400216,0.824211,0.400628
0,0,0.187151,0.945007,0.268209
0,0,0.0658944,-0.836529,0.543946
0,0,0.608824,0.769487,0.192935
0,0,0.123353,0.63304,0.764228
0,0,0.565416,0.685162,0.459192
0,0,-0.285423,0.257831,0.923069
0,0,0.511295,0.617542,0.597679
0,0,-0.176029,-0.9722,0.154408
0,0,0.945871,-0.0562877,0.319626
0,0,-0.240413,0.764536,0.598069
0,0,-0.699734,0.172355,0.693301
0,0,-0.0445441,0.998997,0.00455052
0,0,-0.319482,0.228884,0.919534
0,0,-0.0520046,-0.884191,0.464221
0,0,-0.220895,-0.739089,0.636359
0,0,0.594708,-0.348042,0.7247
0,0,-0.731409,0.681553,0.0229371
0,0,0.801869,0.185875,0.567853
0,0,0.488276,0.808169,0.329316
9.55064,12.9518,0.834008,-0.551608,0.0126168
0,0,-0.908107,0.327555,0.260863
0,0,0.701892,-0.709326,0.0648349
0,0,0.714853,-0.665578,0.214458
0,0,0.272635,0.424506,0.863403
0,0,0.538198,0.730147,0.420985
0,0,-0.628911,-0.594102,0.501511
0,0,0.385737,-0.922589,0.00608414
0,0,0.277658,-0.743111,0.608846
0,0,-0.82788,-0.350582,0.437844
0,0,-0.571934,0.538654,0.618663
0,0,0.578297,0.443451,0.684779
0,0,0.667156,0.41598,0.617951
0,0,-0.513585,-0.2781,0.811721
0,0,-0.206643,0.934756,0.289014
0,0,0.214589,-0.590266,0.778163
0,0,0.139293,-0.715928,0.684138
0,0,-0.709264,-0.127385,0.693338
0,0,0.657158,-0.740091,0.142858
0.055467,0.0919124,0.173046,0.185736,0.967242
0,0,-0.504718,0.483829,0.714961
0,0,-0.320473,-0.493654,0.808457
0,0,0.373319,0.697393,0.61178
0,0,0.522955,-0.628787,0.575451
0,0,0.63332,0.760328,0.144246
0,0,-0.78296,-0.595313,0.180491
0,0,-0.179222,0.980691,0.0782644
0,0,-0.0265763,0.648715,0.760568
0,0,0.786782,0.608722,0.10213
0,0,0.34218,-0.933856,0.104045
0,0,-0.171533,-0.79593,0.580579
0,0,0.4455,-0.69304,0.566767
0,0,-0.102015,0.0560217,0.993204
0,0,-0.0480228,0.969044,0.242174
0,0,0.459997,-0.0873854,0.88361
0,0,0.0412559,0.754142,0.655414
0,0,-0.791182,-0.556277,0.25414
0,0,-0.391804,-0.110118,0.913435
0,0,0.603748,0.780259,0.163356
0,0,-0.0906554,0.459737,0.883416
0,0,0.878553,-0.458756,0.132992
0,0,0.677497,-0.415966,0.606606
0,0,-0.531887,0.778912,0.332252
0,0,-0.215883,-0.195709,0.956605
0,0,0.535554,0.322281,0.780588
0,0,-0.487279,-0.807041,0.333532
0,0,-0.720723,-0.241064,0.649959
0,0,0.661369,-0.315206,0.680615
0,0,0.727134,-0.398703,0.558849
0,0,-0.189614,-0.966451,0.173261
0,0,-0.262757,-0.594918,0.759626
19.1596,27.4421,-0.242015,-0.289806,0.925981
0,0,0.722446,-0.21997,0.655504
0,0,-0.568015,0.561157,0.602048
0,0,-0.901993,-0.196091,0.384652
0,0,-0.191063,-0.506229,0.840968
0,0,0.463355,0.694029,0.551022
0,0,0.891992,0.345918,0.291017
0,0,0.974856,0.144804,0.169377
0,0,-0.226411,-0.909141,0.349571
0,0,0.0139602,-0.356303,0.934266
0,0,-0.722208,-0.298795,0.623809
0,0,0.495874,-0.756606,0.426211
0,0,0.874186,-0.000919385,0.48559
0,0,0.86151,0.408071,0.302122
0,0,0.54094,0.836362,0.0887824
0,0,-0.423899,0.158437,0.891744
0,0,0.550432,0.771092,0.320065
0,0,-0.812681,-0.581522,0.037175
0,0,0.1172,0.327443,0.937574
0,0,0.592028,-0.284149,0.754163
0,0,-0.841497,-0.389008,0.374908
0,0,0.697641,0.496452,0.516559
0,0,0.122846,0.0982172,0.987554
0,0,0.999399,-0.00936013,0.0333827
0,0,0.0979032,-0.402179,0.910311
0,0,0.290275,-0.596544,0.748249
0,0,0.315207,-0.147883,0.93743
0,0,0.214378,0.40031,0.890951
0,0,0.707298,-0.0393815,0.705818
0,0,0.685197,0.20545,0.698781
0,0,0.477015,0.872458,0.106181
0,0,0.392663,-0.901059,0.18414
0,0,0.0207127,-0.88143,0.47186
0,0,-0.0218472,0.994077,0.10646
0,0,-0.836111,0.218226,0.503285
0,0,0.389792,0.254853,0.884936
0,0,-0.564964,0.375227,0.734861
0,0,0.41668,-0.248849,0.874329
0,0,-0.238632,-0.494923,0.835527
0,0,-0.356932,-0.588373,0.725546
0,0,0.882355,-0.451203,0.133663
0,0,-0.361669,0.919199,0.155786
0,0,0.441669,0.881754,0.165646
0,0,-0.346826,-0.84783,0.401118
0,0,0.160533,-0.869983,0.466217
0,0,0.761944,0.0481091,0.645853
0,0,-0.427317,-0.15416,0.890862
0,0,0.191112,0.198613,0.961264
0,0,0.504258,0.541843,0.672406
0,0,-0.947852,0.130125,0.290936
0,0,0.652002,0.728553,0.21001
0,0,-0.500591,0.865657,0.00681814
0,0,-0.229137,0.371992,0.89951
0,0,0.358443,0.252846,0.898659
0,0,0.298419,-0.450407,0.841474
0,0,-0.460516,-0.520792,0.718819
0,0,0.243387,0.951324,0.189067
0,0,0.963409,0.101416,0.248109
0,0,0.528783,-0.531226,0.661957
0,0,-0.0492047,0.978674,0.19944
0,0,0.159473,0.81432,0.558078
0,0,0.559477,-0.824247,0.087192
0,0,-0.546748,0.386043,0.742992
0,0,-0.848044,0.276867,0.451848
0,0,0.623348,-0.367765,0.690063
0,0,0.914718,-0.388981,0.109478
0,0,-0.00599069,0.930125,0.367195
0,0,0.544838,0.0276014,0.838087
0,0,-0.647707,-0.432906,0.626951
0,0,-0.900419,-0.418701,0.118044
0,0,0.970436,-0.103923,0.21784
0,0,-0.789501,0.598784,0.134706
0,0,0.91239,0.387881,0.130742
0,0,0.46334,-0.189036,0.865784
0,0,0.450443,-0.422916,0.786284
0,0,0.0344873,-0.897935,0.438775
0,0,-0.26016,0.805375,0.532624
0,0,-0.230733,0.628144,0.7431
0,0,0.191015,-0.683515,0.7045
0,0,0.394428,0.742978,0.54075
4.39052,5.41081,0.400421,0.0137792,0.916228
0,0,-0.306855,-0.609552,0.730949
0,0,0.427086,-0.901126,0.0746327
0,0,0.392873,-0.5317,0.750298
0,0,0.834983,0.536291,0.12327
0,0,-0.817427,-0.572411,0.0644885
0,0,-0.139989,0.862201,0.48684
0,0,-0.99275,0.049306,0.109623
0,0,0.28732,0.872198,0.395877
0,0,0.3234,-0.612803,0.721031
0,0,-0.222886,0.941866,0.251418
0,0,0.484039,0.802055,0.349876
0,0,-0.647278,-0.146789,0.747986
0,0,-0.663935,0.550256,0.506369
0,0,-0.680056,-0.716811,0.153968
0,0,0.354237,-0.0410525,0.934254
0,0,0.732734,-0.0613182,0.677747
0,0,-0.31483,0.287478,0.904565
0,0,0.942306,-0.117683,0.313385
0,0,0.94842,-0.194257,0.250527
0,0,0.601304,0.0452659,0.797737
0,0,0.588702,-0.0726434,0.805079
0,0,0.227359,0.304264,0.925058
0,0,0.700887,0.412994,0.581544
0,0,-0.501492,0.617053,0.606425
0,0,0.845782,0.456444,0.276245
20.4903,32.3136,0.537749,-0.264669,0.800485
0,0,-0.662555,0.488686,0.567633
0,0,-0.970967,0.214365,0.106163
0,0,0.118648,-0.228231,0.96635
0,0,-0.0161818,-0.825867,0.563632
0,0,-0.127006,0.603478,0.7872
0,0,-0.813227,-0.0199907,0.581603
11.5347,15.7888,0.312729,-0.100694,0.94449
0,0,0.556883,-0.649485,0.517736
0,0,0.194975,-0.883017,0.426925
8.18684,10.5266,-0.908094,-0.104897,0.405415
0,0,-0.00947447,-0.421984,0.906554
0,0,0.627522,-0.444449,0.639282
0,0,-0.10527,0.326655,0.939263
0,0,0.838397,0.458625,0.294541
0,0,0.690651,-0.372448,0.619907
0,0,0.885745,0.0759152,0.457921
0,0,0.723778,-0.684375,0.0881854
0,0,0.217297,0.850786,0.478481
0,0,-0.936892,0.14969,0.315952
0,0,-0.468565,0.794742,0.385787
0,0,0.02488,-0.827446,0.560994
0,0,-0.823655,-0.528078,0.206704
0,0,-0.0171511,-0.695758,0.718072
0,0,-0.931141,-0.29071,0.220146
0,0,-0.871661,-0.284837,0.398842
0,0,-0.849548,0.493115,0.187364
0,0,0.647016,0.630859,0.428237
0,0,-0.0123147,0.694935,0.718967
0,0,-0.483645,-0.323979,0.813096
0,0,0.266995,-0.604581,0.750464
0,0,0.839049,-0.452603,0.301907
0,0,-0.40247,0.904406,0.141659
0,0,0.887454,-0.407635,0.21508
0,0,0.065872,0.60526,0.793297
0,0,0.722646,-0.402745,0.561765
0,0,0.686572,0.632686,0.358229
0,0,0.539837,-0.230133,0.8097
0,0,0.311227,0.606179,0.731905
0,0,0.491563,0.784752,0.377532
0,0,-0.08798,-0.67452,0.732995
0,0,0.241549,-0.923442,0.298176
0,0,0.955349,0.220828,0.196327
0,0,-0.801307,0.318513,0.506415
0,0,-0.606466,-0.7748,0.178563
0,0,-0.603039,0.185244,0.775905
0,0,0.115925,-0.607584,0.78575
0,0,-0.892626,0.147181,0.426094
0,0,0.817014,-0.46692,0.338339
0,0,-0.144653,0.934845,0.324253
0,0,0.286882,-0.957243,0.0372036
0,0,-0.966312,0.252365,0.0505387
0,0,-0.836592,-0.520755,0.170083
0,0,-0.377318,-0.59409,0.710414
0,0,0.776054,-0.625537,0.0802722
0,0,-0.925828,0.34483,0.154709
0,0,0.154503,0.669896,0.726201
0,0,-0.779544,-0.607906,0.150868
0,0,0.443281,0.570203,0.691643
0,0,-0.663584,-0.10367,0.740884
0,0,0.20275,0.493139,0.845994
0,0,-0.09909,0.849148,0.518776
0,0,0.857487,0.406187,0.315797
0,0,0.638689,-0.671468,0.375775
0,0,0.119664,-0.161096,0.979657
0,0,-0.873127,-0.15644,0.46171
0,0,0.9752,-0.194814,0.105037
0,0,-0.0802288,-0.296083,0.951787
0,0,-0.729865,-0.0142821,0.683443
0,0,0.0312074,0.800822,0.598089
0,0,-0.417743,-0.443122,0.79318
0,0,0.582743,0.274738,0.764807
0,0,0.963184,0.170911,0.207522
0,0,-0.0386826,-0.996992,0.0671539
0,0,-0.27198,0.0140805,0.9622
0,0,-0.0242023,-0.885396,0.464206
0,0,0.205518,-0.613273,0.762666
0,0,0.379362,-0.810542,0.446213
0,0,-0.403093,0.883365,0.239128
0,0,-0.651497,-0.251288,0.715825
0,0,-0.41449,0.340704,0.843871
0,0,0.0149083,0.999483,0.0284932
0,0,0.719998,0.30336,0.62416
0,0,0.449386,0.134863,0.883099
0,0,0.742785,-0.62661,0.235861
0,0,-0.859067,0.0303547,0.510962
0,0,0.156081,-0.537354,0.828788
0,0,-0.713076,0.662976,0.228003
0,0,0.757718,-0.631425,0.16482
0,0,0.0692979,-0.913463,0.400979
23.3526,35.0972,0.826307,0.536967,-0.169951
0,0,-0.731853,-0.610597,0.302594
0,0,0.515557,0.364163,0.77562
0,0,-0.0672829,-0.631262,0.772645
0,0,-0.314127,0.709093,0.631277
0,0,-0.785451,-0.318361,0.530766
0,0,-0.597692,-0.598266,0.533706
0,0,-0.327884,0.860486,0.389942
9.8397,14.5611,-0.0109199,-0.140861,0.989969
0,0,0.322522,-0.903951,0.280806
0,0,-0.738928,-0.0192242,0.67351
0,0,0.76028,0.307967,0.571954
0,0,-0.787245,-0.594713,0.162978
0,0,-0.748571,0.199105,0.632455
0,0,-0.736956,0.631475,0.241111
0,0,0.834361,-0.161093,0.527154
0,0,-0.689944,-0.471095,0.549588
0,0,-0.520273,-0.800147,0.298465
0,0,0.952017,-0.00236794,0.306037
0,0,0.423719,-0.88381,0.198345
0,0,0.866177,-0.193489,0.460759
0,0,-0.401797,-0.814325,0.418848
0,0,0.102441,0.360076,0.927281
0,0,0.847949,-0.317419,0.424533
0,0,0.421845,0.877519,0.228053
0,0,-0.658531,-0.64397,0.38941
0,0,-0.848398,0.506724,0.153139
0,0,0.467789,-0.21693,0.856805
0,0,0.488929,0.765273,0.418696
0,0,-0.959474,0.126898,0.251607
0,0,0.187452,-0.891162,0.413148
0,0,0.153188,0.130111,0.979594
0,0,0.535293,0.0427633,0.843583
0,0,0.257065,-0.884839,0.388559
0,0,-0.709225,-0.6705,0.217784
0,0,0.773154,0.614995,0.154966
14.9654,21.5843,0.662559,0.651268,0.369954
0,0,0.242572,0.441446,0.863877
0,0,-0.805479,-0.53552,0.253814
0,0,-0.562007,0.288961,0.775016
0,0,0.401892,0.512409,0.758894
0,0,0.938406,0.341739,0.0510715
0,0,0.266972,-0.029978,0.963238
0,0,-0.410139,0.0193622,0.911817
0,0,-0.491953,0.731902,0.471488
0,0,-0.478169,0.720812,0.501781
0,0,0.431257,-0.236366,0.870717
0,0,0.643762,0.227131,0.730741
0,0,0.044006,0.934782,0.352485
0,0,-0.566032,0.720474,0.400655
0,0,-0.950899,-0.290793,0.105974
0,0,-0.968702,-0.222916,0.109205
0,0,0.797336,-0.359582,0.484723
0,0,-0.0728213,-0.580061,0.811312
17.3829,26.6447,0.625459,-0.211544,0.751033
0,0,-0.976026,0.0537314,0.210918
0,0,0.434113,0.255113,0.863981
0,0,-0.718541,-0.288998,0.632597
0,0,0.774757,0.5481,0.31518
0,0,0.756033,0.25983,0.600752
0,0,-0.305406,-0.636707,0.708047
0,0,-0.281381,-0.521644,0.805426
0,0,-0.0805547,-0.906432,0.414599
0,0,0.037893,-0.953841,0.297911
0,0,0.0479573,0.314054,0.948193
0,0,-0.886549,-0.236119,0.397843
0,0,0.738052,-0.0767227,0.670368
0,0,-0.731529,-0.299047,0.612728
0,0,0.813035,0.392043,0.430436
0,0,0.437976,0.896459,0.0673664
0,0,-0.198121,-0.671545,0.713985
0,0,-0.77111,0.323125,0.548616
0,0,-0.349389,0.483181,0.802785
0,0,-0.439425,0.650556,0.619421
0,0,0.908545,0.326671,0.260447
0,0,-0.419027,0.804286,0.421357
0,0,0.646066,-0.291403,0.705467
0,0,0.597744,0.00211115,0.801684
0,0,-0.626295,-0.201131,0.753194
0,0,0.928048,0.312266,0.203021
0,0,0.924902,0.277199,0.260226
0,0,0.384296,-0.462563,0.79897
0,0,-0.389942,0.23323,0.890814
0,0,-0.68892,-0.267792,0.673555
0,0,0.00193407,-0.979748,0.200226
0,0,-0.533468,-0.528063,0.660727
0,0,0.36209,-0.171642,0.916204
0,0,-0.635062,-0.064152,0.769793
0,0,-0.938835,-0.340008,0.0546178
0,0,-0.849702,0.526227,0.0330415
0,0,-0.832678,0.553757,0.000648409
0,0,-0.0722876,-0.61752,0.783227
0,0,-0.0384066,-0.926927,0.373271
0,0,0.577027,0.790167,0.206579
0,0,-0.596341,0.43072,0.677391
0,0,-0.148693,0.947497,0.283091
0,0,-0.0504305,0.579047,0.813733
0,0,-0.987064,0.141718,0.0749662
0,0,0.50222,0.0626211,0.862469
0,0,0.359292,-0.917006,0.173231
0,0,-0.0328859,-0.989331,0.141928
0,0,0.56343,-0.248082,0.788037
0,0,0.70813,-0.433596,0.557266
0,0,-0.970721,-0.237996,0.0325271
0,0,-0.178178,-0.0728695,0.981296
0,0,0.974921,-0.0466825,0.217602
0,0,-0.78519,-0.537647,0.307267
0,0,-0.712692,-0.483959,0.507792
0,0,0.752886,0.651107,0.0960294
0,0,-0.317891,-0.279505,0.905993
0,0,-0.311679,0.700402,0.642101
0,0,0.623782,-0.215325,0.751353
0,0,-0.844229,-0.444393,0.299654
0,0,0.706098,-0.679136,0.200498
0,0,-0.732808,0.15593,0.662328
0,0,0.387874,0.905826,0.170391
0,0,0.417755,0.809398,0.412742
0,0,0.35428,0.865611,0.35384
0,0,-0.544405,0.823748,0.158313
0,0,-0.0704164,0.64265,0.762918
0,0,-0.875738,0.118968,0.4679
0,0,0.546048,0.473614,0.691029
0,0,0.35248,-0.305663,0.884493
0,0,-0.276842,-0.672532,0.686338
0,0,0.755716,-0.614506,0.226443
0,0,0.747784,-0.0153221,0.663765
0,0,-0.668744,0.720661,0.182836
0,0,-0.723927,0.573862,0.382899
0,0,-0.531405,-0.707929,0.465238
0,0,0.410368,0.77942,0.473395
0,0,0.169304,-0.194537,0.966174
0,0,-0.516984,0.855721,0.0216672
0,0,-0.728823,-0.0550918,0.682482
15.8066,23.7373,0.346963,-0.36023,0.865939
0,0,0.579727,-0.784833,0.218985
0,0,0.96216,0.269231,0.0419869
0,0,-0.206957,-0.485858,0.849182
0,0,0.631743,-0.353952,0.689651
0,0,0.824885,0.25825,0.502864
0,0,-0.44373,-0.851859,0.278278
0,0,0.902736,0.0184087,0.429801
0,0,0.535866,0.807738,0.245779
0,0,-0.992734,-0.0323181,0.115908
0,0,-0.183104,-0.811087,0.555528
0,0,-0.0998958,-0.60885,0.786971
0,0,-0.712199,0.527885,0.46272
0,0,0.911766,0.219841,0.34692
0,0,0.929512,0.0624828,0.36346
0,0,-0.843945,-0.377961,0.380661
0,0,0.995609,0.0458221,0.081622
0,0,0.721445,0.68329,0.112397
0,0,0.172378,0.567918,0.804833
0,0,-0.674173,-0.00824398,0.738527
0,0,-0.762,0.556767,0.330706
0,0,0.857927,-0.111657,0.501493
0,0,-0.598842,0.424302,0.679233
0,0,-0.42578,-0.778255,0.461553
0,0,-0.557985,0.0441272,0.828677
0,0,0.703166,-0.411789,0.579644
0,0,0.313095,0.330391,0.890401
0,0,-0.894578,-0.442182,0.0648422
0,0,0.360797,-0.910081,0.203906
0,0,0.722552,0.311681,0.617068
0,0,-0.973169,-0.215263,0.0812642
0,0,0.883457,-0.349037,0.312531
0,0,0.337659,0.0958502,0.936376
0,0,0.184075,-0.77014,0.610738
0,0,0.544835,-0.523682,0.654914
0,0,-0.497196,-0.864653,0.0719137
0,0,0.810704,-0.562197,0.163382
0,0,-0.140377,-0.761217,0.633122
0,0,-0.974798,0.146148,0.168552
0,0,-0.830997,-0.504116,0.235183
0,0,0.29871,0.753404,0.585794
0,0,-0.297454,0.588995,0.751403
0,0,-0.367735,0.601772,0.708972
0,0,-0.597234,0.795646,0.101284
0,0,0.985884,0.130306,0.105136
0,0,-0.664044,0.747681,0.00440889
0,0,0.89259,-0.397561,0.21267
0,0,-0.934721,0.00343531,0.355365
0,0,-0.364553,-0.906522,0.212882
0,0,0.726272,-0.687274,0.0135188
0,0,-0.984236,-0.0344734,0.173466
0,0,-0.153264,-0.968732,0.19511
0,0,0.046887,0.284188,0.957621
0,0,0.350303,-0.550978,0.757438
0,0,-0.390671,0.149591,0.908294
0,0,-0.800524,0.598048,0.0387418
0,0,0.746975,0.347767,0.566645
0,0,0.457365,-0.388831,0.799767
0,0,-0.840231,0.0165898,0.541974
0,0,-0.041228,-0.986953,0.155642
0,0,-0.194237,0.719039,0.667274
0,0,0.682732,-0.680926,0.264986
0,0,0.197469,0.890904,0.40902
0,0,0.863101,-0.488662,0.12754
0,0,-0.143578,0.483331,0.863584
0,0,-0.740338,0.535102,0.406897
0,0,0.809505,0.305797,0.501188
0,0,0.0792572,-0.94787,0.308644
0,0,-0.724602,-0.580921,0.370787
0,0,-0.907338,-0.418812,0.0365179
0,0,-0.807737,0.588316,0.0380161
0,0,0.293592,-0.78298,0.548404
0,0,0.285948,-0.807311,0.516219
0,0,0.767657,-0.427403,0.477524
0,0,-0.0694548,0.958037,0.278103
0,0,0.548438,-0.707165,0.446243
0,0,-0.519134,0.739341,0.428806
0,0,-0.381266,0.909396,0.166239
0,0,0.781345,0.582832,0.223174
0,0,-0.414927,0.888631,0.195375
0,0,0.0121791,-0.441761,0.89705
0,0,0.629157,0.536071,0.56284
0,0,0.171819,0.983218,0.0613208
0,0,-0.354263,0.932638,0.068432
0,0,-0.543368,0.83842,0.042465
0,0,0.986046,0.135943,0.096091
0,0,0.434781,-0.888969,0.143873
0,0,-0.67655,-0.560978,0.477058
0,0,0.0571431,-0.87965,0.472177
0,0,0.757162,0.293328,0.583665
0,0,0.0404745,-0.971448,0.233773
0,0,0.951828,0.304252,0.0381306
0,0,0.436109,-0.0260983,0.899515
0,0,0.251988,0.752492,0.608489
0,0,0.625714,0.746632,0.225884
0,0,0.145264,-0.989385,0.00406346
0,0,0.00883027,0.224884,0.974345
0,0,-0.517292,0.300248,0.801411
0,0,0.473026,0.873373,0.116046
0,0,0.905148,0.172871,0.388359
0,0,-0.930817,-0.114308,0.34715
0,0,0.123563,-0.960151,0.250683
0,0,-0.655352,-0.372564,0.657047
0,0,0.342766,-0.571424,0.745645
11.4047,15.9332,0.562453,0.194659,0.803589
0,0,0.846952,0.177602,0.501129
0,0,0.274382,0.433419,0.858407
0,0,0.265847,0.242628,0.932983
0,0,-0.648625,-0.0361987,0.760247
0,0,-0.749784,-0.369363,0.548994
0,0,-0.048632,-0.98469,0.167396
0,0,0.327245,0.376654,0.866627
0,0,0.798286,-0.585523,0.141074
0,0,-0.485127,-0.0594719,0.872419
0,0,-0.987252,-0.159118,0.00390291
0,0,-0.0715179,0.868355,0.49076
0,0,-0.9524,-0.294164,0.0800055
0,0,-0.731956,-0.49894,0.464003
19.3228,26.9185,-0.605704,0.0814127,0.791514
0,0,-0.118252,0.40549,0.906418
0,0,-0.875661,0.458688,0.151075
0,0,0.781425,-0.529026,0.330917
0,0,0.134651,0.903853,0.406102
0,0,-0.495269,-0.801615,0.334846
0,0,0.19874,-0.588999,0.783315
0,0,-0.193282,-0.8021,0.565047
0,0,0.0495295,-0.350353,0.935307
0,0,-0.710971,0.466832,0.525916
0,0,-0.867192,0.412742,0.278608
0,0,-0.973091,-0.17365,0.151456
0,0,0.0411224,0.973462,0.225126
13.9326,17.606,-0.0922031,-0.000618139,0.99574
0,0,-0.818683,-0.284233,0.498969
0,0,0.283457,0.947867,0.145601
0,0,0.804992,0.497317,0.323518
0,0,-0.977158,0.124684,0.172094
0,0,0.287207,-0.100712,0.952559
0,0,0.0815492,0.488657,0.868656
0,0,0.841277,0.418711,0.341957
0,0,-0.23891,-0.957849,0.15952
0,0,0.395499,0.504896,0.767242
0,0,-0.832242,0.00909243,0.554338
0,0,0.213314,-0.597191,0.773214
7.53222,11.4125,0.493283,-0.0126247,0.869777
0,0,0.208445,0.447154,0.86983
0,0,0.282035,0.95189,0.119838
0,0,-0.829262,0.00532415,0.558834
0,0,-0.0304699,0.38881,0.920814
0,0,0.64467,0.560854,0.519464
0,0,-0.641345,-0.480213,0.598391
0,0,0.287481,0.917606,0.274508
0,0,-0.565387,-0.502475,0.654107
0,0,-0.73321,0.68,0.00131375
0,0,-0.773911,0.365772,0.516985
0,0,0.930858,-0.334531,0.146945
0,0,-0.0120487,-0.998899,0.0453364
12.4879,18.3027,0.83206,0.5472,-0.0908234
0,0,0.258938,0.507422,0.821873
0,0,0.499469,0.792281,0.35046
0,0,-0.958827,0.0643639,0.2766
0,0,-0.363381,0.584829,0.72521
0,0,-0.830563,0.138437,0.539445
0,0,-0.338082,0.921948,0.188977
0,0,0.878228,0.458814,0.134928
0,0,-0.490365,0.0994476,0.865825
0,0,0.937637,-0.136184,0.319828
0,0,-0.36178,0.788387,0.497556
0,0,0.962781,-0.19438,0.187803
0,0,0.724289,0.171474,0.667834
0,0,-0.831462,-0.542106,0.121621
0,0,0.78719,0.613689,0.0609759
0,0,-0.00964991,0.893648,0.448664
0,0,-0.693647,-0.0298151,0.719697
0,0,-0.426841,0.324339,0.844163
0,0,-0.131253,-0.784208,0.606457
0,0,0.172518,0.928884,0.327737
0,0,-0.875788,0.407897,0.2581
0,0,0.0940881,-0.917773,0.385798
0,0,0.427964,-0.558842,0.710312
0,0,0.647127,0.748325,0.145725
0,0,-0.038568,-0.887293,0.459591
0,0,0.473839,-0.874563,0.103032
0,0,-0.361415,0.826519,0.431561
0,0,0.700276,-0.480068,0.528345
0,0,0.432523,-0.811668,0.39258
0,0,0.663419,-0.435022,0.608795
0,0,-0.0481123,-0.568658,0.821166
0,0,0.253031,-0.31828,0.913604
0,0,0.709579,0.663682,0.236691
0,0,0.629295,0.638199,0.443497
0,0,-0.77963,-0.533497,0.32796
0,0,-0.593365,0.804921,0.00448607
4.90672,7.84606,-0.438128,-0.422846,0.79325
0,0,0.1693,-0.682243,0.711253
0,0,-0.282115,-0.440808,0.852115
0,0,-0.00257193,0.748195,0.663474
0,0,-0.166978,-0.605737,0.777946
0,0,-0.601105,-0.463129,0.651294
0,0,0.461422,0.513799,0.723257
0,0,0.777915,-0.536503,0.327128
0,0,-0.852208,0.250027,0.459596
0,0,0.411174,-0.478582,0.775819
0,0,0.419428,0.803805,0.421875
0,0,-0.409454,0.399242,0.820337
0,0,-0.0658806,-0.948307,0.31044
0,0,-0.580713,-0.190983,0.79139
0,0,0.851989,0.0628292,0.519776
0,0,-0.778112,0.0955749,0.620812
0,0,0.0597693,0.924103,0.377441
0,0,0.0111628,0.426007,0.904651
0,0,-0.975678,-0.19155,0.106586
0,0,-0.658421,-0.519055,0.545036
0,0,-0.103201,-0.530335,0.841484
0,0,0.64448,-0.762493,0.0570049
0,0,-0.868776,0.359845,0.340206
0,0,-0.00757379,-0.960497,0.278187
0,0,0.0103373,0.0292618,0.999518
0,0,-0.0421055,0.124709,0.9913
0,0,-0.869334,-0.398338,0.292548
0,0,-0.0708606,0.522105,0.849933
0,0,0.453662,-0.277529,0.846858
0,0,-0.839071,-0.226734,0.494522
0,0,-0.443834,-0.174828,0.878889
0,0,-0.690418,0.625977,-0.362596
0,0,0.097536,-0.725227,0.681566
0,0,-0.132181,0.894652,0.426762
0,0,-0.468125,-0.279844,0.83818
0,0,0.0516652,0.419753,0.906167
0,0,0.603021,-0.547581,0.580104
0,0,-0.0393531,-0.294249,0.954918
0,0,-0.187096,0.779883,0.597309
0,0,0.404036,0.276927,0.871818
0,0,0.13334,-0.752884,0.644504
0,0,0.420439,-0.865554,0.272115
0,0,0.394218,-0.332249,0.856857
0,0,-0.578859,0.218227,0.785684
0,0,0.660355,0.380375,0.647492
21.1052,30.8816,0.041286,0.846399,0.530946
0,0,0.288752,0.401799,0.869011
0,0,-0.797137,-0.593562,0.110714
0,0,-0.095802,-0.86025,0.50079
0,0,-0.918203,-0.126489,0.375371
0,0,-0.975146,-0.0506637,0.215694
0,0,-0.965976,0.258407,0.0107709
0,0,-0.75897,-0.600896,0.250775
0,0,0.144068,0.338646,0.929819
0,0,-0.911926,-0.381236,0.151824
0,0,0.665485,-0.719244,0.199546
0,0,0.579251,0.646602,0.496362
0,0,0.263818,-0.680556,0.683552
0,0,-0.426476,0.254586,0.867931
0,0,0.972304,0.21752,0.085493
0,0,-0.431643,0.00585205,0.902026
0,0,0.518897,0.739983,0.427986
0,0,-0.990678,0.00049407,0.136225
0,0,-0.583446,-0.389721,0.712537
0,0,0.149857,-0.803791,0.575728
0,0,0.235561,0.437109,0.868013
0,0,-0.20655,-0.267419,0.941182
0,0,0.69689,0.654568,0.29306
0,0,-0.495423,0.372406,0.784774
0,0,0.211676,0.93043,0.299153
0,0,0.80158,-0.141149,0.580987
0,0,0.072972,0.725729,0.684099
0,0,-0.64902,-0.650752,0.394075
0,0,-0.60375,0.274107,0.748566
0,0,-0.142444,0.917184,0.372134
0,0,-0.829981,0.122389,0.544199
0,0,-0.777275,0.327688,0.537088
0,0,0.794439,-0.571255,0.206238
0,0,-0.898793,0.23468,0.370266
0,0,0.244357,-0.199943,0.948848
0,0,-0.53109,0.466383,0.707411
0,0,0.491479,-0.397899,0.774677
0,0,-0.860443,0.509385,0.0127945
0,0,0.719168,0.694258,0.0283433
0,0,0.635381,0.69446,0.337663
0,0,0.329575,-0.0300182,0.943652
0,0,0.425464,-0.842613,0.330127
0,0,0.225533,-0.806147,0.547049
0,0,0.643423,0.741178,0.191474
0,0,0.999366,-0.0352038,0.00530339
0,0,0.767288,0.141636,0.625466
0,0,-0.589093,-0.0650235,0.805445
0,0,-0.979405,0.188682,0.0718676
0,0,0.864506,-0.168605,0.4735
0,0,-0.0748465,-0.997057,0.016598
18.5216,27.2014,-0.0221544,0.165727,0.985923
0,0,0.259113,0.601198,0.755924
0,0,0.0512626,-0.841439,0.537915
0,0,0.368739,-0.929258,0.0225897
0,0,0.550368,0.551269,0.627055
0,0,-0.518711,-0.0931454,0.849861
0,0,-0.00893443,-0.997952,0.0633373
0,0,-0.0551105,0.997644,0.0408561
0,0,0.351946,0.587849,0.728401
0,0,0.605869,0.145517,0.782143
0,0,0.457518,0.767453,0.449103
0,0,-0.691111,0.16174,0.704419
0,0,0.503812,-0.848635,0.161218
0,0,0.822103,-0.0644604,0.565678
0,0,-0.137676,0.916848,0.374746
0,0,0.149293,0.695589,0.702757
0,0,0.354437,-0.692007,0.628889
0,0,0.978636,-0.144175,0.146578
0,0,-0.0576599,0.324433,0.94415
0,0,0.806246,-0.17709,0.564453
0,0,0.372076,0.871048,0.320679
0,0,-0.57966,-0.24223,0.778022
0,0,0.700685,0.508028,0.500947
0,0,-0.932654,-0.224996,0.282018
0,0,-0.524675,-0.0442583,0.850152
0,0,-0.982774,-0.142984,0.117094
0,0,0.110697,0.940944,0.319955
0,0,0.874129,0.481756,0.0617162
0,0,0.265389,0.885013,0.382518
18.2577,25.9364,-0.423569,0.144679,0.894236
0,0,-0.0180901,0.983636,0.179257
0,0,-0.528694,0.67667,0.512445
0,0,-0.58199,0.804924,0.115697
0,0,-0.0977787,-0.730759,0.675597
0,0,0.442209,0.328291,0.834671
0,0,0.814167,-0.539686,0.214173
0,0,0.808197,0.58138,0.0938855
0,0,-0.530346,0.23183,0.815468
0,0,0.538518,0.342405,0.769907
0,0,0.997799,0.0312904,0.0584568
0,0,-0.671437,-0.461874,0.579521
22.4073,30.3283,0.729657,0.412077,0.545703
0,0,-0.186378,0.82277,0.536947
8.76203,13.1872,-0.399895,-0.317783,0.859708
0,0,0.140697,0.850473,0.506853
0,0,-0.0666517,-0.757302,0.649655
0,0,-0.84556,0.320064,0.427303
0,0,-0.361178,0.000813143,0.932497
0,0,-0.623359,-0.762304,0.174115
0,0,-0.0397235,0.995642,0.0843711
0,0,-0.807338,0.373813,0.456585
0,0,0.555515,-0.314423,0.769767
0,0,0.680211,-0.648852,0.341034
0,0,0.414864,-0.681296,0.603096
0,0,-0.040118,0.767637,0.639628
0,0,-0.893882,-0.41026,0.180727
0,0,-0.265365,-0.0969425,0.959262
0,0,-0.551055,-0.304018,0.777118
0,0,0.679469,-0.661245,0.317927
0,0,0.878106,-0.46981,0.0905984
0,0,0.403779,-0.784726,0.470285
0,0,-0.502816,-0.679717,0.534005
0,0,0.0611395,0.907685,0.415174
0,0,0.458653,0.539695,0.705951
0,0,-0.282516,-0.920328,0.27052
0,0,0.769492,0.628554,0.113146
0,0,0.221907,-0.889107,0.400307
0,0,-0.701858,-0.670441,0.240631
0,0,-0.652348,0.41083,0.636915
0,0,0.660411,0.150644,0.735638
0,0,-0.456019,0.366045,0.811208
0,0,-0.694726,0.456771,0.555622
0,0,0.04933,0.184478,0.981598
0,0,0.327223,0.823298,0.463795
0,0,-0.0905261,0.555049,0.826877
0,0,-0.250851,-0.960742,0.118528
0,0,-0.241053,0.95852,0.152098
0,0,0.520287,0.831577,0.194373
0,0,-0.177407,0.98119,0.0761146
0,0,0.951418,-0.246947,0.183905
0,0,-0.931581,-0.064413,0.357782
0,0,0.502454,0.819121,0.276733
0,0,0.122683,0.596261,0.793361
0,0,-0.841926,0.309896,0.441729
0,0,0.97776,-0.179351,0.10871
0,0,0.503038,0.700623,0.506044
0,0,-0.667419,-0.327451,0.668825
0,0,-0.246028,0.211007,0.946016
0,0,0.236101,0.294382,0.926065
0,0,-0.365655,0.855296,0.367104
0,0,0.98243,-0.139469,0.124012
0,0,-0.862246,-0.0890413,0.498602
0,0,-0.768277,-0.280771,0.575255
0,0,-0.715466,0.294791,0.633409
0,0,-0.374426,0.551629,0.745326
0,0,-0.805625,-0.544942,0.232392
0,0,-0.346489,-0.932764,0.0994814
0,0,0.330513,-0.917622,0.220751
0,0,0.503901,-0.494788,0.708003
0,0,-0.00183427,-0.41584,0.909436
0,0,-0.154824,-0.489807,0.857973
0,0,0.861963,-0.481771,0.15785
0,0,-0.314285,-0.324964,0.891977
0,0,-0.166621,-0.632732,0.756233
0,0,-0.185091,-0.456739,0.870133
0,0,-0.584188,-0.102754,0.805087
0,0,-0.158648,0.790539,0.591506
0,0,-0.716469,-0.32579,0.616874
0,0,-0.369748,-0.920606,0.125583
0,0,-0.711123,0.476908,0.516587
0,0,-0.68335,-0.709445,0.172394
0,0,0.814832,0.46368,0.347922
0,0,0.245984,-0.966522,0.0729883
0,0,0.826316,-0.414318,0.381501
0,0,-0.780899,0.607526,0.145291
0,0,0.387148,-0.619841,0.682579
0,0,-0.881509,0.350722,0.316127
0,0,-0.568092,-0.24879,0.784459
0,0,-0.984964,-0.0649812,0.160072
0,0,-0.490209,-0.823324,0.286063
0,0,0.720491,0.68964,0.0727299
0,0,-0.921371,0.00439059,0.388661
0,0,-0.669095,0.582667,0.461314
0,0,0.232528,0.413686,0.880224
0,0,-0.975836,-0.188643,0.110264
0,0,0.119424,-0.87704,0.465338
0,0,-0.0268713,0.895258,0.444737
0,0,-0.682593,-0.297129,0.667668
0,0,-0.422079,-0.0113942,0.906488
0,0,0.527001,0.848211,0.0529962
0,0,-0.843352,0.495841,0.207121
0,0,-0.631492,0.58539,0.508465
0,0,-0.351992,0.67397,0.649512
0,0,0.0478279,0.874443,0.482764
0,0,-0.54854,-0.814526,0.188816
0,0,-0.203182,0.936027,0.287351
0,0,-0.249214,0.330528,0.910299
0,0,-0.353841,0.93518,0.015321
0,0,-0.719925,-0.656923,0.223963
0,0,-0.934315,0.33876,0.110891
0,0,-0.733544,-0.558083,0.387888
0,0,-0.0164353,-0.984146,0.176598
0,0,0.255367,0.965947,0.0416394
0,0,-0.686821,-0.681384,0.252967
0,0,-0.781734,-0.587329,0.209612
0,0,-0.401706,0.00973138,0.915717
0,0,0.624855,0.780068,0.0324008
0,0,-0.900096,0.435692,0.000160146
0,0,0.0425434,0.621825,0.782
0,0,-0.380083,-0.474046,0.79424
0,0,-0.124033,-0.852575,0.507673
0,0,-0.985638,0.0556433,0.159441
0,0,0.790933,-0.242038,0.561998
0,0,0.912913,0.0278731,0.407202
16.6689,22.0878,-0.0158303,0.0313341,0.999384
0,0,0.184046,-0.864937,0.466916
0,0,-0.266902,0.963041,0.0362703
0,0,-0.995925,0.0403014,0.0806809
0,0,-0.0308643,0.672549,0.739408
0,0,0.98712,-0.137324,0.0820804
0,0,0.0636219,-0.905449,0.419659
0,0,0.673594,0.0808577,0.734666
0,0,-0.0141832,-0.183732,0.982874
0,0,-0.072548,-0.721731,0.688361
0,0,-0.810731,-0.205245,0.548261
0,0,0.613346,-0.764757,0.197367
0,0,-0.890052,-0.110206,0.442338
0,0,0.736317,-0.076787,0.672266
0,0,0.79527,-0.17128,0.581557
0,0,0.400369,-0.458527,0.793384
0,0,-0.476267,-0.379849,0.793022
0,0,0.183101,0.526096,0.83048
0,0,-0.988846,0.0788998,0.126324
0,0,-0.0732699,-0.0822304,0.993916
0,0,-0.778744,0.381199,0.498243
0,0,0.476812,0.762241,0.437765
0,0,-0.242181,-0.290632,0.925679
0,0,0.196138,-0.529525,0.825308
0,0,-0.742264,-0.288062,0.605033
0,0,-0.364018,-0.629368,0.686577
0,0,0.13139,0.742051,0.657341
0,0,-0.440665,-0.353743,0.825034
0,0,-0.195253,-0.951101,0.23934
0,0,-0.038544,0.752941,0.656959
0,0,0.573935,-0.720175,0.389803
0,0,-0.872415,-0.484122,0.067212
0,0,-0.836421,-0.163446,0.523149
0,0,-0.195343,-0.845602,0.496789
0,0,0.318163,0.57524,0.753572
0,0,0.365886,0.782904,0.503178
0,0,0.639169,-0.355502,0.681969
0,0,-0.459106,-0.500287,0.734122
0,0,0.118292,-0.981632,0.149682
0,0,-0.199113,0.554272,0.808168
0,0,-0.0385324,-0.972266,0.230682
0,0,-0.566633,0.823618,0.0240979
0,0,-0.489706,-0.581939,0.649257
0,0,-0.151849,0.305747,0.939926
0,0,-0.687234,0.263866,0.676819
0,0,0.394602,0.888728,0.233349
0,0,-0.992879,0.112111,0.0402703
0,0,-0.890787,0.0448166,0.452206
0,0,0.973204,0.203391,0.107267
0,0,0.0189694,0.976354,0.215344
0,0,-0.280495,0.749764,0.599313
0,0,0.247143,-0.149888,0.957316
0,0,-0.890033,0.0353363,0.454524
9.29482,13.7487,0.167678,-0.412221,0.895521
3.03364,5.14459,0.457234,0.29087,0.840435
0,0,-0.428977,-0.525491,0.734737
0,0,0.216275,-0.835884,0.504503
0,0,0.170738,-0.971061,0.167001
0,0,-0.948472,-0.0134768,0.316575
0,0,0.0815694,-0.985859,0.146382
0,0,0.163575,-0.41593,0.894564
0,0,-0.109365,0.96814,0.225266
0,0,0.853611,0.032789,0.519879
0,0,-0.468734,0.565329,0.678743
0,0,-0.985024,-0.0314536,0.169524
0,0,-0.239475,-0.90369,0.354959
0,0,-0.324156,-0.724128,0.608738
0,0,0.988829,0.00328039,0.14902
0,0,-0.494312,0.575309,0.651671
0,0,0.971497,0.140942,0.1906
0,0,-0.744597,0.141089,0.652433
0,0,-0.284055,-0.239695,0.928364
0,0,-0.375726,-0.795538,0.475342
0,0,-0.863755,0.328711,0.381938
0,0,0.839921,0.478537,0.256
0,0,0.311794,-0.943769,0.109932
0,0,0.66365,0.219972,0.714969
0,0,0.692022,-0.442276,0.570524
0,0,-0.304215,-0.898981,0.315099
0,0,-0.0352398,-0.518498,0.854352
22.9723,30.2964,-0.148156,0.0821758,0.985544
0,0,0.642695,0.713047,0.280192
0,0,0.33453,-0.483892,0.808665
19.1539,26.2443,0.746704,0.656685,0.105818
0,0,-0.0408837,-0.866598,0.497329
0,0,-0.539624,0.831586,0.131421
0,0,0.457294,-0.458922,0.761757
0,0,0.483956,0.785997,0.3847
0,0,-0.494736,0.404552,0.769139
0,0,0.483922,-0.379289,0.788644
0,0,-0.342102,0.840283,0.420583
0,0,0.870282,0.486965,0.0739899
0,0,-0.41723,-0.672472,0.611311
0,0,0.944076,-0.219976,0.245624
0,0,0.264308,-0.9213,0.285215
0,0,0.979293,-0.185977,0.0799857
0,0,-0.403407,-0.599136,0.691591
0,0,0.603785,0.428198,0.672376
0,0,-0.0870143,0.402778,0.911152
0,0,-0.0721183,0.970396,0.230501
0,0,0.507383,0.598637,0.619836
0,0,-0.123551,-0.940385,0.316877
0,0,0.724878,-0.674055,0.142133
0,0,-0.375003,-0.572567,0.729068
0,0,0.457531,-0.104339,0.883051
0,0,-0.58985,-0.735958,0.332329
0,0,0.43432,0.299718,0.849433
0,0,0.96011,0.180163,0.213847
0,0,-0.0319021,0.764672,0.64363
0,0,0.298007,0.0303456,0.954081
0,0,-0.819966,0.431614,0.375986
0,0,0.464356,0.550357,0.693888
0,0,-0.188012,-0.479361,0.857242
0,0,0.273471,-0.85982,0.431188
0,0,0.533673,-0.0676258,0.842983
0,0,-0.207906,0.196382,0.958232
0,0,-0.989755,0.140172,0.0271438
17.2032,24.7498,0.35738,-0.0641327,0.931755
0,0,-0.699947,0.198771,0.685977
0,0,0.853149,-0.217885,0.473986
0,0,0.942018,-0.335409,0.0101676
0,0,0.902362,0.217914,0.371827
22.1261,31.2956,0.148221,-0.605926,0.781591
0,0,-0.775969,0.168404,0.607875
0,0,-0.694314,0.0975686,0.713027
0,0,-0.206462,-0.974024,0.0930077
0,0,0.584636,-0.394036,0.70918
0,0,0.747402,-0.66436,0.00395043
0,0,0.065788,0.70118,0.709943
0,0,0.36399,-0.348475,0.863757
0,0,-0.869279,0.486844,0.0856548
0,0,0.687042,0.605124,0.402243
0,0,-0.0654431,-0.597475,0.799213
0,0,0.632427,0.658248,0.408345
0,0,-0.00751709,0.138906,0.990277
0,0,-0.804419,-0.457423,0.379045
0,0,0.496785,-0.11668,0.859994
0,0,-0.850772,-0.165932,0.498652
0,0,-0.838224,-0.544417,0.0314752
0,0,0.289536,-0.805445,0.517133
0,0,-0.985103,-0.0504344,0.164402
0,0,0.254783,-0.491252,0.832921
0,0,-0.123272,-0.0401954,0.991559
0,0,-0.227701,-0.609577,0.759321
0,0,-0.996347,-0.0231884,0.082193
0,0,-0.0739511,-0.902233,0.42486
0,0,0.606007,-0.485253,0.630305
0,0,0.736717,-0.283907,0.613715
0,0,-0.81478,-0.538678,0.214381
0,0,0.69073,0.64457,0.327753
0,0,0.487332,-0.331179,0.807978
0,0,0.658082,0.557812,0.505741
0,0,0.146459,0.138322,0.979498
0,0,0.415707,-0.567081,0.71106
0,0,0.282711,0.472045,0.835014
23.7483,35.6321,0.420943,-0.838302,0.346491
0,0,0.943656,0.0643205,0.324617
0,0,0.582524,0.352668,0.732318
0,0,0.584008,-0.801273,0.129986
0,0,-0.745414,-0.0690827,0.663013
0,0,-0.954858,0.28114,0.0959551
0,0,-0.00190133,-0.320413,0.947276
0,0,-0.315561,-0.908552,0.273779
0,0,0.103258,-0.776645,0.621418
0,0,0.772503,0.621401,0.130766
0,0,-0.704362,0.478893,0.523962
0,0,0.341285,-0.644504,0.684207
0,0,-0.759608,0.507712,0.406478
0,0,-0.721384,0.451455,0.525161
0,0,0.465792,-0.829359,0.308548
0,0,0.417776,-0.891452,0.17543
0,0,-0.300813,-0.910164,0.284802
0,0,-0.439733,0.773114,0.457089
0,0,-0.660598,-0.519989,0.541499
0,0,-0.696481,-0.252526,0.671673
0,0,-0.127001,0.0608844,0.990032
0,0,0.36735,0.325342,0.871324
0,0,-0.396931,-0.16743,0.902448
0,0,0.200906,0.774935,0.59926
0,0,-0.993929,-0.0979162,0.0501807
0,0,0.647678,0.1018,0.755083
0,0,0.672207,0.38177,0.634342
0,0,0.185222,0.168067,0.968218
0,0,0.447953,-0.770498,0.453509
0,0,-0.961926,-0.0261472,0.272057
0,0,-0.28372,-0.374067,0.882937
0,0,-0.426354,0.876749,0.222563
0,0,-0.377147,0.899382,0.221072
0,0,-0.996309,-0.0857197,0.00442288
0,0,-0.817112,-0.0919778,0.569095
0,0,0.860254,-0.305672,0.408079
0,0,-0.813262,-0.258879,0.521139
0,0,0.983137,-0.122519,0.13576
0,0,-0.18581,-0.578936,0.793919
0,0,-0.575934,-0.786598,0.222627
0,0,-0.763032,0.303681,0.570579
0,0,0.973799,-0.202758,0.10298
0,0,0.890761,0.409915,0.196249
0,0,-0.51008,-0.561205,0.651819
0,0,-0.967637,-0.235984,0.089387
0,0,0.224849,-0.850089,0.476226
0,0,0.893029,0.435925,0.111661
0,0,0.828752,0.334774,0.448437
0,0,0.450978,0.876191,0.170021
0,0,-0.488423,0.823502,0.288596
0,0,-0.250939,0.965793,0.0653704
0,0,0.888658,-0.319643,0.328808
0,0,0.343811,0.936842,0.0641888
0,0,0.436928,0.865883,0.243601
0,0,0.501433,0.77447,0.385695
0,0,0.675729,-0.548336,0.492664
0,0,0.872048,0.344006,0.348126
0,0,-0.613263,-0.317991,0.723043
0,0,0.360525,0.179785,0.915259
0,0,-0.666603,0.154176,0.729294
0,0,0.394736,-0.636594,0.662519
0,0,0.335704,-0.625783,0.704058
0,0,0.479061,0.820625,0.311568
0,0,0.473036,-0.614448,0.631419
0,0,-0.783818,0.363994,0.503128
0,0,-0.70352,-0.68928,0.173067
0,0,-0.352164,0.7627,0.542466
0,0,-0.433402,-0.767079,0.473024
0,0,0.152384,-0.515451,0.843261
0,0,0.168003,0.538244,0.825874
0,0,0.717859,-0.304828,0.625906
21.3448,28.0509,-0.388451,0.885158,-0.256127
0,0,0.90855,0.263108,0.324518
0,0,-0.16959,0.885041,0.433522
0,0,-0.583736,0.0522514,0.81026
0,0,0.235322,0.871421,0.430407
0,0,-0.692058,-0.707225,0.144528
0,0,-0.69426,0.153457,0.703174
0,0,0.106856,-0.683437,0.722146
0,0,0.533479,0.843263,0.06564
0,0,0.660437,0.270064,0.700634
0,0,0.505551,-0.838649,0.202696
0,0,-0.264474,-0.83448,0.483421
0,0,0.0645819,0.524981,0.84866
0,0,-0.0319431,0.937548,0.346387
0,0,0.0449523,0.843069,0.535923
0,0,-0.704505,-0.699948,0.117244
0,0,-0.3603,0.92455,0.124061
0,0,-0.411595,0.521585,0.747354
0,0,0.330046,0.838614,0.433354
0,0,0.517937,0.618041,0.59141
0,0,-0.643626,-0.529227,0.55287
0,0,0.662121,-0.695373,-0.279379
0,0,-0.126398,0.835598,0.534602
0,0,-0.00552221,0.297849,0.954597
16.374,23.7149,-0.0823906,0.452283,0.888061
0,0,0.829851,0.532544,0.166564
0,0,0.413628,-0.910435,0.00442436
0,0,-0.719524,0.197518,0.665787
0,0,-0.721177,0.645779,0.250746
0,0,-0.703992,0.660024,0.262227
0,0,0.857836,-0.429456,0.282285
0,0,-0.331146,0.639717,0.693617
0,0,-0.486791,-0.854568,0.180964
0,0,0.0819484,-0.984936,0.15227
0,0,0.971727,-0.235954,0.00852334
0,0,0.789578,0.0629996,0.610407
0,0,0.307506,-0.910122,0.2777
0,0,0.723814,-0.40255,0.560399
0,0,0.331951,0.866825,0.372053
0,0,0.0759289,-0.967931,0.239465
0,0,-0.409059,-0.274074,0.870376
0,0,-0.0531449,-0.436784,0.897995
0,0,-0.528886,-0.848156,0.0301797
0,0,-0.976088,0.207238,0.0656075
0,0,0.922358,0.369935,0.111367
0,0,-0.0580762,-0.595157,0.801508
0,0,0.533943,0.590131,0.605516
0,0,0.277854,-0.794469,0.540015
0,0,0.740644,-0.40743,0.534272
0,0,0.171043,-0.32357,0.930616
0,0,-0.0381535,0.746275,0.664543
0,0,0.723107,0.0867273,0.68527
0,0,-0.465542,-0.871959,0.151522
0,0,0.532486,0.583116,0.613542
0,0,0.339731,0.709586,0.617309
22.9849,33.0698,-0.414542,-0.0540293,0.908425
0,0,-0.537182,-0.835943,0.112406
0,0,0.417687,0.843437,0.337864
0,0,-0.986087,-0.0375386,0.161933
0,0,0.513467,0.735452,0.442111
0,0,-0.403795,0.541455,0.737412
0,0,0.345437,-0.0638491,0.936267
13.6985,20.4362,-0.202058,0.897863,0.391171
0,0,0.973014,-0.161304,0.164998
0,0,0.598869,-0.78923,0.135909
0,0,-0.865966,-0.193645,0.46109
0,0,0.869188,0.235585,0.434755
0,0,-0.744019,-0.307973,0.592949
0,0,0.595862,-0.601291,0.53235
0,0,0.927966,0.161533,0.335836
0,0,-0.867258,-0.494829,0.0548453
0,0,-0.858234,0.473401,0.198309
0,0,-0.985373,-0.0532521,0.161876
0,0,0.836354,0.31067,0.451659
0,0,-0.742045,0.0788474,0.665696
0,0,0.570587,0.582698,0.5787
0,0,-0.211561,0.743352,0.634563
0,0,0.400568,-0.261233,0.878238
0,0,-0.829715,-0.526808,0.184518
0,0,-0.369467,-0.186476,0.910341
0,0,-0.182919,-0.953498,0.239546
0,0,-0.371224,0.284065,0.884025
0,0,-0.749139,0.627213,0.213058
0,0,0.410292,-0.206656,0.88823
0,0,-0.530606,0.666799,0.523294
0,0,0.847917,-0.0992242,0.52076
0,0,0.592126,-0.411284,0.692988
0,0,-0.25569,-0.344572,0.903268
0,0,0.238111,0.38644,0.891049
0,0,-0.449798,-0.50188,0.738781
0,0,-0.0646147,0.73408,0.675982
0,0,-0.171656,-0.42468,0.888921
0,0,0.672573,-0.429048,0.602962
0,0,-0.513703,0.0642982,0.855555
0,0,-0.356338,-0.724296,0.590269
0,0,0.704145,-0.675719,0.218137
0,0,0.863574,-0.502274,0.0442744
0,0,-0.276453,-0.845205,0.457385
0,0,-0.151531,-0.883204,0.443835
0,0,-0.957993,-0.286752,0.00467548
0,0,-0.773879,0.344001,0.531766
13.5358,19.7975,0.426913,-0.11452,0.897012
0,0,0.00893826,-0.845042,0.534625
0,0,0.812776,-0.348831,0.466597
0,0,0.660386,0.713493,0.234134
0,0,0.801795,0.0385619,0.596353
0,0,-0.499168,0.0165086,0.866348
0,0,0.866401,0.232483,0.441928
0,0,0.647114,0.257974,0.717421
0,0,-0.110387,0.871773,0.477312
0,0,0.623311,0.779922,0.0566107
0,0,-0.848873,0.413726,0.329006
0,0,-0.417837,-0.526384,0.740495
0,0,-0.874167,0.475626,0.0980356
0,0,-0.856964,0.474356,0.201494
0,0,-0.906917,-0.386721,0.16718
0,0,-0.776512,-0.0606179,0.62718
0,0,0.253939,0.442529,0.860048
0,0,0.499152,-0.437766,0.747802
0,0,-0.314354,-0.78194,0.538285
0,0,0.549015,0.0797802,0.831996
18.4739,23.6744,-0.620796,0.420414,0.661713
0.0495565,0.0818798,0.183698,-0.00736481,0.982955
0,0,-0.521752,0.0841947,0.848933
0,0,-0.921023,-0.389508,0.000302847
0,0,0.714822,0.635709,0.291382
0,0,-0.965106,0.0478964,0.257442
0,0,0.575025,0.741897,0.34487
0,0,0.773737,0.566706,0.283153
0,0,0.122527,0.931163,0.343398
0,0,-0.228651,-0.969525,0.0879774
0,0,0.413013,-0.674665,0.611758
13.6259,20.3006,0.275662,-0.263254,0.924504
0,0,0.439184,-0.421116,0.793586
0,0,0.692948,0.471625,0.545337
0,0,0.452918,0.704826,0.545973
0,0,-0.653642,-0.53638,0.5339
0,0,-0.919926,0.0674807,0.386243
0,0,0.162784,0.824196,0.542404
0,0,0.846181,0.395917,0.356688
0,0,0.116206,0.934922,0.335285
0,0,0.973091,0.227246,0.0381136
0,0,-0.979816,-0.0402495,0.195809
0,0,-0.0582595,0.390081,0.918936
0,0,-0.369594,-0.903843,0.215566
0,0,0.399934,-0.250183,0.881738
0,0,-0.397687,-0.767194,0.503247
0,0,-0.143225,0.662903,0.734879
0,0,0.760554,0.529149,0.376244
0,0,-0.443433,-0.873358,0.201528
0,0,-0.192573,-0.81274,0.549881
0,0,0.609867,-0.18705,0.770113
0,0,-0.279168,0.959266,0.0432932
0,0,0.757547,0.647869,0.079926
0,0,0.63339,-0.768877,0.0874425
0,0,-0.938849,-0.0888254,0.332674
0,0,0.503462,0.247708,0.827748
0,0,0.380863,0.779332,0.49758
0,0,-0.853038,0.229648,0.468602
0,0,-0.521614,0.224642,0.823076
0,0,-0.93491,0.300611,0.188618
0,0,-0.574437,-0.226258,0.786657
0,0,-0.484192,-0.790025,0.376057
0,0,0.978984,-0.0759513,0.189267
0,0,-0.563386,-0.0492634,0.824724
0,0,0.853543,0.51702,0.0644546
0,0,0.507109,0.602347,0.616457
0,0,0.430613,0.151543,0.889723
0,0,0.944414,-0.328674,0.00739025
0,0,-0.451914,0.66679,0.592591
0,0,-0.619507,-0.643586,0.449453
0,0,0.476202,0.544795,0.690239
0,0,0.591409,0.688198,0.42026
0,0,-0.904946,-0.200116,0.375535
0,0,-0.223371,-0.0266088,0.97437
0,0,-0.104298,-0.238424,0.965544
0,0,0.61741,0.705181,0.348605
0,0,-0.133541,0.223668,0.965474
0,0,0.617167,0.0493689,0.785282
0,0,-0.187112,0.960924,0.203998
0,0,-0.874993,0.465792,0.132006
0,0,0.355203,-0.654194,0.667728
0,0,-0.46559,0.884794,0.0191389
0,0,-0.837607,-0.141261,0.527692
0,0,-0.739602,-0.672729,0.0206095
20.7443,29.1517,-0.574178,-0.473627,0.667831
0,0,0.516159,-0.854397,0.0598802
0,0,-0.873816,0.0362177,0.484906
0,0,-0.637524,0.572352,0.515729
0,0,0.293411,0.650559,0.700488
0,0,-0.609929,-0.091709,0.787131
0,0,0.402334,-0.902632,0.152918
0,0,0.729994,0.614815,0.298516
18.2499,24.3517,0.315697,-0.13341,0.939434
0,0,0.0515404,0.703413,0.70891
0,0,0.754601,-0.645152,0.11982
0,0,0.594558,-0.345284,0.72614
0,0,0.490508,-0.436614,0.754168
0,0,0.100089,0.993652,0.0513509
0,0,0.121424,-0.97923,0.162372
0,0,0.803363,0.0822261,0.589786
0,0,-0.548842,0.780562,0.299158
0,0,0.204117,0.813606,0.544409
0,0,-0.270684,-0.331878,0.903652
0,0,-0.294236,0.926813,0.233331
0,0,-0.162336,0.275205,0.947581
0,0,0.528092,0.526973,0.665897
0,0,0.274882,-0.368082,0.888232
0,0,-0.466864,0.883044,0.0476548
0,0,-0.6282,0.366893,0.686115
0,0,0.98842,0.0063202,0.151614
0,0,-0.298162,0.652625,0.696549
0,0,0.575953,-0.687193,0.442769
0,0,0.0651252,0.773636,0.630274
0,0,0.380252,0.919553,0.0991487
0,0,0.629894,-0.654646,0.417937
0,0,-0.403121,-0.870066,0.283686
21.9647,31.4859,0.0243802,0.104196,0.994258
0,0,-0.512978,0.648974,0.56186
0,0,0.0733249,0.760034,0.645733
0,0,0.326489,0.522129,0.7879
0,0,-0.562288,-0.317586,0.763526
0,0,-0.45395,0.165392,0.875543
0,0,-0.570755,-0.682809,0.456082
0,0,0.224941,-0.970078,0.0913748
0,0,-0.377032,-0.631659,0.677387
0,0,-0.535489,0.760099,0.368105
0,0,-0.94142,-0.220939,0.254782
0,0,0.838899,0.533122,0.109676
0,0,0.102134,0.640672,0.760992
0,0,0.133474,0.9865,0.0948804
0,0,-0.0919347,-0.0243647,0.995467
0,0,0.113157,0.0207007,0.993361
0,0,-0.0153196,-0.737212,0.675488
0,0,0.0041077,-0.631204,0.775606
0,0,0.461586,0.181052,0.868423
0,0,0.116404,-0.671388,0.731907
0,0,0.0210287,-0.797479,0.60298
0,0,-0.0658972,0.987478,0.143337
0,0,0.977045,-0.204393,0.0600609
0,0,-0.622655,-0.568208,0.537997
0,0,0.239224,-0.862102,0.446712
0,0,0.759471,0.335865,0.557135
0,0,-0.510147,-0.602977,0.613326
0,0,-0.830371,0.0608489,0.553879
0,0,0.0678193,-0.0383455,0.99696
0,0,0.825809,-0.55556,0.0969158
0,0,0.834759,0.371052,0.406814
0,0,0.201676,0.710374,0.674311
0,0,0.41787,0.826451,0.377312
8.95749,12.7427,0.259185,-0.540835,0.8002
0,0,0.0529536,0.690339,0.721545
0,0,0.0543123,-0.958251,0.280723
0,0,0.746742,-0.525818,0.407298
0,0,0.585104,0.808429,0.0639913
0,0,0.963103,-0.191715,0.188886
0,0,0.0268885,0.652147,0.757615
0,0,0.727238,0.255741,0.636963
0,0,0.974959,-0.148785,0.16528
0,0,0.203605,0.976084,0.0761838
0,0,-0.869279,-0.313454,0.382232
0,0,0.193763,0.961185,0.196416
0,0,0.308194,-0.667602,0.677734
0,0,-0.928874,0.141457,0.342319
0,0,-0.891053,0.152392,0.427552
0,0,0.65111,-0.232705,0.722429
0,0,0.630638,0.286986,0.721065
0,0,0.807552,0.488868,0.329952
0,0,0.510785,0.22721,0.829141
0,0,0.471655,0.477945,0.741019
0,0,0.449604,-0.361784,0.816682
0,0,0.913224,-0.346734,0.214002
0,0,-0.00583626,-0.112533,0.993631
0,0,-0.299096,0.836766,0.458655
0,0,-0.543353,0.838417,0.0427039
0,0,-0.835237,-0.254877,0.487255
0,0,-0.201874,-0.964207,0.171905
0,0,-0.680747,0.388818,0.620809
0,0,-0.709085,-0.247248,0.660354
0,0,0.272685,0.440516,0.855329
0,0,0.395817,0.09873,0.913007
0,0,-0.282385,0.950574,0.129108
0,0,0.196755,-0.178638,0.964042
0,0,0.0533605,-0.975698,0.212521
0,0,0.231196,-0.644834,0.728518
0,0,0.639756,0.64784,0.413541
0,0,-0.0296218,-0.684644,0.728275
0,0,0.757317,-0.211275,0.617927
0,0,0.901165,0.311828,0.301107
0,0,-0.846004,0.243619,0.474264
0,0,0.724726,0.241827,0.645207
0,0,-0.981746,0.0450412,0.184789
0,0,0.253986,-0.738962,0.62404
11.0435,16.2752,0.580263,0.770156,0.264868
0,0,0.299791,-0.406381,0.863122
0,0,-0.139351,-0.769875,0.622795
0,0,-0.0252534,0.662098,0.748991
0,0,0.247101,0.880587,0.404361
0,0,0.0854856,0.993298,0.0777838
0,0,-0.258776,0.12503,0.957811
0,0,-0.486639,0.0774156,0.870166
0,0,0.768219,0.582973,0.26454
15.9041,23.4494,-0.555066,-0.186111,-0.810718
0,0,0.616349,0.627357,0.475959
0,0,0.354928,0.369802,0.858646
0,0,0.682475,-0.116406,0.72158
0,0,-0.978831,-0.156067,0.132411
0,0,-0.78652,0.528601,0.319322
0,0,0.890033,0.448824,0.0799909
0,0,0.442148,0.429733,0.787296
0,0,0.201411,0.651099,0.731781
0,0,0.602574,-0.495989,0.625219
0,0,0.711473,0.134251,0.689771
23.7897,34.5035,0.441162,0.87849,0.18339
12.3569,16.0987,-0.0258141,0.167369,0.985556
0,0,0.517368,-0.854986,0.0364764
0,0,-0.479728,0.557316,0.677687
0,0,0.568657,0.434583,0.698403
0,0,-0.451191,0.889042,0.0776632
0,0,0.155397,0.737006,0.65778
0,0,0.276914,-0.814855,0.509245
0,0,-0.937666,-0.254316,0.236866
0,0,0.0794374,-0.116681,0.989988
0,0,0.244523,0.967244,0.0681692
0,0,0.169214,0.956367,0.238177
0,0,-0.515457,0.568115,0.64152
0,0,-0.327605,0.375451,0.867013
0,0,-0.576697,0.816812,0.0154731
0,0,-0.0409478,0.831746,0.553645
0,0,0.529295,0.766276,0.364236
0,0,0.319207,0.797089,0.512598
0,0,0.451766,-0.553477,0.699693
0,0,-0.675734,-0.345288,0.651275
0,0,-0.17373,0.98447,0.0252457
0,0,0.935181,-0.236377,0.263746
0,0,-0.343841,-0.554937,0.757508
0,0,0.895734,0.158879,0.415233
9.68053,13.7148,0.0692618,0.0555274,0.996052
0,0,-0.288947,-0.472218,0.832778
0,0,-0.251134,-0.859862,0.444487
0,0,-0.295714,-0.670497,0.680431
0,0,-0.608079,0.706636,0.361808
0,0,-0.532618,-0.111599,0.838966
0,0,0.543526,0.603099,0.583825
0,0,0.465618,0.353607,0.811272
0,0,0.592027,0.365221,0.718413
0,0,0.944791,0.310982,0.103251
0,0,0.206217,-0.492548,0.845501
0,0,-0.582301,-0.81288,0.0123342
0,0,0.599241,-0.608774,0.519908
0,0,-0.811758,-0.0913826,0.576799
0,0,-0.735231,-0.250134,0.629975
0,0,-0.754161,-0.411094,0.512096
0,0,-0.671975,-0.289307,0.681726
0,0,0.601024,-0.219862,0.768395
0,0,-0.995996,0.0525267,0.072345
0,0,0.74484,0.466759,0.476812
0,0,0.625978,-0.775181,0.0851203
0,0,0.830135,-0.281502,0.481281
0,0,0.104342,-0.722123,0.68385
0,0,0.720836,-0.49981,0.480194
0,0,0.149964,-0.209802,0.966175
0,0,-0.586263,0.476881,0.654889
0,0,-0.281661,0.210348,0.936174
0,0,-0.849425,-0.156052,0.504108
0,0,0.134258,0.990815,0.0161569
0,0,0.993552,0.113359,0.0018079
0,0,-0.652649,0.198256,0.731262
0,0,0.793687,-0.608118,0.0159281
0,0,0.567874,-0.818156,0.0902182
0,0,0.16004,-0.00876065,0.987072
0,0,-0.0566822,-0.514148,0.855827
0,0,-0.421753,0.906045,0.0347357
0,0,-0.111266,0.491007,0.864021
0,0,0.476779,0.495863,0.725811
0,0,0.869716,-0.275046,0.40981
0,0,-0.721759,-0.646883,0.246183
0,0,-0.598273,0.0710767,0.798134
0,0,-0.297587,-0.55076,0.779811
0,0,0.896499,-0.442959,0.00876018
0,0,-0.865614,0.272418,0.420121
0,0,0.0845625,0.682544,0.725935
0,0,0.691354,0.639228,0.336776
0,0,0.805691,0.556561,0.202737
0,0,-0.655399,0.576264,0.488234
0,0,-0.861478,0.412209,0.296547
0,0,0.715335,-0.688244,0.120894
0,0,0.000447949,0.898525,0.438923
0,0,-0.553805,-0.306241,0.774284
0,0,0.421132,0.64723,0.635406
0,0,-0.108953,-0.967729,0.227221
0,0,-0.86952,0.493651,0.0156256
0,0,-0.441113,0.0926263,0.892659
0,0,-0.5886,0.0877672,0.803646
0,0,0.041447,-0.996087,0.0780515
0,0,0.267471,0.945787,0.184244
0,0,-0.437942,0.894524,0.0896331
0,0,0.800063,0.568198,0.192484
0,0,0.149991,0.891403,0.427672
4.44691,5.72517,0.525569,0.590552,0.612394
0,0,0.989008,0.0286706,0.145052
0,0,0.6523,-0.132711,0.746253
0,0,0.546577,0.837365,0.00852923
0,0,-0.932979,-0.00273365,0.35992
0,0,0.692867,-0.312047,0.650047
0,0,0.0211497,0.815951,0.577734
0,0,-0.23262,0.870467,0.433791
0,0,-0.874878,-0.474017,0.0994774
0,0,-0.471147,-0.873041,0.125778
0,0,0.621083,-0.00329508,0.783738
0,0,0.560266,-0.678647,0.47491
0,0,0.781277,0.419609,0.462099
0,0,0.287492,-0.813284,0.505883
0,0,-0.227475,0.503626,0.833436
0,0,-0.231714,-0.354127,0.906037
0,0,0.708146,-0.398753,0.582687
0,0,0.480893,0.0647269,0.874387
0,0,0.121902,0.739622,0.66189
0,0,-0.492814,0.620335,0.61018
0,0,-0.85747,-0.144801,0.493738
0,0,0.44833,0.453772,0.770124
0,0,-0.671734,0.248498,0.69787
0,0,0.544944,0.0582301,0.836448
0,0,0.847486,0.0447444,0.528929
0,0,0.949448,-0.269585,0.16085
0,0,0.745908,-0.638319,0.190184
0,0,-0.732816,0.449763,0.510582
0,0,0.204986,0.926761,0.314792
0,0,-0.949363,0.156938,0.272178
0,0,-0.206604,0.977724,0.0370295
0,0,-0.925405,-0.0222716,0.378324
0,0,0.880519,-0.15024,0.44957
0,0,0.0207831,0.549267,0.835389
0,0,-0.821632,0.203718,0.532372
0,0,0.862624,-0.160123,0.479833
0,0,-0.535674,-0.78851,0.302168
0,0,0.26385,-0.962508,0.0629374
0,0,0.88883,0.250022,0.384019
0,0,-0.0312499,-0.928252,0.370636
0,0,-0.808243,-0.50301,0.306145
0,0,-0.041879,0.04706,0.998014
0,0,-0.803951,-0.400564,0.439558
20.8647,31.2573,0.0879689,0.202105,0.975405
0,0,-0.548282,-0.742071,0.385639
0,0,-0.703002,-0.708074,0.0664815
8.04611,9.40341,-0.292291,0.131447,0.947253
0,0,0.666715,0.59477,0.449155
0,0,0.297685,-0.945654,0.130852
0,0,0.415058,-0.513201,0.751233
0,0,-0.823197,0.406544,0.396319
0,0,0.396401,0.0432102,0.91706
0,0,-0.292321,-0.328578,0.898101
0,0,-0.266699,0.659349,0.702944
0,0,0.134042,0.983459,0.121824
0,0,0.249902,0.930859,0.266554
0,0,0.763694,0.543724,0.348047
0,0,0.625615,-0.611799,0.484053
0,0,-0.786826,-0.577446,0.217855
0,0,-0.480569,-0.0720268,0.873994
0,0,0.978285,-0.173928,0.11273
0,0,-0.0235009,-0.495059,0.868542
0,0,-0.15627,0.524917,0.836685
0,0,-0.473375,-0.855975,0.2079
0,0,0.011745,0.0814385,0.996609
0,0,-0.254964,0.957018,0.138242
0,0,-0.279149,0.364318,0.888453
0,0,0.140347,-0.955151,0.260749
0,0,-0.397628,0.890966,0.219251
0,0,0.349512,-0.408489,0.843195
0,0,0.88929,-0.43047,0.154462
0,0,-0.632456,0.550088,0.545347
0,0,-0.972368,-0.0435572,0.229354
0,0,0.917125,-0.392021,0.0721147
0,0,0.57356,-0.468864,0.671711
0,0,0.721075,0.257213,0.643344
0,0,0.235166,0.875947,0.421206
0,0,-0.265102,-0.268482,0.926088
0,0,-0.656166,0.240977,0.715106
0,0,-0.211016,-0.966604,0.145426
0,0,0.673368,-0.218138,0.706394
0,0,-0.697495,0.687159,0.203257
0,0,0.974636,-0.221506,0.0319378
0,0,-0.950455,0.297317,0.0907584
0,0,0.252356,0.546847,0.798295
0,0,-0.59923,0.723801,0.342105
0,0,-0.725439,-0.0885745,0.682563
0,0,-0.602607,-0.224698,0.765752
0,0,-0.347693,-0.664104,0.661873
0,0,0.862402,0.221061,0.455407
0,0,-0.0830376,-0.879072,0.469401
0,0,-0.11006,0.946335,0.303868
0,0,-0.772881,0.066539,0.631053
0,0,0.720764,-0.472498,0.507193
0,0,0.0107982,0.779548,0.626249
0,0,-0.32966,0.59193,0.735488
0,0,0.261178,-0.0876643,0.961302
0,0,0.42722,-0.289869,0.856422
0,0,-0.382633,-0.0301603,0.923408
0,0,0.792691,-0.60256,0.0925302
0,0,-0.773595,0.623279,0.114341
0,0,-0.112626,-0.932236,0.343877
0,0,-0.948552,-0.145852,0.281026
0,0,-0.375702,0.885627,0.27297
0,0,0.194525,0.943046,0.269859
0,0,0.892197,-0.181046,0.413772
0,0,0.283319,-0.926836,0.246384
0,0,0.0968048,0.914147,0.393655
0,0,0.492889,0.868581,0.0512559
0,0,0.737019,0.0523202,0.673844
0,0,-0.0170957,-0.733091,0.679915
0,0,-0.0608946,-0.925385,0.374104
0,0,-0.43862,-0.856884,0.270855
0,0,-0.379867,-0.718622,0.58248
0,0,0.933092,-0.320364,0.163419
0,0,0.0702181,0.916134,0.394675
0,0,-0.640206,0.752428,0.154884
0,0,-0.804368,0.39377,0.444901
0,0,-0.211505,-0.399809,0.891862
0,0,0.379881,-0.380415,0.843193
0,0,0.596429,0.62523,0.503349
0,0,-0.512258,0.858002,0.0377393
0,0,0.536744,-0.630934,0.560204
0,0,0.48288,-0.387991,0.785041
0,0,-0.415158,-0.307608,0.856167
0,0,0.793734,0.24982,0.554596
0,0,-0.90723,-0.375903,0.188758
0,0,0.953208,0.2362,0.188692
0,0,0.466853,-0.0169463,0.884173
0,0,0.0442402,-0.895442,0.442975
0,0,0.130643,0.828731,0.544186
0,0,0.747158,0.534033,0.395682
0,0,0.880663,0.270778,0.388731
0,0,0.657682,0.653708,0.374326
0,0,-0.875909,-0.196291,0.440741
0,0,0.599026,-0.243819,0.762705
0,0,0.956281,0.235328,0.173632
0,0,-0.161632,-0.765827,0.622402
0,0,-0.886363,-0.396725,0.238684
0,0,0.541128,0.27971,0.793059
0,0,-0.247241,0.862253,0.44203
0,0,-0.494863,0.813429,0.305685
0,0,-0.998521,0.0488524,0.0238415
0,0,-0.192665,0.907534,0.373177
0,0,0.3774,-0.603235,0.702622
0,0,-0.868399,-0.0295159,0.494987
0,0,0.821212,-0.0104016,0.570529
0,0,0.146787,0.575778,0.804322
0,0,0.716684,0.688976,0.108057
0,0,-0.996521,-0.0626644,0.0549523
0,0,0.861418,-0.184654,0.473141
19.9946,26.7268,0.737611,0.11673,0.665059
0,0,0.607599,0.491954,0.623542
0,0,0.154058,0.492987,0.856288
0,0,-0.333535,-0.679956,0.653004
0,0,0.148828,0.742018,0.653651
0,0,0.288422,0.844701,0.450881
0,0,0.616227,0.783472,0.0802185
0,0,0.402614,0.884152,0.237017
0,0,-0.610533,0.79151,0.0276007
0,0,-0.638619,0.762137,0.106365
19.3029,28.6342,-0.176396,-0.00496907,-0.984307
0,0,0.937294,-0.0592925,0.343458
0,0,0.479231,0.852409,0.209134
0,0,0.985068,-0.0643501,0.159689
0,0,0.692319,0.268674,0.669708
0,0,0.79863,-0.587648,0.129845
0,0,-0.351363,-0.426236,0.833587
0,0,-0.971831,0.152485,0.179705
0,0,0.577205,0.804578,0.1396
0,0,0.00411252,-0.783833,0.620957
0,0,0.483404,0.281631,0.828857
0,0,-0.525668,-0.793292,0.307182
0,0,0.427471,-0.862661,0.270342
0,0,0.390479,-0.255805,0.884358
0,0,0.528265,0.692115,0.491847
0,0,0.308347,-0.0704509,0.948661
0,0,0.807027,0.130896,0.575824
0,0,0.648292,0.70017,0.299131
0,0,0.176726,-0.951749,0.25088
0,0,0.891344,-0.370068,0.261832
0,0,-0.162779,-0.595861,0.786417
0,0,-0.0171731,-0.934746,0.354902
0,0,-0.471132,0.880439,0.0534986
0,0,0.63839,0.543548,0.54499
0,0,-0.216077,-0.900323,0.377796
0,0,0.367864,0.113903,0.922877
0,0,-0.626521,0.402608,0.667367
0,0,-0.0656588,-0.851019,0.521015
0,0,-0.502803,-0.0451815,0.863219
20.3983,31.8708,0.0678426,0.33038,0.941407
0,0,-0.98431,-0.128068,0.12138
0,0,0.27932,-0.608903,0.74244
0,0,-0.205633,-0.633057,0.746293
0,0,0.540231,0.77957,0.316895
0,0,-0.671055,0.281719,0.685798
0,0,0.501899,-0.159522,0.850088
0,0,0.502349,-0.805492,0.314369
0,0,-0.142647,0.786246,0.601224
0,0,-0.150008,-0.907321,0.392768
0,0,0.538828,0.820235,0.19204
0,0,0.491345,-0.845924,0.207348
0,0,-0.885258,-0.330256,0.32749
0,0,0.269149,0.750273,0.603862
0,0,0.759045,0.152079,0.633026
0,0,0.737173,0.173824,0.652964
0,0,-0.797154,0.405859,0.447017
0,0,0.543985,-0.608081,0.578203
0,0,-0.771753,-0.0587082,0.633207
0,0,0.771069,0.635749,0.0357255
0,0,0.491925,0.713404,0.499064
0,0,-0.102446,0.994669,0.0117654
0,0,0.050277,0.937431,0.344521
0,0,0.202128,0.867841,0.453867
0,0,0.0831875,0.948663,0.305153
0,0,0.0501736,-0.576473,0.815574
0,0,0.773242,0.565208,0.287465
0,0,0.682594,0.434466,0.587627
0,0,0.812759,0.451543,0.368146
0,0,0.520447,-0.730257,0.442561
0,0,0.419198,0.681393,0.59998
0,0,-0.843806,-0.427392,0.324543
0,0,-0.896387,0.318359,0.308444
0,0,-0.199821,0.886614,0.417118
0,0,0.664057,0.183249,0.724878
0,0,0.620639,0.715304,0.321166
0,0,-0.736648,-0.352814,0.57695
0,0,-0.868861,0.170604,0.464731
0,0,0.6788,-0.0641776,0.731514
0,0,0.778482,0.626288,0.0415805
0,0,-0.320219,-0.00172701,0.947342
0,0,0.487313,0.762637,0.425337
0,0,0.0371286,-0.369795,0.928371
0,0,-0.0172613,-0.643808,0.764992
0,0,-0.399119,-0.729667,0.555239
0,0,0.674051,-0.717532,0.175508
0,0,-0.858726,0.221105,0.46228
0,0,0.163305,-0.985889,0.0367921
0,0,-0.902606,-0.395031,0.171035
0,0,0.70352,-0.661973,0.258556
0,0,0.63921,-0.608728,0.469959
0,0,-0.191315,-0.416949,0.888567
0,0,0.61232,-0.382085,0.692153
0,0,0.309732,0.277111,0.909547
0,0,-0.0769019,-0.982754,0.168167
0,0,0.87411,0.40606,0.266546
0,0,-0.111052,0.985398,0.129066
0,0,0.175146,-0.765059,0.619684
0,0,-0.174069,-0.713491,0.678698
0,0,0.45228,0.562911,0.69179
0,0,0.0216915,-0.680529,0.7324
0,0,0.551305,0.452755,0.700768
0,0,-0.94646,0.139932,0.290917
0,0,-0.204228,0.148661,0.96757
0,0,-0.316782,-0.727234,0.608917
0,0,-0.327534,0.921351,0.209367
0,0,0.639088,-0.314695,0.701807
0,0,0.966836,0.0845028,0.241012
0,0,-0.520847,0.534697,0.665446
0,0,-0.965662,-0.0684457,0.250625
0,0,-0.99899,0.0440037,0.00908358
0,0,0.968646,0.0777646,0.235962
0,0,0.695493,-0.565732,0.442987
0,0,0.696169,-0.585314,0.41564
0,0,-0.804163,0.482836,0.346686
0,0,-0.703135,0.0916155,0.70513
0,0,-0.277301,-0.640883,0.715802
0,0,-0.84477,-0.0142854,0.534939
0,0,0.398513,-0.900206,0.175546
0,0,0.912984,0.157831,0.37623
0,0,-0.329724,0.884556,0.329912
0,0,-0.0675514,0.0513528,0.996393
0,0,-0.942127,-0.230773,0.243189
0,0,-0.441486,0.676413,0.589538
0,0,-0.428908,0.270563,0.861878
0,0,0.28624,0.262256,0.921569
0,0,0.604056,0.127114,0.786739
0,0,0.428091,0.490726,0.758898
0,0,-0.654134,0.621756,0.430731
0,0,0.396149,-0.873533,0.282854
0,0,0.629382,-0.105697,0.769874
0,0,0.180527,-0.722283,0.667621
0,0,0.742352,-0.547882,0.385666
0,0,-0.476621,0.100184,0.873382
0,0,0.960642,-0.116306,0.252268
0,0,-0.98235,-0.158555,0.0992407
0,0,0.824567,0.341057,0.451408
0,0,0.530656,-0.800163,0.279542
0,0,0.875181,-0.0936141,0.474652
0,0,-0.0762936,0.880956,0.467007
0,0,0.0495268,-0.952368,0.300902
0,0,-0.342922,-0.875942,0.339307
0,0,0.29213,-0.311601,0.904193
0,0,-0.312215,-0.823952,0.47289
0,0,-0.658815,-0.614188,0.434437
0,0,0.734343,-0.670709,0.104355
19.4198,29.2825,0.080139,-0.0733589,0.994081
0,0,-0.812894,-0.504394,0.291187
0,0,0.718574,-0.521962,0.459572
0,0,0.221155,-0.938591,0.264833
0,0,0.81011,0.0233563,0.585812
0,0,0.466555,0.00134271,0.884491
0,0,0.282672,-0.909215,0.305654
0,0,0.829373,-0.547992,0.108835
0,0,0.553289,-0.431762,0.712357
19.9803,27.0664,0.16575,-0.156473,0.973675
0,0,0.272601,-0.387607,0.880596
0,0,-0.703044,-0.310513,0.639774
0,0,-0.286177,0.322426,0.9023
0,0,-0.194554,-0.732746,0.652098
0,0,0.712382,-0.399191,0.577199
0,0,-0.831298,0.501112,0.24048
0,0,-0.750469,0.0719262,0.65698
0,0,-0.0635923,0.804408,0.590664
0,0,0.420735,-0.719189,0.552945
0,0,0.918705,-0.388499,0.0710625
0,0,-0.933203,0.330084,0.142044
0,0,-0.371314,0.910768,0.180632
0,0,-0.65101,0.317251,0.689592
0,0,0.48142,-0.85718,0.18297
0,0,-0.0404798,0.984873,0.16848
0,0,-0.881993,0.214654,0.419539
0,0,-0.544714,0.220089,0.809226
0,0,0.868479,-0.480818,0.120663
0,0,-0.929675,0.0524236,0.36463
0,0,-0.243338,-0.535703,0.808585
0,0,-0.986163,0.104264,0.128884
0,0,0.348688,0.243679,0.905007
0,0,0.187802,0.980172,0.0631983
0,0,0.314775,-0.94809,0.0451784
0,0,0.863714,0.135223,0.485503
0,0,-0.424512,-0.0823132,0.901673
0,0,0.71574,-0.635949,0.288592
0,0,-0.921687,0.382717,0.063404
0,0,0.964569,-0.260543,0.0415201
0,0,0.964863,-0.258434,0.0474449
0,0,-0.701944,-0.57535,0.419818
0,0,0.609618,0.0460649,0.791356
0,0,-0.797837,-0.482948,0.360856
0,0,-0.155225,-0.874627,0.459274
0,0,0.394616,-0.577947,0.714322
0,0,0.500515,0.536787,0.679223
0,0,0.735451,0.251024,0.629364
0,0,0.671622,-0.463659,0.577878
0,0,-0.507867,-0.843929,0.172787
0,0,0.404989,-0.570683,0.714356
0,0,0.343609,-0.702149,0.623635
0,0,0.142519,-0.691779,0.707905
0,0,-0.469212,0.849093,0.242655
0,0,0.273178,-0.712627,0.646171
0,0,0.580772,-0.303812,0.755249
0,0,0.065396,-0.60057,0.796893
0,0,-0.589365,-0.684679,0.428793
0,0,-0.501587,0.848046,0.17096
0,0,0.106145,-0.994323,0.0073539
2.8342,3.88353,0.00246178,-0.157409,0.98753
0,0,-0.142001,0.98972,0.0170373
0,0,-0.177364,0.936126,0.303662
0,0,0.452697,-0.866343,0.210988
0,0,-0.215406,0.399601,0.891021
0,0,-0.0398095,0.385954,0.921659
0,0,-0.608641,-0.705764,0.362564
0,0,-0.121036,0.769724,0.626797
0,0,0.845206,-0.138081,0.516295
0,0,0.0442684,-0.821575,0.568379
0,0,-0.983908,0.171275,0.0508971
0,0,-0.722459,0.608348,0.328581
0,0,-0.38695,0.845817,0.367238
0,0,0.0430506,0.828081,0.558953
0,0,-0.327089,0.792628,0.514542
0,0,-0.0238799,0.742269,0.669677
0,0,-0.760088,0.599263,0.251296
0,0,0.857338,-0.318099,0.404702
21.8134,32.4362,0.357317,0.533631,0.766526
0,0,-0.90701,0.104888,0.407838
0,0,-0.775993,-0.630741,0.00093602
0,0,-0.906258,-0.29008,0.307491
0,0,0.595909,-0.802488,-0.0300943
0,0,0.242465,0.969731,0.028859
0,0,-0.758703,0.569251,0.316739
0,0,-0.564691,0.817458,0.113515
0,0,0.396691,0.765537,0.506546
0,0,0.200302,-0.578453,0.790741
0,0,-0.818657,0.162835,0.550714
0,0,0.931468,-0.222106,0.288159
0,0,0.23739,0.969955,0.053223
0,0,-0.395614,-0.485449,0.779634
0,0,-0.472512,-0.864114,0.17332
0,0,0.0219602,0.630182,0.776137
0,0,-0.537406,0.827396,0.163131
0,0,0.506034,-0.857931,0.0887872
0,0,0.521899,0.688652,0.503368
0,0,-0.597403,-0.0651625,0.79929
0,0,0.839595,0.538571,0.0708568
0,0,-0.0808326,0.492332,0.866646
0,0,0.826146,-0.393245,0.403536
0,0,0.640306,-0.171147,0.748811
0,0,0.0630443,-0.705769,0.705631
0,0,-0.60969,-0.452392,0.650861
0,0,-0.281243,-0.893002,0.351354
0,0,0.14296,0.842123,0.519991
0,0,-0.494603,0.780761,0.381812
0,0,-0.714378,-0.329574,0.617288
0,0,0.987085,-0.142972,0.0722645
0,0,0.735617,-0.442811,0.512626
0,0,-0.476272,0.809172,0.344102
0,0,-0.336337,-0.278656,0.899571
0,0,-0.705318,-0.084759,0.703805
11.4481,16.5907,0.152836,0.318462,0.935534
0,0,-0.666848,0.0720249,0.741705
21.9386,32.4171,0.956048,0.225596,0.187294
0,0,0.115878,-0.8528,0.509219
0,0,0.549202,0.0292358,0.835178
0,0,0.900996,-0.328608,0.283236
0,0,-0.245498,0.595239,0.765128
0,0,-0.694814,-0.496146,0.520647
0,0,0.596459,-0.799552,0.0703773
0,0,0.686072,-0.698353,0.203982
0,0,-0.427619,0.850041,0.307527
0,0,0.963494,0.168487,0.208065
0,0,-0.761016,-0.599641,0.247557
0,0,-0.116644,-0.122214,0.985626
0,0,0.930348,-0.248504,0.269627
0,0,0.939389,0.311306,0.143655
0,0,0.375987,0.622453,0.68643
0,0,0.235168,-0.594618,0.768847
0,0,-0.240828,0.791613,0.561562
0,0,0.237013,0.927225,0.289964
0,0,-0.736695,-0.203772,0.644792
0,0,0.515698,0.0165252,0.856611
0,0,0.163293,-0.439137,0.883456
0,0,0.953297,-0.164206,0.253497
0,0,-0.98363,-0.179814,0.0117532
0,0,-0.574568,-0.709903,0.407321
0,0,0.601638,0.796728,0.0570592
0,0,-0.348635,-0.815081,0.462706
0,0,-0.367127,0.520958,0.770598
0,0,0.423583,0.274485,0.86327
0,0,-0.228941,-0.716137,0.659344
0,0,-0.939766,-0.310791,0.142301
0,0,0.40019,-0.366644,0.839893
0,0,-0.806647,-0.0718376,0.586652
0,0,-0.36785,-0.439804,0.819304
0,0,-0.146506,-0.423209,0.894109
0,0,0.454328,-0.539243,0.709086
0,0,-0.543384,-0.534341,0.647467
0,0,-0.594555,0.649004,0.474656
0,0,-0.0599472,-0.997513,0.0370657
0,0,-0.738911,0.206472,0.641389
0,0,-0.850263,-0.137164,0.508172
0,0,-0.707091,0.426725,0.563851
0,0,0.0949749,-0.994956,0.0322947
0,0,-0.434178,0.866821,0.245176
0,0,-0.293465,0.0886247,0.951853
0,0,0.743937,-0.632863,0.214575
0,0,0.185022,-0.982683,0.010082
0,0,0.148264,0.501698,0.852242
0,0,-0.0667097,0.450511,0.890275
0,0,-0.924767,0.102066,0.366592
0,0,-0.922493,0.165959,0.348516
0,0,-0.655335,-0.507467,0.559476
0,0,-0.573548,0.348563,0.741314
0,0,0.742433,-0.653914,0.145569
0,0,0.083139,-0.663034,0.743958
0,0,-0.444349,-0.873303,0.199739
0,0,-0.753677,-0.642577,0.138078
0,0,0.000411316,-0.845081,0.534639
0,0,-0.960019,0.238283,0.146916
0,0,-0.148414,-0.485366,0.861622
22.1355,33.0247,0.205682,-0.198689,0.958237
0,0,-0.785363,-0.606485,0.12402
0,0,-0.034415,-0.996958,0.0699287
0,0,0.444245,0.809309,0.384272
0.876474,0.870222,0.122181,-0.970195,-0.209269
0,0,-0.176832,-0.142481,0.973874
0,0,-0.621192,-0.00186296,0.783656
0,0,-0.373871,0.484196,0.791059
0,0,-0.343763,-0.668859,0.659132
0,0,0.131507,0.845303,0.51785
0,0,-0.0505777,0.972651,0.226696
9.48834,14.5058,0.29617,-0.188053,0.93644
0,0,-0.0603933,0.282635,0.957325
0,0,0.438782,-0.584602,0.68243
0,0,0.593205,0.785655,0.175651
0,0,0.819052,0.388545,0.422122
0,0,-0.608517,0.0309913,0.792936
0,0,0.21637,-0.751439,0.623317
0,0,-0.136832,-0.338154,0.93109
0,0,-0.999151,-0.0367303,0.0186383
0,0,-0.0243106,-0.0350364,0.99909
0,0,0.326797,0.140626,0.934574
0,0,0.560776,0.780432,0.276506
0,0,0.116884,-0.963951,0.239032
0,0,0.434566,0.168634,0.884712
0,0,-0.710727,0.178836,0.680356
0,0,0.723388,0.678084,0.130043
0,0,0.372888,0.518399,0.769556
0,0,0.444359,-0.40161,0.800783
0,0,-0.0468364,0.65075,0.757846
0,0,0.798287,-0.242282,0.551396
0,0,0.0510527,0.396132,0.916773
0,0,0.6475,0.759691,0.0601187
0,0,0.0358629,0.99811,0.0499062
0,0,0.537235,-0.415343,0.734077
0,0,-0.773793,0.630833,0.0573956
0,0,0.632006,0.159889,0.75829
23.0354,33.234,0.257069,-0.96235,-0.0883067
0,0,0.809712,0.579911,0.0898339
0,0,-0.109722,-0.684754,0.720467
0,0,0.922143,-0.347743,0.169492
0,0,-0.0353399,0.963381,0.265796
0,0,0.66042,0.422489,0.620765
0,0,0.740753,0.278606,0.611281
0,0,-0.102532,-0.252856,0.962056
0,0,0.524271,0.0945685,0.846284
0,0,-0.38236,0.761605,0.523219
0,0,-0.131306,0.856025,0.499979
0,0,0.606437,0.423691,0.672845
0,0,-0.73109,0.42172,0.536338
0,0,-0.0505525,-0.90823,0.415408
0,0,-0.292313,0.045638,0.955233
0,0,-0.752637,0.348747,0.558492
0,0,-0.215739,-0.855443,0.470823
0,0,0.178443,-0.558691,0.809952
0,0,-0.0170995,0.491427,0.870751
0,0,0.675036,-0.021762,0.737464
0,0,0.0724445,-0.996213,0.0480695
0,0,0.664006,-0.250288,0.704594
12.0018,17.284,-0.450413,0.141009,0.881615
0,0,-0.0747387,0.921048,0.38221
0,0,-0.636118,-0.759543,0.135824
0,0,-0.53228,0.730931,0.427104
0,0,-0.519049,-0.810645,0.271003
0,0,0.626417,0.770711,0.116643
0,0,0.565999,0.305203,0.765831
0,0,0.191822,-0.969708,0.151229
0,0,-0.250304,-0.873153,0.418272
0,0,0.14855,0.890937,0.429144
0,0,-0.282186,-0.905671,0.316434
0,0,0.45028,0.892677,0.0193973
0,0,-0.137532,0.64426,0.752339
0,0,0.689227,0.417996,0.591815
0,0,-0.942379,0.310712,0.124015
0,0,0.234832,0.917995,0.319592
0,0,0.341872,-0.812101,0.47288
0,0,-0.68144,0.364935,0.634399
0,0,-0.714032,-0.248089,0.654683
0,0,-0.461359,-0.81855,0.342234
0,0,0.45848,-0.114328,0.88132
0,0,0.870449,-0.489384,0.0531275
0,0,-0.907826,0.279297,0.312803
0,0,0.409664,0.422898,0.80829
0,0,0.384488,0.892358,0.23636
0,0,-0.416086,-0.305363,0.85652
0,0,0.602992,-0.184843,0.776037
0,0,0.152747,0.693419,0.704158
0,0,0.872725,-0.142748,0.466877
0,0,-0.742451,0.26324,0.616013
0,0,0.794266,0.457296,0.400027
0,0,0.893364,-0.103826,0.437173
0,0,-0.435977,-0.640499,0.632207
0,0,0.341707,-0.893873,0.290221
0,0,-0.111317,0.891125,0.439892
0,0,0.596687,-0.376565,0.708635
0,0,-0.431118,0.484418,0.761234
0,0,-0.364917,-0.595897,0.715361
0,0,0.527289,-0.849672,0.00495488
0,0,-0.166963,-0.635119,0.754154
0,0,0.955593,-0.011499,0.294464
0,0,0.764741,-0.636586,0.0996497
0,0,-0.357265,0.700055,0.618292
0,0,-0.613516,-0.0275803,0.789201
0,0,0.474061,0.799285,0.369336
0,0,0.938899,-0.229731,0.256306
0,0,0.163278,0.858571,0.486
0,0,-0.847977,0.33759,0.408618
0,0,-0.566154,-0.792163,0.22792
0,0,-0.901312,-0.420214,0.105149
0,0,-0.0599497,-0.98665,0.151423
0,0,-0.0450539,-0.217448,0.975032
0,0,0.283088,-0.807374,0.517695
0,0,0.355346,-0.621496,0.698192
0,0,0.708641,-0.665608,0.234081
0,0,-0.844342,0.471972,0.253632
0,0,-0.789053,-0.118379,0.602811
0,0,-0.482025,-0.875879,0.0220927
0,0,0.273625,-0.87746,0.393947
0,0,-0.605118,0.324368,0.727061
23.1562,31.6626,-0.0643996,-0.984666,-0.162128
0,0,-0.295075,-0.388451,0.872947
0,0,0.267038,0.843494,0.466057
0,0,0.210506,-0.367084,0.906056
0,0,0.631549,-0.175379,0.755241
0,0,0.0812355,-0.521506,0.849372
0,0,-0.638324,-0.478788,0.602747
0,0,0.599589,0.799869,0.0264903
0,0,-0.560187,-0.5332,0.633947
0,0,-0.394554,-0.840463,0.371415
0,0,0.806666,-0.167453,0.566789
0,0,0.445595,0.0111636,0.895165
0,0,-0.0837166,-0.525331,0.84677
0,0,-0.37376,0.79752,0.473566
0,0,0.943559,-0.281768,0.174081
0,0,-0.98802,-0.0120382,0.153854
0,0,0.0734971,0.633146,0.770535
0,0,0.406363,0.846929,0.342899
0,0,-0.955001,0.0251407,0.295535
0,0,0.347613,-0.560086,0.751976
0,0,-0.0779292,-0.988313,0.131013
0,0,-0.95368,-0.282927,0.102207
0,0,-0.484133,-0.820159,0.304885
0,0,0.0755495,0.57949,0.81147
0,0,0.834581,-0.113997,0.538961
0,0,0.983368,0.175629,0.0462851
0,0,-0.825874,0.416701,0.379859
0,0,0.912835,-0.404411,0.0564259
19.7169,27.1982,0.628344,0.0677549,0.774979
0,0,-0.55707,0.533526,0.636414
0,0,-0.813154,-0.256563,0.522452
0,0,-0.0224196,0.772553,0.634555
0,0,-0.096618,-0.417914,0.903334
0,0,-0.725268,-0.170661,0.666979
0,0,0.452792,0.697015,0.556012
0,0,0.337722,-0.623828,0.704828
0,0,-0.77286,-0.128146,0.621504
0,0,-0.530906,-0.0191084,0.847215
0,0,-0.508584,0.497221,0.702932
0,0,0.438719,-0.0782865,0.895207
0,0,0.875348,-0.477918,0.0732147
0,0,0.889736,-0.453727,0.050024
0,0,0.104943,-0.992467,0.0632142
0,0,-0.914884,0.253635,0.314097
0,0,0.834563,0.149913,0.530123
0,0,-0.676431,0.692575,0.250562
0,0,0.0801419,0.894137,0.440564
0,0,0.157917,0.744356,0.648842
0,0,-0.788586,-0.0583764,0.612148
0,0,0.0356005,0.624194,0.780458
0,0,0.833293,0.0677762,0.548661
0,0,-0.819435,-0.375067,0.433417
0,0,0.195722,0.943573,0.267137
0,0,0.707765,0.70644,0.00343428
0,0,-0.229928,-0.603102,0.763807
0,0,0.0677515,-0.836733,0.543404
0,0,-0.421838,0.802467,0.422019
0,0,0.629944,-0.765398,0.131665
0,0,-0.707029,0.612064,0.354242
0,0,-0.210305,-0.160778,0.964325
0,0,0.716053,0.0532361,0.696012
0,0,0.0552419,-0.98876,0.138934
0,0,-0.50114,-0.55787,0.661543
0,0,-0.806154,-0.458551,0.373961
0,0,-0.646362,0.339957,0.683114
0,0,-0.741489,0.440375,0.506225
0,0,-0.768567,-0.617024,0.169073
0,0,-0.543521,0.765681,0.343974
16.8081,24.5361,-0.480957,0.32143,0.815698
0,0,0.260685,-0.914485,0.309451
0,0,0.122197,0.748155,0.652175
0,0,0.0811874,-0.456464,0.88603
17.3051,25.2234,0.938406,0.310791,0.15101
0,0,-0.612948,0.112584,0.782061
0,0,-0.818717,-0.558554,0.133114
0,0,0.149245,0.470319,0.869785
0,0,-0.307115,-0.426395,0.850804
0,0,-0.582381,0.800136,0.143576
0,0,0.189621,0.28319,0.940131
0,0,-0.923632,-0.152065,0.351825
0,0,0.60981,0.380546,0.695209
0,0,0.332036,0.18544,0.924859
0,0,-0.683876,-0.651567,0.32829
0,0,-0.436133,-0.0569886,0.898076
0,0,0.652516,0.371408,0.660514
0,0,0.634511,0.650915,0.416781
0,0,0.220351,-0.479478,0.849439
0,0,-0.45814,0.27333,0.845812
0,0,-0.524421,0.80471,0.278253
0,0,0.224061,0.963158,0.148739
0,0,-0.727448,0.504719,0.464842
0,0,0.895114,0.427279,0.127295
0,0,-0.284575,0.686443,0.669188
0,0,0.140666,0.780545,0.609067
0,0,-0.110092,0.931336,0.34712
0,0,0.406443,0.503904,0.762158
0,0,-0.557947,-0.484492,0.673767
0,0,-0.8455,-0.243264,0.475345
0,0,-0.636814,0.262571,0.72493
0,0,0.694264,0.534423,0.482069
0,0,0.727984,-0.571345,0.378951
0,0,0.708896,-0.230902,0.666446
0,0,0.433912,0.568315,0.699098
0,0,0.161512,-0.386394,0.908082
0,0,0.476564,-0.492472,0.728257
0,0,0.675196,-0.30815,0.67019
0,0,-0.257755,-0.0386529,0.965437
0,0,-0.24647,0.350628,0.9035
0,0,-0.0303681,0.892436,0.450151
0,0,-0.608763,-0.786836,0.101471
0,0,-0.876595,-0.354458,0.325486
0,0,-0.16052,0.172326,0.971873
0,0,-0.124473,-0.523149,0.843102
0,0,-0.963418,-0.239325,0.12062
0,0,-0.628553,-0.0517798,0.776041
0,0,-0.780015,0.624462,0.0402832
0,0,-0.376308,-0.923257,0.0773861
0,0,0.946893,0.189394,0.259855
0,0,0.59273,-0.411755,0.692191
0,0,-0.998363,0.0401989,0.0406909
0,0,-0.494012,0.0841225,0.865376
0,0,0.144804,0.391154,0.908862
0,0,-0.918356,0.381597,0.104907
0,0,0.872869,-0.0339346,0.486773
0,0,0.48594,0.436914,0.756947
0,0,-0.163591,-0.308529,0.937042
0,0,0.635357,0.347091,0.689818
0,0,0.607734,-0.426361,0.669982
0,0,0.826571,-0.0692767,0.558553
1.37582,2.02077,-0.394381,0.0094162,0.918899
0,0,-0.846594,0.0170749,0.531965
0,0,-0.832046,-0.469228,0.295846
0,0,-0.198134,0.777673,0.59663
0,0,-0.829234,0.128578,0.543911
0,0,0.152103,0.437444,0.886289
0,0,-0.566055,0.485354,0.666343
0,0,-0.704563,-0.223632,0.673484
0,0,-0.610691,0.442736,0.656538
0,0,0.615041,-0.362369,0.700295
0,0,-0.686495,-0.608134,0.398618
0,0,-0.720534,0.551617,0.420178
0,0,-0.233174,-0.781241,0.579044
0,0,0.934717,0.116953,0.335598
0,0,-0.0262577,0.996695,0.0768757
0,0,-0.561542,0.547907,0.620055
0,0,0.0337788,0.158772,0.986737
0,0,-0.546123,-0.480447,0.686237
0,0,-0.0602054,-0.938595,0.339728
0,0,-0.248779,-0.541098,0.803319
0,0,0.0838215,0.314526,0.945541
0,0,-0.531584,0.764819,0.363966
0,0,0.826477,0.310846,0.469372
0,0,0.723199,-0.673225,0.154113
0,0,-0.477792,0.87774,0.0358935
0,0,-0.835864,0.346762,0.425544
0,0,0.326072,-0.731141,0.599258
0,0,0.896874,-0.0446598,0.440026
0,0,-0.21091,0.0511174,0.976168
0,0,-0.941537,-0.126099,0.312422
0,0,0.876987,0.469095,0.104132
0,0,0.507751,-0.850929,0.134571
0,0,0.857738,-0.250857,0.448727
0,0,-0.393909,-0.406267,0.824489
0,0,-0.548462,0.402963,0.732673
0,0,-0.380031,-0.46659,0.798668
0,0,-0.383402,-0.125538,0.91501
0,0,0.15299,-0.488004,0.859329
0,0,0.452968,0.366987,0.81249
0,0,0.28292,0.920789,0.268521
0,0,0.110884,0.773434,0.624102
0,0,0.357249,0.714821,0.601169
0,0,0.731812,0.458334,0.504362
0,0,-0.937493,-0.0910022,0.335894
0.322132,0.635134,-0.186589,0.157071,0.969801
0,0,0.56805,0.822696,0.0221401
0,0,-0.347687,-0.595668,0.724081
0,0,-0.503812,0.855235,0.121431
0,0,-0.528176,0.741431,0.413896
0,0,-0.772117,-0.2244,0.594542
0,0,-0.298462,0.387869,0.872054
0,0,-0.818771,-0.570409,0.065174
0,0,0.173714,-0.301891,0.937382
0,0,-0.319184,0.440135,0.839287
0,0,0.850635,-0.0614588,0.522153
0,0,0.168637,-0.895571,0.41172
0,0,-0.218349,-0.944605,0.245041
0,0,-0.255728,0.891066,0.374974
0,0,-0.694815,0.693506,0.190479
0,0,0.213603,-0.599739,0.77116
0,0,0.464429,-0.26019,0.846526
0,0,-0.634572,-0.679944,0.367417
0,0,0.0628187,0.88804,0.455455
0,0,-0.626907,0.0437811,0.777863
0,0,-0.984336,0.0994497,0.145576
0,0,0.142747,-0.720669,0.678424
0,0,-0.126027,-0.719331,0.683139
0,0,0.152941,-0.0880096,0.984309
0,0,0.86181,0.11808,0.493297
0,0,-0.752962,0.0246064,0.657604
0,0,-0.815572,-0.15069,0.55869
0,0,0.0249096,-0.513851,0.857518
0,0,0.315064,-0.661712,0.680347
0,0,-0.502023,0.519893,0.691147
0,0,0.43653,-0.703497,0.560833
0,0,0.543607,0.660934,0.517356
0,0,0.185042,-0.568919,0.801306
0,0,-0.0187552,-0.743036,0.668989
0,0,0.506701,0.817374,0.274143
0,0,-0.217315,0.759312,0.613367
0,0,0.237811,-0.870568,0.430764
0,0,-0.335419,0.936316,0.103952
0,0,-0.173715,0.984323,0.0305217
0,0,0.172358,-0.242555,0.954704
0,0,0.0152757,-0.987941,0.154078
0,0,0.246712,-0.968976,0.0147837
0,0,-0.702212,0.628723,0.334074
0,0,0.931809,0.174574,0.318209
0,0,-0.765816,-0.260403,0.587976
0,0,0.600545,0.333424,0.726756
0,0,0.83275,0.289645,0.47184
0,0,-0.287448,-0.27056,0.918788
0,0,0.183981,-0.336692,0.923466
0,0,-0.598111,-0.725713,0.340006
0,0,-0.0934827,0.93486,0.342488
0,0,0.238868,-0.239517,0.941049
0,0,-0.0122101,-0.993501,0.113164
0,0,0.528332,0.722336,0.446202
0,0,0.0567417,-0.821272,0.567708
0,0,-0.30618,0.102948,0.946391
0,0,0.0536653,-0.872995,0.484768
0,0,-0.560736,0.0900055,0.823088
19.13,24.4011,0.312525,-0.0970787,0.944936
0,0,-0.899266,-0.391763,0.19453
0,0,0.430699,0.0791877,0.899015
0,0,-0.196257,0.693198,0.693512
0,0,-0.701032,-0.606668,0.374844
0,0,-0.920877,0.0694708,0.383614
0,0,-0.638436,0.704519,0.309924
0,0,0.247714,0.848643,0.467378
0,0,-0.285046,0.957668,0.0402609
0,0,0.0913296,-0.958794,0.269023
17.4693,23.6334,-0.304085,0.597561,0.741925
0,0,-0.445674,0.0954611,0.890091
0,0,0.771684,-0.537595,0.339846
0,0,-0.923853,-0.366746,0.109513
0,0,-0.0925705,0.706411,0.701723
0,0,-0.244282,-0.92436,0.293062
0,0,0.682662,0.658348,0.317096
0,0,-0.719696,-0.455771,0.523746
0,0,-0.0322498,-0.496862,0.86723
0,0,-0.119276,0.533107,0.837598
0,0,-0.0258391,0.924375,0.380608
0,0,0.61066,-0.782126,0.123989
0,0,0.557789,0.724568,0.404813
0,0,0.701637,-0.58121,0.41219
0,0,0.398981,-0.828847,0.392209
0,0,-0.440501,-0.272244,0.855478
12.2657,17.5122,-0.127552,-0.544315,0.829127
15.9361,22.5207,0.439563,-0.0177605,0.898036
0,0,0.902763,0.0479662,0.427455
0,0,-0.0961152,0.994821,0.0330725
0,0,-0.711846,-0.223965,0.665669
0,0,-0.679598,-0.707133,0.195217
0,0,-0.242429,-0.479701,0.843277
0,0,0.479977,0.598838,0.641105
0,0,0.93531,0.329295,0.129461
0,0,-0.254691,0.907964,0.332768
0,0,0.847217,0.375012,0.376283
0,0,0.398323,-0.785153,0.474208
0,0,-0.576556,-0.762514,0.293523
0,0,-0.314862,-0.555078,0.769903
0,0,-0.160711,-0.947291,0.277148
0,0,-0.585023,0.811016,0.000325725
0,0,0.566758,-0.339773,0.75056
0,0,-0.579917,-0.171171,0.79649
0,0,0.0848561,0.445913,0.891045
0,0,0.554207,-0.0937828,0.827079
0,0,-0.995985,0.0737597,0.0507269
0,0,-0.912667,-0.358054,0.197071
0,0,0.713226,0.578469,0.395831
0,0,-0.210771,-0.849911,0.482936
0,0,0.565031,0.128982,0.814925
0,0,-0.925192,-0.0349248,0.377889
0,0,-0.405853,0.843486,0.351873
0,0,0.88713,0.411428,0.209111
0,0,-0.921675,0.340866,0.185273
0,0,0.763923,0.643007,0.0544433
0,0,-0.0644561,-0.140554,0.987973
0,0,0.514568,-0.493123,0.701462
0,0,0.428573,0.221696,0.875886
18.7993,26.3221,-0.327165,0.784343,0.527038
0,0,0.69536,0.260423,0.669816
0,0,-0.118584,0.206936,0.971141
0,0,-0.638072,-0.749616,0.1759
0,0,-0.459308,0.740761,0.490214
0,0,0.116456,-0.695054,0.709464
0,0,0.71502,0.682394,0.151934
0,0,-0.30324,-0.543116,0.782988
0,0,0.451624,-0.421272,0.786489
0,0,-0.043745,-0.487762,0.87188
0,0,0.0953461,-0.980484,0.17193
0,0,-0.233643,-0.971426,0.0417404
0,0,0.310849,-0.896293,0.316278
0,0,-0.661337,-0.731269,0.166972
0,0,0.531988,0.371719,0.760798
0,0,0.822534,-0.0287869,0.567987
0,0,0.823085,0.485921,0.29396
0,0,0.65397,0.0628232,0.753907
0,0,-0.747518,0.0995113,0.656745
0,0,-0.284649,-0.634249,0.718821
0,0,-0.67398,0.582424,0.45446
0,0,0.260051,0.780232,0.568869
0,0,0.300821,0.892819,0.335233
0,0,0.968254,0.175465,0.178037
0,0,0.222811,-0.461514,0.858697
0,0,-0.536943,0.158845,0.828529
0,0,-0.287973,-0.956854,0.0387574
0,0,-0.989714,0.127705,0.06448
0,0,0.304401,0.529378,0.791896
12.1698,16.6511,0.451656,0.741119,0.496739
0,0,-0.489889,0.0828342,0.867841
0,0,0.884307,-0.448524,0.129723
0,0,-0.354807,-0.217993,0.90917
0,0,-0.493072,-0.856206,0.154246
0,0,-0.174479,-0.0190223,0.984477
0,0,0.498607,-0.711748,0.494779
0,0,0.190334,0.973064,0.130075
0,0,0.940228,0.2719,0.205042
0,0,-0.914822,-0.397056,0.0737978
0,0,-0.750803,-0.397265,0.527708
0,0,-0.592416,0.559074,0.580069
0,0,-0.0778884,-0.378087,0.922488
0,0,-0.380525,0.49016,0.784184
0,0,-0.0463956,-0.758826,0.649639
0,0,0.338927,0.303518,0.890509
0,0,0.625561,-0.770177,0.124504
0,0,0.32384,0.932949,0.157268
0,0,-0.501116,0.849502,0.165011
0,0,0.80159,0.251869,0.542232
0,0,-0.621346,0.579547,0.527309
0,0,-0.426408,-0.520393,0.739843
0,0,-0.599239,-0.192117,0.777177
0,0,-0.612151,0.269222,0.743499
0,0,-0.152726,-0.988236,0.0080628
0,0,0.806287,-0.544435,0.231282
0,0,-0.508761,-0.383727,0.770659
0,0,-0.531,-0.325108,0.782524
0,0,0.9224,-0.262856,0.282993
0,0,-0.36756,0.323371,0.871969
0,0,-0.584797,-0.731463,0.350675
0,0,-0.986092,0.044418,0.160158
0,0,0.226906,0.785151,0.576239
0,0,0.623931,0.759372,0.184565
0,0,0.0391403,-0.789284,0.612779
0,0,0.8387,0.502365,0.210265
0,0,0.603047,0.314714,0.733
0,0,0.657732,-0.701257,0.275006
0,0,0.695021,-0.685799,0.215932
18.1609,26.4637,0.0896729,-0.3071,-0.947443
0,0,0.995618,0.0863208,0.035972
0,0,-0.341507,-0.0611948,0.937885
0,0,0.541606,0.701955,0.462517
0,0,0.867869,0.308489,0.389408
0,0,0.164623,0.984107,0.066577
0,0,0.601232,-0.578579,0.551149
0,0,-0.211612,-0.896803,0.388543
0,0,-0.13356,-0.627368,0.767184
0,0,0.7109,-0.181429,0.679489
0,0,0.528436,-0.617641,0.582474
0,0,0.517113,0.511121,0.686549
0,0,-0.959938,0.277962,0.0354458
0,0,0.70176,0.466061,0.538814
0,0,-0.380754,-0.636933,0.67033
0,0,0.132835,0.815532,0.56326
0,0,-0.410632,-0.0116028,0.911728
0,0,-0.876387,-0.183121,0.445436
0,0,0.586687,-0.585815,0.559124
0,0,0.867843,0.313392,0.385532
0,0,0.0430387,0.719063,0.693611
0,0,-0.931874,0.109937,0.345724
0,0,0.741314,-0.61476,0.269302
0,0,-0.0234013,-0.261388,0.96495
0,0,0.519559,0.526953,0.672592
0,0,0.173453,-0.926197,0.334773
7.37404,11.0859,-0.343331,-0.826613,0.445909
0,0,-0.780296,-0.618981,0.0894433
0,0,-0.579034,-0.0409851,0.814273
0,0,0.899207,0.120067,0.420727
0,0,0.578627,0.244854,0.77797
0,0,-0.87108,-0.463516,0.1624
0,0,0.97206,0.233844,0.0204208
0,0,0.201956,-0.919014,0.338565
0,0,0.535176,-0.172563,0.826927
0,0,-0.979811,0.188319,0.0671347
0,0,0.130279,0.435633,0.890647
0,0,-0.143505,-0.417645,0.897206
0,0,-0.806157,0.567253,0.168329
0,0,-0.243939,-0.958345,0.148558
0,0,-0.693813,-0.0584587,0.717779
0,0,-0.307558,0.931962,0.191978
0,0,0.395134,-0.677583,0.620283
0,0,0.391872,0.36967,0.842485
0,0,-0.697764,-0.414716,0.584068
0,0,0.479531,-0.62336,0.617635
0,0,0.241847,-0.0678094,0.967942
0,0,0.486557,-0.604603,0.630649
0,0,-0.697317,-0.134721,0.703988
0,0,0.316584,0.8909,0.325688
0,0,-0.33652,-0.87289,0.353294
0,0,-0.340957,0.174195,0.923799
0,0,0.0336487,0.311866,0.94953
0,0,0.692895,0.715274,0.0909899
0,0,-0.746798,-0.429377,0.507866
0,0,-0.862688,-0.287183,0.416287
0,0,-0.464708,-0.463234,0.754627
0,0,-0.704663,-0.00890353,0.709486
0,0,0.620378,-0.776278,0.111907
0,0,0.94004,-0.33158,0.0798689
0,0,-0.535832,-0.622637,0.570269
0,0,0.0964804,0.294675,0.950714
0,0,-0.522907,0.111643,0.845047
0,0,0.178444,-0.980429,0.0831698
0,0,-0.419752,-0.249896,0.872559
0,0,0.5173,0.845215,0.134207
0,0,-0.110064,-0.901308,0.418963
0,0,0.253813,-0.966507,0.037983
0,0,0.057036,0.336741,0.939868
0,0,-0.66771,-0.619417,0.412899
0,0,0.473246,-0.62086,0.624957
0,0,-0.0988631,0.854961,0.509183
0,0,-0.438222,0.569205,0.695677
0,0,-0.0155174,0.734935,0.677961
0,0,0.489963,0.414693,0.766789
0,0,-0.197728,-0.980242,0.0053412
0,0,0.709965,-0.680364,0.181808
0,0,0.423555,-0.0848259,0.90189
0,0,-0.849206,-0.453208,0.271019
0,0,-0.643183,-0.765634,0.010925
0,0,-0.661877,-0.21172,0.719092
0,0,-0.660951,0.454385,0.597225
0,0,-0.237481,-0.852598,0.465488
0,0,0.527872,0.711427,0.463921
0,0,-0.622319,-0.542667,0.56412
0,0,-0.995687,-0.0784295,0.0495583
0,0,0.693309,-0.435772,0.573956
0,0,0.171901,-0.467225,0.867266
0,0,-0.490087,0.518123,0.700973
0,0,-0.358923,-0.271884,0.892891
0,0,-0.821379,-0.437765,0.365647
0,0,0.351441,-0.915667,0.195045
0,0,-0.0410157,0.976452,0.2118
0,0,0.134614,0.269466,0.953555
0,0,0.303183,-0.930146,0.207144
0,0,-0.419551,-0.86592,0.272321
0,0,-0.972277,0.169725,0.160844
0,0,-0.952959,0.243436,0.180575
0,0,0.218762,-0.421448,0.880071
0,0,0.0189539,-0.995224,0.0957646
0,0,0.412707,-0.858246,0.305102
0,0,0.962745,0.0872091,0.255963
0,0,-0.814373,0.576417,0.0673807
0,0,-0.511763,-0.762896,0.395081
0,0,-0.873087,-0.347691,0.341804
0,0,-0.978329,0.206816,0.00994408
12.6742,18.5538,-0.00681472,0.904166,-0.427127
0,0,0.402296,0.328018,0.854729
0,0,-0.839726,-0.270739,0.470703
0,0,0.721608,0.650516,0.236877
0,0,-0.415612,-0.771831,0.481191
0,0,-0.865531,-0.449853,0.220199
0,0,-0.662229,0.557853,0.500253
0,0,-0.0545374,0.710365,0.701717
0,0,0.730446,0.55397,0.399457
0,0,-0.474261,-0.558996,0.680147
0,0,-0.46767,-0.173681,0.866672
0,0,0.638663,-0.505195,0.580421
0,0,-0.53766,0.726576,0.427796
0,0,-0.646563,-0.25148,0.720218
0,0,0.155667,0.466236,0.870857
0,0,-0.622199,-0.166105,0.765035
0,0,0.164558,-0.686885,0.707891
0,0,-0.404529,0.912194,0.0652627
0,0,-0.253721,0.894792,0.367387
0,0,-0.668913,0.0577069,0.741097
0,0,0.561082,-0.218965,0.798274
0,0,-0.677755,-0.031521,0.734611
0,0,0.64349,0.75131,0.146471
0,0,-0.604839,-0.0245263,0.79597
0,0,-0.375902,-0.763359,0.525339
0,0,0.249857,-0.804736,0.538491
0,0,0.392759,0.852483,0.344983
0,0,0.879064,0.376943,0.291822
0,0,0.69239,-0.117904,0.711825
0,0,0.440278,0.0149913,0.897736
0,0,-0.755999,-0.601684,0.257761
0,0,0.652901,0.47849,0.587169
0,0,0.760612,-0.644563,0.07751
0,0,-0.18329,0.126289,0.974913
0,0,0.872896,0.326004,0.363008
0,0,0.174834,0.712723,0.679307
0,0,0.8222,0.456448,0.340062
0,0,0.93437,0.239871,0.263468
0,0,0.657032,-0.753862,0.00130823
0,0,-0.0336265,-0.453737,0.890501
0,0,-0.137535,0.792334,0.594383
0,0,-0.99607,0.0862655,0.0200697
0,0,0.436491,-0.757771,0.485034
0,0,-0.992761,-0.00517101,0.119992
0,0,0.787824,-0.190085,0.585833
0,0,-0.84711,0.511831,0.142945
0,0,-0.176641,0.604648,0.776659
0,0,-0.872835,-0.391442,0.291432
0,0,-0.803296,-0.350913,0.481223
0,0,-0.373265,0.822724,0.428718
0,0,-0.172898,0.414491,0.893478
0,0,0.890834,0.393305,0.227435
0,0,-0.634191,0.504184,0.586174
0,0,0.0455551,0.630202,0.775093
0,0,-0.675534,-0.235148,0.698827
0,0,-0.00859806,-0.665757,0.746119
0,0,0.375984,0.0838737,0.922822
0,0,0.0931955,0.995167,0.0309284
0,0,0.401116,-0.875717,0.268748
0,0,-0.51427,0.849167,0.120173
0,0,0.193174,0.21027,0.958369
0,0,0.815031,0.234764,0.529727
0,0,-0.36293,-0.919696,0.149804
0,0,0.54016,0.180669,0.82194
0,0,0.514019,-0.595473,0.617411
0,0,0.604468,0.0446316,0.795378
0,0,-0.917815,-0.109532,0.3816
0,0,-0.482257,0.150154,0.863065
0,0,0.130967,0.579587,0.804318
0,0,-0.497657,-0.86667,0.0349323
0,0,0.35472,0.846942,0.396059
0,0,0.299262,0.646139,0.702102
0,0,0.355249,-0.019697,0.934564
0,0,0.204812,-0.813776,0.543894
19.7691,28.5859,-0.611057,0.292862,0.73542
0,0,-0.986336,-0.145572,0.0771354
0,0,0.0580122,-0.969054,0.239937
0,0,-0.336691,0.864946,0.372167
0,0,0.524743,0.394144,0.754516
0,0,-0.571364,-0.755541,0.32047
0,0,-0.934425,0.340692,0.10382
0,0,0.625545,0.483759,0.612103
0,0,0.0456607,-0.455117,0.88926
0,0,-0.00592014,-0.460552,0.887613
0,0,0.431639,-0.716891,0.547499
0,0,-0.977472,-0.168785,0.126732
0,0,-0.140467,-0.945554,0.293592
0,0,0.542734,0.0571951,0.837955
0,0,0.930383,-0.276914,0.240219
0,0,0.40052,0.862633,0.308948
0,0,0.378005,-0.883595,0.276356
0,0,-0.574853,0.493987,0.652319
0,0,-0.267297,0.919261,0.288983
0,0,0.992396,0.0744762,0.0979961
0,0,-0.787763,-0.294935,0.54078
0,0,-0.363212,0.68991,0.62618
0,0,0.238511,0.878463,0.414024
0,0,-0.669908,0.548019,0.500897
0,0,-0.503556,-0.72041,0.476908
0,0,-0.795091,-0.581116,0.173594
0,0,-0.663735,-0.571125,0.482984
0,0,0.247591,0.885236,0.393772
0,0,-0.611947,0.760603,0.216804
0,0,-0.860309,0.142475,0.489459
0,0,-0.676124,-0.260392,0.689241
0,0,-0.63371,-0.697685,0.334138
0,0,-0.0463962,-0.887451,0.458562
0,0,-0.238028,-0.490316,0.838411
0,0,0.308828,-0.222733,0.92467
0,0,0.461192,-0.66719,0.584944
0,0,0.0672767,0.0338482,0.99716
0,0,0.302436,0.0412375,0.952277
0,0,-0.709586,-0.427454,0.560152
0,0,-0.642084,-0.146499,0.752507
0,0,0.469726,-0.0950664,0.877678
0,0,-0.0104945,0.220622,0.975303
0,0,0.406411,0.738713,0.537712
0,0,-0.606212,0.026308,0.794868
0,0,-0.91544,-0.375587,0.144582
0,0,-0.390635,-0.914769,0.102966
0,0,0.34396,0.872256,0.347651
0,0,-0.0245889,-0.744092,0.667625
0,0,-0.0234599,-0.783125,0.621422
0,0,-0.391182,-0.0639203,0.918091
0,0,-0.505546,-0.30828,0.805846
0,0,-0.984454,-0.0521136,0.167735
0,0,0.821782,0.0397677,0.568413
23.4873,34.0105,0.32724,-0.0694123,0.942388
0,0,-0.304378,0.952296,0.0220379
0,0,-0.138671,-0.96716,0.213006
0,0,-0.659057,0.57429,0.485628
22.6185,34.342,0.937016,0.342138,0.0702976
0,0,0.525423,0.79846,0.293926
0,0,0.151023,-0.9242,0.350779
0,0,-0.670518,-0.494144,0.553377
0,0,0.334994,0.924643,0.181149
0,0,0.483458,-0.874728,0.033463
0,0,-0.270854,0.930908,0.245046
0,0,-0.0701911,-0.733079,0.676512
0,0,0.526398,-0.253972,0.811421
0,0,-0.540498,0.813539,0.214515
0,0,0.504955,-0.539494,0.673771
0,0,0.18796,0.482858,0.855289
0,0,-0.973278,0.0123093,0.229299
0,0,-0.0452043,0.554197,0.831157
0,0,-0.787254,0.342526,0.512744
0,0,0.453455,-0.666748,0.591461
0,0,0.403698,-0.560567,0.723044
0,0,-0.792424,0.605958,0.0698456
0,0,0.285869,0.286983,0.914286
17.9402,27.5726,-0.584597,-0.0363909,0.810507
0,0,-0.517859,-0.625605,0.583473
0,0,0.692064,-0.406435,0.596538
0,0,-0.731908,-0.542195,0.412717
0,0,0.510084,0.160957,0.84493
0,0,0.557276,0.0113192,0.83025
0,0,0.220551,-0.95411,0.202561
0,0,0.698174,0.564226,0.440684
0,0,0.00989968,-0.885048,0.465394
0,0,-0.50386,0.709587,0.492556
0,0,-0.531867,0.84545,0.0482884
0,0,0.744503,-0.599261,0.294281
0,0,-0.661357,-0.737455,0.136993
0,0,0.792946,0.49318,0.357785
0,0,0.94198,0.0782975,0.326409
0,0,0.170896,-0.631788,0.756068
0,0,0.517991,0.727676,0.449636
0,0,-0.912193,0.38217,0.147816
0,0,-0.351471,-0.902978,0.24718
0,0,-0.29583,-0.64732,0.702468
0,0,-0.810984,0.021373,0.584678
0,0,-0.0786248,0.787305,0.61153
0,0,-0.667068,0.633966,0.391288
0,0,0.211527,-0.897626,0.386684
0,0,-0.213284,0.976549,0.0293621
0,0,-0.737065,-0.663737,0.12723
0,0,0.687904,-0.725722,0.010806
0,0,-0.608334,-0.413424,0.677503
0,0,-0.565682,-0.0904079,0.819653
0,0,-0.220087,-0.781336,0.584017
0,0,-0.224572,-0.42341,0.877663
0,0,0.986369,0.115916,0.116793
0,0,0.976815,0.150221,0.152531
0,0,-0.194154,-0.827566,0.526725
0,0,0.0194589,-0.978122,0.20712
0,0,-0.0478838,-0.381573,0.923098
0,0,0.854452,-0.349992,0.383949
0,0,-0.91841,-0.101358,0.382425
0,0,-0.846355,-0.530086,0.0518915
0,0,-0.25887,0.851353,0.456273
22.5867,33.2041,0.15204,-0.317652,0.935939
8.024,11.7016,0.163099,-0.533914,0.82966
12.0258,16.6521,0.0875241,0.0540343,0.994696
0,0,-0.174658,-0.249352,0.952533
0,0,-0.386505,-0.681336,0.621608
0,0,0.977177,-0.190554,0.093883
0,0,0.493333,-0.553784,0.67078
0,0,0.0459826,-0.988868,0.141515
0,0,-0.198019,0.957301,0.210628
0,0,0.955071,0.212185,0.206921
0,0,-0.740743,0.492885,0.456469
0,0,0.589335,-0.791898,0.159945
15.4421,22.1987,-0.20061,-0.526386,0.826241
0,0,-0.0243177,-0.593531,0.804443
0,0,0.082966,0.906327,0.414353
0,0,-0.505262,0.584488,0.634889
0,0,-0.518333,-0.847885,0.111455
0,0,-0.733189,0.445015,0.514194
0,0,0.581195,0.205414,0.787412
0,0,-0.510355,-0.472546,0.718497
0,0,0.722189,-0.0765959,0.687442
0,0,-0.80702,0.287033,0.516073
0,0,0.537017,0.384493,0.750851
0,0,0.92979,0.352164,0.1071
0,0,-0.0922951,0.305792,0.947614
0,0,-0.920818,0.312409,0.233439
0,0,0.658113,0.696851,0.285107
0,0,-0.338638,-0.720492,0.605157
0,0,0.212966,0.388171,0.896643
0,0,0.744551,-0.342884,0.572778
0,0,-0.541188,0.485068,0.686895
0,0,-0.745327,0.476237,0.466569
0,0,0.299591,-0.821239,0.485605
0,0,0.131548,0.855487,0.500837
0,0,0.131388,-0.970246,0.203372
0,0,-0.649869,-0.655941,0.383944
0,0,0.261751,0.3644,0.8937
0,0,0.940391,-0.33622,0.0511941
0,0,-0.0338754,0.99607,0.0818314
0,0,0.607046,0.725862,0.32345
0,0,-0.267103,0.578907,0.770404
0,0,-0.533292,-0.450045,0.716281
0,0,0.261902,0.759694,0.595207
0,0,-0.020558,-0.864206,0.502718
0,0,-0.919981,-0.140076,0.366078
0,0,-0.99465,0.0225224,0.100815
0,0,-0.667259,0.668625,0.328186
0,0,-0.190531,0.346942,0.91833
0,0,-0.508959,-0.811678,0.286599
0,0,0.209622,-0.512174,0.832908
0,0,-0.000733336,0.89022,0.45553
0,0,0.352241,-0.926605,0.131645
0,0,0.927677,0.157443,0.338567
0,0,0.559008,0.490567,0.668471
0,0,0.525217,0.827862,0.196956
0,0,0.494463,0.159771,0.854388
0,0,0.743069,0.393516,0.541289
0,0,0.0131349,-0.596607,0.802426
0,0,0.869026,0.0907069,0.486381
0,0,0.418436,0.596428,0.684971
0,0,0.942223,-0.0223768,0.334237
0,0,-0.993159,0.112911,0.0297713
0,0,0.726904,-0.358612,0.585669
0,0,-0.781904,0.598758,0.173537
0,0,-0.714417,-0.694694,0.0837125
0,0,0.171764,0.717482,0.675069
0,0,0.830916,-0.367716,0.41757
0,0,-0.65315,-0.526509,0.544227
0,0,0.90891,0.400543,0.115966
0,0,-0.498131,0.646252,0.57812
0,0,0.833972,0.446355,0.324434
0,0,0.951323,-0.269848,0.148884
0,0,-0.566979,0.69478,0.44251
0,0,-0.811052,0.553681,0.188765
0,0,-0.712221,0.299563,0.634826
0,0,-0.0263736,0.627083,0.778506
0,0,-0.057976,-0.86826,0.492711
0,0,-0.798258,-0.129507,0.588228
0,0,0.522286,-0.540118,0.659917
0,0,-0.760583,0.538425,0.362784
0,0,-0.751895,0.201866,0.627617
8.00214,10.8227,0.0967571,-0.390978,0.9153
0,0,-0.400811,-0.433567,0.807075
0,0,0.0357788,0.93571,0.350951
0,0,-0.880326,-0.152001,0.449358
0,0,-0.738276,-0.615571,0.275718
1.55076,2.17453,-0.0225737,-0.0448654,0.998738
0,0,0.774677,-0.21929,0.593117
0,0,-0.483264,0.832266,0.27164
0,0,-0.519448,0.847672,0.107819
0,0,0.419736,-0.541448,0.728461
0,0,-0.937911,0.319942,0.134016
0,0,0.305811,-0.951957,0.016053
0,0,0.621059,-0.397987,0.675198
0,0,0.697504,0.341443,0.630004
0,0,0.473555,-0.55782,0.681603
0,0,0.709857,-0.00139825,0.704345
0,0,0.838739,-0.544191,0.0193315
0,0,-0.0167139,0.986365,0.163723
0,0,0.625694,0.225785,0.746678
0,0,-0.967586,0.247619,0.0496183
0,0,-0.113993,-0.843409,0.525039
0,0,0.0651993,0.993641,0.0917947
0,0,-0.131188,0.991354,0.0025557
0,0,0.0889726,-0.814813,0.572856
0,0,-0.84187,0.103064,0.529748
0,0,-0.78202,-0.617694,0.0830631
0,0,-0.510224,-0.143947,0.84791
0,0,-0.840437,0.374251,0.39192
0,0,0.421539,0.721669,0.549088
0,0,-0.875161,0.477412,0.0785583
0,0,-0.680891,0.137872,0.719291
0,0,-0.582043,0.469966,0.663595
0,0,0.189318,-0.85774,0.477955
0,0,-0.985655,0.162661,0.0449964
0,0,0.972628,-0.136508,0.188045
0,0,0.15805,-0.91517,0.370787
23.9154,33.924,-0.316608,-0.240419,0.917583
0,0,-0.325912,-0.302185,0.895805
0,0,-0.781411,-0.570996,0.251715
0,0,-0.829937,0.426946,0.359056
0,0,0.246054,0.596183,0.764214
0,0,-0.2521,0.873072,0.417362
0,0,0.510322,-0.859654,0.023783
0,0,0.389051,0.759922,0.520729
0,0,0.0139569,-0.874102,0.485542
0,0,0.435813,0.831257,0.345077
0,0,-0.446978,0.459914,0.767261
0,0,0.386466,0.877913,0.282689
0,0,0.689243,-0.162336,0.70611
0,0,-0.553949,-0.821985,0.132214
0,0,-0.576969,-0.802518,0.15189
0,0,-0.893562,0.38822,0.225461
0,0,0.739588,-0.606168,0.292524
0,0,0.3041,-0.586384,0.750785
21.4129,33.2786,-0.00235553,0.963273,0.268515
0,0,0.788519,-0.134438,0.600137
0,0,0.729077,-0.345301,0.590943
0,0,0.0947457,-0.724441,0.682794
0,0,0.576204,0.622163,0.530002
0,0,0.868413,0.139568,0.475795
0,0,0.494992,0.851117,0.174881
0,0,-0.480119,0.222675,0.84847
0,0,-0.168407,0.111428,0.979399
0,0,0.817411,0.404589,0.410058
0,0,-0.389408,0.788861,0.475457
0,0,-0.0214671,-0.893043,0.449459
0,0,-0.979442,0.124989,0.158341
0,0,0.352768,0.848437,0.394599
0,0,-0.951879,0.28475,0.113328
0,0,0.138013,0.517557,0.844445
0,0,0.552382,-0.720186,0.41977
0,0,0.741527,0.628962,0.233546
0,0,0.426737,-0.519888,0.740008
0,0,-0.314102,-0.924835,0.214525
2.75711,4.1657,0.150958,0.146786,0.977581
0,0,0.719627,-0.0340177,0.693527
0,0,-0.406581,0.407565,0.817669
0,0,-0.983252,-0.0180819,0.181351
0,0,-0.108027,0.983166,0.147358
0,0,0.0681907,0.94205,0.328469
0,0,-0.0220739,0.904418,0.426076
0,0,0.372298,0.547746,0.749246
0,0,-0.324963,0.839215,0.436024
0,0,-0.791792,-0.547161,0.271442
0,0,-0.539416,-0.475159,0.695165
0,0,0.538435,-0.549269,0.639055
0,0,-0.681309,0.555611,0.476566
0,0,-0.164072,-0.956102,0.242793
0,0,0.335864,0.618728,0.710191
0,0,-0.927157,0.149133,0.343714
0,0,0.792544,-0.0472337,0.607983
0,0,-0.203994,0.13453,0.969685
0,0,-0.619372,0.432254,0.655389
0,0,0.542569,-0.448623,0.71018
0,0,0.0431505,-0.673633,0.737805
0,0,0.945143,-0.120533,0.303605
0,0,-0.455237,0.884701,0.100318
0,0,0.849433,-0.220277,0.479523
0,0,-0.4784,-0.0937376,0.873124
0,0,0.318114,0.874748,0.36554
0,0,-0.833356,-0.493213,0.249517
0,0,-0.680519,0.474048,0.558725
0,0,-0.631397,-0.768875,0.100837
0,0,0.129687,-0.0855532,0.987857
0,0,0.53427,-0.139495,0.833724
0,0,0.17373,-0.767129,0.61752
0,0,-0.947682,-0.00304996,0.319201
0,0,0.244072,0.881165,0.40494
0,0,0.95684,-0.136296,0.256673
0,0,0.121651,0.655842,0.745032
0,0,-0.763354,0.108505,0.636802
0,0,0.308183,0.772752,0.554867
0,0,0.0794879,0.578602,0.811727
0,0,0.0412824,0.0993241,0.994198
0,0,0.95986,-0.0496419,0.276051
0,0,-0.383414,-0.723654,0.573862
0,0,-0.694351,0.496818,0.520622
0,0,-0.213089,-0.926695,0.309563
0,0,-0.0795567,-0.44755,0.890713
0,0,-0.992398,0.108285,0.0584827
0,0,0.579945,-0.724124,0.37324
0,0,-0.463874,0.386264,0.797259
0,0,-0.318272,0.876287,0.361695
0,0,0.481177,0.0476048,0.87533
0,0,0.642489,-0.763653,0.0635753
0,0,-0.450559,-0.832089,0.323457
0,0,0.0344789,-0.382214,0.92343
0,0,-0.835813,0.158518,0.525632
0,0,-0.772792,-0.60987,0.175645
3.7789,5.52976,-0.355445,-0.229072,0.906192
0,0,0.214578,0.186641,0.958708
0,0,0.589515,-0.658004,0.468511
0,0,0.18098,0.316503,0.931167
0,0,0.582688,0.787567,0.200532
0,0,0.0875253,0.874182,0.477645
0,0,-0.76613,-0.544949,0.340698
0,0,-0.53574,0.743814,0.399654
0,0,0.355766,-0.887486,0.292916
0,0,-0.0416326,0.995377,0.0865562
0,0,-0.598078,0.0344363,0.800698
0,0,-0.656091,-0.0841755,0.749973
0,0,0.809188,0.312547,0.497523
0,0,-0.081001,-0.625474,0.776029
0,0,-0.121629,0.647664,0.752155
0,0,-0.485755,0.135334,0.863555
0,0,-0.221582,-0.741097,0.633779
0,0,0.701522,-0.60136,0.382404
0,0,-0.748043,0.0651846,0.660441
0,0,0.338038,0.466682,0.817275
18.247,26.7278,-0.0621484,-0.0252837,-0.997747
14.5185,22.6157,-0.216273,-0.26988,0.938292
0,0,-0.124323,-0.947209,0.295532
0,0,0.548837,-0.395425,0.736489
0,0,-0.797108,0.489109,0.354107
0,0,0.70001,-0.686905,0.195314
0,0,-0.841232,0.406586,0.356394
0,0,0.984967,-0.170781,0.0259655
0,0,-0.930437,0.157107,0.331064
0,0,-0.617705,0.364668,0.696748
0,0,-0.792693,-0.609486,0.0128011
0,0,0.131538,0.573224,0.808772
0,0,-0.388611,0.67616,0.62593
0,0,0.675526,0.622347,0.39541
0,0,-0.759279,-0.0780897,0.646063
0,0,0.708028,0.695606,0.121772
0,0,0.90648,0.40289,0.126383
0,0,0.956705,-0.266537,0.116937
0,0,-0.564101,-0.623956,0.540804
0,0,-0.405457,-0.86028,0.309069
0,0,-0.495646,0.828985,0.259072
0,0,0.939323,0.117864,0.32215
0,0,0.737815,-0.261713,0.622202
0,0,-0.776126,-0.0794841,0.625548
0,0,0.858632,-0.512198,0.0201224
0,0,0.579539,0.794158,0.182889
0,0,0.357355,0.872416,0.333449
0,0,0.485635,0.00269831,0.874158
0,0,0.812435,0.50186,0.296791
0,0,0.967308,-0.11873,0.224094
0,0,0.598324,-0.800348,0.0380893
0,0,-0.128965,0.984837,0.116032
0,0,0.918774,0.160427,0.360718
0,0,-0.0999251,0.767862,0.632774
0,0,0.854003,-0.166567,0.492885
0,0,0.147933,-0.988414,0.0339586
0,0,0.00843254,0.997249,0.0736427
0,0,0.770009,0.435763,0.466043
0,0,-0.475574,0.48924,0.731077
0,0,0.570839,-0.452159,0.685343
0,0,-0.81935,0.17419,0.54619
0,0,0.850988,-0.469804,0.234741
0,0,-0.407889,-0.335929,0.848986
0,0,0.0699976,0.44677,0.891906
0,0,0.0535139,0.566874,0.822064
0,0,0.632204,0.652559,0.417714
0,0,-0.390351,0.192746,0.900264
0,0,0.4517,0.884279,0.118395
0,0,0.786409,0.605092,0.124197
0,0,0.311435,-0.0656964,0.947994
0,0,-0.296358,-0.367705,0.881456
0,0,-0.577177,-0.28316,0.765955
0,0,-0.860257,-0.302147,0.410689
0,0,-0.341732,0.534795,0.772796
0,0,-0.598754,-0.331172,0.729259
0,0,0.506883,-0.123229,0.853161
0,0,0.992034,-0.0742804,0.101737
0,0,-0.790357,0.0236206,0.61219
0,0,0.0111546,0.759675,0.650207
0,0,-0.580113,-0.187167,0.79274
0,0,-0.0103572,-0.888278,0.45919
0,0,-0.494183,0.633794,0.595054
0,0,0.0041936,0.400238,0.916402
0,0,0.0666874,-0.895098,0.440854
0,0,0.835929,-0.273892,0.475611
0,0,0.761017,0.462444,0.454971
21.0477,31.3249,0.891875,0.290672,0.346508
0,0,-0.203568,0.92058,0.333306
0,0,0.892164,-0.366954,0.263418
0,0,-0.189892,-0.599427,0.777578
0,0,0.316394,0.932889,0.172086
0,0,0.932447,0.054649,0.357151
0,0,0.00542228,-0.987715,0.156171
0,0,0.0585274,0.9128,0.404192
0,0,-0.81166,-0.175023,0.557293
0,0,-0.386275,0.839838,0.381396
0,0,0.555931,0.0687646,0.828379
1.05264,1.63078,-0.155487,0.380481,0.911624
0,0,0.793756,-0.558246,0.241481
0,0,0.676214,0.664666,0.317732
0,0,-0.429025,-0.694204,0.577943
0,0,-0.339582,-0.622115,0.705448
0,0,-0.422818,0.246719,0.871983
0,0,0.917502,-0.337944,0.209723
0,0,-0.695633,-0.278569,0.662189
0,0,-0.965438,0.21631,0.145396
0,0,-0.38987,0.903788,0.176547
0,0,-0.0258124,-0.98921,0.144215
0,0,-0.883899,-0.0106914,0.467555
0,0,0.924419,0.0893429,0.370767
0,0,-0.381025,-0.349334,0.856029
9.46607,13.9824,-0.167806,-0.980186,-0.105243
0,0,0.901019,0.430093,0.056437
5.94374,8.01081,0.229052,-0.235676,0.944453
0,0,-0.604742,0.325403,0.726911
0,0,-0.469091,0.0867094,0.878883
0,0,-0.828247,0.542904,0.138788
0,0,0.343813,-0.234646,0.909249
0,0,-0.484894,0.240168,0.84095
0,0,-0.352125,0.820518,0.450286
0,0,0.933304,0.351876,0.0716056
2.19097,3.04739,-0.317943,-0.0707046,0.94547
0,0,-0.0524878,-0.957021,0.285229
0,0,0.730928,-0.632397,0.256552
0,0,-0.494953,0.708256,0.503383
4.93024,6.93892,0.0940961,-0.11826,0.988514
0,0,-0.279437,0.953754,0.110761
0,0,0.211539,-0.941618,0.261928
0,0,0.250983,0.850814,0.461652
0,0,-0.675751,0.068599,0.733931
0,0,-0.151857,0.984492,0.0878323
12.337,18.7562,-0.701596,-0.122942,0.70189
0,0,-0.409453,-0.770013,0.489315
0,0,-0.0784612,0.820676,0.565981
0,0,0.733384,0.40594,0.545308
0,0,-0.473645,0.309759,0.824445
0,0,-0.213309,-0.674858,0.706446
0,0,-0.716899,0.45041,0.532152
0,0,0.398078,0.376847,0.836373
0,0,0.891947,0.372977,0.255573
0,0,-0.0879531,-0.746983,0.659
0,0,-0.0210056,0.700993,0.712859
0,0,-0.900235,-0.370613,0.228525
0,0,-0.55025,-0.232995,0.801834
0,0,0.475085,0.870058,0.131503
0,0,0.784066,0.451503,0.425894
0,0,0.89817,0.26583,0.350177
0,0,0.34181,0.932076,0.119998
0,0,-0.544891,0.151963,0.824622
0,0,0.676162,0.480516,0.558488
22.5125,31.1074,0.15748,0.875588,0.456668
0,0,-0.963421,-0.261001,0.0608235
0,0,-0.205085,-0.850573,0.484216
0,0,-0.146135,0.787662,0.598525
0,0,0.694576,0.485499,0.530899
0,0,0.688494,0.707351,0.160097
0,0,0.949069,-0.228853,0.21655
0,0,-0.89977,0.275259,0.338594
0,0,0.463815,-0.618777,0.634027
0,0,0.590502,-0.223765,0.775395
0,0,-0.118399,-0.990164,0.0745416
0,0,0.298336,-0.789283,0.536682
0,0,-0.429871,0.238147,0.870917
0,0,-0.557418,0.250622,0.791501
0,0,-0.464181,0.00429939,0.88573
0,0,0.138595,0.601034,0.787114
0,0,0.974704,-0.137526,0.176179
0,0,0.53564,0.333584,0.775765
0,0,0.899912,0.087243,0.427256
0,0,0.266742,0.707901,0.654007
0,0,-0.303841,-0.391599,0.868522
0,0,-0.285097,0.949013,0.134514
0,0,-0.829896,0.538596,0.145557
0,0,-0.598213,-0.071375,0.798152
0,0,-0.523712,0.851717,0.0174649
0,0,-0.654559,-0.243721,0.715649
0,0,0.36292,-0.29844,0.882736
0,0,-0.361323,-0.633636,0.684069
0,0,0.384784,-0.868606,0.312194
0,0,0.681694,0.618138,0.391405
0,0,0.364782,0.0947792,0.926257
17.5754,25.9577,0.20568,0.855448,0.475295
0,0,0.958432,0.0799227,0.273899
0,0,-0.726748,0.323697,0.605853
0,0,-0.252359,-0.929444,0.269164
0,0,0.857043,0.514115,0.0340849
0,0,0.734192,0.611974,0.294023
0,0,-0.428532,-0.0348112,0.902856
0,0,0.89448,0.384731,0.227789
0,0,-0.528331,-0.486121,0.696098
0,0,0.604189,-0.344216,0.718659
0,0,0.560186,-0.570854,0.600264
0,0,0.811953,0.49751,0.305313
0,0,0.0375777,0.362866,0.931083
0,0,0.529175,-0.0304402,0.847967
0,0,-0.521006,-0.439478,0.731719
0,0,-0.939007,0.326857,0.106916
0,0,-0.283373,-0.955861,0.0776536
0,0,-0.585871,-0.468296,0.661403
0,0,-0.928423,0.369096,0.0424146
0,0,0.0980856,-0.960063,0.262028
0,0,-0.796185,0.103643,0.59611
0,0,0.837051,-0.0436063,0.545384
0,0,-0.735901,0.413859,0.535883
0,0,-0.607169,0.794055,0.0286678
0,0,0.239204,-0.675772,0.697219
0,0,-0.46345,0.851197,0.246328
0,0,-0.0656038,0.883068,0.464636
0,0,0.944739,-0.325014,0.0428383
0,0,0.171215,0.97356,0.151219
0,0,0.94102,0.315713,0.121683
0,0,0.855015,-0.458337,0.242646
0,0,-0.39052,0.914282,0.107623
0,0,-0.559179,0.751809,0.349432
0,0,-0.168684,-0.668638,0.724202
0,0,-0.685893,-0.419435,0.594664
0,0,-0.150048,0.859887,0.487934
0,0,0.301829,-0.775461,0.55458
0,0,0.125012,0.782543,0.609917
0,0,-0.135252,0.981426,0.136048
0,0,-0.0346619,-0.189724,0.981225
0,0,0.607428,-0.331574,0.721865
0,0,-0.419556,0.0142175,0.907618
0,0,0.480968,-0.457178,0.748103
0,0,0.206205,0.744693,0.634753
0,0,0.70195,0.619564,0.351291
0,0,-0.499033,0.530129,0.685514
0,0,0.849257,-0.102995,0.517836
0,0,-0.421565,0.18997,0.886676
0,0,0.266777,0.805921,0.528509
0,0,0.573386,0.167109,0.802062
0,0,0.19952,-0.453123,0.868833
0,0,-0.338566,0.222655,0.91422
0,0,-0.890937,-0.308401,0.333346
0,0,-0.0462444,0.982452,0.180692
0,0,-0.671157,-0.723628,0.160967
0,0,-0.280793,0.830763,0.480612
0,0,0.0947426,0.599604,0.794669
0,0,0.976859,-0.0719339,0.201426
0,0,-0.461521,-0.730051,0.504009
0,0,-0.296504,-0.836681,0.46049
0,0,-0.14494,0.451901,0.880215
0,0,0.710816,0.0810419,0.698693
0,0,0.854246,-0.475053,0.211161
0,0,0.0107143,0.788032,0.615541
0,0,0.569352,-0.650076,0.503229
0,0,-0.458288,-0.780843,0.424567
0,0,-0.254252,0.505674,0.824409
17.1981,25.0555,-0.402696,-0.191232,0.895135
0,0,-0.856894,-0.405509,0.31827
0,0,0.507916,0.63028,0.587169
0,0,-0.325942,-0.294566,0.898328
0,0,-0.879576,-0.436652,0.188897
0,0,0.794255,0.223654,0.564923
0,0,-0.941766,-0.243945,0.231448
0,0,-0.246938,-0.541707,0.803477
0,0,0.671774,0.191088,0.715685
0,0,0.842531,0.0699558,0.534086
0,0,0.597158,-0.678543,0.427764
0,0,-0.45254,-0.328427,0.829061
0,0,0.263878,0.15875,0.951403
0,0,-0.640555,-0.136273,0.755724
0,0,-0.991964,0.123584,0.0271119
0,0,0.837494,-0.307577,0.451664
0,0,-0.445086,-0.525844,0.724835
0,0,-0.304909,0.560505,0.769977
0,0,0.257529,-0.600864,0.756731
0,0,0.671774,0.532154,0.515297
0,0,-0.941793,0.319939,0.103272
0,0,0.914269,0.0909477,0.394766
0,0,0.996621,-0.0820198,0.0044842
0,0,-0.0917818,-0.117894,0.988776
0,0,0.864001,-0.431427,0.259562
0,0,0.453982,0.512272,0.729025
0,0,0.224122,-0.732584,0.642721
0,0,0.370216,0.928024,0.0413721
0,0,-0.51947,0.11432,0.846807
0,0,-0.891289,0.293229,0.345863
0,0,-0.946775,0.193038,0.257592
1.62589,2.15847,-0.515642,0.177065,0.838309
0,0,0.333894,-0.43195,0.837815
0,0,0.45522,0.110886,0.883447
0,0,0.112518,-0.971311,0.209509
0,0,0.491828,-0.537363,0.685089
0,0,-0.246793,0.635432,0.731656
14.0246,19.779,-0.04385,-0.951322,0.305062
0,0,-0.878817,0.441651,0.180626
0,0,0.952661,0.262344,0.153667
0,0,0.734713,0.144475,0.662815
0,0,0.463744,0.709266,0.530927
0,0,0.966444,-0.252335,0.0480892
0,0,-0.634418,0.472457,0.611799
0,0,-0.258415,0.73989,0.621116
0,0,-0.869662,0.411682,0.272406
0,0,-0.931047,-0.222657,0.289096
0,0,0.0307344,-0.927655,0.372171
0,0,0.0968161,0.904478,0.415387
0,0,-0.871784,0.361115,0.331042
0,0,0.637077,0.562878,0.526594
0,0,-0.976479,0.0774662,0.201215
0,0,-0.493822,-0.842856,0.213852
0,0,-0.11095,-0.152082,0.982121
0,0,-0.316883,-0.539884,0.779814
0,0,-0.160808,-0.746229,0.645974
0,0,-0.462418,0.342626,0.817788
0,0,0.744412,-0.657901,0.114093
0,0,-0.601059,-0.612242,0.5137
0,0,0.275873,0.154183,0.948747
0,0,0.150446,-0.0211048,0.988393
0,0,-0.669416,-0.296887,0.680985
0,0,-0.0044502,0.999415,0.0339019
0,0,-0.713496,0.296455,0.634853
0,0,-0.7729,-0.319389,0.548285
0,0,0.601977,-0.551198,0.577759
0,0,-0.555271,-0.642131,0.528528
0,0,0.743886,0.635905,0.205568
0,0,-0.763852,-0.641848,-0.0675325
0,0,0.76304,-0.0448244,0.644795
23.2992,33.8595,-0.100201,-0.0220926,0.994722
0,0,-0.237547,-0.167827,0.956768
0,0,0.128294,-0.409749,0.903131
0,0,-0.72131,-0.692343,0.0193299
0,0,-0.436082,0.359988,0.824768
0,0,-0.675949,-0.420473,0.605223
0,0,0.310219,-0.323659,0.893873
0,0,0.279868,-0.382056,0.880742
0,0,-0.505076,0.459839,0.730374
0,0,0.150404,-0.169204,0.974037
0,0,-0.102736,-0.749072,0.654475
0,0,0.0661788,-0.964944,0.253974
0,0,-0.383763,-0.590124,0.710267
0,0,-0.511664,0.307102,0.802426
0,0,0.622857,0.75602,0.201202
0,0,-0.538057,0.0860705,0.838502
0,0,0.936602,0.327026,0.125821
0,0,0.132514,-0.97818,0.160014
0,0,-0.944672,-0.0906263,0.315247
0,0,0.76547,0.251006,0.592496
0,0,-0.745525,-0.0800012,0.661659
0,0,0.967937,0.231738,0.0969317
0,0,-0.674975,0.726964,0.126222
0,0,-0.148439,0.970841,0.188236
0,0,-0.614424,0.665557,0.423695
0,0,-0.749195,0.541452,0.381493
22.4082,32.9395,-0.113767,0.0787689,0.99038
0,0,0.319891,-0.942119,0.100411
0,0,0.0731094,0.970566,0.229471
0,0,-0.104308,-0.662611,0.741665
0,0,-0.499982,0.856254,0.129799
0,0,0.0822491,0.844132,0.529789
0,0,-0.958892,-0.270665,0.0852456
0,0,0.0407324,0.939455,0.340244
0,0,0.325033,-0.519983,0.789918
0,0,-0.3634,-0.38972,0.846203
0,0,-0.20976,0.366256,0.906563
0,0,0.183055,0.949965,0.253098
0,0,0.500342,0.838297,0.2166
0,0,-0.635588,-0.328408,0.698696
0,0,0.489109,-0.072387,0.869214
0,0,-0.609244,-0.412871,0.677022
0,0,-0.0883748,-0.87284,0.479939
0,0,-0.169171,0.782878,0.598735
17.6082,24.4213,-0.292707,0.123669,0.948171
0,0,-0.742893,-0.668011,0.0432594
18.9253,27.347,-0.0534553,0.520454,-0.852215
0,0,-0.968132,0.0606393,0.24299
0,0,0.0626211,0.667459,0.742008
0,0,-0.638962,0.641738,0.424146
0,0,0.256797,-0.326591,0.909612
0,0,-0.927036,-0.212088,0.309231
0,0,-0.408905,0.695432,0.590907
0,0,-0.584608,0.542798,0.602996
0,0,-0.548883,0.185868,0.814973
0,0,0.496474,0.513882,0.699599
0,0,-0.739059,0.158144,0.654814
0,0,-0.526749,-0.826191,0.199859
0,0,-0.751944,-0.241777,0.61329
0,0,-0.263387,0.728065,0.632889
0,0,-0.512521,0.776531,0.366499
0,0,0.566694,0.82332,0.0316505
0,0,-0.1454,-0.801437,0.580136
0,0,-0.849372,0.284106,0.444805
0,0,-0.202987,-0.151318,0.967419
0,0,0.0777341,0.994444,0.070982
0,0,-0.203072,-0.56865,0.797119
0,0,0.796406,0.246629,0.552188
0,0,0.121508,0.844795,0.521112
0,0,0.971562,0.157584,0.176731
0,0,0.621824,-0.754917,0.208411
0,0,0.327887,0.448833,0.831288
0,0,-0.0219592,-0.725035,0.688362
0,0,0.886293,-0.451224,0.104313
0,0,-0.136608,0.0626254,0.988644
0,0,0.410067,-0.354947,0.840153
0,0,0.91191,-0.395185,0.110678
0,0,-0.29461,-0.36651,0.882539
0,0,-0.265337,0.932959,0.243278
0,0,-0.582471,-0.604142,0.543819
0,0,0.967268,-0.163298,0.194235
0,0,0.0300915,-0.17842,0.983494
0,0,0.252124,-0.948713,0.19073
0,0,0.960556,0.19988,0.19334
0,0,0.37936,0.518842,0.766086
0,0,-0.754722,0.517156,0.403664
4.78603,6.9886,0.279067,0.613058,0.739109
0,0,0.737833,-0.154623,0.657034
0,0,0.390252,-0.898077,0.20288
0,0,-0.327072,-0.222477,0.918438
0,0,0.42479,0.743059,0.517124
0,0,0.449345,-0.852985,0.26553
0,0,0.342356,0.93623,0.0791603
0,0,-0.4595,0.541236,0.704218
0,0,-0.8024,0.582687,0.128957
0,0,-0.879668,0.128926,0.457779
0,0,0.854688,-0.312642,0.414444
0,0,0.672901,0.46993,0.571288
0,0,-0.877629,-0.456884,0.144997
1.81242,2.74622,0.143683,-0.0815002,0.986262
0,0,-0.789352,0.471636,0.393042
0,0,0.991853,0.113555,0.0577387
0,0,-0.797353,-0.0490665,0.601515
0,0,-0.185232,0.930332,0.316499
0,0,0.603261,0.0330179,0.79686
0,0,0.924007,-0.266157,0.274539
0,0,0.0852376,-0.981594,0.170901
0,0,-0.8779,-0.474369,0.0653175
0,0,-0.974898,-0.0112869,0.222367
0,0,0.874614,-0.484785,0.0059068
0,0,-0.501803,0.27358,0.820578
0,0,0.199927,0.979789,0.00646256
0,0,0.361528,-0.894191,0.264045
0,0,-0.7321,-0.675305,0.089398
0,0,-0.489838,-0.588897,0.642852
0,0,-0.338955,-0.889827,0.305478
0,0,0.182104,-0.368957,0.911432
0,0,0.800708,0.5957,0.0633061
0,0,-0.0127434,0.493182,0.869833
0,0,0.915494,0.00784633,0.402254
0,0,-0.45947,-0.112614,0.881025
0,0,0.942534,-0.333239,0.0241107
0,0,-0.236656,0.630311,0.739393
0,0,0.300607,-0.886462,0.351882
0,0,0.031613,0.376003,0.926079
0,0,-0.838996,0.544093,0.00693244
0,0,-0.724727,-0.624237,0.291716
0,0,0.139379,0.769347,0.623442
0,0,0.539818,-0.478371,0.692646
0,0,-0.425488,0.26339,0.865786
0,0,0.509049,0.860599,0.0154174
0,0,-0.0913975,0.396804,0.913342
0,0,-0.718,-0.127572,0.684253
0,0,-0.477102,0.742908,0.469533
0,0,0.560055,0.0823077,0.824357
0,0,-0.829497,-0.093095,0.550698
0,0,-0.657829,-0.61927,0.428678
0,0,0.114086,-0.50614,0.854872
0,0,0.24887,-0.961157,0.119337
0,0,-0.610719,-0.445936,0.654342
0,0,-0.786858,0.60922,0.0985161
0,0,-0.6182,-0.775659,0.127209
0,0,-0.0977443,-0.369748,0.923977
0,0,0.665281,0.727265,0.168784
0,0,0.168428,0.472832,0.864905
0,0,0.188731,0.906124,0.378576
0,0,0.3396,0.939812,0.037761
0,0,0.225047,-0.452638,0.862828
0,0,0.295262,-0.794491,0.530665
0,0,0.373558,0.474552,0.797029
0,0,0.520251,0.532798,0.667432
0,0,-0.496657,0.488042,0.717737
0,0,-0.656214,0.734267,0.173882
0,0,0.496102,0.501226,0.708982
0,0,-0.798815,-0.209363,0.563969
0,0,-0.361025,0.887551,0.286207
0,0,0.446976,-0.892544,0.0598051
0,0,-0.29362,0.311808,0.903639
21.246,28.8152,-0.386314,-0.557692,0.734671
0,0,0.494724,0.868736,0.023342
0,0,0.0168337,0.999855,0.00259771
0,0,0.970775,-0.132108,0.200358
0,0,0.694762,-0.328639,0.639767
0,0,0.226424,-0.513845,0.827464
0,0,-0.54264,-0.771227,0.332792
0,0,0.387139,0.413168,0.824267
0,0,-0.0312494,-0.97501,0.219954
0,0,-0.719748,0.689074,0.0844976
0,0,0.245465,0.921887,0.299785
0,0,0.0527015,0.992978,0.105913
0,0,-0.991848,0.123564,0.0311487
0,0,-0.823484,0.238612,0.514721
0,0,0.384691,-0.198923,0.901356
0,0,0.0761151,-0.932255,0.353705
0,0,0.891608,-0.451734,0.0311742
0,0,-0.748983,0.652377,0.115883
0,0,0.813138,-0.580528,0.0423592
0,0,-0.867653,0.0242101,0.49658
0,0,0.400729,0.762585,0.507819
0,0,-0.49287,0.660293,0.56665
0,0,-0.858832,-0.343869,0.379687
0,0,-0.317476,-0.156643,0.935239
0,0,-0.950535,0.258931,0.171576
0,0,0.231311,-0.408493,0.882966
0,0,0.904726,0.162897,0.393618
0,0,0.796256,-0.330581,0.506648
0,0,0.0709857,-0.914735,0.397771
0,0,-0.475432,0.495156,0.727176
0,0,-0.953307,0.287138,0.0935827
0,0,-0.475473,0.0933292,0.874766
0,0,-0.238104,0.923032,0.302191
0,0,-0.808901,0.227523,0.542137
0,0,0.286714,0.438813,0.851609
22.8436,32.8058,0.745504,-0.0934506,0.659918
0,0,-0.0547965,-0.986444,0.154679
0,0,0.083809,-0.791088,0.605934
0,0,-0.980384,0.19509,0.028071
0,0,-0.939207,-0.314081,0.138722
0,0,0.554359,0.192797,0.809639
0,0,-0.222091,-0.968017,0.116701
0,0,-0.939007,0.137348,0.315281
0,0,-0.0699364,-0.779235,0.622818
0,0,0.810374,-0.584249,0.0441312
0,0,-0.130146,0.826477,0.54772
0,0,-0.831156,0.554228,0.0448397
0,0,-0.0865327,0.671488,0.735945
0,0,-0.849815,0.458821,0.259419
0,0,0.931803,0.131593,0.338269
0,0,0.760129,0.633225,0.145705
0,0,0.882752,0.0485776,0.467322
0,0,0.130953,0.69475,0.70723
0,0,0.12363,0.0130509,0.992243
0,0,0.609347,0.787153,0.0953202
0,0,-0.171381,-0.270533,0.947333
0,0,-0.295147,-0.948843,0.112187
0,0,-0.327982,0.0704072,0.942057
0,0,0.872829,-0.461559,0.158531
0,0,-0.92106,-0.314369,0.229828
0,0,0.128094,0.76386,0.632542
0,0,-0.920342,0.324754,0.217958
0,0,0.0219544,-0.10666,0.994053
0,0,-0.649835,-0.293209,0.701243
0,0,-0.0459647,0.725607,0.686572
0,0,-0.32942,-0.739635,0.586875
0,0,0.389446,0.670645,0.631322
0,0,-0.0968191,-0.677606,0.729024
0,0,0.0097678,-0.34563,0.93832
0,0,-0.526814,0.551025,0.647177
0,0,-0.944755,-0.2585,0.201535
0,0,-0.0798895,-0.279084,0.956938
0,0,0.462279,-0.404729,0.788982
0,0,0.0400364,-0.908704,0.415516
0,0,0.474557,-0.570064,0.670688
0,0,0.828647,0.476036,0.294505
0,0,0.829772,-0.522059,0.197315
0,0,-0.58786,0.000531363,0.808962
0,0,0.569458,0.485103,0.663621
0,0,-0.713757,0.42012,0.560402
0,0,-0.327557,0.933266,0.147382
0,0,-0.0139617,0.957538,0.28797
0,0,0.203684,-0.9784,0.035297
0,0,-0.742499,0.524763,0.416316
0,0,0.160137,-0.422763,0.89198
0,0,-0.212922,0.905004,0.368281
0,0,-0.933486,-0.25682,0.250296
0,0,0.0658388,-0.401721,0.913392
0,0,-0.362004,-0.900962,0.239208
0,0,0.736756,0.634777,0.232912
0,0,0.696691,0.598551,0.395422
0,0,0.889806,-0.0830808,0.448712
0,0,-0.619621,0.641739,0.451931
0,0,0.957823,-0.212499,0.193442
0,0,0.894798,-0.392301,0.213156
0,0,-0.35101,0.780845,0.51679
0,0,-0.245704,0.552156,0.796714
0,0,0.782162,0.355695,0.511569
0,0,0.446647,0.820917,0.355811
0,0,0.906029,-0.315559,0.282016
0,0,0.0375958,0.314709,0.948443
0,0,-0.499306,-0.845979,0.187116
0,0,0.327009,0.523254,0.786937
0,0,-0.817207,0.117497,0.564241
0,0,0.726434,-0.235085,0.645777
0,0,0.873721,0.403488,0.271679
0,0,-0.716785,0.346642,0.605028
22.9631,31.9698,0.0823929,0.246875,0.965538
0,0,0.890467,-0.188508,0.414165
0,0,0.505466,-0.843336,0.182453
0,0,0.584677,-0.599127,0.546991
0,0,0.741469,-0.345129,0.575421
0,0,0.0312761,0.0010848,0.99951
0,0,-0.936894,-0.259688,0.234074
13.9404,20.2352,0.663833,-0.744352,0.0725633
0,0,-0.930454,-0.205952,0.30305
0,0,-0.485321,0.372661,0.790941
0,0,0.741592,-0.554824,0.37711
0,0,0.310564,0.846892,0.431652
0,0,-0.849866,-0.37575,0.369512
0,0,0.285824,-0.24338,0.926861
0,0,-0.476442,-0.472309,0.74157
0,0,0.0781092,-0.83054,0.551455
0,0,0.161776,-0.643929,0.747786
0,0,-0.475597,0.8327,0.283581
14.6868,20.499,0.328249,-0.943135,-0.0524225
0,0,0.824881,-0.183092,0.534835
0,0,0.140128,-0.909276,0.391894
0,0,-0.301319,0.953289,0.0211331
0,0,0.965483,0.103037,0.239221
0,0,-0.34816,-0.401124,0.84728
0,0,0.866575,0.122266,0.483838
0,0,-0.959918,-0.192688,0.203539
0,0,-0.0603882,-0.606099,0.793094
0,0,0.894139,0.186739,0.406994
0,0,-0.919231,0.290863,0.265354
0,0,0.0657006,0.911472,0.406082
0,0,0.695551,-0.090143,0.712799
0,0,-0.565085,-0.614357,0.550676
0,0,0.801988,0.176829,0.570567
0,0,0.995715,-0.0921612,0.00764936
0,0,-0.0970401,0.507617,0.856101
0,0,0.544198,0.351651,0.761702
0,0,0.775716,-0.619426,0.12073
0,0,-0.88894,0.209725,0.407186
0,0,0.843308,-0.486183,0.229037
0,0,0.667602,0.664056,0.336656
0,0,-0.0450236,0.948388,0.313901
0,0,-0.856082,-0.234494,0.460583
0,0,0.22251,-0.649774,0.726831
0,0,0.590095,0.716138,0.372739
0,0,0.384561,0.923084,0.00528317
0,0,-0.722162,-0.671077,0.167744
0,0,-0.241306,0.696773,0.675484
0,0,0.981757,-0.185603,0.0412837
0,0,0.0813142,-0.970169,0.228387
0,0,-0.899168,0.43348,0.0599294
0,0,-0.662414,0.618241,0.423068
0,0,-0.368589,-0.699305,0.612466
0,0,0.165614,-0.898914,0.405617
0,0,0.425751,0.902206,0.068989
0,0,0.896836,0.302002,0.323234
0,0,-0.606764,-0.177407,0.774832
0,0,-0.313671,-0.263229,0.912316
0,0,-0.47323,0.548183,0.689601
0,0,-0.287933,-0.452863,0.843807
0,0,0.258454,-0.293447,0.920375
0,0,0.924953,-0.0724566,0.373111
0,0,-0.129813,-0.604589,0.785889
0,0,0.42396,0.537469,0.728961
0,0,0.584938,0.390351,0.710967
0,0,-0.360077,-0.720217,0.592985
0,0,-0.682481,-0.705464,0.191153
0,0,0.743488,-0.342167,0.574584
0,0,-0.143395,0.703605,0.695973
0,0,-0.64687,0.762469,0.0141482
0,0,0.908987,0.413522,0.0523617
0,0,0.432366,-0.268287,0.860861
0,0,-0.504364,-0.747848,0.431671
0,0,-0.0370252,0.497508,0.866669
0,0,0.239459,0.581345,0.777623
0,0,0.521207,0.84999,0.0765507
0,0,-0.0513274,-0.998347,0.0258681
0,0,0.764765,-0.44524,0.465721
0,0,0.832317,-0.229099,0.504739
0,0,0.67375,-0.517359,0.527637
0,0,0.664325,-0.694751,0.275669
0,0,-0.61355,-0.399132,0.681359
0,0,-0.824055,0.505138,0.256456
0,0,0.709007,-0.580633,0.400218
0,0,-0.170813,-0.949281,0.263986
0,0,0.727535,0.480193,0.490008
0,0,0.638983,0.748387,0.177812
0,0,0.472363,-0.651272,0.5939
0,0,0.877697,0.281234,0.388016
0,0,0.987096,0.14649,0.0646717
0,0,0.403352,-0.908079,0.112693
0,0,-0.217202,-0.750938,0.62363
0,0,0.913146,-0.0656467,0.402313
0,0,-0.707543,0.464424,0.532628
0,0,-0.886077,0.380614,0.264577
0,0,-0.667242,0.723938,0.17522
0,0,0.955742,-0.231018,0.182177
0,0,-0.118947,0.769183,0.62786
0,0,-0.504232,-0.717973,0.479859
0,0,0.391293,0.51832,0.760417
0,0,0.555114,-0.752466,0.354463
0,0,0.875893,-0.461002,0.142436
0,0,-0.340996,0.197643,0.919053
0,0,-0.911868,0.210924,0.352148
0,0,-0.420711,0.0440565,0.906124
0,0,0.621945,-0.640601,0.45035
0,0,-0.942657,-0.100323,0.31833
0,0,-0.542994,0.827019,0.14559
0,0,-0.415062,0.565361,0.712805
0,0,0.541886,0.806681,0.23585
0,0,-0.959147,-0.0527584,0.277944
0,0,-0.316128,-0.794347,0.518725
0,0,-0.59387,-0.333218,0.732314
0,0,0.709143,0.543947,0.448596
0,0,0.22332,0.808829,0.543988
0,0,-0.373524,0.388738,0.842237
0,0,-0.716802,0.552535,0.425325
0,0,-0.615441,0.43894,0.654647
0,0,-0.0256673,-0.999481,0.0194442
0,0,0.468452,0.144566,0.871581
0,0,-0.399864,0.414379,0.817557
0,0,0.723081,0.541413,0.428982
0,0,0.944732,0.113745,0.307481
0,0,-0.702048,-0.695316,0.153831
0,0,0.224775,0.0122851,0.974333
0,0,0.398757,-0.634019,0.66258
0,0,-0.0656104,-0.890279,0.450664
0,0,0.625742,0.12698,0.769625
0,0,0.473715,-0.861458,0.182986
0,0,-0.976445,-0.150305,0.154804
0,0,-0.00295299,0.99619,0.0871551
0,0,-0.462033,0.786903,0.409035
0,0,-0.475109,0.383307,0.792052
0,0,0.126108,-0.488671,0.863306
0,0,-0.875261,-0.440466,0.199769
0,0,0.77224,0.174713,0.610836
0,0,-0.522755,-0.234502,0.819595
0,0,0.123974,-0.906605,0.403358
0,0,0.0784289,0.571234,0.817032
0,0,0.760648,0.369672,0.533626
0,0,0.503537,-0.14544,0.851644
0,0,0.490936,0.839343,0.23342
0,0,-0.209386,0.955875,0.206061
0,0,0.994993,0.0897987,0.0438831
0,0,-0.504107,0.475159,0.72118
16.0149,22.0443,-0.341989,-0.294617,0.892325
0,0,-0.316316,-0.119731,0.941068
0,0,-0.297611,0.385119,0.873562
0,0,-0.827226,-0.368105,0.424495
0,0,-0.864102,-0.142737,0.482652
0,0,0.219695,0.969598,0.107767
0,0,0.387377,0.920214,0.0560928
0,0,0.0656709,-0.500734,0.863106
0,0,-0.604275,-0.685005,0.406964
0,0,0.952543,0.234469,0.19413
0,0,0.979132,0.121022,0.163258
0,0,0.644797,-0.0760527,0.760561
0,0,-0.61371,-0.699704,0.365751
0,0,0.760523,0.608106,0.227624
0,0,-0.763024,0.464803,0.449169
0,0,0.601992,-0.348663,0.718359
0,0,0.514523,-0.355408,0.780353
0,0,0.240524,0.488624,0.838686
0,0,-0.820139,0.209204,0.532547
0,0,0.993386,-0.0676949,0.0927501
0,0,-0.0419967,-0.911901,0.408257
0,0,0.143395,0.933587,0.32841
0,0,-0.0522248,-0.871777,0.48711
0,0,-0.473295,-0.870268,0.136475
0,0,0.249272,0.239409,0.938375
0,0,0.0600012,-0.528259,0.846961
0,0,-0.680007,0.732867,0.0222984
0,0,-0.876912,0.454402,0.156666
0,0,-0.495755,-0.861904,0.10653
0,0,0.681187,-0.531616,0.503358
0,0,0.209609,-0.765498,0.608339
0,0,0.71526,0.014914,0.698699
0,0,-0.122176,-0.064429,0.990415
0,0,0.80776,-0.110162,0.579127
0,0,0.757816,-0.274228,0.592042
0,0,-0.407709,0.888288,0.211467
0,0,0.586663,0.269662,0.763616
0,0,0.039792,0.319604,0.946715
0,0,0.400557,0.749956,0.526421
0,0,-0.0861692,-0.611638,0.786431
0,0,-0.980982,-0.00638274,0.193994
0,0,-0.963505,0.169041,0.207564
0,0,-0.261673,-0.79219,0.551328
0,0,-0.836886,-0.526542,0.149583
0,0,-0.0329249,-0.910287,0.412667
0,0,0.721874,-0.632372,0.281077
0,0,0.721561,0.666463,0.187556
0,0,0.709536,0.496018,0.500525
0,0,-0.930054,0.0453114,0.364619
0,0,0.0951844,-0.979048,0.180016
0,0,0.0131238,0.0587863,0.998184
0,0,-0.798998,-0.0842329,0.595405
0,0,-0.654346,0.083829,0.751534
7.44436,11.2125,0.0721665,-0.0272021,0.997022
0,0,-0.434204,-0.75744,0.487597
0,0,-0.0444257,0.966992,0.250903
0,0,0.677133,0.711623,0.187305
0,0,0.72655,0.612001,0.312377
0,0,0.105492,0.746284,0.657215
0,0,-0.256289,-0.636447,0.727497
0,0,0.84468,-0.47154,0.253308
0,0,0.196831,0.546202,0.814199
0,0,0.295543,-0.258162,0.919786
0,0,0.418667,0.428458,0.800713
6.26324,8.34203,-0.158299,0.263225,-0.951658
0,0,-0.866931,0.445706,0.223107
0,0,-0.849451,0.349645,0.395198
0,0,0.999722,0.0146391,0.0184934
0,0,0.091011,-0.372036,0.923746
0,0,0.678942,0.4816,0.554165
0,0,0.131224,0.609689,0.781703
0,0,-0.690284,-0.391676,0.608356
0,0,-0.164632,-0.894246,0.416198
0,0,0.507822,-0.528152,0.680567
0,0,0.265697,-0.918378,0.293236
0,0,0.933368,0.173244,0.314342
0,0,0.843447,-0.350537,0.407089
0,0,-0.130567,0.603284,0.786766
0,0,-0.951919,-0.263205,0.15676
0,0,-0.364955,-0.402192,0.839672
0,0,0.463536,0.216135,0.859314
0,0,0.787833,-0.00787794,0.615838
0,0,0.122221,-0.970324,0.208648
0,0,-0.949499,0.138218,0.281687
0,0,0.778,0.627878,0.022031
0,0,0.0944026,0.995242,0.024105
0,0,0.229061,-0.959734,0.162606
0,0,0.342317,0.723861,0.599036
12.4768,20.3576,-0.947762,0.218023,-0.232836
0,0,-0.476582,0.38422,0.790724
0,0,-0.157904,-0.983805,0.0848142
0,0,0.0812404,0.989198,0.122017
0,0,0.19903,0.966114,0.16435
0,0,0.945088,-0.259447,0.198738
0,0,-0.409618,0.811245,0.417245
0,0,0.147933,0.675927,0.721968
0,0,-0.908419,0.312675,0.277506
0,0,-0.188551,-0.00966032,0.982016
0,0,0.145135,-0.945588,0.291201
0,0,0.354673,0.834772,0.421145
0,0,-0.893325,0.359459,0.269739
0,0,0.98177,-0.101293,0.160832
0,0,-0.9166,-0.393854,0.0687275
0,0,-0.815245,0.558727,0.152318
0,0,-0.341673,-0.37776,0.860556
0,0,0.826425,-0.0750225,0.558027
0,0,0.458464,-0.780112,0.425718
0,0,0.442244,-0.325213,0.835857
0,0,-0.622818,0.782314,0.0090792
0,0,-0.793894,0.356188,0.492811
0,0,-0.697736,0.307078,0.6472
0,0,-0.287081,-0.107008,0.951911
0,0,0.554682,0.255203,0.791959
0,0,-0.0867555,-0.989855,0.112519
0,0,0.992626,-0.0903145,0.0808526
0,0,0.512358,-0.392635,0.763759
0,0,-0.347195,-0.684877,0.640625
0,0,-0.09993,0.984201,0.146158
0,0,0.7849,0.59516,0.172385
0,0,0.222782,0.408668,0.885076
0,0,-0.694848,0.509966,0.507071
0,0,-0.0172728,-0.232437,0.972458
0,0,0.455008,0.210665,0.86521
0,0,0.878092,-0.452918,0.154339
0,0,0.0699925,-0.869976,0.488102
0,0,-0.713809,0.443231,0.542239
0,0,0.790885,0.611965,0.000887252
0,0,0.176433,-0.724344,0.666481
0,0,0.821306,-0.212232,0.529541
0,0,0.903953,0.427599,0.00531
0,0,0.131904,0.745225,0.653637
0,0,0.681167,-0.373806,0.629508
0,0,0.612036,-0.23587,0.754836
0,0,0.525466,0.849807,0.0414013
0,0,-0.596421,-0.739852,0.311288
0,0,-0.336687,0.167482,0.926602
21.844,31.5458,-0.046766,-0.985198,-0.164915
0,0,0.1172,0.568792,0.814088
0,0,0.0463302,-0.923907,0.379801
0,0,0.380501,0.831487,0.404782
0,0,0.878355,0.0286315,0.47715
0,0,0.698002,-0.693177,0.179718
0,0,-0.794857,0.602868,0.0689442
0,0,-0.890179,0.218469,0.399817
0,0,0.998833,0.0234036,0.0422587
0,0,-0.752952,0.124129,0.646262
0,0,0.220269,0.80657,0.548568
10.9409,17.0787,0.738744,0.255484,0.623687
0,0,-0.504734,-0.444735,0.739901
0,0,0.797811,0.515925,0.31196
0,0,-0.109463,-0.555034,0.824594
0,0,-0.727648,0.272975,0.629296
0,0,0.468939,-0.393304,0.790827
0,0,0.118784,-0.479897,0.869246
0,0,0.549494,0.393946,0.736793
0,0,-0.0573003,-0.391938,0.918205
0,0,-0.455026,-0.582958,0.673135
0,0,-0.320034,0.814624,0.4837
0,0,-0.523542,-0.370139,0.767399
0,0,0.500568,0.369335,0.782958
0,0,-0.233635,0.310168,0.921526
0,0,-0.393215,-0.919216,0.0205827
0,0,-0.563835,0.625216,0.539625
0,0,-0.485626,0.831008,0.271281
0,0,0.597938,-0.577485,0.555861
20.747,28.4409,-0.313509,-0.411373,0.855853
0,0,-0.0486546,-0.74966,0.660032
0,0,-0.700379,-0.572554,0.426205
20.7476,27.1136,0.0449686,-0.209184,0.976842
0,0,0.676667,0.437173,0.592454
0,0,-0.0766358,0.912385,0.402096
0,0,-0.77119,-0.0528284,0.634409
0,0,-0.526096,-0.631918,0.569125
0,0,-0.725922,-0.385142,0.569827
0,0,0.0451954,-0.223778,0.973592
0,0,0.812667,-0.411484,0.412618
0,0,0.37985,-0.334873,0.862308
0,0,0.0635285,-0.405299,0.911974
0,0,0.485855,-0.401498,0.776366
0,0,-0.638422,-0.405542,0.654181
0,0,0.0450439,-0.31216,0.948961
0,0,-0.319552,-0.800467,0.507088
0,0,0.12364,-0.561134,0.818439
0,0,0.893212,0.108233,0.436415
0,0,0.840322,0.538974,0.0580269
0,0,-0.362301,-0.784263,0.503656
0,0,0.0403683,-0.350524,0.935683
0,0,-0.0631992,0.450678,0.890447
0,0,0.351993,-0.935331,0.0354586
0,0,0.580566,0.732224,0.356077
0,0,-0.385571,-0.665167,0.639443
0,0,0.828457,-0.44884,0.334966
0,0,0.992731,-0.0992674,0.068048
0,0,-0.0476551,-0.61562,0.786601
0,0,0.920667,-0.0923394,0.379271
0,0,-0.701813,0.622105,0.347051
0,0,-0.758842,-0.356724,0.544892
0,0,0.452667,-0.849749,0.27022
0,0,0.797986,-0.311716,0.515801
0,0,0.209449,0.773586,0.598077
0,0,0.784649,-0.572352,0.238199
0,0,-0.591468,0.369072,0.716905
0,0,-0.366903,0.839375,0.401039
0,0,0.566093,0.183078,0.803755
0,0,-0.258424,-0.844756,0.468618
0,0,-0.100244,0.371673,0.922936
0,0,0.315011,-0.861251,0.398766
0,0,0.542775,-0.589225,0.598506
0,0,-0.190222,0.692515,0.695872
21.554,32.3856,0.921635,0.0299764,0.386899
0,0,-0.0563049,0.71284,0.699063
0,0,-0.973967,-0.150204,0.169787
0,0,0.94398,0.309668,0.114051
0,0,-0.529308,0.283796,0.799558
0,0,0.924306,0.37714,0.0585052
0,0,0.502841,-0.263843,0.823127
0,0,0.334049,0.919971,0.205095
0,0,-0.858259,0.512003,0.0352798
0,0,0.0980392,0.969887,0.222952
0,0,-0.302458,-0.943185,0.137556
0,0,0.142077,-0.74839,0.647863
0,0,-0.539052,-0.289386,0.790999
0,0,0.242557,0.376384,0.894148
0,0,-0.393311,0.845824,0.3604
0,0,-0.5392,0.783606,0.308585
0,0,0.57478,0.388513,0.720198
0,0,0.816786,0.372633,0.44046
0,0,0.384283,0.463093,0.798668
0,0,-0.748543,0.178202,0.638692
0,0,0.79694,-0.107393,0.594435
0,0,0.841707,0.520574,0.14329
0,0,-0.158588,-0.281157,0.946467
0,0,-0.576772,-0.0165862,0.816737
0,0,0.458124,-0.872396,0.170435
0,0,0.906332,0.418004,0.0619208
0,0,0.534028,0.601553,0.594094
0,0,-0.657101,-0.694365,0.293385
0,0,0.451599,-0.408772,0.793072
0,0,-0.59974,-0.237644,0.764093
0,0,0.899427,0.433585,0.0550981
0,0,-0.271258,-0.204436,0.940545
0,0,-0.0195774,0.157751,0.987285
0,0,0.364688,-0.547865,0.752892
0,0,0.473953,-0.767864,0.430991
0,0,-0.763402,-0.308555,0.56746
0,0,-0.365234,-0.285225,0.886144
0,0,-0.165375,-0.984414,0.0598388
0,0,-0.845625,0.373435,0.381398
5.32522,7.86719,0.141838,0.467125,0.872741
0,0,0.747132,-0.0847457,0.659251
0,0,0.821469,0.140715,0.55262
0,0,0.39143,-0.859498,0.328704
0,0,-0.815097,-0.468289,0.341062
0,0,0.638159,-0.70105,0.318248
0,0,0.257988,-0.532538,0.80613
0,0,-0.116496,-0.760652,0.638622
0,0,-0.970685,-0.0838329,0.225259
0,0,-0.755833,-0.652339,0.0563092
0,0,0.563385,-0.336392,0.754611
0,0,0.41448,0.566996,0.711844
0,0,0.721198,-0.447611,0.528694
0,0,0.843646,-0.387767,0.371346
0,0,-0.225037,-0.688294,0.689645
0,0,-0.997318,-0.0487341,0.0546073
0,0,0.969382,0.208274,0.130081
0,0,-0.777399,-0.0262726,0.628459
0,0,0.47238,-0.508585,0.71986
0,0,0.397218,-0.628158,0.669055
0,0,-0.734856,0.601962,0.312455
0,0,0.965279,-0.196405,0.172227
0,0,0.750832,-0.283895,0.596368
0,0,-0.424219,0.498396,0.756069
0,0,-0.263622,0.631464,0.729217
0,0,0.526399,-0.226131,0.819615
0,0,-0.680806,0.472394,0.559774
0,0,0.983185,-0.155405,0.0959013
0,0,-0.567382,-0.822495,0.0397366
0,0,0.333958,-0.599484,0.727387
0,0,0.993322,-0.100471,0.0567139
0,0,0.467756,0.293401,0.833739
0,0,-0.450086,0.432951,0.78101
0,0,-0.902239,0.404285,0.150061
0,0,-0.793735,-0.563148,0.229888
0,0,0.387403,-0.912168,0.133676
0,0,-0.30106,-0.42394,0.854188
0,0,0.574201,0.757701,0.310132
0,0,-0.147367,0.41433,0.898117
0,0,-0.296079,-0.955081,0.0125468
0,0,0.751968,-0.229413,0.617992
0,0,0.384765,-0.200454,0.900985
0,0,0.864174,-0.501285,0.0437828
0,0,0.141143,0.544329,0.826913
0,0,0.53302,0.566039,0.62888
0,0,0.892536,0.0263123,0.450208
0,0,0.332073,-0.606847,0.722125
0,0,-0.475592,0.866253,0.153031
0,0,0.432371,0.565335,0.702461
0,0,-0.752668,-0.0719353,0.654459
0,0,0.890028,0.380227,0.25155
0,0,0.0658549,0.984886,0.160197
0,0,0.472421,-0.168241,0.865167
0,0,-0.339591,0.643805,0.685706
0,0,-0.986489,0.00277155,0.163806
0,0,0.726725,0.117125,0.67687
0,0,0.494534,0.698347,0.517444
0,0,0.337302,-0.367196,0.86683
0,0,-0.579929,0.440635,0.685217
0,0,0.65874,-0.746864,0.0908621
0,0,0.189893,0.975911,0.107419
19.211,27.7768,-0.543752,-0.18115,0.819462
0,0,0.486128,0.856101,0.175416
0,0,-0.581713,0.334029,0.741643
0,0,-0.420102,-0.906643,0.0389087
0,0,0.144335,-0.505496,0.850671
0,0,-0.299658,0.754694,0.583646
0,0,-0.738239,0.549567,0.391126
0,0,0.653384,-0.726554,0.212626
0,0,0.75646,0.196428,0.623846
0,0,0.510929,-0.781421,0.358236
0,0,-0.826835,0.546033,0.134878
0,0,-0.965145,-0.192497,0.177314
0,0,0.727112,0.0578015,0.684081
0,0,0.828733,0.0170837,0.559384
0,0,-0.747825,-0.260383,0.610704
0,0,-0.628973,-0.742624,0.230006
0,0,-0.897725,0.435351,0.0675256
0,0,0.402338,-0.902153,0.155703
0,0,-0.273337,0.820375,0.502267
0,0,0.307646,-0.406881,0.860117
0,0,-0.0449653,0.74231,0.668546
0,0,-0.700957,-0.701674,0.127723
0,0,0.85982,0.13789,0.491626
0,0,0.565669,-0.824413,0.0190339
0,0,-0.795039,0.582442,0.169335
0,0,-0.557324,0.158789,0.81497
0,0,0.972551,-0.195184,0.126682
0,0,-0.79626,-0.450683,0.403553
0,0,0.0628412,0.385899,0.920398
0,0,0.458133,-0.193478,0.867571
0,0,0.12179,0.0208632,0.992337
0,0,0.105017,0.543827,0.832601
0,0,0.56273,0.788875,0.247004
0,0,0.138105,-0.728879,0.670568
0,0,0.934069,-0.227986,0.27484
0,0,-0.664942,0.633005,0.39643
0,0,0.449149,-0.311981,0.837217
0,0,-0.415162,-0.767897,0.487827
0,0,-0.532759,-0.618937,0.577135
0,0,-0.176617,0.873146,0.454338
0,0,-0.74454,-0.0795979,0.662815
0,0,-0.653518,0.698834,0.290768
0,0,-0.329519,-0.0205689,0.943925
23.0268,33.4389,0.340953,-0.0980654,0.934952
0,0,-0.463448,0.303223,0.832629
0,0,-0.815841,0.539635,0.207841
11.4047,16.0927,0.324274,0.911935,0.251439
0,0,-0.780452,0.586017,0.217898
0,0,0.891724,0.4223,0.162761
0,0,0.558845,-0.14411,0.816654
0,0,0.817512,0.552731,0.161748
0,0,-0.363893,0.743156,0.561517
12.4744,18.5504,-0.557966,0.31772,0.766634
0,0,-0.228441,0.672052,0.704387
0,0,-0.502082,-0.341665,0.794468
0,0,-0.199206,-0.499561,0.843064
0,0,-0.287459,-0.876582,0.385967
0,0,0.55737,0.723978,0.406441
0,0,-0.00600055,-0.937987,0.346618
0,0,0.447194,-0.868196,0.215065
0,0,0.464525,-0.394186,0.79299
0,0,0.0828607,0.884669,0.458797
0,0,-0.301725,0.952773,0.0344469
0,0,-0.872973,-0.418345,0.250811
0,0,-0.552643,-0.379343,0.742081
0,0,0.161322,0.978921,0.125252
0,0,-0.130051,0.851376,0.50818
0,0,-0.359545,0.92517,0.121601
0,0,0.40545,-0.786215,0.466343
0,0,0.8042,-0.542926,0.241854
0,0,-0.742254,0.620588,0.252842
0,0,0.0467112,0.943043,0.329376
0,0,-0.820533,0.135028,0.555422
0,0,-0.179698,-0.313776,0.932338
0,0,0.982273,0.178491,0.0572824
0,0,-0.423902,-0.772943,0.472087
0,0,0.836027,0.546557,0.0483046
0,0,0.859165,0.193005,0.473903
0,0,0.874258,-0.455418,0.168129
0,0,-0.32856,0.855546,0.400112
0,0,0.547597,0.684442,0.481328
0,0,-0.462923,0.794676,0.392674
0,0,0.870926,0.488354,0.05475
0,0,-0.911355,0.41096,0.0233093
0,0,0.652095,0.670818,0.353235
0,0,-0.946229,-0.00893113,0.323376
0,0,-0.0401111,0.947618,0.316877
0,0,-0.841683,-0.139427,0.52166
0,0,-0.493031,0.255244,0.831728
0,0,0.579312,-0.564157,0.588323
0,0,-0.583653,0.0588722,0.809866
0,0,0.132437,-0.125167,0.983257
0,0,-0.506537,-0.00604692,0.862197
0,0,-0.867229,0.178113,0.464962
10.5082,16.872,-0.0750867,-0.409202,0.909349
0,0,-0.203314,0.938699,0.278401
0,0,0.833465,0.435456,0.340167
0,0,0.943867,-0.314754,0.100227
0,0,0.21026,-0.743886,0.634369
0,0,-0.728243,-0.244125,0.640363
0,0,-0.648041,0.428312,0.629755
0,0,0.662617,-0.378461,0.646302
0,0,0.899952,-0.416574,0.128657
0,0,0.736646,0.440754,0.512922
0,0,0.195416,0.956566,0.21632
0,0,-0.919497,-0.0132836,0.392873
0,0,0.057605,-0.759895,0.647489
0,0,0.713233,0.68194,0.162038
0,0,0.241783,0.954509,0.174512
0,0,0.154553,-0.82228,0.547694
0,0,-0.301291,-0.953521,0.00472033
0,0,-0.669435,-0.0041064,0.742859
0,0,-0.612531,0.477605,0.629841
0,0,-0.523785,-0.646267,0.554967
0,0,0.708007,-0.137317,0.692727
0,0,0.194516,0.977009,0.0872808
0,0,0.100401,-0.921222,0.375859
0,0,0.0244498,0.647682,0.761518
0,0,-0.917002,-0.101806,0.385671
0,0,0.0860787,0.896283,0.435049
0,0,0.648819,-0.540259,0.535868
0,0,-0.101958,-0.7165,0.690096
0,0,-0.832058,-0.203409,0.516047
0,0,0.930734,-0.156784,0.330383
0,0,-0.151715,0.97591,0.156786
0,0,0.804713,0.220241,0.551299
0,0,0.155918,0.596157,0.787582
0,0,-0.503807,-0.806145,0.310336
0,0,0.971485,0.0214454,0.236131
0,0,0.824216,-0.168116,0.540745
0,0,-0.741947,-0.558886,0.370352
0,0,-0.0757747,0.393934,0.91601
0,0,-0.391428,0.903549,0.17431
0,0,0.302254,-0.848617,0.434156
0,0,0.663569,-0.351614,0.660336
0,0,-0.364154,0.544575,0.755533
0,0,-0.0991696,-0.874519,0.474743
0,0,0.504572,-0.828435,0.243112
0,0,-0.826927,-0.366077,0.426825
0,0,0.0563051,-0.547329,0.835021
0,0,0.206349,0.457107,0.865143
0,0,0.420841,-0.76362,0.489671
0,0,-0.594097,-0.586194,0.550841
0,0,-0.449754,-0.875194,0.178205
0,0,0.718778,0.281854,0.635545
0,0,-0.125003,-0.986836,0.10261
0,0,-0.666695,0.0678187,0.742239
0,0,0.71585,-0.657693,0.234519
0,0,-0.545173,-0.778844,0.310143
0,0,0.506801,-0.796547,0.329645
0,0,-0.550143,-0.727377,0.410202
0,0,-0.197408,0.978214,0.0642426
0,0,-0.828986,-0.502315,0.24589
0,0,0.190628,-0.686418,0.701778
0,0,0.362554,0.395767,0.843755
0,0,-0.31961,-0.569848,0.757049
0,0,-0.28313,0.307785,0.908353
0,0,0.503005,0.826789,0.251806
0,0,0.796036,0.485769,0.361046
0,0,0.601391,-0.685679,0.410089
0,0,0.483194,0.85714,0.178424
0,0,-0.687262,0.275233,0.672249
0,0,-0.867408,-0.477194,0.141033
0,0,0.110951,-0.471178,0.875032
0,0,-0.632489,0.74478,0.212745
0,0,0.468656,-0.738266,0.485102
0,0,-0.996808,-0.0706641,0.0371606
0,0,-0.600756,0.648676,0.467238
0,0,0.106408,0.622033,0.775727
0,0,-0.385903,-0.758528,0.525086
22.7645,30.7152,-0.416751,0.148525,0.896805
0,0,0.407872,0.14708,0.901115
0,0,-0.785133,-0.275155,0.554847
0,0,-0.017608,-0.737755,0.674839
0,0,0.660255,-0.339796,0.669777
0,0,0.923923,-0.203455,0.323993
0,0,0.0168072,0.210863,0.977371
0,0,-0.708135,-0.615386,0.346185
0,0,0.927211,-0.307734,0.213495
0,0,0.0188688,-0.95808,0.285878
0,0,0.45772,0.886882,0.0627131
0,0,-0.459627,0.635813,0.620068
0,0,0.508327,0.55076,0.662018
0,0,-0.814143,-0.258183,0.520108
0,0,-0.339171,0.845018,0.413411
0,0,0.598256,0.0058005,0.801284
0,0,0.205047,0.305297,0.929919
0,0,-0.75833,-0.648801,0.063185
0,0,0.249863,0.560945,0.789246
0,0,-0.285192,-0.948151,0.14027
6.12855,8.23184,0.0434147,0.501318,0.864173
0,0,0.793461,-0.171618,0.583924
0,0,0.627338,0.0895413,0.773582
0,0,-0.834376,0.127175,0.536323
0,0,-0.303969,0.307694,0.901625
0,0,-0.527595,-0.314266,0.789228
0,0,0.476777,-0.0197793,0.878802
0,0,-0.0385092,-0.733301,0.678813
0,0,0.458119,0.536736,0.708549
0,0,-0.733391,0.322977,0.598183
0,0,0.408801,0.762865,0.500918
0,0,0.354237,0.876814,0.325135
0,0,0.351146,-0.919972,0.174209
0,0,-0.739646,-0.61415,0.275214
0,0,-0.0417626,0.29828,0.953564
0,0,-0.326325,-0.93321,0.150436
0,0,-0.0750479,-0.410871,0.9086
0,0,-0.287673,-0.955422,0.066438
0,0,0.676193,-0.590782,0.440159
0,0,0.639124,-0.75223,0.160219
0,0,-0.0894547,0.967507,0.236489
0,0,-0.0773086,-0.953837,0.290204
0,0,0.562928,-0.597574,0.570979
0,0,0.411609,-0.896987,0.161224
0,0,-0.970952,-0.130624,0.200472
0,0,-0.560633,-0.806833,0.18631
0,0,-0.199726,0.115701,0.972997
0,0,0.405136,0.637439,0.65539
0,0,-0.264884,0.50741,0.819982
0,0,-0.51961,0.0411317,0.853413
0,0,0.428774,0.227589,0.874275
0,0,-0.588544,-0.330454,0.737846
0,0,0.972713,-0.23006,0.030035
0,0,0.937505,-0.215593,0.273137
0,0,0.158782,-0.460125,0.873541
0,0,-0.384884,-0.0653549,0.920648
0,0,0.746783,0.650018,0.14068
0,0,0.267141,0.848407,0.456991
0,0,0.221533,-0.688798,0.690275
0,0,0.926393,0.373892,0.0447202
0,0,0.167786,0.0487298,0.984618
0,0,0.867414,0.126237,0.481307
0,0,0.181953,-0.181753,0.966364
0,0,0.382634,-0.044429,0.922831
0,0,-0.757982,0.505052,0.412777
0,0,-0.592095,-0.431681,0.680496
0,0,0.79072,-0.58305,0.186587
0,0,-0.456045,-0.884918,0.0945667
0,0,0.367738,0.922404,0.118062
0,0,0.723671,0.503305,0.472211
0,0,0.941696,0.236527,0.2393
0,0,0.89497,-0.384638,0.226016
0,0,0.319876,-0.0187672,0.947274
0,0,0.161596,0.322197,0.932779
0,0,0.572737,0.0210688,0.819469
0,0,0.828424,-0.518917,0.210803
0,0,0.956527,0.0538655,0.286627
0,0,-0.148969,0.539842,0.82848
0,0,0.46748,-0.622089,0.628067
0,0,-0.075698,0.906024,0.416402
0,0,0.223912,-0.954954,0.194748
0,0,-0.998026,-0.00264797,0.0627401
0,0,0.862971,0.232565,0.448546
0,0,-0.46247,0.86838,0.178991
0,0,-0.254026,0.925194,0.281936
0,0,-0.944428,0.119841,0.306096
0,0,-0.831369,0.502669,0.236957
0,0,-0.678629,-0.607985,0.412089
0,0,0.278767,0.93787,0.206613
0,0,-0.772371,0.621412,0.131493
0,0,0.834338,0.499829,0.232488
0,0,-0.51662,0.289121,0.805924
0,0,-0.999044,-0.0421148,0.0117067
0,0,-0.548327,-0.333622,0.766834
0,0,-0.0276759,0.292142,0.955974
0,0,-0.915798,-0.228499,0.330305
0,0,0.292243,0.600406,0.744383
0,0,0.255782,-0.189181,0.948043
0,0,0.155092,0.455523,0.87661
0,0,0.622752,-0.771118,0.132502
0,0,-0.399211,0.730863,0.553597
0,0,-0.310524,-0.919068,0.24267
0,0,0.402002,0.713039,0.57443
0,0,-0.480563,0.46176,0.745544
0,0,-0.10903,0.365529,0.924392
0,0,-0.952545,-0.291909,0.0862936
0,0,-0.793872,0.585781,0.163181
0,0,-0.380196,0.910984,0.159875
0,0,-0.630343,0.668124,0.39532
0,0,0.673228,-0.177147,0.717902
0,0,0.518129,0.511825,0.685258
0,0,-0.420809,0.0895295,0.90272
0,0,0.100321,0.483537,0.869556
0,0,0.392129,-0.728485,0.561733
0,0,-0.379653,-0.779527,0.498197
0,0,0.216581,-0.578888,0.786118
0,0,0.821884,-0.352072,0.44783
0,0,0.0887593,-0.805125,0.586426
0,0,0.639461,-0.254243,0.725569
0,0,-0.841504,0.460689,0.282201
0,0,0.533071,0.812917,0.234526
0,0,-0.684878,-0.599905,0.413588
0,0,0.804697,-0.473384,0.358287
0,0,-0.0535322,-0.961463,0.269672
0,0,-0.489213,-0.45182,0.746009
0,0,0.704916,-0.0195775,0.70902
0,0,-0.211822,-0.932438,0.29273
0,0,0.62979,-0.585899,0.509988
0,0,-0.351718,0.782853,0.51326
0,0,-0.717153,0.696204,0.0314829
0,0,-0.380747,-0.889841,0.251427
13.4129,18.232,0.25522,-0.434763,0.863622
0,0,0.702503,0.0880036,0.706219
0,0,-0.575601,-0.543452,0.611019
0,0,0.651791,-0.323407,0.685986
0,0,0.734073,-0.529627,0.425009
0,0,-0.14662,-0.29863,0.943039
1.41552,2.41873,0.324595,0.528161,0.784655
0,0,0.756376,0.424739,0.497485
0,0,0.921224,0.377382,0.0944965
0,0,-0.551239,-0.514725,0.656653
0,0,-0.669222,0.589879,0.451868
0,0,-0.747801,0.508415,0.426975
0,0,0.541338,0.0160829,0.840651
0,0,-0.654977,0.502111,0.564703
0,0,-0.129228,-0.961417,0.242852
0,0,0.204469,-0.456128,0.866106
0,0,-0.57193,0.742723,0.348223
0,0,-0.741209,-0.36584,0.562823
0,0,-0.889265,0.146009,0.433463
0,0,-0.997738,-0.0111787,0.0662872
0,0,-0.0559318,-0.818163,0.57226
0,0,-0.924305,0.354846,0.140517
0,0,0.0167818,0.471247,0.881842
0,0,-0.407919,-0.801496,0.437271
0,0,-0.879933,-0.421503,0.219209
0,0,-0.450078,-0.682018,0.576439
0,0,0.122036,0.485788,0.865516
0,0,-0.879309,-0.471297,0.068518
0,0,0.725045,0.495069,0.478766
0,0,-0.839501,0.480332,0.254005
0,0,0.649146,-0.709158,0.275146
8.92906,11.1787,0.157525,0.191153,0.968838
0,0,-0.57559,-0.765469,0.287669
0,0,-0.234789,0.925078,0.298506
0,0,0.700367,0.673849,0.235401
0,0,-0.384011,-0.645557,0.660145
0,0,-0.536515,0.833648,0.131083
0,0,0.74082,0.655873,0.144967
0,0,0.981721,0.146324,0.121708
0,0,0.0798646,-0.759256,0.645873
0,0,0.596504,0.169417,0.784526
0,0,0.660845,0.743364,0.103409
0,0,-0.51475,-0.746402,0.421801
23.2099,35.2746,-0.793585,-0.607013,0.0419377
0,0,-0.264298,0.482284,0.835194
0,0,0.928463,-0.350873,0.121836
0,0,-0.0597894,-0.958644,0.278256
0,0,-0.172865,-0.984161,0.0393047
0,0,-0.946923,-0.304461,0.103151
16.5809,23.0165,0.41937,0.194114,0.886819
0,0,0.878996,-0.468003,0.0913143
0,0,-0.558258,0.123226,0.820465
0,0,0.342878,-0.874728,0.34247
0,0,0.300883,-0.456945,0.837061
0,0,0.374582,0.31163,0.873255
0,0,0.310831,-0.925551,0.216193
0,0,-0.542373,-0.215874,0.81193
0,0,-0.941705,0.273101,0.196488
4.369,5.21748,-0.330869,-0.082707,0.940045
0,0,-0.810678,0.238911,0.534531
0,0,0.908889,-0.239293,0.341555
0,0,-0.476019,-0.232095,0.848256
0,0,-0.0280802,-0.800383,0.59883
0,0,0.566994,-0.444925,0.693223
0,0,0.0394663,-0.888381,0.457407
0,0,-0.877313,-0.351121,0.327165
0,0,-0.876553,-0.261016,0.404383
0,0,-0.28801,0.6295,0.721651
0,0,-0.755142,0.628714,0.185685
0,0,0.984438,0.158864,0.0751229
0,0,0.473737,0.804343,0.358615
0,0,-0.689785,0.700055,0.184715
0,0,-0.79727,-0.273147,0.538285
0,0,0.301179,0.362656,0.881914
0,0,0.979871,0.183992,0.0774643
0,0,-0.870504,0.416318,0.262491
0,0,-0.222696,0.874863,0.430142
0,0,0.604386,0.327122,0.726435
0,0,0.456598,-0.752657,0.474368
0,0,0.804171,-0.551588,0.221493
0,0,0.354154,-0.674307,0.647986
0,0,0.664742,0.746385,0.0320497
0,0,-0.304894,-0.0686906,0.949906
0,0,0.451038,0.891981,0.0305843
0,0,0.798424,-0.279058,0.533522
0,0,0.259262,-0.893513,0.36663
0,0,0.75982,-0.367973,0.535975
15.0928,21.6341,0.170157,0.155465,0.973076
0,0,-0.534208,-0.0484426,0.843964
0,0,0.644277,-0.314552,0.697111
0,0,0.936864,0.119436,0.328666
0,0,0.216469,0.570638,0.792157
0,0,0.646353,-0.557471,0.521013
0,0,-0.10341,-0.780589,0.616431
0,0,0.973833,-0.216204,0.0700332
0,0,0.779716,0.00014814,0.626134
0,0,0.583275,0.143895,0.799428
0,0,0.476189,0.455065,0.752436
0,0,0.347048,0.887665,0.30267
0,0,0.915603,0.254287,0.311462
0,0,-0.966544,-0.256105,0.0142604
0,0,0.282221,0.213054,0.935393
0,0,-0.679142,-0.478409,0.556679
0,0,0.918534,-0.38961,0.0670785
0,0,0.886019,0.353296,0.300254
0,0,-0.105163,0.990738,0.0859036
0,0,-0.749244,-0.457787,0.478608
0,0,-0.675848,-0.670432,0.306188
0,0,0.294173,-0.315694,0.902109
0,0,0.41859,0.176756,0.890808
0,0,-0.94871,-0.280294,0.146237
0,0,-0.661917,0.741674,0.108562
0,0,0.702291,-0.679286,0.212972
0,0,-0.20631,0.954096,0.217112
0,0,-0.451543,-0.781332,0.430847
0,0,0.724001,-0.687311,0.058526
0,0,0.763891,-0.385296,0.517705
0,0,0.69345,-0.51648,0.502371
0,0,0.823902,0.516057,0.234246
0,0,-0.114735,-0.337248,0.934398
0,0,0.306884,0.4999,0.80989
0,0,-0.533425,-0.82902,0.16788
0,0,0.678684,-0.60648,0.41421
0,0,-0.557049,0.453719,0.695583
8.18043,11.9048,-0.381764,-0.892716,0.239403
0,0,-0.595895,-0.762387,0.252338
0,0,0.873045,-0.452205,0.182491
0,0,0.417729,0.907431,0.0455027
0,0,-0.291539,0.399421,0.869177
0,0,0.613771,-0.763283,0.201705
0,0,0.501003,-0.742066,0.445348
0,0,-0.834073,-0.0475124,0.549604
0,0,0.270475,-0.960025,0.0720743
0,0,-0.503574,-0.861497,0.0650899
0,0,-0.779912,0.625647,0.0173988
0,0,-0.826734,0.516259,0.223579
0,0,0.959137,-0.072041,0.273619
0,0,-0.0062286,-0.853869,0.52045
0,0,0.0954693,0.741412,0.664224
0,0,-0.434498,0.0448607,0.899555
0,0,-0.375262,0.498448,0.781491
0,0,-0.38792,-0.589529,0.708501
0,0,-0.670442,-0.464601,0.578493
0,0,0.917384,0.0184256,0.397576
0,0,-0.162855,-0.981445,0.101218
0,0,0.541842,-0.668052,0.510014
0,0,0.30164,0.388634,0.870619
0,0,0.38851,-0.667401,0.635323
0,0,0.587153,0.712962,0.383324
0,0,0.0219632,0.990781,0.133678
0,0,0.771755,-0.635903,0.00461828
0,0,0.756502,0.518448,0.398644
0,0,0.267128,-0.395827,0.878615
0,0,-0.68254,-0.37327,0.628338
0,0,0.49789,0.414975,0.761513
0,0,0.820784,-0.480806,0.308445
6.46945,7.11827,-0.0237416,-0.268983,0.962852
0,0,0.147348,-0.706915,0.69178
0,0,-0.393477,0.829022,0.397363
0,0,-0.1111,0.686072,0.719001
0,0,-0.282306,0.856353,0.432391
12.1976,17.42,-0.0924414,-0.148624,0.984564
0,0,0.57052,-0.464632,0.677218
0,0,0.149587,0.226867,0.96237
0,0,-0.118034,0.936502,0.3302
0,0,-0.911588,-0.107413,0.396824
0,0,0.0184793,0.859218,0.511276
0,0,0.919345,-0.255505,0.299202
6.45689,9.49797,-0.264014,-0.880424,0.393891
0,0,-0.103228,-0.624911,0.773841
0,0,0.409722,0.793862,0.449346
0,0,0.719268,0.445645,0.532967
0,0,0.742248,0.224061,0.631557
0,0,-0.0622446,0.387272,0.919862
0,0,0.476248,-0.753966,0.452464
0,0,-0.0632737,0.997914,0.0128308
0,0,0.635337,0.0498307,0.770626
0,0,0.91547,0.302603,0.265229
0,0,-0.267441,-0.920416,0.285147
0,0,-0.0756412,0.996282,0.0412394
0,0,0.990661,-0.069979,0.117022
0,0,-0.617545,0.756395,0.215652
0,0,0.750083,-0.660709,0.028971
0,0,-0.392934,-0.68357,0.615089
0,0,0.95117,0.090516,0.295097
5.16428,7.17692,0.22137,-0.675266,0.703571
0,0,-0.591285,-0.806462,0.000977836
0,0,0.82324,-0.472962,0.31398
0,0,0.910775,-0.320974,0.25974
0,0,-0.125945,-0.306479,0.943509
0,0,-0.0666497,-0.989662,0.126993
0,0,-0.260648,-0.789742,0.555311
0,0,0.149337,-0.943131,0.296988
0,0,-0.917038,0.325332,0.230652
0,0,0.150673,0.942981,0.296789
0,0,0.761058,-0.122014,0.637105
0,0,0.413647,0.711062,0.568583
0,0,0.415185,0.58134,0.699761
0,0,0.0699909,0.0786015,0.994446
0,0,0.733946,-0.664636,0.139934
0,0,0.297649,-0.443316,0.845503
0,0,0.315545,-0.674086,0.667862
0,0,-0.424289,0.863167,0.273719
0,0,-0.357635,-0.367128,0.85867
0,0,0.0384773,0.803981,0.593409
21.0874,31.0121,-0.880116,0.105215,0.462954
0,0,0.86418,0.261332,0.429999
0,0,0.638839,0.549105,0.538858
0,0,-0.47624,0.808983,0.34459
0,0,-0.621978,-0.615774,0.483699
0,0,-0.855604,0.517431,0.0143819
0,0,-0.446659,0.294659,0.844791
0,0,0.602228,0.607078,0.518438
0,0,-0.362829,-0.186387,0.913025
0,0,0.00867317,0.54943,0.835495
0,0,-0.790273,0.0822944,0.607204
0,0,-0.997221,-0.0625994,0.040402
0,0,0.839553,0.186201,0.510372
0,0,-0.778328,-0.0602499,0.62496
0,0,-0.586333,-0.758696,0.283891
0,0,-0.456352,0.873368,0.170211
0,0,-0.0684429,0.807524,0.58585
21.8142,31.9577,0.176798,-0.244063,0.953507
0,0,-0.568167,0.751722,0.334815
0,0,-0.883075,0.306172,0.35558
0,0,0.189415,-0.69222,0.696386
0,0,0.22302,0.2478,0.942792
0,0,-0.762443,-0.0481745,0.64526
0,0,0.272289,0.297983,0.914913
0,0,-0.629886,-0.122782,0.766921
0,0,-0.828157,0.539141,0.153243
0,0,0.629424,0.342771,0.697376
0,0,-0.743036,-0.64977,0.160302
0,0,-0.0322309,-0.583625,0.811383
0,0,-0.449913,-0.874799,0.179733
0,0,-0.514879,0.848491,0.12232
0,0,0.520864,-0.514766,0.680967
0,0,0.79518,-0.03749,0.605214
0,0,-0.59239,-0.535442,0.601977
0,0,-0.0270547,-0.507295,0.861347
0,0,-0.922283,0.113933,0.369343
0,0,-0.82772,0.55635,0.0731718
0,0,0.653447,0.473762,0.590387
0,0,0.220306,0.757849,0.614109
0,0,-0.0381545,-0.87892,0.475441
0,0,0.101026,0.994541,0.026133
0,0,0.347479,-0.266113,0.899134
0,0,0.351549,0.790564,0.501419
0,0,-0.927628,-0.367712,0.0655284
6.71653,9.90735,0.264832,-0.0819147,0.960809
0,0,0.215779,0.823943,0.523982
0,0,-0.404142,-0.165033,0.899685
0,0,-0.784903,-0.327747,0.525841
0,0,0.129229,-0.357959,0.924751
0,0,-0.111967,0.984787,0.132884
0,0,-0.955743,-0.229223,0.184421
14.7922,20.7362,-0.14233,-0.120895,0.982408
0,0,0.593456,-0.588069,0.549531
0,0,0.555961,-0.163929,0.814883
0,0,0.226618,-0.697514,0.679793
0,0,-0.310882,0.584542,0.749442
0,0,-0.152624,0.850102,0.504016
0,0,0.67988,-0.424241,0.598149
0,0,0.979542,-0.124351,0.158223
0,0,-0.644753,0.749241,0.151434
0,0,0.907935,-0.0946089,0.408294
0,0,0.929015,0.00371009,0.370025
0,0,0.0132444,0.982946,0.183418
0,0,-0.641304,0.755967,0.131312
0,0,0.530195,0.806862,0.260514
0,0,0.815121,0.387554,0.430557
0,0,-0.809274,-0.582761,0.0739201
0,0,-0.728792,0.66775,0.151565
0,0,-0.4328,-0.677747,0.594426
0,0,0.67452,0.308473,0.670722
0,0,0.126454,-0.225872,0.965915
0,0,0.964745,-0.254395,0.067458
0,0,0.639724,0.753911,0.149571
0,0,0.650151,0.437552,0.621171
0,0,0.535531,0.773897,0.338068
0,0,0.877865,-0.212007,0.429425
0,0,-0.799849,0.569239,0.190285
0,0,0.124405,-0.982256,0.140343
0,0,0.581145,0.785107,0.214189
0,0,0.34921,-0.585909,0.731275
0,0,0.147401,-0.669748,0.727812
0,0,0.856271,-0.414293,0.308483
0,0,-0.669614,-0.391965,0.630857
0,0,0.877161,0.450591,0.166001
15.8965,22.3507,-0.0557691,0.394807,0.91707
0,0,0.817389,-0.266955,0.5105
16.054,23.5111,-0.0159287,-0.305784,0.951968
0,0,-0.554762,-0.0594568,0.829882
0,0,0.625741,-0.605014,0.492348
0,0,0.618403,0.766156,0.174877
0,0,-0.0413188,0.851479,0.522759
0,0,0.176432,0.801771,0.570994
0,0,-0.896265,-0.302105,0.324719
0,0,-0.735169,0.113363,0.668338
0,0,-0.448656,0.49559,0.743706
0,0,-0.930819,-0.186683,0.314206
0,0,-0.491572,-0.0544215,0.869135
0,0,-0.869399,0.304558,0.38909
0,0,0.475868,-0.864071,0.164108
0,0,-0.999342,-0.0023224,0.0362046
0,0,-0.758493,-0.631774,0.159845
0,0,0.567109,-0.648019,0.508388
0,0,0.658212,0.424432,0.621783
14.1437,21.3808,-0.459414,-0.358256,0.812768
0,0,-0.644915,-0.025087,0.763843
0,0,0.880912,0.45694,0.123289
0,0,0.391343,0.899998,0.191973
0,0,-0.527082,-0.554829,0.643699
0,0,-0.182201,-0.460654,0.868678
0,0,-0.0369263,-0.841712,0.538663
0,0,-0.00532595,0.671661,0.74084
0,0,0.0561489,-0.925485,0.374599
0,0,0.554468,-0.600163,0.576515
0,0,-0.893929,0.071374,0.442488
0,0,-0.609272,-0.792951,0.00397877
0,0,0.298636,-0.386329,0.872678
0,0,0.470348,-0.872622,0.131545
0,0,0.74481,0.568982,0.348595
0,0,-0.281676,-0.943331,0.175456
0,0,0.135922,-0.837375,0.529461
0,0,0.0836172,-0.906031,0.414869
0,0,-0.605865,0.135215,0.783993
0,0,-0.836501,0.542794,0.0751022
0,0,0.396692,0.463465,0.792361
0,0,0.589849,0.495015,0.637996
0,0,0.0658914,0.957641,0.280324
0,0,-0.00684532,-0.790848,0.611975
0,0,0.49002,-0.498074,0.715404
0,0,0.658853,-0.486427,0.573848
0,0,0.688783,-0.690804,0.219928
0,0,-0.244407,-0.337222,0.909146
0,0,0.229489,0.336791,0.913185
0,0,0.141672,-0.965184,0.219885
0,0,-0.256169,0.9656,0.0446634
0,0,-0.116163,0.542051,0.832278
0,0,-0.849107,0.124205,0.51341
0,0,0.106744,-0.557113,0.823548
0,0,0.931344,0.147172,0.333074
0,0,0.607412,-0.574765,0.548358
0,0,-0.444021,-0.24766,0.86111
0,0,0.728817,0.5837,0.357939
0,0,0.18849,-0.544674,0.817192
0,0,0.436381,0.681198,0.587827
0,0,-0.214749,-0.954625,0.206336
0,0,0.993505,-0.0583058,0.0977107
0,0,-0.792399,-0.0225137,0.609587
0,0,-0.930858,-0.322011,0.172661
0,0,-0.895109,-0.195332,0.40078
0,0,0.18781,-0.0878918,0.978265
0,0,0.620031,-0.784045,0.0288965
0,0,-0.874013,-0.446013,0.192805
0,0,-0.00126485,0.557458,0.830204
0,0,0.235423,-0.067573,0.969541
0,0,-0.231294,-0.733827,0.63875
0,0,0.307358,-0.841848,0.443648
0,0,0.306832,-0.143869,0.940827
0,0,0.434228,-0.899103,0.0553143
0,0,0.327773,-0.904975,0.271266
0,0,0.913372,0.0582202,0.402942
0,0,-0.900966,0.0758944,0.427201
0,0,0.649373,-0.713861,0.262141
0,0,-0.372412,0.390177,0.842064
0,0,-0.0325262,-0.833946,0.550887
0,0,-0.319113,-0.752803,0.575721
0,0,-0.669804,0.667582,0.32511
0,0,-0.814284,0.579235,0.0377924
0,0,0.867968,0.331901,0.369423
0,0,-0.67314,-0.686124,0.275892
0,0,-0.208616,-0.702466,0.680457
0,0,0.532017,0.389471,0.751845
0,0,-0.304652,-0.946479,0.106602
0,0,-0.71088,0.0892278,0.697631
0,0,0.209218,0.952057,0.223193
0,0,-0.0944998,0.900067,0.425381
0,0,0.822083,-0.0202403,0.569007
0.930967,1.16588,0.463789,-0.884261,-0.0546061
0,0,0.925437,0.130506,0.355716
0,0,0.811152,-0.473031,0.34391
0,0,0.289984,0.796417,0.530688
0,0,-0.419043,0.890688,0.176289
0,0,-0.409803,0.141116,0.901193
0,0,-0.575959,0.472763,0.666908
0,0,0.234318,0.896495,0.376021
0,0,-0.962955,0.206802,0.173065
0,0,-0.300774,-0.807182,0.50793
0,0,-0.103559,0.776597,0.621428
0,0,0.43615,-0.516642,0.736787
0,0,-0.886724,0.457487,0.0665281
0,0,0.581089,-0.555177,0.595075
0,0,0.0648819,0.439404,0.895944
0,0,0.144272,-0.863245,0.483729
0,0,-0.835711,0.542313,0.0865115
0,0,-0.814603,0.572275,0.0944583
0,0,-0.973347,0.210999,0.0898565
19.7652,25.3538,0.132294,0.599884,0.789074
0,0,0.587495,-0.601204,0.541667
0,0,0.373144,0.784123,0.495899
0,0,-0.147363,0.967867,0.203761
0,0,0.696224,-0.0128323,0.71771
0,0,-0.996372,0.028038,0.080357
0,0,-0.209153,-0.55332,0.806283
0,0,-0.275355,-0.599962,0.751149
0,0,-0.692047,0.640296,0.333304
0,0,0.449929,0.546954,0.705978
0,0,-0.885334,0.257545,0.387111
0,0,0.733475,-0.612684,0.294335
0,0,-0.294799,0.797543,0.526325
0,0,-0.585778,-0.572547,0.573632
0,0,-0.465521,-0.569936,0.677099
0,0,0.330859,-0.888039,0.319247
0,0,0.0046276,-0.889242,0.457413
0,0,-0.139793,-0.835777,0.530975
0,0,-0.226603,0.800487,0.554862
0,0,-0.0586346,0.998254,0.00712206
0,0,-0.456339,-0.85204,0.25648
0,0,0.825523,0.440313,0.353038
0,0,-0.339919,-0.688037,0.64114
0,0,0.735189,-0.23548,0.635646
0,0,0.510591,0.154123,0.845898
0,0,0.727182,0.284222,0.624839
0,0,-0.41873,-0.158981,0.894086
0,0,-0.0171682,0.737172,0.675486
0,0,0.128364,0.983992,0.12362
0,0,-0.879734,-0.472557,0.0525195
0,0,0.551341,0.782618,0.289019
0,0,-0.332866,-0.411905,0.848254
0,0,-0.645522,-0.641614,0.414286
0,0,0.402411,0.79526,0.453461
0,0,0.222923,-0.945156,0.238717
0,0,-0.855635,0.431988,0.285087
0,0,-0.899917,-0.270066,0.342366
0,0,-0.591036,-0.743137,0.313724
0,0,0.280723,-0.58308,0.762373
5.54875,9.01489,0.242595,0.258204,0.935135
0,0,0.0427654,0.602703,0.796819
0,0,-0.462674,-0.855718,0.231689
0,0,-0.652431,0.186472,0.734549
0,0,-0.3772,0.769037,0.516044
0,0,0.206133,0.667268,0.715725
0,0,0.961322,0.275112,0.0131401
0,0,-0.899419,0.421821,0.114514
0,0,-0.254621,-0.359255,0.897833
0,0,0.431095,-0.384772,0.816154
0,0,0.715258,-0.4095,0.566318
0,0,-0.583345,-0.812083,0.0151325
0,0,-0.40766,-0.158077,0.899347
0,0,-0.145305,-0.819843,0.553845
0,0,0.321916,0.0624083,0.944709
0,0,0.480779,-0.703945,0.522794
0,0,0.559898,-0.193913,0.805551
0,0,-0.163802,-0.66263,0.730814
0,0,0.705305,-0.290684,0.646566
0,0,-0.96255,0.257703,0.0841838
0,0,0.243677,-0.262284,0.933718
0,0,-0.4345,-0.89103,0.131436
0,0,0.936492,0.0595105,0.345602
0,0,-0.309789,0.155506,0.938003
0,0,-0.936551,-0.349593,0.0256444
0,0,0.248217,0.573687,0.780559
0,0,-0.635456,-0.751202,0.17858
0,0,-0.302102,0.822849,0.481305
0,0,0.681174,-0.48864,0.545191
0,0,0.439654,0.0516172,0.896683
0.727067,0.987266,-0.168495,-0.346805,0.922678
0,0,-0.465962,0.359525,0.808469
0,0,0.893031,-0.406723,0.192541
0,0,-0.565678,-0.799707,0.201188
0,0,-0.564159,0.749598,0.346161
0,0,-0.00292213,0.954305,0.298821
0,0,-0.928038,-0.267484,0.259224
0,0,0.0164675,-0.193499,0.980962
0,0,0.607855,-0.737963,0.293125
0,0,-0.914323,-0.208237,0.347348
0,0,0.612182,0.467382,0.6378
0,0,0.00617014,0.301443,0.953464
0,0,0.559471,0.67761,0.477322
0,0,-0.552773,-0.375431,0.743972
0,0,-0.674661,-0.713918,0.187493
0,0,0.297851,-0.0408475,0.953738
0,0,-0.598567,-0.798112,0.0688145
0,0,-0.605113,0.324884,0.726835
0,0,0.727317,0.570678,0.38123
0,0,0.68066,0.681478,0.268866
0,0,-0.822942,-0.55881,0.102457
0,0,0.851161,0.173501,0.495402
0,0,0.64508,-0.443661,0.622122
0,0,0.0617613,0.941106,0.332424
0,0,-0.143349,0.0334434,0.989107
0,0,0.306699,-0.847725,0.432779
0,0,-0.901042,-0.0402076,0.431863
0,0,-0.247486,-0.351729,0.902794
0,0,0.630686,-0.703462,0.327682
0,0,-0.423816,-0.32692,0.844691
20.203,29.4926,-0.911201,0.0917347,-0.40162
0,0,-0.542918,-0.657849,0.521991
0,0,-0.664347,-0.0841826,0.742668
0,0,0.369741,-0.754681,0.541985
0,0,0.867262,-0.437238,0.238076
0,0,-0.884953,0.0186383,0.465306
0,0,-0.210396,-0.207266,0.955392
20.3321,29.9013,-0.0547662,0.870566,0.488994
0,0,0.0863136,0.898191,0.43105
0,0,0.624646,0.254184,0.738382
0,0,-0.225965,-0.600148,0.767308
0,0,-0.804806,0.561346,0.192818
0,0,0.98408,0.176477,0.0210209
0,0,-0.539503,-0.314023,0.781234
0,0,-0.164844,-0.920055,0.355422
0,0,-0.87853,0.434778,0.197871
0,0,-0.0827931,-0.931059,0.35535
0.569205,1.02003,0.213549,0.087878,0.972972
0,0,-0.581691,0.463286,0.668582
0,0,-0.168221,0.981506,0.0913646
0,0,0.538737,0.769549,0.342865
0,0,-0.838269,0.537303,0.0927892
0,0,0.725168,-0.359699,0.587153
0,0,-0.529332,-0.768131,0.360254
0,0,-0.835066,0.521436,0.175412
0,0,0.329877,0.865917,0.37599
23.6847,33.2532,0.0135022,0.297824,0.954525
0,0,0.778026,0.609395,0.152687
0,0,0.322629,0.942751,0.0844445
0,0,-0.571393,-0.616117,0.542135
0,0,0.688169,0.537047,0.487857
0,0,-0.853543,0.519969,0.0330998
0,0,-0.0356117,0.981906,0.18599
0,0,0.304944,0.389205,0.869212
0,0,-0.389965,-0.800186,0.455665
0,0,0.20807,-0.63315,0.745539
0,0,-0.0852267,-0.86213,0.499468
0,0,-0.922455,-0.377796,0.0796701
0,0,0.322091,-0.305288,0.896134
0,0,0.871854,0.23467,0.429885
0,0,-0.754766,-0.542708,0.368506
0,0,0.9131,0.404505,0.0512295
0,0,0.626911,-0.778781,0.0219746
0,0,0.117796,0.95577,0.269496
0,0,0.992789,-0.119822,0.00366607
0,0,0.389958,-0.181955,0.902677
0,0,0.956371,0.0161117,0.29171
0,0,-0.542481,-0.15861,0.824959
0,0,-0.462996,0.668151,0.582416
0,0,-0.920201,0.368964,0.130751
0,0,0.977139,-0.165621,0.133304
0,0,0.943967,-0.0827543,0.319496
0,0,-0.464135,-0.698408,0.544798
0,0,-0.465802,0.281886,0.83879
0,0,0.159861,-0.0743963,0.984332
0,0,0.517069,-0.33288,0.788562
0,0,-0.241212,0.895777,0.373365
0,0,-0.465641,0.116839,0.877227
0,0,-0.726758,0.264504,0.633925
0,0,0.142033,-0.560108,0.816153
0,0,-0.596629,0.454345,0.661517
0,0,0.428964,0.899888,0.0786796
0,0,-0.887408,0.201426,0.41465
0,0,-0.894953,0.205216,0.396164
0,0,0.770032,0.594085,0.232623
0,0,-0.986531,-0.0726855,0.146537
0,0,-0.17466,-0.471723,0.864275
0,0,-0.790744,0.595047,0.143678
0,0,0.206613,-0.86314,0.46076
0,0,-0.339561,-0.778159,0.528362
0,0,0.673484,-0.582103,0.455604
0,0,0.751821,-0.362954,0.550481
0,0,-0.0422274,0.579312,0.814011
0,0,0.327334,0.336181,0.883082
0,0,0.699555,-0.025199,0.714134
0,0,0.768154,-0.416065,0.486651
0,0,0.780861,0.503839,0.369328
0,0,0.971872,0.129305,0.196838
0,0,-0.467616,-0.505066,0.725427
0,0,0.404815,0.877606,0.256772
0,0,-0.209299,0.759115,0.616391
0,0,0.873167,-0.432212,0.225328
0,0,0.409177,0.562761,0.718244
0,0,-0.948958,0.312054,0.0458424
0,0,0.284124,-0.420382,0.861715
0,0,0.85201,-0.490443,0.183151
0,0,-0.101597,0.144372,0.984294
0,0,-0.594892,-0.794359,0.122871
0,0,0.521597,-0.104454,0.846774
0,0,-0.245246,0.83911,0.48554
0,0,0.631527,-0.745881,0.211743
0,0,-0.775188,0.0227075,0.631322
0,0,0.798662,0.492506,0.345799
0,0,-0.662766,-0.739953,0.114942
0,0,0.597916,0.364953,0.713656
0,0,-0.0851116,-0.861249,0.501006
0,0,-0.3499,0.932477,0.0897577
0,0,-0.08092,0.639105,0.764851
0,0,0.205747,-0.824373,0.527329
0,0,0.838016,-0.526075,0.144824
0,0,0.238931,-0.434431,0.868436
0,0,-0.494782,0.0973584,0.863546
0,0,-0.96376,0.21821,0.153463
0,0,-0.38958,0.46053,0.797584
0,0,-0.931622,0.354805,0.0787058
0,0,0.846546,0.476416,0.23746
0,0,-0.478188,0.752075,0.453563
0,0,-0.327699,-0.180435,0.927393
0,0,0.64582,0.708293,0.285021
0,0,-0.466826,-0.837446,0.284178
0,0,-0.295582,0.128646,0.946616
0,0,0.534955,0.844682,0.0183398
0,0,0.175649,-0.33704,0.92496
0,0,0.996217,0.0821287,0.0283993
0,0,-0.734526,0.468538,0.490859
0,0,-0.894205,0.43509,0.105334
0,0,-0.655096,0.298398,0.694124
0,0,0.648557,-0.760517,0.0314228
0,0,0.800999,0.568768,0.186825
0,0,0.962189,0.0777381,0.261053
0,0,-0.585676,-0.0571528,0.808528
0,0,0.0237184,-0.854256,0.519311
0,0,0.0327868,-0.608057,0.793216
0,0,-0.701287,0.230723,0.67451
0,0,0.99229,-0.0397785,0.117384
0,0,-0.0165466,-0.77627,0.630184
0,0,-0.213622,-0.975966,0.0430784
0,0,-0.281236,0.951748,0.122805
0,0,-0.655434,-0.639377,0.402
0,0,-0.828095,0.0167421,0.560337
0,0,0.232009,0.895772,0.379162
0,0,-0.376595,0.871987,0.312755
0,0,-0.0755345,-0.399486,0.913622
0,0,0.647125,-0.488331,0.585458
0,0,-0.804999,0.119913,0.581032
0,0,-0.551758,-0.824776,0.123723
0,0,-0.820963,-0.523863,0.227127
0,0,-0.49763,-0.848727,0.178963
0,0,-0.465465,-0.860028,0.209032
0,0,-0.333118,-0.695142,0.637032
0,0,-0.293199,-0.812347,0.50411
0,0,0.526832,0.725182,0.44335
0,0,0.550189,-0.232738,0.801951
0,0,0.0880711,-0.995479,0.0355589
0,0,0.798247,-0.50922,0.321709
0,0,0.537518,-0.166536,0.826644
0,0,0.201404,0.914549,0.350765
0,0,0.733194,-0.313084,0.60366
0,0,-0.320332,-0.900594,0.293798
0,0,0.797752,-0.0199356,0.602656
0,0,0.426074,0.653307,0.62582
0,0,-0.786464,-0.608163,0.107755
0,0,0.117053,0.401172,0.908493
0,0,-0.856315,-0.386109,0.342994
0,0,0.0987735,-0.994489,0.0351376
0,0,0.638966,0.735614,0.224933
0,0,0.243665,0.926292,0.287421
0,0,0.991657,0.00969063,0.128536
0,0,-0.857874,0.434866,0.27376
0,0,-0.449824,-0.873974,0.183924
0,0,0.455434,0.747247,0.483944
0,0,0.0790616,-0.438928,0.895037
0,0,-0.955668,-0.203127,0.213163
0,0,0.18768,0.981205,0.0448674
0,0,0.551618,0.830671,0.0755215
0,0,0.503811,0.534676,0.678451
0,0,-0.175014,-0.828522,0.531903
0,0,0.177999,-0.981392,0.0720136
0,0,-0.548125,-0.802431,0.235931
0,0,-0.303806,-0.951746,0.0433862
0,0,0.145184,0.967719,0.206012
0,0,0.934432,0.355835,0.0147712
0,0,0.506058,0.0405398,0.861546
0,0,0.910192,0.366121,0.193664
0,0,0.522949,-0.160055,0.837202
0,0,-0.770682,-0.0485242,0.63537
0,0,0.623458,-0.116498,0.773129
0,0,0.519717,-0.755089,0.399668
0,0,0.860067,0.264666,0.436161
0,0,0.957135,0.269904,0.105094
0,0,-0.015274,0.515444,0.856787
0,0,0.114039,-0.718006,0.686631
0,0,0.510855,0.545808,0.664169
0,0,0.91818,-0.371205,0.138394
0,0,0.938596,-0.309745,0.151973
0,0,-0.0601092,-0.564796,0.823039
0,0,-0.896594,-0.0440052,0.440661
0,0,0.0271891,0.967058,0.253098
0,0,0.833965,-0.385179,0.395145
0,0,0.898608,0.415352,0.141375
0,0,-0.144548,-0.477534,0.866641
0,0,0.671814,-0.469215,0.573152
0,0,0.0787278,0.940485,0.330589
0,0,0.639358,0.685633,0.348036
0,0,0.866875,0.359243,0.345647
0,0,-0.394255,-0.914356,0.0922796
0,0,-0.940491,0.246814,0.233578
0,0,-0.279127,0.316782,0.906497
0,0,0.122437,-0.968369,0.21742
0,0,-0.691107,0.656052,0.30326
0,0,-0.451988,-0.780929,0.431112
19.5334,26.5452,-0.360606,0.220274,0.906335
0,0,0.0389055,-0.379811,0.924245
0,0,-0.460449,0.00179672,0.887684
0,0,-0.364112,0.00496617,0.931342
0,0,0.485609,-0.691038,0.535398
0,0,0.538102,-0.556005,0.633486
0,0,0.52885,-0.575463,0.623826
0,0,-0.316621,0.931672,0.178151
0,0,-0.0827703,-0.456681,0.885772
0,0,0.07268,0.744141,0.664057
0,0,0.215672,-0.854506,0.472551
0,0,0.768629,-0.168126,0.617206
0,0,0.841387,-0.0460196,0.538471
0,0,0.98836,0.138923,0.0620038
0,0,0.848763,-0.459728,0.261251
0,0,0.363246,0.931681,0.00474594
0,0,-0.698866,-0.433125,0.5692
0,0,-0.928853,-0.313196,0.197841
0,0,-0.792418,0.101821,0.60142
24.3889,33.9274,-0.064371,0.930106,0.361607
0,0,0.913343,-0.367943,0.174419
0,0,0.281248,-0.903171,0.324317
0,0,0.574351,-0.123526,0.809236
0,0,-0.531149,-0.395255,0.749436
0,0,0.0709229,0.959746,0.271769
0,0,0.967505,0.204072,0.149294
0,0,0.918566,0.143231,0.368405
0,0,-0.164824,-0.384613,0.908243
0,0,-0.296098,0.916355,0.269482
0,0,0.300337,-0.858156,0.416373
0,0,-0.200915,-0.918357,0.34096
0,0,0.838836,-0.0881077,0.537206
0,0,0.441723,-0.514931,0.734661
0,0,0.681645,-0.327285,0.654404
0,0,-0.215513,-0.808212,0.548039
0,0,-0.492015,-0.676558,0.547896
0,0,-0.589606,-0.655047,0.472524
0,0,0.580486,-0.65076,0.489436
0,0,-0.56772,0.709509,0.417482
0,0,0.182817,-0.255074,0.949481
23.542,30.2795,0.30154,0.512569,0.803957
0,0,-0.967409,0.175237,0.182786
0,0,0.522252,0.820739,0.231604
0,0,0.809874,0.443768,0.383633
0,0,0.310235,0.486948,0.816478
0,0,0.0203458,-0.799105,0.600847
0,0,0.51816,-0.615817,0.593531
0,0,-0.631659,-0.640859,0.436241
0,0,-0.289274,0.71225,0.639547
0,0,0.437511,0.898903,0.0235986
0,0,-0.348829,0.852676,0.388925
0,0,-0.0303584,0.72442,0.68869
0,0,0.1508,-0.732836,0.663483
0,0,0.483164,0.322388,0.814014
0,0,0.00246966,-0.683192,0.730235
0,0,0.529682,-0.458804,0.713398
0,0,-0.199524,-0.978709,0.048159
0,0,-0.793935,-0.542258,0.274997
0,0,0.245918,-0.935719,0.25289
0,0,-0.348416,0.43463,0.830483
0,0,0.198169,-0.276594,0.940332
0,0,-0.335011,-0.447843,0.828977
0,0,0.695853,0.711551,0.0973861
0,0,0.656477,0.748452,0.0941118
0,0,-0.248761,-0.774626,0.58144
0,0,0.497946,-0.865842,0.0486583
0,0,-0.109148,-0.846695,0.520764
0,0,0.663297,0.33594,0.668716
0,0,-0.297846,-0.908722,0.292424
0,0,0.129687,0.745719,0.653517
7.12233,10.728,-0.956477,0.291787,0.00349348
0,0,0.481243,0.790596,0.378634
0,0,0.659565,0.750712,0.0374886
0,0,0.099955,0.380027,0.919559
0,0,-0.84272,0.316913,0.435189
0,0,0.902865,-0.429485,0.0194365
0,0,0.986511,-0.130485,0.0988424
0,0,-0.381039,-0.55689,0.738027
0,0,-0.811848,0.10469,0.574406
0,0,-0.970645,-0.239915,0.0170251
0,0,-0.339481,0.769664,0.540713
0,0,0.148789,-0.249606,0.956848
0,0,0.960577,-0.0239807,0.276977
0,0,0.197146,-0.818682,0.539345
0,0,0.0105725,0.443989,0.89597
0,0,-0.753554,0.257278,0.604949
0,0,-0.632929,-0.550152,0.544732
0,0,0.917454,0.100486,0.384943
0,0,0.26301,-0.526401,0.808534
0,0,0.12224,0.822778,0.555062
0,0,-0.428724,0.611496,0.665032
0,0,-0.0210942,0.965576,0.259265
0,0,-0.8506,0.356235,0.386751
0,0,0.674456,0.579925,0.456942
0,0,0.854708,-0.519055,0.0074647
0,0,0.442149,0.492616,0.749556
16.5121,23.7021,-0.34793,-0.757007,0.553069
0,0,-0.800341,0.565173,0.200083
0,0,0.0280626,0.664076,0.747138
0,0,0.0349418,0.99675,0.0725842
0,0,-0.57197,0.190304,0.797894
0,0,0.87569,0.0746123,0.477074
0,0,0.32528,0.944176,0.0521923
0,0,-0.946087,0.20406,0.251552
0,0,-0.060538,0.674568,0.735727
0,0,-0.444851,-0.616624,0.649524
0,0,-0.501097,-0.396551,0.769187
0,0,-0.534907,-0.245249,0.808534
0,0,0.834737,0.549781,0.0309123
0,0,-0.866043,0.0909137,0.491634
0,0,0.383266,-0.556752,0.736976
0,0,0.277125,0.935595,0.218776
0,0,0.458969,0.729217,0.507534
0,0,0.407798,-0.487431,0.772083
0,0,-0.137162,0.986388,0.090697
0,0,-0.950054,-0.255995,0.178505
0,0,0.225772,0.924316,0.307681
0,0,-0.956947,0.10292,0.271403
0,0,-0.330132,0.153969,0.931293
0,0,0.824083,-0.0959748,0.558279
0,0,-0.976269,0.135472,0.168954
0,0,0.796406,0.59835,0.0878305
0,0,0.497701,-0.747324,0.440227
0,0,-0.816196,0.571275,0.0864211
0,0,0.687081,0.69475,0.212704
0,0,-0.366885,0.561736,0.741517
22.1178,33.3634,0.913084,-0.394524,0.103095
0,0,0.7776,0.566863,0.272037
0,0,-0.467283,0.438308,0.767811
0,0,0.879185,0.439384,0.184325
0,0,0.668282,0.356979,0.65266
0,0,0.24258,-0.860974,0.447077
0,0,0.334062,0.217508,0.917111
0,0,0.634987,-0.163913,0.754933
0,0,0.737726,0.650329,0.181198
0,0,-0.69139,-0.431025,0.579826
0,0,-0.390306,-0.483414,0.783564
0,0,0.875753,-0.0477295,0.480394
0,0,0.522888,0.216768,0.824379
0,0,0.23787,-0.637338,0.732952
0,0,0.391854,-0.907958,0.148536
0,0,0.555725,0.830737,0.0323454
0,0,-0.78156,-0.563136,0.268405
0,0,-0.168396,-0.426695,0.88858
0,0,0.988403,0.045395,0.144908
0,0,-0.571653,0.542684,0.615391
0,0,-0.478935,0.305873,0.822839
0,0,-0.120948,0.87584,0.4672
0,0,-0.534187,0.845345,0.00596449
0,0,0.361304,0.893424,0.266934
0,0,-0.350534,-0.772003,0.530224
0,0,0.196946,-0.947397,0.252291
0,0,-0.956446,-0.243126,0.161559
0,0,0.0382243,0.998701,0.0336981
0,0,0.00273788,0.559659,0.828719
0,0,0.90386,-0.401814,0.146911
0,0,-0.824887,-0.254102,0.504968
0,0,-0.521746,-0.513991,0.680878
0,0,0.109108,0.154447,0.981958
0,0,-0.493881,-0.576679,0.650787
0,0,-0.238541,0.156694,0.958408
0,0,0.615749,-0.768673,0.173191
0,0,0.494642,-0.795537,0.349928
0,0,0.833106,0.462519,0.303334
0,0,-0.438124,0.876316,0.200292
0,0,0.104426,-0.77191,0.627096
0,0,-0.11948,0.434995,0.892471
0,0,-0.588612,-0.327514,0.739101
0,0,0.400679,0.784862,0.472703
0,0,0.223909,0.45665,0.861009
0,0,0.525261,-0.513409,0.67861
0,0,-0.576303,-0.227079,0.785054
0,0,-0.596195,0.415565,0.686919
0,0,-0.537683,-0.716985,0.443655
0,0,0.73735,-0.664829,0.119652
0,0,0.00190711,0.98153,0.191298
0,0,0.222356,-0.974764,0.0198306
0,0,0.904634,-0.0718245,0.420094
0,0,0.0235282,-0.82908,0.558635
0,0,-0.94859,-0.205128,0.24104
0,0,0.662748,0.660011,0.353766
0,0,0.75237,-0.626541,0.203432
0,0,0.73628,-0.675193,0.0447945
0,0,-0.818316,-0.551095,0.163257
0,0,-0.300561,0.870721,0.389241
0,0,-0.740176,0.372396,0.559875
0,0,0.531656,0.627935,0.568365
0,0,-0.661595,0.706822,0.250389
0,0,0.662314,0.538846,0.520563
0,0,-0.0361466,0.38505,0.922187
0,0,-0.202736,0.792367,0.575372
0,0,0.127982,0.447774,0.88494
0,0,-0.307979,0.445661,0.840557
0,0,-0.441773,0.796604,0.412624
0,0,0.171655,0.215874,0.961214
0,0,-0.249053,0.965366,0.077731
0,0,0.781567,-0.446843,0.435298
0,0,0.804562,0.593437,0.0226658
0,0,0.594214,-0.705268,0.386661
0,0,-0.612162,-0.577797,0.539823
0,0,-0.840397,-0.521825,0.146397
0,0,-0.604157,-0.473677,0.6408
0,0,-0.477345,-0.278386,0.833453
0,0,-0.696059,-0.127905,0.7065
0,0,0.0885154,0.664219,0.742279
0,0,-0.551535,-0.142823,0.821833
0,0,0.3684,0.787136,0.49467
0,0,0.506694,0.834725,0.215629
0,0,0.540777,-0.822906,0.174318
0,0,0.655724,0.62927,0.417188
0,0,0.318617,0.674646,0.665835
0,0,-0.969411,-0.136712,0.203842
0,0,-0.806516,0.167777,0.566906
0,0,-0.194876,0.93404,0.29932
0,0,0.146593,-0.00798551,0.989165
0,0,-0.538826,0.413604,0.733893
0,0,0.63231,-0.434684,0.641275
0,0,0.223322,-0.90081,0.372383
0,0,-0.00696913,-0.937341,0.348343
0,0,0.240248,-0.797811,0.552972
0,0,0.556302,-0.669915,0.491672
0,0,-0.690458,-0.416716,0.591283
0,0,0.722541,-0.61085,0.323723
0,0,-0.515453,-0.705402,0.486536
0,0,-0.18269,-0.595064,0.782638
0,0,0.438354,0.349758,0.827958
0,0,-0.747029,-0.628626,0.216283
0,0,0.927649,-0.098554,0.360213
0,0,0.54447,-0.652527,0.52703
0,0,0.56569,0.792307,0.228571
0,0,-0.66466,-0.234331,0.709448
0,0,0.968939,0.135855,0.206642
0,0,0.638818,0.039863,0.768324
0,0,0.757266,0.434586,0.487527
0,0,-0.5696,-0.351023,0.743195
0,0,-0.127331,0.899387,0.418198
0,0,0.376806,0.780573,0.498721
0,0,0.96826,-0.103558,0.227483
0,0,0.653948,-0.709944,0.261405
0,0,-0.364137,0.223562,0.904115
0,0,0.64698,0.0802823,0.758269
0,0,0.354307,0.814348,0.459678
0,0,0.475197,-0.753635,0.454118
0,0,0.20455,0.859491,0.468438
0,0,0.630874,-0.748401,0.204678
0,0,0.147019,0.970644,0.190356
0,0,-0.477343,0.322503,0.817396
5.73567,9.13417,0.695276,0.713904,-0.0832668
0,0,-0.17317,0.971278,0.163193
0,0,0.126742,-0.645014,0.753587
0,0,-0.113371,-0.58389,0.803878
0,0,-0.238205,-0.970675,0.0323787
23.5761,34.6671,-0.682602,0.0286054,-0.73023
0,0,-0.182684,0.890051,0.417654
0,0,0.962212,-0.271832,0.0159745
0,0,-0.309388,-0.71503,0.626906
0,0,0.135978,-0.831304,0.538929
0,0,-0.222041,0.497114,0.838794
0,0,0.672163,-0.415433,0.612872
0,0,0.555063,-0.751643,0.356283
0,0,-0.819579,0.565518,0.0920862
0,0,-0.967214,-0.253925,0.00441395
0,0,-0.676922,-0.456804,0.577154
0,0,-0.0555743,-0.0112981,0.998391
0,0,-0.460732,0.513117,0.72418
0,0,-0.636543,-0.737584,0.225351
0,0,-0.992833,0.0370603,0.11362
0,0,0.89327,0.318087,0.317631
0,0,0.878652,0.347492,0.327446
0,0,0.252232,0.851259,0.460148
0,0,-0.238353,0.586114,0.774376
0,0,0.346707,0.192024,0.918107
0,0,-0.835955,0.547828,0.0326229
0,0,0.965183,-0.12599,0.229233
0,0,-0.958908,0.280921,0.0397272
0,0,0.817901,-0.13301,0.559773
0,0,-0.182873,0.910467,0.370954
0,0,0.68045,-0.463773,0.567364
0,0,-0.91591,-0.279807,0.287778
0,0,0.910875,-0.171636,0.375297
0,0,-0.798955,-0.20761,0.564419
0,0,-0.159782,-0.620405,0.767833
16.1789,18.4083,-0.0764986,-0.159565,0.984219
0,0,-0.459054,0.33386,0.82329
0,0,0.382527,-0.219319,0.897537
0,0,0.527575,0.557394,0.641075
0,0,-0.761741,0.102973,0.639646
0,0,0.405502,-0.246446,0.880246
22.6073,31.312,-0.405455,-0.234976,0.883398
0,0,0.818425,-0.347523,0.457612
0,0,0.639406,-0.528319,0.558605
0,0,0.326762,0.191686,0.925464
0,0,0.10734,-0.720997,0.684574
0,0,-0.162479,0.0112186,0.986648
0,0,0.0533109,-0.88047,0.471095
0,0,-0.903422,-0.0918303,0.418803
0,0,0.18224,0.933151,0.309867
0,0,0.71957,0.0606359,0.691767
0,0,0.897393,0.192214,0.397165
0,0,-0.344319,-0.933424,0.10082
0,0,-0.656994,-0.00643161,0.753868
0,0,-0.361114,-0.310664,0.879252
0,0,0.976734,0.0573331,0.20665
0,0,0.9073,0.418576,0.0400073
0,0,0.583801,-0.416646,0.696837
0,0,0.984878,-0.102171,0.139919
0,0,0.987393,-0.158286,0.0009543
0,0,0.5077,0.440426,0.740449
0,0,-0.0217226,0.228953,0.973195
0,0,-0.576566,0.515332,0.634039
0,0,0.191986,-0.937265,0.29099
0,0,0.118268,-0.0239081,0.992694
0,0,-0.45055,-0.776234,0.440982
0,0,0.419321,-0.758963,0.498142
0,0,0.724456,-0.609168,0.322611
0,0,0.449971,0.56762,0.689444
0,0,-0.861537,0.406665,0.303937
0,0,-0.56691,0.0348811,0.823041
0,0,-0.108493,0.984129,0.140424
0,0,0.934684,0.355064,0.017175
0,0,-0.150422,0.834215,0.530526
0,0,-0.118199,0.611285,0.782534
0,0,-0.605156,0.729701,0.318312
0,0,-0.395403,-0.0233457,0.918211
0,0,-0.721209,0.351986,0.596626
0,0,0.81101,0.583933,0.0358439
0,0,0.162164,-0.54492,0.822657
0,0,-0.934278,0.219442,0.281017
0,0,-0.808952,0.09818,0.579618
0,0,-0.259093,0.927503,0.269462
0,0,0.667223,-0.0996106,0.738168
0,0,0.614969,0.253175,0.746804
0,0,-0.488954,-0.79406,0.361098
0,0,0.451845,0.695131,0.559132
0,0,0.504514,0.226404,0.833191
0,0,-0.546539,0.721741,0.424717
0,0,-0.505214,0.65404,0.56302
0,0,-0.690499,-0.721204,0.0554555
0,0,-0.909098,-0.267319,0.319503
0,0,0.167682,-0.589132,0.790447
0,0,-0.391244,0.422806,0.817412
0,0,-0.902157,-0.193965,0.385344
0,0,0.691403,-0.644364,0.326737
0,0,0.638657,0.213594,0.739253
0,0,-0.107395,0.964497,0.24127
0,0,-0.795211,0.25897,0.548246
0,0,0.152601,-0.985505,0.0741113
11.7159,17.1235,-0.427832,-0.633712,0.644491
0,0,-0.057292,0.935094,0.349738
0,0,-0.996086,0.0770149,0.0433729
0,0,0.33711,0.284597,0.897419
0,0,-0.73354,0.665484,0.138024
0,0,-0.180927,0.77358,0.607321
0,0,0.0731303,-0.65777,0.74966
0,0,0.365455,-0.732468,0.574399
23.7536,35.1701,0.436644,0.859252,0.266512
0,0,-0.20444,-0.366483,0.907687
0,0,0.141289,-0.430567,0.891431
0,0,0.723245,0.677488,0.133892
0,0,-0.460529,0.119468,0.879569
0,0,-0.672864,-0.112648,0.731139
0,0,-0.477581,-0.875942,0.0681363
0,0,0.224912,-0.423855,0.877361
0,0,0.900094,0.396336,0.180965
0,0,0.825353,0.296981,0.480203
0,0,-0.652168,-0.743181,0.14953
0,0,-0.589116,0.596979,0.544572
0,0,0.841829,0.261594,0.472114
0,0,0.620429,0.719577,0.311893
0,0,-0.311651,0.927093,0.208258
20.9532,26.2934,-0.200289,-0.0478453,0.978568
0,0,-0.563056,0.812869,0.149038
0,0,0.824119,-0.562186,0.0691021
0,0,0.195191,0.873852,0.445291
0,0,-0.302845,0.836136,0.457342
0,0,0.883337,-0.414792,0.218321
0,0,0.463737,0.000592088,0.885972
0,0,-0.498311,0.645537,0.578764
0,0,-0.264099,0.53205,0.804472
0,0,0.707861,-0.154513,0.689244
0,0,-0.915527,0.220774,0.336258
0,0,-0.347134,0.374072,0.859981
0,0,0.0807622,-0.857516,0.508079
0,0,0.729124,-0.347493,0.589599
0,0,0.579895,0.290218,0.761246
0,0,0.76169,0.584019,0.280623
0,0,-0.502314,0.574149,0.646555
9.65044,13.8348,-0.438598,-0.728215,0.526626
0,0,0.567942,-0.691939,0.445716
0,0,0.838632,0.0820308,0.538486
0,0,-0.434532,-0.699019,0.567938
0,0,0.301146,0.736984,0.605116
0,0,0.375617,0.66697,0.643477
0,0,-0.391659,0.888451,0.239288
0,0,0.630451,0.617317,0.470586
0,0,0.803231,-0.268446,0.531749
0,0,-0.504283,0.824961,0.255223
0,0,-0.126,0.3036,0.944432
0,0,-0.896435,-0.428794,0.111977
0,0,-0.392702,-0.492423,0.776727
0,0,-0.461425,0.594619,0.658419
0,0,0.239295,0.539991,0.806937
0,0,-0.093259,-0.729541,0.677549
0,0,-0.012059,0.646728,0.762626
0,0,0.96784,-0.180312,0.175425
0,0,0.141082,-0.884285,0.445125
0,0,-0.998118,0.0613128,0.00100603
0,0,0.384464,-0.85968,0.336359
0,0,-0.978148,-0.194022,0.0747097
0,0,0.0951514,0.366599,0.925501
0,0,-0.366461,0.899921,0.236324
0,0,-0.833234,-0.547883,0.0744625
0,0,-0.539112,-0.8345,0.113875
0,0,0.662123,0.390914,0.639359
0,0,0.666685,-0.502706,0.550288
0,0,0.683389,0.363048,0.633384
0,0,0.810163,-0.200681,0.550785
0,0,-0.769539,0.509733,0.384684
0,0,0.681716,-0.296484,0.668851
0,0,0.549412,-0.835344,0.0186247
0,0,-0.420642,0.905665,0.0532035
0,0,-0.817465,-0.573836,0.0496353
0,0,-0.47214,0.754343,0.456126
0,0,-0.0342685,-0.979447,0.198769
0,0,-0.0363849,0.986822,0.157668
0,0,0.857013,-0.130307,0.498547
0,0,-0.719798,-0.676282,0.156633
0,0,-0.402436,-0.863348,0.304425
0,0,0.787368,0.20611,0.581008
0,0,0.733027,-0.385866,0.56016
0,0,0.837516,-0.217974,0.501054
0,0,-0.220988,0.973435,0.0598977
0,0,-0.342464,0.0129621,0.939442
0,0,0.0314472,0.641511,0.766469
0,0,-0.641913,0.422726,0.639727
0,0,0.56681,-0.818774,0.0913015
0,0,-0.359985,0.626161,0.691616
0,0,-0.393593,0.120323,0.911377
0,0,0.55444,0.617297,0.558158
0,0,-0.612482,-0.658595,0.437171
0,0,0.828212,0.334524,0.449621
0,0,0.944788,-0.293598,0.145519
0,0,0.647212,0.542417,0.535631
0,0,-0.640068,0.287535,0.712487
0,0,-0.686004,0.686071,0.242291
0,0,-0.494649,-0.868938,0.0164319
0,0,-0.307668,0.727806,0.612894
0,0,-0.464033,0.334,0.820437
0,0,-0.74122,0.516083,0.429246
0,0,-0.561159,0.309428,0.767695
0,0,0.323814,0.919033,0.224773
0,0,0.416239,0.0569115,0.907473
0,0,0.650686,0.510137,0.562467
0,0,-0.35061,-0.932748,0.0839922
0,0,-0.9486,-0.27223,0.161396
0,0,-0.530311,-0.673717,0.514661
0,0,0.219152,0.769146,0.600323
0,0,-0.711825,-0.493474,0.499789
0,0,0.177261,-0.375988,0.909512
0,0,0.236755,0.692503,0.681459
0,0,-0.492953,0.189609,0.849144
0,0,0.452294,-0.664537,0.594829
0,0,0.0837893,-0.883386,0.461094
0,0,-0.301966,-0.661708,0.686264
0,0,0.340562,0.829544,0.442577
0,0,-0.82996,0.017017,0.557563
0,0,0.443649,0.369121,0.816655
0,0,-0.735013,-0.669463,0.107592
0,0,-0.295432,0.229283,0.927442
0,0,0.81207,0.48423,0.325674
0,0,0.636873,-0.406237,0.655259
0,0,0.482109,-0.297017,0.824228
0,0,0.545007,-0.811496,0.210812
0,0,-0.976659,-0.169876,0.131452
0,0,0.503857,-0.229323,0.83279
0,0,-0.0401141,0.462512,0.885705
0,0,0.623083,0.40846,0.667029
0,0,-0.915408,0.0724904,0.395947
0,0,-0.0580273,-0.962851,0.263724
0,0,-0.779045,0.164906,0.604893
0,0,-0.619189,-0.670471,0.408746
0,0,0.519042,0.17892,0.835813
0,0,0.471641,-0.669827,0.573487
20.3853,29.619,0.779885,0.312079,0.542574
0,0,0.300048,0.152089,0.941722
0,0,-0.7566,-0.0525358,0.651764
0,0,0.246745,0.741401,0.624052
0,0,-0.873286,-0.39438,0.286069
0,0,0.481499,-0.807986,0.339582
0,0,0.665518,-0.25711,0.7007
0,0,-0.0368042,0.435382,0.899493
0,0,0.290072,0.175208,0.940829
0,0,-0.600862,0.0847249,0.79485
0,0,-0.0424613,0.458124,0.887873
0,0,-0.175649,-0.977824,0.114051
0,0,-0.59205,-0.804734,0.0433471
0,0,0.684413,0.595841,0.420182
0,0,-0.640039,0.711316,0.29048
0,0,0.510411,0.664324,0.546035
0,0,0.467488,0.325517,0.821884
0,0,0.344053,-0.391344,0.853509
17.2916,25.8816,0.231545,-0.0371201,0.972116
0,0,0.70642,-0.41128,0.576038
0,0,-0.600421,0.209577,0.771733
0,0,0.329989,0.92706,0.177954
0,0,0.437194,-0.869127,0.231256
0,0,0.814178,-0.571321,0.103471
0,0,0.200419,0.958565,0.202449
0,0,-0.305619,0.860969,0.406607
0,0,0.832548,-0.00383413,0.553939
0,0,0.160693,-0.965588,0.204492
0,0,0.584971,-0.76984,0.255255
14.9859,20.7145,0.580836,0.310694,0.752396
0,0,0.227659,0.262315,0.937743
0,0,0.0266909,-0.533033,0.845673
0,0,-0.268918,0.941587,0.202723
0,0,-0.456493,-0.0839492,0.885757
0,0,-0.560809,0.799646,0.214614
0.167537,0.284314,-0.812859,-0.21392,0.541754
0,0,0.301556,0.190281,0.934268
0,0,0.948293,-0.251312,0.193862
0,0,-0.252701,-0.487195,0.835933
0,0,0.414704,-0.531883,0.738324
0,0,0.916287,-0.329441,0.227786
0,0,0.082023,-0.996602,0.00748989
0,0,0.805352,0.554377,0.209939
0,0,0.146919,-0.953547,0.262989
0,0,-0.302396,0.786725,0.538165
0,0,0.514312,-0.549297,0.658601
0,0,0.230141,-0.799131,0.55536
0,0,-0.442852,0.462838,0.767895
0,0,-0.666956,0.364485,0.649862
0,0,-0.0715783,-0.930435,0.359398
0,0,-0.523371,-0.761272,0.382816
0,0,0.643562,0.383597,0.66233
0,0,-0.737764,-0.430008,0.520381
0,0,-0.263769,-0.789373,0.554361
0,0,0.343838,0.391183,0.853669
0,0,0.657798,0.237415,0.714798
0,0,0.406534,0.301919,0.862308
0,0,0.521329,-0.120146,0.844856
0,0,0.961286,-0.156845,0.226557
0,0,-0.754912,-0.427307,0.497511
0,0,0.406935,-0.650086,0.64171
0,0,-0.252361,0.967379,0.0221853
0,0,-0.678702,0.712005,0.180036
0,0,-0.360093,-0.0581916,0.9311
0,0,-0.889969,-0.444461,0.102023
0,0,0.505776,0.855784,0.108739
0,0,-0.635722,-0.462055,0.618355
16.63,24.6533,0.412661,-0.0101507,0.910828
0,0,0.107446,-0.546113,0.830792
0,0,0.70304,0.644109,0.301427
0,0,-0.564078,0.176636,0.806608
0,0,-0.728475,0.669088,0.147127
0,0,0.634496,0.489338,0.598301
0,0,-0.547046,-0.831333,0.0981085
0,0,-0.52763,0.0514636,0.847914
0,0,-0.907349,0.112224,0.405122
0,0,0.395078,-0.69243,0.6037
0,0,0.799338,-0.558784,0.220951
0,0,0.698083,-0.477055,0.533946
0,0,-0.440312,0.650631,0.618712
0,0,-0.45423,-0.889353,0.0522089
0,0,-0.221302,0.156607,0.962549
0,0,0.573738,-0.164157,0.802419
0,0,-0.972391,-0.0395983,0.229973
0,0,-0.245999,-0.914587,0.32096
0,0,0.117166,-0.993106,0.00354244
0,0,-0.257501,-0.0304292,0.965799
0,0,-0.910942,0.359076,0.203099
5.21614,7.35022,0.221127,0.313608,0.923446
0,0,0.29074,-0.604752,0.741448
0,0,-0.245619,0.914925,0.320287
0,0,0.542943,-0.0711717,0.836748
0,0,-0.154982,-0.975377,0.156908
0,0,0.266245,-0.871694,0.411417
0,0,0.00119766,-0.972259,0.233902
0,0,0.847366,0.508195,0.153977
0,0,0.452468,0.186908,0.871974
0,0,-0.139221,-0.92171,0.362032
0,0,0.119285,0.991978,0.0418506
0,0,0.52275,-0.852473,0.00482762
0,0,0.20206,-0.911048,0.359393
0,0,-0.516683,0.610012,0.60077
0,0,0.266697,0.220367,0.938249
0,0,-0.13041,0.990683,0.0392522
0,0,0.729407,0.30838,0.610629
0,0,0.451564,0.83841,0.305218
0,0,0.301009,-0.724307,0.620301
0,0,0.589446,0.245618,0.769562
0,0,-0.902239,0.155901,0.402069
0,0,-0.0463675,0.669272,0.74157
0,0,0.809782,-0.108632,0.576586
0,0,-0.270794,-0.962034,0.0340683
0,0,-0.733056,0.625508,0.267147
0,0,0.348504,-0.505799,0.789121
0,0,0.157156,-0.939045,0.305772
0,0,0.479942,0.86573,0.142015
0,0,0.996996,0.0131871,0.0763195
0,0,0.175788,0.319585,0.931109
0,0,-0.669244,0.706979,0.228675
0,0,0.0727348,0.408918,0.909668
0,0,-0.52715,0.77295,0.353075
0,0,-0.539267,0.482016,0.690545
0,0,-0.827406,-0.462455,0.318644
0,0,-0.179794,0.901017,0.394769
0,0,0.633573,-0.723139,0.275055
0,0,-0.570496,0.30045,0.764372
0,0,-0.635415,-0.710207,0.303074
0,0,0.461673,-0.52476,0.715182
0,0,0.4389,-0.87593,0.200284
0,0,0.108288,-0.788893,0.604915
0,0,-0.246463,0.790982,0.560003
0,0,0.350007,0.121498,0.928834
0,0,-0.00541553,0.67868,0.734414
0,0,0.0446534,0.651095,0.757681
0,0,0.857778,-0.2687,0.438198
0,0,0.136401,-0.87942,0.456087
0,0,0.197919,-0.843074,0.500054
0,0,-0.351539,-0.907331,0.230589
0,0,-0.331087,0.692668,0.640775
0,0,-0.907294,0.135864,0.397942
0,0,-0.30291,-0.909661,0.284187
0,0,0.649299,-0.708769,0.275785
0,0,-0.101599,-0.768033,0.6323
0,0,-0.336234,-0.34549,0.876118
0,0,0.522991,0.0175585,0.852157
0,0,0.709855,0.645508,0.281826
0,0,-0.845662,0.0197246,0.533355
0,0,0.698989,-0.633132,0.332503
0,0,0.170004,-0.961636,0.2153
0,0,-0.743123,-0.295139,0.60055
0,0,0.19674,-0.945325,0.260103
0,0,-0.18255,0.914679,0.360607
0,0,0.0093864,0.81976,0.57263
0,0,0.712866,-0.431294,0.552999
0,0,0.557817,0.250872,0.79114
0,0,0.847312,-0.529635,0.0393483
0,0,0.689333,-0.125558,0.713481
0,0,0.457293,0.131618,0.879522
0,0,-0.551472,0.0310389,0.833616
0,0,0.26667,0.942628,0.200845
0,0,0.480226,0.0851737,0.873
0,0,0.33405,-0.312608,0.889206
0,0,0.987664,0.0731596,0.13845
0,0,0.473225,0.208244,0.855975
0,0,0.160319,0.516138,0.841367
0,0,0.529409,0.805978,0.264812
12.4254,17.3196,-0.08158,-0.315202,0.945512
0,0,0.714797,-0.160432,0.680681
0,0,0.630091,-0.601048,0.491657
0,0,0.408967,0.856326,0.31536
0,0,-0.0221606,0.612017,0.790534
0,0,-0.422643,-0.291692,0.858073
0,0,-0.0973826,-0.603083,0.791712
0,0,0.794297,-0.0518141,0.605316
0,0,-0.397851,-0.914614,0.0720831
0,0,-0.531562,0.76964,0.35369
0,0,-0.782117,-0.332068,0.52728
0,0,-0.644559,-0.680808,0.347914
0,0,0.508989,-0.555631,0.657422
0,0,0.534588,-0.844135,0.0406456
0,0,0.436858,-0.896096,0.0785265
0,0,0.822323,-0.516088,0.239663
0,0,-0.868906,-0.441032,0.224706
0,0,0.735753,-0.0512035,0.675312
0,0,-0.400559,-0.854109,0.331737
0,0,0.672761,-0.19259,0.714354
0,0,-0.212065,-0.861072,0.46215
0,0,-0.348368,0.507086,0.788355
0,0,-0.152145,0.696075,0.701664
0,0,-0.770345,0.115238,0.627127
14.9901,22.3453,-0.112412,-0.436768,0.892523
0,0,-0.561487,0.0257075,0.827086
0,0,-0.731395,0.651706,0.200851
0,0,-0.70497,0.699783,0.115416
0,0,-0.292521,0.904496,0.310351
0,0,-0.952609,0.0882996,0.291099
0,0,0.066482,0.657851,0.750208
0,0,0.890965,-0.257226,0.374187
0,0,-0.714341,-0.0232364,0.699412
0,0,-0.817823,0.418015,0.39551
0,0,-0.312896,-0.943444,0.10959
0,0,0.624423,0.538761,0.565538
0,0,-0.555255,0.766222,0.323414
0,0,-0.3597,-0.706454,0.60954
0,0,-0.728003,0.403417,0.554316
0,0,-0.216839,-0.787579,0.576801
0,0,0.976299,0.111439,0.185531
0,0,-0.738546,0.338639,0.582986
0,0,0.829427,0.55779,0.0303395
0,0,0.395043,0.830463,0.392775
0,0,0.24755,-0.960303,0.128595
0,0,-0.0742168,0.466103,0.881612
0,0,0.374105,0.610437,0.698149
0,0,0.88097,-0.287705,0.375657
0,0,-0.296281,-0.881333,0.368062
0,0,0.943398,0.3195,0.0889984
0,0,0.713561,-0.307692,0.629409
0,0,0.91996,0.0141407,0.391758
0,0,-0.715232,-0.575356,0.396748
0,0,-0.812293,0.554395,0.181182
0,0,0.312782,-0.946898,0.074514
0,0,0.661695,-0.65874,0.35808
0,0,0.634756,0.188878,0.749273
0,0,0.886945,-0.461853,0.00449624
0,0,-0.938048,0.117549,0.325958
0,0,0.441063,-0.339869,0.830634
0,0,-0.603663,-0.487006,0.631202
0,0,-0.401999,-0.809037,0.428785
0,0,0.967143,0.0165618,0.253694
0,0,-0.285158,-0.199732,0.937439
0,0,0.412266,-0.134714,0.901049
0,0,-0.141125,0.462124,0.875514
0,0,0.983079,-0.021217,0.181947
0,0,0.2577,-0.938651,0.229183
0,0,-0.527394,0.0750387,0.846301
0,0,-0.761981,0.0392658,0.646408
0,0,0.44232,-0.239905,0.864175
0,0,0.140334,-0.577358,0.804341
0,0,-0.195464,-0.92915,0.313805
0,0,0.0195399,0.638033,0.769761
0,0,-0.980386,0.195772,0.0227302
0,0,0.1799,0.521195,0.834261
0,0,-0.673175,0.065385,0.736586
0,0,0.791244,0.269878,0.548725
0,0,-0.223524,-0.419765,0.879679
0,0,0.0550743,-0.633581,0.771714
0,0,-0.0995567,-0.745295,0.65926
0,0,0.794848,0.546087,0.264587
0,0,-0.569945,-0.725089,0.386535
0,0,-0.195255,-0.895421,0.400122
0,0,-0.795942,0.554379,0.243188
18.9865,26.4645,0.182932,0.0872432,0.979247
0,0,-0.341746,0.888778,0.305424
0,0,-0.184284,0.954601,0.234043
0,0,-0.808529,0.464866,0.360805
0,0,-0.611623,0.759738,0.220717
0,0,0.850344,0.51885,0.0878023
0,0,0.407699,0.72577,0.554112
0,0,0.158335,0.921631,0.354297
0,0,-0.400086,-0.574813,0.713808
0,0,0.570575,0.0888059,0.81643
0,0,-0.539202,-0.604329,0.586555
0,0,0.563923,-0.824818,0.0408162
0,0,0.322477,0.506625,0.799587
0,0,0.904928,0.229668,0.358271
0,0,0.0135729,0.998069,0.0606086
0,0,-0.468285,-0.647275,0.601452
0,0,-0.129872,-0.396553,0.908779
0,0,0.0985464,0.49283,0.864527
0,0,-0.597951,0.737745,0.313347
0,0,0.227357,-0.429317,0.874069
0,0,-0.507031,-0.751466,0.422158
0,0,0.0384813,0.651328,0.75782
0,0,0.0630365,-0.97321,0.221108
0,0,0.993943,-0.0832669,0.0717268
0,0,0.399392,0.301574,0.865759
0,0,-0.812813,-0.360817,0.457324
0,0,0.353176,-0.425082,0.83341
0,0,-0.557328,-0.27929,0.781909
19.2816,27.8683,-0.156229,0.197828,0.967707
0,0,-0.559904,0.164009,0.812163
0,0,0.420187,-0.584634,0.694007
0,0,0.336196,0.619249,0.709579
0,0,0.469751,0.0841677,0.878777
0,0,-0.0477476,-0.913868,0.403194
0,0,0.665121,-0.588573,0.459562
0,0,0.789095,-0.6133,0.034525
0,0,-0.742837,-0.625042,0.239825
0,0,-0.933179,-0.0197764,0.358869
17.739,25.2074,-0.375595,-0.926779,0.00291626
0,0,-0.58488,-0.173833,0.792273
0,0,-0.699894,-0.600115,0.387311
0,0,0.336655,-0.523228,0.782877
0,0,0.314488,-0.832213,0.456639
0,0,0.423705,0.904741,0.0437979
0,0,-0.256571,0.965143,0.0516744
0,0,-0.416914,0.282946,0.863785
0,0,0.590091,0.719126,0.366947
0,0,0.940898,0.338233,0.0175986
0,0,0.174943,0.936629,0.303516
0,0,-0.675147,-0.721548,0.153446
0,0,-0.971989,-0.0906493,0.216843
0,0,-0.639861,-0.212544,0.738514
0,0,0.723586,0.36974,0.582852
0,0,-0.950459,-0.307016,0.0486669
0,0,-0.307735,0.328713,0.892887
0,0,-0.826671,0.147496,0.54301
0,0,0.256378,-0.916786,0.306226
0,0,0.290272,0.766781,0.572529
0,0,0.158989,0.597003,0.786327
0,0,-0.575933,0.359015,0.734445
0,0,-0.692336,-0.602876,0.396499
0,0,-0.579444,0.77321,0.257664
0,0,0.957468,-0.288401,0.00895399
0,0,0.905023,0.371024,0.208027
0,0,-0.512999,0.739896,0.435184
0,0,-0.664618,0.311365,0.679217
0,0,-0.50177,-0.860755,0.0856049
0,0,-0.619828,-0.695288,0.363852
0,0,-0.0906917,-0.612069,0.785587
0,0,0.590544,-0.805409,0.0507411
0,0,0.479073,0.655978,0.583251
0,0,-0.863495,0.100868,0.494167
0,0,-0.656909,0.714571,0.24054
0,0,-0.621567,-0.178762,0.762692
0,0,0.377232,-0.708962,0.595876
0,0,-0.42344,-0.576636,0.698706
0,0,-0.999126,0.0384755,0.0163593
0,0,0.575647,-0.0246541,0.817327
0,0,0.0623197,0.434269,0.898625
0,0,0.512237,-0.29971,0.804852
0,0,-0.380886,0.348182,0.85656
0,0,0.0480639,-0.616816,0.785639
0,0,0.665486,-0.641022,0.382386
0,0,0.326276,0.220017,0.919313
0,0,0.826381,-0.542327,0.151577
0,0,0.494907,-0.585364,0.642197
0,0,0.933764,-0.245722,0.260203
0,0,0.688479,-0.506548,0.519043
0,0,-0.920828,-0.203094,0.33291
0,0,-0.240166,-0.942064,0.234171
0,0,0.256545,-0.853805,0.452992
0,0,0.713285,0.082424,0.696011
0,0,-0.321206,0.942011,0.0971706
0,0,-0.137414,0.873097,0.467781
0,0,0.166896,-0.700243,0.694122
0,0,-0.560297,0.438164,0.702908
0,0,-0.24648,-0.610971,0.752305
0,0,0.132162,-0.84982,0.510235
18.6717,26.5673,0.179193,-0.72455,0.665521
0,0,-0.468479,-0.805443,0.363027
0,0,0.206249,-0.578167,0.78942
0,0,0.524721,0.737055,0.425931
0,0,0.530872,-0.357397,0.768403
0,0,0.462222,0.803863,0.374373
0,0,-0.963326,-0.266913,0.0275903
0,0,0.37688,-0.549444,0.745703
0,0,-0.318298,0.281112,0.905352
0,0,-0.00615277,-0.99948,0.0316453
0,0,-0.611084,-0.769045,0.187473
0,0,-0.534464,0.774482,0.338417
0,0,-0.350813,0.552143,0.756352
0,0,-0.706451,0.674668,0.213892
0,0,-0.224722,0.790085,0.57032
0,0,0.697355,-0.593507,0.401803
0,0,0.613861,-0.556501,0.559894
0,0,0.502644,0.258819,0.82484
0,0,-0.945173,0.171855,0.277695
0,0,0.824396,-0.174116,0.538567
0,0,0.582939,-0.678219,0.447438
0,0,0.247241,0.946324,0.208188
0,0,-0.208554,-0.766203,0.607814
0,0,-0.974493,-0.139947,0.175437
0,0,0.934286,-0.147951,0.324376
0,0,0.91815,0.3171,0.237586
0,0,0.405237,-0.860233,0.309488
0,0,-0.895968,0.0702694,0.438525
0,0,-0.663601,0.685793,0.298867
0,0,-0.668539,0.505236,0.545703
0,0,0.272537,-0.371952,0.887342
0,0,0.357046,0.691295,0.628195
0,0,0.85883,0.506396,0.077293
0,0,0.66213,-0.598351,0.451177
0,0,0.994628,0.0995126,0.0284964
0,0,0.680229,-0.612144,0.403196
0,0,0.407096,-0.832236,0.376372
0,0,0.332159,0.885875,0.323877
0,0,-0.608861,-0.367331,0.703105
0,0,-0.508404,-0.53024,0.678506
0,0,0.874066,0.452377,0.177097
0,0,0.818214,0.540199,0.196749
0,0,0.245456,-0.929865,0.27405
0,0,-0.0488436,0.998671,0.0164557
0,0,0.616264,0.786983,0.0296106
0,0,-0.526342,0.300274,0.795487
0,0,-0.37562,0.632373,0.677505
0,0,0.957788,-0.200994,0.205532
0,0,0.973697,0.0238649,0.226594
0,0,-0.138751,-0.954132,0.265292
0,0,-0.162934,-0.98642,0.0206817
0,0,-0.419216,0.291685,0.859755
0,0,0.024344,-0.629834,0.776348
0,0,0.0594877,-0.521572,0.851131
0,0,-0.69924,0.370328,0.61149
0,0,0.436841,0.874507,0.21073
0,0,0.0139798,-0.748288,0.663227
0,0,-0.86907,0.396464,0.295862
0,0,-0.436048,-0.817827,0.375527
0,0,-0.355102,-0.448623,0.820146
0,0,0.491252,-0.172905,0.853683
0,0,-0.887789,0.379525,0.26037
0,0,-0.978941,-0.183969,0.0884907
0,0,-0.340577,-0.809921,0.47753
0,0,-0.310617,-0.534773,0.785834
0,0,-0.77858,0.608627,0.152926
0,0,-0.487486,0.693636,0.530308
0,0,0.481523,0.201258,0.853013
11.2753,16.2735,0.0757407,0.406614,0.910455
0,0,0.929201,0.124459,0.347987
0,0,-0.565585,-0.494722,0.659821
0,0,-0.584467,0.587523,0.559656
0,0,0.400019,-0.916145,0.0257402
0,0,0.637121,-0.768526,0.0586993
0,0,0.149549,-0.983316,0.103556
0,0,-0.126737,0.961019,0.245723
0,0,0.659644,0.707583,0.253368
0,0,-0.475865,0.84496,0.244121
0,0,-0.0907365,0.771478,0.629753
0,0,0.703173,-0.470835,0.532786
0,0,-0.328065,-0.824407,0.461223
0,0,-0.876075,0.184919,0.445307
0,0,0.158876,0.970732,0.180106
0,0,-0.836798,0.505394,0.210588
15.3485,22.1903,0.0800347,-0.986468,-0.143091
0,0,0.933427,0.0685027,0.352168
0,0,-0.872091,-0.3326,0.358934
0,0,-0.409367,0.575088,0.708303
0,0,-0.70963,0.496895,0.499521
19.8084,26.8887,-0.224084,0.0157075,0.974443
0,0,0.652315,0.738088,0.172369
0,0,0.0063404,0.858323,0.51307
0,0,0.105473,0.956149,0.27323
0,0,0.693023,0.299646,0.655691
0,0,0.626561,0.728774,0.276241
17.4921,24.5047,-0.551107,0.268927,0.789911
0,0,-0.676114,0.611941,0.410364
0,0,0.505864,-0.145586,0.850239
0,0,-0.605765,0.77506,0.17981
0,0,-0.612085,0.592474,0.523761
0,0,0.144545,0.979,0.143754
0,0,-0.380662,-0.878204,0.289575
0,0,-0.466612,0.571549,0.674986
0,0,-0.152132,0.435677,0.887154
0,0,0.441831,0.820981,0.361629
0,0,0.620014,-0.775011,0.122234
0,0,-0.714042,0.381493,0.587033
0,0,-0.214955,-0.374684,0.90189
0,0,-0.606179,0.664382,0.4372
0,0,-0.906353,-0.416341,0.0720069
0,0,0.246241,0.968101,0.0463208
0,0,-0.248689,0.629983,0.735714
0,0,-0.657069,0.156712,0.737362
0,0,-0.358387,0.89172,0.276394
0,0,-0.700179,-0.0708364,0.710444
0,0,0.895212,0.444187,0.0359581
0,0,-0.849423,0.0424377,0.526004
0,0,-0.609799,-0.633464,0.476307
11.4731,15.1012,-0.87204,0.441845,0.210523
0,0,-0.451867,0.420797,0.786604
0,0,-0.776313,-0.415777,0.473781
0,0,0.24473,0.389376,0.887972
0,0,-0.961428,-0.122997,0.246023
0,0,0.508714,-0.858259,0.0678398
0,0,-0.125046,-0.492447,0.861313
0,0,0.344332,0.728015,0.592815
0,0,0.954606,0.00354519,0.29785
0,0,0.549856,0.747161,0.373375
0,0,0.255381,0.957539,0.133791
0,0,-0.472829,0.720736,0.506925
0,0,0.465615,-0.883496,0.0513507
0,0,0.934596,0.0962023,0.342454
0,0,-0.250433,-0.254122,0.934187
0,0,-0.593077,0.571776,0.566861
0,0,0.137648,-0.880118,0.454363
0,0,-0.336428,-0.782898,0.523342
0,0,-0.332952,0.838363,0.431614
0,0,0.932418,-0.317708,0.172216
0,0,0.605899,-0.257091,0.752855
0,0,-0.80454,0.585767,0.0979397
0,0,-0.456995,-0.0435833,0.888401
0,0,0.386594,0.49396,0.778812
0,0,-0.90263,0.419199,0.0976288
0,0,-0.160097,-0.667043,0.727615
0,0,-0.0510386,-0.883776,0.465118
0,0,0.64519,-0.135226,0.75196
0,0,-0.178816,-0.438452,0.880786
0,0,-0.195536,0.834609,0.51497
0,0,-0.388481,0.175158,0.904656
0,0,-0.742312,0.649818,0.163431
0,0,-0.263049,0.934634,0.239302
0,0,0.0204526,0.629019,0.777121
0,0,-0.554223,0.212827,0.8047
0,0,0.362698,0.787104,0.498916
0,0,0.410069,0.268905,0.871512
0,0,0.936467,0.350756,0.000580203
0,0,-0.926839,-0.256901,0.27381
0,0,-0.156635,0.834536,0.528219
0,0,0.847086,-0.196096,0.493954
0,0,-0.573802,-0.529548,0.624765
0,0,0.624174,0.0844828,0.776705
0,0,0.622517,-0.775631,0.104255
0,0,-0.563262,-0.457262,0.688221
0,0,0.591552,0.263731,0.761914
0,0,-0.455489,-0.0777281,0.886842
0,0,-0.427929,0.612184,0.664911
0,0,-0.373085,0.921447,0.108362
0,0,0.967057,-0.220689,0.126876
0,0,0.80517,-0.45015,0.386092
0,0,0.318929,-0.5893,0.7423
19.837,28.399,0.113846,-0.992822,-0.0366549
0,0,-0.202604,-0.72183,0.66175
0,0,-0.565769,-0.123808,0.815216
0,0,0.67025,-0.403086,0.623126
0,0,-0.0171677,-0.991759,0.126964
0,0,0.550216,-0.7988,0.24327
0,0,0.690626,0.487694,0.534032
0,0,0.51324,0.0615036,0.856039
0,0,0.466934,0.436002,0.769334
0,0,-0.541566,-0.7636,0.351599
0,0,0.465728,0.731941,0.497353
0,0,-0.0922578,0.697873,0.710255
0,0,0.673259,0.575547,0.464185
0,0,0.337576,0.865481,0.370114
16.1992,23.0515,-0.467605,0.678029,0.567117
17.8068,24.3271,0.31857,0.100898,0.942514
0,0,-0.241392,-0.969181,0.0491747
0,0,0.110209,0.316372,0.942212
0,0,-0.62725,-0.536305,0.564743
0,0,-0.0207366,0.0310456,0.999303
0,0,-0.392442,0.861053,0.323384
0,0,0.655097,0.73148,0.189167
0,0,-0.983125,-0.019117,0.181935
0,0,-0.477756,0.778724,0.406618
0,0,0.748187,-0.286175,0.598598
0,0,-0.0643517,0.890045,0.451308
16.8247,22.8005,-0.155709,-0.50299,0.850151
0,0,-0.268945,-0.7663,0.583483
0,0,-0.161342,-0.562433,0.810949
0,0,0.158213,0.524634,0.836497
0,0,0.221327,0.559626,0.798645
0,0,-0.363627,-0.717003,0.594712
0,0,-0.798111,0.100958,0.593992
0,0,0.201576,-0.133968,0.970268
0,0,0.706829,-0.519948,0.479633
0,0,0.328984,0.800562,0.50087
0,0,0.498334,0.864646,0.0636529
0,0,-0.531467,0.843848,0.0739207
0,0,0.397592,-0.882883,0.249877
0,0,0.80449,0.269716,0.529197
0,0,0.717348,-0.477006,0.507816
0,0,0.915882,-0.392496,0.0842979
0,0,-0.716276,-0.188839,0.67178
0,0,-0.284318,-0.3959,0.87317
0,0,0.13384,0.289959,0.947634
0,0,0.547217,-0.831723,0.0937632
9.97839,15.0085,-0.278502,-0.938518,0.204013
0,0,0.667149,0.485857,0.564673
0,0,-0.237877,-0.345227,0.907873
0,0,-0.52558,-0.846721,0.0826356
0,0,-0.800225,-0.564095,0.20356
0,0,0.964413,0.245126,0.0990962
0,0,-0.807854,-0.440241,0.391867
0,0,0.750478,-0.511075,0.419029
0,0,-0.591024,0.434026,0.679935
0,0,0.657255,0.164279,0.735546
0,0,-0.183944,-0.982642,0.024051
0,0,-0.476942,0.81858,0.320081
0,0,-0.7553,0.653308,0.0520525
0,0,0.738886,-0.488573,0.464052
0,0,-0.939805,-0.00876427,0.341598
0,0,-0.103786,-0.841003,0.530983
0,0,0.608186,-0.602415,0.516919
0,0,-0.611779,0.560935,0.557743
0,0,-0.92474,0.356666,0.132835
0,0,-0.56948,-0.155557,0.807152
0,0,0.125589,-0.803657,0.581689
0,0,-0.366545,0.817274,0.444643
0,0,-0.993525,0.0950053,0.0623062
0,0,0.763334,0.547018,0.343646
0,0,0.565573,-0.590921,0.575274
0,0,0.983765,-0.171556,0.0526797
0,0,0.375032,0.926863,0.016608
0,0,-0.418867,0.671988,0.610723
0,0,0.322236,-0.789123,0.522924
0,0,0.719944,0.565142,0.402859
0,0,0.771744,-0.63542,0.0255237
0,0,-0.773825,0.633009,0.0222611
0,0,-0.544379,-0.424524,0.723485
0,0,-0.321706,0.832937,0.450245
0,0,-0.747261,0.565943,0.348295
0,0,0.943126,-0.327309,0.0581604
0,0,0.57842,-0.812199,0.0759177
0,0,0.436283,0.703124,0.561493
0,0,-0.0276619,-0.896226,0.442735
0,0,-0.53797,-0.82433,0.176259
0,0,0.467273,-0.679702,0.565385
0,0,0.274338,0.413441,0.868219
0,0,-0.253687,-0.714598,0.651915
0,0,0.0955534,0.753274,0.650729
0,0,-0.802145,0.462638,0.377531
0,0,0.755607,-0.192489,0.626104
0,0,-0.215132,-0.90703,0.361959
0,0,-0.81547,-0.512977,0.268073
0,0,0.490055,0.308293,0.815354
0,0,-0.760363,-0.034338,0.648589
0,0,0.960458,0.0969595,0.260996
0,0,0.70162,-0.089095,0.706959
0,0,-0.728297,0.573978,0.374343
0,0,0.337472,-0.8779,0.339711
0,0,-0.113682,0.881308,0.458664
0,0,0.410756,0.336634,0.847324
0,0,-0.399831,0.823663,0.402137
0,0,-0.961348,0.253956,0.10638
0,0,-0.291138,-0.413438,0.862732
0,0,0.423616,-0.718372,0.551807
0,0,-0.263579,0.955622,0.131581
0,0,0.212811,0.884908,0.414305
0,0,-0.562479,0.0323818,0.826177
0,0,-0.967588,-0.187942,0.168678
0,0,0.753113,0.526139,0.394967
0,0,0.820582,0.173961,0.54441
0,0,-0.512635,0.814291,0.272278
0,0,0.455954,-0.707228,0.54031
0,0,-0.840974,-0.226506,0.491383
0,0,-0.238699,0.950078,0.200936
0,0,-0.00452907,-0.825517,0.564359
0,0,0.590792,-0.788143,0.172611
0,0,-0.728994,0.00780658,0.684476
0,0,0.0686621,0.651077,0.7559
0,0,-0.286027,-0.371391,0.883322
0,0,0.504394,-0.0503328,0.862006
0,0,0.921347,0.385954,0.0464639
0,0,0.451959,-0.18519,0.872604
17.1601,22.7343,-0.609157,0.626755,-0.485907
0,0,0.557076,0.829755,0.034244
0,0,0.707313,0.678465,0.198478
0,0,-0.749811,-0.513603,0.417127
0,0,-0.266241,-0.962453,0.052913
0,0,-0.483152,0.794985,0.366829
0,0,-0.715868,0.516983,0.46932
0,0,-0.157923,0.751384,0.64069
0,0,0.196831,0.658096,0.726752
0,0,-0.481237,0.420311,0.769253
0,0,-0.96771,-0.224192,0.115218
0,0,-0.784435,-0.615077,0.0796399
0,0,0.00305705,0.872475,0.488649
0,0,0.62269,0.720821,0.304424
0,0,0.664914,-0.404817,0.627705
0,0,0.459384,-0.821403,0.33803
0,0,-0.536468,-0.817471,0.209627
18.3382,23.8652,0.275942,0.552693,-0.786376
0,0,0.25826,0.649257,0.715379
0,0,-0.883658,0.117993,0.453019
0,0,-0.795405,0.603859,0.0518262
0,0,-0.0402047,0.878141,0.476709
0,0,-0.951111,-0.308808,0.00507865
0,0,0.177437,-0.329519,0.927326
0,0,0.258938,-0.332018,0.907037
0,0,-0.517834,-0.827697,0.216252
0,0,-0.0686246,0.71118,0.699652
19.1797,27.8091,-0.00587018,0.611072,0.791553
0,0,0.226934,-0.433889,0.871918
0,0,0.178996,0.247536,0.952201
0,0,0.833504,0.240324,0.497509
0,0,0.58933,0.807383,0.0286917
0,0,0.203285,0.198709,0.958744
0,0,0.533413,-0.559429,0.634437
0,0,0.542355,-0.708495,0.451538
0,0,0.583227,-0.0554908,0.810412
0,0,-0.83388,0.351857,0.425254
0,0,-0.182371,0.609618,0.771432
0,0,0.723063,0.366776,0.585368
0,0,-0.0585173,0.997011,0.0504377
0,0,0.211953,-0.888256,0.407525
0,0,0.161684,-0.985612,0.0492716
0,0,-0.561963,-0.601096,0.568226
0,0,0.344582,0.257735,0.902683
0,0,0.946825,-0.0986012,0.306267
0,0,0.221433,-0.333069,0.916533
0,0,-0.261845,0.932395,0.249152
0,0,0.953629,0.084655,0.288834
0,0,0.458045,0.272832,0.846024
0,0,-0.0946042,-0.578545,0.810146
0,0,-0.465711,-0.296031,0.833954
0,0,-0.795515,0.604787,0.037269
0,0,0.597171,-0.801844,0.0207975
0,0,0.566993,0.535974,0.625501
0,0,0.568294,0.708235,0.418861
0,0,-0.533476,-0.819646,0.208767
21.2549,31.3373,0.9678,0.173931,-0.181966
0,0,0.189922,0.978809,0.0765621
0,0,0.229287,0.810536,0.538943
0,0,0.353721,0.503102,0.788524
0,0,0.564795,0.104005,0.818651
0,0,-0.888281,0.174278,0.424952
0,0,-0.735741,0.622476,0.26685
0,0,0.971101,-0.235725,0.0373595
0,0,-0.39461,-0.608423,0.688552
0,0,-0.992244,-0.116728,0.0427333
0,0,0.287049,0.740227,0.608002
0,0,0.423931,0.882075,0.205489
0,0,0.464719,0.58134,0.667892
0,0,0.39044,0.903063,0.17898
0,0,0.98006,-0.0918748,0.176183
0,0,-0.168188,-0.941305,0.292673
0,0,0.538102,0.0551573,0.841073
0,0,-0.336819,-0.284271,0.897632
0,0,-0.281191,0.518938,0.807239
0,0,-0.597948,-0.712837,0.366498
0,0,-0.615932,-0.537415,0.576032
0,0,-0.882103,0.0632118,0.466796
0,0,0.947401,0.0225094,0.319256
0,0,0.932552,0.25673,0.253844
0,0,0.878604,0.477027,0.0223725
0,0,-0.395004,-0.862507,0.316313
0,0,0.961448,0.265509,0.0715779
0,0,0.347178,0.609077,0.713087
0,0,0.234053,0.971795,0.0288871
0,0,0.0300584,-0.936192,0.350202
0,0,-0.540762,0.836905,0.0846525
0,0,-0.736564,0.657498,0.158652
0,0,-0.265719,-0.909766,0.318934
0,0,0.257261,-0.916009,0.307807
0,0,-0.634423,0.488963,0.598684
0,0,-0.982572,-0.13079,0.132086
0,0,0.674565,-0.363091,0.64275
0,0,-0.936623,0.332711,0.10973
0,0,0.323397,-0.2552,0.911201
0,0,0.593171,-0.203453,0.778945
0,0,0.872749,0.408665,0.267024
0,0,-0.143193,0.553669,0.820333
0,0,0.425304,-0.85913,0.284626
0,0,-0.169675,0.80994,0.561433
0,0,-0.335337,0.941248,0.0400177
0,0,0.296969,-0.0976116,0.949885
0,0,0.405265,0.72031,0.562951
0,0,0.735215,0.0789339,0.673223
0,0,0.204292,-0.283816,0.936864
0,0,0.0230846,-0.598244,0.800982
0,0,-0.992951,0.110341,0.0432803
0,0,0.516461,0.0357968,0.855562
0,0,0.180151,0.707093,0.683787
0,0,0.951126,-0.298268,0.0799776
0,0,-0.990635,-0.0614789,0.121909
0,0,-0.210338,-0.975345,0.0667807
0,0,-0.319704,0.837357,0.443422
0,0,0.542258,0.41271,0.731865
0,0,0.384338,0.0193145,0.92299
0,0,0.925032,0.35655,0.131101
0,0,0.879166,0.28496,0.381923
0,0,0.8438,-0.3226,0.428871
0,0,0.3738,-0.581588,0.722516
6.63168,7.87525,-0.052823,0.163219,0.985175
0,0,0.931079,-0.322302,0.170921
0,0,-0.774475,0.585316,0.239986
0,0,-0.811212,0.127769,0.570623
0,0,-0.595882,-0.752514,0.280441
0,0,-0.580541,-0.770439,0.263429
0,0,-0.105101,0.986512,0.125492
0,0,0.890271,0.184832,0.416238
0,0,-0.612751,-0.379705,0.69308
0,0,-0.599389,0.760702,0.249129
0,0,0.236303,0.971194,0.0307108
0,0,0.812316,0.506212,0.289641
10.6193,14.1224,0.608639,-0.489119,0.624757
0,0,-0.535759,-0.794496,0.285899
0,0,0.868988,-0.437073,0.232007
0,0,-0.543238,0.830756,0.121396
0,0,-0.639914,0.119131,0.759156
0,0,-0.244879,0.959493,0.139312
0,0,0.0617943,0.365224,0.928867
0,0,-0.814052,-0.507404,0.282596
0,0,-0.393653,-0.291899,0.871683
0,0,0.238129,0.793856,0.559542
0,0,-0.558795,-0.534052,0.634458
0,0,-0.674367,0.222039,0.704221
0,0,0.241781,0.00132237,0.97033
0,0,0.142917,-0.606134,0.782417
0,0,-0.361519,-0.840932,0.402662
0,0,-0.224859,-0.790619,0.569525
0,0,0.417836,-0.898646,0.133596
0,0,0.359498,-0.750429,0.554632
0,0,0.637971,-0.512732,0.574542
0,0,0.968206,0.247593,0.0357072
0,0,0.337918,-0.14504,0.929933
0,0,-0.479885,0.860762,0.169703
0,0,0.662088,-0.2974,0.68789
0,0,-0.616148,0.020792,0.787356
0,0,0.288996,0.859713,0.421158
0,0,-0.074601,0.436087,0.896807
0,0,-0.891386,0.0649971,0.44856
0,0,-0.977892,-0.190446,0.0863568
0,0,-0.720056,0.558795,0.411421
0,0,0.563577,-0.814359,0.138565
0,0,0.352915,-0.329818,0.875598
0,0,0.164345,0.7914,0.588793
0,0,-0.13458,0.902152,0.40989
0,0,-0.611542,-0.231626,0.756549
0,0,-0.989878,-0.0483285,0.133439
0,0,-0.79525,-0.435718,0.421577
0,0,-0.417877,0.268177,0.868021
0,0,0.204306,-0.594263,0.777889
0,0,0.631394,0.36277,0.685376
0,0,-0.698719,0.621437,0.354413
0,0,0.126121,0.924379,0.360024
0,0,0.623037,0.367191,0.690649
0,0,-0.882694,-0.27159,0.383524
0,0,-0.793392,-0.536953,0.286725
0,0,-0.372352,-0.593842,0.713236
0,0,0.787976,-0.371075,0.491322
0,0,-0.910592,-0.412291,0.0289627
0,0,-0.121325,-0.403552,0.906877
0,0,0.745687,0.627506,0.224027
0,0,0.197433,0.965711,0.168589
0,0,-0.990494,0.0779428,0.113342
0,0,-0.236873,0.151246,0.959696
0,0,-0.0174016,0.526498,0.849998
0,0,0.739353,-0.660721,0.129637
0,0,0.530102,0.774883,0.344309
0,0,-0.616071,-0.458465,0.64052
0,0,0.715523,0.665009,0.213986
0,0,-0.156136,-0.89687,0.413819
0,0,0.764025,0.285423,0.578618
0,0,0.89182,-0.451834,0.0224339
0,0,-0.0240595,-0.745716,0.66583
0,0,0.205339,0.949859,0.235805
0,0,-0.743318,0.02215,0.668571
0,0,0.595322,-0.138898,0.791391
0,0,-0.0205712,0.80607,0.591463
0,0,0.192134,-0.642663,0.741666
0,0,-0.709628,-0.671675,0.212791
0,0,-0.862519,-0.457231,0.216798
0,0,-0.524612,0.848676,0.0673194
0,0,-0.594405,0.77543,0.213053
0,0,0.00206418,-0.962311,0.271942
0,0,-0.85137,0.19352,0.487564
0,0,0.700138,0.0162831,0.713822
0,0,0.695473,-0.41468,0.58682
0,0,-0.734857,0.582774,0.346929
0,0,0.633213,-0.235793,0.737186
0,0,0.471329,-0.873684,0.120524
0,0,0.44882,-0.669319,0.592093
0,0,-0.975176,0.211658,0.0650519
0,0,-0.67536,-0.0391655,0.736448
0,0,0.37828,0.639092,0.669676
0,0,0.4717,0.874473,0.113118
0,0,-0.985067,0.0295866,0.169611
0,0,-0.873851,0.187778,0.448469
0,0,0.895809,0.235466,0.376937
12.3399,18.694,-0.354731,-0.0500684,0.933627
0,0,-0.403569,-0.787135,0.466423
0,0,-0.767385,0.287785,0.572975
0,0,0.163287,0.611251,0.774409
0,0,0.600449,-0.731833,0.322306
0,0,0.268427,-0.0786738,0.960082
0,0,-0.518807,0.485773,0.703466
0,0,-0.977558,0.0478228,0.205166
0,0,0.341878,-0.701451,0.625369
0,0,-0.465319,0.822686,0.326598
0,0,-0.786622,0.473111,0.396727
0,0,0.723616,-0.370925,0.582061
0,0,-0.375783,0.588789,0.715622
0,0,0.379206,-0.727837,0.571364
0,0,-0.0483214,-0.623835,0.780061
0,0,0.394954,0.904002,0.163681
0,0,-0.480072,0.54861,0.684513
0,0,-0.706416,0.0600134,0.705248
0,0,0.90304,0.342473,0.259291
0,0,-0.663092,0.674501,0.324588
0,0,0.945593,0.0270884,0.324221
20.349,30.3281,-0.632478,-0.751418,0.187994
0,0,-0.400357,0.676302,0.618328
0,0,-0.58596,0.662621,0.46646
0,0,-0.582813,-0.457878,0.671324
0,0,0.0294577,-0.715743,0.697742
0,0,-0.0845156,-0.978748,0.186839
0,0,-0.672972,-0.480504,0.562338
0,0,-0.474006,0.680078,0.559297
0,0,0.0495546,0.425946,0.90339
0,0,0.858051,0.264949,0.439944
0,0,0.967629,-0.183277,0.173504
0,0,-0.583196,0.38252,0.716631
0,0,-0.0247981,0.690872,0.722551
0,0,0.0797589,-0.653726,0.752516
0,0,0.110743,-0.973155,0.201757
0,0,-0.967084,-0.10031,0.233851
0,0,0.162916,0.984276,0.0682519
0,0,0.988331,0.0761606,0.131912
0,0,0.152493,-0.986919,0.0523059
0,0,0.890583,0.355131,0.284156
0,0,0.652323,-0.67814,0.338527
0,0,0.785292,-0.138658,0.603399
0,0,-0.697843,0.199104,0.688021
0,0,-0.532305,-0.797664,0.283519
0,0,0.698495,-0.650964,0.29724
0,0,0.00252735,0.69759,0.716493
0,0,0.742907,0.646664,0.172962
0,0,0.0870872,0.960447,0.264494
0,0,0.773804,0.216963,0.595108
0,0,-0.702032,0.673394,0.231713
0,0,-0.731598,-0.680329,0.0437752
0,0,0.436845,0.792227,0.426078
0,0,-0.150534,0.893869,0.4223
0,0,-0.109378,-0.204339,0.97277
0,0,-0.249783,0.214735,0.944191
0,0,0.649298,-0.501965,0.571352
0,0,-0.246545,0.847187,0.470627
0,0,0.657711,-0.143713,0.739434
0,0,0.600929,-0.670585,0.434971
0,0,-0.047569,0.94896,0.31179
0,0,-0.492973,-0.183417,0.850492
0,0,0.384787,-0.548825,0.742112
0,0,0.983317,0.0843048,0.161187
0,0,-0.812776,0.582012,0.0256426
0,0,0.762608,-0.337846,0.551624
8.62263,13.5698,0.176362,0.144245,0.973699
0,0,-0.956881,0.271082,0.104372
0,0,0.840034,0.333509,0.42792
0,0,-0.690998,-0.0581414,0.720515
0,0,-0.0620716,0.498383,0.864732
0,0,-0.851333,0.51431,0.103527
0,0,0.590953,0.715137,0.3733
0,0,-0.779354,-0.587414,0.218064
0,0,-0.964058,0.264611,0.0239544
0,0,0.913496,0.0555585,0.403036
0,0,-0.931138,-0.359558,0.0608353
0,0,0.206091,-0.417303,0.88509
0,0,0.521895,0.171484,0.835595
0,0,0.527457,-0.0269255,0.849155
0,0,-0.625906,0.199025,0.754076
0,0,0.266642,-0.282969,0.92132
0,0,-0.612343,0.650261,0.449662
0,0,0.920061,-0.104354,0.377622
0,0,-0.973462,-0.218848,0.0669112
0,0,-0.903245,-0.0973501,0.417936
0,0,0.408944,-0.518125,0.751206
0,0,0.636089,0.612336,0.469505
0,0,0.121252,0.228476,0.965969
0,0,-0.610704,0.0711999,0.788651
13.364,19.2202,0.251378,-0.202139,0.946546
0,0,-0.221695,0.971231,0.086961
0,0,-0.0700101,-0.751747,0.655724
0,0,0.0453095,-0.662447,0.747737
0,0,0.68193,0.661408,0.312267
23.7475,38.2235,-0.67509,-0.198955,0.710402
0,0,-0.446084,0.812,0.376384
0,0,0.644367,0.713854,0.274234
0,0,-0.281229,0.956951,0.0717965
0,0,-0.139277,0.989973,0.0235535
0,0,-0.11034,-0.846798,0.520345
0,0,0.00987218,0.98594,0.166808
0,0,0.867516,-0.148162,0.474831
0,0,-0.91663,0.0415993,0.397565
0,0,0.573714,-0.819029,0.00656931
0,0,0.501963,0.470369,0.7258
0,0,-0.620791,-0.264233,0.738105
0,0,-0.309951,-0.359415,0.8802
0,0,-0.174855,-0.91602,0.361018
0,0,0.350231,-0.931451,0.0986792
0,0,0.797461,0.588629,0.132558
0,0,0.871396,-0.374715,0.316635
0,0,0.734004,0.669458,0.114299
0,0,-0.402604,-0.406238,0.820293
0,0,0.129642,-0.500423,0.85602
0,0,0.472322,0.863853,0.175128
0,0,-0.866329,-0.465558,0.180912
0,0,0.607495,-0.755974,0.243828
0,0,0.627548,0.00613887,0.778553
0,0,0.578792,-0.00277246,0.81547
0,0,-0.573236,-0.630468,0.523365
0,0,-0.624865,-0.765157,0.155175
0,0,0.635479,0.576333,0.513815
0,0,-0.933194,0.285726,0.217965
0,0,-0.433164,-0.40226,0.806571
0,0,0.197927,-0.726975,0.65752
0,0,0.772766,-0.407306,0.486759
0,0,-0.237217,-0.969034,0.0685671
0,0,-0.252449,-0.511665,0.821261
0,0,0.896163,0.212789,0.389375
0,0,0.293336,-0.580009,0.759963
0,0,0.566971,-0.0169123,0.823564
0,0,-0.644699,-0.372274,0.667665
0,0,-0.408996,0.38544,0.827138
0,0,0.885224,0.437155,0.158979
0,0,-0.913622,0.401317,0.0651107
0,0,-0.368201,-0.371873,0.852138
0,0,0.461179,0.172161,0.870445
0,0,0.440635,0.876856,0.192262
0,0,0.678039,0.122504,0.724745
0,0,0.98863,0.149445,0.0166608
0,0,-0.647012,0.735578,0.200749
0,0,0.380464,-0.908612,0.172257
0,0,-0.340208,0.58791,0.733907
0,0,-0.751321,0.65114,0.107395
0,0,-0.292652,0.931038,0.218
0,0,-0.982817,0.133557,0.127407
0,0,-0.0696515,-0.691603,0.718912
0,0,0.947186,0.107625,0.302085
0,0,0.555389,0.374878,0.7423
0,0,0.149847,-0.98606,0.0723322
0,0,-0.521082,0.759075,0.390229
0,0,0.392492,-0.121273,0.911725
0,0,0.0416103,0.831669,0.553711
0,0,0.802637,-0.413315,0.430051
0,0,0.29277,-0.956176,0.00360454
0,0,0.0991835,0.899118,0.42632
0,0,-0.695334,0.570286,0.437362
0,0,-0.682443,0.341374,0.646324
0,0,0.0104782,0.902602,0.430348
0,0,-0.46703,-0.699361,0.541089
0,0,-0.531291,0.638367,0.556972
0,0,-0.520027,0.273242,0.809265
0,0,-0.983361,0.15779,0.0900217
0,0,0.856358,-0.414225,0.308333
0,0,0.839626,-0.238068,0.488214
16.3847,23.555,0.341075,-0.45898,0.820369
0,0,0.840818,0.392593,0.372687
0,0,0.592742,-0.161412,0.789052
0,0,-0.888179,-0.191981,0.41747
0,0,-0.394649,-0.217931,0.892613
0,0,0.691818,0.0107687,0.721992
0,0,-0.720805,-0.00662832,0.693106
0,0,-0.740786,-0.290487,0.605684
0,0,-0.999114,0.0121476,0.0402909
20.6766,27.8384,-0.0801574,0.639232,0.764825
0,0,0.069017,-0.986412,0.149088
0,0,0.635671,0.7219,0.273465
17.0577,23.3795,0.91715,0.359398,0.172246
0,0,0.644129,0.458087,0.61258
0,0,0.515074,-0.0260014,0.856751
0,0,-0.926458,-0.336663,0.168323
0,0,-0.721152,0.464081,0.514362
0,0,0.710335,0.689918,0.139417
0,0,0.903987,0.399588,0.152107
0,0,0.930544,-0.298304,0.212372
0,0,0.733952,0.566755,0.374304
0,0,-0.46753,0.774017,0.426982
0,0,-0.802347,0.453247,0.388339
0,0,-0.0274813,-0.741417,0.670481
0,0,0.732229,-0.668659,0.129368
0,0,0.505926,-0.802226,0.316973
0,0,0.167095,-0.54111,0.824184
0,0,-0.602915,0.409617,0.684622
0,0,0.858529,0.48289,0.172467
0,0,-0.653051,-0.723301,0.224409
0,0,0.835395,0.30639,0.456333
0,0,-0.295242,0.883568,0.363509
0,0,-0.0992655,0.62068,0.777755
0,0,0.587202,0.705924,0.396061
0,0,0.966034,-0.250406,0.0638367
0,0,0.31636,-0.027186,0.94825
0,0,-0.57336,-0.78631,0.230162
0,0,-0.216753,-0.105893,0.970466
0,0,0.896398,-0.431114,0.103015
0,0,-0.647333,-0.487807,0.585665
0,0,-0.0496833,-0.573223,0.817892
0,0,0.82828,0.321933,0.458597
0,0,-0.772273,0.0768852,0.630621
0,0,0.630396,0.773741,0.0626528
0,0,0.735041,0.675081,0.0630881
0,0,0.123672,-0.65072,0.749179
0,0,-0.116038,0.336851,0.93438
0,0,0.228772,0.567572,0.790902
0,0,0.823267,-0.420671,0.381139
0,0,0.540889,-0.121607,0.832256
0,0,-0.840828,-0.509756,0.182092
0,0,0.703298,0.0200473,0.710612
0,0,-0.142101,-0.848926,0.50905
0,0,0.339896,0.532301,0.775323
0,0,-0.933149,0.11146,0.341774
0,0,-0.745433,0.0346481,0.665679
0,0,-0.698293,0.520107,0.491809
0,0,-0.613066,-0.482705,0.625417
0,0,-0.202808,0.896829,0.39315
0,0,-0.060495,0.669343,0.740486
0,0,-0.0464922,0.561575,0.826119
10.1557,14.588,0.422158,0.88166,0.210853
0,0,0.216812,0.712584,0.667245
0,0,0.126322,-0.986088,0.108041
0,0,-0.143367,-0.858675,0.49206
0,0,0.603524,-0.428338,0.672522
0,0,-0.0351646,-0.0776391,0.996361
0,0,-0.693643,-0.473994,0.542391
0,0,0.401828,-0.593899,0.697007
0,0,-0.78806,0.0873275,0.609373
0,0,-0.57793,-0.812973,0.0712199
0,0,0.970455,0.00577192,0.241215
0,0,-0.91329,-0.328218,0.241195
0,0,-0.894972,0.426387,0.131221
0,0,0.13506,0.988387,0.0696353
0,0,-0.679861,0.699793,0.219269
0,0,-0.44121,-0.488209,0.752984
0,0,0.820157,-0.397674,0.411338
0,0,0.395763,0.918347,0.0033074
0,0,0.69739,0.0183814,0.716456
0,0,-0.00537509,0.865106,0.501561
0,0,-0.124966,-0.689042,0.713866
0,0,0.755551,0.46662,0.459792
0,0,-0.285573,-0.40083,0.870508
0,0,0.446082,0.501953,0.740982
0,0,0.0379569,-0.811972,0.582461
0,0,-0.509082,0.523409,0.683285
22.3359,31.4177,-0.0755846,0.212729,0.974183
0,0,-0.90816,-0.288132,0.303688
0,0,-0.179711,-0.501224,0.84645
0,0,-0.284004,-0.935406,0.21061
0,0,-0.157499,-0.691919,0.704586
0,0,-0.420071,-0.900292,0.114082
0,0,-0.671832,0.676594,0.301433
0,0,-0.944356,0.32609,0.0431066
0,0,0.300759,0.851916,0.428699
0,0,0.662209,-0.608891,0.436728
0,0,0.535585,-0.815475,0.219428
0,0,-0.232437,-0.936189,0.263674
0,0,0.922477,-0.313629,0.225105
0,0,0.147988,0.517841,0.84258
0,0,0.884953,-0.0995917,0.454906
0,0,-0.952583,0.122788,0.278404
0,0,0.609974,-0.0189626,0.792195
0,0,0.0163041,0.647431,0.76195
0,0,0.183394,-0.831944,0.523675
0,0,-0.713398,0.596411,0.36791
0,0,0.827677,0.519368,0.21262
0,0,-0.852931,0.472302,0.22235
0,0,0.708188,-0.688343,0.157014
0,0,0.946593,0.271671,0.173658
0,0,-0.563962,-0.716891,0.409895
0,0,-0.900618,-0.29074,0.323046
0,0,-0.703215,0.682914,0.19778
0,0,0.56741,-0.752972,0.333284
0,0,0.342377,-0.84466,0.411495
0,0,-0.737336,-0.624137,0.258434
0,0,0.938527,-0.245111,0.243079
0,0,-0.767547,-0.415202,0.488343
0,0,0.0220306,0.998661,0.0468123
0,0,0.361344,-0.8155,0.452096
0,0,0.5315,-0.614529,0.582977
22.6875,32.531,0.146566,-0.984397,-0.0973658
0,0,0.148853,-0.435958,0.887571
0,0,-0.362402,0.549822,0.752569
0,0,0.350105,0.771306,0.53152
0,0,-0.660435,0.302482,0.687263
0,0,-0.577625,0.565663,0.588537
0,0,-0.22273,-0.555129,0.801389
0,0,0.313958,0.595077,0.739806
0,0,0.845311,0.0970489,0.525387
0,0,0.417589,-0.899174,0.130788
0,0,0.306772,-0.822554,0.478849
0,0,-0.421772,0.464234,0.778842
0,0,0.622335,-0.779016,0.0763766
0,0,-0.8555,0.481975,0.189261
0,0,-0.0324226,0.876326,0.480626
0,0,0.260668,0.862099,0.434555
0,0,0.267771,-0.803088,0.532305
0,0,-0.0906748,0.84049,0.534185
0,0,0.901307,-0.203721,0.382288
0,0,0.990182,0.12951,0.0525959
0,0,-0.72856,0.048084,0.683292
0,0,0.401879,-0.759963,0.510831
0,0,0.890792,-0.442124,0.104962
0,0,-0.9928,0.107162,0.0535126
0,0,0.763782,0.0669744,0.64199
0,0,-0.137797,0.641241,0.754866
0,0,0.561802,-0.740602,0.36863
0,0,-0.615805,-0.785872,0.0564666
0,0,-0.233483,-0.580349,0.78018
0,0,0.0834261,0.540023,0.837505
0,0,0.932793,0.355913,0.0567738
0,0,-0.0719931,0.949954,0.30398
0,0,-0.78931,-0.0764604,0.609216
0,0,0.720153,-0.578918,0.382405
0,0,-0.530458,-0.38258,0.75647
0,0,0.711518,-0.664881,0.227322
0,0,0.766533,0.559735,0.314841
0,0,-0.957668,-0.234662,0.166749
0,0,0.446649,0.19174,0.873923
0,0,-0.0406929,-0.56343,0.825161
0,0,-0.308486,0.930685,0.196627
0,0,-0.0745863,0.703579,0.706692
0,0,-0.49172,0.0665997,0.868203
0,0,-0.878373,-0.288307,0.381234
0,0,-0.595166,-0.757398,0.268561
0,0,-0.812515,-0.311692,0.492612
0,0,0.541448,0.385219,0.747288
0,0,0.174897,-0.678275,0.713691
0,0,-0.616376,-0.206254,0.75996
0,0,-0.305546,-0.937639,0.165757
0,0,-0.167509,0.893647,0.416337
0,0,-0.122992,0.317181,0.940356
0,0,-0.211414,0.821657,0.529324
0,0,0.696772,-0.592069,0.404923
0,0,0.000741934,-0.869156,0.494537
0,0,-0.0296851,0.768734,0.638879
0,0,0.85174,0.0376463,0.52261
0,0,0.70784,0.559487,0.431204
0,0,0.775931,-0.501471,0.382698
0,0,0.660355,0.14616,0.736593
0,0,-0.519933,0.749457,0.409859
0,0,-0.28137,0.912306,0.297538
0,0,-0.047775,0.921754,0.38482
0,0,0.444571,0.827958,0.341823
0,0,0.993555,-0.113239,0.0050017
0,0,-0.550661,0.833641,0.0426063
0,0,0.235846,-0.740404,0.629427
0,0,0.13342,0.320421,0.937832
0,0,0.658181,-0.669076,0.345158
0,0,-0.488271,0.167251,0.856515
0,0,-0.637342,-0.753946,0.159253
0,0,-0.856931,0.505033,0.103008
0,0,-0.774189,0.0895125,0.626593
0,0,0.529532,0.384043,0.756378
0,0,0.997328,0.0470293,0.0558996
0,0,0.371877,-0.615631,0.69477
0,0,-0.750946,0.0122139,0.66025
0,0,-0.516057,0.787692,0.336493
0,0,-0.259157,-0.153465,0.953565
0,0,-0.265836,-0.311315,0.912367
0,0,0.943216,-0.166366,0.287516
0,0,0.658903,0.715161,0.233221
0,0,0.933989,-0.259091,0.246043
0,0,0.0682178,0.1618,0.984463
19.2127,27.0175,0.114044,0.15059,0.981996
0,0,-0.989537,0.130352,0.0618482
0,0,-0.393057,0.0548175,0.917879
0,0,0.457712,0.481575,0.747385
0,0,0.300495,-0.486693,0.820263
0,0,-0.452982,0.769013,0.451029
0,0,-0.408875,0.535898,0.738671
0,0,0.189603,-0.890054,0.414554
0,0,0.0875229,-0.7894,0.607607
0,0,0.0167194,-0.743471,0.668559
0,0,0.70865,-0.278281,0.648363
0,0,-0.934476,0.352371,0.0508861
0,0,0.273364,0.230357,0.933921
0,0,0.590698,0.805265,0.0512247
0,0,-0.399106,0.571012,0.717397
0,0,-0.191271,0.771148,0.607245
0,0,0.160122,0.904973,0.394188
0,0,-0.145342,-0.769701,0.62164
0,0,-0.304066,0.152409,0.940381
0,0,0.815515,-0.430962,0.386274
0,0,0.362141,-0.917788,0.162846
0,0,0.385302,-0.284703,0.877773
0,0,-0.49695,-0.0837632,0.863727
0,0,-0.388578,-0.160597,0.907312
0,0,0.335563,0.798679,0.499508
0,0,0.570397,0.278778,0.772612
0,0,0.937755,0.0794836,0.338081
18.2816,26.0884,-0.708814,0.309302,0.633967
0,0,-0.908028,0.173333,0.381368
0,0,-0.955539,0.284676,0.0768397
0,0,-0.872775,0.149916,0.46453
0,0,-0.0825081,0.922929,0.376025
23.7154,35.4153,0.668493,0.676778,-0.308365
0,0,-0.717957,0.574813,0.392592
0,0,-0.511922,-0.377737,0.771525
0,0,0.314955,0.337192,0.887189
0,0,0.357387,-0.372156,0.856607
0,0,-0.277088,-0.738174,0.615078
0,0,-0.693234,-0.111582,0.712022
0,0,-0.285036,0.852349,0.43847
0,0,0.604655,0.790327,0.0988711
9.03673,13.0481,0.511754,-0.33858,0.789602
0,0,0.213272,0.334515,0.917941
0,0,-0.0304556,0.887396,0.460001
0,0,0.0334089,0.86125,0.507082
0,0,-0.836674,-0.34471,0.42562
0,0,-0.444652,-0.0394884,0.894833
0,0,-0.684881,0.304601,0.661934
0,0,0.962369,-0.073372,0.261653
0,0,-0.773612,-0.632994,0.0290348
0,0,-0.106155,0.851867,0.512888
0,0,0.803527,0.243966,0.542978
0,0,-0.901334,0.391587,0.185084
0,0,-0.604279,0.576736,0.549747
0,0,-0.549898,-0.821047,0.153278
18.4084,27.2909,-0.273279,-0.406512,0.871818
0,0,0.809423,-0.201797,0.551463
0,0,-0.674672,0.705832,0.215912
0,0,0.375936,0.848497,0.372457
0,0,0.554108,0.465927,0.689838
0,0,-0.522851,0.852326,0.0129348
0,0,0.653347,0.612033,0.445594
0,0,0.683964,0.67575,0.274873
0,0,0.592355,0.427074,0.683171
0,0,0.826875,0.271975,0.492248
0,0,0.539639,0.528909,0.655015
0,0,-0.759955,-0.646166,0.0702724
0,0,0.964236,0.258617,0.0580164
0,0,0.787521,0.60154,0.134017
0,0,0.373837,-0.0874186,0.923366
0,0,-0.128697,0.970212,0.205247
0,0,-0.367319,0.520553,0.77078
0,0,0.446033,-0.84122,0.305619
0,0,0.71507,-0.446377,0.53798
0,0,0.862345,0.261649,0.433474
0,0,-0.14663,0.740051,0.656372
0,0,0.786879,-0.235288,0.570492
0,0,-0.411186,-0.778812,0.473686
0,0,-0.00919201,0.899613,0.43659
0,0,0.21873,-0.738098,0.638254
0,0,0.00840924,-0.991889,0.126825
0,0,-0.717641,-0.18281,0.671991
0,0,0.448313,-0.805524,0.387488
0,0,0.672485,0.0422865,0.738902
0,0,-0.72705,0.686583,0.00126605
0,0,-0.768655,-0.457242,0.447324
0,0,-0.392084,0.910171,0.133636
8.96297,14.0557,-0.92967,-0.0373316,0.366496
0,0,0.879308,0.165763,0.446476
0,0,0.78943,-0.39035,0.473738
0,0,0.277049,0.901389,0.332779
0,0,-0.436757,-0.154967,0.886131
0,0,0.649736,0.681833,0.336075
0,0,-0.0406397,-0.939241,0.340845
0,0,-0.274737,0.601581,0.75008
0,0,0.764682,-0.446713,0.464444
0,0,-0.740503,-0.499555,0.449554
0,0,-0.805546,0.592054,0.0238194
0,0,-0.571079,0.554653,0.605168
0,0,-0.731395,0.578952,0.360383
0,0,-0.55677,-0.517057,0.650122
0,0,0.447445,0.790841,0.41757
0,0,-0.955615,-0.154346,0.250954
0,0,0.7276,-0.542092,0.420398
0,0,0.0338918,-0.852361,0.521855
0,0,0.0704902,0.543308,0.836569
0,0,-0.401162,-0.900117,0.169879
0,0,-0.996481,-0.0160119,0.0822712
0,0,0.562677,0.770397,0.299804
0,0,-0.477092,0.507905,0.717228
0,0,-0.620118,-0.347535,0.70333
0,0,-0.33344,-0.793806,0.508615
0,0,0.133687,-0.770025,0.62385
0,0,0.887332,-0.426896,0.174359
0,0,0.17868,-0.287819,0.940869
0,0,-0.943557,-0.197239,0.266076
0,0,-0.648802,0.481359,0.589364
0,0,0.762141,0.539641,0.35767
0,0,-0.211417,-0.390577,0.895964
0,0,0.143245,0.69975,0.699879
0,0,-0.930878,-0.0777447,0.356962
0,0,0.229628,0.699994,0.676225
0,0,0.434319,0.839867,0.325561
0,0,-0.618439,-0.309605,0.722273
0,0,-0.541476,0.639649,0.545576
0,0,0.637972,0.752608,0.163011
0,0,0.101569,0.746643,0.657425
0,0,-0.109083,0.719825,0.685531
0,0,0.516487,0.747808,0.417162
5.50499,6.54506,-0.00601815,-0.254668,0.96701
0,0,-0.621015,0.311516,0.719235
0,0,0.490092,0.01743,0.871496
0,0,0.58965,0.304417,0.748093
0,0,-0.322112,-0.342815,0.882452
0,0,-0.73357,-0.612837,0.293779
0,0,-0.584335,-0.633633,0.507012
0,0,0.504201,-0.851166,0.145936
0,0,0.274645,0.712665,0.645507
0,0,-0.783639,-0.118166,0.609874
0,0,0.497732,0.830838,0.248938
0,0,0.375538,-0.745903,0.550091
0,0,-0.439762,0.890104,0.119683
0,0,-0.838183,-0.51945,0.166195
0,0,0.47225,0.716346,0.513642
0,0,0.846644,0.173006,0.503252
0,0,0.827148,-0.53226,0.180347
0,0,-0.909206,0.379238,0.171822
0,0,-0.967207,0.000306862,0.253991
0,0,0.651268,0.733229,0.195512
0,0,-0.179577,-0.352814,0.9183
0,0,0.298191,-0.269591,0.915643
0,0,-0.177069,0.831806,0.526066
0,0,0.769546,-0.633298,0.0820499
0,0,0.960883,0.261749,0.0905022
0,0,0.883478,-0.379121,0.275198
0,0,0.122164,-0.975501,0.182957
0,0,-0.494282,0.207321,0.844218
0,0,0.891439,0.172133,0.419174
0,0,-0.675702,0.645673,0.355716
0,0,-0.792648,-0.50816,0.336873
0,0,0.569914,0.651996,0.500099
0,0,-0.474387,0.740008,0.476807
0,0,-0.312588,0.0487015,0.948639
0,0,-0.868024,-0.445251,0.21974
0,0,-0.342236,-0.866003,0.364573
0,0,-0.847978,0.0738412,0.524863
0,0,-0.32093,0.916098,0.24035
0,0,0.805362,0.592783,0.000227951
0,0,-0.379989,0.780266,0.496784
0,0,0.498023,-0.0555738,0.865381
0,0,0.96624,-0.257151,0.01595
0,0,-0.803545,0.58693,0.0991361
0,0,-0.769351,-0.217869,0.600527
0,0,0.802323,-0.13424,0.5816
0,0,-0.419589,0.847844,0.324199
0,0,0.813597,0.574408,0.0900897
0,0,0.450941,0.891049,0.0517948
0,0,-0.280922,-0.748471,0.600728
0,0,-0.467254,-0.831614,0.300152
0,0,0.44557,0.885044,0.134776
0,0,-0.962825,-0.263437,0.0597392
0,0,0.92671,0.213815,0.309018
0,0,-0.761097,0.629199,0.157607
0,0,-0.321978,-0.240106,0.915794
0,0,-0.79734,0.590922,0.122718
0,0,-0.903615,-0.338268,0.262782
0,0,0.96644,-0.25642,0.0155979
0,0,0.175628,-0.75302,0.634126
0,0,-0.563248,-0.78392,0.261193
0,0,0.115972,0.992163,0.0465103
0,0,0.719474,0.673031,0.171425
0,0,0.635331,0.00386855,0.77223
0,0,-0.457608,0.844408,0.278515
0,0,-0.285637,0.913171,0.290741
0,0,-0.359566,0.91247,0.195221
0,0,0.212397,0.976007,0.0479414
0,0,-0.876148,0.348669,0.332859
0,0,0.120943,-0.954372,0.273034
0,0,0.0435206,-0.630922,0.774624
0,0,0.194653,-0.206912,0.9588
0,0,0.70235,-0.702326,0.115943
0,0,-0.639511,-0.318355,0.699768
0,0,-0.0998861,0.940451,0.324921
0,0,-0.286925,-0.651045,0.70272
0,0,-0.877201,0.0277359,0.479321
0,0,-0.350557,-0.86117,0.368098
0,0,0.113998,-0.246622,0.962384
0,0,0.871187,0.398091,0.287326
0,0,-0.775579,-0.63125,0.000566172
0,0,-0.337805,0.894725,0.292154
0,0,0.571224,0.759689,0.310767
0,0,-0.72591,0.115187,0.678076
0,0,0.388067,-0.912405,0.130078
0,0,0.398302,0.897386,0.189879
0,0,-0.303166,0.593651,0.745432
0,0,0.668804,0.234343,0.705539
0,0,0.333064,-0.00965504,0.942855
0,0,0.428975,0.224141,0.875067
0,0,0.436645,-0.878264,0.194919
0,0,0.9754,0.084815,0.203472
0,0,-0.772357,-0.295705,0.562159
0,0,-0.33571,-0.167471,0.926959
0,0,-0.744307,-0.497884,0.445104
0,0,-0.530975,0.790461,0.305347
0,0,-0.0921246,0.242049,0.965881
0,0,0.989122,0.0422138,0.140911
0,0,-0.45783,-0.88045,0.123288
0,0,0.789587,0.259374,0.556127
0,0,0.810677,0.0379874,0.58426
0,0,-0.548427,0.681929,0.483943
0,0,0.401313,-0.545009,0.736148
0,0,-0.39631,0.887165,0.236382
0,0,0.00777567,0.98646,0.163815
0,0,0.349118,0.918116,0.187564
0,0,-0.502684,-0.824798,0.258878
0,0,0.464634,-0.070127,0.882721
0,0,0.0425708,0.996163,0.0764715
0,0,-0.96349,-0.267743,0.000993205
0,0,0.374516,0.453427,0.80879
0,0,0.522907,-0.730465,0.439306
0,0,-0.689051,-0.724646,0.00985946
0,0,-0.161695,0.957058,0.240614
0,0,-0.19,0.981072,0.037383
17.063,23.9798,-0.30957,0.119393,0.943351
0,0,-0.415993,0.794116,0.443091
22.3487,30.6781,-0.784466,0.196294,0.588287
0,0,0.574042,-0.723663,0.38313
0,0,-0.893631,-0.362336,0.264831
0,0,0.493331,0.858293,0.141271
0,0,-0.996186,0.0677705,0.0549523
0,0,-0.694355,-0.0381805,0.718619
0,0,-0.949796,0.127511,0.285706
0,0,0.583849,-0.809235,0.065262
0,0,-0.357524,0.241071,0.902254
0,0,0.478954,-0.208852,0.852634
0,0,0.319624,-0.483622,0.814831
0,0,-0.157319,0.884737,0.438739
0,0,-0.461854,0.884561,0.0651352
0,0,0.718359,0.254101,0.647605
0,0,-0.336998,-0.0905107,0.937145
0,0,-0.662685,-0.732281,0.156887
0,0,0.63271,0.522896,0.571189
0,0,0.272086,-0.530441,0.802871
0,0,-0.888125,0.117477,0.444335
0,0,0.751095,0.564064,0.343056
0,0,0.319852,-0.752913,0.575166
0,0,0.726007,-0.486899,0.485637
0,0,0.00414834,0.982052,0.188564
0,0,-0.799653,0.0905994,0.593588
0,0,0.572934,0.635104,0.518064
0,0,-0.126028,-0.395155,0.909928
0,0,-0.402012,0.571336,0.715515
0,0,-0.548125,0.311057,0.776404
0,0,0.3228,-0.418644,0.848845
0,0,0.614324,0.786533,0.0630312
0,0,0.720358,0.163882,0.673964
0,0,-0.0739179,-0.725727,0.684001
0,0,-0.554318,-0.832245,0.0099701
0,0,-0.660349,-0.638203,0.395772
0,0,-0.488654,-0.466518,0.737278
0,0,0.43342,-0.739437,0.51515
0,0,0.340139,-0.21515,0.915432
0,0,-0.799638,-0.550991,0.238722
0,0,-0.340948,-0.935224,0.0954509
0,0,0.891481,0.296181,0.342837
0,0,0.484896,0.321291,0.813417
0,0,-0.976081,-0.122547,0.179578
0,0,0.0194907,0.863947,0.503205
0,0,0.399037,0.827825,0.394302
0,0,-0.257753,0.848212,0.462709
0,0,-0.647409,0.507361,0.568723
0,0,-0.839661,-0.318431,0.439968
0,0,-0.0281514,-0.47147,0.881433
0,0,0.926483,-0.112911,0.358999
0,0,0.0406431,0.145585,0.988511
0,0,0.673899,-0.302092,0.674241
0,0,-0.129304,0.800325,0.585457
0,0,-0.677155,-0.687923,0.261197
0,0,-0.71104,-0.00117785,0.703151
0,0,0.908604,0.069795,0.411786
0,0,-0.526109,-0.00084239,0.850417
0,0,0.231235,0.955826,0.181457
0,0,-0.949981,0.306153,0.061689
0,0,-0.253524,0.270442,0.928755
0,0,-0.843581,-0.39431,0.364541
0,0,0.343548,0.293278,0.892168
0,0,0.473055,-0.418854,0.7751
0,0,0.451972,0.863788,0.222691
0,0,0.629828,0.501801,0.592885
0,0,0.903388,0.384753,0.189356
0,0,-0.465378,0.506936,0.725561
0,0,0.475696,0.29637,0.828178
0,0,-0.648978,-0.241856,0.721341
0,0,0.672904,0.246467,0.697462
0,0,0.862042,0.256129,0.437358
0,0,0.642172,0.0528442,0.764737
0,0,-0.740763,0.671672,0.0112789
0,0,-0.714821,-0.677207,0.174419
0,0,-0.304038,-0.425644,0.852284
0,0,-0.871828,0.164551,0.461344
0,0,-0.569074,0.180821,0.802159
0,0,0.578042,-0.815856,0.015668
0,0,0.966423,-0.187926,0.175245
0,0,0.783238,-0.603457,0.149593
0,0,0.595831,0.195116,0.779047
0,0,-0.329077,0.617121,0.714752
0,0,0.483223,-0.528503,0.697982
0,0,0.250167,0.599532,0.760248
0,0,0.870666,0.490173,0.0408745
0,0,0.544988,-0.0248792,0.838075
0,0,-0.257532,0.346544,0.901989
23.1522,32.4097,0.723113,-0.688097,-0.0602436
0,0,-0.496033,-0.535373,0.683614
0,0,-0.309772,0.742482,0.593937
0,0,-0.884641,-0.268778,0.381011
0,0,-0.89987,0.345683,0.265965
0,0,-0.573994,0.712598,0.403404
0,0,-0.543951,0.213103,0.811606
0,0,0.352643,0.90906,0.221929
0,0,0.753525,-0.361737,0.54895
0,0,0.456867,-0.889289,0.0209435
0,0,-0.528274,-0.820879,0.216992
16.6233,23.5041,0.373702,0.534444,0.758101
20.6711,30.4727,-0.511601,-0.619148,-0.595752
0,0,-0.864944,0.131873,0.484232
0,0,-0.292863,0.724477,0.623991
0,0,0.333227,0.831457,0.444566
0,0,-0.288213,-0.590937,0.753477
0,0,-0.651506,0.558511,0.513425
0,0,-0.79609,0.595691,0.106737
0,0,-0.313797,0.088801,0.945329
0,0,0.226888,-0.927909,0.295815
0,0,0.661196,-0.169808,0.730743
0,0,-0.42073,0.185594,0.887999
0,0,-0.617352,0.157393,0.770781
0,0,-0.688457,0.399905,0.605064
0,0,0.476386,0.0103431,0.879176
0,0,0.0294989,0.782351,0.622138
0,0,0.935574,-0.344928,0.0756667
0,0,0.76582,0.466113,0.443011
0,0,-0.513645,0.424408,0.745686
0,0,-0.325227,-0.741766,0.586524
0,0,0.967999,-0.250864,0.00667737
0,0,0.373972,0.923745,0.0827011
0,0,0.136784,0.778375,0.612717
0,0,-0.758729,0.488289,0.431165
0,0,0.410307,-0.641592,0.64808
0,0,-0.994434,0.0529717,0.0910813
0,0,0.406788,0.432105,0.804866
0,0,-0.917709,-0.373724,0.134689
0,0,0.819476,-0.572301,0.0304873
0,0,0.938996,0.335657,0.0749733
0,0,0.586086,-0.297577,0.753626
0,0,0.609182,0.123009,0.783432
0,0,0.628892,0.770358,0.105084
0,0,-0.316919,0.72128,0.615888
0,0,-0.884115,0.373697,0.28052
0,0,-0.544816,0.462137,0.699718
0,0,-0.417223,0.819117,0.393665
0,0,-0.543992,-0.604042,0.582414
0,0,-0.946067,0.321697,0.038331
0,0,-0.855251,-0.377511,0.355009
0,0,-0.207372,0.327436,0.921836
0,0,0.854331,0.162661,0.49362
0,0,-0.560438,0.827731,0.0277612
0,0,0.436002,-0.254372,0.863248
0,0,-0.235197,0.909077,0.343892
2.24122,2.5669,0.32034,0.240128,0.916363
0,0,-0.142784,-0.989744,0.00434134
0,0,0.562532,0.459906,0.687054
0,0,0.0514008,0.99075,0.125586
0,0,0.894996,0.301074,0.329145
0,0,-0.123518,-0.868129,0.480724
0,0,-0.0350812,0.244127,0.969109
9.2491,12.458,-0.531823,0.20238,0.822318
0,0,-0.543009,-0.468792,0.696689
0,0,-0.48554,-0.794543,0.364627
0,0,0.910401,0.162786,0.380357
0,0,0.390617,-0.657137,0.644662
0,0,-0.195544,-0.969205,0.149681
0,0,-0.852881,-0.122848,0.507448
0,0,0.0767201,0.446491,0.891493
0,0,0.185793,0.90134,0.391238
0,0,-0.813219,-0.329786,0.479497
0,0,0.532934,0.840552,0.0972296
0,0,-0.499191,-0.610469,0.614928
0,0,-0.327811,0.906117,0.267379
0,0,-0.267272,0.949894,0.16207
0,0,0.0963482,-0.929759,0.355338
0,0,-0.043489,0.778409,0.626249
0,0,0.255012,-0.849627,0.46163
0,0,-0.339478,-0.413128,0.845032
0,0,-0.162028,0.240212,0.957102
0,0,-0.77273,-0.08851,0.628533
0,0,0.792999,0.127625,0.595705
0,0,-0.608273,-0.583982,0.537559
0,0,-0.082279,0.761676,0.642713
0,0,0.694148,-0.634365,0.340205
0,0,0.314907,-0.396052,0.86254
0,0,-0.823176,0.200227,0.531311
0,0,-0.084668,-0.851329,0.517756
0,0,0.538673,-0.656568,0.527968
0,0,-0.461842,-0.826505,0.321858
0,0,-0.146517,-0.982216,0.117409
0,0,-0.813005,0.346924,0.467619
0,0,0.0147313,0.886147,0.46317
0,0,-0.334796,-0.168488,0.927105
0,0,-0.278799,-0.0378679,0.959602
0,0,-0.0694565,0.71659,0.694028
0,0,-0.717559,0.177343,0.673541
0,0,-0.242349,0.347868,0.905679
0,0,0.749052,-0.661472,0.0370923
0,0,0.22259,0.907752,0.355584
0,0,0.195253,0.223631,0.954917
0,0,0.278457,0.913301,0.297226
0,0,-0.249271,-0.948152,0.197161
0,0,0.262724,-0.221107,0.939195
0,0,-0.556715,0.78877,0.260596
0,0,-0.0955338,-0.35923,0.928346
0,0,0.971616,-0.224386,0.0749266
0,0,0.198731,-0.740536,0.641959
0,0,0.0228973,-0.896718,0.44201
0,0,-0.940256,-0.335511,0.0578786
0,0,0.445193,0.763038,0.468589
0,0,0.178986,0.769777,0.612704
0,0,0.884479,0.425526,0.191377
0,0,-0.893343,-0.215429,0.394372
0,0,-0.144346,-0.557363,0.817625
0,0,0.670388,0.486291,0.560448
0,0,-0.950787,-0.0559789,0.304747
0,0,-0.321869,-0.776679,0.541452
0,0,-0.85276,-0.51539,0.0846928
0,0,-0.656568,-0.415118,0.629758
0,0,0.29097,-0.58359,0.758129
0,0,-0.140527,-0.989624,0.0299557
0,0,0.0427581,-0.943069,0.329838
0,0,-0.878764,0.140786,0.456018
0,0,-0.0373311,-0.994505,0.0978043
0,0,-0.521601,0.0649795,0.850711
0,0,-0.86351,-0.113132,0.491479
0,0,-0.840239,0.493145,0.225403
0,0,0.663926,-0.0251068,0.747377
0,0,-0.980563,0.0391502,0.192258
0,0,0.581337,-0.0447112,0.812433
0,0,-0.414224,-0.717744,0.559698
0,0,0.526572,-0.474229,0.70557
0,0,-0.819098,0.573413,0.0166251
0,0,0.53301,-0.629951,0.564857
0,0,0.388401,-0.507538,0.769123
0,0,0.493978,-0.585485,0.642801
0,0,-0.20941,0.908612,0.361347
0,0,0.649052,0.318621,0.690806
0,0,-0.203938,0.814351,0.543362
0.703334,0.691497,0.147982,0.0385713,0.988238
0,0,-0.343008,-0.863677,0.369332
0,0,0.846476,-0.528185,0.067074
0,0,-0.602441,-0.370999,0.706699
7.251,10.9713,-0.0232486,-0.38569,0.922336
0,0,0.824822,0.00441476,0.565375
0,0,-0.443058,0.57141,0.690789
0,0,-0.775183,-0.573184,0.265616
0,0,0.402578,0.89324,0.200132
0,0,-0.502108,-0.711766,0.4912
0,0,0.392781,0.104238,0.913705
0,0,-0.809614,-0.561775,0.170099
1.01745,1.01847,0.330022,0.197837,0.923009
0,0,-0.385095,-0.596765,0.703969
0,0,0.240039,-0.96016,0.143085
0,0,0.669992,-0.678696,0.300804
0,0,-0.784754,0.0656464,0.616321
0,0,0.689014,-0.670917,0.2741
0,0,-0.783345,-0.0679355,0.617863
0,0,0.295254,0.803737,0.516557
0,0,0.204046,-0.488254,0.848512
0,0,-0.80798,-0.199053,0.554568
0,0,0.24066,0.970436,0.0183737
0,0,0.220955,-0.691714,0.687539
0,0,0.522375,-0.837637,0.159653
0,0,0.922167,0.382389,0.0582032
0,0,-0.102062,-0.658807,0.745356
0,0,0.654876,-0.75545,0.0207964
0,0,0.0928444,0.866857,0.489836
0,0,-0.912878,-0.156899,0.376877
0,0,0.713686,0.183993,0.675869
0,0,-0.956087,0.141817,0.256486
0,0,-0.737442,-0.286495,0.611637
0,0,0.988345,-0.0809181,0.128945
0,0,-0.914392,0.404399,0.0186634
0,0,-0.898179,0.00879463,0.439541
0,0,0.820867,-0.570736,0.0209232
0,0,0.301102,-0.890963,0.339886
0,0,-0.642183,-0.117882,0.757433
0,0,0.642043,0.731589,0.229257
0,0,-0.929892,-0.299224,0.213932
0,0,0.993074,-0.0799397,0.086107
0,0,-0.49947,-0.305137,0.810815
0,0,-0.611066,0.580303,0.538374
0,0,0.0342348,-0.412989,0.910092
0,0,0.719079,0.692754,0.0549248
0,0,-0.789943,-0.593537,0.15396
0,0,-0.461311,0.834363,0.301713
0,0,0.271888,-0.944391,0.184938
0,0,-0.273785,-0.83174,0.482961
0,0,-0.0633006,-0.0406831,0.997165
0,0,-0.646882,-0.577783,0.497706
0,0,0.306392,0.443535,0.84226
0,0,-0.449998,0.336405,0.827244
0,0,0.00903593,0.872028,0.489372
0,0,-0.464958,-0.326219,0.82304
0,0,-0.795973,0.530568,0.29142
0,0,-0.58866,0.807998,0.0248647
0,0,0.218927,0.486098,0.846038
0,0,-0.643935,0.52998,0.551787
0,0,0.756348,-0.618288,0.213676
0,0,0.362939,-0.817682,0.446847
0,0,0.632789,0.554755,0.540208
0,0,-0.432943,-0.792112,0.430254
0,0,0.489878,-0.758923,0.429017
0,0,0.306234,0.902183,0.303788
0,0,-0.70375,0.478004,0.525594
0,0,0.626848,-0.0165163,0.778967
0,0,0.030822,0.98665,0.15991
0,0,-0.586136,-0.467652,0.661624
0,0,0.459155,-0.700893,0.545826
0,0,-0.594516,0.0935611,0.798622
0,0,0.888198,-0.298315,0.349446
0,0,-0.649035,0.31501,0.692475
0,0,0.691488,0.298856,0.65767
0,0,0.732286,0.253465,0.63207
0,0,0.762008,0.55566,0.332545
0,0,0.970098,-0.242066,0.0177086
0,0,0.519752,0.424764,0.741238
0,0,-0.247832,-0.269502,0.930563
0,0,-0.0978802,-0.787191,0.608892
0,0,0.245715,-0.914138,0.322452
0,0,0.769711,0.476393,0.424964
0,0,-0.293099,-0.936773,0.191176
0,0,0.341433,-0.103376,0.934204
0,0,-0.459742,0.761502,0.456894
0,0,-0.283925,0.949158,0.135964
0,0,0.399465,0.401815,0.823998
0,0,0.719012,-0.643317,0.262993
0,0,0.963995,-0.263663,0.0345834
21.7842,27.7,-0.772189,-0.173195,-0.611332
0,0,0.53321,-0.39323,0.749038
0,0,-0.81498,-0.455215,0.358591
0,0,0.311953,0.330061,0.890924
18.6385,25.0225,0.0650561,0.635639,0.769241
0,0,0.35793,-0.870343,0.338214
0,0,0.203708,0.551447,0.808956
0,0,-0.502538,-0.838308,0.211411
0,0,-0.425493,0.817918,0.387254
0,0,-0.131564,0.984516,0.11584
0,0,0.832345,-0.105037,0.544213
4.63226,7.46379,0.252194,0.0963975,0.962863
0,0,-0.415739,0.903927,0.100383
0,0,0.888404,0.450749,0.086971
0,0,0.835721,0.521655,0.1716
0,0,-0.865655,-0.50038,0.0161791
0,0,0.648975,0.724904,0.230964
0,0,0.809715,0.473304,0.346907
0,0,0.687773,0.0854366,0.72088
0,0,-0.155463,-0.389948,0.907619
0,0,0.425874,-0.78656,0.447163
0,0,0.3988,0.0723521,0.914179
0,0,-0.981011,-0.171179,0.0911865
0,0,0.640472,0.259868,0.722679
0,0,0.378278,0.44125,0.81376
0,0,-0.465221,0.567959,0.678964
0,0,-0.930735,0.252862,0.264184
0,0,-0.968661,0.0752482,0.236712
0,0,0.784188,-0.213607,0.582599
0,0,0.407469,0.447306,0.79617
0,0,0.937783,-0.0505053,0.34353
0,0,-0.914725,0.396576,0.077499
0,0,0.842661,0.388627,0.372682
0,0,0.578792,0.815465,0.00416306
0,0,0.878835,0.475752,0.0361737
0,0,-0.441383,0.891629,0.100891
0,0,-0.557239,0.766942,0.318252
0,0,0.294253,0.851887,0.433248
0,0,0.908487,0.137495,0.394648
2.84721,3.62046,-0.630339,-0.499248,0.594495
0,0,0.661553,0.695609,0.280134
0,0,0.497822,0.623046,0.603313
0,0,-0.453813,-0.377165,0.807342
0,0,0.155726,-0.950528,0.268784
0,0,-0.255449,-0.947026,0.194647
0,0,0.222007,0.297395,0.928585
0,0,-0.656075,-0.750896,0.075643
0,0,0.767459,0.123256,0.629138
0,0,0.868796,0.0871985,0.487431
0,0,0.610937,-0.732443,0.300472
0,0,-0.00634388,0.889208,0.457459
0,0,0.410672,-0.664319,0.624522
0,0,-0.793323,-0.386488,0.470388
0,0,0.100631,0.89488,0.434815
0,0,0.808068,-0.258246,0.529466
0,0,-0.571649,-0.690164,0.443724
0,0,-0.992475,0.0886229,0.0845003
0,0,-0.307319,-0.572714,0.759969
0,0,0.781451,-0.533772,0.323142
0,0,-0.334059,-0.532399,0.777789
0,0,-0.0901694,0.398554,0.912701
0,0,-0.92841,0.190512,0.318999
0,0,0.861255,-0.505884,0.0481839
0,0,0.454298,0.807304,0.376661
0,0,-0.619284,0.486105,0.616594
0,0,-0.864739,-0.0704444,0.497257
0,0,-0.430093,-0.820427,0.376723
0,0,-0.441815,0.28332,0.851193
0,0,0.379742,-0.896068,0.229908
0,0,-0.999282,0.00851263,0.0369266
0,0,0.194512,0.382427,0.90328
0,0,-0.525237,-0.840933,0.130223
0,0,0.258995,-0.0131946,0.965788
0,0,0.0949593,-0.674207,0.732412
0,0,0.166143,0.35421,0.920289
18.1266,26.4425,0.0131652,-0.873994,0.485759
0,0,-0.443218,0.0718069,0.893533
0,0,-0.341065,0.116586,0.932782
0,0,0.129751,0.970596,0.202753
0,0,0.581813,0.1133,0.805392
0,0,-0.0312484,0.840553,0.540827
0,0,0.0231223,-0.931674,0.36256
0,0,-0.342111,0.415653,0.842729
0,0,-0.81646,-0.403556,0.412959
0,0,-0.18096,0.962916,0.200115
0,0,-0.565217,0.22252,0.794364
0,0,-0.445218,0.254034,0.858631
0,0,-0.0345193,-0.57765,0.815554
0,0,0.538755,-0.699904,0.468911
0,0,-0.780042,0.472253,0.410503
22.5951,32.3827,0.0722521,-0.636097,0.768219
0,0,0.775073,-0.189257,0.602863
0,0,-0.415748,-0.79603,0.439875
0,0,0.49207,0.11025,0.863546
0,0,-0.18614,-0.651264,0.735668
0,0,-0.194369,-0.835548,0.513887
0,0,0.738843,-0.589171,0.32709
0,0,0.520431,-0.385642,0.761861
0,0,-0.267941,-0.759033,0.593361
0,0,-0.0977671,-0.44204,0.891652
0,0,0.341847,-0.939125,0.0344307
0,0,0.0812663,0.305928,0.94858
0,0,-0.656811,-0.750663,0.0714464
0,0,0.263749,0.821339,0.505804
0,0,-0.397922,-0.734099,0.550234
0,0,0.0329517,0.988936,0.144633
0,0,0.681302,-0.5476,0.48576
0,0,0.761129,0.56373,0.320766
0,0,-0.796008,-0.163559,0.582769
0,0,-0.545429,-0.293335,0.785151
0,0,-0.690799,-0.0117152,0.722952
0,0,-0.51266,-0.856699,0.0569734
0,0,-0.608983,0.717211,0.338744
0,0,-0.864641,-0.471404,0.173709
0,0,-0.0267821,-0.907288,0.419656
0,0,0.990897,-0.107842,0.0805753
0,0,-0.984402,0.118419,0.130118
0,0,-0.888023,-0.216719,0.405522
0,0,0.902024,-0.249302,0.352421
0,0,0.645567,0.558227,0.521177
0,0,-0.456058,0.722592,0.519492
0,0,0.712171,-0.643741,0.280017
0,0,-0.821768,0.168188,0.544436
0,0,0.439951,-0.80605,0.395886
0,0,0.259706,0.964741,0.0427519
0,0,0.801519,0.540978,0.254774
0,0,0.717799,-0.670283,0.188374
17.5001,24.4273,0.469574,-0.422129,0.77544
0,0,0.430976,-0.0632619,0.900143
0,0,0.637884,-0.166326,0.751957
0,0,0.908839,-0.320693,0.266775
0,0,-0.522194,-0.74079,0.422545
0,0,0.727375,0.549342,0.411278
0,0,-0.431036,-0.715306,0.550042
0,0,0.849983,-0.418241,0.320319
0,0,-0.423603,-0.580556,0.695352
0,0,0.971701,0.152625,0.180285
0,0,-0.342285,-0.360566,0.86766
0,0,0.294985,0.879158,0.374254
0,0,-0.0183198,0.500269,0.865676
0,0,-0.63134,-0.00301639,0.7755
0,0,-0.723086,-0.630934,0.281191
0,0,0.286833,0.713346,0.639425
0,0,-0.555997,-0.579477,0.595881
0,0,0.960207,-0.223142,0.16796
0,0,-0.308375,-0.258339,0.915514
0,0,-0.364313,0.220743,0.904737
0,0,-0.393645,0.669217,0.630232
0,0,0.665699,0.621995,0.412271
0,0,0.470034,0.857213,0.210364
0,0,0.170291,-0.553658,0.815147
0,0,-0.652337,-0.728087,0.210585
0,0,-0.449787,0.886628,0.107619
0,0,-0.267726,-0.791436,0.549501
0,0,-0.361658,-0.280209,0.889205
0,0,0.21481,0.963393,0.160409
0,0,-0.35056,-0.893026,0.282155
0,0,0.770055,0.533553,0.349767
0,0,-0.168959,-0.621465,0.765006
0,0,0.996386,0.0477603,0.0702432
0,0,0.383645,-0.923025,0.0290116
0,0,0.457885,0.0535599,0.887396
0,0,-0.256375,-0.201353,0.945372
0,0,0.423744,-0.192186,0.885158
0,0,-0.258345,-0.311346,0.914506
0,0,0.392674,0.603495,0.693975
0,0,0.104149,-0.955051,0.277543
0,0,0.485745,-0.442364,0.7539
0,0,0.419655,-0.747547,0.514842
0,0,-0.704618,0.310085,0.638248
17.9105,26.5229,0.505714,-0.221495,0.833782
0,0,0.13959,-0.485462,0.863042
0,0,0.284695,-0.956773,0.0594432
0,0,-0.63245,0.774283,0.0222015
0,0,0.635195,-0.737025,0.230916
0,0,-0.729647,0.671486,0.129311
0,0,0.67904,-0.688715,0.254118
0,0,-0.499691,0.695539,0.51627
0,0,-0.337129,0.335623,0.879603
0,0,-0.364629,0.0893854,0.926853
0,0,-0.234768,0.815397,0.529162
0,0,0.451243,0.590231,0.669334
0,0,-0.264175,-0.89502,0.359375
0,0,-0.593033,0.0810035,0.801093
0,0,-0.0137322,-0.867776,0.496766
0,0,0.0589808,0.930101,0.362538
0,0,-0.949231,0.309763,0.0548376
0,0,-0.831014,0.518433,0.2016
0,0,-0.524923,-0.752601,0.397551
0,0,-0.352781,-0.244198,0.903279
0,0,-0.500174,-0.350343,0.791887
0,0,0.394758,0.298358,0.868993
0,0,0.610582,0.502132,0.612416
0,0,-0.651628,-0.29105,0.700479
0,0,-0.999051,0.00634314,0.0430929
0,0,0.462613,0.535717,0.706397
0,0,0.527703,0.433046,0.730753
0,0,0.457059,0.773495,0.439093
0,0,0.182718,-0.752479,0.632763
0,0,-0.367613,0.245315,0.89704
0,0,0.021191,-0.765901,0.64261
0,0,-0.754753,-0.641221,0.138503
2.19973,3.04473,-0.164388,0.900567,0.402437
0,0,0.450017,0.811818,0.37207
0,0,0.936808,0.347232,0.0426716
0,0,0.638613,-0.764553,0.0873559
0,0,-0.0601712,-0.623395,0.779588
0,0,-0.0166293,-0.403525,0.914817
0,0,-0.262579,-0.548184,0.79407
0,0,-0.944405,-0.0195289,0.328203
0,0,-0.0847278,-0.704917,0.704211
0,0,0.0990042,0.49375,0.86395
0,0,-0.53407,0.696018,0.479925
0,0,0.241502,0.940815,0.237789
0,0,0.266127,-0.495772,0.826672
0,0,-0.0921621,-0.288077,0.953162
0,0,0.263747,-0.587004,0.765418
0,0,0.72816,0.6807,0.0801881
0,0,-0.57095,-0.810377,0.131549
0,0,-0.677699,-0.157341,0.718309
0,0,-0.875513,-0.441651,0.196013
0,0,0.489911,-0.862833,0.124526
0,0,-0.708776,-0.624359,0.328348
0,0,-0.499781,-0.313823,0.807301
0,0,0.447031,-0.553412,0.702779
0,0,0.0756187,0.767813,0.636196
0,0,0.136413,-0.989418,0.0494409
0,0,0.875731,-0.403235,0.265512
0,0,-0.75983,0.644524,0.0851299
0,0,0.881503,-0.4254,0.20491
0,0,-0.544516,-0.0312731,0.838167
0,0,0.848671,0.324322,0.417819
0,0,0.299688,0.47632,0.826624
0,0,0.580725,0.211501,0.786147
23.978,35.7743,0.685209,-0.634742,-0.357199
0,0,0.382168,0.848485,0.366088
0,0,-0.225811,-0.961568,0.156194
0,0,-0.531311,0.633207,0.562812
0,0,-0.472164,0.846417,0.246249
0,0,-0.407922,-0.823385,0.394509
0,0,0.334968,0.931612,0.141054
0,0,0.258924,-0.817639,0.514223
0,0,-0.522334,0.723838,0.450805
0,0,0.505062,-0.274199,0.818369
0,0,-0.0299051,-0.99435,0.101852
0,0,0.825263,0.427854,0.368622
0,0,-0.156147,-0.65779,0.736838
0,0,0.797585,-0.358406,0.485184
0,0,0.157301,0.971346,0.178165
0,0,-0.107574,-0.926469,0.360669
0,0,0.795846,-0.517812,0.313846
0,0,-0.383625,-0.922943,0.0317503
0,0,-0.0646242,0.834051,0.547889
0,0,0.0118484,0.257674,0.966159
0,0,0.423581,0.242159,0.87289
0,0,-0.83539,-0.284313,0.470415
0,0,0.685542,0.676117,0.269998
0,0,-0.801915,0.167575,0.573456
0,0,-0.764398,-0.0555939,0.642343
0,0,0.771679,-0.32328,0.547724
0,0,-0.105356,0.467644,0.877616
0,0,0.955971,0.291171,0.0365889
0,0,0.406297,-0.204305,0.890608
0,0,0.887196,0.134311,0.441412
0,0,-0.0376141,-0.726587,0.686044
18.7768,28.0322,-0.971604,0.234172,0.0338957
0,0,0.00150031,-0.997478,0.0709632
0,0,0.20791,-0.958795,0.193612
0,0,0.593767,-0.587565,0.549734
0,0,0.397528,0.262767,0.879161
0,0,0.50876,0.723215,0.467036
0,0,-0.610459,-0.747671,0.261398
0,0,-0.682089,0.162023,0.713094
0,0,-0.910245,-0.149478,0.386149
13.7918,19.5063,0.24764,0.274738,0.929082
0,0,0.32863,0.543644,0.772304
0,0,-0.735239,-0.519547,0.435309
0,0,-0.996171,0.00818679,0.087043
0,0,-0.950026,-0.034958,0.310208
0,0,-0.111763,0.942286,0.315605
0,0,-0.746045,0.365862,0.556382
0,0,0.0416851,-0.463773,0.884973
0,0,0.405853,0.692769,0.596116
0,0,0.165079,-0.895557,0.41319
0,0,0.259426,0.693315,0.672319
0,0,-0.158828,-0.0764802,0.98434
0,0,-0.362207,0.0692172,0.929524
0,0,0.311394,0.866995,0.389042
0,0,-0.436122,0.899788,0.0133623
0,0,0.750682,0.462003,0.472261
0,0,-0.76797,-0.495291,0.40609
0,0,0.691785,-0.254793,0.675658
0,0,-0.259636,0.797273,0.544927
0,0,-0.245708,0.525346,0.814641
0,0,-0.774209,0.0945696,0.625825
0,0,-0.428366,-0.80555,0.409379
0,0,-0.353896,0.141154,0.924572
0,0,-0.832208,-0.548855,0.0786628
0,0,-0.987227,-0.0207588,0.157964
0,0,-0.751478,-0.584879,0.305282
0,0,-0.234277,0.577323,0.782185
0,0,-0.192169,-0.976795,0.0945644
0,0,0.0641612,-0.66335,0.745554
0,0,0.134139,-0.664729,0.734943
0,0,0.690517,0.303262,0.656672
0,0,-0.295981,-0.849787,0.436186
0,0,0.167253,0.86244,0.477728
0,0,0.93349,-0.120166,0.337869
0,0,-0.00776244,0.999938,0.00801089
0,0,-0.561969,0.139749,0.815267
0,0,0.651179,-0.3761,0.659177
0,0,0.598248,-0.755944,0.265799
0,0,-0.521156,-0.246562,0.81707
0,0,0.69584,-0.522664,0.492574
0,0,0.388487,-0.466328,0.794742
0,0,-0.411144,0.74166,0.530001
0,0,0.847223,-0.282264,0.450044
0,0,0.856078,0.403588,0.322874
0,0,-0.255352,-0.518473,0.816076
0,0,0.862072,0.135086,0.488451
0,0,-0.932034,0.287788,0.220206
0,0,-0.910838,-0.323101,0.256866
0,0,0.944916,-0.202255,0.257344
0,0,-0.9317,0.340249,0.127142
0,0,-0.014247,-0.98055,0.195754
0,0,-0.951584,0.307129,0.0126382
0,0,0.31981,-0.0834814,0.943797
0,0,-0.794122,0.335834,0.506543
0,0,-0.958898,-0.263767,0.104605
0,0,0.325689,-0.681128,0.655737
0,0,-0.989808,0.00759601,0.142208
0,0,-0.625362,0.730392,0.274682
0,0,0.788974,-0.601185,0.126877
0,0,0.55843,0.282305,0.780038
0,0,0.551484,-0.739065,0.386844
0,0,-0.0110462,0.859973,0.510219
0,0,-0.0416581,-0.946202,0.320884
0,0,0.877097,-0.467927,0.108375
0,0,0.676776,0.434556,0.594252
0,0,-0.473767,0.343015,0.811102
0,0,0.791663,0.348409,0.501878
0,0,-0.717213,0.597092,0.359287
0,0,0.964796,-0.222699,0.139904
0,0,0.0835254,-0.352174,0.9322
0,0,-0.780439,-0.456188,0.427559
0,0,-0.23229,-0.909226,0.345471
0,0,0.999041,0.0036825,0.0436253
0,0,0.805756,0.492786,0.328511
0,0,0.178351,-0.959691,0.217218
0,0,0.57496,0.80934,0.119956
0,0,0.772142,-0.563027,0.294615
0,0,0.11919,0.973785,0.193741
0,0,0.691629,0.70131,0.172667
0,0,0.29398,0.167298,0.941056
0,0,0.0789401,0.845938,0.527407
0,0,0.389816,0.631306,0.670445
0,0,-0.867498,-0.0286041,0.496618
0,0,-0.844546,0.179393,0.50454
0,0,-0.355045,0.457259,0.815388
0,0,0.887697,-0.115882,0.445607
0,0,0.160733,-0.569425,0.806176
0,0,-0.412834,0.815086,0.406452
0,0,-0.946713,-0.0441726,0.319034
8.54603,13.5206,-0.741964,0.636681,0.210063
0,0,0.0692127,0.977966,0.196958
0,0,-0.107103,-0.851515,0.513275
0,0,0.596077,-0.791955,0.132284
0,0,0.719097,-0.396142,0.570939
0,0,-0.924909,0.349794,0.148958
0,0,0.455239,0.878891,0.142505
0,0,0.020301,-0.406477,0.913436
0,0,-0.341902,-0.0768397,0.936589
0,0,0.513278,-0.857898,0.023593
0,0,-0.902084,-0.302254,0.308038
0,0,0.830629,0.416201,0.36991
0,0,-0.0277366,-0.983006,0.181465
0,0,-0.706192,0.157541,0.690271
0,0,0.887971,0.438764,0.137818
0,0,-0.497652,-0.864282,0.0732115
0,0,-0.491412,-0.638547,0.59226
0,0,-0.695044,-0.365224,0.619294
0,0,0.663756,0.566294,0.488608
0,0,0.71041,0.0862608,0.698482
0,0,0.882303,-0.118268,0.455582
0,0,-0.802601,-0.596263,0.0173567
0,0,-0.454326,0.707194,0.541723
0,0,0.615966,-0.245904,0.74841
0,0,0.17663,0.65153,0.737774
0,0,0.0996871,0.551931,0.82791
0,0,-0.0197163,-0.799333,0.600565
0,0,0.378411,-0.895648,0.233709
0,0,-0.189106,0.824355,0.533551
0,0,0.00108684,-0.285244,0.958454
0,0,0.654022,0.0217872,0.756162
0,0,-0.936765,0.293705,0.190287
0,0,0.977535,0.209122,0.0263511
0,0,-0.189585,-0.244395,0.950962
0,0,0.960355,0.132696,0.245172
0,0,0.690939,0.094443,0.716718
0,0,0.380116,-0.492111,0.783159
0,0,0.24911,0.964449,0.088217
0,0,0.663772,0.724864,0.184331
0,0,0.598032,0.0424826,0.800345
0,0,0.906519,-0.0494766,0.419255
0,0,0.474885,-0.853425,0.214826
0,0,-0.475122,0.730908,0.489931
0,0,-0.28623,-0.157461,0.945134
0,0,0.391039,0.710227,0.585377
0,0,-0.838692,-0.442366,0.317661
0,0,-0.244283,-0.896571,0.369441
0,0,0.400683,-0.700161,0.590954
0,0,0.555637,0.514063,0.653457
0,0,-0.767278,-0.131576,0.627673
0,0,0.312452,-0.939659,0.13934
0,0,0.719679,-0.400676,0.567028
0,0,0.600607,0.586058,0.543882
0,0,0.141676,-0.477207,0.867295
0,0,0.591079,0.413296,0.692684
0,0,0.257649,-0.496397,0.828979
0,0,0.77002,-0.213108,0.601377
0,0,0.176225,0.0701899,0.981844
0,0,-0.453787,0.428795,0.781161
0,0,-0.982613,-0.14019,0.121734
0,0,0.79467,-0.264093,0.546584
0,0,-0.616857,-0.451036,0.645022
0,0,-0.439495,-0.321217,0.838847
0,0,-0.765766,-0.630567,0.126439
0,0,-0.448162,-0.593329,0.668664
0,0,0.158108,0.766709,0.622221
0,0,-0.300583,-0.644675,0.702882
0,0,-0.409986,-0.745396,0.525639
0,0,-0.0797401,-0.174387,0.981443
0,0,0.652397,0.259329,0.712128
0,0,-0.811667,0.544223,0.212174
22.4395,31.3373,0.782148,0.622216,-0.0330373
0,0,-0.26564,0.910015,0.318289
0,0,-0.799535,0.243376,0.549101
0,0,0.683857,0.283687,0.672206
0,0,0.639513,-0.234535,0.732132
0,0,-0.63892,-0.486051,0.596268
0,0,-0.645593,0.385469,0.659259
0,0,-0.661972,0.727935,0.178617
0,0,0.709318,-0.47009,0.525247
0,0,0.740772,-0.671392,0.022096
0,0,0.486404,0.787622,0.378236
0,0,-0.982535,-0.117445,0.144335
0,0,-0.66426,-0.691384,0.284161
0,0,0.795572,0.349935,0.494582
0,0,0.787529,0.488358,0.375905
0,0,0.690267,-0.517059,0.506144
0,0,-0.861645,-0.500654,0.0831485
0,0,0.074761,0.996588,0.0349758
0,0,0.365858,-0.928735,0.0599949
0,0,0.449978,-0.8534,0.263114
0,0,-0.635969,-0.771694,0.00566157
0,0,-0.489784,-0.663919,0.565087
0,0,-0.387804,-0.674111,0.628635
0,0,0.460826,-0.447093,0.766647
0,0,0.0342659,-0.973728,0.22512
0,0,0.958529,0.159136,0.236426
14.6789,21.4874,0.0363655,0.0371013,0.99865
0,0,-0.651061,-0.313249,0.691371
0,0,-0.2162,-0.620434,0.75387
0,0,0.827053,0.321296,0.461251
0,0,0.498273,-0.864119,0.0708729
0,0,0.3809,0.502745,0.775991
0,0,0.831039,-0.552858,0.0610156
0,0,-0.759299,-0.399153,0.513947
0,0,-0.20539,0.977572,0.0465684
0,0,-0.00147044,-0.420088,0.907482
0,0,0.679946,0.720879,0.134191
0,0,0.949145,-0.303279,0.0845359
0,0,-0.970798,0.184428,0.153416
0,0,-0.228843,-0.927059,0.296971
0,0,0.482081,-0.346487,0.804701
0,0,-0.340865,-0.310996,0.887182
0,0,0.231151,0.404155,0.885002
0,0,0.932339,-0.0906551,0.350037
0,0,0.581169,-0.541465,0.607502
0,0,-0.162104,-0.293395,0.942147
0,0,0.835346,0.535342,0.124922
0,0,-0.974899,0.0858984,0.205412
0,0,0.428136,0.482965,0.763835
0,0,-0.189789,0.0212078,0.981596
0,0,0.402767,-0.791869,0.459044
0,0,0.341159,0.939389,0.0340324
0,0,-0.771178,0.445321,0.454944
0,0,0.00763261,0.875968,0.482308
0,0,-0.472968,-0.467366,0.746907
0,0,0.488054,-0.821222,0.295632
0,0,0.778826,-0.610949,0.142026
0,0,0.269569,-0.954039,0.130927
0,0,-0.928772,-0.229162,0.291321
0,0,0.28981,0.92879,0.230999
0,0,-0.26989,-0.669898,0.691662
0,0,0.607866,-0.292936,0.738029
0,0,0.695301,0.703175,0.148663
0,0,0.978581,0.0700152,0.193589
0,0,-0.463185,0.0289383,0.885789
0,0,-0.131041,-0.0569887,0.989738
0,0,-0.823386,-0.256313,0.506299
0,0,-0.130871,-0.807926,0.574567
0,0,-0.846159,-0.104415,0.522602
0,0,-0.184874,-0.914107,0.360874
0,0,-0.00609478,-0.888617,0.45861
0,0,-0.140654,-0.986856,0.0795757
0,0,0.649993,0.0246452,0.75954
0,0,-0.872168,-0.360497,0.330705
0,0,0.194696,0.96093,0.196739
0,0,0.870257,-0.254894,0.421523
0,0,0.978595,-0.147288,0.14373
0,0,-0.231918,0.345803,0.909194
0,0,0.161961,0.848501,0.5038
0,0,0.980325,-0.031238,0.194902
0,0,0.883658,0.441454,0.155778
0,0,0.458683,-0.375267,0.805472
0,0,0.221975,-0.968255,0.114931
0,0,-0.890248,0.34711,0.294913
0,0,0.627709,0.406524,0.663866
0,0,0.672993,-0.606629,0.42318
0,0,0.912888,0.367871,0.176935
0,0,-0.741544,0.59419,0.311529
0,0,0.30307,-0.817651,0.489484
0,0,0.296367,-0.926797,0.230681
0,0,0.333857,0.249029,0.909133
0,0,-0.267671,0.698467,0.663699
0,0,0.668583,-0.380107,0.639152
0,0,0.879472,-0.0815877,0.468905
0,0,-0.130197,0.418718,0.898734
0,0,0.991289,0.0102731,0.131301
0,0,0.0662895,0.944265,0.322443
0,0,-0.398071,-0.912296,0.0962089
0,0,0.519946,0.266862,0.811444
0,0,0.788997,-0.106798,0.605044
0,0,0.211431,0.736919,0.642065
0,0,-0.264539,0.468696,0.842818
0,0,-0.900622,0.285678,0.327518
0,0,0.200346,-0.490498,0.8481
0,0,0.0459257,0.893792,0.446124
0,0,0.837079,-0.476862,0.268144
0,0,0.114309,0.922845,0.367819
0,0,-0.24678,-0.375425,0.893396
0,0,0.493889,-0.580661,0.647229
0,0,0.884567,-0.0168299,0.46611
0,0,0.255716,0.955026,0.150115
0,0,-0.279829,-0.242107,0.929021
0,0,0.373836,0.606872,0.701393
0,0,-0.696819,0.652392,0.29804
0,0,-0.161978,-0.199722,0.966372
0,0,0.752379,-0.194031,0.629506
0,0,-0.691888,-0.296916,0.658128
0,0,-0.555087,0.216411,0.803147
0,0,0.277559,-0.850544,0.446695
0,0,-0.691552,0.0079654,0.722283
0,0,0.829889,0.248349,0.499606
0,0,-0.534519,0.829867,0.160034
0,0,-0.589581,-0.556523,0.585386
0,0,-0.301414,0.837789,0.455257
0,0,0.752771,-0.195193,0.628678
0,0,0.111895,-0.885825,0.450327
0,0,-0.562365,0.0315072,0.826289
0,0,0.237443,0.967934,0.0820091
0,0,-0.836118,0.321318,0.444591
0,0,-0.925229,0.278585,0.25757
0,0,-0.929012,0.245826,0.276598
0,0,0.473004,-0.771159,0.426123
0,0,0.418881,-0.0824997,0.904286
0,0,0.143548,-0.673709,0.724921
0,0,-0.696319,0.689972,0.197684
0,0,0.642965,-0.598129,0.478369
0,0,-0.178734,-0.647569,0.740749
0,0,0.851278,0.156358,0.500877
0,0,0.552964,-0.673471,0.490579
0,0,0.462164,-0.485838,0.741866
0,0,0.34156,0.46698,0.815638
0,0,-0.318752,0.866296,0.384615
0,0,-0.202331,0.715277,0.66891
0,0,0.633421,0.769025,0.0859012
0,0,-0.856483,-0.493691,0.150685
0,0,-0.385315,0.0994741,0.917408
0,0,0.71261,0.338819,0.614319
0,0,0.926371,-0.212197,0.31114
0,0,-0.871076,-0.249699,0.422938
0,0,-0.835069,-0.546457,0.0635937
0,0,0.879717,-0.195999,0.433223
0,0,0.538253,-0.0547006,0.841006
0,0,-0.880908,-0.467249,0.0753628
0,0,0.285772,-0.879131,0.381397
0,0,-0.731395,0.563993,0.383371
0,0,-0.810836,0.579326,0.0832259
0,0,-0.780875,-0.58086,0.229861
0,0,-0.0516885,-0.927975,0.369041
0,0,0.548964,0.361671,0.753547
0,0,-0.7107,0.555998,0.431013
0,0,0.206965,0.426148,0.880661
0,0,-0.681504,0.175028,0.710576
0,0,0.624667,0.293286,0.723722
0,0,-0.374983,0.719129,0.585014
18.4844,28.1203,-0.429483,-0.103478,0.897127
0,0,-0.525237,-0.831639,0.180282
0,0,0.69808,0.164778,0.696801
0,0,-0.587204,-0.571349,0.573369
0,0,-0.00525036,-0.176798,0.984233
0,0,-0.531947,0.0882732,0.842164
0,0,-0.429433,0.901351,0.0561588
0,0,0.490143,-0.871642,0.000202598
0,0,0.123407,-0.882943,0.452971
0,0,-0.549561,0.218309,0.806427
0,0,0.523077,0.345757,0.779001
0,0,-0.925173,0.326961,0.192747
0,0,0.768301,0.64008,0.00336463
0,0,-0.850609,0.524827,0.031943
0,0,-0.449828,0.326663,0.831232
0,0,0.211733,0.500535,0.839424
13.8029,18.5399,-0.0372958,-0.60196,0.797655
0,0,-0.382697,0.287561,0.877981
0,0,0.0727422,-0.893189,0.443758
0,0,0.0569802,0.968131,0.243877
0,0,0.770333,-0.621429,0.142877
0,0,0.0686703,0.991505,0.110464
0,0,0.214767,-0.796243,0.565573
0,0,0.981335,0.186221,0.0479984
0,0,-0.299185,-0.26934,0.915393
0,0,-0.631415,0.1481,0.761171
0,0,0.848091,0.268781,0.456617
0,0,-0.795362,-0.06986,0.602095
0,0,-0.0301633,-0.844287,0.535041
0,0,-0.0290503,-0.991883,0.123789
0,0,-0.902384,-0.227825,0.365786
0,0,-0.472484,0.157419,0.867167
0,0,-0.144182,0.604047,0.783797
0,0,0.661359,0.42139,0.620512
0,0,-0.20946,0.967332,0.142811
0,0,-0.658205,-0.733508,0.169504
0,0,-0.540011,0.195483,0.818642
0,0,0.479034,-0.0592059,0.875798
0,0,-0.697263,0.0545752,0.714735
0,0,0.33997,0.940097,0.0252764
0,0,0.602508,0.219541,0.767324
0,0,-0.0909679,0.45076,0.887998
0,0,-0.262105,-0.131313,0.956064
0,0,0.223855,0.0112106,0.974558
0,0,-0.477226,-0.636423,0.605987
0,0,-0.531097,0.208023,0.821378
0,0,0.455673,0.886469,0.0808343
0,0,-0.0475386,-0.745671,0.664617
0,0,-0.965212,0.237875,0.108542
0,0,-0.180083,0.880228,0.439054
0,0,0.114503,-0.972999,0.200403
0,0,-0.132351,0.392228,0.910297
0,0,-0.12377,0.926683,0.35488
0,0,0.686988,-0.234568,0.687768
0,0,-0.469969,0.878979,0.080779
0,0,-0.531837,-0.0897934,0.842073
0,0,0.0623653,-0.820749,0.567874
0,0,0.576846,-0.234829,0.782371
0,0,0.528664,0.744655,0.407436
0,0,-0.129911,-0.991475,0.0100235
0,0,-0.377955,0.155631,0.91265
0,0,0.759847,-0.632293,0.151122
0,0,0.502297,0.860031,0.0896876
0,0,-0.841682,0.539521,0.0221085
0,0,0.295576,-0.510126,0.807717
0,0,0.0531282,-0.924629,0.377146
0,0,-0.666975,0.743561,0.0475525
0,0,-0.1639,0.564829,0.808768
0,0,0.94846,-0.267076,0.170569
0,0,-0.742402,0.570617,0.351048
0,0,0.88689,0.0412264,0.460138
0,0,0.719773,0.686218,0.105031
0,0,0.847409,0.0474168,0.528819
0,0,0.749429,0.192934,0.63335
0,0,-0.62898,-0.571799,0.526716
0,0,-0.0324685,0.787768,0.615116
0,0,0.485044,0.764925,0.423819
0,0,0.259769,0.940995,0.216907
0,0,-0.410313,0.456077,0.789707
0,0,0.113493,0.7965,0.593892
0,0,-0.48093,-0.436087,0.760615
0,0,0.918349,-0.395687,0.00824166
0,0,0.439515,-0.893048,0.0963935
0,0,0.986844,-0.14946,0.0616444
0,0,-0.691839,0.251633,0.676787
0,0,-0.683566,-0.501814,0.530019
0,0,-0.0513772,0.838336,0.542728
0,0,-0.296619,-0.893321,0.337631
0,0,-0.591718,-0.746127,0.305228
9.13157,12.941,-0.927354,-0.331785,0.173012
0,0,-0.476967,0.586994,0.654172
0,0,0.77434,-0.505542,0.380559
0,0,-0.945728,-0.0305821,0.323516
0,0,0.265214,-0.240207,0.933789
0,0,0.262986,-0.625475,0.734588
0,0,0.0661272,0.983461,0.168618
0,0,0.348342,-0.124012,0.929128
0,0,-0.502674,0.765173,0.402281
0,0,0.730611,-0.0302543,0.682123
0,0,-0.987381,0.0428298,0.152463
0,0,-0.741564,0.267697,0.615159
0,0,-0.470755,-0.200757,0.859119
0,0,-0.487537,-0.854469,0.179416
0,0,0.719827,0.343475,0.60322
0,0,-0.0856354,0.635535,0.767308
0,0,0.696148,-0.712683,0.0863703
0,0,0.776505,0.0157236,0.629915
0,0,0.285145,0.662217,0.692936
0,0,0.42314,-0.902867,0.0760536
0,0,0.602314,0.231109,0.764072
0,0,-0.160706,0.0673702,0.9847
0,0,-0.319529,0.863097,0.391108
0,0,0.929157,-0.275632,0.24636
0,0,-0.150934,0.925306,0.34789
15.52,21.1126,0.163919,-0.0999894,0.981393
0,0,0.332042,0.94211,0.0466638
0,0,-0.407424,0.384904,0.828163
0,0,-0.357577,0.167233,0.918788
0,0,-0.906592,0.298198,0.298611
0,0,-0.369538,0.127359,0.920446
0,0,0.328977,-0.905441,0.268235
0,0,-0.665353,-0.341984,0.663591
0,0,0.195046,0.922978,0.331767
0,0,0.314886,-0.0553001,0.947517
0,0,0.135952,0.931319,0.33788
0,0,0.77268,-0.578836,0.260604
0,0,-0.322953,-0.522357,0.789205
0,0,0.874678,-0.357363,0.327459
0,0,0.857878,-0.277913,0.432215
0,0,0.965588,0.19328,0.174018
0,0,0.0245311,0.887689,0.45979
0,0,-0.340572,0.829868,0.441961
0,0,0.434595,-0.878103,0.200154
0,0,0.719598,-0.54176,0.434366
0,0,-0.399813,0.834295,0.379607
0,0,-0.324348,0.883463,0.338071
0,0,0.911284,0.373492,0.173391
0,0,-0.631367,0.757468,0.166183
0,0,0.946361,0.300711,0.118214
0,0,-0.431077,0.360487,0.827177
0,0,0.623996,0.574445,0.529756
0,0,-0.478191,-0.760297,0.439639
0,0,-0.740423,-0.668388,0.0709274
0,0,0.0412864,-0.0655951,0.996992
0,0,-0.332134,0.902024,0.275754
0,0,0.677165,0.48768,0.551014
0,0,0.271397,-0.945057,0.182236
0,0,-0.266534,0.271891,0.924681
0,0,-0.655507,0.45764,0.600729
0,0,-0.244329,0.966116,0.0832117
15.1103,22.028,0.590913,0.755196,0.283725
0,0,0.537157,0.799481,0.268872
0,0,-0.409361,-0.887476,0.211685
0,0,-0.625193,0.546272,0.557422
0,0,0.683615,-0.397259,0.612255
0,0,0.385364,-0.916698,0.105638
0,0,0.802842,-0.00422269,0.596177
0,0,-0.83995,-0.102011,0.53299
0,0,-0.919753,0.309568,0.241293
0,0,-0.160851,-0.654679,0.738595
0,0,0.711826,0.580205,0.395812
0,0,0.813806,-0.491578,0.309953
0,0,0.786478,0.139444,0.60167
0,0,0.9899,-0.118612,0.0776462
0,0,0.916381,-0.287275,0.278781
0,0,-0.313763,0.765024,0.562397
0,0,0.241573,0.917372,0.316341
0,0,-0.226687,-0.682503,0.69484
0,0,-0.856318,-0.432288,0.282571
0,0,0.720453,0.645342,0.253932
0,0,0.311202,-0.796876,0.517824
0,0,0.550366,0.674232,0.492451
0,0,0.0645674,0.992266,0.106017
0,0,0.958051,-0.278481,0.0677227
0,0,0.151285,-0.473637,0.867629
0,0,-0.390023,0.708764,0.587823
0,0,0.54252,-0.662721,0.51621
0,0,-0.231441,-0.144904,0.961997
0,0,0.512441,-0.00348656,0.858716
0,0,0.693745,0.719419,0.0339757
0,0,0.540364,0.29784,0.786955
0,0,-0.245152,-0.965541,0.0873542
0,0,0.282755,-0.907283,0.311266
0,0,-0.984064,-0.157824,0.0819131
0,0,-0.406818,-0.839417,0.360385
0,0,0.106115,-0.906813,0.407958
0,0,-0.657887,0.411889,0.630501
0,0,0.319092,0.254087,0.913028
0,0,-0.608597,0.667866,0.428445
0,0,0.651129,-0.685989,0.324731
0,0,0.331329,-0.891655,0.3085
0,0,0.492501,0.571549,0.656335
0,0,-0.862666,0.451579,0.227778
0,0,-0.913603,0.403273,0.0519678
0,0,0.139761,-0.890695,0.432585
0,0,0.870858,0.479894,0.106338
0,0,0.585576,-0.285985,0.758494
0,0,-0.739573,-0.39094,0.547903
0,0,-0.666777,-0.30158,0.681511
0,0,-0.988831,0.0325793,0.145439
0,0,0.0526984,-0.41139,0.909935
0,0,0.886604,-0.157717,0.434808
0,0,0.910075,-0.293012,0.293099
0,0,-0.513021,-0.491813,0.703512
0,0,0.27428,0.86024,0.429836
0,0,0.349796,0.868452,0.351332
0,0,0.702347,-0.17751,0.689347
0,0,0.941132,-0.199241,0.273083
6.89944,9.11168,0.714627,-0.663854,0.220468
0,0,-0.924399,-0.352133,0.146588
0,0,0.234232,-0.957844,0.166346
0,0,0.475791,0.871426,0.119329
0,0,0.239623,-0.639905,0.730139
0,0,0.821812,-0.286865,0.492273
0,0,-0.323648,-0.919971,0.221144
0,0,0.90053,0.188679,0.391721
0,0,-0.680087,0.607724,0.410066
0,0,-0.000877854,0.946729,0.322031
0,0,0.947384,-0.31449,0.0596591
0,0,-0.25595,0.922345,0.28943
0,0,-0.547154,0.836454,0.0311082
0,0,0.364583,0.930821,0.0255184
0,0,0.863059,0.345562,0.368397
0,0,-0.729075,0.439262,0.524879
0,0,0.791284,0.093469,0.604262
0,0,0.50235,-0.728303,0.466067
0,0,-0.515876,-0.794541,0.320275
0,0,0.66648,0.740319,0.0879342
0,0,-0.476226,0.799455,0.366171
0,0,-0.941094,0.152435,0.301837
0,0,0.422767,-0.0601348,0.904241
0,0,0.580053,0.790917,0.194909
0,0,-0.705347,-0.705487,0.0690876
0,0,-0.570295,0.412773,0.710198
0,0,0.912353,0.396649,0.101396
0,0,-0.268333,0.62909,0.72955
0,0,0.772543,0.447875,0.450095
0,0,-0.316654,-0.808005,0.496849
0,0,-0.909523,-0.285269,0.302306
0,0,-0.667627,0.735613,0.114661
0,0,-0.340871,0.866735,0.364111
0,0,0.305104,-0.601428,0.738374
0,0,0.518538,0.852433,0.0668989
0,0,0.10729,0.989909,0.0925742
0,0,0.398431,-0.31206,0.86248
22.9503,31.6638,0.161132,0.304571,0.938761
0,0,-0.459554,-0.503089,0.731923
0,0,0.278025,0.35589,0.892213
0,0,-0.982904,-0.0979345,0.155913
0,0,0.608647,0.770726,0.188494
0,0,-0.45867,0.494379,0.738384
0,0,-0.670316,0.204454,0.713354
0,0,0.537563,0.368879,0.758257
0,0,-0.228631,0.176578,0.957365
0,0,-0.74543,0.413885,0.522525
0,0,0.790495,0.383866,0.477246
0,0,-0.425417,0.200948,0.882406
0,0,-0.786298,0.301296,0.539404
0,0,0.780237,-0.466753,0.416379
22.5459,32.7302,-0.654745,-0.251963,0.712617
0,0,0.873208,0.304189,0.380759
0,0,0.250062,-0.963493,0.0956611
0,0,-0.303232,0.403405,0.863316
0,0,-0.562855,0.667587,0.487362
0,0,-0.0324492,0.589171,0.807357
0,0,0.625188,0.103596,0.773568
0,0,-0.898011,-0.382311,0.217748
0,0,0.57004,-0.381722,0.727559
0,0,-0.793293,0.607978,0.0323956
0,0,-0.798904,-0.181081,0.573552
0,0,-0.688037,0.308491,0.656839
0,0,-0.401784,0.910736,0.0955502
0,0,0.741063,-0.670175,0.041111
0,0,0.563093,-0.825311,0.0422937
0,0,-0.034328,-0.463508,0.885428
0,0,0.738274,0.672792,0.0479868
0,0,-0.146371,0.208784,0.966946
0,0,-0.234602,-0.957233,0.169315
18.147,25.6665,0.147174,0.194745,0.969749
0,0,0.151258,0.904627,0.39846
0,0,0.446041,0.863595,0.235056
0,0,-0.761352,0.207649,0.614186
0,0,-0.208177,0.475237,0.854875
7.14067,9.41023,-0.578132,0.815791,-0.0157942
0,0,0.172169,0.910141,0.376829
0,0,-0.568659,-0.226444,0.790791
0,0,-0.422469,-0.731171,0.535639
0,0,-0.490789,0.380328,0.783885
0,0,0.721353,0.577081,0.38292
0,0,-0.631038,-0.447185,0.63389
0,0,0.476774,0.871587,0.114121
0,0,0.387022,-0.730367,0.56283
0,0,-0.993925,-0.110001,0.0035183
0,0,0.0499224,0.583038,0.81091
0,0,-0.611581,-0.405927,0.679111
0,0,-0.785682,-0.501321,0.362466
0,0,0.158305,0.369713,0.915561
0,0,0.372901,0.661799,0.650359
0,0,-0.225209,-0.662589,0.714323
0,0,0.730659,-0.071997,0.678936
0,0,-0.911963,0.222519,0.344687
0,0,0.298302,0.165762,0.939967
0,0,-0.738186,-0.191242,0.646922
0,0,-0.40007,0.608262,0.685537
0,0,0.542837,0.00794924,0.8398
0,0,0.190052,0.800579,0.56829
0,0,0.797728,0.521467,0.302823
0,0,-0.154689,-0.901572,0.404029
0,0,-0.730591,-0.677079,0.0883195
0,0,0.297263,-0.776075,0.556186
0,0,0.0781488,-0.407813,0.909715
0,0,0.99767,-0.0251818,0.0634145
0,0,-0.286534,0.355462,0.889688
0,0,0.334087,0.408007,0.849656
23.9867,32.118,-0.869504,0.487526,-0.0792531
0,0,-0.930993,-0.140948,0.336727
0,0,0.168515,0.0856792,0.981968
0,0,0.800338,0.596686,0.0585246
0,0,0.605618,-0.357981,0.710688
0,0,-0.875654,-0.297366,0.38053
0,0,0.701106,0.708061,0.0842629
0,0,0.339723,0.458016,0.821468
0,0,-0.915499,0.302485,0.265264
0,0,0.436857,-0.290904,0.851194
0,0,0.533846,0.80442,0.260609
0,0,-0.249998,-0.866382,0.4323
0,0,-0.78883,0.511344,0.34099
0,0,-0.463326,-0.0119664,0.886107
0,0,0.242556,0.944397,0.221991
0,0,0.382117,0.172714,0.90783
0,0,-0.856673,0.484463,0.177222
0,0,0.368186,-0.169101,0.914245
0,0,-0.200836,-0.853747,0.480397
0,0,0.901268,-0.21352,0.376994
0,0,0.4158,-0.783001,0.462622
0,0,0.296842,-0.326746,0.897286
0,0,-0.758397,0.458122,0.463635
0,0,0.937345,-0.310951,0.157143
0,0,0.191618,0.767483,0.611762
0,0,-0.353396,0.0714928,0.932738
0,0,-0.273895,-0.950027,0.149768
0,0,0.556304,0.504942,0.659969
0,0,-0.810128,0.439222,0.3883
0,0,-0.915841,0.129641,0.380037
16.108,23.1101,-0.471651,-0.365022,0.802686
0,0,0.23332,0.960236,0.153323
0,0,-0.943624,0.150821,0.294663
0,0,0.155101,-0.703333,0.693734
0,0,0.279997,0.60943,0.741752
0,0,-0.152719,0.988176,0.0136122
0,0,0.464008,0.801592,0.377024
0,0,0.0652444,0.916721,0.394165
0,0,-0.484674,0.697055,0.528399
0,0,0.673527,-0.716305,0.182395
0,0,0.597065,-0.696377,0.398211
0,0,0.129708,-0.949206,0.286678
0,0,-0.598468,-0.379419,0.705605
0,0,-0.567639,0.101599,0.816984
0,0,-0.868211,0.0163907,0.495925
0,0,-0.533018,-0.427667,0.730064
0,0,0.936565,0.174797,0.303796
0,0,0.415705,0.757145,0.503906
0,0,0.235815,0.787938,0.56881
0,0,0.22553,-0.833266,0.504781
0,0,-0.964093,-0.0469695,0.261377
0,0,-0.707671,-0.652796,0.270295
0,0,-0.0198368,-0.223465,0.97451
0,0,-0.520952,0.709935,0.473922
0,0,0.164782,0.17386,0.970886
0,0,-0.540932,-0.540221,0.644635
0,0,0.0325017,-0.943249,0.330492
2.43808,4.09073,0.233929,0.469276,0.851503
0,0,0.640634,-0.0494712,0.766251
0,0,0.477857,0.200507,0.855248
0,0,-0.863773,0.478017,0.159361
0,0,0.202123,-0.75062,0.629059
0,0,-0.675236,0.303024,0.672482
0,0,0.744617,0.665692,0.0489878
0,0,-0.2149,-0.896273,0.387959
0,0,-0.801089,0.270496,0.533936
0,0,-0.266986,0.7518,0.602923
0,0,-0.310863,-0.710491,0.631321
0,0,0.680468,0.224716,0.697471
0,0,0.683584,0.72323,0.0982421
0,0,-0.0357427,-0.212514,0.976504
0,0,0.726636,0.185092,0.66162
0,0,-0.387013,-0.68429,0.618036
0,0,-0.424872,0.340438,0.838801
0,0,-0.451007,-0.677769,0.580709
0,0,-0.692453,-0.715717,0.0908713
0,0,-0.628975,0.549952,0.549493
0,0,0.902346,-0.230157,0.364417
0,0,0.715824,0.680781,0.155345
0,0,0.75578,-0.200527,0.623367
0,0,-0.481437,0.285741,0.828595
0,0,-0.761211,0.557842,0.330713
0,0,0.368009,-0.435851,0.821343
0,0,-0.246818,-0.43049,0.868193
0,0,-0.0649385,-0.0529332,0.996484
0,0,0.228971,0.774882,0.589177
0,0,-0.994107,-0.0609386,0.0896513
0,0,-0.983653,0.176488,0.0357544
0,0,0.230646,-0.800104,0.553748
0,0,-0.121678,0.992467,0.0143055
15.3403,22.7243,0.866573,-0.482615,-0.12702
0,0,-0.361937,0.801654,0.475766
0,0,-0.991801,0.113379,0.0589527
0,0,-0.47548,-0.331297,0.814961
0,0,-0.77531,-0.422313,0.469623
0,0,0.638004,-0.388548,0.664817
0,0,0.859407,0.425969,0.282788
0,0,-0.752885,-0.584721,0.302103
0,0,0.267529,-0.93567,0.230107
0,0,0.671709,-0.599955,0.43458
0,0,-0.633817,0.739465,0.226866
0,0,-0.663615,0.416212,0.621597
0,0,0.501398,0.543491,0.673215
12.4208,18.3987,-0.0780675,-0.370339,0.92561
0,0,-0.472764,0.791032,0.388281
0,0,0.0382917,-0.486149,0.873036
0,0,-0.79048,-0.561024,0.245751
0,0,0.0220022,0.894029,0.447469
0,0,-0.5588,-0.74334,0.36768
0,0,-0.608081,0.59847,0.521604
0,0,0.428085,0.651561,0.626268
0,0,-0.0356059,-0.80855,0.58735
0,0,0.910397,0.0297352,0.412666
0,0,-0.527571,0.568924,0.630867
0,0,0.134762,-0.987934,0.0763226
0,0,0.942787,0.163266,0.290684
0,0,0.629746,-0.139505,0.764172
0,0,-0.432875,0.250919,0.865828
0,0,-0.416913,-0.908726,0.0200258
0,0,-0.310208,0.948852,0.0587471
0,0,0.850949,0.11914,0.511558
0,0,-0.374202,0.65746,0.654002
0,0,0.919784,0.392124,0.0153502
0,0,-0.358196,-0.423614,0.832014
0,0,-0.756704,-0.33929,0.558821
0,0,-0.164683,-0.419109,0.892876
0,0,-0.93576,0.167254,0.31045
0,0,-0.274184,-0.258041,0.926411
0,0,-0.764926,0.46486,0.445863
0,0,0.596904,0.744164,0.299876
0,0,-0.294462,-0.876097,0.381768
0,0,-0.461963,0.189663,0.866382
0,0,-0.599331,-0.757503,0.258829
0,0,-0.0408811,-0.445944,0.894127
0,0,0.40634,0.80313,0.435742
0,0,0.190735,-0.95674,0.219702
0,0,0.57104,0.380468,0.727432
0,0,0.470482,0.857053,0.210016
0,0,-0.0655543,0.91107,0.407007
0,0,-0.239672,-0.906987,0.346312
15.796,21.4348,0.372688,0.634844,0.676814
0,0,0.735876,0.102613,0.669296
0,0,0.738089,0.674667,0.00696246
0,0,0.413953,-0.227409,0.881435
0,0,-0.305229,-0.714563,0.629472
0,0,0.554909,0.247047,0.794383
0,0,0.486443,0.257995,0.834752
0,0,0.639508,-0.611154,0.466391
0,0,-0.110694,0.933136,0.342059
0,0,0.307317,0.930408,0.199743
0,0,0.295545,0.765949,0.570943
0,0,0.580302,0.710199,0.398582
9.05495,13.4366,0.926167,0.020237,0.376569
0,0,0.511318,0.09179,0.854475
0,0,0.308635,0.87636,0.369781
0,0,0.572141,-0.740523,0.352534
0,0,-0.398657,0.439631,0.804858
0,0,-0.734404,0.461641,0.497532
0,0,0.737846,-0.64884,0.185984
0,0,0.343632,-0.799789,0.492194
0,0,0.447282,0.771976,0.451654
0,0,0.949515,0.285472,0.1301
0,0,0.691282,0.685278,0.22918
0,0,0.325956,-0.482213,0.813156
0,0,0.192833,-0.176108,0.965299
0,0,-0.0379031,-0.331028,0.94286
0,0,-0.714523,0.360578,0.599534
0,0,-0.953892,-0.263042,0.144567
0,0,-0.620399,-0.574783,0.533601
0,0,-0.568945,-0.724631,0.38886
0,0,-0.169479,-0.985513,0.00637429
0,0,-0.58286,0.32856,0.743184
0,0,0.312477,0.733567,0.603521
0,0,-0.085609,0.583816,0.80736
0,0,-0.693386,-0.558787,0.454942
0,0,-0.263209,-0.908119,0.325641
15.5694,22.5186,0.398536,0.605049,0.689264
0,0,-0.201377,0.0289087,0.979087
0,0,0.0476416,0.852297,0.520885
0,0,0.0937195,-0.774826,0.62519
0,0,-0.780788,-0.589703,0.206446
0,0,-0.523362,0.848252,0.0810018
0,0,0.263302,-0.473924,0.840279
0,0,-0.66761,0.659378,0.345713
0,0,-0.476442,0.787967,0.390015
0,0,-0.615225,0.78826,0.012033
0,0,0.333669,-0.665339,0.667825
0,0,0.109964,-0.491071,0.864151
0,0,-0.025518,0.403218,0.914748
0,0,0.225707,0.816384,0.531576
0,0,-0.807364,-0.297301,0.509682
0,0,-0.348308,0.727919,0.590606
0,0,-0.378709,-0.186055,0.906622
0,0,0.691719,-0.72143,0.0326105
0,0,-0.224595,-0.972061,0.0682252
0,0,-0.147993,-0.987405,0.0559425
0,0,-0.25321,0.707728,0.65955
0,0,0.194744,0.692981,0.694155
0,0,-0.882899,0.340722,0.323106
0,0,0.121752,-0.876115,0.466475
0,0,-0.83593,0.200204,0.511018
0,0,-0.554251,-0.281647,0.783251
0,0,0.926764,0.156121,0.341664
0,0,-0.0836582,-0.987311,0.134978
0,0,-0.904476,-0.421152,0.0674826
0,0,0.498096,0.840645,0.212642
0,0,-0.310825,0.807639,0.501106
0,0,-0.998252,0.0556344,0.0199467
0,0,-0.120679,-0.834891,0.537023
0,0,-0.822982,0.567629,0.0223096
0,0,-0.729143,-0.651601,0.209205
0,0,-0.732847,0.657138,0.176369
0,0,-0.801892,0.0856353,0.5913
0,0,-0.150182,-0.503301,0.85096
0,0,-0.731281,0.514075,0.44828
0,0,-0.690329,-0.114891,0.714315
0,0,-0.595971,-0.224439,0.771003
0,0,-0.23024,-0.130983,0.964279
0,0,0.00849369,-0.660739,0.750567
0,0,-0.227673,-0.921428,0.314858
0,0,-0.173207,0.323206,0.930343
0,0,-0.85982,-0.288487,0.42129
17.116,24.2169,0.503972,0.295526,0.811589
0,0,0.962187,-0.185567,0.199403
0,0,-0.432809,0.890873,0.137919
0,0,-0.942583,0.330846,0.0455981
0,0,0.822916,-0.467041,0.323545
0,0,0.60648,0.44084,0.661697
0,0,0.0142844,0.998382,0.0550395
0,0,0.908156,0.312924,0.278087
0,0,-0.508732,-0.0526035,0.859317
14.3614,20.8621,0.148619,0.433732,0.888701
0,0,-0.241721,0.626269,0.741187
0,0,-0.378385,0.545431,0.747884
0,0,0.438538,0.147455,0.886533
0,0,0.0702838,0.961664,0.26507
0,0,-0.268921,-0.404874,0.873933
0,0,0.399891,0.313047,0.861445
0,0,0.160808,-0.858847,0.486335
0,0,0.150876,-0.858278,0.490505
0,0,-0.277111,0.52334,0.805807
0,0,-0.258097,-0.965749,0.0267383
0,0,-0.605338,-0.623805,0.494402
0,0,0.505565,0.755312,0.417023
0,0,0.452309,-0.841219,0.296255
0,0,-0.125531,-0.883205,0.451876
0,0,-0.962811,-0.23453,0.134131
0,0,-0.421048,-0.871615,0.251008
0,0,0.744105,-0.658781,0.110971
0,0,-0.858072,0.363378,0.362862
0,0,0.57466,0.636797,0.514059
6.65132,8.52169,0.74831,-0.0966546,0.65627
0,0,0.329625,0.943393,0.036841
0,0,-0.805834,-0.298415,0.511449
0,0,-0.928969,0.35651,0.0995855
0,0,0.137669,-0.592662,0.793599
0,0,0.919668,0.279706,0.275635
0,0,0.668445,-0.701986,0.245756
0,0,0.747878,-0.327784,0.577266
0,0,0.496262,-0.867576,0.032198
0,0,-0.972578,-0.132785,0.190945
0,0,0.260337,0.579822,0.772031
0,0,0.122759,0.296612,0.947075
0,0,0.862983,-0.421405,0.27871
0,0,-0.501764,-0.302753,0.810292
0,0,0.972871,0.230001,0.0249465
0,0,0.828605,0.0793322,0.554184
6.21498,8.88791,0.0684777,-0.553776,0.829845
0,0,-0.370052,-0.892414,0.258182
0,0,0.235102,-0.861764,0.449545
0,0,-0.468462,-0.430841,0.77131
0,0,0.782094,0.613307,0.110378
0,0,-0.972659,-0.168042,0.1603
0,0,-0.748174,0.642282,0.166462
0,0,0.00540781,-0.903032,0.429539
0,0,-0.242532,-0.723925,0.645841
0,0,0.707211,-0.693892,0.135521
0,0,0.812002,0.174887,0.556838
0,0,-0.906687,-0.381994,0.178881
0,0,-0.354636,0.770901,0.529099
0,0,-0.74366,-0.6678,0.0318226
0,0,-0.737351,0.645961,0.197605
0,0,-0.0921431,0.487415,0.868295
0,0,-0.253941,-0.707579,0.659429
9.32717,13.5422,-0.111907,-0.713834,0.691315
0,0,-0.926692,0.0399566,0.373691
0,0,-0.501139,0.29781,0.812508
0,0,-0.0585913,0.881321,0.468871
21.5846,30.2324,0.144516,0.525103,0.838679
0,0,0.978569,-0.034003,0.203094
0,0,0.124769,-0.987299,0.0983578
0,0,0.412885,-0.252792,0.874998
0,0,-0.409816,-0.699227,0.585776
0,0,0.127908,-0.810806,0.571169
0,0,-0.486239,-0.389194,0.782368
5.66068,8.62794,0.706132,-0.666199,-0.239908
0,0,-0.338678,0.670354,0.660244
0,0,0.460079,0.131109,0.878144
0,0,0.212308,0.747634,0.629261
0,0,0.685474,-0.657864,0.311993
0,0,0.494192,-0.520933,0.69599
0,0,0.767691,0.62233,0.152826
0,0,0.0333798,0.344618,0.938149
18.0908,24.7884,0.354475,0.402333,0.844083
0,0,0.483384,0.758658,0.436781
0,0,-0.642898,0.764725,0.0433261
0,0,-0.116744,0.22479,0.967388
23.0596,31.3184,-0.76556,-0.476455,0.432329
0,0,0.827099,0.27345,0.491053
0,0,0.82167,0.287409,0.492194
0,0,0.741498,0.606843,0.28622
0,0,-0.0914731,-0.958493,0.270046
0,0,-0.346888,-0.830395,0.436019
0,0,0.083995,0.571304,0.816429
0,0,-0.457537,-0.620276,0.637116
0,0,0.931498,-0.0401882,0.36152
0,0,-0.0347796,0.960026,0.277742
0,0,0.8455,0.343948,0.408448
0,0,0.449904,-0.810267,0.375571
0,0,0.442417,-0.39324,0.805996
0,0,0.153934,0.987209,0.0415099
0,0,-0.568499,0.740375,0.358682
0,0,-0.924639,-0.339807,0.171973
0,0,0.362861,0.635352,0.68166
0,0,0.949263,0.301084,0.0908177
0,0,0.0999343,-0.629824,0.770282
0,0,-0.681813,-0.718341,0.138262
0,0,-0.746048,-0.522691,0.412561
0,0,0.775428,-0.328036,0.53954
0,0,0.422705,0.507031,0.751159
0,0,0.225824,0.726704,0.648772
21.6685,32.021,-0.594048,0.614915,-0.518639
0,0,0.658693,-0.703376,0.267179
15.3829,22.7596,0.180333,0.130556,0.974903
0,0,0.886142,0.147505,0.439312
16.9455,24.5262,-0.1601,0.810101,0.564007
0,0,0.592825,-0.802763,0.0642655
0,0,0.640728,0.492507,0.588986
0,0,0.272634,0.683331,0.677296
0,0,0.666849,0.0714347,0.741761
0,0,0.362374,-0.696943,0.618834
0,0,-0.741224,-0.0389456,0.670127
0,0,-0.934178,-0.0854862,0.346414
0,0,-0.473978,-0.147836,0.868038
0,0,-0.93234,-0.323175,0.162174
0,0,-0.69018,-0.554116,0.46541
0,0,0.791449,-0.0821846,0.605685
0,0,0.108178,0.993023,0.0469412
0,0,-0.955467,-0.156011,0.250486
0,0,0.49469,0.382513,0.780362
0,0,0.711609,-0.595401,0.372975
0,0,0.240944,-0.0149913,0.970423
0,0,-0.869599,0.467718,0.158231
0,0,-0.224365,-0.871911,0.435237
4.72355,6.43107,-0.0809685,-0.235103,0.968592
0,0,-0.816702,0.398178,0.417674
0,0,-0.0279095,0.994596,0.1
0,0,0.0159974,0.314459,0.949136
0,0,-0.978998,-0.0275975,0.201991
0,0,0.856765,-0.0398585,0.514164
0,0,0.713749,0.243133,0.656848
0,0,0.875734,0.285737,0.38916
0,0,-0.115779,0.460677,0.879984
0,0,0.399539,0.399346,0.825161
0,0,-0.116021,0.976407,0.182124
0,0,-0.846358,0.452354,0.281165
0,0,-0.462963,-0.0381182,0.885558
0,0,-0.647716,-0.609217,0.457514
0,0,-0.235806,0.83605,0.495395
0,0,-0.971277,-0.2237,0.0811104
0,0,0.591326,0.0307342,0.805847
0,0,0.206084,-0.880385,0.427143
0,0,0.437604,0.768477,0.466847
0,0,-0.663314,-0.40811,0.627265
0,0,-0.91644,0.0582203,0.395914
0,0,-0.1949,0.909701,0.366686
0,0,-0.864563,0.261823,0.428928
0,0,0.645707,-0.688189,0.330846
0,0,0.382329,0.870386,0.310245
0,0,0.967757,-0.202148,0.150273
0,0,0.342134,0.896347,0.281969
0,0,0.406717,-0.861861,0.302948
0,0,-0.696546,-0.717243,0.0196517
0,0,-0.937959,-0.236439,0.253635
0,0,-0.366891,-0.87873,0.305327
0,0,0.310567,-0.913731,0.262
0,0,0.199482,-0.423429,0.883694
0,0,-0.415293,0.57088,0.708257
0,0,0.178597,0.675259,0.715632
0,0,-0.0938341,-0.594157,0.798857
16.5144,22.8762,-0.0848261,0.863594,0.497
0,0,0.975882,0.0623319,0.209209
0,0,-0.697815,0.23853,0.675395
0,0,-0.318446,0.208372,0.924756
0,0,-0.804565,0.377355,0.458562
0,0,-0.881851,-0.332036,0.334799
0,0,0.513903,-0.856769,0.0430123
0,0,0.964027,0.264764,0.0234814
0,0,-0.792696,-0.544139,0.274856
0,0,-0.297823,-0.140053,0.944292
0,0,-0.338638,-0.11165,0.934269
0,0,0.547747,0.655329,0.520112
0,0,-0.978104,-0.199437,0.0594828
0,0,0.169574,-0.703107,0.690569
0,0,0.0264448,0.989994,0.138612
0,0,0.988776,-0.147394,0.0244176
0,0,-0.881228,-0.262849,0.392871
0,0,0.440452,-0.574474,0.689914
0,0,0.180018,-0.356721,0.916703
0,0,0.47393,0.841459,0.259492
0,0,0.538754,-0.755317,0.373149
0,0,0.508454,0.836844,0.202896
0,0,-0.80779,0.38795,0.443814
0,0,-0.891507,0.244915,0.381092
0,0,0.0996318,0.362265,0.926735
0,0,0.835588,0.00435079,0.54934
0,0,0.377691,0.278849,0.882946
0,0,0.574572,0.427952,0.697656
0,0,0.16398,0.461904,0.871639
0,0,0.473583,0.86595,0.160779
0,0,0.102101,0.751253,0.652069
0,0,0.226864,-0.645985,0.72886
0,0,-0.663513,-0.357698,0.657117
0,0,0.533911,-0.159515,0.830358
0,0,0.0188568,-0.995693,0.090779
0,0,0.555898,-0.283342,0.78147
0,0,-0.729384,0.662289,0.171385
0,0,-0.583871,0.540289,0.605956
0,0,-0.402851,0.284129,0.870047
0,0,0.325647,0.270164,0.906072
0,0,0.189433,-0.573215,0.797207
0,0,-0.129683,-0.990832,0.0378706
0,0,-0.247293,0.304797,0.919753
0,0,-0.404603,0.0051296,0.914478
0,0,0.530701,-0.484135,0.69568
0,0,-0.85677,0.209472,0.47124
0,0,-0.617524,0.383214,0.686885
0,0,-0.993649,0.0232547,0.110093
0,0,0.0624641,-0.993241,0.0978307
0,0,0.634397,-0.304591,0.710468
0,0,-0.405333,0.855407,0.322464
0,0,0.892165,-0.450332,0.0352377
0,0,0.230222,0.966811,0.110792
0,0,-0.842436,-0.144874,0.518955
0,0,0.320135,0.163332,0.933186
0,0,-0.236515,0.96918,0.068918
0,0,-0.777849,-0.37133,0.507016
0,0,0.938624,-0.330389,0.0991315
0,0,0.838904,0.120743,0.530718
0,0,-0.995515,0.0149012,0.0934224
0,0,-0.554034,-0.724195,0.410595
0,0,0.276726,0.94766,0.159258
12.6883,17.8425,-0.180465,0.043902,0.982601
0,0,-0.570107,-0.555964,0.604882
0,0,-0.159646,0.837033,0.523344
0,0,-0.68331,0.162343,0.711851
0,0,-0.844006,-0.532354,0.0652202
0,0,0.0073467,-0.85673,0.515713
0,0,-0.285326,-0.763767,0.579007
0,0,-0.451448,-0.868453,0.204899
0,0,0.693556,0.648972,0.312754
0,0,0.731084,0.648883,0.210873
0,0,0.150717,-0.98857,0.00363987
0,0,-0.309262,-0.931679,0.190605
0,0,-0.355157,0.885289,0.300213
0,0,-0.904541,-0.379961,0.193483
0,0,0.271534,-0.921524,0.277601
0,0,0.729504,-0.589908,0.346168
0,0,0.91552,-0.401882,0.0177367
0,0,0.92082,-0.309023,0.237899
0,0,0.0434756,0.783462,0.619917
0,0,0.544557,-0.166881,0.821954
0,0,-0.324252,-0.797527,0.508735
0,0,0.324219,0.357243,0.875933
0,0,-0.819677,-0.554062,0.145417
0,0,0.897005,0.441783,0.0145052
23.4896,32.8031,-0.0858849,-0.114412,0.989714
0,0,0.147845,0.578897,0.801885
0,0,0.727006,-0.611994,0.31133
0,0,0.670695,0.151331,0.726131
0,0,0.482239,-0.860012,0.166811
0,0,0.998718,0.0284272,0.0418742
0,0,0.667427,0.654926,0.354419
0,0,-0.647376,0.0631751,0.759548
0,0,0.087805,0.793463,0.602252
0,0,0.572009,-0.779887,0.254129
0,0,-0.855073,0.303863,0.42014
0,0,0.261915,-0.949231,0.174245
0,0,-0.516726,0.484636,0.705778
0,0,-0.718737,0.531203,0.448598
0,0,-0.32601,-0.943145,0.0647741
0,0,0.964801,-0.110742,0.238529
0,0,0.153057,-0.732691,0.663127
0,0,-0.587969,-0.543733,0.598871
0,0,-0.369391,-0.550491,0.748672
0,0,-0.909182,0.034425,0.414973
0,0,0.0369256,-0.515951,0.855822
0,0,0.920991,-0.128035,0.367944
0,0,-0.70496,0.694919,0.141841
0,0,0.943062,0.0953856,0.318648
0,0,-0.0326092,-0.910105,0.413094
0,0,0.404043,0.851616,0.333916
0,0,-0.264228,-0.29173,0.919281
0,0,-0.960863,-0.0199692,0.276304
0,0,0.661056,-0.374542,0.650172
0,0,-0.381037,-0.251329,0.889744
0,0,0.312875,-0.116356,0.94264
0,0,0.337671,0.814709,0.471411
0,0,0.719189,0.578582,0.38472
0,0,0.344114,0.275363,0.897642
0,0,-0.571676,-0.711555,0.408505
0,0,-0.949974,-0.259291,0.174118
0,0,-0.480844,0.624402,0.615558
0,0,-0.183336,0.272114,0.944638
0,0,-0.686859,0.141794,0.712825
0,0,0.806424,0.20652,0.554103
0,0,-0.625279,-0.72426,0.290643
0,0,-0.495856,-0.04314,0.867333
0,0,0.87177,-0.479868,0.0987147
0,0,-0.74183,-0.664567,0.0896563
0,0,0.189209,0.73738,0.648438
0,0,0.042516,-0.981173,0.188392
0,0,0.628837,-0.575215,0.523155
0,0,-0.438408,-0.51027,0.73988
0,0,-0.125921,-0.828188,0.546122
0,0,-0.558565,0.719125,0.413356
0,0,-0.364529,-0.894155,0.260009
0,0,-0.00818281,-0.880001,0.474901
0,0,0.556947,-0.626234,0.545565
0,0,-0.461902,-0.345526,0.816859
0,0,-0.418479,0.486377,0.767015
16.7805,24.723,0.350735,-0.541331,0.764163
0,0,0.038664,0.626094,0.778789
0,0,-0.697377,0.379999,0.607673
0,0,0.23957,-0.832322,0.499846
0,0,0.305884,0.929274,0.207088
0,0,-0.376902,0.921587,0.0928542
0,0,-0.156514,-0.94702,0.280457
0,0,0.347303,0.361317,0.86535
0,0,-0.744999,-0.00871366,0.667008
0,0,0.584727,0.484889,0.650367
0,0,0.777547,0.52456,0.346782
0,0,0.0248219,0.839782,0.542356
0,0,-0.285831,0.146314,0.947044
0,0,-0.0363127,-0.509223,0.859868
0,0,-0.321139,0.114426,0.940094
0,0,-0.0961798,-0.991421,0.0885137
0,0,-0.315142,-0.948635,0.0278601
0,0,-0.508139,-0.0453608,0.86008
0,0,0.893425,-0.290847,0.342344
0,0,0.209688,-0.972552,0.10086
0,0,0.744189,-0.491543,0.452293
0,0,-0.150905,-0.982687,0.107487
0,0,-0.971576,-0.0445285,0.232501
0,0,-0.819334,-0.572907,0.0216605
0,0,-0.066202,0.43839,0.896343
0,0,0.597771,-0.175835,0.782146
0,0,0.447652,0.214066,0.868207
0,0,0.897742,0.195688,0.394672
0,0,-0.537734,0.778333,0.324097
0,0,0.998684,0.0479341,0.018219
0,0,-0.164558,0.980287,0.109349
0,0,0.481694,0.777197,0.404889
0,0,-0.545178,0.698451,0.463624
0,0,-0.574367,-0.0677179,0.815792
0,0,0.535722,0.538648,0.650276
0,0,-0.69343,-0.186298,0.696023
0,0,0.00609454,0.566563,0.823996
0,0,0.767999,-0.545251,0.335974
0,0,-0.0757524,-0.926536,0.368502
0,0,-0.945299,0.293633,0.142088
0,0,-0.46045,-0.826461,0.323957
0,0,0.654155,-0.706971,0.268836
0,0,0.639137,-0.350786,0.684436
0,0,0.775652,-0.0389481,0.629958
0,0,0.0668204,0.262532,0.962607
0,0,0.693482,-0.235277,0.680976
0,0,-0.236691,0.313002,0.919787
0,0,-0.389585,0.0362734,0.920276
0,0,-0.330308,0.934252,0.134427
0,0,-0.965779,-0.202336,0.162267
23.5513,34.4795,0.265773,0.778949,-0.567982
0,0,-0.0472275,0.66012,0.749674
0,0,0.850735,-0.0788618,0.519644
0,0,-0.445429,-0.895007,0.0235585
0,0,-0.0455082,0.858929,0.510069
0,0,-0.160737,0.562558,0.810982
8.47504,13.1191,0.238716,0.264495,0.934375
0,0,0.841272,0.00447505,0.540594
0,0,-0.19968,0.0484832,0.978661
0,0,-0.526807,0.783131,0.330426
0,0,0.541519,0.838576,0.0595561
0,0,0.0439944,-0.942616,0.330967
0,0,0.954121,-0.16549,0.249532
0,0,-0.0678925,0.908573,0.412172
0,0,-0.424321,0.656146,0.624038
0,0,0.42709,-0.904129,0.0120402
0,0,-0.856446,0.514708,0.0396942
0,0,0.28445,-0.926685,0.245647
0,0,-0.657816,0.632797,0.408467
0,0,0.785758,-0.617149,0.0413736
0,0,0.7072,-0.705468,0.0467235
0,0,-0.879335,0.474688,0.0379755
0,0,0.0984903,-0.508131,0.85563
0,0,-0.367374,-0.926254,0.084207
0,0,0.668422,0.581925,0.463223
0,0,-0.565033,0.76874,0.299628
0,0,-0.480923,0.794579,0.370617
0,0,-0.371075,0.854354,0.363845
0,0,0.68225,-0.726858,0.0788197
0,0,0.716955,-0.640568,0.275042
0,0,0.162971,0.680035,0.714838
0,0,-0.340473,-0.62017,0.70673
9.20001,12.4802,-0.176298,0.147413,0.973236
0,0,0.881983,0.387354,0.268445
0,0,-0.557648,0.292664,0.776773
0,0,-0.264462,-0.813215,0.518403
0,0,-0.359092,0.508132,0.782851
0,0,-0.861339,0.440084,0.253815
0,0,-0.892794,0.349013,0.284796
0,0,-0.349739,-0.665242,0.659648
0,0,0.952964,0.303079,0.00163256
0,0,-0.371619,0.558116,0.741893
0,0,0.272714,0.329426,0.903939
0,0,-0.583097,-0.424599,0.692613
0,0,-0.452799,-0.473703,0.755367
0,0,0.0441773,-0.931505,0.361036
0,0,0.817477,0.0651279,0.572267
0,0,0.745762,0.0830647,0.661014
0,0,-0.711044,-0.0748884,0.699148
0,0,0.802756,0.511879,0.30588
0,0,0.0569958,0.658102,0.750768
0,0,-0.00913489,0.661731,0.749685
0,0,0.430566,0.176552,0.885123
0,0,0.718646,-0.0577551,0.692973
0,0,-0.439973,0.799492,0.408946
0,0,-0.823,-0.202979,0.530538
0,0,0.575681,0.716606,0.393786
0,0,0.390727,0.308905,0.867127
0,0,0.631553,-0.582679,0.511493
0,0,0.391585,0.758877,0.520353
0,0,0.0473827,0.797983,0.600814
0,0,-0.545998,0.467406,0.695282
0,0,0.238132,-0.369702,0.898117
0,0,0.717811,-0.676853,0.163146
0,0,0.905619,0.333132,0.262445
19.4109,27.1697,0.231965,0.255295,0.938625
0,0,0.599966,-0.630215,0.492818
0,0,-0.766466,0.353295,0.536389
0,0,0.539703,0.557249,0.631026
0,0,0.050054,0.8635,0.50186
0,0,-0.141754,-0.926452,0.3487
0,0,0.658914,-0.747317,0.085731
0,0,-0.235702,0.778292,0.581984
0,0,0.507388,0.78831,0.34803
0,0,-0.0562193,-0.95419,0.293873
0,0,-0.591667,0.702315,0.395833
0,0,-0.940787,-0.328373,0.0842082
0,0,0.811017,0.583833,0.037287
0,0,0.967816,-0.1608,0.193587
0,0,0.0269509,-0.412774,0.910435
0,0,-0.538742,0.816008,0.209493
0,0,-0.488327,0.447741,0.749042
0,0,-0.0950016,-0.9319,0.350052
0,0,-0.755711,0.640145,0.138259
0,0,-0.265828,0.434021,0.860791
0,0,0.581613,-0.652477,0.485798
0,0,-0.548259,0.820782,0.160402
0,0,-0.428819,-0.852493,0.298946
0,0,0.320118,-0.859752,0.397933
0,0,-0.0888728,0.993236,0.0747261
0,0,0.382639,-0.921012,0.0729626
0,0,-0.273239,0.30171,0.913407
0,0,0.242783,0.921873,0.302003
0,0,0.303367,0.826442,0.474302
0,0,-0.818718,0.507554,0.268494
0,0,0.757907,0.641479,0.118665
0,0,0.397491,-0.633692,0.663653
0,0,0.529284,0.845243,0.0736377
0,0,0.576337,0.0976286,0.811359
0,0,0.71236,-0.699553,0.0562964
0,0,0.00568639,0.86342,0.504453
0,0,-0.629583,0.608137,0.483523
0,0,-0.338818,-0.0528021,0.939369
0,0,-0.36159,-0.617554,0.698484
0,0,0.858845,0.336228,0.386439
0,0,0.708447,0.657516,0.256465
0,0,0.512417,-0.624203,0.589746
0,0,-0.510532,0.541765,0.667719
0,0,-0.166687,0.975682,0.142334
0,0,-0.0203793,-0.625633,0.779851
0,0,0.772766,-0.265229,0.576616
0,0,-0.848498,-0.0330395,0.528167
0,0,-0.746706,-0.632956,0.204441
0,0,-0.549753,0.193352,0.812642
0,0,0.768691,-0.638047,0.0448279
0,0,-0.508554,0.851252,0.129393
0,0,0.596039,0.0486225,0.801482
0,0,-0.636852,-0.698977,0.325346
0,0,-0.415024,0.885871,0.207336
0,0,-0.875463,0.458794,0.151896
0,0,0.432281,-0.899566,0.0625665
0,0,-0.237927,-0.389684,0.889683
0,0,0.167112,0.77955,0.603635
0,0,0.317546,0.437668,0.841196
0,0,-0.734461,-0.670088,0.107469
0,0,-0.0226492,-0.499511,0.866011
0,0,-0.869186,-0.0442883,0.492497
0,0,-0.571245,-0.817598,0.0721984
0,0,-0.550779,0.000510336,0.834651
0,0,0.744606,-0.626297,0.230896
12.4183,18.3788,0.914987,-0.0932753,-0.392554
1.84558,2.29341,-0.359866,0.26398,0.894881
0,0,-0.820149,0.527339,0.221967
0,0,-0.279154,-0.725864,0.628645
15.564,21.8186,0.523894,0.639567,0.562575
0,0,0.134489,-0.975831,0.172239
0,0,-0.707142,0.236708,0.666273
0,0,-0.174794,-0.973917,0.144682
0,0,-0.788557,0.61399,0.0345616
0,0,0.996179,0.0838957,0.0242845
0,0,-0.0719853,0.942974,0.324989
0,0,-0.3654,-0.523894,0.769427
0,0,-0.709401,0.466097,0.528681
0,0,-0.0527582,0.998477,0.0161095
0,0,-0.166078,-0.973173,0.159223
0,0,-0.966313,0.256109,0.0254325
0,0,0.952121,-0.231266,0.199956
0,0,-0.432112,0.41173,0.802345
0,0,-0.569319,-0.387834,0.724887
0,0,-0.887653,-0.414969,0.19968
0,0,0.484474,0.826672,0.286178
0,0,0.48099,-0.275456,0.83233
0,0,0.0486415,-0.254306,0.9659
0,0,-0.628463,-0.769597,0.112936
0,0,-0.355538,-0.314064,0.880316
0,0,0.580032,-0.575946,0.576064
0,0,-0.228458,0.569395,0.789681
0,0,-0.14758,0.890724,0.429921
0,0,0.321813,0.464928,0.82479
0,0,-0.946499,-0.320985,0.0332769
0,0,-0.332717,0.426579,0.841029
0,0,-0.196112,-0.885695,0.420814
4.11757,5.2277,-0.11431,0.300908,0.946778
0,0,-0.0382534,-0.443054,0.895679
0,0,-0.948264,0.113364,0.296552
0,0,0.0502625,0.862179,0.504105
0,0,-0.276554,-0.309239,0.909884
0,0,0.990086,0.0431211,0.133679
0,0,-0.417454,-0.406481,0.812715
0,0,0.739581,-0.672096,0.0361538
0,0,0.493906,-0.715471,0.494123
0,0,0.664012,0.736471,0.12922
0,0,0.915292,-0.402505,0.0152019
0,0,-0.435398,-0.812127,0.388432
0,0,-0.922767,0.374419,0.091167
0,0,-0.842722,0.36517,0.395565
0,0,0.429242,-0.169868,0.887072
0,0,0.600477,0.322592,0.731684
0,0,-0.382268,-0.0492263,0.922739
0,0,0.638769,0.699611,0.320184
0,0,0.658196,0.386617,0.645992
0,0,0.37447,-0.158374,0.913614
0,0,-0.209128,-0.382873,0.899819
0,0,0.447646,0.542488,0.710858
0,0,-0.00566095,0.859696,0.510775
0,0,0.769088,0.431383,0.471605
0,0,-0.496507,0.857627,0.134003
0,0,-0.662875,-0.712371,0.230484
0,0,0.733442,-0.383411,0.561301
0,0,0.680312,-0.716574,0.15394
0,0,-0.689134,0.577762,0.437361
0,0,-0.789648,-0.523283,0.320361
0,0,-0.581087,-0.298279,0.75721
0,0,0.0374042,-0.865445,0.499606
0,0,-0.653188,-0.281806,0.702802
0,0,-0.663518,-0.734955,0.139951
0,0,0.949178,0.0507324,0.310623
0,0,-0.0969638,-0.994249,0.0454674
0,0,-0.327604,0.93304,0.148703
0,0,-0.25932,0.387443,0.88467
0,0,0.183842,-0.747041,0.638852
0,0,0.0872157,0.733974,0.673555
0,0,-0.726486,-0.672335,0.14207
0,0,-0.482925,-0.867252,0.12107
0,0,0.256029,0.657778,0.708362
0,0,-0.394695,0.803001,0.446547
0,0,-0.719252,0.424953,0.549629
0,0,-0.421208,-0.579508,0.697678
0,0,0.248648,0.830714,0.498085
0,0,0.947111,-0.204523,0.247289
0,0,0.347988,0.825585,0.4442
0,0,-0.625164,0.215286,0.750215
0,0,0.899687,-0.0408311,0.434622
0,0,0.00620139,-0.455024,0.890458
0,0,-0.671026,0.388779,0.631328
0,0,-0.288003,-0.302369,0.90864
0,0,0.398695,0.681614,0.613551
0,0,0.567971,-0.531654,0.628294
0,0,0.97985,0.0492912,0.193556
0,0,0.853478,0.381383,0.355138
0,0,-0.636797,-0.770794,0.0191466
0,0,0.89677,-0.439672,0.0499191
0,0,0.370092,-0.795959,0.479042
0,0,-0.98183,0.127969,0.140118
0,0,0.817412,-0.209049,0.536783
0,0,0.0910093,-0.563053,0.821394
0,0,0.521126,-0.659478,0.541771
0,0,-0.695713,0.205174,0.688395
0,0,-0.908104,0.200792,0.367465
0,0,0.854405,0.0441506,0.517728
0,0,0.608109,-0.0565893,0.791834
0,0,-0.877878,0.349357,0.327536
0,0,0.232876,-0.516008,0.824321
0,0,-0.884281,-0.18285,0.429666
0,0,-0.924088,-0.31641,0.214352
0,0,-0.74462,0.227834,0.627401
0,0,-0.397067,0.8541,0.335934
0,0,-0.695381,-0.300419,0.652836
0,0,-0.190006,-0.865094,0.46423
0,0,-0.584758,-0.338518,0.7372
0,0,0.955907,-0.292451,0.0267372
0,0,0.950065,-0.210389,0.230461
20.8645,28.0608,0.73601,-0.598716,-0.315957
0,0,-0.624343,-0.117072,0.772328
0,0,-0.647086,0.58248,0.491932
0,0,-0.818379,-0.573673,0.0339796
0,0,-0.980917,0.056625,0.186
0,0,-0.586693,-0.260458,0.766781
0,0,0.0982124,-0.984892,0.142627
0,0,0.799436,0.593368,0.0938921
0,0,0.51804,-0.112976,0.847863
0,0,0.607332,0.793125,0.0458269
0,0,0.429415,-0.856354,0.286809
0,0,0.971594,0.229989,0.0557644
0,0,0.838591,-0.522327,0.154725
0,0,-0.832942,0.306893,0.460461
0,0,0.687988,-0.275158,0.671536
0,0,0.0545643,0.998258,0.0224226
0,0,0.536521,-0.591905,0.601493
0,0,-0.0754628,0.468231,0.880378
0,0,-0.197812,0.13871,0.970376
0,0,0.893834,0.054117,0.44512
0,0,0.169013,-0.975154,0.143214
0,0,-0.314551,0.0531604,0.947751
0,0,-0.321562,0.946649,0.021301
21.7208,32.2299,-0.320559,0.354548,0.878372
0,0,-0.681711,0.486823,0.546145
0,0,-0.0199872,0.740956,0.671257
0,0,-0.0389699,0.952014,0.303564
0,0,0.918119,-0.353404,0.179344
0,0,-0.663157,-0.565426,0.490425
0,0,-0.66429,-0.183396,0.724628
10.123,12.3429,-0.0647545,-0.22808,0.971487
0,0,0.650851,-0.746621,0.13766
18.8515,27.0294,-0.0971817,-0.349904,0.931731
0,0,-0.412103,0.717244,0.561901
0,0,0.16249,-0.9867,0.0045169
0,0,0.0358602,-0.49126,0.870275
0,0,0.00331986,0.389847,0.920874
0,0,-0.971778,-0.0516061,0.230185
0,0,-0.39236,0.894804,0.213022
0,0,0.225408,-0.0715157,0.971636
0,0,0.641147,-0.761614,0.094204
0,0,0.791335,0.274226,0.546433
0,0,0.281564,-0.556986,0.781337
0,0,-0.620963,-0.0141613,0.783712
0,0,0.104679,0.765792,0.634511
0,0,-0.779875,0.434666,0.4504
0,0,-0.224317,-0.224774,0.94824
22.1005,29.9485,0.376196,0.43378,0.818726
0,0,0.693483,-0.650256,0.310239
0,0,0.901154,-0.329267,0.281964
0,0,0.617594,-0.307665,0.723823
0,0,-0.946392,0.285274,0.151526
0,0,0.0618071,0.976368,0.207088
0,0,0.245422,-0.430426,0.86862
0,0,-0.953941,-0.0665884,0.29251
0,0,-0.777015,0.622779,0.0916147
0,0,0.814054,-0.498455,0.29809
0,0,-0.308364,0.903012,0.299133
0,0,0.285467,-0.788366,0.544965
0,0,0.883744,0.457823,0.0969287
0,0,-0.433164,-0.240793,0.868555
0,0,-0.944998,-0.0913978,0.314047
0,0,0.0679484,0.997687,0.00178417
0,0,-0.199137,-0.547576,0.812714
0,0,0.23413,-0.763238,0.602205
0,0,0.637278,0.610605,0.470147
0,0,-0.655388,-0.640521,0.400249
0,0,-0.453927,-0.472435,0.755484
0,0,0.0760707,-0.234121,0.969227
0,0,-0.47506,0.46372,0.747852
0,0,-0.536244,0.811023,0.233848
0,0,0.931285,0.337503,0.137114
0,0,-0.676341,0.538647,0.502417
0,0,0.677462,-0.109329,0.727388
0,0,0.946108,0.19059,0.26183
0,0,0.467736,-0.260326,0.844662
0,0,-0.451049,0.539309,0.711126
0,0,-0.38654,-0.92191,0.025877
0,0,-0.453436,-0.80127,0.390337
17.6592,26.4823,0.285369,-0.0281647,0.958004
0,0,-0.95582,-0.282493,0.0812725
0,0,0.317263,-0.186759,0.929766
0,0,0.462324,-0.859997,0.216013
0,0,0.364594,-0.930008,0.0464289
0,0,-0.081612,-0.25774,0.962762
0,0,0.853003,-0.494237,0.167675
0,0,0.988684,0.0942367,0.11672
0,0,-0.145663,-0.947625,0.284233
0,0,-0.893607,0.443066,0.0718241
4.04425,6.38894,-0.987908,0.153292,-0.0232277
0,0,-0.744991,-0.190437,0.639314
0,0,0.151647,0.968166,0.199141
0,0,-0.493314,-0.675888,0.547556
0,0,-0.076691,0.736406,0.672179
0,0,0.414328,0.0396257,0.909265
0,0,-0.730516,0.00637898,0.682866
0,0,-0.442195,0.841649,0.309984
0,0,-0.909157,-0.194485,0.36825
0,0,0.788873,0.590201,0.171297
0,0,-0.0598476,-0.689556,0.721756
0,0,0.476783,-0.877664,0.0488267
0,0,-0.104033,-0.89929,0.424799
7.67095,12.3638,0.209123,-0.974518,0.0811294
0,0,0.124963,0.845486,0.519171
0,0,-0.200231,0.354822,0.913241
0,0,0.288698,0.887035,0.360308
0,0,0.480469,0.505359,0.716771
0,0,0.0703038,-0.954406,0.290113
0,0,0.0924474,-0.770494,0.630707
0,0,-0.892463,0.381653,0.240522
0,0,-0.437429,-0.556058,0.706721
0,0,-0.0204275,0.96122,0.275026
0,0,0.342039,-0.118898,0.932133
0,0,0.41592,0.865171,0.280159
0,0,0.310038,-0.577401,0.755304
0,0,0.649465,-0.675033,0.350036
0,0,0.945598,-0.282446,0.161457
0,0,-0.575802,-0.753186,0.318062
0,0,-0.528352,0.622993,0.576822
0,0,-0.706849,-0.5645,0.426268
0,0,-0.196253,-0.82741,0.526192
0,0,0.658243,-0.432156,0.616407
0,0,0.148921,-0.9734,0.174112
0,0,-0.080756,0.990464,0.111624
0,0,0.580365,0.135419,0.803018
21.6586,30.4927,-0.251855,-0.381493,0.8894
0,0,0.127844,0.783825,0.60768
0,0,0.0934871,-0.917067,0.387618
0,0,-0.0828196,0.830086,0.55145
0,0,0.431792,0.340103,0.835395
0,0,-0.903915,0.00617137,0.427669
0,0,-0.79861,-0.556976,0.228036
0,0,0.0925321,-0.994032,0.0577824
0,0,-0.796581,-0.603451,0.0361282
0,0,0.915698,-0.155362,0.370621
0,0,-0.447882,0.169816,0.877818
0,0,-0.223256,-0.968608,0.109343
0,0,0.501747,-0.568446,0.652012
0,0,-0.606299,-0.461062,0.647938
0,0,0.577361,0.108375,0.809264
0,0,-0.61525,-0.624237,0.481451
0,0,0.927025,0.374999,0.000500917
0,0,0.818588,-0.562849,0.114515
0,0,-0.731459,-0.374664,0.569731
0,0,0.789254,0.0509273,0.611952
0,0,0.150658,0.949962,0.273631
0,0,-0.816165,0.0178494,0.577542
0,0,0.614317,0.590367,0.523528
0,0,-0.648861,-0.638443,0.413969
0,0,0.61164,0.584449,0.533213
0,0,0.449315,-0.581269,0.678412
0,0,-0.0283026,0.990987,0.130934
0,0,0.185761,0.930537,0.315585
0,0,0.212273,0.607102,0.765747
0,0,0.549243,-0.285179,0.785497
0,0,-0.735621,-0.0229343,0.677005
0,0,0.581922,0.437397,0.685603
0,0,-0.228765,-0.863813,0.448879
0,0,-0.6127,-0.78354,0.103268
0,0,-0.206079,0.883857,0.419915
0,0,0.212385,-0.941831,0.260476
0,0,-0.887938,0.44988,0.0957785
0,0,0.348398,-0.0776001,0.934129
0,0,-0.461357,0.824475,0.327706
0,0,-0.0207421,0.570331,0.821153
0,0,0.561913,0.822626,0.0868343
0,0,-0.522325,-0.478975,0.705521
0,0,0.751767,-0.623783,0.213871
0,0,0.874128,-0.364138,0.321409
0,0,-0.441039,-0.242181,0.864195
0,0,-0.814215,-0.434115,0.385485
0,0,-0.754121,-0.100138,0.649057
0,0,0.650412,-0.397597,0.64721
0,0,0.515356,0.751631,0.411655
0,0,0.312942,-0.931601,0.184895
0,0,-0.508548,-0.445016,0.737116
0,0,-0.178185,-0.975489,0.129121
0,0,-0.791335,-0.498285,0.354261
0,0,0.24867,-0.169569,0.95363
0,0,0.0940621,0.520439,0.848702
0,0,-0.69959,-0.0214488,0.714222
12.8347,18.0044,-0.193178,0.0455985,0.980104
0,0,-0.838539,-0.544584,0.0167187
0,0,-0.951624,-0.295194,0.0852785
0,0,0.0534683,-0.933874,0.353582
0,0,-0.510283,-0.560695,0.652099
0,0,-0.750511,0.56867,0.336671
0,0,-0.0591025,-0.409857,0.910233
0,0,0.813113,-0.442115,0.378657
0,0,0.132349,0.914692,0.381868
0,0,0.0784262,-0.691876,0.717745
0,0,-0.38405,0.916361,0.113088
0,0,-0.579081,0.421434,0.697895
0,0,-0.5043,-0.825779,0.25253
0,0,-0.875282,-0.291938,0.385556
0,0,-0.224877,0.314328,0.922295
0,0,0.609529,-0.684858,0.399305
0,0,-0.4631,0.0723445,0.883349
0,0,0.985773,0.0967004,0.137477
0,0,-0.840296,-0.496482,0.217733
0,0,0.902845,-0.402356,0.151594
0,0,-0.875278,0.296514,0.382057
0,0,0.74854,0.58758,0.307307
0,0,0.0729607,-0.886484,0.456971
0,0,0.0459015,-0.251445,0.966782
0,0,-0.439255,0.434335,0.78639
0,0,-0.998994,0.0272884,0.0355924
0,0,0.533733,0.578813,0.616527
0,0,-0.322604,-0.71738,0.617489
0,0,0.725072,-0.378009,0.575656
0,0,-0.307726,0.219874,0.925721
0,0,0.566463,-0.690666,0.449556
0,0,-0.256041,-0.546751,0.797187
0,0,0.549038,0.786855,0.28181
0,0,-0.909083,0.368464,0.194427
0,0,-0.305772,0.895613,0.323082
0,0,0.535997,-0.630746,0.56113
0,0,0.271743,0.881618,0.385882
0,0,-0.220988,0.4164,0.881916
0,0,-0.502904,0.829673,0.242345
0,0,0.737373,0.657765,0.153706
0,0,-0.392709,0.638891,0.661512
0,0,-0.666908,-0.332363,0.66691
0,0,0.35695,0.238949,0.903045
0,0,-0.958422,-0.262593,0.111682
0,0,0.488848,0.25611,0.833927
0,0,-0.344044,-0.916817,0.202684
0,0,0.851222,-0.17829,0.493592
0,0,0.492922,0.520661,0.697094
0,0,0.458529,-0.497845,0.73614
0,0,-0.129072,-0.983973,0.123033
0,0,0.723364,-0.372477,0.581382
0,0,0.668345,0.265126,0.694999
0,0,0.338817,0.774862,0.533659
0,0,-0.207689,0.242704,0.947608
0,0,-0.0614267,-0.720938,0.690271
0,0,-0.530587,-0.696853,0.48257
0,0,-0.612994,-0.786589,0.074272
0,0,0.689646,0.310686,0.654113
0,0,0.218889,0.0465086,0.974641
0,0,-0.62202,-0.714477,0.320334
0,0,0.770035,-0.47154,0.429763
22.4151,30.777,0.666293,0.432557,0.607411
0,0,0.345243,-0.66734,0.659897
7.35471,10.8952,0.3097,0.105167,0.945
0,0,-0.0322671,0.112822,0.993091
8.00648,10.9494,-0.0858869,-0.159337,0.983481
0,0,-0.678488,-0.562667,0.472293
0,0,0.348785,0.124521,0.928894
0,0,-0.546234,-0.526253,0.651679
0,0,-0.997461,0.0314814,0.0638731
0,0,0.0177673,0.91963,0.392383
0,0,0.281938,-0.782692,0.554891
0,0,0.275947,0.598241,0.752304
18.4479,26.805,0.383434,0.829758,0.405561
0,0,0.17419,0.433691,0.884065
0,0,0.319894,-0.144424,0.936381
0,0,-0.79695,-0.59885,0.0790564
0,0,0.641956,-0.766451,0.0210842
0,0,-0.0769544,0.953213,0.292339
0,0,-0.274706,0.955699,0.105719
0,0,-0.332178,0.695404,0.637237
0,0,0.600307,0.423082,0.678699
0,0,-0.107077,-0.993593,0.0361608
0,0,-0.737171,0.672969,0.0607541
0,0,0.172983,0.72767,0.663757
0,0,-0.82817,-0.277291,0.487078
0,0,0.389488,-0.912151,0.127596
0,0,-0.548322,0.530097,0.646792
0,0,0.19888,-0.493294,0.846822
0,0,-0.67651,-0.652706,0.341041
0,0,0.4441,0.894391,0.0532856
0,0,0.193975,-0.473283,0.859288
0,0,-0.615146,-0.510478,0.600839
0,0,-0.960654,-0.242187,0.135977
0,0,0.158378,0.554233,0.817155
0,0,-0.489868,-0.755758,0.434579
0,0,-0.886812,0.250543,0.38832
0,0,-0.60688,0.210959,0.766286
0,0,0.953331,-0.297704,0.0503206
0,0,0.218224,0.552409,0.804501
0,0,-0.0774809,-0.996959,0.00831939
0,0,0.518767,0.850221,0.0894763
0,0,-0.0657765,-0.768217,0.636801
0,0,0.971895,0.235406,0.00196273
0,0,-0.720302,0.102248,0.686083
0,0,0.871501,0.407809,0.272355
0,0,-0.581784,0.673661,0.45575
0,0,0.798858,-0.295187,0.524109
0,0,-0.463483,-0.0855637,0.881965
0,0,-0.887658,0.455851,0.0652949
0,0,0.479359,0.771401,0.418516
0,0,0.116591,0.989957,0.0799504
0,0,0.311894,-0.533447,0.78623
0,0,0.988389,-0.0530512,0.14238
0,0,-0.572977,-0.149551,0.805811
0,0,0.544344,-0.116957,0.830669
0,0,-0.482144,-0.54861,0.683055
0,0,0.706037,-0.055161,0.706024
0,0,0.264486,-0.881466,0.391234
0,0,-0.149673,0.927492,0.342573
0,0,0.528218,-0.00817726,0.84907
0,0,0.597725,0.576646,0.55696
0,0,0.398903,-0.473593,0.78523
0,0,0.611496,0.266069,0.745171
0,0,0.69754,-0.0779779,0.71229
0,0,0.553326,-0.0806484,0.829051
0,0,-0.966045,-0.109626,0.233964
0,0,-0.522267,0.5455,0.65549
0,0,-0.446544,-0.876782,0.178471
0,0,-0.34803,-0.935821,0.0558038
0,0,-0.603858,0.664465,0.440274
0,0,0.562703,-0.728881,0.389998
0,0,0.657409,0.725188,0.204733
0,0,0.956685,0.0922516,0.276121
0,0,-0.365003,-0.879983,0.303979
0,0,0.617451,0.0863759,0.781852
0,0,0.670996,-0.503152,0.544612
0,0,0.919562,0.122268,0.373439
0,0,-0.316256,0.572196,0.756686
0,0,-0.853071,-0.40857,0.324562
0,0,-0.113947,0.878062,0.464782
0,0,0.221352,0.96169,0.161725
0,0,-0.491698,-0.0468245,0.869506
0,0,-0.113949,0.618163,0.777747
0,0,0.983373,0.0268749,0.179598
0,0,0.618658,-0.587865,0.521227
0,0,0.797558,0.255321,0.546545
0,0,-0.48342,0.817373,0.313381
0,0,0.1098,-0.357659,0.927375
0,0,-0.300101,-0.945333,0.127609
0,0,0.000956286,0.87526,0.483652
0,0,0.962902,-0.269798,0.00532605
0,0,-0.886685,0.330955,0.322892
0,0,0.222759,-0.716303,0.661278
0,0,-0.789574,0.207564,0.577485
0,0,0.423016,-0.469495,0.775005
0,0,0.925007,-0.297485,0.236356
0,0,-0.175596,0.253835,0.951175
0,0,-0.0776376,0.985097,0.153479
0,0,0.758479,0.161968,0.631249
0,0,-0.309461,0.876024,0.369887
0,0,-0.714015,0.677558,0.176345
0,0,-0.68712,-0.0837689,0.721699
0,0,-0.464232,0.712193,0.526565
0,0,-0.0985708,0.227146,0.968859
0,0,-0.640028,-0.338923,0.689562
0,0,0.205332,-0.963733,0.170462
0,0,-0.562035,0.0447323,0.825903
0,0,0.027859,0.411934,0.910788
0,0,-0.63261,0.554675,0.5405
0,0,-0.51713,-0.196526,0.833039
0,0,0.71656,0.534214,0.448505
0,0,-0.552035,-0.331247,0.765201
0,0,0.172769,-0.888812,0.424457
0,0,-0.560938,-0.639719,0.52546
0,0,0.129149,0.804353,0.579946
0,0,0.794441,0.520301,0.31329
0,0,0.55406,-0.772423,0.310453
0,0,0.991847,0.117039,0.0504096
0,0,0.970619,0.203725,0.12804
0,0,-0.936933,0.0962086,0.336006
0,0,0.355811,-0.545918,0.758533
0,0,-0.208808,0.221942,0.952439
0,0,0.738295,0.0711317,0.670717
0,0,-0.0301954,-0.964618,0.261916
0,0,0.282264,0.541659,0.791791
0,0,-0.69487,0.649463,0.308793
0,0,-0.176413,0.569314,0.802969
0,0,-0.871173,-0.259669,0.416689
0,0,0.134378,-0.799735,0.585121
0,0,-0.61047,0.730108,0.307034
0,0,-0.314615,-0.615,0.723044
0,0,-0.520765,0.779443,0.348243
0,0,-0.241124,-0.463073,0.852891
0,0,-0.0865089,-0.797044,0.597693
0,0,-0.768329,-0.624059,0.142201
0,0,0.541236,0.599629,0.589499
0,0,-0.777496,0.5356,0.329595
0,0,0.391261,0.361499,0.846306
0,0,0.21594,0.161209,0.963006
0,0,-0.629292,-0.00513347,0.777152
0,0,0.860272,-0.010425,0.509729
0,0,-0.415232,-0.583254,0.698138
0,0,0.492118,0.0551754,0.868778
0,0,0.363582,0.421435,0.830783
0,0,-0.629818,0.105128,0.769596
0,0,0.855356,0.463491,0.231391
0,0,0.253922,-0.173627,0.951513
0,0,-0.325168,0.934766,0.143103
0,0,0.357692,-0.930487,0.0790598
0,0,0.87364,0.0468439,0.484313
0,0,0.200998,-0.701107,0.684141
0,0,-0.80645,-0.576814,0.130095
0,0,0.223649,0.7103,0.667424
0,0,0.0608414,-0.979738,0.190818
0,0,0.795365,-0.131289,0.591742
0,0,0.350982,0.778698,0.52004
0,0,-0.453232,-0.857201,0.244516
0,0,-0.344603,-0.905676,0.246981
0,0,-0.0134838,-0.302282,0.953123
0,0,0.636921,-0.7245,0.2635
0,0,-0.203247,-0.898125,0.389952
0,0,-0.607842,-0.683634,0.403947
0,0,-0.410721,0.495661,0.765263
0,0,0.143638,0.0926978,0.985279
0,0,0.676947,0.0812537,0.731533
0,0,0.322719,-0.100561,0.941138
0,0,-0.736194,-0.480477,0.476614
0,0,0.774299,0.258305,0.577702
0,0,-0.613871,-0.370681,0.696963
14.9941,23.5486,0.0123057,-0.357349,0.93389
0,0,-0.592779,-0.646996,0.479592
0,0,-0.0424423,0.879245,0.474476
0,0,0.759993,0.342608,0.552295
0,0,0.828674,0.0786679,0.554176
0,0,-0.226752,0.823313,0.520325
0,0,-0.501943,0.0692942,0.86212
0,0,0.151278,-0.958955,0.239833
0,0,0.304833,0.525361,0.794401
0,0,-0.828989,0.534375,0.164987
0,0,-0.703262,-0.632028,0.325519
0,0,-0.390079,0.62695,0.674367
0,0,0.392726,0.697081,0.59987
0,0,-0.499256,0.210903,0.840395
0,0,-0.323095,-0.838626,0.438538
0,0,0.885577,0.370701,0.279884
0,0,-0.307326,0.898252,0.314156
0,0,0.766609,0.620451,0.165382
0,0,0.345536,-0.468615,0.813022
0,0,0.32694,0.090241,0.940727
0,0,0.706485,-0.452177,0.54444
0,0,0.149432,0.967997,0.201622
17.9254,27.4485,0.045986,-0.609448,-0.791491
0,0,-0.792854,-0.579728,0.187878
0,0,0.0637331,-0.858266,0.509233
0,0,0.381499,-0.0668972,0.921945
0,0,-0.973869,0.0520665,0.221062
0,0,0.104759,-0.395754,0.912362
0,0,-0.843272,0.133502,0.520643
0,0,0.435948,-0.896223,0.0820576
0,0,-0.492349,-0.511517,0.704232
0,0,-0.0135159,0.785795,0.618339
0,0,0.621725,-0.767274,0.157315
0,0,-0.345295,-0.273666,0.897707
0,0,0.437419,0.710556,0.551158
0,0,0.987511,-0.0709682,0.140661
0,0,0.649336,-0.734623,0.196702
0,0,0.673457,0.251768,0.695031
0,0,-0.679392,-0.702796,0.210959
0,0,0.599982,-0.723446,0.341538
0,0,-0.568904,0.707769,0.41882
0,0,-0.16774,-0.42171,0.89108
0,0,-0.47294,0.876513,0.0897328
13.6362,19.3021,0.843701,-0.386263,0.372786
0,0,-0.113475,-0.314294,0.942519
0,0,-0.829172,0.545836,0.120569
10.9652,14.0273,-0.903799,0.193173,0.381879
0,0,-0.67531,-0.732385,0.0870017
0,0,-0.468848,0.823653,0.319025
0,0,0.544771,-0.730655,0.411543
0,0,-0.791485,0.608234,0.0600239
0,0,-0.842858,-0.325797,0.428308
0,0,-0.804677,0.565048,0.182254
0,0,0.989678,-0.0858003,0.114782
0,0,0.582427,0.762227,0.28247
0,0,0.251131,0.958721,0.133367
0,0,-0.950869,0.188847,0.245328
19.5284,28.6949,-0.29047,-0.0626402,0.954832
0,0,-0.834505,0.115864,0.53868
0,0,-0.402439,-0.902988,0.150518
0,0,0.219471,0.582842,0.782386
0,0,-0.0556301,0.771272,0.63407
0,0,-0.799333,-0.509163,0.319091
0,0,-0.642141,-0.22295,0.733449
23.3647,35.4135,0.983066,0.16943,-0.0698162
0,0,0.212323,-0.909231,0.358076
0,0,0.515202,-0.279565,0.810191
0,0,0.951891,-0.295584,0.0808301
0,0,-0.548754,0.785597,0.285844
0,0,0.477255,-0.810525,0.339524
0,0,-0.446879,0.0527223,0.89304
0,0,-0.481358,0.798941,0.360537
0,0,-0.990448,-0.102065,0.0927131
0,0,-0.733921,-0.674899,0.0766229
0,0,0.891409,0.208379,0.402453
0,0,-0.597188,0.0143157,0.801974
0,0,-0.130316,-0.226733,0.965199
0,0,0.306272,0.542604,0.782163
0,0,-0.935247,-0.16397,0.313729
0,0,0.407299,-0.713053,0.570669
0,0,0.786452,0.543716,0.293028
0,0,-0.0458167,0.593526,0.803509
0,0,-0.982862,-0.0205356,0.183197
0,0,0.580521,-0.517499,0.628642
0,0,-0.969088,0.0901509,0.229656
0,0,-0.0978905,-0.276023,0.956153
0,0,-0.0960536,0.29133,0.951788
0,0,0.569992,0.129067,0.81145
0,0,0.461955,-0.838895,0.287841
0,0,0.529182,-0.795674,0.294736
0,0,0.571026,0.0720482,0.817764
0,0,-0.649308,0.745744,0.149216
0,0,-0.321565,0.922746,0.212453
0,0,0.071361,-0.732346,0.677183
0,0,-0.142919,0.913058,0.381967
0,0,-0.759065,-0.396291,0.516502
0,0,-0.269335,0.960601,0.0685866
0,0,0.536112,0.651132,0.537225
0,0,-0.616245,-0.330138,0.715018
0,0,-0.392167,-0.888385,0.2387
0,0,0.560565,0.366992,0.74235
0,0,-0.0412213,0.579006,0.814281
0,0,-0.386619,-0.89897,0.205861
0,0,0.638749,-0.675509,0.368358
0,0,0.897072,0.291658,0.331959
0,0,-0.0931901,0.924152,0.370484
0,0,0.907792,-0.417985,0.0346647
0,0,0.294173,-0.948592,0.116773
0,0,-0.348223,0.575951,0.739609
0,0,-0.590323,0.311848,0.744493
0,0,0.459088,-0.876969,0.141996
0,0,0.867318,0.415775,0.273661
0,0,-0.592705,-0.28952,0.751584
0,0,-0.552749,-0.469939,0.688205
0,0,-0.655094,0.414203,0.631892
0,0,-0.298922,-0.736156,0.607223
0,0,-0.479686,-0.49914,0.721638
0,0,-0.217149,-0.766613,0.604278
14.7099,21.0765,-0.771105,0.230984,0.593332
0,0,-0.676432,-0.533997,0.507235
0,0,0.126863,0.69266,0.71002
0,0,-0.352805,-0.461378,0.814039
0,0,-0.951525,-0.292874,0.0939386
0,0,-0.830056,-0.549662,0.0942229
0,0,0.442113,0.625257,0.643109
0,0,-0.70425,0.699998,0.118472
0,0,-0.808328,0.143028,0.571095
0,0,0.179998,0.939903,0.290142
0,0,-0.485956,0.29123,0.824034
0,0,-0.39571,0.313729,0.863127
0,0,0.813052,-0.528071,0.245127
0,0,0.973028,-0.213927,0.086324
0,0,-0.670666,0.11938,0.73209
0,0,0.560085,0.806437,0.189642
0,0,0.327055,-0.931824,0.157288
0,0,-0.781015,-0.457976,0.424587
0,0,0.607917,-0.564049,0.558825
0,0,0.125325,-0.490201,0.862552
0,0,-0.697848,0.209076,0.685052
0,0,-0.995448,0.0130246,0.0944107
0,0,-0.00277554,0.616067,0.787689
9.45473,14.7414,-0.45889,0.0537675,0.886865
0,0,-0.574545,-0.504048,0.644852
0,0,-0.191058,0.906218,0.377182
20.4449,28.5255,0.257998,0.870353,0.419431
0,0,0.493055,0.74886,0.442837
0,0,-0.889277,0.283311,0.359057
0,0,0.558835,-0.820537,0.120092
0,0,-0.0121447,-0.145377,0.989302
0,0,-0.271803,0.863444,0.424956
0,0,-0.551944,0.194804,0.810808
0,0,-0.820297,-0.571218,0.0286949
0,0,0.770105,-0.622844,0.137858
0,0,-0.746548,0.213777,0.630052
0,0,-0.391161,-0.916414,0.0847222
0,0,0.394429,-0.804461,0.444149
0,0,0.145054,0.320951,0.935922
0,0,0.951952,-0.23568,0.195554
0,0,-0.905577,0.197124,0.375597
0,0,-0.263544,-0.790397,0.553007
0,0,0.639882,-0.197907,0.742552
0,0,-0.0310334,-0.892414,0.450149
0,0,0.736386,-0.67535,0.0404783
0,0,0.676881,0.734068,0.0545569
0,0,0.129332,0.305658,0.943317
0,0,0.00390836,0.525379,0.850859
0,0,-0.322152,0.53799,0.778964
0,0,-0.396214,0.298768,0.868189
0,0,-0.866827,-0.405199,0.290559
0,0,0.0172545,0.719532,0.694245
0,0,0.25028,0.446115,0.859268
0,0,0.555943,-0.74213,0.374394
0,0,0.434839,-0.888496,0.146593
0,0,-0.335471,-0.852263,0.40138
0,0,0.782319,-0.582765,0.219913
0,0,0.859829,0.445818,0.24888
0,0,-0.966326,-0.0736661,0.246549
0,0,0.929749,0.0561759,0.363884
0,0,-0.718782,0.236472,0.653784
0,0,-0.748685,0.476519,0.460868
0,0,-0.296533,0.530842,0.793899
0,0,0.268891,0.789353,0.551923
0,0,0.831694,-0.552294,0.0570674
0,0,-0.515281,-0.85126,0.099208
0,0,0.558442,0.502369,0.660127
0,0,0.0323753,0.462747,0.885899
0,0,0.91948,0.201931,0.337314
0,0,0.141216,0.352788,0.924986
0,0,0.335453,0.939547,0.0687215
0,0,-0.556776,0.732338,0.392022
0,0,0.0233986,-0.961437,0.274027
0,0,0.0578958,0.701426,0.710387
0,0,-0.610258,0.0659226,0.789455
0,0,0.734485,-0.168693,0.657324
0,0,-0.701589,0.649576,0.292959
0,0,0.296222,0.0388312,0.954329
0,0,-0.76433,-0.366077,0.530837
0,0,-0.969083,-0.202563,0.140879
0,0,-0.0154726,-0.143628,0.989511
0,0,-0.607552,-0.65202,0.453597
0,0,0.85989,0.0257059,0.509831
0,0,-0.827549,-0.467136,0.311362
0,0,0.36183,-0.687142,0.630012
0,0,0.352189,-0.578253,0.735925
0,0,-0.221931,-0.754974,0.617058
0,0,-0.143667,0.354043,0.924129
0,0,-0.746422,0.649043,0.14696
0,0,-0.230403,-0.866852,0.442133
0,0,-0.894255,-0.356137,0.271061
0,0,0.782568,0.21425,0.584537
0,0,0.207253,0.417176,0.884879
0,0,0.797654,-0.538904,0.270796
0,0,0.337229,0.314283,0.887414
0,0,-0.877028,0.401008,0.2646
0,0,-0.324199,0.157998,0.932701
0,0,-0.697459,0.545818,0.464363
0,0,0.160255,0.564348,0.809833
0,0,0.628382,0.776933,0.038884
0,0,-0.955283,-0.275633,0.107053
0,0,-0.935681,-0.0346949,0.351137
0,0,-0.373116,-0.0748496,0.92476
0,0,0.177148,-0.954485,0.239951
0,0,-0.0603903,0.863293,0.501076
0,0,-0.178754,0.719011,0.671618
0,0,-0.427476,-0.0607231,0.901985
12.7401,18.1684,-0.0516273,0.0655901,0.99651
0,0,-0.259816,0.335477,0.905511
0,0,0.508302,0.618038,0.599715
0,0,-0.779983,0.612137,0.13006
0,0,-0.0673009,0.429212,0.900693
0,0,0.496856,0.820797,0.281827
0,0,0.647008,-0.191189,0.738124
0,0,-0.612227,-0.465131,0.639399
0,0,0.423466,0.224336,0.877696
0,0,-0.326431,0.89698,0.29811
0,0,0.763939,0.263376,0.589093
0,0,0.284368,-0.367787,0.885363
0,0,-0.684341,-0.260033,0.68122
0,0,0.941144,-0.298742,0.158115
0,0,-0.603017,-0.685217,0.40847
0,0,0.625425,0.339353,0.702626
0,0,0.650136,-0.670222,0.357946
0,0,0.63098,-0.775799,0.000634312
0,0,0.439852,0.88964,0.122764
0,0,-0.0801266,0.458281,0.885188
1.66272,2.80479,-0.439023,-0.501999,0.745154
0,0,0.935438,0.350107,0.0488044
0,0,0.0939045,-0.983956,0.151702
0,0,-0.481115,-0.677412,0.556454
0,0,0.921764,0.115634,0.370108
0,0,-0.715207,-0.696044,0.0632583
0,0,-0.100897,0.282428,0.953968
0,0,-0.127924,0.944996,0.301027
0,0,0.772583,0.431861,0.465415
0,0,0.88236,-0.453939,0.124018
0,0,0.105616,0.767047,0.632838
0,0,0.309326,-0.92644,0.214538
0,0,0.44765,-0.0242804,0.893879
0,0,0.769776,0.614658,0.172164
0,0,0.339101,-0.686175,0.643564
0,0,-0.982482,0.0225009,0.184995
0,0,0.933069,0.339071,0.120059
0,0,0.972735,-0.226503,0.0498242
0,0,-0.660677,0.685702,0.305482
0,0,0.33722,-0.173952,0.925215
0,0,-0.564278,-0.433514,0.702607
17.2223,25.758,0.0916099,-0.10187,0.990571
0,0,-0.902632,-0.339401,0.264692
0,0,0.816406,-0.574976,0.0537009
0,0,0.903797,0.0316681,0.426789
0,0,0.417631,0.666303,0.617758
0,0,0.332939,0.766574,0.549105
0,0,0.288007,-0.783948,0.549979
0,0,0.643353,0.398104,0.653919
0,0,0.784839,-0.0447104,0.618085
0,0,-0.181108,0.852255,0.490777
0,0,-0.373932,-0.813565,0.445294
0,0,0.450047,0.868276,0.208698
0,0,0.378692,0.925281,0.0211738
0,0,0.195202,-0.970625,0.140653
0,0,0.515223,-0.213974,0.829916
0,0,-0.851361,0.430565,0.299664
0,0,-0.974165,0.195445,0.113153
0,0,-0.531383,0.827397,0.181786
0,0,-0.554328,0.197504,0.808525
0,0,0.23098,-0.202258,0.951704
0,0,-0.339494,0.880405,0.331106
0,0,0.930176,0.159491,0.330658
0,0,-0.574352,0.733491,0.36347
0,0,0.642067,0.628411,0.439147
0,0,0.772313,0.345045,0.533363
0,0,0.346902,0.239322,0.906854
0,0,0.580476,0.0114704,0.814197
0,0,0.203119,-0.562513,0.80145
0,0,0.668906,-0.240237,0.703456
0,0,-0.729611,0.683862,0.00109596
0,0,0.660607,-0.0477972,0.749209
0,0,0.915126,0.133139,0.380551
0,0,-0.561871,0.745126,0.35929
24.8791,35.1684,-0.0663913,0.802667,0.592721
0,0,-0.692625,0.226702,0.684746
0,0,-0.0971539,0.462177,0.88145
0,0,0.628441,-0.530302,0.569071
0,0,0.394643,-0.867755,0.30209
0,0,-0.849215,0.05582,0.525088
0,0,0.34393,-0.812293,0.471055
0,0,0.405257,-0.695834,0.592943
0,0,0.536413,0.739911,0.405946
0,0,0.731012,-0.540265,0.416815
0,0,0.28472,-0.642436,0.711485
0,0,-0.552984,-0.814505,0.175474
0,0,0.0922797,0.787984,0.608741
0,0,-0.0630207,0.429113,0.90105
0,0,-0.200442,-0.465192,0.862218
2.6145,4.31297,0.24773,0.21996,0.943529
0,0,0.210857,-0.843228,0.494475
0,0,0.895142,-0.420353,0.148404
0,0,0.0938434,0.975834,0.197334
19.8782,25.3781,-0.689373,-0.672782,-0.26857
0,0,0.75523,-0.634311,0.165161
0,0,-0.679623,-0.624057,0.385572
0,0,0.49451,0.603629,0.625374
0,0,0.720978,-0.0990146,0.685848
0,0,-0.0883604,-0.58587,0.805573
0,0,-0.276217,0.866211,0.416392
0,0,0.646816,0.760505,0.0571051
0,0,0.800444,-0.598177,0.038402
0,0,-0.810573,0.58561,0.00568679
0,0,-0.313487,0.942279,0.117629
0,0,-0.773933,-0.28528,0.565369
0,0,0.319091,-0.716736,0.620057
0,0,-0.204043,-0.93529,0.289136
0,0,0.362165,-0.908808,0.207134
0,0,-0.964766,0.163788,0.205915
0,0,-0.703664,-0.434998,0.561812
0,0,-0.316696,0.887608,0.334449
0,0,-0.240549,0.733377,0.635841
0,0,0.418566,-0.0348252,0.907519
0,0,-0.632775,-0.774069,0.0203363
0,0,0.0962014,-0.40756,0.908097
0,0,0.846973,0.492696,0.199719
0,0,0.271806,0.929379,0.249751
0,0,-0.600766,0.0633008,0.796915
0,0,-0.32928,-0.766785,0.551013
0,0,-0.235939,-0.461731,0.855066
0,0,-0.900494,0.40907,0.147558
0,0,-0.305959,-0.267795,0.913605
0,0,-0.575833,-0.32247,0.751285
0,0,-0.535449,-0.639631,0.551513
0,0,0.214739,0.0608205,0.974776
0,0,0.326151,-0.705457,0.629251
0,0,-0.283754,0.879404,0.382272
10.1316,14.9706,-0.726689,-0.152408,0.669847
0,0,0.575755,0.49386,0.65162
0,0,-0.863648,0.109504,0.492057
0,0,-0.161319,-0.871026,0.463993
0,0,0.893232,-0.424558,0.147942
0,0,-0.764864,0.130661,0.630802
0,0,-0.225229,-0.973483,0.0400365
0,0,0.365504,-0.926205,0.0924727
0,0,-0.713052,-0.672208,0.19923
0,0,-0.0496743,0.481493,0.875041
0,0,0.951299,0.143587,0.272787
0,0,-0.661764,0.64524,0.381751
0,0,-0.174493,0.694192,0.698319
0,0,-0.382971,-0.338915,0.859343
21.7094,32.1343,0.523388,-0.105656,0.845519
0,0,0.472717,0.16802,0.865048
0,0,0.174168,0.983785,0.0427959
0,0,-0.412314,-0.848884,0.330747
0,0,-0.0470471,0.845237,0.532317
0,0,-0.971444,0.235206,0.0312056
0,0,0.420826,0.907114,0.00708663
0,0,0.0221367,-0.931928,0.361968
0,0,0.730474,0.149523,0.666372
0,0,-0.0241362,-0.448876,0.893268
0,0,0.473994,-0.113205,0.873221
0,0,-0.319739,0.267207,0.909048
0,0,0.797849,0.580489,0.162693
0,0,0.303104,-0.936404,0.176846
0,0,-0.92047,0.144485,0.363123
0,0,0.790488,-0.42423,0.441766
0,0,0.579525,0.687633,0.437391
0,0,0.088666,-0.42986,0.898532
0,0,-0.545662,0.5266,0.651879
0,0,0.896055,0.388752,0.214377
0,0,0.810031,-0.0973845,0.578243
0,0,0.825485,0.467165,0.316752
0,0,0.615137,-0.188737,0.765496
0,0,-0.374365,0.922548,0.0935749
0,0,-0.135899,-0.477437,0.868093
0,0,-0.693591,-0.576519,0.431923
0,0,-0.66583,0.592514,0.453429
0,0,0.471368,-0.424585,0.773007
0,0,0.441504,-0.522774,0.729234
0,0,0.529513,0.302858,0.792397
0,0,-0.864834,0.316055,0.390092
0,0,0.976067,-0.0819866,0.201424
0,0,0.399567,0.693145,0.599913
0,0,-0.783508,0.353148,0.511275
0,0,0.281471,0.811446,0.512181
0,0,0.696201,0.266383,0.666592
0,0,0.123107,0.686334,0.716791
0,0,-0.0430329,0.950899,0.306495
0,0,0.76748,-0.379295,0.516826
0,0,0.939929,-0.246061,0.236616
0,0,0.345861,-0.0761515,0.935191
0,0,0.354005,0.660081,0.66255
0,0,0.548776,0.313552,0.774939
0,0,0.438537,0.672827,0.595809
0,0,-0.763132,-0.570895,0.302833
0,0,0.376318,-0.460868,0.803732
0,0,-0.444446,0.793145,0.416399
0,0,0.738355,-0.434895,0.515459
0,0,0.989011,0.0888548,0.118159
0,0,0.689403,-0.490655,0.532899
0,0,-0.437861,0.550396,0.710874
0,0,0.50335,0.852961,0.13819
0,0,-0.103902,-0.834741,0.540751
0,0,-0.545627,-0.617705,0.566331
0,0,-0.760455,0.566831,0.316878
0,0,-0.754647,0.228198,0.61517
0,0,-0.820164,-0.111002,0.561257
0,0,-0.271574,0.760849,0.58937
0,0,0.795393,-0.492574,0.353158
0,0,-0.0466318,0.834915,0.548399
0,0,0.00617672,-0.193466,0.981088
0,0,-0.441575,-0.148897,0.884783
0,0,0.1401,0.232554,0.96244
0,0,0.112737,0.4526,0.884559
0,0,0.381607,-0.510746,0.770399
0,0,0.473715,-0.224333,0.851627
0,0,-0.725941,0.48969,0.482921
0,0,-0.608584,-0.350332,0.711964
0,0,0.555986,0.540386,0.631556
0,0,-0.895975,-0.145048,0.419751
0,0,0.978468,-0.202995,0.0373258
0,0,-0.258036,-0.931004,0.258164
0,0,0.412863,0.807199,0.421869
0,0,-0.223576,0.885717,0.40684
0,0,-0.442378,0.896137,0.0352173
0,0,-0.119502,-0.74205,0.659606
0,0,-0.168068,-0.756641,0.631861
0,0,-0.499297,0.510394,0.700143
0,0,-0.637622,0.297654,0.710521
0,0,-0.967244,-0.149124,0.20543
0,0,-0.867124,0.397064,0.300725
0,0,-0.274361,0.909428,0.312517
21.6597,26.7851,0.248399,-0.552365,0.795733
0,0,-0.755556,0.354953,0.550584
0,0,-0.263135,-0.384868,0.884667
0,0,0.444192,-0.589425,0.674738
0,0,-0.0792957,0.843077,0.531916
0,0,0.0209313,0.526197,0.850105
0,0,0.181571,-0.912312,0.367041
0,0,0.640816,0.588578,0.492881
0,0,-0.661698,-0.522271,0.537948
0,0,-0.0453991,0.937198,0.345829
0,0,0.518048,-0.512876,0.684532
0,0,-0.755122,0.508859,0.413345
0,0,0.973351,0.143184,0.179129
0,0,0.999487,0.014193,0.0287244
6.98157,9.70841,-0.581467,0.026006,0.813154
0,0,0.369836,0.00576732,0.929079
0,0,0.301787,0.928332,0.217081
0,0,-0.689323,-0.506361,0.518105
0,0,0.0751421,0.0439086,0.996206
0,0,0.196397,0.664292,0.721211
0,0,0.325435,-0.432674,0.840765
0,0,0.611627,0.444095,0.654746
0,0,-0.672259,0.49576,0.549808
0,0,0.769255,0.638556,0.0221947
0,0,-0.382684,-0.192021,0.903704
0,0,0.0448855,-0.948239,0.314368
0,0,0.704627,0.449193,0.549296
0,0,0.511761,-0.331044,0.792787
0,0,-0.300371,-0.385671,0.872373
0,0,0.468972,0.52512,0.71015
0,0,0.711995,-0.512918,0.47956
0,0,-0.353643,0.609053,0.709924
0,0,0.639873,0.555225,0.531308
0,0,0.755538,-0.518825,0.399978
0,0,-0.680286,0.732823,0.0134667
0,0,0.424098,-0.852995,0.304204
0,0,-0.968527,0.24889,0.00292996
0,0,-0.837353,0.365539,0.406474
0,0,-0.561303,0.578579,0.591764
0,0,-0.142897,0.554599,0.819756
0,0,0.684172,-0.628585,0.369849
0,0,-0.718824,-0.255292,0.646621
0,0,0.695621,-0.706783,0.128721
0,0,-0.619889,-0.6319,0.465232
0,0,-0.357745,0.214016,0.908964
0,0,-0.660779,-0.059847,0.748191
0,0,0.157243,-0.963763,0.215491
0,0,0.0109688,-0.914752,0.403868
0,0,-0.414269,0.0693614,0.907508
0,0,-0.0563154,-0.672917,0.737571
0,0,0.185859,0.92144,0.341182
0,0,-0.558998,0.747709,0.358402
0,0,-0.8284,0.255724,0.498357
0,0,0.0698109,0.240014,0.968256
0,0,-0.226245,-0.867185,0.443625
0,0,0.184469,-0.0289061,0.982413
0,0,-0.537576,0.686771,0.489241
0,0,0.206952,-0.977477,0.0413553
0,0,0.00108231,-0.906387,0.422448
0,0,0.911476,-0.19039,0.364642
0,0,0.136832,-0.977736,0.159086
0,0,-0.0758253,0.313066,0.9467
0,0,-0.755623,0.146491,0.638416
0,0,-0.330426,-0.60247,0.726532
0,0,-0.106744,0.0147485,0.994177
0,0,-0.56975,-0.078801,0.818031
0,0,0.828893,0.237164,0.506646
0,0,0.902443,-0.430248,0.0219908
0,0,0.294999,-0.491008,0.819687
0,0,0.504124,0.6532,0.564968
0,0,-0.7871,-0.000191243,0.616826
0,0,0.725069,-0.675292,0.135115
0,0,0.212301,0.975538,0.0570452
20.0159,29.5571,-0.549285,0.0800505,0.831792
0,0,0.0186127,0.999817,0.00445245
0,0,-0.430578,-0.829615,0.355446
0,0,-0.00520677,0.238375,0.971159
0,0,0.275503,0.430365,0.859584
0,0,0.609184,-0.133861,0.78165
0,0,0.662829,-0.715263,0.221488
0,0,0.396043,0.909032,0.129654
0,0,0.587063,0.329665,0.739377
0,0,-0.489153,0.867683,0.0886326
0,0,-0.763846,-0.312135,0.564899
3.57011,4.98075,-0.230787,-0.308419,0.92283
0,0,-0.615416,0.71086,0.340503
0,0,-0.8078,0.313124,0.499413
0,0,0.995855,-0.0656756,0.0629306
0,0,-0.227525,-0.589562,0.775016
0,0,0.482955,0.782843,0.392315
0,0,0.0108114,0.699864,0.714195
0,0,0.785329,0.0217666,0.618696
0,0,0.0972549,0.903546,0.417308
0,0,0.00250176,0.969534,0.244942
0,0,-0.426669,0.175741,0.887169
0,0,-0.491877,0.0383095,0.869822
0,0,-0.366351,0.631145,0.683698
0,0,0.355731,-0.383505,0.852279
0,0,-0.706654,0.691922,0.147933
0,0,-0.798628,-0.59412,0.0959945
0,0,-0.573356,-0.270031,0.773528
0,0,-0.20394,-0.798614,0.566237
0,0,-0.457114,0.142983,0.87784
0,0,0.376202,0.906797,0.190239
23.1113,32.7273,-0.34277,0.763651,0.547125
0,0,0.531165,-0.416763,0.73768
0,0,0.69682,0.591707,0.405371
0,0,0.232987,-0.907071,0.350628
0,0,-0.0897554,0.606833,0.789745
0,0,-0.228195,-0.0498222,0.97234
0,0,0.543073,-0.78628,0.294679
0,0,-0.799046,-0.326864,0.504664
0,0,0.219445,0.868556,0.444359
0,0,0.653403,0.461366,0.600171
0,0,0.859517,0.491647,0.139694
0,0,0.578498,0.508448,0.637826
0,0,-0.612275,0.376356,0.695324
0,0,-0.743563,0.550186,0.380013
0,0,0.809669,-0.57621,0.111436
0,0,0.901083,-0.428163,0.06874
0,0,-0.755666,0.124661,0.642984
0,0,0.0308526,-0.638761,0.768786
0,0,0.286387,0.760724,0.582479
0,0,0.719125,-0.67643,0.159066
0,0,-0.924408,0.151864,0.349866
0,0,-0.504736,-0.637592,0.581995
0,0,-0.840658,-0.164025,0.51613
0,0,-0.567172,-0.80241,0.185618
0,0,0.712017,-0.478667,0.513721
0,0,-0.869736,0.310109,0.383916
0,0,-0.333354,0.591155,0.734446
0,0,0.377177,0.577122,0.724339
0,0,-0.989126,-0.0050838,0.146982
0,0,0.130381,0.934698,0.330666
0,0,0.192332,0.881476,0.431287
0,0,0.260455,0.924636,0.277868
0,0,0.104291,0.949506,0.295909
0,0,-0.419253,-0.835567,0.355042
0,0,-0.0981739,0.800138,0.591727
0,0,0.144351,0.583494,0.799185
0,0,0.913336,-0.0528909,0.403758
0,0,0.66507,-0.645709,0.375156
0,0,-0.166903,-0.536534,0.827209
0,0,0.398062,-0.0792032,0.913933
0,0,0.84947,0.361132,0.384688
0,0,-0.319811,0.676423,0.663455
0,0,-0.921367,-0.195211,0.33612
0,0,-0.645664,0.465741,0.605147
0,0,0.26385,0.75966,0.59439
0,0,0.435451,0.897113,0.0746392
0,0,-0.51273,-0.834934,0.199985
0,0,0.87912,0.473239,0.0565031
0,0,-0.919309,-0.246138,0.307061
0,0,-0.569687,-0.818659,0.0724819
0,0,0.795229,0.449534,0.406855
0,0,-0.261262,0.622556,0.737676
0,0,0.0361254,0.24254,0.969469
0,0,0.412826,-0.435871,0.799744
0,0,-0.306824,-0.666014,0.679916
0,0,0.920586,-0.378078,0.0978647
0,0,0.330276,0.0461579,0.942755
0,0,0.761626,0.641478,0.0918239
0,0,0.906933,-0.340187,0.248484
0,0,0.871255,0.367614,0.32523
0,0,0.906354,-0.325268,0.269672
0,0,0.305544,-0.651416,0.694479
0,0,-0.557929,0.383828,0.735793
0,0,0.355714,0.927489,0.115028
0,0,-0.819624,-0.474803,0.320592
0,0,-0.286075,-0.138536,0.94814
22.9216,31.9756,0.546736,0.771893,-0.324439
0,0,0.372444,0.165486,0.913181
0,0,0.749774,-0.399906,0.527176
0,0,-0.488119,-0.47055,0.735066
0,0,0.124725,0.628363,0.767857
0,0,-0.812345,-0.038417,0.581911
0,0,-0.776038,-0.435021,0.456642
0,0,-0.27133,-0.386854,0.881319
0,0,-0.943349,-0.00980491,0.331656
13.3829,18.8394,0.803619,-0.593853,-0.0391866
0,0,0.769623,0.457552,0.445339
0,0,-0.983565,0.0358318,0.176962
0,0,-0.840335,0.376791,0.3897
0,0,-0.514043,-0.104352,0.851393
0,0,0.776094,-0.467796,0.422902
0,0,0.998459,-0.0117976,0.054232
0,0,0.324286,0.204425,0.923606
0,0,-0.510439,-0.676762,0.530514
0,0,0.821063,-0.487824,0.296451
0,0,0.819307,-0.564013,0.103082
0,0,-0.761563,-0.415041,0.497757
0,0,0.628085,0.571831,0.527749
0,0,-0.561516,-0.198831,0.803222
0,0,-0.689543,0.382743,0.614848
0,0,-0.0993282,0.416099,0.903878
20.3974,26.7892,-0.212903,-0.593784,0.775947
0,0,0.313715,0.510829,0.800397
0,0,-0.274838,0.805191,0.525482
0,0,0.384978,-0.922685,0.0210885
0,0,-0.48854,0.787957,0.374769
0,0,-0.483533,-0.263758,0.834642
0,0,0.989903,0.139212,0.0266712
0,0,0.521523,0.540815,0.659949
0,0,-0.70028,0.656623,0.280097
0,0,-0.580995,-0.80566,0.115573
16.755,24.6263,-0.23842,-0.0884713,0.967124
0,0,0.0283133,0.887138,0.460636
0,0,-0.970971,0.234773,0.0457984
0,0,0.617502,0.430192,0.658503
0,0,-0.840519,0.520589,0.15005
0,0,-0.290835,0.954586,0.0646624
0,0,0.777466,-0.0422723,0.627503
8.40059,11.5647,0.13571,-0.527264,0.838794
0,0,0.440585,0.664355,0.603752
0,0,-0.959768,-0.0819653,0.268564
0,0,0.295673,-0.955116,0.0181958
0,0,-0.25618,-0.959575,0.116568
0,0,0.618303,0.738469,0.269007
0,0,-0.629807,-0.730662,0.263583
0,0,-0.134703,-0.883998,0.447663
0,0,0.13338,-0.989547,0.0548281
0,0,0.845995,0.346342,0.405387
0,0,0.812484,-0.518346,0.266811
0,0,-0.694451,-0.266928,0.668197
0,0,-0.879723,0.401516,0.254699
0,0,-0.384411,0.469017,0.795142
0,0,0.0730174,-0.692243,0.717961
0,0,-0.270268,-0.569827,0.776049
0,0,-0.694896,-0.583461,0.420348
0,0,-0.967748,-0.12889,0.216451
0,0,0.972551,0.192857,0.130197
0,0,-0.581112,-0.813366,0.0272946
0,0,0.753137,0.623011,0.211287
0,0,-0.171141,-0.77048,0.614062
0,0,0.484815,-0.389854,0.782923
0,0,-0.325427,-0.924049,0.200577
0,0,0.1224,-0.883973,0.451232
0,0,0.18814,0.876847,0.442429
0,0,0.561815,-0.451035,0.693492
0,0,0.70001,-0.670502,0.24579
0,0,-0.459814,0.0210361,0.887766
0,0,-0.804662,0.196084,0.56042
0,0,0.624337,0.721115,0.300327
0,0,-0.141949,-0.530151,0.835937
0,0,-0.965472,0.068333,0.251385
0,0,-0.180241,-0.981009,0.0716518
0,0,0.874483,0.312498,0.370978
0,0,-0.842656,0.0132826,0.538288
0,0,0.600093,0.672612,0.432991
0,0,0.307754,0.499679,0.809696
22.8191,33.0805,0.627149,0.774553,-0.082166
0,0,0.66085,0.402302,0.633586
0,0,-0.321622,-0.700732,0.636816
0,0,-0.224819,-0.946849,0.230074
0,0,-0.00990303,-0.999915,0.00850147
0,0,0.402891,-0.696825,0.593391
0,0,0.281995,-0.323583,0.903201
0,0,-0.186843,0.888927,0.418208
0,0,0.642111,-0.615359,0.457194
0,0,-0.911336,-0.0069247,0.411606
0,0,0.522083,-0.264583,0.810817
0,0,-0.863674,-0.300139,0.404949
0,0,-0.0411717,0.888418,0.457185
0,0,0.851979,0.152651,0.50083
0,0,-0.543275,0.634363,0.549942
0,0,0.953816,0.27896,0.111431
0,0,-0.690685,-0.32788,0.644554
0,0,0.50503,0.625284,0.594949
0,0,0.806331,0.347343,0.478731
0,0,-0.552869,-0.529558,0.643355
0,0,-0.26223,0.760459,0.594085
0,0,-0.585554,-0.78295,0.210038
0,0,0.585072,0.67516,0.449277
0,0,0.965817,0.0873677,0.244059
0,0,0.210796,-0.757538,0.61782
0,0,0.0317731,0.31874,0.947309
0,0,-0.300352,-0.679534,0.669344
0,0,-0.103352,-0.77246,0.626597
0,0,0.329574,0.831299,0.447575
0,0,0.400247,0.514393,0.758421
0,0,0.826041,0.560991,0.0542711
0,0,0.619589,-0.26202,0.739902
0,0,-0.428254,0.901567,0.0614372
0,0,0.953194,0.228239,0.198311
14.0507,19.9155,-0.468441,-0.297852,0.831773
0,0,0.628437,-0.115384,0.769255
0,0,-0.452096,0.131688,0.882195
0,0,0.0478392,-0.488162,0.871441
0,0,0.787496,0.38894,0.478097
0,0,-0.477279,-0.124718,0.869857
0,0,0.723543,0.347126,0.596648
0,0,0.857745,0.235884,0.456763
0,0,-0.181612,0.713486,0.676724
0,0,0.251734,-0.826604,0.503345
0,0,-0.00368858,-0.00940628,0.999949
0,0,-0.380495,0.532222,0.756282
0,0,0.464155,0.0329577,0.885141
0,0,-0.588518,0.180774,0.788015
0,0,-0.363397,-0.929836,0.0578527
0,0,0.446263,0.0910562,0.890257
0,0,0.281104,-0.352826,0.892465
0,0,0.0991503,-0.817226,0.567724
0,0,0.578195,-0.67792,0.454
0,0,0.85258,0.137598,0.504158
17.2639,25.8,-0.374728,-0.221371,0.900319
0,0,-0.287375,-0.278053,0.916571
0,0,-0.388859,-0.888377,0.24408
0,0,0.0604598,-0.763425,0.64306
0,0,-0.975875,0.217593,0.0179533
0,0,0.258521,0.581957,0.771033
0,0,0.860195,-0.48747,0.149791
0,0,-0.414985,0.432205,0.800616
0,0,0.0408752,0.849837,0.525458
0,0,-0.4699,-0.644693,0.602964
0,0,-0.800686,0.599082,0.0019664
0,0,0.0700211,-0.996849,0.0372804
0,0,-0.344322,-0.193466,0.918702
0,0,-0.701505,-0.457919,0.546078
0,0,-0.678134,-0.61633,0.40034
0,0,0.229393,-0.0792558,0.970102
0,0,0.251946,-0.610387,0.750967
0,0,0.394568,-0.708461,0.585149
0,0,-0.641814,-0.707292,0.296332
0,0,-0.356199,-0.0434255,0.9334
0,0,0.98403,-0.162187,0.0733449
0,0,0.806768,-0.160726,0.568589
0,0,-0.967931,-0.235386,0.087762
0,0,-0.730849,0.681945,0.0284766
0,0,-0.997937,-0.061491,0.0184769
0,0,-0.260227,-0.50452,0.823251
0,0,-0.100829,0.490486,0.865597
0,0,0.0755595,-0.990386,0.115875
0,0,-0.247143,0.458007,0.853903
0,0,0.211414,0.388822,0.896728
0,0,-0.0204846,0.999359,0.0293649
0,0,0.697195,0.258647,0.668596
0,0,0.478408,0.183764,0.858695
0,0,0.877404,-0.39686,0.269565
0,0,0.834702,0.512466,0.201624
0,0,-0.709547,-0.699243,0.0871916
0,0,-0.588316,0.57088,0.572696
0,0,-0.878609,0.411415,0.242453
0,0,0.474473,-0.194056,0.858614
0,0,-0.66607,0.224936,0.711164
0,0,0.154554,0.867554,0.472719
0,0,-0.749538,0.543766,0.377506
0,0,0.778656,0.482397,0.401233
0,0,0.362188,0.410733,0.836731
0,0,-0.959853,-0.0998548,0.262128
7.66771,10.3598,0.748377,0.607443,0.266354
0,0,0.0416274,0.624229,0.780132
0,0,0.623072,-0.781431,0.0338675
0,0,0.385329,0.900956,0.1995
0,0,0.997983,0.0532324,0.034586
0,0,0.0114403,0.636248,0.7714
0,0,0.0701399,0.9791,0.190901
0,0,-0.0381261,0.709478,0.703695
0,0,-0.848327,-0.523944,0.076314
0,0,-0.77459,-0.292542,0.56074
0,0,0.0504987,0.617825,0.784693
0,0,0.486681,-0.140638,0.862185
0,0,-0.564355,-0.766677,0.306119
0,0,-0.926443,0.275991,0.255994
0,0,-0.929228,-0.181387,0.321923
0,0,0.488547,-0.0323596,0.871937
0,0,0.94671,0.194742,0.256545
0,0,0.373536,0.574191,0.728543
0,0,-0.59864,0.73895,0.309166
0,0,0.905752,-0.0693251,0.4181
0,0,0.690349,0.284539,0.665173
0,0,-0.613093,-0.442428,0.654504
0,0,-0.0457571,-0.778349,0.626162
0,0,0.878434,0.11684,0.463359
0,0,0.870897,-0.0582764,0.487998
0,0,0.546274,-0.636788,0.544138
0,0,-0.556646,0.290358,0.778355
0,0,-0.161071,0.196324,0.967219
0,0,-0.0913764,0.416798,0.904395
0,0,0.767989,0.202094,0.607743
0,0,0.468857,0.326875,0.820564
0,0,-0.978101,0.00557861,0.208054
0,0,0.0349766,-0.815881,0.577161
0,0,0.453441,-0.14495,0.87942
0,0,0.00901101,-0.51206,0.858903
0,0,0.414998,-0.549651,0.725025
0,0,0.974635,0.197678,0.104928
0,0,0.413153,-0.784424,0.462583
0,0,0.76519,-0.390522,0.511837
0,0,-0.205781,-0.456419,0.865642
0,0,0.824655,0.49297,0.277353
0,0,-0.575562,-0.741728,0.344336
0,0,-0.393396,0.693204,0.603911
0,0,-0.664596,0.487638,0.566146
0,0,0.449475,-0.89204,0.0473009
0,0,0.93649,0.202236,0.286509
0,0,-0.629499,0.00975438,0.77694
0,0,0.962303,0.190816,0.193808
0,0,-0.03878,0.887181,0.45979
0,0,-0.586399,-0.0416041,0.808953
0,0,0.81876,0.573034,0.0355562
0,0,-0.501973,0.765298,0.402917
0,0,-0.49005,-0.155195,0.857768
0,0,0.995713,-0.0359394,0.0852279
0,0,0.077977,0.483752,0.871724
0,0,-0.687874,-0.422019,0.590533
0,0,0.102432,0.842728,0.528504
0,0,0.243619,-0.592295,0.768008
0,0,-0.915566,-0.32167,0.241386
0,0,-0.577356,-0.412518,0.70462
0,0,-0.0101476,-0.497191,0.867582
0,0,0.652712,0.725996,0.216556
0,0,-0.230608,0.894427,0.383172
0,0,-0.146723,0.972811,0.179198
0,0,-0.7556,0.10363,0.646784
0,0,-0.0113967,-0.324038,0.945976
0,0,-0.15828,0.984886,0.0703318
0,0,0.547123,0.482797,0.683786
0,0,0.806611,0.59009,0.0342438
0,0,0.677034,0.290691,0.676109
0,0,0.443053,0.836928,0.321334
0,0,-0.594068,-0.34667,0.725881
23.4227,34.7234,-0.992223,-0.0971732,0.0777819
19.3866,28.2857,-0.167132,-0.347557,0.922643
0,0,-0.837837,-0.496755,0.226415
0,0,-0.0754407,0.692797,0.717176
0,0,-0.602228,-0.75285,0.26559
0,0,-0.336279,0.745968,0.574846
0,0,0.411457,0.473244,0.778937
0,0,-0.813065,0.469603,0.344092
0,0,-0.525099,0.816716,0.239261
0,0,-0.8215,0.422799,0.382595
0,0,0.757715,0.125238,0.640456
21.2043,31.5841,0.186727,0.0444648,0.981405
0,0,0.616287,0.629301,0.473467
0,0,0.507285,-0.588629,0.629426
17.5988,23.6842,0.141189,-0.329465,0.933552
0,0,0.750155,0.612851,0.248357
0,0,-0.8598,-0.510595,0.00614155
0,0,-0.964749,-0.263021,0.0088664
0,0,0.184071,-0.590005,0.786138
0,0,-0.450994,-0.838477,0.305877
0,0,0.986012,-0.163825,0.0306942
0,0,-0.471056,0.848631,0.24069
0,0,0.853455,-0.39244,0.342938
21.6272,32.2035,0.321702,-0.851561,0.413947
5.19603,8.14726,0.319814,0.123281,0.939426
0,0,0.483029,0.381994,0.787886
0,0,0.667942,0.569866,0.478651
0,0,-0.357417,0.555556,0.75074
0,0,-0.144657,-0.900461,0.410175
0,0,-0.395784,0.888083,0.233803
0,0,-0.430408,-0.0326219,0.902045
0,0,-0.232524,-0.538225,0.810091
0,0,-0.174786,-0.90824,0.380198
0,0,0.773447,0.20725,0.599022
0,0,0.0185817,-0.476584,0.878932
0,0,-0.639956,-0.175028,0.748212
0,0,-0.288113,-0.522356,0.80258
0,0,0.427262,0.892486,0.144625
0,0,0.0611293,0.648694,0.75859
0,0,0.637537,0.740552,0.212437
0,0,0.814816,-0.0934141,0.572144
0,0,0.912662,0.404899,0.055722
0,0,-0.181896,0.950342,0.252515
0,0,0.0433532,0.783744,0.619569
0,0,-0.593681,-0.0987116,0.798623
8.10557,11.5306,-0.450349,0.89262,0.020377
0,0,0.185866,0.889957,0.41645
0,0,0.0735062,-0.825753,0.559221
0,0,0.494039,-0.804518,0.32966
0,0,0.619691,-0.678885,0.393826
0,0,0.0594625,-0.993664,0.0953735
0,0,-0.886791,0.39123,0.24605
0,0,-0.278833,0.904121,0.323755
0,0,-0.67591,0.353031,0.646927
0,0,0.856664,-0.00838743,0.515807
0,0,0.688426,0.202336,0.696513
0,0,0.839726,0.303041,0.450586
0,0,-0.926158,-0.113518,0.359646
0,0,0.329084,-0.328846,0.885191
0,0,0.148887,-0.972633,0.178377
0,0,-0.231098,-0.759685,0.607842
0,0,-0.807324,0.218742,0.548069
0,0,-0.563047,0.776916,0.281745
0,0,-0.483727,-0.770346,0.415421
0,0,0.0501273,-0.630791,0.774332
0,0,-0.950142,0.0261305,0.310721
0,0,-0.171291,-0.529718,0.830697
0,0,0.683008,-0.159011,0.712893
0,0,-0.576261,-0.154871,0.802458
0,0,-0.527309,-0.848722,0.0401925
0,0,-0.489573,-0.771587,0.406167
0,0,-0.555433,0.64669,0.522767
0,0,-0.295396,-0.872753,0.388643
0,0,0.172917,0.537849,0.825117
0,0,0.456809,-0.387962,0.800507
0,0,-0.914466,0.269545,0.301825
0,0,-0.31521,0.714149,0.625007
0,0,0.298535,-0.893089,0.336555
0,0,0.18317,-0.225879,0.95678
0,0,0.508172,-0.850268,0.137137
0,0,-0.650748,0.7534,0.0944198
0,0,-0.762427,0.466155,0.44878
0,0,0.989552,0.0851973,0.116312
0,0,0.867252,-0.493833,0.0632662
0,0,-0.817969,-0.215458,0.533389
0,0,0.192732,0.974203,0.117404
0,0,-0.0255059,0.795044,0.606015
0,0,-0.224702,-0.452038,0.863232
0,0,-0.829296,-0.224128,0.511893
0.414457,0.370534,-0.574366,0.28933,0.765762
0,0,0.581089,-0.662033,0.473337
0,0,-0.444117,0.816037,0.369924
0,0,-0.548254,0.331386,0.767854
14.5225,21.119,-0.226971,0.241274,0.943542
10.8202,13.5202,0.0205841,0.161744,0.986618
0,0,0.14713,-0.768333,0.62291
0,0,-0.684192,-0.532982,0.497807
0,0,-0.602588,0.797945,0.0130947
0,0,-0.660548,-0.52613,0.535596
0,0,0.969643,0.186456,0.158201
0,0,-0.10331,-0.709013,0.697587
0,0,-0.642332,0.491599,0.587997
0,0,-0.2005,-0.956784,0.210627
0,0,0.531694,0.559057,0.636205
0,0,0.291211,0.914683,0.280269
0,0,-0.601711,0.370817,0.707416
0,0,0.640852,0.612062,0.463345
0,0,0.882676,0.469932,0.00685009
0,0,-0.4368,0.576875,0.690232
0,0,0.133557,0.932195,0.336415
0,0,-0.978261,0.0475827,0.201843
0,0,0.58506,-0.763204,0.274271
0,0,-0.324547,-0.441272,0.836629
0,0,-0.765988,0.641437,0.0426653
0,0,-0.227629,0.578607,0.783198
0,0,0.759029,-0.608201,0.232308
0,0,-0.362478,0.931587,0.0274905
21.0757,29.7501,-0.249029,0.25553,0.934178
0,0,-0.874588,-0.192633,0.444958
0,0,0.719039,0.363969,0.592038
0,0,0.372276,0.865077,0.336233
0,0,0.281891,0.886228,0.367609
0,0,-0.859201,0.0229846,0.511121
0,0,0.154479,-0.622947,0.766859
0,0,0.584761,-0.415205,0.696893
0,0,0.1472,-0.605554,0.782072
0,0,-0.916148,0.248789,0.314288
0,0,0.96779,0.0674957,0.242542
0,0,0.537975,-0.501471,0.677576
0,0,-0.613238,0.736782,0.284765
0,0,-0.706778,0.577936,0.407987
0,0,0.577177,0.77389,0.260694
0,0,-0.649193,0.347501,0.676603
0,0,-0.807923,-0.207661,0.551487
0,0,0.0897774,0.792394,0.603367
0,0,0.634571,-0.695869,0.336283
0,0,0.374551,0.578265,0.72479
0,0,0.820248,-0.291972,0.49188
0,0,0.3439,0.821602,0.454646
0,0,0.844606,-0.0447683,0.533514
0,0,0.332836,0.643912,0.68891
0,0,-0.316423,-0.871758,0.374051
0,0,0.555135,-0.83111,0.0328818
17.202,23.4432,0.87089,-0.0207554,-0.49104
0,0,0.339564,-0.717389,0.608317
0,0,-0.653802,0.182794,0.734254
0,0,-0.535365,0.656817,0.531014
0,0,0.440539,0.677667,0.588807
6.98868,10.1058,-0.0385123,-0.0767859,0.996304
0,0,0.0125474,-0.749682,0.661679
0,0,-0.590956,0.800232,0.101979
0,0,-0.480701,0.553961,0.679746
0,0,-0.438647,-0.487585,0.754884
0,0,0.760228,-0.632149,0.149804
0,0,0.976674,-0.178598,0.119206
0,0,-0.735104,0.671484,0.0934455
0,0,0.368531,-0.40477,0.836867
0,0,-0.882217,0.16199,0.4421
0,0,-0.985361,0.170097,0.0114431
0,0,0.884475,-0.419302,0.204669
0,0,-0.104258,-0.259197,0.960181
0,0,-0.633352,-0.608837,0.477686
0,0,-0.880727,0.214775,0.422128
0,0,-0.32445,0.919497,0.221939
0,0,-0.835691,-0.309569,0.453638
0,0,-0.975872,-0.170551,0.136331
0,0,-0.439772,-0.851049,0.286909
0,0,0.687929,-0.62918,0.361782
0,0,0.0303492,0.766114,0.641987
0,0,-0.431152,-0.825668,0.36384
0,0,-0.872043,0.327976,0.363282
0,0,0.223149,0.681261,0.697201
0,0,-0.65567,0.745536,0.11947
0,0,-0.402238,0.550552,0.731503
0,0,0.886131,-0.457667,0.0728884
0,0,-0.837913,0.317744,0.44378
0,0,0.975414,-0.0613153,0.211679
0,0,-0.380901,0.501009,0.777113
0,0,0.116745,-0.115783,0.98639
0,0,-0.0274143,0.634502,0.772435
0,0,-0.866201,-0.49941,0.0168804
0,0,0.738419,-0.232951,0.632828
0,0,0.673573,-0.129451,0.727696
0,0,-0.485279,0.502457,0.715571
0,0,0.700682,-0.387458,0.5991
0,0,-0.466857,0.719193,0.514594
0,0,0.432634,-0.145094,0.889818
0,0,0.52113,0.724549,0.451057
0,0,0.197839,-0.109762,0.97407
0,0,-0.484891,0.807833,0.335092
24.3037,32.3542,0.887724,0.0416804,-0.458486
0,0,-0.823021,0.354737,0.443618
0,0,0.216811,-0.943887,0.24914
0,0,0.59402,0.469284,0.653386
0,0,0.513243,-0.147173,0.845531
0,0,0.998321,-0.0378089,0.0438846
0,0,0.722614,-0.155597,0.673513
0,0,0.419359,0.350315,0.837507
0,0,-0.448529,-0.407004,0.79572
0,0,0.707918,0.380605,0.594972
0,0,-0.541402,-0.27879,0.793196
0,0,-0.928964,0.0829472,0.360758
0,0,-0.278077,-0.923954,0.262644
0,0,-0.197017,-0.611096,0.766646
0,0,0.794287,0.0779602,0.60252
0,0,-0.646641,-0.577117,0.498791
0,0,0.0423057,0.741912,0.669162
0,0,-0.32116,-0.513807,0.795524
0,0,0.935427,-0.214575,0.280951
0,0,0.310881,-0.0371358,0.949723
0,0,0.144145,-0.713347,0.685826
0,0,0.340319,0.837604,0.42732
0,0,0.942718,-0.0069342,0.333519
0,0,0.471958,0.326169,0.819066
0,0,0.151239,0.986562,0.0618282
0,0,0.824961,0.495841,0.271258
0,0,0.576027,0.0127451,0.817331
0,0,-0.356001,0.815084,0.457057
0,0,0.0709995,0.438049,0.896143
0,0,0.483091,0.873219,0.0641213
0,0,0.245936,-0.642443,0.725797
0,0,0.706578,-0.671688,0.22267
4.51767,6.40484,0.833567,0.0518151,0.549984
0,0,0.312498,-0.945021,0.0963343
0,0,-0.885903,-0.308818,0.346131
0,0,-0.294228,0.214893,0.931263
0,0,0.112029,-0.0874166,0.989852
0,0,0.930734,-0.364328,0.0316171
0,0,0.567033,0.639545,0.519091
0,0,0.167945,0.879444,0.44539
0,0,0.534948,0.587423,0.60726
0,0,0.197127,0.313197,0.929004
0,0,-0.961426,0.241156,0.132301
0,0,0.413798,0.873236,0.257352
0,0,0.591201,-0.475398,0.65152
0,0,0.348135,0.937208,0.0210662
0,0,-0.239044,0.80766,0.539021
0,0,0.355583,-0.836327,0.417275
0,0,0.193684,0.638874,0.744531
0,0,0.309559,-0.849938,0.426354
0,0,0.652216,-0.70987,0.265893
0,0,0.0212684,-0.289551,0.956926
0,0,-0.768123,-0.539486,0.344881
0,0,0.924947,-0.138201,0.354082
11.4373,16.2728,-0.00114398,0.291438,0.956589
0,0,-0.875565,0.248724,0.414152
0,0,0.503049,-0.811661,0.296897
0,0,-0.471949,0.645394,0.600609
0,0,0.973299,-0.22115,0.0615024
0,0,-0.786828,-0.209815,0.580413
0,0,0.156814,0.5861,0.794919
0,0,0.795799,-0.596102,0.106614
0,0,-0.250509,-0.935024,0.250948
0,0,-0.845952,0.0159146,0.533022
0,0,-0.99999,0.00440258,0.000423354
0,0,-0.250052,0.00678782,0.968209
0,0,-0.434524,0.836037,0.33501
0,0,0.720615,-0.679479,0.13792
0,0,0.931183,0.338108,0.136315
0,0,-0.637214,0.514734,0.573591
0,0,-0.722313,0.664164,0.192746
0,0,-0.945879,0.321403,0.0448776
0,0,-0.436632,0.897796,0.0575716
0,0,0.922103,0.182336,0.341292
0,0,-0.513375,-0.835872,0.194329
0,0,0.750764,0.469565,0.464609
0,0,-0.920112,0.344995,0.185396
0,0,-0.0585863,-0.960181,0.273167
0,0,-0.547196,-0.368119,0.751708
0,0,-0.747502,-0.284702,0.600155
0,0,0.906683,-0.262244,0.330384
0,0,-0.449348,0.848259,0.280254
11.4994,16.3934,0.130193,0.357302,0.92487
0,0,-0.595722,-0.696864,0.399369
0,0,0.589293,0.320344,0.741696
0,0,0.291725,-0.94564,0.143739
0,0,-0.909515,0.378445,0.171936
11.9838,18.4629,0.355959,-0.0738527,0.931579
0,0,-0.122674,0.804415,0.581263
0,0,-0.435212,0.897335,0.073348
0,0,0.799311,-0.459445,0.387313
0,0,0.502467,0.351805,0.789785
0,0,0.866136,0.25683,0.428774
0,0,0.836713,-0.321033,0.443678
0,0,0.899783,-0.436316,0.00435335
0,0,0.806086,-0.123569,0.578754
0,0,0.490596,-0.314227,0.812759
0,0,0.921817,0.0684147,0.38154
0,0,0.175343,0.983931,0.0336961
0,0,0.84249,-0.258797,0.472477
0,0,-0.770183,0.0364198,0.636782
0,0,0.496401,-0.0217874,0.86782
0,0,-0.484255,0.429993,0.761973
0,0,-0.714996,-0.589142,0.37642
0,0,0.463465,-0.884494,0.0535818
0,0,-0.0489101,0.784571,0.618107
0,0,-0.386449,-0.0961937,0.917281
0,0,0.435886,-0.537826,0.721628
0,0,-0.983228,-0.0902551,0.15848
0,0,-0.561519,-0.713857,0.418456
0,0,0.428261,-0.541696,0.723296
0,0,-0.186571,0.956435,0.224551
12.8087,16.8882,-0.984595,0.169513,-0.0428672
0,0,-0.461945,0.879148,0.117072
0,0,0.599531,-0.241874,0.762928
0,0,0.29914,-0.684662,0.664646
0,0,-0.160952,-0.786964,0.595636
0,0,0.236906,0.419428,0.876331
0,0,-0.157699,-0.801078,0.577413
0,0,0.841796,-0.53905,0.0283782
0,0,-0.267035,-0.490783,0.829352
0,0,0.524776,0.699912,0.484494
0,0,0.247453,0.416291,0.874911
0,0,-0.193341,-0.356046,0.914249
0,0,-0.494949,0.116031,0.86114
0,0,0.799157,0.228351,0.556061
0,0,0.271512,0.360512,0.892363
0,0,0.979401,-0.159734,0.123525
0,0,-0.326579,-0.520049,0.789237
0,0,0.925546,0.373088,0.0645785
0,0,0.75077,-0.165823,0.639412
0,0,0.327598,0.546902,0.77044
0,0,-0.402661,-0.416589,0.815057
0,0,0.889924,0.134091,0.435953
0,0,-0.866502,-0.474265,0.155718
0,0,-0.051913,0.486361,0.872214
0,0,-0.442789,-0.733362,0.515866
0,0,-0.994126,0.10823,0.000711615
0,0,0.991169,-0.00748589,0.132396
15.65,21.3259,0.319751,-0.1843,0.929404
0,0,-0.338144,0.723893,0.601364
0,0,-0.893091,-0.240146,0.380418
21.9097,30.3757,0.253749,-0.170553,0.952115
0,0,0.628606,0.68915,0.360454
0,0,0.8241,0.190533,0.533437
0,0,-0.754652,-0.640908,0.140485
0,0,-0.954216,-0.247223,0.168384
0,0,0.0655373,0.738461,0.671103
0,0,0.0302223,0.95712,0.288112
0,0,-0.301846,-0.166515,0.938702
0,0,0.253054,-0.57287,0.779605
0,0,-0.317868,-0.441915,0.838851
0,0,0.118667,-0.913029,0.390252
0,0,-0.287683,0.30735,0.907069
0,0,0.108645,-0.763049,0.637145
0,0,0.732199,0.41043,0.543536
0,0,-0.149886,-0.954563,0.257572
0,0,0.622184,0.380892,0.683965
0,0,-0.525767,-0.841159,0.126573
0,0,-0.975204,-0.193745,0.10696
0,0,0.100909,0.542858,0.83374
0,0,0.929364,0.368858,0.0150452
0,0,-0.244411,0.922192,0.299709
0,0,0.210968,0.573897,0.791287
0,0,-0.940694,0.203066,0.271772
0,0,-0.105084,0.993279,0.0485257
0,0,0.279608,-0.643854,0.71223
0,0,0.49326,-0.820174,0.289842
0,0,-0.427524,0.753132,0.500015
0,0,0.309047,0.240504,0.920135
0,0,-0.380076,-0.329904,0.864121
0,0,-0.641229,-0.377496,0.668074
0,0,-0.817873,-0.436099,0.375367
0,0,0.525943,0.841387,0.124303
0,0,0.114532,0.784418,0.609566
0,0,-0.437969,0.350254,0.827952
0,0,-0.265771,0.470715,0.841305
0,0,0.896945,0.211037,0.388527
0,0,-0.520427,-0.692811,0.499168
17.6628,24.959,-0.632248,-0.38074,0.674759
0,0,0.296311,0.463564,0.83505
0,0,-0.961096,-0.237414,0.141169
0,0,-0.35784,-0.709387,0.607224
0,0,0.767653,-0.527001,0.364663
0,0,0.437439,-0.631768,0.639935
0,0,0.95464,0.297712,0.00552062
0,0,-0.658831,0.59459,0.460873
0,0,-0.887414,-0.311006,0.340253
0,0,-0.359913,-0.689685,0.628329
0,0,-0.549874,0.421543,0.721068
0,0,0.450788,-0.837614,0.308535
0,0,0.157834,0.979575,0.124587
0,0,-0.727265,-0.644887,0.234961
0,0,0.427558,0.344778,0.835657
0,0,0.40188,-0.641636,0.653296
0,0,0.215332,0.940372,0.263312
0,0,0.59967,0.593158,0.537177
0,0,-0.847812,-0.114731,0.517738
0,0,0.497139,-0.332777,0.801319
0,0,0.970884,-0.106319,0.214665
0,0,-0.280312,0.30497,0.910175
0,0,-0.486654,-0.177782,0.855314
0,0,-0.440647,0.815503,0.375212
0,0,-0.964319,0.0203107,0.263961
0,0,0.294801,0.74724,0.595587
0,0,0.46436,0.830112,0.308681
16.4842,22.7314,-0.348143,0.577684,0.738293
0,0,0.879004,-0.365568,0.306125
0,0,0.91785,0.054674,0.393143
0,0,0.614561,0.0199485,0.788617
0,0,0.325221,-0.325651,0.887797
0,0,0.151661,0.320977,0.934865
0,0,0.726908,-0.40762,0.552676
0,0,-0.550111,-0.829631,0.095338
0,0,-0.589278,-0.707758,0.389654
0,0,-0.322428,0.11482,0.939604
0,0,0.983148,-0.140198,0.117321
0,0,-0.745372,-0.590128,0.310114
0,0,-0.616638,-0.498614,0.609214
0,0,-0.199302,-0.977169,0.0736223
0,0,-0.345974,-0.937398,0.039845
0,0,-0.973677,-0.0939316,0.207676
0,0,-0.629618,-0.598953,0.49481
0,0,0.157949,-0.968599,0.192009
0,0,-0.587287,-0.29996,0.751744
0,0,-0.0148983,0.992647,0.120127
0,0,0.75523,0.289387,0.588118
0,0,-0.706533,0.556777,0.436819
0,0,0.846556,-0.183442,0.499693
0,0,0.157985,0.909753,0.383914
0,0,0.349238,0.933572,0.0804789
0,0,0.913821,0.401071,0.0638202
0,0,-0.366746,0.88306,0.29275
0,0,-0.765979,0.556926,0.321107
0,0,-0.236217,0.748142,0.620069
0,0,-0.678761,-0.513174,0.525296
0,0,0.348679,0.786205,0.510201
0,0,-0.843696,0.419744,0.334654
0,0,0.35255,0.905146,0.23753
0,0,0.797803,0.376624,0.470814
0,0,-0.656765,-0.583274,0.477966
0,0,0.985588,0.130112,0.108111
0,0,0.563962,0.713387,0.415965
0,0,0.843858,-0.534213,0.0502073
0,0,0.561827,-0.386802,0.731256
0,0,0.841096,-0.273777,0.466481
0,0,0.341872,-0.876063,0.340056
0,0,0.120476,0.94804,0.294458
0,0,-0.834082,0.131463,0.535747
0,0,0.697987,-0.25738,0.668259
12.8098,19.0149,0.200929,0.970418,0.13385
0,0,0.807152,0.589389,0.0335421
0,0,0.597693,-0.429634,0.676888
0,0,0.506921,-0.109109,0.855059
0,0,-0.961052,-0.231861,0.150397
0,0,-0.192733,-0.262343,0.945532
21.1014,29.1752,-0.909515,0.414901,0.0252973
0,0,-0.149959,0.953505,0.261419
0,0,-0.93007,-0.291962,0.223
0,0,-0.780123,-0.523166,0.343083
0,0,0.699531,-0.205637,0.684375
0,0,0.88472,-0.252577,0.391759
0,0,-0.496658,-0.687038,0.530387
0,0,0.528929,-0.768313,0.360457
0,0,-0.539016,-0.667368,0.513889
0,0,-0.92837,-0.0951616,0.359268
0,0,0.53128,0.651872,0.541114
0,0,-0.558857,0.361371,0.746384
0,0,-0.952379,-0.27179,0.138216
0,0,0.727651,0.386892,0.566426
0,0,-0.56672,-0.389208,0.726186
0,0,-0.983899,-0.0379905,0.174641
0,0,0.633044,-0.713363,0.300612
0,0,-0.264235,0.914664,0.305892
0,0,0.952915,0.293385,0.0766677
2.55457,4.1306,0.136638,0.129372,0.982137
0,0,-0.355518,-0.544337,0.759805
0,0,0.77133,0.0454852,0.634808
0,0,0.724544,0.6068,0.326849
0,0,-0.673188,0.653704,0.345671
0,0,-0.839786,0.09324,0.53485
0,0,0.444715,0.337398,0.829693
0,0,0.484724,0.331447,0.809435
0,0,-0.916545,-0.242896,0.317722
0,0,-0.793923,-0.452886,0.405684
0,0,0.962536,-0.25407,0.0947209
0,0,0.809151,-0.560719,0.175694
18.6515,28.2485,-0.581531,-0.391316,-0.713228
0,0,0.532331,0.223646,0.81646
0,0,0.235566,0.0127334,0.971775
0,0,0.13381,-0.985004,0.108909
0,0,0.891607,-0.0625227,0.448472
0,0,0.142345,0.521003,0.841602
0,0,-0.734699,0.590483,0.333988
1.31357,2.07869,0.00373003,-0.406308,0.913729
0,0,-0.892859,-0.179056,0.41321
0,0,0.842273,0.200562,0.500351
0,0,0.155664,0.898443,0.410572
0,0,-0.505955,0.761756,0.404645
0,0,0.993707,0.101382,0.0476215
0,0,-0.340209,-0.898544,0.277265
0,0,-0.191841,-0.416493,0.888668
0,0,-0.193157,-0.548924,0.813248
0,0,0.501305,0.586147,0.636494
0,0,0.674395,-0.216571,0.705896
0,0,-0.989707,-0.0489887,0.134462
23.6583,33.1283,0.628473,0.0497811,0.776237
0,0,0.198413,-0.863316,0.464024
13.1082,19.5763,0.030576,-0.200853,0.979144
0,0,-0.0866746,-0.0333608,0.995678
0,0,0.802098,0.456175,0.385413
0,0,-0.785719,0.515109,0.342503
0,0,-0.62014,-0.784482,0.00368939
0,0,0.128231,0.0437502,0.990779
0,0,0.879079,-0.155828,0.450486
0,0,-0.991064,-0.0987088,0.0897121
0,0,0.87703,0.470192,0.098686
0,0,0.686586,-0.245063,0.684503
0,0,0.384403,-0.00733258,0.923136
0,0,0.274263,0.383629,0.881821
0,0,-0.795471,-0.605479,0.0249291
0,0,-0.130621,-0.757658,0.639446
0,0,0.942808,-0.210751,0.258257
0,0,-0.30463,-0.564947,0.766834
0,0,-0.488418,-0.567445,0.662914
0,0,-0.715957,0.69796,0.016049
0,0,-0.335883,0.937011,0.0958811
0,0,-0.0199489,0.795491,0.605637
0,0,-0.965067,-0.0919847,0.245325
20.2364,31.4499,0.281425,-0.314467,0.906593
0,0,-0.890597,0.163904,0.424232
23.978,35.2929,-0.863328,-0.487432,-0.13067
0,0,-0.881868,-0.403708,0.243574
0,0,0.545029,-0.638231,0.543696
0,0,0.402141,-0.870785,0.282873
0,0,0.354349,-0.290484,0.888851
0,0,0.086409,0.896964,0.433577
0,0,0.0533212,0.322173,0.945178
0,0,-0.704209,0.128951,0.698184
0,0,0.480498,0.845275,0.233734
0,0,0.894626,-0.315329,0.316564
0,0,-0.0964994,-0.562295,0.821287
0,0,0.818616,0.279264,0.501876
0,0,-0.753881,-0.656354,0.0293621
0,0,-0.209869,-0.833986,0.510315
0,0,-0.889165,0.434158,0.144546
0,0,0.698673,0.530605,0.479911
0,0,0.413157,0.599558,0.685442
0,0,-0.684766,-0.400442,0.608886
0,0,-0.515411,0.401683,0.756969
0,0,-0.721023,0.669814,0.177413
0,0,0.234976,0.130349,0.963221
0,0,0.902857,-0.373097,0.213654
0,0,0.780275,0.387969,0.490561
0,0,0.101169,-0.988586,0.111637
0,0,0.59358,-0.420714,0.686048
0,0,-0.0861967,0.807079,0.584117
0,0,0.891799,-0.0577363,0.448732
0,0,0.489615,-0.0867172,0.867616
0,0,0.735892,0.0865461,0.671545
0,0,-0.586378,0.731547,0.347852
0,0,0.143549,-0.988264,0.0522386
0,0,-0.0143792,-0.295206,0.955326
0,0,-0.803772,0.0706863,0.590723
0,0,-0.3233,0.2705,0.906811
0,0,-0.673564,0.519342,0.525924
0,0,-0.769425,-0.274936,0.576538
0,0,-0.00205931,-0.698573,0.715536
0,0,-0.30505,0.950837,0.0534104
0,0,-0.627281,-0.217608,0.747773
8.43138,11.9564,0.334459,0.622267,0.707758
0,0,-0.969513,-0.0432616,0.241192
0,0,0.155103,-0.987897,0.00160928
0,0,0.20219,0.978957,0.027591
0,0,-0.605975,-0.753454,0.255151
0,0,-0.00986266,-0.620745,0.78395
0,0,-0.779474,0.596722,0.190638
0,0,0.444058,-0.516426,0.7322
0,0,-0.450077,0.130456,0.883409
0,0,0.382967,-0.357217,0.851899
19.9472,28.5765,0.0872951,0.152188,0.984489
0,0,-0.425173,0.458859,0.780177
0,0,0.998612,0.0516634,0.0102267
0,0,0.32066,-0.0254758,0.946852
0,0,-0.470633,0.667055,0.577531
0,0,-0.391096,0.183498,0.901872
0,0,0.644222,0.5142,0.566195
11.4387,17.9132,0.349318,0.372011,0.859991
0,0,0.0862671,-0.948759,0.303998
0,0,-0.341494,0.936004,0.0853123
0,0,-0.586367,0.755336,0.292645
0,0,0.575415,0.723171,0.381997
0,0,0.716529,0.0488301,0.695846
0,0,0.918676,-0.0989237,0.382424
0,0,0.865344,-0.422509,0.269566
0,0,-0.433679,0.544563,0.717895
0,0,0.910113,0.355983,0.212062
0,0,-0.68521,-0.141703,0.714428
0,0,0.35388,0.80524,0.47577
0,0,-0.400193,-0.501779,0.766853
0,0,-0.79354,-0.206487,0.572414
0,0,0.386556,-0.922081,0.0184622
0,0,-0.544518,0.710964,0.445006
12.7102,15.5272,0.0950407,0.389298,0.916196
0,0,0.326919,0.243773,0.913071
0,0,-0.0507172,0.727662,0.684059
0,0,0.916009,-0.0649037,0.395872
0,0,-0.824317,0.550837,0.130692
0,0,0.453308,0.839972,0.29826
0,0,-0.303937,0.701755,0.644331
0,0,0.269526,0.289798,0.918353
0,0,0.93498,-0.00540386,0.35466
0,0,0.225855,0.748546,0.623433
0,0,-0.730671,0.328397,0.59856
0,0,0.235688,0.927294,0.290821
0,0,-0.325778,0.851805,0.41024
0,0,-0.467044,-0.390177,0.793493
0,0,0.781492,-0.606996,0.144316
0,0,-0.516291,-0.825842,0.226778
0,0,0.686142,-0.458077,0.565132
0,0,0.670828,-0.33706,0.660591
0,0,0.710256,-0.394338,0.583125
0,0,-0.0940573,0.986379,0.134944
0,0,0.0547237,-0.0439093,0.997536
0,0,-0.92361,0.353026,0.14939
0,0,-0.700161,0.571586,0.42786
0,0,0.314818,-0.919954,0.233611
0,0,0.891937,0.38409,0.238587
0,0,-0.791933,0.410264,0.452246
0,0,-0.962624,0.250046,0.104075
0,0,-0.631417,-0.216144,0.744711
11.6805,18.0006,-0.938743,-0.337235,-0.0709442
0,0,-0.240517,-0.235335,0.941684
0,0,-0.706895,0.304342,0.638495
0,0,0.103618,-0.553623,0.826296
0,0,-0.954931,-0.213377,0.206344
0,0,-0.214313,0.348441,0.912502
0,0,0.275383,0.960001,0.0506141
0,0,-0.686137,0.721839,0.090356
0,0,-0.563902,0.767699,0.304389
0,0,0.0531513,0.901819,0.428832
0,0,0.633618,-0.531091,0.562557
0,0,0.0785323,-0.522521,0.849002
0,0,-0.766648,-0.0234575,0.641639
0,0,-0.425758,0.191387,0.884365
0,0,0.734077,0.51817,0.438896
0,0,0.420528,-0.901593,0.101421
0,0,0.0728303,-0.754623,0.652104
0,0,-0.100929,-0.186893,0.977182
0,0,-0.637685,-0.567372,0.521005
0,0,0.748851,-0.653609,0.109624
0,0,0.761135,0.645428,0.064003
0,0,0.985149,-0.0673127,0.157959
0,0,-0.450612,0.889989,0.0697706
0,0,-0.485807,0.29824,0.821611
0,0,-0.146627,-0.84602,0.512593
0,0,-0.487228,0.076134,0.86995
0,0,0.197616,-0.875281,0.441397
0,0,0.466373,-0.84395,0.265038
0,0,-0.493643,-0.331546,0.803986
0,0,0.666606,-0.629926,0.398535
0,0,0.192496,0.924948,0.327743
0,0,-0.960083,0.273991,0.056296
0,0,0.415584,-0.792693,0.446013
0,0,-0.0403229,0.790891,0.610627
0,0,-0.52879,0.204866,0.823657
0,0,0.483332,-0.684735,0.545462
0,0,-0.832371,0.25794,0.490536
0,0,-0.632726,-0.773547,0.0358199
0,0,-0.633872,0.588637,0.50171
0,0,-0.312569,0.725873,0.612706
0,0,0.820755,-0.125871,0.557241
0,0,0.617208,-0.757282,0.21349
0,0,0.518263,-0.01384,0.855109
0,0,0.60851,0.288237,0.739348
0,0,0.00574562,0.847309,0.531069
0,0,0.543544,0.340557,0.76719
0,0,-0.77665,-0.285401,0.561571
0,0,0.743161,-0.259571,0.616713
0,0,0.210556,-0.198213,0.957276
0,0,0.273394,0.88304,0.38144
0,0,0.932288,-0.125157,0.339375
0,0,0.548224,-0.806941,0.219764
0,0,-0.867209,0.241779,0.435306
0,0,0.192225,0.771193,0.606886
0,0,-0.977612,-0.186466,0.0974938
20.882,30.8709,0.29594,-0.251732,0.92144
0,0,-0.691724,-0.426041,0.583101
0,0,-0.78913,0.569401,0.230339
0,0,0.228328,-0.888049,0.399042
0,0,-0.459363,0.360421,0.811839
0,0,0.112958,0.156152,0.981253
0,0,0.283276,-0.829028,0.482148
0,0,0.232762,-0.794253,0.561234
0,0,-0.999948,-0.0101362,0.00147443
0,0,0.608029,0.0943318,0.788291
0,0,0.461869,-0.711006,0.530234
0,0,-0.919837,-0.273946,0.280809
0,0,-0.254706,0.963963,0.0768163
0,0,-0.824081,-0.286594,0.488625
0,0,-0.716239,-0.644795,0.266911
0,0,0.620915,-0.771298,0.139874
0,0,0.762627,0.544702,0.348854
0,0,0.333042,-0.911492,0.241382
0,0,-0.312899,-0.332425,0.889712
0,0,0.395475,0.0838036,0.914646
12.5039,15.9907,0.384926,0.151378,0.910449
0,0,-0.525652,0.0467536,0.849414
0,0,0.255292,-0.260181,0.931199
0,0,0.229035,0.582805,0.779668
0,0,0.480154,-0.821012,0.308856
0,0,-0.0023483,0.770808,0.637064
0,0,-0.603748,0.0133586,0.797063
0,0,-0.157771,-0.341741,0.926456
0,0,-0.411995,-0.810831,0.415707
0,0,-0.602792,-0.0134292,0.797786
0,0,0.330773,0.806499,0.490049
0,0,-0.615706,-0.683674,0.391786
16.554,22.3258,-0.0811321,-0.38638,0.918764
0,0,-0.657283,0.462314,0.595184
0,0,-0.59998,-0.746924,0.28658
0,0,0.113352,-0.441287,0.890178
0,0,0.0136826,0.306498,0.951773
0,0,0.256091,-0.901452,0.349
11.1677,16.1899,-0.512591,0.400651,0.759427
0,0,0.385544,-0.8094,0.442975
0,0,-0.395935,0.915767,0.0678662
0,0,0.3282,0.544365,0.771979
0,0,0.0427296,-0.843132,0.536006
0,0,0.201668,0.978979,0.0304932
20.6798,30.0855,-0.294825,0.126603,0.947127
0,0,0.572002,0.794052,0.205656
0,0,-0.733397,-0.654142,0.185006
0,0,0.38195,-0.923043,0.0458879
0,0,0.0465227,0.747638,0.662475
0,0,-0.253155,0.763985,0.593497
0,0,-0.18499,0.854605,0.48521
0,0,0.321549,0.925646,0.199465
0,0,-0.856068,0.446277,0.260737
0,0,-0.971857,0.232186,0.0397854
0,0,0.705729,0.147411,0.692976
0,0,0.818148,-0.125453,0.561155
0,0,-0.383064,-0.505936,0.772846
0,0,0.33239,0.933986,0.131097
0,0,-0.723391,-0.661935,0.196335
0,0,0.81476,-0.574181,0.080507
0,0,0.733044,-0.305931,0.607497
0,0,-0.0652051,-0.175884,0.982249
0,0,0.229115,-0.512734,0.827411
0,0,-0.685063,0.370463,0.627252
8.94372,13.9463,0.0436377,-0.104748,0.993541
0,0,0.699361,0.713955,0.0340776
0,0,-0.124117,-0.360219,0.924574
0,0,0.624753,-0.060206,0.778498
0,0,-0.999056,-0.0432846,0.00356009
0,0,-0.955607,-0.0933532,0.279465
0,0,0.932109,0.267205,0.244486
0,0,0.800606,-0.0493087,0.597159
0,0,0.274649,0.584257,0.763683
0,0,-0.624434,-0.508566,0.592826
0,0,0.433195,0.90011,0.0462985
0,0,-0.605166,0.715262,0.349535
0,0,0.23333,-0.970112,0.0666358
0,0,0.608638,-0.749099,0.261552
0,0,0.765313,-0.553798,0.32803
0,0,0.200715,-0.437938,0.876312
0,0,0.288278,-0.852466,0.436117
0,0,0.493925,-0.0481364,0.868171
0,0,-0.407452,-0.571676,0.712158
0,0,-0.77377,0.528758,0.348847
0,0,0.0553559,0.954005,0.294635
0,0,0.507827,-0.223343,0.832004
0,0,-0.283507,-0.933079,0.22133
0,0,-0.77905,0.603753,0.169006
0,0,-0.1486,0.00101465,0.988897
0,0,0.0388753,0.915702,0.399973
0,0,0.617584,-0.493818,0.612156
0,0,-0.694713,-0.689485,0.204899
0,0,0.159832,0.166096,0.97307
0,0,0.699276,0.69716,0.158053
0,0,-0.875655,-0.417677,0.242433
0,0,-0.197451,0.757228,0.622591
0,0,0.879021,-0.476085,0.025781
0,0,0.78424,-0.492295,0.377643
0,0,-0.349724,0.755511,0.553983
0,0,0.726044,-0.683746,0.0731548
0,0,-0.4879,0.752318,0.442687
0,0,0.0756295,0.020142,0.996933
0,0,0.567397,0.814111,0.123628
0,0,-0.162254,-0.938948,0.303398
0,0,0.21211,0.404239,0.889719
0,0,0.986067,0.152534,0.0663683
0,0,-0.0339837,0.98934,0.141604
0,0,-0.773669,0.0504588,0.631578
0,0,-0.369998,-0.835592,0.406064
0,0,-0.0292347,0.875704,0.481963
0,0,-0.854528,-0.519154,0.0161882
0,0,0.582017,0.631252,0.512618
0,0,-0.164213,0.795913,0.582715
0,0,-0.168404,-0.65886,0.733173
0,0,0.801786,0.0449267,0.59592
0,0,0.495296,-0.858468,0.133099
0,0,-0.698027,0.21268,0.683758
0,0,-0.415428,0.71648,0.560425
0,0,0.783576,0.0642407,0.617966
0,0,0.792316,0.431103,0.431725
0,0,0.198498,0.282651,0.93846
0,0,-0.125266,-0.66392,0.737237
0,0,0.323008,0.386841,0.863724
0,0,-0.415475,-0.344657,0.841779
0,0,0.887686,-0.128156,0.442255
0,0,-0.498056,-0.074817,0.863911
0,0,0.299936,0.94898,0.0973401
0,0,-0.365537,-0.91494,0.171076
0,0,-0.407518,0.88141,0.238842
0,0,-0.111988,0.992653,0.0458189
0,0,0.351221,0.880408,0.318631
0,0,-0.482896,-0.404233,0.776793
0,0,0.0880168,0.631329,0.770505
0,0,0.147317,-0.218925,0.964557
0,0,-0.997435,0.0227974,0.0678496
0,0,-0.997559,0.00596271,0.0695805
0,0,0.841425,0.540231,0.0123831
0,0,-0.826654,0.550817,0.115082
0,0,0.510622,-0.785338,0.350014
0,0,-0.0714829,0.916166,0.394372
0,0,0.913337,0.367008,0.176409
0,0,-0.984218,0.17686,0.00594406
0,0,-0.622097,-0.608084,0.493183
0,0,0.471466,0.813402,0.340731
0,0,-0.190062,-0.609566,0.769614
0,0,-0.183855,-0.964727,0.188413
0,0,0.08529,-0.933051,0.349488
0,0,0.612419,0.238684,0.75364
0,0,0.0364571,0.636898,0.770085
0,0,-0.323747,-0.786488,0.525951
0,0,-0.0287739,-0.422408,0.905949
0,0,-0.449307,-0.892471,0.0402249
0,0,0.946808,-0.319696,0.0367318
0,0,0.609799,-0.774738,0.167113
0,0,-0.683129,0.174847,0.709058
0,0,-0.113606,0.766813,0.631737
0,0,-0.949573,0.313389,0.00994543
0,0,-0.954679,0.247418,0.165444
0,0,-0.0203811,-0.54549,0.83787
0,0,0.585843,-0.808935,0.0491021
0,0,0.332172,0.904469,0.267578
0,0,0.138887,0.989309,0.0444788
0,0,0.833322,0.297631,0.465822
0,0,-0.773599,-0.616957,0.144597
0,0,0.828662,-0.281261,0.483954
0,0,0.865957,-0.343536,0.363458
0,0,0.0765351,-0.98637,0.145661
0,0,0.363537,0.875079,0.319494
0,0,-0.128549,0.638658,0.758677
0,0,-0.247371,0.964363,0.093871
0,0,0.591521,0.761145,0.266011
0,0,0.0111827,-0.548027,0.836386
0,0,-0.74988,0.553587,0.362244
0,0,0.859571,-0.429644,0.276667
0,0,0.444646,0.17148,0.879138
0,0,0.432721,0.54704,0.71659
0,0,-0.209146,0.945313,0.250283
0,0,0.802319,-0.101706,0.588166
0,0,0.884831,-0.307983,0.349602
0,0,0.752234,0.336719,0.56636
0,0,0.218247,0.263251,0.939717
18.0587,26.3664,-0.0462366,0.290478,0.955764
0,0,-0.435152,-0.511846,0.740714
0,0,0.096165,0.839016,0.535541
0,0,0.364827,-0.514859,0.775771
0,0,-0.216379,-0.263895,0.939968
0,0,-0.90374,0.179761,0.388511
0,0,0.799281,-0.114761,0.589898
0,0,-0.331628,-0.89407,0.301102
0,0,-0.56459,-0.819935,0.0945715
0,0,-0.304058,0.858988,0.411932
0,0,-0.920449,0.222604,0.321281
0,0,-0.0822661,-0.865388,0.494303
0,0,0.804371,-0.424688,0.415484
0,0,0.882369,0.0016592,0.470555
0,0,-0.262622,0.86138,0.434804
0,0,0.964398,0.226643,0.136271
0,0,0.614684,-0.132562,0.777554
0,0,0.238146,-0.199321,0.950557
0,0,0.266098,-0.963932,0.00513161
0,0,0.0337903,-0.986763,0.158607
0,0,-0.578958,-0.135677,0.80399
0,0,-0.657057,-0.398067,0.640171
0,0,-0.922791,0.135823,0.360567
0,0,-0.826546,0.509616,0.238985
0,0,-0.152831,-0.897764,0.413112
0,0,0.742703,-0.669399,0.0172339
0,0,-0.442276,0.820714,0.361691
0,0,-0.461538,-0.78989,0.403802
0,0,-0.920884,0.31432,0.2306
0,0,0.738591,0.12396,0.662659
0,0,-0.00143852,-0.386866,0.922135
0,0,0.247083,0.459636,0.853045
0,0,0.404669,-0.357209,0.84181
0,0,-0.0787623,0.234361,0.968954
0,0,-0.522173,0.578145,0.626963
0,0,-0.964911,-0.223942,0.1371
0,0,0.244373,0.686554,0.684781
0,0,0.227008,0.94286,0.243892
0,0,-0.190995,0.802858,0.564747
0,0,-0.248057,-0.588646,0.769392
0,0,-0.996327,-0.082725,0.0221058
0,0,-0.536228,-0.833853,0.130957
0,0,-0.457944,0.457438,0.762258
21.4785,30.4272,-0.294016,0.467258,0.833802
0,0,-0.584277,-0.336746,0.738392
0,0,-0.407277,0.4209,0.810536
0,0,-0.320615,-0.136099,0.937381
0,0,-0.629079,0.553671,0.545627
0,0,0.516913,-0.228871,0.824875
0,0,0.634772,0.488655,0.598566
0,0,-0.701664,-0.54081,0.463889
0,0,0.0396776,0.706735,0.706365
0,0,0.170428,-0.520987,0.836377
0,0,-0.406636,-0.161744,0.899159
0,0,0.0623741,0.986082,0.154118
21.4614,31.444,-0.334256,-0.207092,0.919449
0,0,0.465737,-0.843811,0.266594
0,0,0.947576,0.213021,0.238163
0,0,-0.21163,0.496155,0.842047
0,0,-0.409717,-0.649309,0.640726
0,0,-0.443257,0.00236845,0.896391
0,0,0.168197,-0.85953,0.482616
0,0,0.593492,0.799223,0.0949178
0,0,-0.0263033,-0.572751,0.819307
0,0,0.308601,-0.912366,0.268986
0,0,0.429822,0.611186,0.664609
0,0,0.914849,0.196228,0.35291
0,0,-0.644321,0.0966732,0.75862
0,0,0.394911,0.912467,0.107003
0,0,-0.709633,0.0660859,0.701465
0,0,-0.0958502,0.680239,0.726697
0,0,0.749142,0.585238,0.310295
0,0,0.713623,-0.415972,0.563658
0,0,-0.301144,-0.496825,0.813927
0,0,-0.211512,-0.951756,0.222315
0,0,-0.575161,0.519182,0.632171
0,0,-0.767454,0.460618,0.445921
0,0,-0.255245,0.785216,0.564168
0,0,0.608819,0.355937,0.708977
0,0,0.364555,0.91933,0.148095
0,0,-0.0364685,0.950096,0.30982
0,0,0.976946,-0.213117,0.0125953
0,0,0.744404,-0.627564,0.228092
0,0,-0.872503,0.453015,0.183076
0,0,-0.266199,-0.495707,0.826687
0,0,-0.293022,-0.946612,0.1344
0,0,-0.243911,-0.836565,0.490578
0,0,0.0537405,-0.643612,0.763463
0,0,0.968008,0.11783,0.221534
0,0,0.218819,-0.143342,0.965179
0,0,0.599319,0.0526363,0.798778
0,0,0.657255,-0.345647,0.669734
0,0,-0.480759,0.860212,0.170017
0,0,0.360213,-0.862949,0.354353
0,0,-0.169029,-0.977084,0.129368
0,0,0.168993,-0.933553,0.316102
0,0,0.896572,0.124238,0.425117
0,0,0.744655,-0.432934,0.507994
0,0,-0.352798,0.512528,0.782846
23.4755,34.7284,0.208591,0.108155,0.972004
0,0,0.678048,-0.731143,0.0753691
0,0,0.695512,-0.441139,0.567151
0,0,0.0818657,-0.870423,0.48545
0,0,0.988088,0.150404,0.0325652
6.28078,9.01777,-0.140936,0.109999,0.983889
0,0,-0.0752028,0.516414,0.853031
0,0,-0.26584,0.350973,0.897857
0,0,-0.347848,0.936882,0.0353983
0,0,-0.287027,0.863508,0.414691
0,0,0.957002,-0.170159,0.234933
0,0,-0.484159,-0.78848,0.379328
0,0,-0.775641,0.0793499,0.626167
0,0,-0.516356,0.17704,0.837875
0,0,0.12372,-0.945737,0.300458
0,0,-0.635852,-0.412441,0.652368
0,0,-0.864341,-0.502718,0.0137342
0,0,0.656683,0.738833,0.151306
0,0,0.83268,-0.356564,0.423683
0,0,-0.692896,-0.394671,0.603432
0,0,0.943784,-0.283826,0.169452
0,0,-0.607629,0.244963,0.7555
17.6749,26.6862,-0.180878,-0.311316,0.932934
0,0,0.473765,0.638035,0.607008
0,0,-0.656731,-0.733703,0.174312
0,0,-0.492513,-0.578647,0.650076
0,0,-0.473595,-0.244427,0.846146
0,0,0.472928,0.843555,0.254469
0,0,0.0386658,0.993796,0.104284
0,0,0.235685,-0.970581,0.0492459
0,0,0.644719,-0.493446,0.583823
0,0,0.294286,-0.871711,0.391811
0,0,-0.636558,-0.288243,0.715339
0,0,0.758342,-0.644556,0.0972912
0,0,-0.150103,0.045243,0.987635
0,0,-0.000608508,-0.62883,0.777542
0,0,-0.899997,-0.143683,0.411534
0,0,-0.572844,-0.731843,0.369128
0,0,-0.533449,0.195559,0.822915
0,0,0.759664,-0.459911,0.459775
0,0,0.324589,0.917382,0.230329
0,0,-0.622857,0.21989,0.750798
0,0,0.454375,0.195838,0.869017
0,0,-0.232773,-0.724311,0.648992
0,0,0.597625,-0.0381028,0.80087
0,0,0.914864,0.00137605,0.40376
0,0,-0.688327,0.00416357,0.725389
0,0,0.812094,-0.54833,0.199592
0,0,-0.130445,-0.362804,0.92269
0,0,0.522469,-0.849749,0.0703788
0,0,0.626041,0.257673,0.735987
0,0,-0.705559,-0.500559,0.501625
0,0,0.792595,-0.369462,0.485067
0,0,0.145105,-0.986738,0.0727551
0,0,-0.497038,0.596877,0.629834
0,0,-0.647836,-0.726498,0.229148
0,0,0.188637,-0.546995,0.815606
0,0,-0.543459,0.667596,0.508889
0,0,0.351031,0.843558,0.406433
0,0,0.745233,0.657243,0.112514
0,0,-0.483608,0.529146,0.697229
0,0,-0.376077,-0.622125,0.686678
0,0,-0.888626,0.245584,0.38734
0,0,-0.639147,0.12792,0.758372
0,0,-0.0862785,-0.889747,0.448226
0,0,-0.650231,0.748532,0.129995
0,0,0.861382,-0.155886,0.483447
0,0,0.120553,-0.631418,0.766014
0,0,-0.795935,0.401202,0.453349
6.08898,8.56317,-0.18599,0.368911,0.910666
0,0,0.0640149,-0.749997,0.658336
0,0,0.598145,-0.317807,0.735677
0,0,-0.105259,-0.954775,0.278076
0,0,-0.542871,-0.551767,0.633122
0,0,0.70314,0.295812,0.646598
0,0,0.316126,-0.753064,0.577026
0,0,0.208755,-0.912188,0.35261
0,0,-0.890415,0.15931,0.426358
0,0,-0.691216,-0.709141,0.139069
0,0,0.254273,-0.751741,0.608466
0,0,0.371908,-0.447242,0.813424
0,0,0.168089,-0.0112486,0.985708
0,0,0.0810978,-0.961001,0.264386
0,0,0.6952,-0.594486,0.404084
0,0,0.886517,0.323796,0.330521
0,0,-0.16081,-0.966705,0.199051
0,0,0.618581,-0.0876369,0.780818
0,0,0.922135,0.257369,0.288839
0,0,-0.586788,0.046068,0.808429
0,0,0.356827,0.570294,0.739891
0,0,0.144605,0.917999,0.369279
0,0,-0.288438,-0.676862,0.677246
0,0,-0.351362,0.312309,0.882614
0,0,-0.169953,-0.507022,0.845012
0,0,-0.630258,0.42804,0.647732
20.0518,27.8922,-0.0466146,-0.75871,0.649758
22.0393,31.4084,0.958948,-0.161129,0.233357
0,0,0.371018,-0.665606,0.647545
0,0,-0.700788,0.0542843,0.711301
0,0,0.556597,-0.774163,0.301449
0,0,-0.310723,0.939171,0.146319
0,0,-0.7872,0.469009,0.400432
0,0,-0.327127,-0.362824,0.872552
0,0,0.291737,0.491237,0.820717
0,0,-0.0490775,0.864439,0.500337
0,0,0.581029,0.0155506,0.813734
0,0,-0.695048,0.710508,0.10994
0,0,-0.395203,-0.238576,0.887071
0,0,0.876786,0.333678,0.346273
0,0,0.554273,-0.3971,0.731501
0,0,0.84141,0.431389,0.325474
0,0,-0.296797,-0.844875,0.445082
0,0,0.696817,0.705746,0.127941
0,0,-0.991354,0.106763,0.0762778
0,0,0.432867,0.263666,0.862036
0,0,0.649023,-0.208492,0.731643
0,0,-0.937384,-0.310801,0.157204
0,0,0.0584596,0.996271,0.063458
0,0,0.919343,0.271996,0.2843
0,0,0.379506,0.0373655,0.924434
0,0,0.362935,-0.899968,0.241526
0,0,0.0217681,-0.947698,0.318426
0,0,0.150917,0.971125,0.184771
0,0,-0.728367,-0.438473,0.52652
0,0,-0.892813,-0.445296,0.0678033
0,0,0.321402,0.147478,0.935388
0,0,-0.379724,-0.919923,0.0977297
0,0,-0.678324,0.71474,0.17036
0,0,-0.208267,-0.520921,0.827808
0,0,-0.149595,-0.988192,0.0331412
0,0,0.20409,0.973922,0.0991109
0,0,0.726881,-0.0476432,0.685108
0,0,0.873905,0.423173,0.239195
0,0,-0.093587,0.992654,0.0766721
0,0,0.315545,0.111616,0.942323
0,0,-0.271714,-0.227917,0.935
0,0,0.393921,-0.795625,0.460224
0,0,-0.969694,-0.24388,0.0147263
0,0,-0.689322,-0.338027,0.64076
0,0,-0.802878,0.225962,0.551659
0,0,-0.624909,-0.401366,0.669622
0,0,0.459576,-0.282175,0.842121
0,0,-0.487741,0.32087,0.811881
0,0,0.423858,-0.479004,0.7687
0,0,0.292152,0.869736,0.397752
0,0,-0.530882,0.827602,0.182318
0,0,0.0999018,0.875779,0.472261
0,0,-0.695576,0.706344,0.131349
0,0,-0.51204,-0.0945842,0.853738
0,0,-0.249033,0.834762,0.491076
0,0,0.0330927,0.391132,0.919739
12.763,18.1843,0.136825,0.00646953,0.990574
0,0,0.042451,-0.347361,0.93677
0,0,0.396857,-0.829066,0.393895
0,0,-0.836763,-0.5466,0.0324898
0,0,-0.548047,0.624645,0.556295
0,0,-0.111947,0.479526,0.870358
23.9801,34.7146,0.668527,0.427138,-0.608789
0,0,-0.351695,-0.529611,0.771896
0,0,0.315838,0.182195,0.931156
0,0,0.88023,-0.374328,0.291673
0,0,0.495595,-0.773118,0.395821
0,0,0.255091,-0.966426,0.0308006
0,0,-0.683476,0.18121,0.707123
0,0,0.45451,0.311886,0.834355
0,0,0.525596,-0.849815,0.0395507
0,0,-0.218061,0.865032,0.451851
0,0,0.0862485,-0.0755586,0.993404
0,0,-0.314571,0.235544,0.919546
0,0,0.886774,-0.334325,0.319154
0,0,-0.878714,-0.332558,0.342444
0,0,0.0926051,-0.731683,0.675325
0,0,-0.51443,0.472355,0.715711
0,0,-0.432713,-0.868893,0.240384
0,0,0.0276592,0.555966,0.830745
0,0,-0.886925,-0.42725,0.175563
0,0,0.877331,-0.473162,0.0800529
0,0,0.331346,-0.620879,0.710435
9.64237,14.9068,0.0380999,0.187295,0.981565
0,0,-0.2384,-0.968875,0.0666776
0,0,-0.829022,-0.444543,0.33927
0,0,-0.391914,0.471184,0.790183
0,0,-0.193661,-0.936273,0.293066
0,0,0.997456,0.0438138,0.0562379
0,0,-0.273183,-0.498298,0.822843
0,0,0.0839033,-0.323334,0.942558
0,0,0.461797,0.785307,0.412355
0,0,-0.941552,0.185027,0.281505
0,0,0.831695,0.0322273,0.554297
0,0,0.147226,0.936058,0.319562
0,0,-0.442164,-0.0608714,0.894866
0,0,-0.576946,0.816432,0.0238988
0,0,-0.429364,-0.530291,0.731053
0,0,-0.793784,0.189499,0.577925
0,0,-0.776101,0.239037,0.583548
0,0,-0.905203,-0.381162,0.187943
0,0,0.816543,0.575349,0.0472447
0,0,-0.73511,0.458913,0.499011
0,0,0.547527,0.836521,0.0211495
0,0,0.996054,-0.0602122,0.0651925
0,0,-0.0711615,-0.992486,0.0995358
0,0,-0.63607,0.586086,0.501914
0,0,0.682228,0.326822,0.654028
0,0,0.070282,-0.744161,0.664292
0,0,-0.416088,0.783931,0.460785
0,0,-0.175482,0.934074,0.310986
0,0,0.550679,-0.544545,0.632632
16.0563,22.2597,-0.0598234,0.335991,0.939964
0,0,-0.495344,-0.4216,0.759531
0,0,0.430717,0.801475,0.414875
0,0,0.952715,0.26255,0.152975
0,0,-0.73915,-0.628914,0.24109
0,0,0.160289,-0.983,0.0895401
0,0,-0.86822,0.351738,0.349963
0,0,-0.131628,-0.594829,0.793002
0,0,-0.997511,-0.0120427,0.069479
0,0,-0.252902,0.561653,0.787773
0,0,-0.683859,0.704022,0.191545
0,0,-0.751638,0.00849263,0.659521
0,0,0.896857,0.293155,0.331222
0,0,0.0771104,0.804933,0.588334
21.4317,29.3767,-0.916076,0.362931,-0.170543
0,0,0.526912,0.633706,0.566374
0,0,0.247426,-0.672187,0.697814
0,0,0.0910838,-0.260208,0.961247
0,0,-0.329005,-0.943999,0.0249529
0,0,-0.31752,-0.89893,0.301837
0,0,-0.481137,0.817097,0.317583
0,0,0.461077,0.0679113,0.884757
0,0,0.687322,0.250674,0.681726
0,0,0.888391,0.439094,0.134003
0,0,-0.70659,-0.256979,0.659313
0,0,0.261963,0.939878,0.219099
0,0,-0.202392,-0.919926,0.335819
0,0,0.40825,-0.18288,0.894364
0,0,0.162383,0.639017,0.751857
0,0,0.596447,-0.719769,0.355224
0,0,-0.00981722,0.671051,0.741346
0,0,-0.794547,-0.570297,0.208463
0,0,-0.869432,-0.0993163,0.483967
0,0,0.157798,0.673364,0.722275
0,0,0.410328,0.492586,0.767457
0,0,-0.715881,0.666562,0.20787
0,0,0.731121,0.450259,0.512571
0,0,0.345196,0.449838,0.823702
0,0,0.318768,0.758275,0.568689
0,0,-0.52196,-0.75612,0.394766
0,0,0.124691,0.581687,0.803799
0,0,0.842172,0.22599,0.489566
0,0,0.642757,0.271122,0.716488
0,0,-0.115888,-0.838197,0.532912
0,0,0.199533,-0.399244,0.894869
0,0,0.526338,-0.546365,0.6515
0,0,0.476185,0.797794,0.369827
14.1749,19.8777,-0.681461,-0.73012,0.0503613
0,0,-0.314294,0.830609,0.459683
0,0,0.788939,-0.478981,0.384905
0,0,-0.0785634,-0.921014,0.381525
0,0,-0.794466,0.296493,0.530015
0,0,0.274981,-0.610515,0.742736
0,0,0.24743,0.840539,0.481946
0,0,-0.667589,-0.519999,0.532847
0,0,0.194833,0.861904,0.468147
0,0,-0.171334,-0.602638,0.779405
0,0,0.0356215,-0.293904,0.955171
0,0,-0.670878,-0.17752,0.720006
0,0,-0.327701,-0.643554,0.691701
0,0,-0.696918,-0.228364,0.679821
0,0,0.744476,0.606564,0.278991
0,0,-0.446822,-0.869552,0.210309
0,0,0.622396,0.13192,0.771506
0,0,0.882578,0.450634,0.134107
0,0,-0.536133,-0.801518,0.264821
0,0,-0.991473,-0.127796,0.025501
0,0,0.142982,-0.443048,0.885022
0,0,-0.570014,0.751374,0.332447
0,0,0.443197,0.0830051,0.892573
0,0,0.144316,-0.907485,0.394518
0,0,0.0234999,-0.970322,0.240672
0,0,0.409636,-0.434938,0.80189
0,0,0.053275,-0.998527,0.010281
0,0,0.808427,0.000238343,0.588596
0,0,0.560833,0.400554,0.724584
0,0,-0.798674,-0.439592,0.410949
0,0,-0.640465,0.286818,0.712418
0,0,-0.748207,0.582036,0.318466
0,0,0.681827,-0.728716,0.0639126
0,0,0.779743,-0.228294,0.582995
0,0,0.674301,-0.211842,0.707419
0,0,-0.380718,-0.0388699,0.923874
0,0,0.61177,0.570482,0.547985
0,0,0.390945,-0.131403,0.910986
0,0,-0.452958,-0.872868,0.181465
0,0,0.259417,-0.598123,0.758255
0,0,0.522947,0.837317,0.159459
0,0,0.825183,0.303996,0.476088
0,0,0.41219,0.0727338,0.90819
0,0,0.0763178,-0.886195,0.456984
0,0,-0.617201,0.786267,0.0291014
0,0,0.367925,-0.91819,0.14683
0,0,-0.660049,-0.733496,0.162228
17.4076,25.5427,-0.217225,-0.711491,0.668277
0,0,0.155231,-0.911067,0.381917
0,0,0.0334321,0.963555,0.265412
9.32124,11.8961,-0.145979,0.151559,0.977609
0,0,0.625765,-0.663728,0.409735
0,0,0.86806,0.306025,0.390922
0,0,-0.659063,0.586818,0.470404
0,0,-0.146383,-0.4317,0.89006
0,0,-0.88697,0.400252,0.230396
0,0,-0.90541,-0.199863,0.37455
0,0,-0.877142,-0.421303,0.230487
0,0,-0.632986,-0.679212,0.371483
0,0,-0.410702,0.640571,0.64884
0,0,-0.934259,0.0298592,0.355342
0,0,-0.07237,-0.993353,0.089508
0,0,-0.818815,0.573213,0.0311254
0,0,0.48468,-0.791258,0.372822
0,0,0.614375,0.152059,0.774224
0,0,-0.490332,0.068337,0.868852
0,0,-0.742468,0.663111,0.094998
0,0,-0.109771,0.434187,0.89411
0,0,0.064927,0.996774,0.0471787
0,0,-0.574582,0.0964395,0.812745
0,0,-0.900232,-0.34792,0.26179
23.6218,33.6734,-0.89312,0.140813,0.42721
0,0,-0.113092,0.965753,0.233521
0,0,-0.0074869,0.345399,0.938426
0,0,0.661901,0.680116,0.315164
0,0,0.105042,-0.32102,0.941229
0,0,0.551722,-0.619841,0.558033
0,0,-0.0241182,-0.820681,0.570877
0,0,-0.983698,0.179446,0.0117598
0,0,-0.63203,-0.550763,0.545158
0,0,-0.998389,-0.00406112,0.0565882
0,0,0.408637,-0.264567,0.87351
0,0,-0.857674,0.478007,0.189483
17.3061,23.9881,-0.544166,0.148822,0.825673
0,0,-0.37939,-0.908994,0.172605
0,0,-0.74502,-0.61835,0.250179
0,0,0.440473,0.846535,0.298933
0,0,-0.0797484,-0.480036,0.873617
0,0,-0.991584,-0.126345,0.0282592
0,0,-0.225211,0.481246,0.847161
0,0,-0.784657,-0.619365,0.0264558
0,0,-0.342064,-0.027051,0.939287
0,0,-0.925441,0.0411095,0.376655
0,0,-0.419777,0.0501484,0.906241
0,0,0.288515,0.75082,0.594162
0,0,0.597522,-0.798501,0.0732325
0,0,0.720169,0.683449,0.119388
0,0,0.824192,0.100271,0.557362
0,0,0.0127042,-0.994271,0.106128
0,0,0.248819,-0.483376,0.839307
0,0,-0.282892,-0.849565,0.44521
0,0,0.267501,0.686078,0.676565
0,0,-0.484742,0.874504,0.0163591
0,0,0.38739,0.921007,0.0409296
0,0,-0.625013,0.105872,0.773402
0,0,-0.864764,-0.241185,0.440469
0,0,-0.705389,0.345901,0.618691
0,0,0.0540562,-0.506351,0.860632
0,0,-0.858262,0.271292,0.435647
0,0,0.313485,-0.653257,0.68919
0,0,-0.936297,-0.0150178,0.350887
0,0,-0.806546,0.589291,0.0471216
0,0,0.448381,-0.889637,0.0866044
0,0,0.951966,0.122041,0.280833
0,0,0.536844,-0.121411,0.8349
0,0,0.943414,-0.331394,0.01218
0,0,-0.601344,0.695228,0.393755
0,0,-0.601405,0.182638,0.777789
0,0,-0.477557,-0.0228017,0.878305
0,0,0.0895586,0.451357,0.887838
0,0,0.950119,0.30213,0.0773996
0,0,-0.889589,0.308161,0.337147
0,0,-0.0887382,0.840481,0.534526
0,0,-0.700916,-0.447973,0.555011
0,0,0.229556,-0.412686,0.881473
0,0,-0.752915,-0.109232,0.64899
0,0,-0.867223,-0.414618,0.275712
0,0,-0.202008,0.931829,0.301477
0,0,0.889857,-0.304808,0.33948
0,0,-0.977324,0.177928,0.114803
0,0,-0.176527,0.933619,0.31176
0,0,0.964826,0.240521,0.106113
0,0,-0.334688,-0.409142,0.848874
0,0,0.800678,-0.599019,0.00955427
0,0,-0.079848,-0.257681,0.962925
0,0,0.771565,-0.588999,0.240351
0,0,0.0499431,-0.840006,0.540273
0,0,-0.345569,-0.500813,0.79358
0,0,0.3003,0.924439,0.235018
0,0,-0.630715,0.20723,0.747833
0,0,0.687916,0.102351,0.718538
0,0,-0.0460942,0.995993,0.0766389
0,0,-0.405112,-0.632401,0.660268
0,0,0.0170369,0.970877,0.23897
0,0,-0.562623,-0.793732,0.231183
0,0,0.395868,0.904247,0.160083
0,0,-0.826373,-0.052636,0.560658
0,0,0.581364,0.780705,0.229164
0,0,-0.0577145,-0.388136,0.919793
0,0,0.165187,-0.575803,0.800727
0,0,0.141869,-0.911648,0.385708
0,0,0.315386,0.514669,0.797275
0,0,0.541393,0.77631,0.322857
0,0,-0.38598,-0.857212,0.340892
0,0,-0.109483,-0.447657,0.887478
0,0,-0.389526,-0.791345,0.471214
0,0,0.751357,-0.0422025,0.658545
0,0,-0.515038,0.829557,0.215803
0,0,-0.123771,-0.422473,0.897885
0,0,0.00166053,-0.00834391,0.999964
0,0,0.833519,-0.0863455,0.545702
0,0,0.846903,0.330943,0.416211
0,0,0.130643,0.759054,0.637785
0,0,-0.564177,-0.761517,0.319054
0,0,0.0253519,-0.76673,0.641469
0,0,-0.238326,-0.265571,0.93417
0,0,0.494848,-0.221442,0.840291
0,0,-0.958977,-0.0464455,0.279655
0,0,-0.00975364,-0.773855,0.633288
0,0,-0.646192,-0.023166,0.762823
0,0,0.329479,-0.0437576,0.943148
0,0,-0.994313,0.104931,0.01822
0,0,-0.0114589,-0.420984,0.906996
0,0,0.347968,0.261307,0.900354
0,0,0.76669,-0.62468,0.148194
0,0,0.216751,0.948453,0.231205
0,0,-0.500833,-0.375177,0.780006
0,0,0.951518,0.209954,0.224794
0,0,0.158848,0.807496,0.568083
0,0,0.223462,0.643465,0.732132
0,0,-0.623725,-0.137456,0.769463
21.5942,31.1669,-0.884836,-0.0708495,0.460485
0,0,0.571441,0.621001,0.536481
0,0,-0.603066,-0.306724,0.736364
0,0,-0.304619,-0.926888,0.219285
15.8505,22.8853,0.045866,0.403792,0.9137
0,0,0.677395,-0.0440649,0.734298
0,0,-0.302761,0.777325,0.551454
0,0,0.81253,-0.102114,0.573906
0,0,-0.304905,0.943045,0.133036
0,0,0.71683,-0.0943497,0.690835
0,0,0.0552918,-0.967117,0.248247
0,0,-0.264153,-0.040859,0.963615
0,0,0.0195798,0.698117,0.715715
0,0,0.953473,0.280318,0.110955
0,0,-0.325933,-0.698887,0.636651
0,0,-0.397625,0.895284,0.200901
0,0,-0.942411,0.0207427,0.333814
23.8852,34.0086,-0.44921,-0.0168645,0.893267
0,0,0.411885,0.132905,0.901491
0,0,-0.0815718,-0.91231,0.401294
0,0,-0.0905864,0.908678,0.407551
0,0,-0.88751,-0.440479,0.135297
0,0,0.403688,0.204043,0.891854
0,0,0.742289,-0.0951018,0.663297
0,0,-0.757144,0.382955,0.529225
0,0,-0.449081,0.625974,0.637559
3.81395,5.26418,0.40812,0.0725164,0.910044
0,0,-0.207721,-0.927243,0.311564
0,0,0.520721,-0.361456,0.773433
0,0,0.355255,0.656053,0.665874
0,0,-0.641341,0.766444,0.0352849
0,0,-0.957648,-0.120194,0.261655
0,0,-0.232505,0.971863,0.037717
0,0,-0.382957,0.437608,0.813538
0,0,0.77991,0.172784,0.60157
0,0,-0.623525,0.756503,0.197284
6.94644,9.95553,-0.858365,-0.108659,0.501401
14.3551,20.2318,0.410482,0.763378,0.498756
0,0,-0.543851,-0.629185,0.555295
0,0,0.826761,0.15214,0.541589
0,0,-0.232354,-0.814709,0.531282
0,0,-0.525577,0.693104,0.493332
0,0,-0.607574,-0.257151,0.751483
0,0,-0.323305,0.816184,0.478871
0,0,-0.179752,0.632081,0.753766
0,0,0.990687,0.10014,0.0922555
0,0,0.8871,0.323632,0.329114
0,0,-0.00943843,-0.580358,0.814307
0,0,0.69393,-0.358779,0.62429
0,0,0.5133,-0.669594,0.536811
4.65181,6.59621,0.387744,-0.0156816,0.921634
0,0,0.230922,-0.561704,0.794458
0,0,0.185137,-0.853474,0.487141
0,0,-0.0633952,0.985293,0.158675
0,0,-0.468687,0.413644,0.780532
0,0,-0.129094,0.78431,0.606788
0,0,0.644793,-0.653341,0.396721
0,0,-0.122035,-0.283815,0.951082
0,0,0.44984,0.788217,0.419949
0,0,-0.639164,-0.396951,0.658711
0,0,-0.247222,-0.813631,0.5262
0,0,0.581258,0.46322,0.669004
0,0,-0.416378,-0.861728,0.289921
0,0,-0.0239117,0.854925,0.5182
0,0,0.37052,-0.29421,0.880997
0,0,0.410368,-0.324184,0.852351
0,0,-0.314009,-0.271117,0.909887
0,0,-0.35994,-0.000994324,0.932975
0,0,0.201862,0.945031,0.257232
0,0,0.224797,0.743955,0.629283
0,0,-0.106563,-0.993667,0.0356305
0,0,-0.211629,0.74381,0.634002
0,0,-0.422119,-0.874426,0.239154
0,0,0.934213,0.273588,0.2289
0,0,0.837243,0.419903,0.350294
0,0,-0.436866,-0.58488,0.68342
0,0,-0.76661,-0.469976,0.437529
0,0,0.21652,0.81852,0.532113
0,0,0.089837,-0.0996109,0.990963
0,0,-0.269404,-0.580806,0.76817
0,0,0.541651,0.637289,0.548158
0,0,-0.898371,0.333794,0.285503
0,0,-0.142508,0.590637,0.794254
0,0,0.333629,-0.566217,0.753718
0,0,0.188146,0.888444,0.418652
0,0,-0.404836,0.9127,0.0555562
0,0,-0.468435,-0.00411289,0.883488
0,0,0.902998,-0.0176364,0.429282
0,0,-0.970631,0.0442191,0.236473
0,0,0.857536,0.369836,0.357566
0,0,0.622995,-0.776249,0.0965169
0,0,0.65895,0.730626,0.178803
0,0,0.446742,0.169883,0.878386
0,0,0.585492,0.810588,0.0121015
0,0,-0.741006,-0.669394,0.0531283
23.2024,30.7944,-0.32211,-0.00524095,0.946688
0,0,-0.377596,0.235048,0.895641
0,0,-0.683284,0.230854,0.692697
0,0,-0.422175,0.379829,0.823102
0,0,-0.771343,-0.270635,0.57601
0,0,-0.198268,-0.5131,0.835116
0,0,-0.422082,-0.809621,0.407873
0,0,-0.302042,-0.698895,0.648319
0,0,-0.953086,-0.260797,0.153663
0,0,-0.733724,0.293754,0.612664
0,0,0.783447,-0.338939,0.520894
0,0,-0.604495,-0.641441,0.472375
0,0,0.55082,0.657432,0.51418
0,0,0.235641,0.528209,0.815763
0,0,0.255921,0.873349,0.414448
0,0,-0.804734,0.589877,0.066694
0,0,0.533118,-0.746101,0.398895
0,0,-0.526035,-0.402928,0.748957
0,0,0.731001,0.481387,0.483637
0,0,0.184852,0.982743,0.00674385
0,0,-0.307174,-0.338355,0.889472
0,0,-0.725214,0.401927,0.559035
0,0,0.749444,0.331346,0.573187
0,0,-0.141184,0.15781,0.977325
0,0,0.114335,0.835917,0.536815
0,0,-0.646383,-0.541256,0.537802
0,0,-0.0186529,0.998651,0.0484631
0,0,-0.461678,-0.0135013,0.886945
0,0,-0.0883034,0.801401,0.591573
0,0,-0.832806,0.522707,0.182241
0,0,-0.954406,0.0403208,0.295775
0,0,0.949086,-0.182995,0.256415
0,0,0.844231,-0.07014,0.53137
0,0,-0.462841,-0.104202,0.880295
0,0,0.936658,0.336385,0.0975534
0,0,-0.358067,-0.212664,0.909154
0,0,-0.972326,-0.0899315,0.215627
0,0,-0.657823,-0.416177,0.627747
0,0,0.136437,-0.177355,0.974644
0,0,0.55976,0.00267471,0.82865
0,0,0.492184,0.652725,0.575938
0,0,0.159568,0.984651,0.0707171
0,0,0.479065,-0.751307,0.453909
0,0,0.744164,0.0910243,0.661766
0,0,0.289099,-0.838248,0.462343
0,0,-0.101213,-0.66473,0.740196
0,0,0.698362,0.650923,0.29764
0,0,-0.0398778,-0.687855,0.724752
0,0,0.316484,-0.412539,0.854195
0,0,0.621651,0.777448,0.0955214
0,0,-0.715378,-0.495586,0.492574
0,0,-0.354229,0.904125,0.238913
0,0,0.163844,-0.968607,0.186967
0,0,-0.235219,-0.267526,0.934399
0,0,0.344389,0.566542,0.748616
0,0,0.753702,-0.090083,0.651014
0,0,-0.702367,0.692327,0.165418
0,0,0.199459,-0.761457,0.616765
0,0,0.601102,-0.795846,0.0728435
0,0,-0.353895,-0.702396,0.617575
0,0,-0.8756,-0.449241,0.177505
0,0,-0.384669,0.137188,0.912803
0,0,0.0508687,0.447266,0.892953
0,0,-0.819385,0.565174,0.0958428
0,0,0.235237,-0.807152,0.541451
0,0,0.339715,-0.771638,0.537744
0,0,0.40318,-0.106304,0.908925
0,0,-0.341414,-0.917722,0.203033
0,0,0.367295,-0.857386,0.360533
0,0,0.124782,-0.254718,0.958931
12.2418,17.5822,0.285196,0.268673,0.920042
0,0,0.584996,0.385446,0.713591
0,0,-0.494526,-0.103539,0.862974
0,0,0.305683,0.0602967,0.950222
0,0,-0.592104,0.070278,0.802792
0,0,0.757687,0.651729,0.0340438
0,0,0.189412,0.873025,0.449389
0,0,0.32101,-0.85231,0.412941
0,0,0.699873,-0.419247,0.578282
0,0,0.262951,-0.916123,0.302614
0,0,-0.641725,-0.176071,0.74645
0,0,0.469409,0.553668,0.687828
0,0,-0.998297,0.0119235,0.0571086
0,0,-0.200598,-0.852529,0.482653
0,0,0.362757,-0.918638,0.156559
0,0,0.100258,-0.654994,0.748954
0,0,-0.324929,-0.87642,0.355401
0,0,0.779205,0.623589,0.0630668
0,0,-0.401139,-0.912502,0.0801762
0,0,-0.818589,-0.543289,0.186413
0,0,0.107292,-0.915446,0.387875
0,0,0.436632,-0.88433,0.165268
0,0,0.921903,0.172443,0.346926
0,0,0.652085,0.517026,0.554499
0,0,0.357483,-0.268285,0.894555
0,0,0.433114,-0.71701,0.546176
0,0,0.861587,0.356571,0.361283
0,0,-0.867268,-0.0744008,0.49225
0,0,0.679599,-0.733492,0.0116163
0,0,0.514865,0.828992,0.218371
0,0,0.87323,-0.226158,0.43165
0,0,0.588005,0.302929,0.74999
0,0,-0.519412,-0.142115,0.842624
0,0,0.705828,-0.168814,0.687974
0,0,-0.691761,0.718052,0.0765974
0,0,0.192188,-0.831147,0.521784
0,0,-0.382672,-0.212842,0.899033
0,0,-0.830847,0.24458,0.499873
0,0,-0.629491,-0.776996,0.00425399
0,0,-0.476753,0.196807,0.856723
0,0,-0.9179,0.354273,0.178749
0,0,0.257388,0.750823,0.608289
0,0,0.407376,-0.832379,0.375753
0,0,-0.309241,0.163719,0.936785
0,0,0.565602,0.0171232,0.824501
0,0,-0.0363286,-0.940133,0.338866
8.83499,10.7742,-0.0348342,-0.359539,0.93248
0,0,-0.769625,0.539171,0.342011
0,0,0.0952266,0.606738,0.789177
0,0,-0.769171,0.565798,0.297066
0,0,-0.199655,0.599666,0.774944
0,0,0.0614627,-0.142695,0.987857
0,0,0.784358,-0.543973,0.298121
0,0,-0.778803,-0.609565,0.147977
0,0,0.557797,0.494592,0.666514
2.67227,4.31737,0.547075,0.279955,0.788882
0,0,0.161622,0.389536,0.906719
0,0,-0.289542,-0.860633,0.418899
0,0,0.768207,-0.606285,0.205611
0,0,-0.17739,0.377334,0.908929
0,0,-0.645851,0.400355,0.650071
0,0,-0.36639,0.900625,0.233738
0,0,-0.886668,-0.406318,0.220741
0,0,0.269014,0.697142,0.664549
0,0,0.325452,-0.652815,0.684042
0,0,0.171698,-0.480658,0.859935
0,0,-0.656502,-0.401821,0.638393
0,0,-0.12888,0.578301,0.80558
0,0,0.44025,-0.629318,0.64042
0,0,-0.995865,-0.088826,0.0190691
0,0,-0.555319,-0.29618,0.777109
0,0,0.359077,0.617189,0.700101
0,0,0.510829,-0.645866,0.567373
0,0,-0.371671,-0.569044,0.733518
0,0,0.0214185,-0.812679,0.582318
0.0865433,0.164031,0.090763,-0.16416,0.982249
0,0,0.819571,0.0323959,0.572062
22.6606,32.4341,-0.80946,-0.22212,0.543541
0,0,0.898719,-0.275221,0.341405
0,0,0.738721,0.431069,0.518141
0,0,-0.980381,0.129658,0.148464
0,0,0.831913,0.00801119,0.554848
0,0,-0.755315,0.587475,0.290469
0,0,0.409408,0.879587,0.242307
0,0,-0.347315,0.0619766,0.935698
0,0,-0.461746,-0.870456,0.170575
0,0,0.379314,-0.917355,0.120747
0,0,0.567029,0.144663,0.810895
0,0,0.42196,-0.502948,0.754316
0,0,-0.49792,0.55404,0.66717
0,0,-0.748775,0.535723,0.390304
0,0,-0.965283,0.223239,0.13562
0,0,-0.933546,0.0790181,0.34964
0,0,0.221696,0.973678,0.0529309
0,0,0.109342,-0.851721,0.512461
0,0,-0.554183,0.722649,0.41311
0,0,-0.0912644,0.151302,0.984265
0,0,0.657798,0.705373,0.264104
0,0,-0.0875013,0.352029,0.93189
0,0,0.895468,0.440766,0.06214
0,0,0.648369,0.0221336,0.761004
0,0,0.25834,-0.964885,0.0475151
0,0,-0.745208,-0.0846689,0.661435
0,0,0.284176,-0.744027,0.604704
0,0,0.961996,-0.25963,0.0845934
0,0,-0.798538,-0.0325387,0.601065
0,0,0.61221,-0.69089,0.384538
0,0,-0.443541,-0.877227,0.183698
0,0,-0.360195,0.530786,0.767155
0,0,0.565202,-0.084767,0.820586
0,0,0.646908,0.442965,0.620719
0,0,-0.0631008,0.754337,0.653447
0,0,-0.557114,-0.0375686,0.829586
0,0,0.368451,-0.218762,0.903542
0,0,0.749519,0.260955,0.608378
0,0,-0.815271,-0.383539,0.433855
0,0,0.511576,-0.608222,0.606923
0,0,-0.489602,-0.742698,0.456825
0,0,0.0783374,-0.869008,0.488557
0,0,-0.565734,-0.820813,0.0788129
0,0,-0.127451,-0.916691,0.378727
0,0,-0.0418877,0.853032,0.520174
0,0,-0.598227,0.620731,0.506772
0,0,-0.514524,0.514958,0.685626
0,0,0.936325,0.218441,0.274916
0,0,-0.841033,0.0945597,0.532656
0,0,0.247826,-0.935148,0.253143
0,0,0.517433,-0.423081,0.743818
19.0793,27.0883,0.0228804,-0.144885,0.989184
0,0,0.498902,0.864962,0.054205
0,0,-0.820325,0.372433,0.434006
12.4956,17.5514,0.185309,0.784298,0.592061
0,0,0.0518333,-0.665297,0.744778
0,0,-0.9895,-0.0683728,0.127335
0,0,-0.754894,0.581196,0.303885
0,0,0.637968,-0.641483,0.426025
0,0,-0.714894,-0.559516,0.419366
0,0,-0.155132,-0.984955,0.0761476
0,0,0.727962,0.117398,0.675492
0,0,0.392588,-0.269615,0.879308
0,0,0.994472,0.00146039,0.104988
0,0,0.451284,0.536638,0.712995
18.3086,27.8031,-0.652955,0.280972,0.703352
0,0,-0.912139,-0.122512,0.391144
0,0,0.228352,0.50387,0.833049
0,0,0.938365,-0.11169,0.327102
0,0,-0.96811,-0.0110019,0.250284
0,0,-0.361626,-0.544425,0.756854
0,0,0.678819,0.621084,0.391739
0,0,-0.880009,0.472375,0.0494589
0,0,0.515083,-0.856766,0.025313
0,0,-0.110295,-0.96965,0.218206
0,0,-0.786364,-0.605364,0.123149
0,0,-0.724107,0.678993,0.120982
0,0,-0.438044,-0.897788,0.045761
0,0,0.751009,0.658635,0.0467507
0,0,0.376501,-0.638187,0.671538
0,0,0.453543,-0.489399,0.74484
0,0,-0.831056,-0.555921,0.0172352
0,0,-0.186111,0.960289,0.207864
0,0,-0.489496,0.269643,0.829269
0,0,0.545773,-0.837525,0.0261326
0,0,0.48096,0.456653,0.748429
0,0,0.930212,0.347251,0.118838
0,0,0.88525,-0.18839,0.425256
0,0,0.865855,-0.193547,0.46134
0,0,0.925497,0.242233,0.291167
0,0,-0.544564,0.789814,0.282212
0,0,-0.822566,-0.556082,0.118987
0,0,-0.588538,0.102139,0.801992
0,0,-0.834436,0.532769,0.140974
0,0,-0.547502,0.0773424,0.833223
0,0,-0.445775,-0.744847,0.496476
0,0,-0.170091,-0.509297,0.843614
0,0,-0.539541,-0.713174,0.447525
0,0,0.875455,0.462958,0.138739
0,0,-0.390766,-0.73803,0.550104
0,0,0.902276,0.207,0.378219
0,0,-0.702757,0.17353,0.689942
0,0,-0.0163005,0.726152,0.687341
0,0,0.59148,0.789159,0.165468
0,0,0.214604,0.163316,0.96295
0,0,-0.74411,0.395405,0.538475
0,0,0.952845,0.116271,0.280297
0,0,0.970181,-0.166608,0.176043
0,0,0.996368,0.0395901,0.0753916
0,0,-0.541877,-0.803538,0.246364
0,0,0.119365,0.292005,0.948939
0,0,0.588283,0.583459,0.559909
0,0,0.858533,-0.386815,0.336593
0,0,-0.943765,-0.0603334,0.325067
0,0,0.972486,0.207672,0.105564
0,0,-0.209574,0.71817,0.663559
0,0,-0.830293,0.302326,0.468201
0,0,-0.507421,0.054814,0.859953
0,0,0.885524,-0.215604,0.411536
0,0,0.165063,-0.981297,0.0990447
0,0,-0.319716,0.602558,0.731236
0,0,-0.508298,-0.757962,0.408811
0,0,0.322273,-0.0964157,0.941724
0,0,-0.644088,0.179229,0.743658
0,0,-0.103101,0.500575,0.859532
0,0,0.915947,0.128596,0.380136
0,0,-0.388047,-0.26439,0.882903
0,0,-0.894481,0.232924,0.381642
0,0,-0.284306,0.854355,0.435026
0,0,0.737579,0.174256,0.65239
0,0,0.882838,-0.319699,0.344078
0,0,0.767036,0.560068,0.313017
21.7152,29.6249,-0.735825,0.430244,0.522926
0,0,0.87783,-0.25826,0.403382
0,0,0.272469,0.947332,0.168292
0,0,-0.848571,-0.492491,0.193337
0,0,-0.715306,-0.678859,0.165793
0,0,-0.634443,-0.129879,0.76198
0,0,-0.898134,0.0256352,0.438975
0,0,0.922047,0.1875,0.338634
0,0,-0.893661,0.448544,0.0133097
0,0,-0.822068,-0.202743,0.532071
0,0,-0.679687,-0.647651,0.344346
0,0,0.508533,0.807873,0.297884
0,0,-0.950477,0.22176,0.217754
0,0,-0.197624,0.977489,0.0738991
0,0,-0.311098,0.950125,0.0219227
0,0,0.804437,0.588782,0.0788459
0,0,-0.522486,-0.233271,0.820118
0,0,-0.152961,-0.945169,0.288544
0,0,-0.728224,0.299552,0.616408
0,0,0.137027,-0.521734,0.842032
0,0,0.635738,-0.641253,0.429688
0,0,0.934803,0.336339,0.114102
0,0,-0.611009,0.161924,0.774886
0,0,0.776842,0.142802,0.613289
0,0,-0.370742,0.810028,0.454319
0,0,-0.652309,0.363314,0.665204
0,0,-0.883436,-0.430937,0.18394
0,0,-0.451273,0.873626,0.182017
0,0,0.465623,-0.880328,0.0906538
0,0,-0.869404,0.076879,0.488085
0,0,-0.818872,0.415409,0.396086
0,0,0.704997,0.164927,0.689767
0,0,0.924792,-0.31201,0.217736
0,0,-0.476157,-0.859802,0.184431
0,0,-0.688644,-0.702128,0.181067
0,0,-0.349029,-0.85809,0.376643
0,0,-0.485332,-0.813612,0.320139
0,0,0.9475,-0.249721,0.199708
0,0,-0.613525,-0.741771,0.270854
0,0,0.53246,-0.178299,0.827464
0,0,-0.680112,-0.469664,0.562906
0,0,-0.844167,-0.0927133,0.528003
0,0,-0.934799,-0.321428,0.151112
0,0,-0.833094,0.216202,0.509128
0,0,-0.998619,0.0114258,0.0512758
0,0,-0.185608,-0.961891,0.200787
0,0,-0.785341,-0.434263,0.441198
0,0,-0.837561,0.545485,0.0306291
0,0,-0.235605,0.193341,0.952423
0,0,-0.364703,0.332812,0.869614
0,0,-0.149049,-0.985167,0.0850314
0,0,0.869678,-0.229894,0.436816
0,0,0.186224,0.631843,0.752393
0,0,-0.916482,-0.223859,0.331584
0,0,0.991559,-0.0134279,0.128962
5.11882,7.93287,0.734903,0.0912172,0.67201
0,0,-0.759251,0.0962645,0.643639
0,0,-0.677927,-0.543679,0.4948
0,0,0.668372,-0.717792,0.195073
0,0,0.662741,0.744354,0.0819254
0,0,0.970219,-0.241,0.0243881
0,0,-0.562024,0.698092,0.443618
0,0,0.397161,-0.748989,0.530357
0,0,0.309281,0.948518,0.0682571
0,0,0.931319,-0.313946,0.184616
0,0,-0.65307,0.493389,0.574514
0,0,0.113138,0.779872,0.61563
0,0,-0.399379,-0.197708,0.895214
0,0,0.64826,0.260189,0.715584
0,0,0.542569,0.835407,0.0878271
0,0,-0.976493,0.134355,0.168555
0,0,-0.599907,-0.665392,0.444257
0,0,0.0327118,-0.452033,0.891401
0,0,0.500176,0.279534,0.819564
0,0,-0.657584,-0.750964,0.0603011
0,0,0.914088,0.361734,0.183282
0,0,0.352499,0.395136,0.848299
0,0,0.832194,-0.512455,0.211761
0,0,0.892553,-0.129646,0.431904
0,0,0.298948,-0.679229,0.670282
0,0,-0.197763,-0.927438,0.31741
0,0,0.080884,0.910089,0.406443
0,0,0.401728,-0.449024,0.798117
0,0,0.916179,-0.0997225,0.388165
0,0,0.981165,0.192837,0.0113635
0,0,0.744553,0.504026,0.437719
0,0,-0.554141,0.832423,0.000771813
0,0,0.411354,0.775041,0.479687
0,0,0.881409,0.453565,0.131899
0,0,0.409448,0.0107882,0.91227
0,0,0.334907,-0.9288,0.158645
0,0,0.982644,-0.1722,0.0689739
0,0,0.322251,-0.716617,0.618558
0,0,0.958228,0.132255,0.253589
0,0,-0.869392,0.421346,0.258119
0,0,-0.077416,0.887099,0.455041
0,0,0.101613,0.92346,0.369996
0,0,-0.740446,-0.496034,0.453531
0,0,-0.799772,-0.35445,0.484489
0,0,0.780209,-0.45628,0.427882
0,0,0.383121,-0.177921,0.906401
0,0,-0.383755,-0.904148,0.187744
0,0,0.0763874,-0.663295,0.744449
0,0,0.111198,-0.965302,0.236278
0,0,0.138815,-0.49353,0.858579
0,0,-0.219928,0.244245,0.944445
0,0,-0.487319,-0.698391,0.524185
0,0,0.735045,-0.0969096,0.671057
0,0,0.814582,0.0132063,0.579898
0,0,-0.223299,0.922436,0.315037
0,0,-0.415732,0.901325,0.121575
0,0,0.564074,0.634828,0.528028
0,0,-0.842281,0.335849,0.421625
0,0,0.557883,0.249745,0.791451
0,0,-0.34976,0.935311,0.0534816
0,0,-0.237871,-0.788286,0.56747
0,0,0.943927,-0.291948,0.154171
0,0,0.970707,-0.0375912,0.237306
0,0,-0.993152,0.0307364,0.112716
0,0,0.0424452,-0.492884,0.869059
0,0,0.253391,-0.549676,0.796021
0,0,-0.202479,0.739966,0.641446
0,0,-0.0314548,-0.321259,0.946469
0,0,0.425089,-0.420907,0.801334
0,0,0.591894,-0.158616,0.790255
0,0,0.623533,0.694687,0.358631
0,0,0.206534,-0.697914,0.685755
0,0,0.173473,-0.539439,0.823962
0,0,-0.70578,0.532927,0.466758
0,0,-0.107533,-0.97678,0.185301
0,0,-0.738292,0.582807,0.339501
0,0,0.753603,-0.0407489,0.656066
0,0,0.222597,0.913735,0.33991
0,0,-0.486646,-0.873112,0.029175
0,0,0.707772,0.588596,0.390659
0,0,0.645656,-0.73504,0.206991
0,0,0.898771,0.404189,0.169828
0,0,-0.994866,-0.0664172,0.0763636
0,0,0.881219,-0.330666,0.337807
0,0,0.339752,0.295087,0.893024
0,0,0.125856,0.260543,0.957224
0,0,0.250567,0.550508,0.796339
0,0,0.816486,0.313968,0.484536
0,0,0.803191,-0.107989,0.585852
0,0,0.73978,0.358622,0.569312
0,0,0.224866,0.886144,0.405195
0,0,-0.402351,0.629857,0.664374
0,0,-0.0398304,0.285571,0.957529
0,0,-0.27396,-0.635959,0.721458
0,0,-0.0888185,-0.76618,0.636458
0,0,0.658186,-0.635775,0.403213
0,0,-0.187759,-0.978413,0.0863418
0,0,-0.609719,0.555439,0.565447
0,0,-0.380595,-0.15705,0.911308
0,0,0.479156,-0.140367,0.866433
0,0,-0.704472,0.122679,0.699049
0,0,-0.781669,0.0924586,0.616803
0,0,0.0100278,0.889311,0.457192
0,0,0.935352,0.352961,0.0231121
0,0,0.840105,0.316971,0.440174
0,0,-0.238365,-0.774379,0.586106
0,0,-0.7449,0.58869,0.313954
0,0,-0.572842,0.160421,0.803814
0,0,0.370695,0.334973,0.866244
0,0,0.0477418,0.962193,0.268151
0,0,0.000657796,-0.784422,0.620227
0,0,0.598537,0.792135,0.119482
0,0,0.059802,-0.647411,0.759792
0,0,0.0938028,0.528794,0.843551
0,0,0.788787,0.403833,0.463394
0,0,0.378255,-0.925615,0.0126647
0,0,-0.0262808,-0.38678,0.921797
0,0,0.49762,0.674114,0.545843
0,0,0.908858,-0.279295,0.309792
0,0,-0.549377,0.21133,0.808409
0,0,0.285493,-0.693595,0.661378
0,0,0.368344,-0.872346,0.321457
0,0,-0.763153,0.546906,0.344226
0,0,0.323972,0.149857,0.934122
0,0,0.642122,0.75756,0.117395
0,0,-0.982894,-0.183822,0.0113959
0,0,0.0972221,-0.419853,0.90237
0,0,0.686578,0.593486,0.419983
0,0,0.844144,0.348139,0.407702
0,0,0.558484,0.592084,0.580975
0,0,0.713086,-0.698137,0.064132
0,0,-0.960589,-0.244601,0.13206
0,0,-0.953887,0.256159,0.156468
0,0,-0.768827,-0.591099,0.24394
0,0,-0.540332,0.612944,0.57649
0,0,-0.0979139,-0.992995,0.0661418
0,0,-0.964729,-0.238248,0.111962
0,0,0.977581,0.0992699,0.185691
0,0,-0.585579,0.337137,0.737181
0,0,0.589758,0.153221,0.792912
0,0,-0.315247,-0.830439,0.459336
0,0,-0.497529,-0.78097,0.377557
0,0,-0.121679,0.339034,0.932872
0,0,-0.371546,0.90585,0.203441
0,0,-0.834741,-0.321255,0.447216
0,0,-0.514006,0.856479,0.0473405
0,0,0.915684,-0.0401743,0.399885
0,0,-0.292699,0.877765,0.379282
0,0,-0.433716,0.611568,0.661721
0,0,0.665383,-0.656649,0.355075
0,0,0.251931,0.287144,0.924164
0,0,-0.989023,-0.100403,0.10841
0,0,0.774656,-0.607861,0.174393
0,0,0.192797,0.680142,0.707274
0,0,0.353969,-0.832843,0.425533
0,0,-0.470953,0.376318,0.797864
0,0,0.310148,-0.407545,0.858904
0,0,0.373058,-0.922013,0.10354
0,0,-0.763168,-0.574093,0.296635
0,0,-0.913472,-0.397991,0.0846891
0,0,-0.403736,-0.348225,0.846012
0,0,-0.410754,-0.900302,0.144004
0,0,0.751416,-0.645938,0.134681
0,0,-0.291878,0.94487,0.148418
0,0,0.52937,-0.511832,0.676606
13.6979,18.8618,0.157035,0.059222,0.985816
0,0,0.8511,-0.508835,0.129286
17.484,23.2496,-0.215981,0.560414,0.799555
0,0,0.909732,-0.192955,0.367635
0,0,-0.116714,0.991587,0.0559809
0,0,-0.803301,-0.143349,0.578064
0,0,0.126085,0.842437,0.523835
0,0,-0.126443,0.975489,0.180093
0,0,-0.152347,-0.230405,0.961095
0,0,0.641724,-0.0121274,0.766839
0,0,-0.599308,0.723931,0.341694
0,0,-0.0917908,0.913192,0.397059
0,0,0.664439,-0.713779,0.221449
0,0,0.683421,0.151388,0.714155
0,0,-0.0357342,-0.327125,0.944305
0,0,-0.617672,-0.119145,0.777358
0,0,-0.750569,0.64159,0.158141
0,0,0.578741,-0.576335,0.576972
0,0,-0.727677,0.620991,0.291301
0,0,-0.271454,-0.943129,0.191885
0,0,-0.76651,0.240485,0.595507
0,0,-0.100917,0.989294,0.105422
0,0,0.144679,0.809136,0.569533
0,0,-0.9851,-0.122452,0.120759
0,0,0.915466,-0.350671,0.197362
0,0,0.480597,0.22487,0.84762
0,0,-0.509053,-0.85903,0.0541453
0,0,-0.868368,-0.436006,0.236295
0,0,0.961365,0.0684354,0.266634
11.5152,17.6121,-0.179355,-0.210554,0.960988
0,0,-0.460956,-0.786121,0.411743
0,0,0.130376,-0.98374,0.123525
0,0,0.708149,-0.410463,0.574495
0,0,-0.458176,0.171467,0.872166
0,0,-0.368311,0.13646,0.919633
0,0,-0.211578,0.977361,0.000479763
0,0,0.223869,-0.710796,0.666822
0,0,-0.0900724,0.0745489,0.993141
0,0,0.565784,0.210818,0.797148
0,0,-0.5915,-0.420273,0.688112
0,0,-0.643048,0.0742042,0.762223
0,0,0.691449,-0.521006,0.50045
0,0,0.474963,0.183478,0.860666
0,0,0.917131,0.332331,0.220063
0,0,-0.758259,-0.0299226,0.651266
0,0,0.748247,-0.172663,0.640557
0,0,-0.0695731,0.587245,0.806414
0,0,-0.369716,-0.48177,0.794486
0,0,0.330285,-0.918914,0.21566
16.4296,24.5538,-0.301601,-0.391291,0.869441
0,0,0.304803,-0.255479,0.917511
0,0,0.894517,0.196363,0.401598
0,0,-0.487792,0.863344,0.129215
0,0,-0.921954,0.199747,0.331815
0,0,0.602178,0.770936,0.20746
0,0,0.0620363,-0.731041,0.679508
0,0,-0.372254,0.589453,0.716919
0,0,-0.885156,0.307525,0.34918
0,0,-0.45846,0.357801,0.813507
0,0,0.692616,-0.236529,0.681423
0,0,0.933915,0.17305,0.312821
0,0,0.522356,-0.592306,0.613448
0,0,-0.11589,-0.97156,0.206498
0,0,-0.703643,0.677329,0.214738
0,0,0.71715,-0.696916,0.00187004
0,0,-0.611558,-0.441849,0.656329
0,0,-0.139238,-0.97443,0.176348
0,0,0.356593,-0.776803,0.519056
0,0,-0.483509,0.175544,0.857557
0,0,0.665187,0.530603,0.525345
0,0,-0.628013,-0.487274,0.606765
0,0,-0.519348,-0.850215,0.0860988
0,0,0.805406,0.101334,0.583997
0,0,-0.326845,-0.564616,0.757879
0,0,-0.809075,-0.497369,0.313084
0,0,-0.877657,0.426394,0.218874
0,0,-0.456628,-0.883933,0.100768
0,0,0.744947,0.643802,0.174849
0,0,-0.0647671,0.991657,0.111454
0,0,0.381449,0.835131,0.396298
0,0,0.702728,0.409582,0.581735
0,0,0.961164,-0.10436,0.255487
0,0,-0.556154,0.823603,0.111225
0,0,-0.315997,0.927384,0.200261
0,0,-0.460555,-0.831325,0.311109
0,0,0.861468,-0.281202,0.422845
0,0,0.790105,-0.0710766,0.608837
0,0,-0.749678,0.656004,0.0874172
0,0,-0.877322,0.405165,0.257191
0,0,0.110925,0.802652,0.586041
0,0,-0.763511,0.202828,0.613116
0,0,-0.308706,-0.950941,0.0202697
0,0,-0.268144,-0.917401,0.294064
0,0,0.739149,0.483982,0.468424
0,0,-0.384018,0.390736,0.836574
0,0,-0.674291,0.409569,0.61448
0,0,0.542847,0.719048,0.433922
0,0,0.797735,0.423493,0.42927
0,0,0.485541,0.853797,0.187829
0,0,-0.721794,0.300312,0.62356
0,0,-0.791772,0.22107,0.569408
0,0,0.496513,-0.343767,0.797057
0,0,0.0256639,-0.701288,0.712416
0,0,-0.143004,0.354545,0.924039
0,0,0.800917,-0.321298,0.505272
0,0,-0.0352695,0.74756,0.663257
0,0,0.433774,-0.286249,0.854343
0,0,-0.154966,-0.908922,0.3871
0,0,-0.51507,0.32588,0.792783
0,0,-0.114703,-0.857446,0.501627
0,0,0.536657,-0.634972,0.555707
0,0,-0.408752,0.902474,0.135879
0,0,-0.631738,0.458954,0.624715
0,0,0.850591,0.484484,0.204376
0,0,-0.811179,0.456098,0.36601
0,0,0.667409,0.744612,0.0108502
0,0,-0.135206,-0.682229,0.718528
0,0,-0.0197031,0.977021,0.212231
0,0,-0.699871,-0.643715,0.309534
0,0,-0.276703,-0.479007,0.833059
0,0,-0.828583,0.532201,0.173818
0,0,-0.732206,-0.497743,0.464893
0,0,-0.690595,-0.187687,0.698464
0,0,-0.794578,0.503831,0.338821
0,0,0.160505,0.845274,0.509657
0,0,-0.652791,-0.144805,0.743569
0,0,-0.475931,0.266981,0.83798
0,0,-0.90316,0.429244,0.00717595
0,0,-0.789693,-0.443422,0.423985
0,0,-0.825484,0.564332,0.0103246
0,0,-0.163785,0.844908,0.50922
0,0,0.917831,0.368889,0.146656
0,0,0.325239,-0.778675,0.536549
0,0,0.947718,0.0661885,0.312168
0,0,-0.900808,0.406927,0.151509
0,0,-0.86931,0.23086,0.43704
0,0,-0.924324,-0.205651,0.321454
0,0,-0.0141559,-0.523788,0.851731
0,0,0.975402,-0.216225,0.0428626
0,0,0.920797,-0.361431,0.146629
0,0,-0.33249,0.732393,0.594181
0,0,-0.0970106,0.659161,0.745719
16.2187,24.3396,0.112966,0.288232,0.950874
0,0,-0.55283,0.788161,0.270521
0,0,-0.443842,-0.896105,0.000660696
0,0,0.277524,-0.157271,0.947759
0,0,0.738234,0.0511656,0.672601
0,0,-0.405148,-0.790842,0.458719
0,0,-0.625712,-0.631257,0.458256
0,0,-0.595514,0.80259,0.0348187
0,0,0.70777,0.192448,0.679725
0,0,0.368048,0.0333275,0.929209
0,0,0.0791299,-0.98949,0.121028
0,0,0.828835,-0.273483,0.488099
0,0,0.984835,0.134428,0.109679
0,0,-0.679936,-0.254333,0.687751
21.7171,30.8175,-0.866264,-0.355607,0.350899
1.13475,1.66288,-0.345127,-0.0380294,0.937785
0,0,0.866042,0.0233656,0.499425
0,0,0.886588,0.4568,0.0727665
0,0,0.623176,-0.390547,0.677587
0,0,0.00512972,0.857623,0.514254
0,0,-0.920531,0.148846,0.361202
0,0,0.99213,-0.125175,0.00289266
0,0,-0.7721,0.63199,0.066704
0,0,0.544221,0.589244,0.597172
0,0,-0.283808,-0.423384,0.860348
0,0,0.590136,0.00220343,0.807301
0,0,0.776479,0.630092,0.00809215
0,0,-0.544929,-0.0573237,0.836521
0,0,-0.26425,0.0243196,0.964148
0,0,-0.828891,0.0446334,0.557626
0,0,0.838033,-0.264397,0.477279
0,0,-0.462216,0.672098,0.578481
0,0,-0.696879,0.715272,0.0523921
0,0,0.925647,-0.371554,0.0715868
0,0,0.967018,0.102783,0.233048
21.2039,32.5099,0.292438,-0.725989,0.622431
0,0,0.147427,0.579357,0.80163
0,0,-0.441014,0.411429,0.797642
0,0,0.338373,0.510435,0.790544
0,0,0.941028,-0.217813,0.25889
0,0,0.674111,-0.500495,0.543212
0,0,0.976413,0.0644192,0.206075
0,0,-0.197175,-0.722927,0.662192
0,0,0.61898,-0.784852,0.0295299
0,0,-0.918824,0.128701,0.373093
0,0,0.192238,-0.742552,0.641608
0,0,0.862192,0.0796306,0.500284
0,0,-0.699342,0.370294,0.611395
0,0,-0.944221,-0.0950414,0.315301
0,0,-0.205939,0.880695,0.426574
0,0,-0.290994,0.576116,0.763815
0,0,-0.0283636,0.835706,0.548444
0,0,-0.697914,0.490051,0.52227
0,0,-0.963018,-0.267808,0.0295825
0,0,0.360118,-0.564454,0.74277
0,0,0.317888,-0.605329,0.729743
0,0,-0.512739,0.748009,0.421404
0,0,-0.375959,-0.913552,0.15517
0,0,0.646892,-0.324421,0.690132
0,0,0.618123,-0.776372,0.123172
0,0,-0.671972,-0.473176,0.5697
0,0,0.960536,-0.251712,0.118373
0,0,-0.838792,-0.322599,0.438587
0,0,-0.448414,-0.841268,0.301983
0,0,0.317737,0.945512,0.0710671
0,0,-0.714357,0.679198,0.168476
0,0,-0.413389,-0.792544,0.448312
0,0,-0.066727,0.97185,0.225952
0,0,-0.366624,-0.224176,0.902957
0,0,0.849247,-0.455447,0.26711
0,0,0.147667,0.568625,0.809234
0,0,-0.707441,0.413278,0.573348
0,0,0.236859,-0.881978,0.407447
0,0,-0.252376,-0.83439,0.489999
0,0,-0.228004,-0.144386,0.962895
0,0,0.930907,-0.188939,0.312592
0,0,-0.371371,-0.626681,0.685095
16.7839,24.4649,0.050034,0.216768,0.97494
0,0,-0.593052,-0.618598,0.51539
0,0,-0.344637,-0.926716,0.149742
0,0,0.590588,-0.290281,0.752956
0,0,0.985234,-0.137399,0.102151
0,0,-0.582781,0.522647,0.622259
0,0,0.736008,-0.37242,0.565327
0,0,-0.212635,-0.598574,0.772331
0,0,-0.0444759,-0.635796,0.770575
0,0,0.985604,-0.16184,0.0489139
0,0,0.745987,-0.66153,0.0766827
0,0,-0.510217,-0.588363,0.627302
0,0,-0.650454,0.0935381,0.753764
0,0,-0.795289,-0.591327,0.133596
0,0,-0.638796,-0.101866,0.762603
0,0,0.085527,0.50451,0.859159
0,0,-0.607281,-0.428668,0.66892
0,0,0.938121,0.156375,0.308993
0,0,0.959771,0.102369,0.261456
0,0,-0.597653,0.786213,0.157099
0,0,-0.0922469,-0.529601,0.843216
0,0,0.47473,-0.865971,0.157243
21.4068,30.0398,0.0408719,-0.490925,0.870243
0,0,0.0178866,0.0264692,0.99949
0,0,-0.18101,-0.980641,0.0746925
0,0,-0.577635,-0.671585,0.464016
0,0,-0.567222,-0.697671,0.437624
0,0,0.145841,-0.75968,0.633733
0,0,-0.662816,0.142121,0.735171
0,0,0.845038,-0.149141,0.513486
0,0,-0.515351,-0.452539,0.727751
0,0,-0.714529,0.48945,0.499887
0,0,0.147868,-0.0741575,0.986223
0,0,0.465283,0.261082,0.845783
0,0,0.324726,0.316315,0.891346
0,0,-0.680861,-0.655761,0.326199
0,0,0.45239,-0.84196,0.294019
0,0,-0.0880534,-0.830707,0.549702
0,0,-0.906572,0.422036,0.00356384
0,0,-0.629667,0.0974953,0.770723
0,0,0.365293,-0.930823,0.0113848
0,0,0.600433,-0.738695,0.306283
0,0,0.864973,0.470264,0.17514
0,0,-0.934307,0.120482,0.335492
0,0,-0.955361,-0.0693032,0.287196
0,0,-0.829373,0.328735,0.451745
0,0,-0.635519,-0.731425,0.247252
0,0,-0.459498,-0.21757,0.861119
0,0,0.067922,-0.975017,0.211489
0,0,0.59372,-0.663072,0.455886
0,0,0.383972,-0.813402,0.43697
0,0,0.348639,-0.789237,0.505524
0,0,0.136852,0.550283,0.823687
0,0,-0.746655,0.384746,0.542657
0,0,-0.787238,0.571814,0.230835
0,0,-0.200317,0.844738,0.496278
0,0,0.651207,0.494424,0.575738
0,0,0.996052,-0.0776058,0.043111
0,0,0.552003,0.464633,0.692394
0,0,-0.239136,-0.947722,0.211272
0,0,0.964087,-0.264531,0.0236543
0,0,-0.542531,-0.361808,0.758126
0,0,0.043443,0.689399,0.723078
0,0,0.698681,0.228925,0.677819
0,0,0.992544,-0.109551,0.0534395
0,0,-0.684026,-0.276673,0.674953
0,0,-0.670046,0.402943,0.623438
0,0,-0.42524,-0.0799059,0.901546
0,0,0.189552,0.500027,0.845011
0,0,0.174812,-0.773389,0.609352
0,0,0.351501,0.925714,0.139642
0,0,0.399973,-0.854776,0.330725
0,0,0.663767,-0.157413,0.731187
0,0,0.61967,0.118219,0.775908
0,0,-0.672076,-0.512914,0.534073
0,0,-0.201403,-0.946826,0.250911
0,0,-0.69117,0.421083,0.587344
0,0,-0.842785,0.477258,0.248876
0,0,0.730001,0.427369,0.533343
0,0,-0.0882132,-0.724122,0.684007
0,0,0.738579,-0.43715,0.513227
0,0,-0.228045,-0.718525,0.657052
0,0,-0.579175,0.813955,0.0451037
0,0,0.112311,-0.541176,0.833376
0,0,0.631209,0.320757,0.70618
0,0,-0.697163,0.575089,0.42806
0,0,0.579565,-0.331275,0.744554
0,0,-0.906364,0.194305,0.375167
0,0,-0.564808,-0.773941,0.286369
0,0,0.21294,-0.847151,0.486819
0,0,0.87748,0.479489,0.0109401
0,0,-0.999219,0.0368613,0.0142154
0,0,0.565422,-0.38109,0.731484
0,0,-0.937815,-0.238468,0.252262
0,0,-0.727466,0.544145,0.41797
12.0272,17.7378,0.29374,-0.0502923,0.954561
0,0,-0.671796,-0.500642,0.545938
0,0,0.874529,-0.308427,0.374262
12.0087,18.5093,0.0421319,0.665781,0.744957
0,0,0.420631,0.844823,0.330672
0,0,0.495982,-0.202432,0.844407
0,0,0.27983,-0.228394,0.932487
0,0,-0.0106117,-0.211396,0.977343
0,0,0.52507,-0.84092,0.130977
0,0,-0.657192,0.030862,0.753091
0,0,0.528896,0.744885,0.406712
0,0,0.706382,0.0598319,0.705298
0,0,0.620847,-0.45692,0.637004
0,0,-0.678501,0.679667,0.278726
0,0,0.580819,-0.238881,0.778193
0,0,-0.957975,-0.286852,0.000494709
0,0,-0.782673,0.614468,0.0992587
0,0,0.20501,0.967081,0.15075
0,0,0.879156,0.454963,0.141753
0,0,-0.519029,0.435434,0.735531
9.86658,14.9964,0.0119144,0.068355,0.99759
0,0,-0.623647,-0.52403,0.580049
0,0,-0.25519,0.146984,0.955654
0,0,0.95455,0.153592,0.255428
0,0,0.588746,-0.775126,0.229257
0,0,-0.360311,0.319027,0.876583
0,0,-0.509802,0.414588,0.753803
0,0,-0.624103,0.446258,0.641365
0,0,0.833416,-0.407511,0.3733
0,0,0.115089,0.759644,0.640074
0,0,0.408268,0.583856,0.701734
0,0,0.788975,-0.601578,0.124991
0,0,-0.681372,0.468889,0.562029
0,0,0.128921,-0.423434,0.896707
0,0,0.80962,-0.260339,0.52606
0,0,-0.686377,0.281451,0.670576
0,0,0.963277,0.196245,0.183262
0,0,-0.0936706,-0.854724,0.510561
0,0,0.582711,0.797779,0.154909
0,0,-0.0558831,-0.923189,0.380262
0,0,0.674096,-0.674067,0.302041
0,0,0.157411,-0.243568,0.957025
0,0,0.814704,0.493169,0.305028
0,0,0.865502,0.481003,0.139795
0,0,0.315514,0.559862,0.766163
0,0,0.122115,-0.428378,0.89531
0,0,0.686744,-0.369705,0.62586
0,0,-0.194843,0.232037,0.952993
0,0,-0.106448,0.9705,0.21633
0,0,0.370838,0.607487,0.702451
0,0,0.395289,-0.422282,0.815735
0,0,-0.965243,0.157794,0.208343
0,0,0.671086,-0.188634,0.71698
0,0,0.251688,0.0418657,0.966902
0,0,-0.445571,0.89474,0.0300971
0,0,-0.104959,0.793187,0.599865
0,0,-0.486682,0.141626,0.862023
0,0,-0.801728,0.140631,0.580909
0,0,0.418109,0.907605,0.037929
0,0,0.168058,-0.304208,0.937664
0,0,-0.746204,0.652834,0.130338
0,0,0.348833,-0.743538,0.570497
0,0,0.333575,0.620989,0.709295
0,0,-0.240926,-0.800153,0.549281
0,0,-0.275692,0.696951,0.662007
0,0,0.189005,-0.316905,0.929435
0,0,-0.411364,-0.627094,0.661462
0,0,-0.884018,0.255267,0.391599
0,0,0.97596,0.171032,0.135093
0,0,0.723652,0.140437,0.675726
0,0,-0.893936,0.349158,0.281012
0,0,-0.762623,0.452782,0.461945
0,0,-0.572309,0.813759,0.101283
0,0,-0.983389,0.125294,0.131327
0,0,-0.0305475,-0.597708,0.801132
0,0,-0.372201,-0.673462,0.638682
0,0,0.242298,-0.317321,0.916842
0,0,0.275765,0.346054,0.896772
0,0,0.356277,0.313444,0.880239
0,0,0.76454,-0.0471004,0.642853
0,0,-0.584663,0.246258,0.772998
0,0,-0.490955,0.473102,0.731531
0,0,0.177196,0.668253,0.722523
24.278,29.5569,0.264842,0.907993,0.324664
0,0,-0.857425,0.108206,0.503104
0,0,0.0938105,-0.968483,0.23074
0,0,-0.611895,-0.516898,0.598666
0,0,0.533451,-0.649699,0.541591
0,0,0.209846,0.223533,0.951839
0,0,0.952996,-0.098996,0.286355
0,0,-0.175804,0.292731,0.939894
0,0,0.785094,-0.491295,0.377169
0,0,-0.926502,-0.0578428,0.371817
0,0,0.991543,-0.127738,0.0229055
0,0,0.421529,-0.536627,0.730989
0,0,-0.992989,-0.086543,0.0805213
0,0,0.644659,-0.164996,0.746452
0,0,-0.14475,-0.595577,0.790149
0,0,-0.98717,-0.0822198,0.136877
0,0,0.135409,-0.988348,0.0695128
0,0,-0.0811505,-0.669991,0.737921
21.8093,30.6944,0.298659,0.926526,-0.228806
0,0,0.508815,0.749451,0.423592
0,0,-0.283317,0.061297,0.957066
0,0,-0.404737,0.359101,0.840972
0,0,-0.47546,-0.501305,0.722933
0,0,0.166717,-0.844718,0.508583
0,0,-0.240916,0.550362,0.799413
0,0,-0.102301,-0.990459,0.0923373
0,0,-0.743902,0.101082,0.660599
0,0,-0.912792,-0.367194,0.178827
0,0,-0.859886,0.184675,0.475911
0,0,-0.591907,0.204332,0.779676
0,0,-0.731749,-0.0622813,0.678723
0,0,-0.983573,0.166531,0.069647
0,0,0.571277,-0.787627,0.230838
0,0,-0.851083,0.0328872,0.523999
0,0,-0.522987,-0.225152,0.822065
0,0,0.953125,-0.0901627,0.288831
0,0,-0.632095,0.331532,0.700387
0,0,-0.157015,-0.986562,0.0451806
0,0,-0.721192,-0.11509,0.683108
0,0,-0.139125,0.97186,0.190083
0,0,0.953363,-0.081469,0.290625
0,0,0.319303,0.13402,0.938128
0,0,0.741516,-0.620869,0.254316
0,0,0.259903,-0.957183,0.127478
20.1887,27.463,-0.990807,0.109265,0.079768
0,0,-0.620992,0.545067,0.563268
0,0,-0.556151,-0.825751,0.09398
0,0,-0.709356,0.337494,0.618799
0,0,0.086933,-0.522341,0.848294
0,0,-0.922966,0.326414,0.203932
0,0,-0.270197,0.852686,0.447124
0,0,-0.840511,-0.49593,0.218161
0,0,0.765096,-0.0574078,0.641352
0,0,0.188753,0.637528,0.746948
0,0,0.963503,-0.267358,0.0134955
18.426,26.4624,-0.430359,0.504791,0.748316
0,0,0.429297,0.662053,0.614321
0,0,0.236108,0.864487,0.443751
0,0,-0.667781,0.744127,0.0185378
0,0,0.629188,0.533853,0.56491
0,0,0.373862,0.398229,0.83764
0,0,0.822063,0.117063,0.557234
0,0,0.346636,-0.491366,0.799002
0,0,-0.555844,0.827894,0.0750304
0,0,-0.844754,-0.364386,0.391936
0,0,-0.2694,0.319203,0.908589
13.6242,18.4666,-0.341291,-0.328831,0.880563
0,0,-0.35974,-0.927433,0.102252
0,0,0.357163,0.837557,0.413439
0,0,0.841258,0.0793772,0.534775
0,0,0.522895,0.472165,0.709677
0,0,-0.464693,0.358994,0.809434
0,0,-0.592611,0.093621,0.800029
0,0,0.181199,0.95996,0.213646
0,0,0.706944,0.264544,0.655932
0,0,0.380735,-0.551314,0.742357
0,0,0.386257,0.464472,0.796913
0,0,-0.985797,0.0877801,0.143173
0,0,0.814079,-0.146061,0.562087
0,0,0.68303,0.394665,0.614581
0,0,-0.118933,-0.195264,0.973513
18.2873,26.7902,-0.209459,-0.964977,0.157945
0,0,0.758803,-0.649763,0.0450101
0,0,0.0901526,-0.824795,0.558199
0,0,-0.728596,0.415406,0.544597
0,0,-0.963438,-0.180871,0.19767
0,0,-0.536774,0.527306,0.658651
0,0,-0.591579,0.802145,0.0812266
0,0,-0.609125,-0.750397,0.256655
0,0,0.379008,0.522953,0.763461
0,0,-0.156526,-0.364215,0.918067
16.7679,22.8061,-0.000236026,0.746163,-0.665764
0,0,0.329833,0.478647,0.8137
0,0,0.917492,-0.376975,0.126881
0,0,0.507686,0.500265,0.70142
0,0,0.857095,0.0879257,0.507599
0,0,-0.53001,-0.705569,0.470384
19.8072,28.1578,-0.353991,0.730506,0.583996
0,0,0.373168,-0.498844,0.78224
0,0,0.960484,-0.0832058,0.265607
0,0,-0.780284,0.625098,0.020246
0,0,0.450286,-0.846089,0.285263
0,0,-0.907753,0.202657,0.367306
0,0,-0.516052,0.258569,0.816598
21.0339,29.4764,0.091968,-0.0889104,0.991785
0,0,0.845506,0.456922,0.276302
0,0,0.606879,-0.791909,0.0676548
0,0,0.587673,-0.710492,0.387094
0,0,-0.34273,0.220324,0.913232
0,0,-0.0829029,0.996175,0.0276293
0,0,0.821159,0.258703,0.508695
0,0,0.94539,0.0154695,0.325575
0,0,0.636331,0.288649,0.715378
20.6863,29.2286,-0.13553,-0.935779,0.325498
0,0,0.631672,0.360023,0.686566
0,0,-0.245394,-0.510734,0.823974
0,0,0.984749,0.161704,0.0642014
0,0,-0.59729,0.221057,0.770959
0,0,-0.223356,0.508179,0.831785
0,0,0.575124,0.0766908,0.814464
0,0,0.083329,0.672243,0.735626
0,0,0.879659,-0.19242,0.434943
0,0,0.893237,-0.0507657,0.446711
0,0,0.122094,0.713371,0.690069
0,0,-0.784107,0.582343,0.214598
0,0,0.311149,0.946668,0.0836992
0,0,0.404764,0.499864,0.765704
0,0,0.435561,-0.62061,0.65202
0,0,-0.653734,0.48559,0.580373
0,0,0.180752,0.883369,0.432421
0,0,0.647376,-0.384859,0.657866
0,0,0.230278,-0.9138,0.334577
0,0,0.760444,0.597601,0.254163
0,0,0.673846,-0.37937,0.634043
0,0,-0.793956,0.136731,0.592401
0,0,0.834207,0.1206,0.538102
0,0,0.0144672,-0.199874,0.979715
0,0,0.503902,-0.776812,0.377684
0,0,-0.146849,0.915509,0.374538
0,0,0.560326,0.363795,0.744102
0,0,0.594931,-0.63121,0.497625
0,0,0.251412,-0.489071,0.835225
0,0,-0.0411948,-0.432491,0.900697
0,0,-0.629681,0.423126,0.651511
0,0,-0.65243,0.666866,0.360033
0,0,-0.875798,-0.476875,0.0746259
0,0,-0.218886,0.714382,0.664641
0,0,-0.616468,-0.279464,0.736116
24.5689,37.6722,0.88709,-0.444197,-0.125544
19.4141,25.9291,0.0381582,0.621881,-0.782182
0,0,0.930828,0.117777,0.34596
0,0,0.924858,-0.378935,0.0323426
0,0,-0.200093,-0.856708,0.47541
0,0,0.702712,-0.611852,0.363088
0,0,0.170113,-0.366042,0.914918
0,0,0.0667852,-0.741625,0.667481
0,0,-0.0485238,0.925654,0.375247
0,0,-0.646344,-0.397364,0.651415
0,0,0.480726,-0.855908,0.190588
0,0,-0.128409,-0.95986,0.24936
0,0,0.0896672,0.640986,0.762297
0,0,0.632772,0.774223,0.0133289
0,0,-0.245639,-0.222629,0.94345
0,0,-0.343345,-0.141483,0.928492
0,0,0.453451,0.143852,0.879596
0,0,0.462803,-0.615022,0.638405
0,0,-0.544632,0.43624,0.716289
0,0,-0.47588,0.531806,0.700514
0,0,-0.456553,-0.887564,0.0615602
0,0,-0.598983,0.797793,0.0688879
0,0,0.257223,0.964451,0.0605834
0,0,-0.783132,-0.0553105,0.619391
0,0,0.0691644,0.850592,0.521258
0,0,-0.820242,-0.172956,0.545243
0,0,-0.396567,0.634167,0.663752
0,0,0.16558,0.254142,0.952888
0,0,0.60063,-0.609672,0.517247
0,0,-0.41152,0.625724,0.662662
0,0,0.609376,-0.233121,0.757836
0,0,-0.648834,-0.746075,0.149619
5.18645,8.2506,0.120698,-0.367097,0.922319
0,0,-0.0618491,0.572675,0.817446
0,0,-0.0477354,-0.488746,0.871119
0,0,0.797931,0.59595,0.0902738
0,0,0.144143,-0.870509,0.470571
0,0,0.0797868,0.504083,0.859962
15.6901,22.7801,0.0808752,-0.0667568,0.994486
0,0,-0.844477,0.373521,0.383849
0,0,0.697128,0.600827,0.391176
0,0,0.0208159,-0.604788,0.796114
0,0,-0.149346,-0.971569,0.183708
0,0,-0.295062,0.953395,0.0630647
0,0,0.725873,-0.602334,0.332118
0,0,-0.246381,-0.968907,0.0227152
0,0,-0.945266,-0.293281,0.143032
0,0,0.667566,-0.407261,0.623293
0,0,-0.454617,0.615729,0.643585
0,0,0.72384,-0.639746,0.258422
0,0,-0.744489,-0.361184,0.5615
0,0,0.880441,-0.439968,0.176782
0,0,-0.638326,0.733759,0.232676
0,0,-0.637428,-0.234681,0.733901
0,0,0.871617,0.111634,0.477307
0,0,-0.737335,0.0399958,0.674343
0,0,0.447954,0.861171,0.240255
0,0,0.734514,-0.196467,0.649531
0,0,-0.51966,0.725539,0.451162
0,0,0.688423,0.620133,0.376178
0,0,-0.814544,0.57483,0.0780319
16.3315,23.251,0.397723,0.898461,0.185969
0,0,0.386888,0.620212,0.682389
0,0,-0.442741,-0.800242,0.404466
0,0,-0.969579,-0.201879,0.138424
0,0,0.198834,0.824845,0.52924
0,0,-0.873772,0.452995,0.17697
0,0,0.903711,-0.427677,0.0199452
0,0,-0.249256,-0.387134,0.887693
0,0,0.0146416,0.270945,0.962484
0,0,-0.0959517,0.931785,0.350101
0,0,-0.0789435,0.994957,0.061867
0,0,0.223831,0.757855,0.612825
0,0,-0.243532,0.952229,0.184263
0,0,-0.0238153,-0.880208,0.473989
0,0,0.86473,-0.483235,0.13684
0,0,-0.007695,-0.585588,0.810572
0,0,0.539108,-0.752417,0.37846
0,0,-0.239866,-0.964855,0.107323
0,0,-0.350117,0.367289,0.861694
0,0,0.763242,-0.00658246,0.646079
0,0,0.44851,-0.640148,0.623738
0,0,-0.176887,0.851494,0.493629
0,0,-0.984411,-0.103343,0.142322
0,0,-0.780291,0.252311,0.572263
0,0,-0.291895,-0.389785,0.873421
0,0,-0.0123092,-0.188532,0.98199
0,0,-0.827623,0.355143,0.434641
0,0,-0.279735,-0.944911,0.169973
0,0,0.59787,0.782909,0.172062
0,0,-0.557518,0.703363,0.44097
0,0,0.0826733,0.459265,0.884444
0,0,-0.165059,-0.883587,0.438213
1.6981,3.00174,0.335152,-0.303354,0.891992
0,0,0.48017,0.85751,0.184698
0,0,-0.975978,0.20466,0.0747018
0,0,0.712703,0.622153,0.324007
0,0,-0.246394,0.258319,0.93411
0,0,-0.892668,0.280032,0.353165
0,0,-0.434633,0.0501017,0.899213
0,0,0.335986,0.598044,0.727638
0,0,0.134627,-0.713505,0.687595
0,0,-0.134734,-0.861949,0.488765
0,0,-0.854921,0.291637,0.429019
0,0,-0.308836,-0.863556,0.398612
0,0,0.660079,-0.616433,0.429309
0,0,0.685214,-0.450386,0.572393
0,0,0.781725,-0.486135,0.390614
0,0,0.425824,-0.900933,0.0836273
0,0,-0.592996,0.290625,0.750928
0,0,-0.266787,-0.827476,0.494073
0,0,0.013844,-0.0677665,0.997605
0,0,0.770865,0.0176418,0.636754
0,0,-0.397167,-0.0588256,0.915859
6.58029,9.22789,0.039784,0.29421,0.954913
0,0,-0.732457,-0.63333,0.2498
0,0,-0.728753,0.107456,0.676293
0,0,0.264261,0.280388,0.922794
0,0,-0.233718,0.78454,0.574346
0,0,-0.830894,-0.234188,0.504749
0,0,-0.910464,0.208019,0.357469
0,0,-0.792744,-0.0737775,0.605073
0,0,0.0200009,-0.138947,0.990098
0,0,0.630176,-0.381878,0.676053
0,0,0.675927,0.342732,0.652425
0,0,-0.849855,0.141505,0.507664
0,0,-0.972333,-0.20047,0.119918
0,0,0.373231,0.144987,0.916339
0,0,-0.576911,-0.638516,0.509383
0,0,0.869595,-0.477769,0.124665
0,0,-0.950436,0.298453,0.0871568
0,0,0.515384,0.615323,0.596453
0,0,-0.649546,-0.699979,0.296848
0,0,-0.25526,-0.96445,0.0683981
0,0,-0.893097,0.0136748,0.449656
0,0,-0.706401,-0.673778,0.216841
0,0,-0.561163,-0.798401,0.218294
0,0,-0.389807,0.707182,0.589868
0,0,0.482527,0.207569,0.850931
0,0,-0.214672,-0.968633,0.125167
0,0,-0.215308,0.958272,0.188032
0,0,0.306298,-0.707252,0.637163
0,0,0.927974,0.187914,0.321796
0,0,-0.645945,0.73312,0.212814
0,0,0.576304,-0.467104,0.670587
0,0,0.735927,0.648058,0.19604
0,0,-0.0283783,-0.654732,0.755328
0,0,0.146658,-0.911284,0.384777
0,0,-0.764222,-0.313196,0.563802
0,0,0.545151,0.0771964,0.834776
0,0,-0.467815,0.192505,0.862607
0,0,0.411368,-0.413997,0.812024
0,0,-0.674211,0.0208619,0.738244
0,0,-0.163674,-0.823661,0.542949
0,0,-0.385077,0.604096,0.697699
0,0,-0.448375,-0.607934,0.655267
0,0,0.340887,0.275877,0.898715
0,0,-0.219507,-0.892751,0.393463
23.3916,34.9873,0.085747,-0.492763,0.865929
0,0,0.978575,-0.134799,0.155628
0,0,0.586068,0.499712,0.637818
0,0,-0.283606,0.952983,0.106728
0,0,-0.0184745,-0.339489,0.940428
0,0,0.0223553,0.943933,0.329378
0,0,-0.534766,0.484237,0.692488
0,0,-0.811783,-0.515855,0.273684
5.3808,8.72025,-0.464353,-0.119804,0.877509
0,0,0.816779,0.469073,0.335919
0,0,-0.0786876,-0.512445,0.855107
0,0,-0.946292,-0.208864,0.246793
0,0,0.101577,-0.0432661,0.993886
0,0,0.668073,-0.299085,0.681342
0,0,0.600801,-0.470849,0.646018
0,0,-0.0506768,-0.295752,0.95392
0,0,-0.856418,-0.434089,0.279491
0,0,-0.796637,0.0318153,0.60362
0,0,-0.419347,0.871495,0.254251
0,0,0.895584,0.138005,0.422947
20.3221,29.1348,-0.487839,-0.547811,0.679644
0,0,-0.523811,0.440741,0.728951
0,0,0.0445274,-0.732685,0.67911
0,0,-0.158173,-0.97922,0.12692
0,0,-0.387418,-0.885511,0.256473
0,0,0.135592,0.959134,0.248349
0,0,0.874441,0.104322,0.473782
0,0,0.279104,-0.915876,0.288569
0,0,0.348102,0.704681,0.618264
0,0,0.604378,-0.359971,0.710738
0,0,-0.947938,-0.274221,0.161917
0,0,-0.539976,-0.838527,0.0727919
0,0,0.65556,0.707754,0.263296
0,0,0.580522,-0.798187,0.160912
0,0,-0.41249,0.803542,0.429153
0,0,-0.810346,0.234162,0.537129
0,0,-0.680741,0.568603,0.461824
0,0,-0.55521,0.563297,0.611914
0,0,-0.69255,0.130592,0.70945
0,0,0.579231,-0.639306,0.505746
0,0,0.759189,-0.537224,0.367455
19.1022,27.701,0.169992,0.728557,0.663556
0,0,0.012506,-0.400135,0.916371
0,0,0.518154,0.690442,0.504783
0,0,-0.0621957,0.594422,0.801745
0,0,-0.798667,0.293686,0.525243
0,0,0.0997224,0.736439,0.669114
0,0,0.657075,0.399721,0.639121
0,0,-0.774653,-0.258205,0.577272
0,0,-0.531754,-0.83895,0.115762
0,0,0.992013,0.0358632,0.120928
0,0,-0.274169,-0.788926,0.549934
0,0,0.227754,-0.964637,0.13268
15.857,23.4304,-0.183062,-0.235564,0.954462
0,0,0.898819,-0.355119,0.256934
0,0,-0.178628,-0.741085,0.647213
0,0,0.058492,0.990534,0.124184
0,0,0.346868,-0.563722,0.7496
0,0,0.625816,0.558787,0.54416
0,0,-0.836682,0.537544,0.104927
0,0,-0.134858,-0.951297,0.277212
0,0,-0.0618444,-0.965502,0.252945
0,0,-0.887658,-0.440195,0.135249
20.9563,30.6943,0.786781,-0.207055,0.581467
0,0,-0.925948,-0.302957,0.225472
0,0,-0.950956,-0.308771,0.0185436
0,0,-0.708095,-0.426629,0.562662
0,0,-0.116976,0.604801,0.787739
0,0,-0.00296672,-0.810979,0.585068
0,0,0.135445,-0.727238,0.672889
0,0,0.805317,0.590765,0.0496192
0,0,-0.27054,-0.654071,0.706399
0,0,-0.422045,-0.891814,0.16293
0,0,0.904257,0.35612,0.235578
0,0,-0.278583,-0.423113,0.862187
0,0,-0.801468,-0.200145,0.563552
0,0,0.467955,-0.323132,0.822559
0,0,0.606882,0.622304,0.4944
0,0,-0.68825,0.504002,0.521817
0,0,0.255521,-0.900803,0.351087
0,0,-0.480249,0.578818,0.659037
0,0,0.834078,-0.244144,0.494679
0,0,-0.829131,0.399423,0.391157
0,0,-0.462477,-0.886608,0.00636607
0,0,0.192457,0.641025,0.742999
0,0,0.00409036,-0.872371,0.488827
0,0,-0.447397,0.714334,0.53811
0,0,0.272284,0.933606,0.232896
0,0,0.518131,0.854076,0.0457662
0,0,0.0897078,-0.00854469,0.995931
0,0,0.63444,0.42002,0.648899
0,0,0.63252,-0.557543,0.537646
0,0,-0.979058,0.17832,0.0982159
0,0,0.284158,0.925528,0.250303
0,0,-0.885878,-0.445895,0.128058
0,0,0.378681,0.124936,0.917056
0,0,0.359222,-0.70879,0.607105
0,0,0.381432,0.872958,0.304062
0,0,-0.607218,-0.592665,0.529183
0,0,-0.839322,-0.40266,0.365244
0,0,-0.668594,0.719444,0.188103
0,0,-0.634957,-0.305416,0.709613
0,0,-0.305514,-0.943082,0.131368
0,0,0.423008,-0.45369,0.784366
0,0,0.348056,0.710406,0.611703
0,0,-0.747173,-0.339511,0.571371
0,0,0.0792817,0.962772,0.258428
0,0,-0.61121,0.430984,0.663834
0,0,-0.163909,-0.449083,0.878327
0,0,-0.351339,-0.729815,0.586457
0,0,0.925791,-0.329298,0.185669
0,0,0.569979,0.582356,0.579643
0,0,-0.99003,-0.138238,0.0270304
0,0,0.106092,-0.636006,0.764357
0,0,-0.896597,-0.436306,0.0758388
0,0,0.781836,0.499503,0.373135
0,0,-0.211696,0.590411,0.778845
0,0,0.807414,0.164877,0.566478
0,0,-0.805327,0.524207,0.276869
0,0,-0.336617,-0.858636,0.386567
0,0,-0.988346,0.122412,0.0904819
0,0,-0.0860227,-0.993674,0.0721892
0,0,-0.253723,-0.905142,0.341091
0,0,0.477492,0.371579,0.796198
0,0,0.544179,-0.694351,0.470899
0,0,0.619397,0.0236883,0.784721
0,0,0.568894,0.206864,0.795969
0,0,0.49307,0.864966,0.0933577
0,0,0.508331,-0.860873,0.0223267
0,0,0.275098,-0.142776,0.950756
0,0,0.645812,-0.00429993,0.763484
0,0,-0.575156,-0.581369,0.575505
0,0,-0.368559,0.829499,0.419638
0,0,0.543398,-0.465413,0.698648
0,0,-0.931875,-0.359604,0.0478961
2.18602,3.68268,-0.0589534,0.299767,0.952189
0,0,-0.189542,-0.46064,0.867113
0,0,0.188404,0.115474,0.975279
0,0,-0.440148,-0.824926,0.354637
0,0,0.439031,0.65915,0.610552
0,0,-0.708066,0.590086,0.387869
0,0,-0.16754,0.0753466,0.982982
0,0,-0.209599,-0.327688,0.921243
0,0,-0.948849,0.00937307,0.315592
0,0,-0.550073,-0.431525,0.714987
0,0,0.912891,-0.387072,0.129632
0,0,-0.467432,-0.434049,0.770136
0,0,0.367433,-0.550323,0.749759
0,0,0.799416,-0.0792658,0.595525
0,0,-0.731909,0.175055,0.658533
0,0,0.722548,0.64752,0.242162
0,0,0.769273,0.614664,0.174377
0,0,0.189276,0.0221588,0.981674
0,0,-0.836847,-0.476271,0.269912
0,0,-0.441572,0.554241,0.705571
0,0,0.401353,0.860757,0.31307
0,0,0.347433,-0.426205,0.835248
0,0,0.449099,-0.399109,0.799389
0,0,0.755443,0.547856,0.359388
0,0,0.760528,-0.389274,0.519675
0,0,-0.782745,-0.580167,0.225203
0,0,-0.0879933,-0.863605,0.496431
0,0,-0.773352,-0.398062,0.49343
0,0,-0.766145,0.217568,0.60472
0,0,-0.368741,-0.0179284,0.929359
0,0,0.115489,-0.697299,0.707415
0,0,0.333895,0.751392,0.569143
0,0,0.0266114,0.933159,0.358479
0,0,-0.322222,-0.463588,0.825384
0,0,0.176066,-0.330413,0.927269
0,0,-0.253065,0.965268,0.06493
0,0,-0.456512,0.403089,0.793168
0,0,0.131246,0.859797,0.493482
0,0,-0.612916,-0.0329098,0.789463
0,0,-0.675138,0.736233,0.0463615
0,0,-0.358859,-0.310235,0.880326
0,0,0.685761,-0.538035,0.490154
0,0,-0.773557,0.138278,0.618457
0,0,0.420596,-0.234132,0.876517
0,0,0.397946,-0.882608,0.250285
0,0,-0.034234,0.889576,0.455502
0,0,0.521678,-0.109642,0.846068
0,0,-0.439378,-0.293293,0.849074
0,0,-0.557597,0.416571,0.718021
0,0,-0.363468,-0.89832,0.246804
0,0,-0.182832,0.859386,0.477522
0,0,0.620248,-0.653247,0.434237
0,0,-0.616241,-0.636901,0.463254
0,0,0.590391,0.578143,0.563195
0,0,-0.52728,0.798824,0.289578
0,0,0.722329,-0.571135,0.38993
0,0,-0.882504,0.243839,0.402156
0,0,-0.121106,0.17286,0.977473
0,0,-0.501018,-0.411582,0.761302
0,0,0.0773373,0.994145,0.075458
0,0,0.804102,-0.00894798,0.594424
0,0,-0.20799,0.967592,0.143199
0,0,-0.617044,-0.199931,0.761107
0,0,-0.940767,-0.18362,0.285029
0,0,-0.255995,-0.316951,0.913241
0,0,-0.143243,-0.532531,0.834201
0,0,-0.284907,-0.71076,0.643154
0,0,0.0391595,-0.795829,0.604254
0,0,-0.964452,0.00886263,0.264109
0,0,0.828033,0.516278,0.218673
0,0,0.441865,0.490589,0.751051
0,0,0.155276,-0.579119,0.800319
0,0,0.221203,-0.473503,0.852563
0,0,-0.145812,0.911711,0.384087
0,0,0.537165,-0.8131,0.224327
0,0,-0.0612093,0.636196,0.769095
0,0,-0.6968,0.156847,0.699907
0,0,-0.260996,0.794835,0.54783
0,0,-0.558604,-0.824781,0.0877355
0,0,-0.8874,0.0249407,0.460325
0,0,0.474863,0.768941,0.42806
0,0,0.956048,0.279942,0.0872014
0,0,0.694956,0.129108,0.707366
0,0,0.796149,-0.302334,0.524158
0,0,-0.282595,0.235723,0.929825
0,0,0.909151,0.416462,0.00186225
0,0,0.148183,0.341239,0.928223
0,0,0.392461,-0.00151154,0.919767
0,0,0.724087,-0.521888,0.450923
0,0,0.398837,0.728339,0.557181
0,0,-0.655257,-0.614693,0.43908
0,0,-0.575058,0.749187,0.328676
5.86208,7.95356,0.423378,0.0816615,0.902265
0,0,0.592362,0.769886,0.23745
0,0,-0.00714975,0.857381,0.514633
0,0,-0.91398,-0.0437532,0.403393
0,0,0.920315,-0.355391,0.163456
0,0,-0.127824,0.727823,0.673746
22.9568,34.1005,-0.32864,-0.854302,0.402695
0,0,0.258061,-0.257663,0.931136
0,0,0.770787,0.612339,0.175864
0,0,0.813724,0.0972143,0.573064
0,0,0.598298,0.486523,0.636659
0,0,-0.0817489,-0.382453,0.920351
0,0,0.585067,0.309464,0.749619
0,0,-0.62582,-0.682373,0.377777
0,0,0.1247,0.908513,0.398816
0,0,-0.200965,-0.200718,0.958815
0,0,0.810281,-0.581048,0.076345
0,0,-0.447687,-0.873518,0.191162
0,0,-0.880959,-0.214594,0.421736
0,0,0.934305,0.229385,0.272867
0,0,-0.946738,-0.218856,0.236197
0,0,-0.928377,0.164604,0.333199
0,0,0.903355,0.269696,0.333488
20.5044,27.3766,0.956937,-0.271267,0.103371
0,0,-0.700353,-0.0120157,0.713695
0,0,-0.905264,0.377336,0.195228
0,0,0.872069,-0.0452625,0.487285
0,0,0.667423,-0.732416,0.134583
0,0,-0.706171,0.701077,0.0990582
0,0,-0.798668,-0.380499,0.466208
0,0,0.881655,0.30831,0.357253
0,0,0.269132,-0.923701,0.272663
0,0,0.309371,0.868293,0.387758
21.9344,33.9415,0.449238,-0.141057,0.882206
0,0,-0.0682513,-0.944001,0.322806
0,0,0.499024,-0.759487,0.417318
0,0,-0.875826,0.0334315,0.481467
0,0,-0.119843,0.782994,0.610375
0,0,0.525139,-0.393705,0.75447
0,0,0.850428,-0.187388,0.491587
0,0,-0.165775,-0.893109,0.41818
23.4153,35.7958,-0.0884359,0.968151,-0.234228
23.0069,31.7097,0.507167,-0.246313,0.8259
0,0,0.170256,-0.78308,0.598163
0,0,0.330939,0.259604,0.90724
0,0,-0.146588,-0.883821,0.444267
0,0,0.473751,-0.827994,0.299977
0,0,-0.736019,0.256152,0.626627
0,0,0.770298,0.446571,0.455209
6.86461,11.0655,-0.199904,-0.388176,0.899643
0,0,-0.572896,0.818677,0.0394705
0,0,0.98038,-0.182827,0.073685
0,0,-0.782333,0.34641,0.517644
0,0,-0.223963,0.0781431,0.97146
0,0,-0.59266,0.80545,0.00211123
0,0,-0.376602,0.91718,0.130196
0,0,-0.289035,-0.653944,0.699153
0,0,0.293158,-0.29299,0.910063
0,0,-0.747853,-0.565844,0.347182
0,0,0.486076,0.380777,0.7866
0,0,-0.539745,0.719189,0.437543
0,0,0.17285,0.696061,0.696866
0,0,-0.906435,-0.024971,0.421607
0,0,0.516727,-0.755108,0.40349
0,0,0.324915,0.940033,0.103771
0,0,-0.821617,0.336907,0.459826
0,0,0.801042,-0.539072,0.260254
0,0,0.144025,-0.584458,0.79854
0,0,-0.270881,0.429786,0.86134
0,0,0.245876,0.427285,0.870042
0,0,-0.783819,-0.210355,0.584276
0,0,-0.695922,0.355342,0.624039
0,0,0.56959,0.447328,0.68954
0,0,-0.0243787,0.100309,0.994658
0,0,0.843259,-0.0893646,0.530026
0,0,-0.25945,0.960285,0.102659
0,0,0.457018,0.103369,0.88343
0,0,-0.602166,-0.0544636,0.796511
0,0,0.0593434,-0.965837,0.252265
0,0,0.208224,-0.167228,0.963679
12.5472,18.1557,-0.739802,-0.0881321,0.667028
0,0,0.591608,-0.766406,0.250244
0,0,0.411117,-0.72743,0.549388
0,0,-0.00537268,0.932811,0.360326
0,0,-0.987838,0.150542,0.0389082
0,0,0.285681,-0.581112,0.762034
0,0,-0.617263,0.299024,0.727716
0,0,-0.920725,-0.37185,0.118289
0,0,0.824068,0.241256,0.51255
0,0,-0.673436,-0.0579454,0.736971
0,0,-0.92804,0.127486,0.349984
0,0,0.454603,0.640803,0.618634
0,0,-0.768618,-0.542253,0.339394
0,0,-0.826245,-0.498937,0.261499
0,0,0.0292689,0.966874,0.25357
0,0,-0.379025,0.857127,0.348818
0,0,0.806266,0.165834,0.567833
0,0,-0.204638,-0.761889,0.614531
0,0,-0.39437,0.820041,0.414734
0,0,-0.66997,-0.645464,0.366765
0,0,-0.763803,0.635445,0.1132
0,0,-0.294712,0.244129,0.923876
0,0,0.76181,-0.114868,0.637536
0,0,0.52272,-0.553468,0.648411
0,0,0.297641,-0.742678,0.599867
0,0,-0.681907,-0.479194,0.552608
0,0,0.637178,0.469086,0.611525
0,0,0.952962,-0.15245,0.261958
0,0,0.725731,0.683222,0.0807648
0,0,-0.6592,-0.697028,0.282149
0,0,0.358769,0.587785,0.725116
0,0,0.297406,0.709434,0.638947
0,0,0.746279,0.566063,0.3502
0,0,0.777813,0.374276,0.504901
0,0,-0.295276,-0.710449,0.638806
0,0,0.093021,0.856304,0.508026
0,0,0.581877,-0.785233,0.211726
0,0,-0.814916,0.414875,0.40471
0,0,-0.985722,-0.0710616,0.152648
0,0,-0.545671,-0.491024,0.679072
0,0,0.66462,-0.66142,0.347569
0,0,-0.649741,0.759668,0.0272124
0,0,0.805151,0.0781187,0.587903
0,0,0.123666,0.902674,0.412173
0,0,-0.284825,-0.957123,0.0528189
0,0,-0.742392,-0.638149,0.204009
0,0,-0.82109,-0.570798,0.00113527
0,0,0.197673,-0.0460982,0.979184
0,0,-0.275946,0.41081,0.868959
0,0,0.536943,0.685242,0.492073
0,0,-0.899314,-0.40519,0.164486
0,0,-0.854355,0.510401,0.0978153
0,0,0.569777,0.112002,0.814131
0,0,0.228469,0.811718,0.537509
0,0,-0.408002,-0.541506,0.735055
0,0,0.494565,-0.100624,0.863296
0,0,-0.89873,-0.0461771,0.436065
0,0,-0.192886,0.288937,0.937715
0,0,0.893979,0.258357,0.366133
0,0,-0.238011,-0.566783,0.788738
0,0,-0.205615,-0.825334,0.525877
20.0631,29.2155,0.455536,0.497664,0.738118
0,0,-0.862217,-0.150303,0.483727
0,0,-0.930228,0.335485,0.148745
0,0,0.450534,0.186288,0.873107
18.633,27.8605,-0.119811,-0.170183,0.978102
0,0,0.798091,0.389427,0.459781
0,0,0.336571,0.860106,0.383323
0,0,-0.233397,0.516903,0.823612
0,0,-0.235135,0.278947,0.931075
0,0,-0.346778,0.795907,0.496264
0,0,-0.702677,0.485796,0.519853
23.4797,31.0953,0.266457,-0.801072,-0.535988
0,0,-0.634509,0.252902,0.730369
0,0,-0.0876191,-0.0648654,0.99404
0,0,0.937836,-0.304872,0.165883
0,0,0.805146,0.0181285,0.592799
12.9928,18.1302,0.779634,0.0468185,0.624483
0,0,0.313517,0.175351,0.933252
0,0,0.852075,0.483146,0.20134
0,0,0.413311,-0.766173,0.492091
0,0,0.791505,-0.335756,0.510673
0,0,-0.285724,0.831809,0.475874
0,0,-0.557959,0.340535,0.756781
0,0,0.331644,0.912319,0.240178
17.1186,23.4518,0.605428,0.387797,-0.695032
0,0,-0.0884915,0.974579,0.205826
0,0,0.0428564,0.125136,0.991214
0,0,0.967616,-0.225444,0.113554
0,0,-0.0619538,0.968894,0.239596
0,0,-0.816705,0.00976381,0.576972
0,0,-0.0490455,-0.970538,0.235905
0,0,-0.698644,0.117164,0.705811
0,0,-0.359505,0.420328,0.833115
0,0,0.89275,-0.435354,0.116035
0,0,-0.705456,0.302582,0.640918
0,0,-0.547562,0.517513,0.657538
0,0,0.0418491,0.99862,0.0317263
0,0,-0.379838,-0.684739,0.621977
22.3795,30.7626,-0.667938,0.637937,0.383269
0,0,-0.867075,-0.0285385,0.497359
0,0,0.805911,-0.327611,0.493131
1.05705,1.39899,0.258207,-0.141752,0.955633
0,0,-0.988064,-0.0929947,0.122805
0,0,0.237474,-0.951142,0.197321
0,0,0.723253,0.648299,0.237935
0,0,0.0316969,-0.457809,0.888485
0,0,0.587949,-0.4588,0.666197
0,0,0.856621,0.0775722,0.510081
0,0,0.640287,0.715333,0.279877
0,0,0.716045,-0.695572,0.0588206
0,0,0.259612,-0.607654,0.750572
0,0,-0.807027,0.391534,0.44205
0,0,0.539208,0.076432,0.838697
0,0,-0.840976,-0.198185,0.503471
0,0,-0.784224,-0.148536,0.602436
0,0,-0.911509,0.350279,0.215536
0,0,-0.893778,0.428371,0.132888
0,0,-0.696035,-0.164956,0.698803
0,0,-0.190769,0.981176,0.0300084
0,0,-0.66958,-0.040088,0.741657
0,0,0.918642,-0.355246,0.172911
0,0,-0.962834,-0.0307613,0.268337
0,0,0.309221,-0.416395,0.854984
0,0,-0.845565,0.397978,0.355856
0,0,0.52863,0.0368007,0.848054
0,0,0.0669748,-0.457984,0.886434
0,0,-0.388878,0.920378,0.0409719
0,0,0.264535,-0.851845,0.452086
0,0,-0.0163523,-0.951241,0.308016
0,0,-0.101574,0.910765,0.400238
0,0,-0.91199,-0.239293,0.333187
0,0,0.690658,-0.557649,0.460456
0,0,0.454502,0.234071,0.859441
0,0,0.650037,-0.758509,0.0459917
0,0,0.161714,0.937595,0.307838
0,0,0.171392,0.189321,0.966841
0,0,0.103519,-0.824018,0.557026
0,0,-0.733907,0.243093,0.63426
18.7358,24.6269,0.15399,0.362254,0.919271
0,0,-0.331831,-0.251028,0.909326
0,0,0.349678,-0.154504,0.924042
0,0,0.287592,0.841376,0.457579
0,0,-0.673997,0.220309,0.705118
0,0,-0.888593,0.20699,0.409338
0,0,-0.185045,0.97672,0.108514
0,0,0.931735,-0.30768,0.192878
0,0,0.785766,0.424027,0.450303
0,0,-0.226811,0.631739,0.741257
0,0,0.327723,-0.478814,0.814453
0,0,-0.314329,0.945408,0.0860286
0,0,-0.613148,0.15675,0.774261
0,0,-0.702548,0.413861,0.578917
0,0,-0.531671,-0.386237,0.753755
0,0,-0.898531,0.438863,0.00650462
0,0,-0.518492,0.701609,0.488785
0,0,-0.799934,0.44683,0.400559
0,0,-0.886867,0.0123896,0.461859
0,0,0.220844,0.975271,0.00864808
0,0,-0.0859643,0.424335,0.901416
0,0,0.382799,-0.770042,0.510392
0,0,-0.47138,0.69865,0.538227
0,0,-0.69523,-0.403836,0.594619
0,0,0.688891,-0.648127,0.324592
0,0,0.376847,0.350113,0.857559
0,0,-0.498373,-0.0376898,0.866143
0,0,0.379999,0.92245,0.0684612
0,0,0.188589,0.510382,0.839014
0,0,-0.890612,-0.434952,0.132764
0,0,-0.581213,0.40797,0.704097
0,0,-0.0635197,0.919422,0.388109
0,0,-0.0729079,-0.226644,0.971245
0,0,0.0386802,0.666176,0.744791
0,0,0.881226,-0.157286,0.445759
0,0,-0.912402,-0.123559,0.390201
0,0,0.369002,-0.458303,0.808577
0,0,-0.394713,0.687705,0.609314
0,0,0.135598,0.340726,0.930333
0,0,-0.288899,0.73276,0.616117
0,0,-0.690916,0.630347,0.353974
0,0,0.944058,0.324466,0.0589654
0,0,0.106613,0.0850535,0.990656
0,0,0.638207,-0.762396,0.106982
0,0,-0.903055,0.399678,0.157316
0,0,0.396906,-0.753636,0.523926
0,0,-0.165333,-0.787117,0.594233
0,0,-0.703904,-0.685233,0.187016
0,0,-0.712428,-0.311206,0.628966
0,0,-0.533786,-0.819879,0.207051
0,0,0.601823,0.510492,0.614172
0,0,-0.380093,-0.781084,0.495415
0,0,0.346797,-0.90986,0.227788
0,0,0.682952,-0.453424,0.572698
0,0,-0.596818,-0.357911,0.718128
0,0,-0.217595,-0.816838,0.534255
0,0,-0.724851,-0.37996,0.57465
0,0,-0.306877,0.670313,0.675653
0,0,0.0161151,-0.671277,0.741031
0,0,-0.553036,-0.476492,0.683452
0,0,0.658679,-0.0325621,0.751719
0,0,0.421588,-0.758037,0.497638
0,0,0.301021,-0.876769,0.375049
0,0,0.641918,-0.288118,0.710583
0,0,-0.306721,0.912116,0.271968
0,0,0.950015,-0.251988,0.184321
0,0,-0.659007,-0.372226,0.653573
0,0,-0.461677,-0.358129,0.81154
0,0,0.624555,-0.00779996,0.780942
0,0,0.510085,0.346725,0.787143
0,0,-0.675626,-0.212005,0.706105
0,0,-0.545231,0.835255,0.0712191
0,0,0.604382,0.383392,0.698379
0,0,0.259604,0.924688,0.278491
0,0,0.0542722,0.890162,0.452401
9.10716,13.5411,0.436801,0.705537,0.558053
0,0,-0.68459,0.454929,0.56954
0,0,0.970474,-0.141363,0.195437
0,0,0.695362,-0.495595,0.520439
0,0,-0.535594,0.451142,0.713869
0,0,0.662421,0.741967,0.103357
0,0,-0.422762,0.120439,0.898202
0,0,0.74831,0.0599228,0.660637
0,0,-0.408347,0.00523109,0.912812
0,0,-0.483394,0.875385,0.00551804
0,0,-0.872595,-0.325646,0.364051
0,0,0.550279,0.650586,0.523384
0,0,-0.739273,-0.672518,0.0345573
0,0,-0.795635,0.368018,0.481174
0,0,0.364176,-0.929753,0.054171
0,0,-0.629139,0.42578,0.650304
0,0,0.143159,-0.588651,0.79561
0,0,0.581828,-0.51877,0.626382
0,0,-0.771714,-0.5922,0.231857
0,0,0.229136,0.417397,0.879361
0,0,-0.285272,0.870406,0.401263
0,0,-0.00124135,0.741497,0.670955
16.5186,22.7265,-0.0831668,-0.314525,0.945599
0,0,0.639074,-0.76556,0.0741728
0,0,-0.55553,0.775699,0.299464
0,0,-0.684959,-0.581659,0.438753
0,0,0.409988,0.568709,0.713078
0,0,0.880905,0.102807,0.461992
0,0,0.285622,0.123673,0.950329
0,0,0.820989,0.568814,0.0492706
0,0,-0.832919,0.132203,0.537371
0,0,0.291766,0.259537,0.920605
20.373,29.3894,-0.369588,-0.912889,-0.173319
0,0,-0.727651,0.660035,0.186756
0,0,-0.635278,0.0961184,0.766279
0,0,-0.265579,-0.963546,0.032359
0,0,-0.419045,-0.902604,0.0985282
0,0,-0.015741,-0.929043,0.369636
0,0,0.767311,-0.506752,0.392984
0,0,-0.762723,0.642649,0.0725027
0,0,0.704155,-0.636997,0.313688
0,0,0.686697,0.70849,0.162756
0,0,0.493243,-0.728197,0.475858
0,0,0.242172,0.431322,0.869088
0,0,-0.889738,0.427771,0.159305
0,0,0.683662,0.3773,0.624701
0,0,-0.873756,-0.483302,0.0544828
0,0,-0.33152,0.371883,0.867062
0,0,0.400812,0.840514,0.364536
0,0,-0.391865,0.915312,0.092982
0,0,0.0805008,-0.554594,0.828218
0,0,0.769985,0.111865,0.628179
0,0,-0.43519,-0.619838,0.653001
0,0,0.698512,-0.586553,0.409923
0,0,0.861361,-0.144729,0.48694
0,0,0.336489,0.310457,0.88904
0,0,0.451056,-0.810175,0.374387
0,0,-0.464397,-0.867796,0.176818
0,0,-0.429827,-0.40179,0.808587
0,0,0.658154,-0.541716,0.522855
0,0,-0.571984,-0.0977773,0.814416
0,0,0.480093,-0.477967,0.735567
0,0,0.595392,0.309802,0.741303
0,0,0.357447,-0.90253,0.240149
0,0,-0.460551,-0.652733,0.601525
0,0,-0.04055,-0.740398,0.670944
0,0,0.955022,-0.159053,0.250272
0,0,-0.0344602,0.82404,0.565483
0,0,0.273364,0.00913622,0.961867
0,0,0.28932,0.956362,0.0408215
0,0,-0.074488,-0.53713,0.840204
0,0,0.1719,-0.444382,0.87919
0,0,-0.341968,-0.820044,0.458897
0,0,0.973586,0.0235921,0.227096
0,0,-0.555087,0.247508,0.794115
0,0,-0.775372,0.384442,0.501001
0,0,-0.928322,-0.309257,0.206344
0,0,0.99549,-0.0941625,0.0115281
0,0,-0.99451,0.0166695,0.103308
0,0,0.770089,-0.514566,0.377075
0,0,0.711723,-0.452746,0.537096
0,0,-0.470688,0.0518461,0.880775
12.1403,16.9891,-0.251328,-0.909758,0.330415
0,0,0.0932703,-0.995463,0.0188263
0,0,-0.0540869,0.15423,0.986553
0,0,0.0645251,-0.590013,0.804811
0,0,-0.768977,0.160981,0.618676
0,0,-0.675523,0.486677,0.553908
0,0,0.536294,0.503952,0.677068
0,0,-0.0959714,-0.634319,0.767091
0,0,0.878577,-0.477594,0.00249069
0,0,-0.730105,-0.571932,0.373952
0,0,-0.687287,-0.637456,0.348263
0,0,-0.260743,-0.678735,0.686536
0,0,-0.803074,0.593883,0.0487453
0,0,0.764811,-0.489964,0.41833
0,0,-0.303898,0.588633,0.749105
0,0,0.362775,-0.668307,0.649431
0,0,0.431366,0.162112,0.887493
0,0,0.425166,0.519039,0.741507
0,0,-0.676575,0.685248,0.269595
24.1811,35.5325,0.30523,0.24522,0.920164
0,0,-0.320513,-0.924055,0.208311
0,0,0.814011,-0.415882,0.405497
0,0,-0.905518,0.0218771,0.423744
0,0,-0.908259,-0.414943,0.0537305
0,0,-0.160966,0.920029,0.357263
0,0,-0.342779,0.732538,0.588125
0,0,0.256159,-0.199509,0.945822
0,0,-0.661344,0.221045,0.716773
0,0,-0.384984,-0.355429,0.851738
0,0,0.514023,0.582499,0.629663
0,0,0.516647,-0.790593,0.328692
0,0,-0.601293,-0.610628,0.515344
0,0,-0.738926,0.44086,0.509539
0,0,0.407634,0.809261,0.423001
0,0,-0.465554,-0.863748,0.192868
0,0,-0.465696,-0.715837,0.520293
0,0,-0.659831,0.030336,0.750801
0,0,0.293376,0.952707,0.0792434
0,0,0.0519471,-0.731859,0.679474
0,0,0.791552,0.158641,0.590151
0,0,-0.495873,0.829401,0.257302
0,0,-0.762078,0.580382,0.287043
0,0,-0.274689,-0.352198,0.894708
11.9373,19.2654,0.127295,0.00182302,0.991863
0,0,0.280617,-0.914926,0.290112
0,0,-0.675034,-0.60339,0.424557
0,0,0.0528638,0.752496,0.656472
0,0,-0.772423,-0.3307,0.542218
0,0,-0.469935,-0.620297,0.628007
0,0,-0.375853,-0.847611,0.374553
0,0,-0.626804,0.775298,0.0776525
0,0,-0.924774,0.351263,0.14631
0,0,-0.520346,0.197174,0.83088
0,0,0.287514,0.106098,0.951882
0,0,0.546425,0.422078,0.723374
0,0,0.53582,0.30189,0.788517
0,0,-0.293036,-0.829406,0.47562
0,0,0.574545,0.0709212,0.815395
0,0,-0.750656,-0.25263,0.610486
0,0,0.432711,0.401948,0.806969
0,0,-0.493527,-0.254275,0.831731
0,0,0.247834,-0.453317,0.856202
0,0,-0.153614,-0.830424,0.535536
0,0,-0.782889,0.615283,0.0922623
0,0,0.615233,0.0278309,0.787854
0,0,0.489187,0.840765,0.231972
0,0,-0.476471,-0.0217632,0.878921
0,0,0.731717,-0.672994,0.10802
0,0,-0.554224,-0.829405,0.0701653
0,0,-0.682034,-0.422169,0.597163
0,0,0.556724,-0.222153,0.800441
0,0,0.397248,0.882025,0.253428
0,0,0.730762,-0.49003,0.475244
0,0,-0.961127,-0.248696,0.119936
0,0,-0.484874,0.874303,0.0221627
0,0,-0.605269,0.792124,0.0786705
0,0,-0.0690002,-0.845431,0.529609
0,0,0.551713,0.496063,0.670474
0,0,-0.561202,0.809345,0.173241
0,0,-0.0272886,-0.963847,0.265055
0,0,0.918206,0.269236,0.290534
0,0,-0.15302,-0.529564,0.834354
0,0,-0.584773,-0.413227,0.698057
0,0,-0.529338,0.680801,0.506273
0,0,-0.357304,-0.537274,0.763984
0,0,0.866228,0.44897,0.21926
0,0,-0.773857,0.484325,0.408135
0,0,0.425565,-0.40111,0.811176
0,0,0.0979378,-0.743148,0.661921
0,0,0.392673,0.917205,0.0673965
0,0,-0.702575,-0.694569,0.154796
0,0,0.578633,-0.297328,0.75946
0,0,-0.733049,0.388582,0.558251
0,0,-0.550707,0.184067,0.81415
0,0,-0.359657,-0.182571,0.915049
0,0,-0.599416,-0.0653826,0.797763
0,0,0.543494,0.0529288,0.837743
0,0,-0.0636562,-0.456617,0.887383
15.1474,22.2945,0.102876,0.611841,0.784262
0,0,-0.0925825,0.330366,0.939301
0,0,-0.439953,-0.870534,0.220483
0,0,0.686091,-0.727139,0.0234148
0,0,-0.840297,-0.513872,0.172734
0,0,0.838695,0.417107,0.35016
0,0,-0.167679,0.604166,0.779017
0,0,-0.600859,0.751294,0.272993
0,0,-0.643645,0.754127,0.130439
0,0,0.0450392,-0.425927,0.903636
0,0,0.567774,0.614144,0.548142
0,0,-0.709678,-0.258086,0.655553
0,0,0.411377,-0.734835,0.539246
0,0,-0.599956,0.473983,0.644511
0,0,-0.135579,0.585615,0.799171
0,0,0.414159,0.539285,0.733242
0,0,0.371054,0.841693,0.392264
0,0,0.891316,0.0623246,0.449078
0,0,-0.643542,-0.764108,0.0446344
0,0,0.403874,0.757411,0.513044
0,0,-0.774284,0.424993,0.468898
0,0,0.820902,-0.544681,0.171585
0,0,-0.606053,-0.728103,0.320258
0,0,-0.407069,0.175885,0.896303
0,0,0.123737,0.123128,0.984646
0,0,0.298142,0.83636,0.460014
0,0,0.519749,0.338344,0.784464
0,0,0.362526,-0.537276,0.761518
0,0,0.730611,0.144107,0.667414
0,0,0.0668807,0.0934277,0.993377
0,0,0.777882,-0.505659,0.373106
0,0,-0.83875,-0.436617,0.325367
0,0,-0.687547,-0.725757,0.0235583
0,0,-0.83297,0.30216,0.46353
0,0,-0.626481,0.644851,0.437823
0,0,-0.895441,-0.380757,0.230671
0,0,-0.74228,-0.550906,0.381474
24.1835,34.5077,0.883116,0.288424,-0.370025
0,0,0.362771,0.770788,0.52372
0,0,0.4206,-0.477295,0.771547
0,0,-0.0338023,-0.498205,0.8664
0,0,-0.832874,0.0682048,0.549244
0,0,0.0787332,-0.13474,0.987748
0,0,-0.129046,0.759037,0.63813
0,0,0.620989,0.170005,0.765161
0,0,0.279369,0.552117,0.785569
0,0,-0.457686,-0.466937,0.756633
0,0,0.769796,-0.612088,0.181003
0,0,0.0873862,0.748075,0.657836
0,0,-0.909975,0.359061,0.207414
0,0,-0.837143,-0.223449,0.499262
0,0,-0.660301,0.744792,0.0963695
0,0,0.01127,0.864806,0.501979
0,0,0.792785,0.571229,0.212578
0,0,0.251184,0.269775,0.929585
0,0,0.66477,0.350482,0.65973
0,0,0.2167,-0.960926,0.17223
0,0,-0.935587,0.233913,0.264504
0,0,-0.0860532,-0.780447,0.619272
0,0,0.493208,0.17933,0.851227
0,0,-0.220826,-0.117364,0.968226
0,0,0.337987,-0.510224,0.790845
0,0,0.0558269,-0.379819,0.923375
0,0,-0.570472,0.820135,0.0440442
0,0,0.592983,0.649366,0.476124
0,0,-0.0265922,-0.732334,0.680426
0,0,0.931512,-0.280283,0.23179
0,0,0.660884,0.750418,0.0102205
6.66446,9.90582,-0.358363,-0.125105,0.925162
0,0,-0.931351,0.296849,0.210871
0,0,0.378852,0.638143,0.670257
0,0,-0.807113,-0.143,0.572817
0,0,0.817891,0.158676,0.553061
0,0,-0.952794,0.12761,0.275498
0,0,-0.972298,-0.0434623,0.229668
0,0,0.394567,-0.584257,0.709197
0,0,0.903944,0.105424,0.414453
0,0,0.858225,-0.506265,0.0845355
0,0,0.309763,0.869101,0.38563
0,0,-0.794558,0.517057,0.318322
0,0,0.945904,-0.00904032,0.324321
0,0,0.8738,0.186655,0.449035
0,0,0.0352551,0.717555,0.695609
0,0,0.00856015,0.967619,0.252272
0,0,0.750327,-0.631935,0.194085
0,0,0.11268,-0.988341,0.1024
0,0,0.528043,0.446589,0.722308
0,0,0.173854,-0.935083,0.308861
0,0,0.174789,0.9505,0.256904
0,0,-0.727219,0.642496,0.241559
0,0,0.435837,0.0545841,0.898369
0,0,-0.156241,0.956937,0.244663
0,0,0.569611,-0.273273,0.775155
0,0,-0.778444,-0.601391,0.17987
0,0,-0.427925,0.572345,0.699501
0,0,0.408039,-0.883868,0.228653
0,0,-0.844917,0.341143,0.411992
0,0,-0.608869,0.637375,0.472263
0,0,-0.0308599,-0.976378,0.213855
0,0,0.274198,0.140585,0.951342
0,0,0.270941,-0.225878,0.935719
0,0,-0.250166,0.240569,0.93784
0,0,0.729787,0.34863,0.588105
0,0,0.49115,-0.833513,0.253036
0,0,-0.441319,0.896181,0.0458054
0,0,-0.387452,-0.880697,0.272495
0,0,0.204567,0.827968,0.522131
0,0,-0.25488,0.451312,0.855192
0,0,-0.974543,0.16149,0.155518
23.0736,33.924,0.575564,0.0107744,0.817686
0,0,-0.876829,-0.425929,0.223058
0,0,-0.820711,-0.0399652,0.569944
0,0,0.0931137,-0.950574,0.296207
0,0,0.653251,-0.351399,0.670658
0,0,-0.275125,-0.187035,0.94304
1.50213,2.2579,-0.10383,-0.224726,0.968875
0,0,0.318453,0.176273,0.931405
0,0,0.799546,0.600495,0.0114587
0,0,-0.68995,-0.172391,0.70303
0,0,-0.91707,-0.374428,0.13706
0,0,0.681738,-0.329224,0.653334
0,0,-0.675826,-0.035945,0.736184
0,0,-0.47529,0.627632,0.616586
0,0,0.527807,-0.345886,0.775746
0,0,-0.497727,-0.866751,0.0317955
0,0,-0.719938,-0.691623,0.057852
0,0,0.0553871,-0.998358,0.014604
0,0,0.877244,0.145725,0.457392
0,0,0.613814,-0.702246,0.36067
0,0,0.19505,0.0762103,0.977828
0,0,0.495538,-0.19181,0.847143
0,0,0.875144,-0.20568,0.437972
0,0,-0.764421,-0.594625,0.249161
0,0,0.811317,0.162325,0.561618
0,0,0.467735,-0.740356,0.482801
0,0,-0.735261,0.43416,0.520477
0,0,0.741059,-0.602605,0.29614
0,0,-0.124568,-0.665087,0.736303
0,0,-0.0898896,0.901863,0.422567
0,0,-0.347037,0.415874,0.840603
0,0,-0.530345,-0.270621,0.803429
0,0,-0.381023,0.445921,0.809923
0,0,0.49253,0.798767,0.345523
0,0,-0.883938,-0.439126,0.160689
0,0,0.424986,0.902213,0.0734789
0,0,0.505923,-0.837202,0.207689
0,0,-0.319117,0.55095,0.771115
0,0,0.3269,0.800103,0.502962
0,0,0.73464,-0.39908,0.54867
0,0,-0.669414,-0.00430298,0.742877
0,0,0.341347,-0.847147,0.407215
0,0,-0.690162,0.479355,0.542121
0,0,-0.73299,-0.0259948,0.679743
0,0,-0.497464,0.793326,0.350947
0,0,0.142875,0.293806,0.945127
0,0,-0.178116,0.931596,0.316865
0,0,0.0170597,-0.781941,0.623119
0,0,0.0667784,0.221752,0.972814
0,0,0.399694,0.739744,0.541316
0,0,-0.962115,0.0565673,0.266711
0,0,0.776967,-0.197329,0.597815
0,0,-0.337487,0.938971,0.0666075
0,0,0.454434,-0.604816,0.653979
0,0,-0.375862,-0.92516,0.0529839
0,0,-0.945572,0.313945,0.0856285
0,0,-0.736734,0.659704,0.148368
0,0,-0.669201,0.221085,0.709431
0,0,-0.457492,0.866058,0.201603
0,0,-0.150249,0.579409,0.801069
0,0,-0.334558,0.000551204,0.942375
0,0,-0.335978,-0.138009,0.931704
0,0,-0.949144,-0.230458,0.21451
0,0,0.403806,0.791141,0.459388
0,0,-0.409501,0.805161,0.42898
0,0,-0.974525,-0.0544165,0.217576
0,0,0.650394,-0.685287,0.327673
0,0,0.049387,0.809523,0.585007
0,0,-0.303795,0.407593,0.861148
0,0,0.725726,-0.630812,0.274587
0,0,-0.439026,0.293659,0.849129
0,0,-0.97824,0.158814,0.133506
0,0,-0.227867,-0.973642,0.00990935
0,0,-0.992934,0.0433874,0.110448
0,0,0.776353,-0.0816567,0.624986
0,0,-0.303937,0.574199,0.760209
0,0,0.30305,0.304457,0.903032
0,0,0.84635,0.527514,0.0736226
10.971,16.8358,0.266732,0.678127,0.684834
0,0,-0.493324,-0.805164,0.329152
0,0,0.311833,0.0207859,0.94991
0,0,0.763922,0.586914,0.268244
0,0,0.524456,-0.280809,0.803799
0,0,-0.359584,0.872935,0.329672
0,0,-0.488847,0.482107,0.72705
0,0,-0.9008,-0.330125,0.282093
0,0,-0.477591,-0.822842,0.307958
0,0,0.746478,-0.194809,0.636255
0,0,0.128112,0.981826,0.14002
18.3174,28.2383,-0.553427,-0.481098,0.6799
0,0,-0.353017,-0.198259,0.91437
0,0,0.499509,0.863427,0.0706079
0,0,-0.295182,0.953064,0.0673521
0,0,0.949015,-0.102646,0.29805
0,0,0.182825,-0.983145,3.49564e-05
0,0,-0.473393,0.0188113,0.880651
0,0,-0.173222,0.974323,0.143836
0,0,0.670908,-0.56952,0.474899
0,0,-0.217701,-0.973279,0.0730351
0,0,-0.232254,0.791506,0.565311
0,0,0.236075,-0.307924,0.921657
0,0,0.484375,-0.132144,0.864823
0,0,0.400911,-0.229538,0.886895
0,0,-0.675051,-0.0490855,0.736136
0,0,0.680604,-0.682202,0.267168
0,0,-0.188864,0.821659,0.53778
0,0,0.518195,0.474942,0.711269
0,0,-0.710566,0.274711,0.647788
0,0,-0.895166,-0.281431,0.34565
0,0,-0.625963,0.569796,0.53245
0,0,0.912938,-0.170249,0.370889
7.34935,10.9301,-0.77748,-0.587282,0.224999
0,0,-0.712456,0.19981,0.672668
0,0,-0.103118,-0.96146,0.254875
0,0,0.907985,-0.41523,0.056097
0,0,0.457388,-0.518105,0.722747
0,0,-0.495603,-0.584687,0.642276
0,0,-0.350833,-0.746161,0.565826
0,0,0.0290437,-0.708516,0.705097
0,0,-0.169655,0.778677,0.604053
0,0,0.241437,0.841013,0.484154
14.255,21.9037,0.324385,-0.202226,0.924056
0,0,0.627262,-0.767633,0.131458
0,0,-0.0921794,-0.973155,0.210886
0,0,0.236021,0.636999,0.733844
0,0,-0.443182,-0.74146,0.503812
0,0,-0.822941,0.485841,0.294494
0,0,0.325015,-0.940156,0.102329
0,0,-0.686943,0.245558,0.683966
0,0,0.708456,-0.56793,0.418981
0,0,0.604591,0.754212,0.256191
0,0,0.263945,-0.53084,0.805321
0,0,0.226292,0.962003,0.152784
0,0,0.718387,0.0506481,0.693797
0,0,-0.933348,0.345909,0.095959
0,0,0.804891,0.141778,0.576237
0,0,0.934549,0.342024,0.0981734
0,0,-0.189001,0.858095,0.477442
0,0,-0.82505,0.45624,0.333374
0,0,0.587138,0.780516,0.214625
0,0,-0.860864,0.508836,0.000509541
0,0,-0.86051,-0.00786366,0.509372
0,0,0.225462,-0.766121,0.601852
0,0,-0.343718,-0.280983,0.89605
0,0,-0.891859,0.331563,0.307658
0,0,0.673349,-0.529586,0.515887
0,0,-0.980279,-0.158565,0.117943
0,0,0.222626,-0.78721,0.575098
0,0,0.361027,0.452203,0.815581
0,0,-0.417048,0.369721,0.830288
0,0,0.28708,0.828119,0.48146
0,0,0.777859,-0.521198,0.351124
0,0,0.152359,0.0634815,0.986284
0,0,0.317737,0.201943,0.926424
0,0,-0.401092,-0.680223,0.613532
0,0,-0.833879,-0.282698,0.474054
0,0,-0.943423,-0.0593901,0.326231
0,0,0.955648,0.193623,0.221918
0,0,0.991121,-0.0738199,0.110589
0,0,0.179474,0.12268,0.976083
0,0,-0.420588,0.89578,0.143818
0,0,-0.666989,0.255174,0.700008
0,0,0.529676,0.842665,0.0967434
0,0,-0.256279,0.302903,0.917917
0,0,-0.320147,0.197275,0.9266
0,0,-0.720061,0.682415,0.125787
0,0,-0.543887,-0.824196,0.15776
0,0,0.273347,-0.263428,0.925142
0,0,0.373289,0.573454,0.72925
0,0,0.888649,-0.3962,0.23093
0,0,-0.382742,0.912262,0.145897
0,0,-0.748835,0.459495,0.47761
0,0,-0.470407,-0.11936,0.87434
0,0,0.822497,0.33084,0.462647
0,0,-0.828994,-0.423916,0.364779
11.999,19.6597,0.487495,-0.81976,0.300569
0,0,0.844097,0.346391,0.409285
4.29442,6.21956,0.0761163,0.116416,0.99028
0,0,0.951495,0.261356,0.162331
0,0,0.39329,-0.91206,0.116058
0,0,-0.365057,-0.915094,0.171279
0.626336,0.743729,0.71212,-0.635048,0.299331
0,0,-3.49016e-05,-0.396963,0.917835
0,0,-0.0404981,0.992321,0.11687
0,0,-0.0342049,0.820989,0.569919
0,0,-0.075525,-0.954684,0.287878
0,0,0.189588,0.736371,0.649472
0,0,-0.000813751,-0.83799,0.545685
0,0,-0.00237134,-0.520793,0.85368
0,0,0.722443,-0.417472,0.551175
0,0,-0.611722,-0.779861,0.132716
0,0,-0.0419802,-0.349591,0.935962
0,0,-0.662131,-0.747115,0.0583296
0,0,-0.919724,-0.344085,0.188978
0,0,-0.294538,0.258046,0.920141
0,0,-0.0499386,0.466187,0.883276
0,0,-0.0436027,-0.977105,0.208239
0,0,0.0170217,0.819449,0.572899
0,0,-0.922725,0.0787137,0.377336
0,0,0.539928,-0.555388,0.632473
0,0,-0.4776,0.130094,0.868892
0,0,-0.35818,0.600887,0.714592
0,0,-0.808304,0.00812403,0.588709
0,0,0.77161,0.19324,0.606034
0,0,-0.357784,0.150079,0.921665
0,0,0.163318,0.915538,0.367584
0,0,-0.918746,-0.149308,0.365531
0,0,-0.104982,0.782017,0.614352
0,0,0.617061,0.665774,0.419501
0,0,-0.329337,-0.715656,0.615933
0,0,0.27936,0.483909,0.829331
0,0,0.887978,-0.0269646,0.459096
0,0,0.254826,-0.515872,0.817887
0,0,-0.36921,0.265212,0.8907
0,0,0.45199,0.818177,0.355374
0,0,0.700822,0.700727,0.133529
0,0,0.31747,-0.924562,0.210707
0,0,-0.749162,0.14823,0.645588
0,0,0.97388,0.207989,0.0910963
0,0,-0.890278,0.129316,0.436673
0,0,0.429547,0.901985,0.0437365
21.5748,33.1502,-0.130089,0.793413,0.59462
0,0,0.626953,0.327315,0.706962
0,0,-0.388344,-0.367089,0.845242
0,0,0.409439,-0.912215,0.0149684
0,0,-0.816559,-0.533629,0.220163
0,0,0.689313,0.367829,0.624139
0,0,-0.0042292,0.785017,0.619459
0,0,-0.896407,0.431664,0.100601
0,0,-0.633289,-0.767441,0.099899
0,0,-0.0570699,0.979621,0.192576
15.4512,22.0701,-0.761237,0.342661,0.550546
0,0,-0.882538,0.443273,0.15696
0,0,-0.708159,0.421455,0.566468
0,0,0.687551,0.721646,0.0806267
0,0,-0.37265,-0.92695,0.0435518
0,0,0.42167,0.634671,0.647601
0,0,-0.868035,0.380038,0.319509
0,0,0.473038,0.875628,0.097523
0,0,0.219574,0.262993,0.939479
0,0,0.62377,0.474967,0.620739
0,0,0.763248,-0.535335,0.361758
0,0,0.60357,-0.519194,0.605095
0,0,0.220814,-0.973671,0.0566275
0,0,-0.270848,0.815346,0.511715
15.3652,22.3367,-0.633306,0.128659,0.763132
0,0,0.00679004,0.998813,0.0482357
0,0,0.299582,-0.336262,0.892849
0,0,0.536582,0.78421,0.311599
0,0,0.365746,0.503752,0.7826
0,0,0.512886,0.405071,0.756879
0,0,0.58881,0.0556331,0.806355
0,0,0.958863,-0.22715,0.170251
0,0,0.0907734,0.817962,0.568065
0,0,0.943294,0.103337,0.315466
22.9747,33.9478,-0.510902,-0.00884609,0.859593
0,0,-0.981423,-0.174248,0.0802862
22.2067,31.5334,0.0256211,-0.506189,0.862042
0,0,0.274105,0.294636,0.915454
0,0,0.392942,-0.919308,0.0216631
0,0,-0.704879,-0.626435,0.332753
0,0,0.768532,0.568714,0.293125
0,0,0.225957,0.967484,0.113658
0,0,0.353463,-0.884627,0.304138
0,0,0.510582,-0.856579,0.074691
0,0,0.860601,0.284101,0.422674
0,0,0.385166,0.915154,0.118914
0,0,-0.359327,0.890456,0.279237
0,0,-0.335092,0.341251,0.878214
0,0,-0.26051,0.886151,0.383237
0,0,0.963428,-0.259559,0.066607
0,0,-0.369232,-0.468534,0.802586
0,0,-0.397049,-0.396674,0.827648
0,0,0.15242,0.988098,0.0207424
12.854,17.9753,0.252897,-0.137404,0.957687
0,0,0.78137,-0.585986,0.214664
0,0,0.866643,-0.286016,0.40881
0,0,-0.977457,-0.155679,0.142622
23.4261,33.0401,0.0582145,-0.40358,0.91309
0,0,0.962127,-0.255423,0.0952399
0,0,-0.0253248,-0.172793,0.984633
0,0,-0.114323,0.819572,0.561455
0,0,0.425845,0.849384,0.311774
0,0,0.567241,-0.149482,0.809872
0,0,0.778328,0.626147,0.0463153
0,0,-0.811681,0.576521,0.0937936
0,0,0.987556,-0.152621,0.0379374
0,0,0.973341,0.133406,0.186574
0,0,0.513356,0.808708,0.287155
0,0,0.897144,-0.110567,0.427678
22.4263,32.1229,0.606808,-0.35369,0.71182
0,0,0.938127,0.144648,0.314633
0,0,-0.814873,0.532372,0.229264
0,0,0.308065,-0.410997,0.858008
0,0,0.216354,-0.318441,0.922923
0,0,0.359182,0.785864,0.503395
0,0,-0.496035,-0.509579,0.703049
0,0,-0.611503,0.583164,0.534775
0,0,0.715297,0.47771,0.510043
0,0,0.658106,0.363802,0.6592
0,0,0.957381,-0.152951,0.245006
0,0,-0.509688,0.318339,0.799299
0,0,0.231035,0.955567,0.18307
17.1484,25.2204,-0.211443,0.341741,0.915699
0,0,0.523786,0.576172,0.627435
0,0,-0.799458,0.245051,0.548468
0,0,-0.980959,-0.173037,0.088194
0,0,-0.13211,0.394063,0.909539
0,0,-0.563657,-0.787917,0.247947
0,0,-0.797055,0.528871,0.291545
0,0,-0.845721,-0.446481,0.292252
0,0,-0.352807,0.552543,0.755131
0,0,-0.750737,-0.444559,0.488631
0,0,-0.810634,-0.211538,0.546008
0,0,-0.947413,-0.0841367,0.308754
0,0,-0.693434,-0.3013,0.654498
0,0,0.611498,-0.0627203,0.788756
0,0,-0.890795,-0.354909,0.283768
0,0,-0.898373,0.405222,0.169473
0,0,-0.795427,0.525311,0.302233
0,0,-0.492759,-0.123458,0.861363
0,0,0.803929,0.0600827,0.591682
0,0,0.182524,-0.451474,0.873416
0,0,-0.189832,0.474183,0.859718
0,0,0.494493,0.749616,0.439947
0,0,-0.909781,0.401481,0.105407
0,0,-0.985208,-0.144469,0.0921601
0,0,-0.0700426,-0.868992,0.489844
0,0,-0.100004,-0.774114,0.625097
0,0,-0.209623,-0.969226,0.12907
0,0,0.546808,-0.819115,0.173355
0,0,-0.77791,0.590632,0.214498
0,0,-0.952482,0.29531,0.0746352
0,0,0.0833534,0.485026,0.870518
0,0,0.296716,-0.818854,0.491364
0,0,0.630273,-0.339301,0.698306
0,0,0.0772598,-0.898585,0.431944
0,0,0.117515,0.465066,0.877441
0,0,-0.407432,-0.913005,0.0205263
0,0,-0.0299794,-0.544452,0.838256
0,0,-0.923299,-0.377328,0.0717141
0,0,0.396799,-0.710413,0.58126
0,0,0.927364,-0.360413,0.100492
0,0,-0.444257,0.564986,0.695289
0,0,0.867589,-0.287413,0.405811
0,0,0.939642,-0.0989672,0.327535
0,0,-0.715891,-0.42328,0.555279
0,0,0.901102,-0.377974,0.212486
0,0,0.55908,0.361202,0.746299
0,0,-0.495601,-0.716879,0.490372
0,0,-0.289731,0.475782,0.830474
0,0,0.0876647,-0.994829,0.0512803
0,0,-0.21482,-0.654997,0.724452
0,0,-0.133952,0.843073,0.52085
0,0,-0.187266,-0.330063,0.925197
0,0,-0.523369,0.793278,0.31112
20.5839,27.9956,-0.066783,-0.315171,0.946682
0,0,0.66615,0.243295,0.705019
0,0,0.669912,0.151276,0.726865
0,0,-0.323123,0.793106,0.516308
0,0,-0.712438,-0.176049,0.679293
0,0,-0.280532,-0.0666901,0.957525
0,0,0.657974,-0.246176,0.711665
0,0,0.781359,-0.346895,0.518788
0,0,0.186391,-0.926748,0.326184
0,0,-0.2528,0.960063,0.119881
0,0,-0.875503,-0.0734046,0.477604
0,0,0.543124,0.598087,0.589329
0,0,-0.552436,0.833507,0.0089975
0,0,-0.290914,0.31433,0.90364
0,0,0.520528,-0.68508,0.509623
0,0,0.188481,-0.886572,0.422452
0,0,-0.126691,0.426277,0.895677
0,0,0.91893,-0.375121,0.121868
0,0,-0.192891,-0.97353,0.122607
0,0,-0.195472,-0.95946,0.203043
0,0,0.782476,0.243225,0.573212
0,0,-0.615863,-0.75244,0.233553
0,0,-0.486651,0.86304,0.135399
0,0,0.355969,0.820327,0.447604
0,0,-0.41324,-0.0372964,0.909858
0,0,-0.873116,-0.245966,0.420914
0,0,-0.281599,0.0765537,0.956474
0,0,-0.440168,0.81418,0.378633
0,0,-0.514971,0.856083,0.0438985
0,0,0.585508,0.180865,0.790233
0,0,0.591396,-0.111896,0.79858
0,0,0.810501,0.378104,0.447353
0,0,0.278511,-0.198315,0.939735
0,0,-0.550712,0.128959,0.824673
0,0,-0.646709,0.735797,0.200924
0,0,0.861109,-0.00937297,0.508335
0,0,0.860873,0.363977,0.355554
0,0,0.978092,-0.14278,0.151492
0,0,0.119239,-0.510297,0.851692
0,0,-0.281848,0.813578,0.508578
0,0,-0.642299,-0.330862,0.691363
0,0,0.323809,-0.448896,0.832851
0,0,0.917492,-0.295455,0.266299
0,0,-0.703343,0.158333,0.692994
0,0,0.99988,0.0112808,0.0106388
0,0,-0.781925,0.583597,0.219105
0,0,0.410169,0.736315,0.538146
0,0,-0.0149172,-0.979322,0.201759
0,0,-0.158109,0.452582,0.877594
8.11363,12.0499,-0.533574,0.321144,0.78241
0,0,-0.601765,-0.490312,0.630454
20.545,29.6779,0.323689,-0.945014,0.0466278
0,0,-0.764653,0.539363,0.352695
0,0,-0.415678,-0.365431,0.83287
0,0,0.0422962,0.635562,0.77089
0,0,0.785807,-0.0220656,0.618078
0,0,0.235642,0.175888,0.955791
0,0,0.0821859,-0.871051,0.484268
0,0,0.542394,-0.132895,0.829547
22.7485,31.8095,0.392576,0.912802,-0.112594
0,0,-0.189936,0.845798,0.498548
0,0,0.739456,0.669177,0.0735335
0,0,0.0494725,0.738239,0.672723
0,0,-0.0774149,-0.957012,0.279525
0,0,0.781408,0.623756,0.0181563
0,0,0.734793,-0.0586499,0.675751
0,0,0.703719,0.619358,0.348102
0,0,0.286616,0.463956,0.83821
0,0,-0.347336,0.858746,0.376714
0,0,0.371429,-0.457305,0.80803
0,0,-0.898426,-0.343672,0.273351
0,0,-0.751958,0.659126,0.0105605
0,0,-0.241197,-0.970026,0.0295621
0,0,0.270414,0.534634,0.800652
0,0,-0.104972,0.935042,0.338642
0,0,0.566355,-0.21664,0.795179
0,0,0.97468,0.0374792,0.22044
0,0,-0.956929,-0.086676,0.277082
0,0,-0.171533,0.508202,0.843983
0,0,-0.839782,0.34032,0.423024
0,0,-0.629186,-0.742145,0.230967
0,0,0.198638,-0.456873,0.86707
0,0,-0.785304,-0.170864,0.595065
0,0,-0.314658,-0.689961,0.651877
0,0,-0.109303,-0.989081,0.0988476
0,0,0.200775,-0.572654,0.794831
0,0,0.0175049,-0.466476,0.88436
0,0,-0.935881,-0.0361353,0.350458
0,0,-0.766211,-0.528141,0.366043
0,0,-0.880181,0.194975,0.432742
0,0,0.884145,-0.0336441,0.465999
0,0,0.866375,-0.406194,0.290519
0,0,0.026275,-0.895495,0.444295
0,0,0.728791,-0.557563,0.397477
0,0,-0.89791,-0.00257279,0.440172
0,0,-0.171845,0.975427,0.137883
0,0,-0.450455,0.860968,0.236271
0,0,0.747934,0.110571,0.654499
0,0,0.409099,0.364784,0.836404
0,0,-0.957182,0.103884,0.270206
0,0,-0.158771,-0.824579,0.543011
0,0,-0.0807794,0.726344,0.682568
12.404,17.0178,-0.670955,0.434374,0.600947
0,0,0.249862,-0.967547,0.0377044
0,0,0.305765,-0.387956,0.869482
22.6318,29.9842,-0.574229,-0.809916,0.119573
0,0,0.0536775,-0.984983,0.164097
0,0,-0.388877,-0.553507,0.736482
0,0,-0.192493,-0.726002,0.660203
0,0,-0.517303,-0.0548808,0.854041
0,0,0.402695,0.913888,0.0514399
0,0,0.450965,0.868218,0.206948
0,0,0.216518,0.974912,0.0516352
0,0,-0.895604,0.309283,0.319745
0,0,-0.832802,0.394238,0.38861
0,0,0.55184,-0.828398,0.0960658
0,0,-0.27439,-0.750095,0.601721
0,0,0.203824,0.60271,0.771489
0,0,-0.302282,-0.263934,0.91595
0,0,0.137888,-0.8877,0.439289
0,0,-0.346924,-0.86159,0.370549
0,0,0.614476,-0.539129,0.575986
0,0,0.624777,-0.601976,0.497271
0,0,-0.079913,0.561839,0.823378
0,0,0.60558,-0.447223,0.658228
0,0,0.872125,0.0606378,0.485512
0,0,-0.531667,-0.819957,0.212133
0,0,-0.61824,0.785893,0.0122915
0,0,-0.58621,-0.807011,0.071357
0,0,-0.626513,-0.419581,0.656836
0,0,-0.498529,0.374923,0.781602
0,0,-0.164036,-0.985266,0.0484035
0,0,0.0366244,0.694141,0.718907
0,0,-0.228745,0.792756,0.56499
0,0,-7.76394e-05,0.890605,0.454778
0,0,0.3411,0.500435,0.795748
0,0,-0.449728,-0.728141,0.517257
0,0,0.90808,0.353218,0.225008
0,0,0.964102,0.00433386,0.265495
0,0,-0.0780838,-0.907739,0.412205
0,0,-0.480082,-0.112378,0.869996
0,0,-0.18998,-0.507739,0.840303
0,0,0.639073,0.718345,0.274893
0,0,-0.441791,0.633534,0.635181
0,0,0.801377,-0.585933,0.120324
0,0,0.469326,0.100584,0.877278
0,0,0.350842,-0.79324,0.497675
0,0,0.180878,0.940255,0.288452
0,0,-0.38509,0.84419,0.372893
0,0,-0.451766,-0.587357,0.671505
0,0,0.234316,0.651325,0.721714
0,0,-0.219009,0.887554,0.405318
0,0,-0.602656,-0.181925,0.776987
0,0,-0.451839,0.890856,0.0470891
0,0,-0.184947,-0.527224,0.829355
18.9559,27.1935,0.646638,-0.293818,0.703939
0,0,0.407031,0.726683,0.553405
0,0,0.916799,-0.36464,0.162843
0,0,-0.173448,0.513061,0.840645
0,0,0.064547,-0.595167,0.801006
0,0,0.723312,-0.0929164,0.684241
0,0,-0.026053,-0.918817,0.393823
0,0,0.752313,-0.413546,0.51284
0,0,0.413082,0.847254,0.333952
0,0,0.224384,-0.604866,0.764061
0,0,0.0943568,-0.480265,0.872033
0,0,0.367461,-0.183946,0.911667
0,0,-0.223663,0.919156,0.324234
0,0,-0.369029,-0.0853395,0.925492
0,0,0.704612,-0.560172,0.435579
0,0,-0.443537,-0.193708,0.875072
0,0,-0.631006,-0.594536,0.498356
0,0,-0.265384,-0.304388,0.914833
0,0,-0.0927046,0.125521,0.98775
0,0,0.299559,-0.777768,0.552577
0,0,-0.393848,0.86514,0.310511
0,0,0.361718,-0.463011,0.809186
0,0,0.574903,-0.796718,0.186352
0,0,-0.624128,-0.776455,0.0870711
0,0,0.0216697,0.17834,0.98373
0,0,-0.443929,-0.724559,0.527201
21.9816,32.6468,-0.700669,-0.034297,0.712661
0,0,-0.948994,0.135128,0.284869
0,0,0.236716,0.0207401,0.971357
0,0,-0.468168,0.602174,0.646688
0,0,0.529471,0.534138,0.659057
0,0,-0.780827,-0.177133,0.599111
0,0,0.14594,0.967214,0.207842
0,0,-0.897887,-0.0583691,0.436339
0,0,0.116996,0.501858,0.857001
0,0,-0.162432,0.811155,0.561821
0,0,-0.101691,-0.955143,0.278138
0,0,-0.524918,-0.682786,0.508197
0,0,0.254249,-0.95879,0.126801
0,0,-0.899307,-0.0726428,0.431242
0,0,-0.334881,-0.212815,0.917913
0,0,0.666433,0.743107,0.0604886
0,0,0.492095,-0.839714,0.229615
0,0,0.441945,0.792911,0.419495
0,0,0.0616448,0.472137,0.879367
0,0,0.153852,-0.808354,0.568238
0,0,-0.386875,-0.89633,0.216611
0,0,-0.960237,0.260205,0.101185
0,0,-0.922412,0.189036,0.33678
0,0,0.457921,-0.888553,0.0279774
0,0,-0.577882,-0.473101,0.665002
0,0,0.712385,-0.574369,0.403248
0,0,-0.65106,0.579351,0.490382
0,0,-0.943606,0.31768,0.093205
0,0,0.543822,0.793886,0.272033
0,0,-0.687564,-0.72612,0.0024464
0,0,0.756762,-0.428665,0.493516
0,0,-0.861809,-0.300405,0.408708
0,0,0.159365,0.409177,0.89843
0,0,0.632321,0.603708,0.485497
0,0,0.407153,0.868707,0.282091
0,0,-0.840098,0.541739,0.0274639
0,0,0.738492,-0.523448,0.425007
0,0,-0.149161,-0.181751,0.971966
19.7646,27.9013,0.0889526,0.105927,0.990387
0,0,-0.689877,-0.668971,0.276672
0,0,-0.625642,-0.639374,0.44696
0,0,-0.130865,-0.316442,0.939542
0,0,0.573929,-0.78621,0.229083
0,0,-0.566512,0.295144,0.769386
0,0,0.933599,-0.125297,0.3357
0,0,-0.62837,0.351757,0.693843
0,0,-0.219761,-0.0264444,0.975195
0,0,-0.242002,-0.228594,0.942963
0,0,-0.997613,-0.0677788,0.0132243
0,0,-0.309211,-0.647842,0.696196
0,0,-0.197538,-0.771784,0.604424
0,0,-0.279753,-0.54972,0.787113
0,0,0.279227,-0.9329,0.227444
0,0,0.662768,-0.391573,0.638286
0,0,-0.894616,0.302874,0.328527
0,0,-0.132261,-0.410496,0.902219
12.1021,17.7097,-0.408679,-0.888961,0.206711
0,0,-0.198158,-0.963418,0.180443
0,0,0.399106,0.462922,0.791465
0,0,-0.038863,0.813342,0.580486
0,0,-0.516479,0.684194,0.514905
0,0,-0.0168106,-0.982504,0.185481
0,0,0.758093,-0.42659,0.493271
0,0,0.536067,0.554577,0.636457
0,0,0.229949,-0.704592,0.671322
0,0,0.27691,-0.929452,0.243801
0,0,0.951995,-0.306111,0.00109942
0,0,0.0259768,0.999414,0.0222853
0,0,-0.918076,-0.0370425,0.394671
0,0,0.943844,-0.221726,0.24494
0,0,-0.194806,-0.976128,0.096046
0,0,-0.0566911,0.184186,0.981255
0,0,0.316772,-0.740968,0.592133
0,0,-0.276278,0.905723,0.321459
0,0,0.63865,0.104884,0.762316
0,0,-0.520394,-0.534781,0.665733
0,0,-0.499627,0.181674,0.846975
0,0,-0.999866,0.00342954,0.0159797
20.3631,28.4093,-0.0730337,0.312097,0.947239
0,0,-0.785641,0.61868,0.00174967
0,0,-0.126354,0.952613,0.2767
0,0,-0.638385,-0.14931,0.755097
0,0,0.343523,-0.0646969,0.936913
0,0,-0.175827,-0.704929,0.687139
0,0,-0.0513367,-0.444757,0.894179
0,0,0.118214,0.610179,0.783394
0,0,0.470418,0.867844,0.159855
0,0,-0.525028,-0.61615,0.587116
0,0,0.459487,0.445373,0.76845
0,0,0.743736,0.231799,0.626997
0,0,0.900476,0.159323,0.404672
0,0,-0.704586,0.617601,0.349468
0,0,0.0395919,0.135538,0.989981
22.5619,32.3544,0.285039,0.868855,0.404775
0,0,-0.678781,0.451824,0.578888
0,0,-0.200747,-0.733716,0.649123
0,0,0.642644,0.370424,0.670667
0,0,-0.193278,0.980659,0.0308417
0,0,0.233446,0.969151,0.0790548
0,0,0.61972,-0.533648,0.575471
0,0,0.463269,0.708464,0.532411
0,0,0.355532,0.926307,0.124713
0,0,-0.4897,0.786201,0.376938
0,0,-0.715126,0.674656,0.18285
0,0,-0.830108,-0.539961,0.139149
0,0,0.68727,0.640204,0.343219
0,0,0.28068,0.672375,0.684931
0,0,-0.69159,-0.149604,0.706627
0,0,-0.813758,0.14876,0.561844
0,0,0.233295,0.761527,0.60469
0,0,-0.555311,0.649867,0.518944
0,0,-0.772622,-0.306707,0.555864
0,0,-0.0420443,0.640829,0.766531
0,0,-0.51107,0.762412,0.396906
0,0,-0.661117,-0.68382,0.308729
0,0,0.918264,0.334086,0.212548
0,0,0.0293025,-0.877673,0.478364
0,0,0.0580438,0.651617,0.756324
0,0,0.678872,-0.117876,0.724733
0,0,-0.862098,-0.244538,0.443834
0,0,-0.286878,-0.172351,0.942335
0,0,0.136025,-0.649687,0.747933
23.0648,30.461,-0.576602,-0.784709,-0.227512
0,0,-0.394827,-0.105752,0.912649
0,0,-0.788664,0.604309,0.113229
0,0,-0.236295,-0.656782,0.716102
0,0,0.760816,0.136196,0.634516
0,0,0.0770643,0.528646,0.845337
0,0,0.579774,-0.0554579,0.812888
0,0,0.238837,-0.50053,0.832122
0,0,0.117925,-0.674269,0.72901
0,0,0.953591,0.220402,0.205154
0,0,0.459387,0.807,0.371099
0,0,0.266991,0.961883,0.0591277
0,0,-0.253942,-0.728973,0.635698
0,0,-0.9168,0.160786,0.365547
0,0,0.445185,0.538849,0.715159
0,0,0.110505,-0.942147,0.316462
0,0,0.161084,0.967934,0.192759
6.41049,10.8498,0.0871004,-0.194789,0.97697
0,0,-0.348675,0.79879,0.490265
0,0,0.175078,-0.124033,0.976711
0,0,-0.468881,0.122032,0.874791
0,0,-0.238238,-0.719391,0.652472
0,0,0.799193,-0.549835,0.242841
0,0,0.787851,0.600478,0.136808
0,0,-0.876666,0.478342,0.051428
0,0,-0.989996,-0.0833571,0.113836
0,0,0.0711207,0.814803,0.575359
0,0,-0.429393,-0.893872,0.1289
0,0,-0.43031,0.67948,0.594256
0,0,0.281301,-0.793375,0.539838
0,0,0.787183,0.31394,0.530833
0,0,-0.657872,-0.696967,0.285379
0,0,0.730575,0.456894,0.507453
0,0,0.231435,0.908473,0.348014
0,0,-0.690213,-0.631744,0.352854
0,0,0.947523,0.064109,0.313194
0,0,0.331319,0.54829,0.767858
0,0,-0.507065,0.141732,0.850175
0,0,-0.360322,0.647213,0.671776
0,0,0.465256,-0.859668,0.210969
0,0,-0.885326,-0.351402,0.304491
0,0,0.692264,0.721574,0.0100307
0,0,0.3511,-0.130045,0.927263
0,0,-0.907151,-0.123954,0.402135
0,0,0.480802,-0.769118,0.421054
0,0,0.884314,-0.344535,0.315095
0,0,0.874492,0.0180715,0.484703
0,0,0.840766,0.430071,0.328863
0,0,0.152212,-0.397889,0.904719
0,0,0.0830665,0.515825,0.852657
0,0,-0.236539,0.648798,0.723263
0,0,-0.971671,0.0807701,0.222109
0,0,-0.687802,-0.711216,0.145259
0,0,-0.255836,-0.371291,0.892575
0,0,-0.779975,0.531372,0.330581
0,0,0.603048,-0.74796,0.27729
0,0,0.194792,0.458243,0.867219
0,0,-0.586024,0.706056,0.397568
0,0,-0.095642,0.5629,0.820973
0,0,-0.00599872,-0.403559,0.914934
0,0,0.882176,0.14898,0.446732
11.9209,16.3794,0.0554678,-0.748283,0.661057
0,0,0.654198,-0.0270779,0.755838
0,0,0.729122,-0.213581,0.650204
0,0,-0.178183,-0.679831,0.711394
0,0,-0.332205,-0.520443,0.786625
0,0,-0.611321,-0.647467,0.455053
0,0,0.709514,-0.0158096,0.704514
0,0,-0.136549,0.97994,0.145162
0,0,0.96678,0.034894,0.253216
0,0,-0.783153,-0.21633,0.582985
0,0,0.682074,0.418339,0.599806
0,0,0.785214,0.405879,0.467655
0,0,0.382175,-0.886881,0.259587
0,0,-0.0462113,0.905698,0.421396
0,0,0.389878,0.903031,0.180358
0,0,0.00781981,-0.519572,0.854391
0,0,0.837405,0.123472,0.532454
0,0,0.976357,-0.189367,0.104251
0,0,0.877633,0.0765793,0.473176
0,0,0.42759,0.151765,0.891142
0,0,-0.508455,0.491899,0.70676
0,0,-0.518784,-0.206575,0.829572
0,0,-0.813375,-0.572278,0.104492
0,0,-0.593901,0.779261,0.200083
0,0,-0.979977,0.15014,0.130777
0,0,-0.534092,0.841965,0.0764218
0,0,0.458205,0.0564451,0.887052
0,0,0.806609,0.0125878,0.590952
0,0,0.263916,-0.788785,0.555127
0,0,-0.6402,0.76021,0.110569
0,0,0.906145,-0.38227,0.181028
21.8091,30.8004,0.492457,-0.108021,0.863608
0,0,-0.913121,0.387385,0.127052
0,0,0.103157,-0.858151,0.502928
0,0,-0.574016,0.618653,0.536446
0,0,-0.134044,0.988085,0.0756386
16.6491,25.3831,-0.647843,0.0958759,0.755717
0,0,-0.797658,-0.548818,0.250081
0,0,-0.0259884,0.7851,0.618823
0,0,0.94385,-0.0646498,0.323986
0,0,-0.278639,0.95178,0.128355
0,0,0.474173,0.550159,0.687376
8.95057,12.7678,0.759539,0.216786,0.613273
0,0,0.634955,0.758205,0.148178
0,0,-0.559462,-0.724309,0.402963
0,0,-0.446299,0.775857,0.445942
0,0,-0.351679,0.615343,0.705461
0,0,-0.883938,0.06186,0.463493
0,0,0.591958,0.0960342,0.800227
0,0,0.163205,0.214759,0.962935
0,0,-0.0660272,0.615617,0.785274
0,0,0.256799,0.547219,0.796621
0,0,0.144684,0.111277,0.983201
0,0,0.118021,-0.231753,0.965589
0,0,0.580268,0.597303,0.55364
0,0,-0.644344,0.75665,0.11091
0,0,0.516182,-0.624668,0.585958
0,0,-0.509943,0.520617,0.684774
0,0,-0.830633,0.0330277,0.555839
0,0,0.378601,-0.745361,0.548724
0,0,-0.315351,-0.627784,0.711647
0,0,0.536755,0.801565,0.263414
0,0,0.388136,-0.379813,0.839698
0,0,-0.737859,-0.674813,0.0138422
20.7738,29.8473,0.980513,-0.149929,0.126943
0,0,0.938348,-0.214656,0.270974
0,0,0.432069,0.358213,0.827647
0,0,-0.78653,0.478466,0.390437
0,0,-0.552342,0.801613,0.228769
0,0,0.941758,0.0890082,0.3243
0,0,0.687545,-0.466668,0.556331
0,0,0.195491,0.979815,0.041791
0,0,-0.61578,-0.0809433,0.783749
0,0,0.0374004,-0.917437,0.39612
0,0,-0.91221,-0.160158,0.377125
0,0,0.644162,-0.162002,0.747536
0,0,0.879155,0.266711,0.394907
0,0,0.552206,-0.210747,0.806632
0,0,0.545132,-0.813863,0.201142
0,0,-0.169784,-0.968082,0.184368
0,0,0.275193,-0.928976,0.247534
0,0,-0.220298,-0.287953,0.931961
0,0,-0.401898,0.0543459,0.91407
0,0,0.144098,-0.154973,0.977353
0,0,0.882135,0.414275,0.224084
0,0,0.79927,0.24005,0.550947
0,0,-0.60496,0.399517,0.688774
0,0,0.445914,0.895076,0.000243355
0,0,-0.161877,-0.981427,0.102937
0,0,0.12481,-0.770868,0.624648
0,0,-0.360565,0.693831,0.623372
0,0,0.847597,0.430744,0.309902
0,0,0.144006,-0.249239,0.957676
0,0,-0.909369,0.378797,0.171931
0,0,-0.989495,-0.130443,0.0623309
0,0,0.84928,0.0439169,0.526113
0,0,0.314324,0.18394,0.931325
0,0,0.52142,-0.847769,0.0970053
0,0,0.595901,0.783493,0.176181
0,0,-0.453997,0.00772201,0.89097
0,0,-0.732936,-0.543308,0.409414
0,0,-0.979576,-0.164065,0.116244
0,0,0.473651,0.724233,0.50114
0,0,0.580854,0.484469,0.654139
0,0,-0.686008,-0.616244,0.386828
0,0,0.324069,-0.535395,0.779956
0,0,-0.261193,-0.675929,0.689129
0,0,0.162915,0.937973,0.306047
0,0,0.739335,0.652736,0.165287
0,0,-0.700064,0.684902,0.202037
0,0,0.0209008,0.684622,0.728598
0,0,0.483715,0.82395,0.295172
0,0,-0.315053,0.93292,0.174363
0,0,-0.525966,-0.574393,0.627242
0,0,-0.946168,-0.147362,0.288186
0,0,0.561454,-0.267541,0.783065
0,0,-0.988627,-0.145586,0.0376985
0,0,-0.428997,-0.612686,0.66376
0,0,0.705894,0.123321,0.6975
0,0,0.126389,-0.470152,0.873489
0,0,-0.79322,0.0486011,0.606992
0,0,-0.635658,-0.672464,0.379118
0,0,0.824835,-0.209767,0.525019
0,0,-0.108627,0.867618,0.48522
0,0,0.597173,-0.594241,0.538761
0,0,-0.121054,-0.678944,0.724142
0,0,-0.751742,0.286214,0.594109
0,0,0.128279,-0.0451432,0.99071
0,0,-0.753807,-0.57224,0.32298
22.3071,30.9287,-0.798027,-0.542864,0.261632
0,0,-0.875764,-0.472934,0.0968077
0,0,-0.934753,-0.0890292,0.343962
0,0,0.658233,-0.396186,0.64013
0,0,-0.453469,0.837948,0.303659
0,0,0.950515,-0.0296281,0.309262
0,0,0.444026,0.842967,0.303724
0,0,0.92702,0.0715172,0.368128
0,0,0.206804,-0.724572,0.65744
0,0,0.943542,0.0172582,0.330804
0,0,-0.907136,-0.355334,0.225482
0,0,-0.237111,-0.678595,0.695188
0,0,-0.89945,-0.204755,0.386091
0,0,0.000939956,0.619444,0.785041
0,0,-0.225808,-0.973889,0.0234568
0,0,0.83657,0.330339,0.437066
0,0,0.327658,0.0133728,0.944702
0,0,0.457704,-0.0671331,0.886566
0,0,-0.690251,-0.341585,0.637866
0,0,0.483779,0.593328,0.643366
0,0,-0.495123,0.836303,0.235478
0,0,0.711078,0.617914,0.335485
12.1085,18.972,0.371246,-0.234734,0.898374
0,0,-0.230195,0.333897,0.91407
0,0,0.157315,-0.970625,0.18204
0,0,-0.0441885,0.398921,0.91592
0,0,0.344064,0.669652,0.658169
0,0,0.562853,0.483715,0.670236
0,0,-0.872894,0.45332,0.180434
0,0,-0.682643,0.161716,0.712633
0,0,-0.0389977,0.278945,0.959515
0,0,-0.219061,0.764274,0.606546
0,0,-0.374223,-0.230145,0.898326
0,0,0.0969933,0.43542,0.894987
0,0,-0.500808,-0.520931,0.691246
0,0,-0.189033,0.981091,0.0415516
0,0,-0.30179,0.949465,0.0862558
0,0,0.619386,-0.427241,0.658654
17.7647,27.7387,0.967676,0.0558257,0.245942
0,0,0.270903,0.962447,0.0175351
0,0,0.452998,-0.381784,0.805627
0,0,0.888695,-0.0962818,0.448275
0,0,-0.871142,0.374573,0.317502
0,0,-0.226386,0.247234,0.942139
0,0,0.91501,0.399922,0.0530869
0,0,-0.930742,0.319391,0.178071
0,0,-0.5971,-0.752384,0.27819
0,0,0.0911202,0.990966,0.0983999
0,0,0.883691,0.22983,0.407761
0,0,-0.632408,-0.367021,0.68217
0,0,-0.991624,-0.124739,0.0334997
0,0,0.158539,0.760212,0.630034
0,0,-0.831893,-0.0745742,0.549903
0,0,0.441462,-0.521622,0.730083
0,0,0.686547,0.218836,0.693372
0,0,0.565195,0.824645,0.022697
0,0,-0.346151,-0.342509,0.873423
0,0,0.87366,0.153563,0.461667
0,0,-0.218379,0.159124,0.962803
0,0,-0.770539,-0.569436,0.286376
0,0,0.169641,0.588781,0.790291
0,0,-0.0626947,-0.984075,0.16633
0,0,-0.621745,-0.73878,0.260072
0,0,0.869962,-0.459387,0.179247
0,0,0.379458,-0.62418,0.682943
0,0,-0.0651726,0.661256,0.747324
0,0,0.635114,0.566073,0.525539
0,0,0.315017,-0.540453,0.780176
0,0,-0.652783,0.727418,0.211513
0,0,0.76533,0.607563,0.212454
0,0,-0.493629,-0.630595,0.598899
0,0,0.36024,-0.457254,0.813109
0,0,0.748473,0.305923,0.588387
0,0,-0.969013,0.147773,0.197929
0,0,0.102195,-0.683863,0.722418
0,0,-0.725867,-0.0364664,0.686868
0,0,0.802686,0.259304,0.537081
0,0,0.213012,-0.969405,0.121985
0,0,0.14042,0.785401,0.60285
0,0,0.979011,-0.0962491,0.17965
0,0,0.621947,-0.515144,0.589753
0,0,0.88603,-0.411576,0.213437
0,0,0.0951309,-0.962733,0.253171
0,0,-0.143503,0.972699,0.182383
0,0,-0.366142,-0.875193,0.316191
0,0,0.00866801,-0.821395,0.570293
0,0,0.822796,-0.540562,0.1755
0,0,0.810833,-0.584916,0.0205613
0,0,-0.50968,0.710033,0.48588
16.087,23.0248,-0.275823,-0.431119,0.859103
0,0,-0.90689,-0.384524,0.172316
0,0,0.189981,-0.662782,0.724311
0,0,-0.439335,0.242261,0.86504
0,0,-0.327071,-0.103465,0.939319
0,0,-0.560654,0.722409,0.404713
0,0,0.959745,0.0203937,0.280133
0,0,0.44041,-0.848779,0.292596
0,0,0.464126,0.85958,0.213796
0,0,-0.988175,0.149117,0.0356923
0,0,-0.912932,0.396953,0.09478
0,0,-0.275275,0.914849,0.295422
0,0,-0.305784,-0.874496,0.3765
6.63598,10.1594,0.263293,-0.275799,0.924452
0,0,0.525645,-0.429213,0.734488
0,0,0.04149,-0.549874,0.834216
0,0,-0.606137,-0.737031,0.298971
0,0,0.0976537,-0.898148,0.428711
0,0,-0.817245,-0.19801,0.541205
0,0,0.371207,-0.587537,0.719031
0,0,-0.833258,-0.16219,0.528559
0,0,0.297345,0.566807,0.76832
0,0,0.0214701,-0.691897,0.721677
11.9738,17.0356,-0.227047,0.829227,0.510718
0,0,-0.706497,-0.633972,0.31455
0,0,0.166733,-0.833385,0.526944
0,0,-0.995797,-0.00238693,0.0915596
0,0,-0.285452,-0.31617,0.90474
0,0,0.316642,-0.896247,0.310611
0,0,0.363141,0.343399,0.866144
0,0,0.478598,0.449668,0.75415
0,0,-0.112008,0.526713,0.842631
0,0,0.50319,-0.624033,0.597815
0,0,-0.752376,-0.343208,0.562262
0,0,0.648266,0.750885,0.126186
0,0,-0.671714,-0.344431,0.655872
0,0,0.943145,0.30046,0.142131
0,0,-0.655,-0.709076,0.261125
0,0,0.482784,-0.833448,0.268857
0,0,-0.889584,-0.0232469,0.45618
0,0,0.562472,0.674213,0.478604
0,0,0.186074,-0.3075,0.933177
0,0,0.509498,0.748173,0.425029
9.26325,13.4599,0.335575,0.0475755,0.940811
0,0,0.546777,0.81899,0.174042
8.86223,12.7895,0.0976734,0.672464,0.733656
0,0,0.483054,-0.664887,0.569723
0,0,0.0582727,-0.960518,0.272048
0,0,0.776029,0.562889,0.28449
0,0,0.0250843,0.664433,0.746927
0,0,-0.730024,-0.395299,0.557497
0,0,0.853693,0.196563,0.482257
0,0,-0.924959,0.299048,0.234565
0,0,0.636456,-0.555237,0.535384
0,0,0.599558,0.695074,0.39674
0,0,0.703921,-0.690636,0.165881
0,0,-0.603568,-0.785598,0.136167
0,0,-0.00440504,0.993437,0.114298
0,0,0.183297,0.928675,0.322437
0,0,-0.447274,0.333765,0.829787
0,0,0.833044,-0.451233,0.320041
0,0,-0.734295,-0.321232,0.598014
0,0,-0.560287,0.136339,0.817001
0,0,-0.932494,-0.307845,0.188909
0,0,-0.319115,0.662509,0.677678
0,0,0.0573371,0.607865,0.791967
0,0,0.0469014,-0.0640611,0.996843
0,0,-0.378384,0.908962,0.174969
0,0,-0.708509,0.125919,0.694377
0,0,-0.775176,-0.609587,0.165851
0,0,0.0666886,-0.681663,0.728621
0,0,-0.0512149,0.546286,0.836032
0,0,0.424294,-0.350497,0.834941
0,0,0.504265,-0.268245,0.82083
0,0,0.821999,0.520663,0.230711
0,0,0.942942,-0.150426,0.297039
0,0,-0.488515,-0.0471203,0.871282
0,0,-0.547543,0.360831,0.754982
0,0,0.559512,0.373619,0.739834
0,0,0.578169,-0.674194,0.459546
0,0,0.293692,0.501163,0.813991
0,0,-0.708023,0.629355,0.320338
0,0,-0.0690693,-0.931023,0.358365
0,0,-0.125791,-0.172267,0.976985
0,0,-0.238624,0.853202,0.463794
0,0,0.176204,0.429444,0.885737
0,0,0.802795,-0.496012,0.330898
0,0,-0.154981,-0.949781,0.27184
0,0,-0.189175,-0.970854,0.147156
0,0,-0.626004,0.0554204,0.777848
0,0,0.586326,0.0167962,0.809901
0,0,0.326208,0.4068,0.853289
0,0,-0.203321,-0.943667,0.261062
0,0,0.193251,-0.954386,0.227598
0,0,0.386017,-0.913897,0.125634
0,0,-0.652562,-0.161836,0.740251
0,0,0.435192,0.416454,0.798232
0,0,-0.686109,0.364227,0.629756
15.668,24.1411,-0.20571,0.198727,0.958223
0,0,0.695074,-0.577191,0.428628
0,0,-0.032424,-0.936626,0.348827
0,0,-0.59355,-0.264295,0.760162
0,0,-0.513493,0.649561,0.56071
0,0,-0.492755,-0.868089,0.0601179
0,0,0.75126,0.141393,0.644684
0,0,-0.820776,-0.557909,0.122736
0,0,-0.52935,-0.714942,0.456778
0,0,-0.882524,0.0170996,0.469956
0,0,-0.785554,0.567882,0.245795
19.7687,26.6978,-0.0519404,0.0135111,0.998559
0,0,0.0334325,0.343507,0.938555
0,0,0.984447,-0.0988333,0.145246
0,0,-0.0657906,0.83873,0.540559
0,0,-0.984673,0.113011,0.132842
0,0,0.315964,0.790486,0.524689
0,0,-0.496552,0.83423,0.239783
0,0,-0.534343,0.640669,0.55138
0,0,-0.444408,-0.146381,0.883784
0,0,0.67997,0.575913,0.453833
0,0,-0.771879,-0.381813,0.508353
0,0,-0.360837,0.932545,0.0124995
0,0,-0.257079,0.830978,0.493341
0,0,0.30976,-0.606773,0.732035
0,0,0.922846,0.177467,0.341848
0,0,0.722931,0.276958,0.632982
0,0,0.354861,-0.343714,0.869445
0,0,-0.66519,-0.536642,0.51917
0,0,0.609505,-0.705503,0.361619
0,0,0.727511,-0.575494,0.373543
0,0,-0.70575,-0.271053,0.654558
0,0,0.563167,0.799931,0.207252
0,0,-0.600405,0.775868,0.193759
0,0,-0.883564,-0.136861,0.447866
0,0,0.994623,-0.0292892,0.0993361
0,0,0.930969,-0.327568,0.161232
0,0,0.241036,-0.0129848,0.970429
0,0,-0.610865,-0.165569,0.774229
17.6811,27.8256,-0.63572,0.757925,-0.146317
0,0,-0.673573,-0.638506,0.372304
17.6475,25.167,-0.162239,-0.160787,0.973564
0,0,-0.242316,-0.801732,0.546359
0,0,0.572191,0.616118,0.541291
0,0,-0.610526,0.290472,0.736806
0,0,-0.271718,-0.558506,0.783735
0,0,-0.865459,-0.160362,0.474621
0,0,-0.32166,-0.56985,0.756178
0,0,-0.214106,-0.371716,0.903319
0,0,0.00933194,-0.999111,0.0410993
0,0,0.0753205,-0.297855,0.951635
0,0,0.681515,-0.00798998,0.73176
0,0,-0.0109069,0.999653,0.023977
0,0,0.291668,0.956436,0.0126814
0,0,-0.140226,-0.438677,0.887637
0,0,-0.089378,0.956513,0.277657
0,0,0.606299,0.730599,0.314049
0,0,0.578716,0.0751606,0.812058
0,0,-0.713239,0.456004,0.532307
0,0,-0.747988,0.607479,0.267363
0,0,-0.535067,0.522184,0.664099
5.18502,7.95514,-0.157663,-0.53586,0.829455
17.429,25.2018,0.437145,-0.0314167,0.898842
0,0,0.664298,-0.220958,0.714063
0,0,0.181631,0.589548,0.787047
0,0,-0.740159,-0.668588,0.0718011
0,0,-0.401352,0.696686,0.594596
0,0,0.826862,-0.290604,0.481507
0,0,-0.82557,0.171697,0.537545
0,0,0.995469,-0.0881557,0.0356412
0,0,-0.535504,-0.00170442,0.844531
0,0,0.988687,0.0572976,0.138618
0,0,0.754471,0.638354,0.152566
0,0,-0.727974,0.413651,0.546761
0,0,0.809205,0.467968,0.355237
0,0,-0.83065,0.143519,0.537981
0,0,0.490428,0.634146,0.597779
0,0,-0.652328,-0.115552,0.749076
0,0,-0.719078,-0.623232,0.307422
0,0,0.50415,0.231805,0.831925
0,0,0.979321,0.1987,0.0380701
0,0,-0.555538,0.748881,0.361324
0,0,0.3429,0.673431,0.654913
0,0,-0.35087,-0.00431922,0.936414
0,0,-0.667677,0.663395,0.337809
0,0,-0.972559,0.0367695,0.229733
0,0,0.377434,-0.827825,0.41503
0,0,-0.721656,0.513552,0.464194
0,0,-0.469371,-0.293043,0.832957
0,0,0.139426,-0.807868,0.572634
0,0,-0.581828,0.0884448,0.808488
0,0,-0.122425,0.950555,0.285408
0,0,0.224517,0.469755,0.85377
0,0,0.420859,0.553934,0.718355
0,0,-0.87888,-0.356398,0.317098
0,0,-0.459473,-0.181936,0.869358
0,0,0.134059,0.671408,0.728862
0,0,-0.593558,-0.413483,0.69045
0,0,-0.912603,-0.297731,0.280198
0,0,-0.323948,0.668507,0.669444
0,0,0.79874,0.148473,0.58307
0,0,-0.980522,0.191217,0.0448579
0,0,-0.1128,0.624499,0.772837
0,0,0.0165978,0.670407,0.741808
0,0,-0.997415,0.0604253,0.0388801
0,0,-0.932055,0.356347,0.0654994
0,0,-0.240431,0.734023,0.63514
0,0,0.142482,-0.741737,0.655381
0,0,0.987133,0.0219175,0.158389
0,0,0.568199,-0.807635,0.157716
0,0,0.351084,-0.153042,0.923752
0,0,-0.481219,0.812108,0.330014
0,0,-0.625591,0.0548224,0.778223
0,0,0.996571,0.0297008,0.0772295
0,0,0.209106,0.132648,0.968855
0,0,-0.081567,0.791919,0.605154
0,0,0.142528,-0.899192,0.413689
0,0,-0.889621,0.05883,0.452895
0,0,0.419323,-0.592342,0.687967
0,0,-0.0760133,-0.428656,0.900264
0,0,-0.49339,0.832353,0.252497
0,0,0.246989,0.488451,0.836906
0,0,0.826308,0.368294,0.426116
0,0,-0.919446,0.239541,0.311832
0,0,0.365994,0.0649759,0.928346
0,0,0.213001,-0.965921,0.147063
0,0,0.745317,-0.0182634,0.66646
0,0,-0.771758,0.567777,0.286391
0,0,-0.731569,0.471266,0.492662
0,0,0.699793,0.485397,0.524099
0,0,-0.187543,0.971539,0.144708
0,0,-0.686526,-0.414385,0.597467
0,0,0.797872,-0.207501,0.56599
0,0,-0.0968491,0.900115,0.42475
0,0,-0.503983,0.333765,0.796619
0,0,0.511058,0.0667334,0.856952
0,0,-0.39478,-0.876877,0.274291
0,0,0.570926,-0.602511,0.557695
0,0,-0.41424,0.898122,0.147585
0,0,0.0880712,-0.563346,0.821514
0,0,-0.958946,-0.0858831,0.270273
0,0,-0.388367,0.290668,0.874462
23.565,32.0867,0.178119,0.549147,0.816524
0,0,-0.615916,0.0177065,0.787612
0,0,0.794265,-0.575825,0.193828
0,0,-0.61492,-0.776462,0.13777
0,0,0.178437,0.823811,0.538048
0,0,-0.942357,-0.318989,0.101039
0,0,0.600268,0.189856,0.776939
0,0,0.617806,0.78268,0.0756833
0,0,0.240116,-0.955402,0.171906
0,0,0.771091,0.315847,0.552865
0,0,0.716297,0.404366,0.568689
0,0,-0.661826,-0.324475,0.675797
0,0,0.730621,0.590558,0.342688
0,0,0.959803,0.182729,0.213048
0,0,0.0276903,-0.99582,0.0870431
0,0,-0.452763,-0.86308,0.223826
0,0,-0.233455,0.869166,0.435946
0,0,0.131425,-0.892519,0.431436
0,0,-0.999596,0.0283373,0.00238571
0,0,0.703215,-0.297831,0.645589
0,0,-0.237383,0.342927,0.908873
0,0,-0.882402,0.470034,0.0208293
0,0,-0.805769,-0.0513822,0.589997
0,0,-0.983551,-0.161771,0.0803579
0,0,0.721797,0.536918,0.436723
0,0,0.645184,-0.196488,0.738329
0,0,6.28991e-05,-0.791946,0.61059
0,0,-0.958791,-0.198655,0.203117
0,0,0.154343,0.0930302,0.983628
0,0,0.343952,-0.916744,0.203168
0,0,0.677955,0.475128,0.560919
0,0,0.985745,0.10282,0.133174
0,0,0.895605,0.0610211,0.440645
0,0,0.51474,-0.212286,0.830649
0,0,-0.651647,0.319914,0.687758
0,0,-0.878,-0.00572797,0.478626
0,0,-0.683388,0.508254,0.524078
0,0,0.668106,-0.675623,0.311718
0,0,0.1765,-0.226564,0.957871
0,0,0.0814601,0.987016,0.138435
0,0,0.747608,0.0470995,0.662469
0,0,-0.569813,0.77075,0.285055
0,0,0.398561,-0.875357,0.273676
0,0,0.701157,0.50154,0.506791
0,0,0.972317,0.0105288,0.233428
0,0,0.0142785,-0.688271,0.725313
0,0,-0.804646,0.590303,0.0639324
0,0,0.124387,0.436373,0.891127
0,0,0.543774,0.772706,0.327468
0,0,-0.307735,0.950812,0.035431
0,0,-0.754579,-0.653771,0.0565206
0,0,0.419471,0.60113,0.680211
0,0,0.599883,-0.434875,0.671584
0,0,0.727657,0.568145,0.384352
0,0,0.496574,-0.86758,0.0268087
0,0,-0.954132,-0.266462,0.136488
0,0,-0.717758,0.569783,0.400214
0,0,-0.215757,-0.93372,0.285684
0,0,-0.339661,0.893495,0.293763
0,0,-0.297947,0.78811,0.538619
0,0,0.623646,0.113969,0.773354
0,0,-0.0264074,-0.823818,0.566239
0,0,0.888356,-0.182947,0.421133
0,0,0.0229755,0.953361,0.300957
0,0,-0.184235,-0.597979,0.78005
0,0,-0.725865,-0.34071,0.597526
0,0,-0.263834,-0.539973,0.799263
0,0,0.0380031,0.993462,0.107656
0,0,0.661168,0.59736,0.453893
0,0,0.923565,-0.151008,0.352454
0,0,0.697653,0.45127,0.556449
0,0,-0.679011,-0.65137,0.338616
0,0,0.277148,0.939748,0.200157
0,0,-0.549678,0.78583,0.283417
0,0,0.986785,0.135772,0.0884349
0,0,-0.796933,-0.494227,0.34733
0,0,-0.306953,-0.646241,0.698679
0,0,0.5074,0.842356,0.18161
0,0,0.118884,-0.979616,0.161921
0,0,0.162891,-0.975897,0.145228
0,0,0.823917,0.393864,0.40747
0,0,-0.446083,-0.828499,0.338526
0,0,-0.591771,0.400761,0.699427
0,0,0.340805,0.190571,0.920616
0,0,-0.954561,-0.250274,0.16179
0,0,0.203259,-0.645146,0.736528
0,0,0.328762,-0.927642,0.177191
0,0,-0.0635383,0.988507,0.137176
0,0,-0.746202,-0.454148,0.486756
0,0,0.383597,-0.909472,0.160354
23.1759,33.7675,-0.266302,-0.335973,-0.903441
0,0,0.748471,-0.259439,0.610313
0,0,-0.34556,0.471149,0.811546
0,0,-0.203025,-0.584443,0.785625
0,0,-0.252801,-0.482525,0.838607
0,0,0.172998,-0.370743,0.912481
0,0,-0.465572,-0.429245,0.773946
0,0,0.263406,-0.408836,0.873768
0,0,0.233384,0.842154,0.486116
0,0,0.682789,0.727991,0.0618625
0,0,-0.974317,-0.204468,0.0943381
0,0,-0.662381,0.679233,0.316061
0,0,-0.562713,-0.192254,0.803986
0,0,0.904578,-0.380279,0.192685
0,0,0.656439,0.71493,0.240754
0,0,0.792286,-0.0672357,0.606434
0,0,0.405009,0.509077,0.759479
0,0,0.453795,0.264403,0.850977
0,0,0.856686,-0.414715,0.306758
0,0,-0.564793,0.479367,0.671727
0,0,-0.967628,-0.22976,0.104432
0,0,0.137816,-0.56205,0.815541
0,0,-0.815612,0.155636,0.557274
0,0,-0.0835188,0.0151626,0.996391
0,0,0.133327,-0.614369,0.777673
0,0,-0.289734,-0.243275,0.925674
0,0,-0.856333,-0.106311,0.505363
0,0,0.868075,0.0495195,0.493956
0,0,0.889242,-0.0730041,0.451573
0,0,-0.669693,0.739936,0.0632931
0,0,-0.228957,0.31361,0.921535
0,0,-0.089787,-0.986916,0.133922
0,0,-0.269574,-0.157989,0.949931
0,0,-0.0335979,-0.278856,0.959745
0,0,0.363745,0.810318,0.459429
0,0,-0.977466,-0.0922544,0.189869
0,0,-0.966395,0.120985,0.226812
0,0,0.851228,-0.0670205,0.5205
0,0,0.957629,-0.239454,0.160028
0,0,-0.378874,-0.911478,0.160192
0,0,0.495447,-0.0347965,0.867941
0,0,-0.834952,-0.413115,0.363581
0,0,-0.186293,0.796887,0.574688
0,0,0.595481,-0.248173,0.764076
0,0,-0.695552,-0.213247,0.6861
0,0,0.229049,-0.604626,0.762865
0,0,-0.461674,-0.699698,0.545234
0,0,-0.557722,-0.77299,0.302377
0,0,0.654858,0.432925,0.619465
0,0,-0.0324393,0.913879,0.404688
0,0,-0.183776,0.982921,0.00964131
0,0,0.140088,0.949823,0.279663
0,0,0.47653,-0.257491,0.840606
0,0,-0.787395,-0.586772,0.188964
0,0,-0.749055,-0.623944,0.222736
0,0,-0.354739,-0.516418,0.779405
0,0,0.255637,0.948478,0.18719
0,0,-0.686073,-0.369149,0.626923
0,0,-0.411456,-0.907108,0.0886516
0,0,-0.721021,0.630118,0.288237
0,0,-0.592679,-0.206408,0.778542
0,0,0.46001,0.463319,0.757447
0,0,-0.387676,0.873761,0.293683
0,0,-0.644333,-0.694599,0.319948
11.0634,14.928,-0.145412,-0.213439,0.966074
16.371,21.2114,0.615349,-0.47269,0.630801
0,0,-0.0868378,-0.995731,0.0312755
0,0,0.53668,0.407413,0.738911
0,0,0.692409,0.697986,0.182719
22.6197,32.4249,-0.783287,-0.617837,0.0688373
0,0,0.8762,-0.470647,0.103753
0,0,0.439824,0.320924,0.838786
0,0,0.190681,-0.467556,0.863152
0,0,-0.379589,0.401093,0.833688
0,0,-0.144547,0.737857,0.659298
0,0,0.0675055,-0.731637,0.678343
0,0,0.619058,-0.301875,0.72501
0,0,-0.218884,0.612737,0.75937
0,0,0.763165,-0.10051,0.638339
0,0,-0.786408,0.0563878,0.615128
0,0,-0.314756,0.697954,0.643264
0,0,-0.268492,0.517223,0.812645
0,0,-0.28395,0.41798,0.86294
0,0,-0.138694,0.410597,0.901207
0,0,0.615465,0.781497,0.1023
0,0,0.464728,0.84284,0.271382
0,0,-0.730693,-0.635624,0.249137
0,0,-0.605174,0.0472568,0.794689
0,0,-0.815921,-0.513067,0.266526
0,0,0.952078,-0.0063345,0.30579
0,0,-0.478687,0.42085,0.770548
0,0,0.126061,-0.831459,0.541096
0,0,-0.526529,0.288877,0.799573
0,0,0.214286,-0.936083,0.278979
0,0,-0.508167,-0.658765,0.554793
0,0,0.787619,0.106212,0.606939
0,0,0.154999,-0.451992,0.878452
0,0,-0.969922,0.0615373,0.235509
0,0,-0.963915,-0.0767199,0.254917
0,0,0.863521,0.13252,0.48659
0,0,0.641448,0.62112,0.450283
0,0,-0.308595,0.0759871,0.948153
0,0,-0.648028,0.431698,0.627452
0,0,-0.49475,0.864745,0.0862421
0,0,0.399033,-0.700944,0.591144
0,0,-0.748329,0.636367,0.187191
0,0,0.845472,-0.44361,0.297301
0,0,0.302585,0.894235,0.329827
0,0,-0.827366,0.158997,0.538689
0,0,-0.800567,-0.0421203,0.597761
0,0,-0.123093,0.457724,0.880532
0,0,0.615558,-0.697667,0.366537
0,0,-0.756637,0.650196,0.0688859
0,0,0.145616,0.405467,0.902437
0,0,0.144265,0.571027,0.808156
0,0,-0.032757,-0.978712,0.202609
0,0,0.961093,-0.000105225,0.276225
0,0,-0.0097965,-0.772767,0.634614
0,0,0.981964,-0.0779053,0.172272
0,0,0.706144,0.387233,0.5928
0,0,0.530868,-0.172166,0.829782
0,0,-0.312959,-0.908744,0.276117
0,0,0.735847,-0.619884,0.272532
0,0,-0.169375,0.572765,0.80203
0,0,-0.468343,-0.743009,0.478113
21.9764,31.4125,0.658776,0.473491,0.584654
0,0,0.50555,-0.638847,0.579908
0,0,-0.44851,0.893063,0.035737
0,0,-0.0520052,-0.890173,0.452644
0,0,-0.695613,0.675334,0.245044
0,0,0.497774,-0.743855,0.445983
0,0,-0.9198,0.380524,0.0957514
0,0,-0.613704,-0.0824908,0.785215
0,0,0.273399,-0.51096,0.814968
0,0,-0.700496,-0.667561,0.252326
0,0,-0.28798,0.490606,0.822419
0,0,-0.7305,-0.306558,0.61024
0,0,-0.614922,-0.688447,0.384594
0,0,-0.689881,-0.0816567,0.719303
0,0,0.398251,-0.265454,0.878026
0,0,-0.0765954,0.988793,0.128148
0,0,-0.232952,-0.915762,0.327282
0,0,0.248199,-0.968706,0.00225023
0,0,-0.592406,0.760027,0.267233
0,0,-0.205934,-0.152999,0.966531
0,0,-0.430194,-0.897408,0.0979378
0,0,-0.965386,0.171076,0.196884
0,0,0.0812198,0.293192,0.952597
0,0,-0.0473148,0.9882,0.145677
0,0,-0.978584,-0.125498,0.163167
0,0,0.677026,0.0550189,0.7339
0,0,-0.858599,-0.303501,0.413152
0,0,-0.0767649,-0.628523,0.773993
0,0,-0.203019,0.943903,0.260443
0,0,-0.944417,0.0911329,0.315865
0,0,0.23987,-0.515856,0.822408
0,0,-0.848834,-0.481841,0.217509
0,0,-0.528118,0.429978,0.732264
0,0,0.381806,0.895244,0.229699
0,0,-0.60509,0.0706835,0.793014
0,0,0.581026,-0.312467,0.751514
0,0,0.595005,0.248981,0.764185
0,0,-0.431341,-0.781267,0.451184
0,0,0.67623,-0.71527,0.176356
0,0,0.683119,-0.293228,0.668855
0,0,-0.334159,-0.863844,0.376978
0,0,-0.930709,0.283814,0.230717
0,0,0.736595,0.67419,0.0538215
0,0,0.0492993,-0.572541,0.818393
0,0,-0.71168,-0.284385,0.642369
0,0,-0.54603,0.822203,0.160727
0,0,-0.232899,0.777787,0.583785
0,0,0.562783,0.528921,0.63523
0,0,0.217309,0.864543,0.453147
0,0,-0.352272,-0.877497,0.325428
0,0,0.953734,0.0242131,0.299676
0,0,-0.211127,0.936271,0.280753
0,0,-0.0241546,0.639014,0.768816
0,0,-0.910152,-0.310732,0.273988
24.2454,33.2222,-0.669213,-0.556343,0.492582
0,0,0.847213,0.525158,0.0802489
12.0569,15.8098,-0.930586,-0.0648286,0.360287
0,0,0.568291,0.41527,0.710349
0,0,0.785077,-0.554236,0.276543
0,0,-0.835769,-0.287013,0.468096
0,0,0.399412,0.901289,0.167773
0,0,0.397654,0.913467,0.0863055
9.27568,12.0446,-0.500538,0.487685,0.71528
0,0,-0.439899,0.798915,0.41015
0,0,-0.532882,-0.352311,0.769359
0,0,-0.180646,0.884064,0.431043
0,0,0.500369,-0.385558,0.775226
0,0,-0.718904,-0.691775,0.0680013
0,0,0.343606,0.199023,0.917783
0,0,-0.0878458,-0.780776,0.618605
0,0,0.778839,-0.627209,0.00427931
0,0,-0.0204412,0.592724,0.805146
0,0,-0.351158,-0.828635,0.435949
0,0,0.158247,0.782598,0.602078
0,0,-0.499546,-0.865649,0.0332355
0,0,-0.0960016,-0.989087,0.111763
0,0,-0.259627,0.961871,0.0860059
0,0,0.391996,0.790421,0.470716
0,0,0.0989007,0.626333,0.773256
0,0,0.283635,-0.547136,0.787523
0,0,0.175009,0.578226,0.796886
0,0,0.654443,-0.519438,0.549444
0,0,-0.446258,0.819695,0.359102
0,0,0.620782,-0.0815892,0.779726
0,0,0.906422,0.379623,0.185163
0,0,-0.669133,0.466149,0.578762
0,0,-0.495058,-0.867266,0.0526131
0,0,-0.998783,0.0473927,0.0136371
0,0,0.893803,-0.252509,0.370615
0,0,-0.745719,0.0281477,0.665666
0,0,-0.922012,-0.378483,0.0815177
0,0,0.652281,0.0233004,0.757619
0,0,0.103887,-0.137685,0.985013
0,0,0.311671,0.159344,0.936734
0,0,0.0916547,0.745012,0.660724
0,0,-0.49968,-0.737386,0.454513
0,0,0.91894,-0.0542946,0.390642
0,0,-0.439876,-0.613816,0.655545
0,0,0.286993,0.88339,0.370482
0,0,-0.669011,0.618013,0.412897
0,0,0.922658,0.20989,0.323494
0,0,-0.592593,-0.804372,0.0426474
0,0,0.936352,0.0365414,0.349155
0,0,-0.489642,0.871565,0.0249921
0,0,-0.221443,-0.96761,0.121217
0,0,0.669452,0.022926,0.742501
0,0,-0.407088,-0.031331,0.912851
0,0,0.938511,-0.298343,0.173749
0,0,0.681032,-0.603053,0.415359
0,0,-0.277445,0.493115,0.824538
0,0,0.836975,-0.417244,0.35409
0,0,0.945689,0.322515,0.0406906
15.9244,23.425,0.929809,-0.101298,0.353828
0,0,0.124037,0.390953,0.912015
0,0,-0.743223,-0.658059,0.120742
0,0,0.915293,-0.393419,0.0863744
0,0,0.47586,0.857762,0.194427
0,0,-0.0457753,0.88488,0.463564
0,0,-0.797723,-0.114429,0.592067
0,0,0.540273,-0.759466,0.362375
0,0,-0.262538,-0.584318,0.767884
0,0,0.0814283,0.943072,0.322467
0,0,0.0395779,-0.648348,0.760315
0,0,0.187873,-0.943644,0.27247
0,0,0.226055,-0.84972,0.476313
0,0,0.538754,-0.409795,0.736079
0,0,-0.952388,0.0478977,0.301103
0,0,0.36989,-0.278953,0.886209
0,0,-0.189588,-0.616735,0.763999
0,0,0.142373,0.61886,0.772491
0,0,0.97793,0.0887088,0.189167
0,0,-0.935082,0.114069,0.335574
0,0,0.679343,-0.0577759,0.731543
0,0,0.47933,-0.224696,0.848383
0,0,0.00413081,0.811541,0.584281
0,0,0.698478,0.124717,0.70468
0,0,-0.10055,-0.386229,0.916906
12.9355,18.9079,0.725864,0.551236,0.411413
0,0,0.516078,0.641526,0.567545
0,0,0.0500904,-0.550062,0.83362
0,0,0.0984899,-0.927098,0.361647
0,0,0.0708447,0.557354,0.827247
0,0,0.93452,0.255637,0.247634
0,0,0.194541,0.371789,0.907704
0,0,-0.664554,0.570609,0.482466
0,0,0.376588,0.147754,0.914522
0,0,0.725051,-0.486385,0.487577
0,0,0.690627,-0.0495553,0.721511
0,0,0.670328,-0.723175,0.166369
20.6726,25.9354,0.550531,-0.82487,0.12847
0,0,0.0938805,-0.949514,0.299348
0,0,0.587855,0.619817,0.519859
0,0,-0.903374,-0.28689,0.318763
0,0,-0.507385,0.230273,0.830382
0,0,-0.431731,0.901863,0.0158812
22.5174,32.6645,-0.435197,-0.87604,0.207743
0,0,-0.827352,-0.0356957,0.560549
0,0,-0.256318,0.934109,0.24848
0,0,0.222132,0.262683,0.938965
0,0,-0.467055,0.883297,0.0405626
0,0,-0.638061,0.527526,0.560887
0,0,0.494616,0.869097,0.00501252
0,0,-0.702494,-0.652117,0.285035
0,0,-0.922285,0.00767854,0.386434
0,0,-0.782483,0.0989633,0.614757
0,0,0.853576,-0.361409,0.375222
0,0,-0.844137,0.50659,0.175496
0,0,-0.0652219,-0.993178,0.0966667
0,0,0.993276,0.0681204,0.0936073
0,0,-0.697131,-0.714022,0.0646612
0,0,-0.699151,-0.694769,0.168773
0,0,0.183637,-0.951286,0.247653
0,0,0.989295,0.136881,0.0505824
0,0,0.4505,0.814436,0.365709
0,0,-0.372366,0.350723,0.859265
0,0,-0.462264,0.811388,0.357718
0,0,0.877925,0.283796,0.385626
0,0,0.901589,0.252463,0.351282
0,0,-0.715401,0.0167827,0.698512
0,0,-0.0731514,0.98282,0.169452
0,0,0.35048,-0.5452,0.761525
0,0,-0.182159,0.973863,0.135679
0,0,0.275434,-0.702921,0.655773
0,0,-0.400891,0.846207,0.351027
0,0,-0.43472,0.897109,0.0788277
0,0,-0.864022,-0.356735,0.355255
0,0,0.847591,0.511739,0.140406
0,0,-0.928059,0.140807,0.344788
0,0,-0.133437,0.845168,0.517577
0,0,0.931368,-0.0437699,0.361438
0,0,-0.313534,-0.846809,0.429664
0,0,0.425488,-0.519911,0.740711
0,0,0.67048,0.736726,0.0877023
0,0,-0.910886,0.341026,0.232355
0,0,-0.301837,0.777417,0.55183
0,0,0.187659,-0.336321,0.922861
18.8142,27.3529,-0.188089,-0.43352,0.881296
0,0,0.107459,0.913215,0.393054
0,0,-0.136212,0.100197,0.9856
0,0,-0.877336,0.111099,0.466838
0,0,0.477037,-0.47413,0.740025
0,0,0.986393,0.164397,0.00184748
0,0,0.807974,0.573301,0.136027
0,0,0.436766,0.757566,0.485108
0,0,-0.617835,-0.466093,0.633274
0,0,0.526165,0.122234,0.841551
0.0367345,0.0718091,0.490746,0.0761909,0.867965
0,0,0.427567,-0.903138,0.0390813
0,0,0.340128,-0.772932,0.53562
0,0,-0.274867,0.788964,0.549531
0,0,0.313797,0.901736,0.297326
0,0,0.722845,-0.576471,0.381019
0,0,0.346704,0.535533,0.770065
0,0,-0.265731,-0.75202,0.603202
0,0,0.28624,0.146667,0.946866
0,0,0.774438,-0.612503,0.158388
0,0,0.312605,0.125865,0.941507
0,0,0.267814,-0.956139,0.118636
0,0,0.523981,-0.772609,0.358496
0.627916,0.717732,0.0593354,-0.0123261,0.998162
0,0,0.672657,0.560165,0.483474
0,0,0.0725163,-0.997362,0.00317797
0,0,-0.577358,0.24446,0.779036
0,0,0.364235,0.916663,0.164505
0,0,0.965684,-0.057757,0.253218
0,0,0.425164,-0.612877,0.666046
0,0,-0.680915,0.727876,0.080945
17.2857,21.7477,-0.939787,0.27522,0.202616
0,0,0.100913,-0.802951,0.587441
0,0,-0.904867,0.305782,0.296163
0,0,-0.943744,-0.246281,0.220666
0,0,-0.195798,0.231646,0.952892
0,0,0.779892,-0.282216,0.558679
0,0,-0.961832,-0.083105,0.260715
0,0,-0.0148939,0.999884,0.00314903
0,0,-0.128232,0.84371,0.521259
0,0,-0.819927,0.530894,0.214178
0,0,-0.0906173,-0.105187,0.990315
0,0,0.569949,-0.0341218,0.820971
0,0,0.625087,0.596588,0.503337
0,0,0.143887,-0.801487,0.580444
0,0,0.196953,-0.979299,0.0467246
0,0,0.314651,0.748609,0.583592
0,0,-0.027588,-0.529662,0.84776
0,0,0.498588,0.80384,0.324423
0,0,0.486767,0.259401,0.834128
0,0,0.174071,-0.721891,0.669756
23.1611,29.8782,0.892599,-0.194269,0.40685
0,0,-0.0606849,-0.0138924,0.99806
0,0,0.577458,-0.797543,0.174552
0,0,-0.0818879,0.771156,0.631357
0,0,0.15744,-0.900007,0.406449
0,0,0.669046,0.399478,0.626734
0,0,0.431345,-0.84792,0.308178
0,0,-0.772929,0.631663,0.0598624
0,0,0.765284,-0.338568,0.547459
0,0,0.0982367,-0.96098,0.258587
0,0,0.481436,0.447579,0.753587
0,0,-0.737884,0.659658,0.142752
0,0,-0.0856339,-0.986352,0.14063
0,0,0.620763,0.688295,0.37537
0,0,0.356385,-0.933579,0.0376926
0,0,-0.409738,0.314948,0.856109
0,0,0.23185,-0.489773,0.840457
0,0,-0.88345,-0.439693,0.161821
0,0,-0.850782,0.479326,0.215446
0,0,0.732801,-0.0513931,0.6785
0,0,-0.493437,-0.128448,0.860244
0,0,0.0823635,0.480919,0.872888
0,0,-0.49032,0.0702283,0.868708
0,0,0.291546,-0.630195,0.719621
0,0,0.858653,-0.458129,0.229854
0,0,-0.490726,-0.658822,0.570212
0,0,0.599269,0.121248,0.791313
0,0,-0.976586,-0.15494,0.149243
0,0,-0.631745,0.0454611,0.773842
0,0,-0.964638,-0.138622,0.224182
0,0,-0.22645,-0.973952,0.011738
0,0,-0.413984,-0.90072,0.131604
0,0,0.232861,0.962653,0.138116
0,0,-0.606124,0.616985,0.50194
0,0,-0.916682,-0.174945,0.35929
0,0,0.834418,0.435155,0.338211
0,0,0.0328374,0.549563,0.834806
0,0,0.60764,-0.655668,0.448189
0,0,-0.40759,-0.640513,0.650856
0,0,0.790325,0.611422,0.0393716
0,0,-0.200781,-0.390799,0.898311
0,0,-0.0933374,0.72434,0.683096
0,0,0.996357,0.0428965,0.0737026
0,0,0.721862,0.671957,0.165497
0,0,0.959655,-0.256957,0.114174
0,0,-0.907728,-0.419105,0.0195154
0,0,0.96319,0.23305,0.133988
0,0,0.539407,0.725468,0.427477
0,0,-0.0161872,0.973172,0.229508
0,0,-0.302083,-0.298631,0.905298
0,0,0.910453,0.272193,0.311426
0,0,0.565164,-0.427297,0.705696
0,0,0.846636,-0.353039,0.398211
0,0,-0.997137,0.0468554,0.0593519
0,0,0.791433,0.323437,0.518674
0,0,-0.817005,0.471834,0.331474
0,0,-0.508196,-0.393063,0.766315
0,0,0.607228,-0.00333883,0.794521
0,0,-0.571711,0.224224,0.789221
0,0,-0.949804,0.138324,0.280603
0,0,-0.718256,-0.345109,0.604159
0,0,-0.749875,-0.0795472,0.65678
0,0,-0.417722,-0.134712,0.898533
0,0,0.72039,0.00203539,0.693567
0,0,-0.549237,-0.798608,0.246097
0,0,-0.729532,-0.677029,0.0970306
0,0,0.176357,-0.628077,0.757903
0,0,0.343826,0.179715,0.921676
0,0,0.84264,-0.287974,0.455004
0,0,-0.448495,-0.434278,0.781188
0,0,-0.0563031,-0.22375,0.973019
0,0,0.325028,0.765465,0.555356
0,0,-0.372913,-0.293736,0.880145
0,0,-0.204538,0.63085,0.74846
0,0,0.746764,-0.664981,0.0120043
0,0,-0.476758,0.876883,0.0614694
0,0,-0.516409,-0.0289648,0.855852
0,0,0.0489813,-0.472881,0.879764
0,0,0.609602,-0.588434,0.53116
0,0,-0.594242,0.0160312,0.804127
0,0,0.468988,0.881869,0.0485576
0,0,-0.376163,0.556424,0.740873
0,0,-0.202049,-0.946762,0.250636
0,0,0.139462,0.86883,0.475063
0,0,0.786717,-0.279981,0.55017
0,0,-0.968733,-0.240866,0.0594917
0,0,0.675171,-0.673354,0.301229
0,0,0.397591,-0.426621,0.812352
0,0,0.983365,0.179892,0.0251265
0,0,-0.308305,-0.951005,0.0232009
0,0,-0.85469,-0.354267,0.379473
0,0,0.329888,0.863829,0.380753
0,0,-0.716944,0.0245581,0.696698
0,0,0.112651,-0.856407,0.503862
0,0,-0.635397,-0.675475,0.374172
0,0,0.96936,0.117463,0.21574
0,0,0.345786,0.706757,0.617193
0,0,-0.895955,0.406435,0.179096
0,0,0.207067,0.134404,0.969051
0,0,-0.753798,0.00778279,0.657061
0,0,-0.832623,0.544667,0.100385
20.2364,29.776,-0.636687,-0.161193,0.754087
0,0,0.581156,0.124599,0.804197
0,0,-0.366394,0.0312307,0.929936
0,0,0.0413369,0.612315,0.789532
0,0,-0.83021,0.414428,0.372828
0,0,0.811862,0.364037,0.456462
0,0,-0.969226,-0.140325,0.20226
0,0,-0.0902518,-0.994481,0.0535046
0,0,-0.527432,0.0931787,0.844472
0,0,-0.577639,0.811849,0.0850536
0,0,0.367276,0.0292523,0.929652
0,0,-0.695856,0.638711,0.32838
0,0,0.727906,-0.0364897,0.684705
0,0,-0.180949,-0.947013,0.265376
0,0,0.132451,0.890605,0.435062
0,0,-0.108664,-0.128972,0.985677
0,0,-0.460961,0.100579,0.881702
0,0,-0.94827,0.308315,0.0756743
0,0,0.79148,-0.446317,0.417566
0,0,0.0170744,0.721549,0.692153
0,0,0.998546,-0.0146092,0.051895
0,0,-0.233562,-0.438281,0.867962
0,0,-0.453162,-0.205836,0.867338
0,0,0.910625,-0.291901,0.2925
0,0,0.572949,0.816983,0.0653299
0,0,-0.959634,-0.0624629,0.274228
0,0,-0.133151,-0.898445,0.41841
17.311,25.4051,-0.327351,0.75675,0.565837
0,0,-0.898913,0.151151,0.411229
0,0,0.643969,-0.752812,0.1363
0,0,-0.43174,0.878496,0.204563
0,0,0.226308,0.594713,0.771428
0,0,-0.441472,0.886734,0.137135
0,0,-0.413586,0.592918,0.690938
0,0,0.211668,-0.969037,0.127142
0,0,0.415406,0.573083,0.70641
0,0,-0.00665302,-0.987643,0.156576
0,0,0.0304065,0.729841,0.68294
0,0,0.76257,-0.549457,0.341443
0,0,0.328555,-0.719202,0.612209
0,0,-0.405406,-0.251417,0.878883
0,0,0.720019,-0.543022,0.432088
0,0,0.0708094,-0.315595,0.946248
0,0,-0.320552,-0.359284,0.876448
0,0,0.954812,0.262255,0.139848
0,0,-0.369861,0.802781,0.467703
0,0,0.266496,0.948868,0.169204
0,0,0.436837,-0.0165505,0.899389
0,0,-0.91615,-0.238731,0.321988
0,0,-0.858108,-0.498515,0.123018
0,0,-0.768282,-0.523446,0.368438
0,0,-0.707916,-0.705891,0.0239435
0,0,-0.315302,-0.734462,0.600957
0,0,-0.833335,0.523647,0.177047
0,0,0.85748,-0.492333,0.149456
0,0,0.421667,0.864979,0.272044
0,0,-0.363621,0.56821,0.738185
0,0,0.986006,-0.132302,0.101436
0,0,0.574863,-0.777706,0.254373
0,0,-0.212394,-0.843375,0.493567
0,0,0.871456,-0.49046,0.00372706
0,0,-0.635688,0.0811852,0.767665
0,0,0.855724,-0.0142274,0.517237
0,0,0.588354,0.697178,0.409612
0,0,-0.586791,0.607326,0.535566
0,0,0.782984,-0.444415,0.435236
0,0,0.105037,0.441832,0.890928
0,0,-0.772222,-0.44989,0.448633
0,0,-0.319901,0.482474,0.815403
0,0,-0.786131,0.585113,0.199099
0,0,-0.101929,0.994421,0.0271447
0,0,-0.37177,0.902491,0.21748
0,0,0.807952,0.390436,0.44133
0,0,0.357197,0.244484,0.901464
0,0,0.11175,0.233394,0.965939
0,0,0.901749,0.260982,0.344582
0,0,0.546583,0.424272,0.72197
0,0,-0.852936,-0.472634,0.221625
0,0,0.116479,-0.6462,0.754227
0,0,-0.403871,-0.570913,0.714805
23.0299,32.6737,-0.713109,-0.683317,0.156694
0,0,-0.985144,0.0546194,0.162814
0,0,0.978534,-0.203463,0.0327618
0,0,-0.772018,0.126836,0.622817
0,0,0.762887,0.2155,0.60956
0,0,-0.721531,0.388824,0.572896
0,0,0.447929,0.276119,0.850363
0,0,-0.176025,-0.971994,0.155701
0,0,0.853789,0.449075,0.263393
0,0,-0.359857,-0.650665,0.668684
0,0,0.0355272,0.448099,0.893278
0,0,-0.121153,-0.957476,0.261844
0,0,-0.568681,-0.68952,0.448513
0,0,-0.126186,-0.135161,0.982756
14.7999,22.5216,0.435789,0.178767,0.882117
0,0,0.265585,-0.534999,0.802023
0,0,0.632382,0.254236,0.731749
0,0,0.970819,0.230227,0.0671216
0,0,-0.282696,0.428271,0.858293
0,0,0.888725,-0.381881,0.253644
0,0,-0.437242,0.876363,0.202008
0,0,0.524312,0.410685,0.745945
0,0,-0.121967,0.856798,0.50102
0,0,0.829656,-0.26747,0.490032
0,0,0.775837,-0.381128,0.502811
0,0,0.775989,-0.326054,0.539935
0,0,-0.845251,-0.222895,0.485662
0,0,0.952451,-0.303375,0.0282987
0,0,-0.311535,0.799822,0.51306
0,0,-0.102143,-0.917354,0.384744
0,0,0.0765931,-0.8769,0.474531
0,0,0.145184,0.50548,0.850536
0,0,-0.136787,-0.687306,0.713372
0,0,-0.298527,-0.803575,0.514926
0,0,0.914588,0.381918,0.132918
0,0,0.47875,0.655468,0.584089
0,0,0.372811,-0.60799,0.700971
0,0,0.684981,0.43646,0.583356
0,0,-0.622839,-0.656166,0.426048
0,0,0.721182,-0.0548472,0.690571
0,0,0.270804,-0.688938,0.672332
0,0,-0.28293,-0.111266,0.952665
0,0,0.298574,0.809634,0.505318
0,0,0.314916,-0.30454,0.898935
0,0,0.619841,-0.262406,0.739554
0,0,0.527597,0.320019,0.786911
0,0,-0.607565,-0.118717,0.785348
0,0,0.65633,-0.536307,0.530666
0,0,0.387993,-0.727725,0.565578
0,0,-0.946488,0.158078,0.281376
0,0,0.590888,0.802524,0.0824998
0,0,-0.221484,0.975099,0.0112594
0,0,0.276112,0.934762,0.223568
0,0,-0.352231,0.76774,0.535265
0,0,-0.237275,0.69349,0.680273
0,0,0.299358,-0.648018,0.700327
0,0,0.68165,0.731436,0.0188061
0,0,0.34752,-0.405448,0.845483
0,0,0.904428,-0.187481,0.383223
0,0,-0.567829,0.0814196,0.81911
0,0,0.846513,-0.123506,0.517844
0,0,-0.626997,-0.778641,0.0243345
0,0,0.513946,-0.670144,0.535506
0,0,-0.847687,0.478601,0.228842
0,0,-0.259975,-0.600519,0.756168
0,0,-0.0224717,0.804833,0.593076
0,0,0.20822,-0.921477,0.32791
0,0,-0.147504,-0.38286,0.911954
0,0,-0.098007,-0.554632,0.826304
0,0,0.696873,0.599126,0.394229
0,0,-0.284572,-0.478165,0.830889
0,0,-0.117842,0.961629,0.247757
0,0,-0.327836,-0.493637,0.80551
0,0,0.728711,0.682976,0.0502305
0,0,-0.643911,-0.458984,0.612137
0,0,-0.631,-0.701339,0.331606
0,0,-0.930032,-0.0405091,0.365238
0,0,0.52562,-0.782266,0.33434
0,0,-0.712613,-0.530517,0.459058
0,0,-0.373126,0.473702,0.797737
0,0,0.479193,-0.678418,0.556888
0,0,-0.630385,-0.742261,0.227297
0,0,0.65192,0.724249,0.224641
18.1028,26.5655,-0.143712,-0.402105,0.904245
0,0,0.811838,-0.123741,0.57062
0,0,-0.298276,-0.88905,0.347305
0,0,0.545524,0.690112,0.475552
0,0,0.624877,0.184968,0.758496
0,0,-0.778344,0.570592,0.261925
0,0,-0.77271,0.00362928,0.634749
0,0,-0.11117,-0.797744,0.59266
0,0,0.964125,0.0145775,0.265047
0,0,-0.566131,-0.824222,0.0123887
0,0,0.9627,-0.270535,0.0043765
0,0,-0.458683,-0.834566,0.305137
0,0,0.213899,-0.974023,0.0743409
0,0,-0.605939,0.452955,0.653964
0,0,-0.637589,-0.103519,0.76339
0,0,-0.35163,0.00752284,0.936109
0,0,0.491694,0.839285,0.232031
0,0,0.0905158,-0.993356,0.0710651
0,0,0.641066,0.436319,0.631395
0,0,-0.101284,-0.290147,0.951607
0,0,0.180888,-0.147096,0.972441
0,0,-0.429131,-0.79437,0.429911
0,0,-0.513663,-0.490466,0.703984
0,0,-0.162346,-0.841735,0.514904
0,0,-0.631642,-0.759686,0.154615
0,0,-0.674497,-0.0876384,0.733057
0,0,-0.801584,-0.512828,0.307361
0,0,0.182534,-0.692912,0.697534
0,0,0.851256,0.0859097,0.517671
0,0,0.200432,-0.245787,0.948375
0,0,-0.8551,-0.457593,0.243747
0,0,-0.807842,-0.541613,0.232478
0,0,-0.866128,-0.193522,0.460839
0,0,0.541184,-0.409561,0.734425
0,0,-0.556988,0.807113,0.19579
0,0,-0.647831,0.684858,0.333593
0,0,-0.34645,0.919107,0.187658
0,0,0.758153,-0.0651274,0.648817
0,0,-0.0162906,-0.528804,0.848588
0,0,0.210059,0.817686,0.535971
0,0,-0.205011,-0.522198,0.827816
24.1044,34.8966,-0.875292,0.145983,0.461035
0,0,0.355903,-0.65131,0.670171
0,0,-0.582827,-0.750504,0.31154
0,0,0.964033,0.125989,0.234026
0,0,-0.837246,0.0625055,0.543242
0,0,0.0316454,0.874671,0.483683
0,0,-0.16049,0.959399,0.231941
0,0,-0.680517,-0.357455,0.639627
0,0,0.970099,0.106562,0.218065
0,0,0.912216,-0.363962,0.188133
0,0,0.407802,0.690432,0.597496
0,0,-0.764783,-0.465196,0.445757
0,0,-0.595465,0.803189,0.0175548
0,0,0.852063,-0.342316,0.39599
0,0,-0.86591,-0.0675368,0.495619
0,0,0.907656,0.00562798,0.419678
0,0,0.473661,-0.756542,0.450877
0,0,-0.477482,0.148767,0.865956
0,0,0.293271,-0.923465,0.247396
0,0,-0.495792,-0.851761,0.16939
0,0,0.917813,0.359977,0.167441
0,0,-0.934477,0.298294,0.194353
0,0,0.717583,0.696458,0.00457631
0,0,0.959317,-0.170007,0.225408
0,0,0.798706,0.600648,0.035944
0,0,-0.259331,0.467434,0.845135
0,0,0.0830677,-0.447,0.890669
0,0,0.594685,0.0991876,0.797817
0,0,-0.545265,0.656506,0.521236
0,0,0.860009,-0.420743,0.288722
0,0,0.396807,-0.400368,0.825984
0,0,0.733343,-0.609641,0.300909
0,0,0.332228,0.94318,0.00606544
0,0,0.863231,0.03709,0.503445
0,0,-0.930547,0.188659,0.31383
0,0,-0.853666,-0.18146,0.488186
0,0,0.252392,-0.890859,0.377715
0,0,0.522034,0.212523,0.826023
0,0,-0.624112,0.553313,0.55166
0,0,-0.0111221,-0.913816,0.405976
0,0,0.579432,-0.734648,0.352918
0,0,0.441774,0.77078,0.459058
0,0,0.383327,0.744533,0.546563
0,0,0.200954,-0.955946,0.213975
0,0,0.436573,0.425034,0.792938
0,0,-0.587582,0.807785,0.0472261
0,0,0.80264,-0.246288,0.543242
0,0,-0.575604,0.817514,0.0187055
0,0,0.619499,0.0610899,0.782617
0,0,-0.353697,0.504575,0.787593
0,0,0.870011,0.337832,0.359098
0,0,-0.801525,0.104107,0.588828
0,0,0.131606,-0.990024,0.0503182
0,0,0.733117,0.0756975,0.675877
0,0,0.581879,0.47024,0.663544
0,0,-0.586282,0.35915,0.726144
0,0,-0.0410992,-0.656013,0.75363
0,0,0.2079,0.472162,0.856645
0,0,-0.786684,-0.33612,0.517834
0,0,-0.055126,-0.987689,0.146397
0,0,-0.0581533,-0.971404,0.2302
0,0,-0.0207442,0.911711,0.410308
0,0,-0.848431,0.515806,0.118778
0,0,0.202816,0.974853,0.0923416
0,0,0.723225,0.687244,0.0681248
0,0,0.659702,0.299704,0.689181
0,0,-0.581197,0.203347,0.787946
0,0,-0.808545,-0.132136,0.573406
0,0,-0.608879,-0.0713052,0.790052
0,0,-0.710818,-0.461194,0.531072
16.6478,24.1993,0.27439,-0.673038,-0.686826
0,0,0.58207,-0.102938,0.806597
0,0,-0.0341129,0.886694,0.461097
0,0,-0.489342,0.814777,0.310939
0,0,-0.529874,0.817439,0.225891
0,0,0.599524,-0.677026,0.426857
0,0,-0.0354981,-0.738659,0.673144
0,0,-0.923084,-0.379526,0.0622591
0,0,0.799332,-0.512716,0.313354
0,0,0.928232,-0.353028,0.117289
2.12716,3.27425,-0.170418,0.169308,0.970717
0,0,-0.0410052,0.803462,0.593942
0,0,-0.756109,-0.634284,0.161192
0,0,-0.87239,0.297281,0.38802
0,0,-0.487608,0.178688,0.854581
11.549,15.7502,0.415071,0.909356,0.0280674
0,0,-0.0720893,-0.883612,0.462637
0,0,-0.835899,0.45021,0.31398
0,0,0.179416,0.10551,0.978099
0,0,0.342876,0.937154,0.064642
0,0,-0.231097,-0.515738,0.82499
0,0,-0.906648,0.0357559,0.420369
0,0,0.079123,0.639423,0.764773
0,0,-0.885899,0.443288,0.136672
0,0,0.0762617,0.678523,0.73061
0,0,-0.722733,0.32641,0.609191
0,0,-0.878032,0.257083,0.403694
0,0,0.574408,0.755557,0.314945
0,0,0.655403,-0.699605,0.284605
0,0,0.722338,0.260125,0.640752
0,0,0.112664,0.369144,0.922518
0,0,0.800823,0.375466,0.466591
0,0,-0.454633,0.866236,0.207229
0,0,0.478564,0.418626,0.771834
0,0,-0.374002,0.343806,0.861348
0,0,0.169917,-0.904015,0.392282
0,0,-0.272896,-0.413623,0.868587
0,0,0.0804742,0.523338,0.848317
0,0,0.114323,-0.466714,0.876988
0,0,-0.734403,0.421835,0.531702
0,0,0.184314,-0.972012,0.145676
0,0,-0.111634,-0.883531,0.454875
0,0,-0.973405,0.212028,0.0867553
0,0,0.20701,0.342891,0.916282
0,0,-0.813018,-0.492162,0.311091
0,0,0.516815,0.835156,0.188195
0,0,0.67859,-0.677301,0.284218
0,0,0.657199,-0.738342,0.151463
0,0,0.214101,0.967276,0.136153
0,0,0.23344,0.550146,0.801776
0,0,-0.576446,0.676786,0.457898
0,0,-0.0667815,0.995195,0.0715978
0,0,0.219418,-0.733017,0.643849
0,0,-0.681835,-0.584303,0.440104
0,0,-0.877609,0.160006,0.451885
21.598,29.4195,0.59946,-0.768888,0.222394
0,0,-0.457107,0.473798,0.752708
0,0,0.784261,-0.16133,0.599089
0,0,-0.0518413,-0.892046,0.448961
0,0,0.876718,0.227788,0.423649
0,0,-0.168022,-0.370338,0.913575
0,0,0.813577,0.135862,0.565361
0,0,-0.48673,-0.423322,0.764129
0,0,-0.651527,-0.722616,0.230951
0,0,-0.786023,-0.615402,0.0587237
0,0,-0.423945,0.876075,0.229702
0,0,0.671082,0.361495,0.647279
0,0,-0.41686,0.789006,0.451328
0,0,-0.285704,-0.831417,0.47657
0,0,0.266109,-0.232054,0.935594
0,0,0.777288,0.261323,0.572305
0,0,0.192233,0.870922,0.452263
0,0,0.430528,-0.615651,0.660014
0,0,0.654272,-0.143919,0.742439
19.2047,26.7045,0.285482,-0.024952,0.958059
0,0,-0.50628,0.862334,0.00782225
0,0,0.594182,-0.128766,0.793957
0,0,-0.382443,-0.852437,0.356495
0,0,-0.406969,-0.75462,0.514709
0,0,0.906083,-0.105247,0.409801
0,0,0.211604,-0.884166,0.416501
0,0,-0.749083,0.079701,0.657665
0,0,0.345789,0.929709,0.126772
0,0,0.284755,-0.628043,0.724208
0,0,-0.280723,0.248249,0.927128
0,0,0.20402,0.800829,0.56307
0,0,0.0374566,-0.456881,0.888739
0,0,-0.539492,-0.167602,0.825141
0,0,0.408003,0.77082,0.489255
0,0,0.57264,0.355448,0.738742
0,0,-0.333259,-0.270054,0.903332
0,0,-0.82677,-0.561673,0.0312363
0,0,-0.77731,-0.359217,0.516481
0,0,0.204058,0.0562549,0.977341
0,0,-0.787989,0.500364,0.358761
0,0,-0.28645,0.0299573,0.957627
0,0,0.993531,-0.0885022,0.0711626
0,0,-0.767039,-0.641386,0.0165965
0,0,-0.564288,0.120812,0.816691
0,0,-0.844174,-0.439481,0.306963
0,0,0.791933,-0.342262,0.505667
0,0,0.236674,0.841432,0.485776
0,0,-0.683123,0.662175,0.308006
0,0,-0.616279,-0.147156,0.773657
0,0,-0.952144,-0.0246514,0.304655
0,0,-0.990735,-0.118926,0.065577
0,0,-0.360579,0.283211,0.888693
0,0,0.789962,-0.291293,0.539545
0,0,0.127848,-0.640299,0.757412
0,0,0.505994,-0.719345,0.475934
0,0,0.727808,0.45371,0.514241
0,0,-0.416546,-0.908948,0.0173832
0,0,-0.886358,-0.443389,0.133325
0,0,0.578258,0.347674,0.738066
0,0,0.622625,-0.782135,0.0245527
0,0,-0.256851,0.963857,0.0707559
0,0,0.464885,-0.676091,0.57165
0,0,-0.631534,-0.769242,0.0971192
0,0,0.588423,0.436667,0.680501
0,0,0.692185,-0.279173,0.665539
0,0,-0.807394,0.343876,0.479442
0,0,0.78346,-0.501823,0.366558
0,0,-0.811469,0.547943,0.203166
0,0,-0.521465,0.736421,0.430997
0,0,-0.632624,0.63251,0.446898
0,0,-0.759312,-0.585487,0.283988
0,0,-0.386136,-0.652413,0.652116
0,0,-0.361221,0.446982,0.818369
0,0,-0.0618141,0.379237,0.923233
0,0,-0.338707,0.89553,0.288624
0,0,0.114439,-0.761305,0.638216
0,0,-0.161667,0.442158,0.882247
0,0,0.654075,-0.696586,0.294879
0,0,0.087266,0.505055,0.858664
0,0,-0.0686798,0.725969,0.684289
0,0,0.729578,0.571901,0.375027
0,0,0.424927,0.575134,0.699041
0,0,-0.334994,-0.426039,0.840399
0,0,-0.950185,-0.105491,0.293293
0,0,-0.657552,0.126405,0.74273
0,0,-0.200576,-0.525979,0.826508
0,0,0.420488,-0.873364,0.245816
0,0,-0.472687,-0.359963,0.804359
0,0,0.765852,-0.482752,0.42476
0,0,0.764068,0.485675,0.424641
0,0,-0.692307,0.216716,0.688291
0,0,0.0707874,0.0974541,0.992719
0,0,0.990686,-0.124707,0.0546733
0,0,-0.512775,0.496768,0.700202
0,0,-0.128953,-0.882908,0.451492
0,0,-0.965634,-0.166802,0.199321
0,0,0.63368,0.456927,0.624233
0,0,-0.337855,-0.481803,0.808529
0,0,0.0577617,-0.993601,0.0970599
0,0,0.803302,-0.334336,0.492875
0,0,0.581482,0.787384,0.204707
0,0,0.582187,0.216428,0.78372
0,0,0.0094971,-0.572906,0.819566
0,0,0.490233,-0.871171,0.0270576
0,0,-0.105717,-0.927693,0.358064
0,0,0.760046,-0.57342,0.305809
0,0,0.0712606,0.149628,0.986171
0,0,0.944586,0.0721016,0.320248
22.6619,33.5576,-0.385361,0.0250813,0.922425
0,0,-0.499319,-0.592959,0.631728
0,0,-0.0687941,0.962786,0.261362
0,0,0.78942,0.0175413,0.613603
0,0,0.768494,0.635695,0.0728637
0,0,-0.0262975,-0.828013,0.560092
0,0,-0.886477,0.451036,0.103563
0,0,0.237557,-0.909546,0.341017
0,0,0.111628,-0.76543,0.633763
0,0,0.669602,-0.727581,0.149194
0,0,-0.361788,-0.656068,0.662332
0,0,0.247936,-0.303815,0.919904
0,0,-0.960795,-0.26492,0.0817964
0,0,0.950765,-0.194492,0.241287
0,0,0.70194,-0.506136,0.501105
0,0,-0.632418,-0.758521,0.157141
0,0,0.421888,-0.897845,0.126036
0,0,0.319918,0.707475,0.630184
24.6469,34.7952,0.789147,0.0356831,-0.613167
0,0,-0.750477,-0.429719,0.502121
0,0,0.146382,-0.704075,0.694874
0,0,0.374379,-0.927215,0.0105731
0,0,-0.215997,0.876938,0.429331
0,0,-0.790643,0.611891,0.0217632
0,0,-0.294515,-0.882688,0.366228
0,0,0.276362,0.679165,0.67997
0,0,0.854051,0.507378,0.114737
0,0,0.548868,-0.648495,0.527445
0,0,0.960954,0.1283,0.245165
0,0,0.94147,0.201533,0.270219
0,0,-0.477582,-0.48534,0.732367
0,0,-0.939751,-0.0671622,0.335197
0,0,-0.441679,0.198135,0.875021
0,0,0.351251,-0.883349,0.310351
0,0,0.220754,-0.713162,0.665333
0,0,-0.470868,0.797076,0.37809
0,0,-0.819533,-0.440086,0.367001
0,0,-0.547587,0.835553,0.0447207
12.8532,19.8526,-0.335408,0.651015,0.680942
0,0,0.578112,0.532842,0.617953
0,0,-0.987944,0.0524194,0.145667
0,0,-0.974881,-0.196223,0.105372
16.9922,24.3278,0.158753,0.147364,0.976259
0,0,-0.971153,0.0251134,0.237131
0,0,0.0343221,-0.888365,0.457854
0,0,0.724489,-0.684742,0.0790124
0,0,0.387451,-0.900022,0.199603
0,0,-0.992515,-0.122032,0.00462713
0,0,0.566274,-0.0870403,0.819609
0,0,-0.171095,-0.823194,0.541366
0,0,0.399831,0.0880181,0.912353
0,0,-0.198053,0.971521,0.130086
0,0,-0.840627,0.44906,0.302806
0,0,-0.917281,-0.26386,0.298285
0,0,-0.604853,-0.651813,0.457486
0,0,0.278969,-0.935192,0.218158
0,0,-0.598553,0.800927,0.0158309
0,0,0.176588,-0.553641,0.813817
0,0,0.935457,0.341712,0.0902928
0,0,0.712352,-0.610204,0.346708
0,0,0.0642309,0.692987,0.718084
0,0,-0.772263,0.439331,0.458909
0,0,-0.66267,0.68,0.313795
0,0,0.823003,-0.419275,0.383241
0,0,0.588832,0.712754,0.381127
0,0,-0.307292,0.379393,0.872716
0,0,-0.875179,-0.34619,0.337957
0,0,0.0552125,0.723483,0.688131
0,0,0.118099,0.88184,0.45652
0,0,0.60607,0.662747,0.439824
0,0,-0.933602,0.304217,0.189311
0,0,-0.633917,0.612536,0.472175
0,0,-0.543963,0.215887,0.810862
0,0,0.818675,-0.370059,0.439121
0,0,0.746157,-0.131294,0.652696
0,0,-0.753549,0.259518,0.603998
0,0,-0.785279,0.00302628,0.619135
21.4503,31.5552,-0.410074,-0.141335,0.901035
0,0,-0.454508,0.888081,0.0688122
0,0,0.840228,0.413563,0.350688
0,0,0.28964,-0.532011,0.795659
0,0,0.611072,-0.484106,0.626285
0,0,-0.0836528,-0.861955,0.500036
0,0,0.962123,-0.228245,0.149079
0,0,0.765535,0.579112,0.280333
0,0,0.826506,-0.134823,0.546544
0,0,0.801837,-0.283206,0.526167
0,0,-0.732741,-0.679571,0.0357046
0,0,0.144847,0.919554,0.365294
0,0,0.394698,-0.0611686,0.916773
0,0,-0.824217,-0.158696,0.543583
0,0,0.442159,0.0922076,0.892185
0,0,0.361504,0.0719486,0.92959
0,0,0.269408,-0.913122,0.305986
0,0,0.556004,-0.770947,0.310646
0,0,0.253105,-0.546687,0.798168
15.8927,23.8349,-0.126624,-0.327568,0.936304
0,0,0.642547,-0.539088,0.544533
0,0,0.299209,-0.954105,0.0125368
0,0,0.110813,0.381203,0.917826
0,0,0.0740671,-0.575843,0.814199
0,0,-0.461315,-0.781496,0.420062
0,0,-0.0643317,-0.936167,0.345619
0,0,-0.0675293,-0.369166,0.926907
0,0,-0.897042,-0.236797,0.373153
0,0,0.820442,0.50604,0.266079
0,0,0.897963,0.341068,0.278092
0,0,0.916346,-0.376004,0.137589
0,0,-0.77321,0.0334619,0.633267
0,0,-0.701785,-0.114494,0.703128
0,0,0.296039,0.716188,0.632009
0,0,0.588717,-0.0557289,0.806416
0,0,0.0653756,0.965184,0.253272
0,0,-0.677383,-0.576122,0.457424
0,0,0.337637,0.930138,0.144374
0,0,0.444951,0.264985,0.855454
0,0,-0.889005,-0.385997,0.246324
0,0,0.488983,0.0791006,0.868699
0,0,0.593555,0.709909,0.379106
20.4496,28.5673,-0.0532214,-0.245124,0.96803
0,0,-0.817703,-0.446484,0.363337
0,0,-0.663703,-0.616418,0.423707
0,0,-0.304284,0.944738,0.121992
23.4075,34.3574,-0.072173,-0.134519,0.988279
0,0,0.411005,-0.700791,0.583066
0,0,-0.270375,0.930298,0.247876
0,0,-0.574784,-0.179734,0.798323
0,0,0.208159,0.399037,0.892995
0,0,0.291656,0.349435,0.890411
0,0,-0.295937,-0.953328,0.0599012
0,0,-0.183486,-0.925058,0.332566
0,0,-0.31204,0.466235,0.827802
0,0,-0.76169,-0.647942,0.000461334
0,0,0.402639,-0.913766,0.0539725
0,0,-0.251908,0.904981,0.342857
0,0,-0.146083,-0.518987,0.842207
0,0,-0.221255,0.80958,0.543716
0,0,-0.225554,-0.0535589,0.972757
0,0,0.598442,0.189551,0.77842
0,0,0.978447,-0.191982,0.0760536
0,0,-0.983458,-0.0254002,0.179349
0,0,0.910456,-0.388056,0.143119
0,0,0.0234271,0.752742,0.657898
0,0,-0.671086,-0.105632,0.733815
0,0,-0.451812,-0.712634,0.536674
0,0,0.00476364,-0.967855,0.251462
0,0,-0.0341673,-0.995859,0.0842464
0,0,0.633698,0.63541,0.441227
0,0,-0.689393,-0.69684,0.19787
0,0,-0.953616,-0.0575315,0.295477
0,0,-0.3262,0.908858,0.259945
0,0,-0.711849,-0.523198,0.468545
0,0,0.56481,0.634399,0.527757
0,0,0.302649,-0.583878,0.753319
0,0,0.47345,0.872513,0.120693
0,0,0.559628,-0.664515,0.495213
0,0,0.583364,0.159026,0.796491
0,0,-0.180471,0.856593,0.483403
0,0,-0.795945,-0.548167,0.256876
17.6082,27.9374,-0.137564,0.21702,0.966426
0,0,0.112733,0.374464,0.920363
0,0,-0.602043,0.645422,0.47008
0,0,-0.334548,0.928968,0.158417
0,0,-0.575686,-0.714545,0.397507
0,0,-0.236908,-0.873667,0.424948
0,0,-0.0164837,0.998781,0.0465348
0,0,0.648703,-0.760568,0.0268275
0,0,0.483551,0.176064,0.857426
1.51718,2.12278,-0.206664,0.28533,0.935883
0,0,0.511118,-0.590016,0.625011
0,0,0.277386,-0.639852,0.716692
0,0,0.824059,-0.40979,0.391151
0,0,-0.159775,-0.304457,0.93903
0,0,0.946714,-0.081953,0.311473
0,0,0.684772,-0.68597,0.246031
0,0,0.479248,-0.873736,0.0831088
0,0,0.00755118,0.95194,0.30619
0,0,-0.938995,0.343243,0.0217666
0,0,-0.301049,0.816182,0.493169
0,0,0.301539,-0.938109,0.170371
0,0,0.492944,-0.869224,0.0381594
0,0,0.320901,0.181008,0.929655
0,0,0.192632,-0.76853,0.610126
0,0,0.265631,-0.797276,0.542025
0,0,-0.0562598,-0.451705,0.890392
0,0,-0.354945,0.421251,0.834603
0,0,-0.282638,0.433316,0.855777
0,0,-0.144534,-0.854298,0.499284
0,0,-0.684385,-0.403305,0.607422
0,0,0.73752,0.234285,0.633384
0,0,0.272642,-0.5392,0.796824
0,0,0.368281,-0.639862,0.674496
0,0,0.633106,-0.686814,0.35702
0,0,0.763095,0.299061,0.572929
0,0,0.232162,0.521034,0.821355
0,0,-0.961669,0.250757,0.110964
0,0,0.763104,-0.63746,0.106378
0,0,0.992377,-0.117669,0.0366339
0,0,-0.928879,-0.3559,0.102562
18.5162,28.0232,-0.00316239,-0.842746,0.538302
0,0,0.606932,-0.514594,0.605662
0,0,0.0599736,0.933752,0.352861
0,0,0.318841,0.925188,0.205834
0,0,-0.540985,0.30355,0.784342
0,0,-0.421431,0.345433,0.838494
0,0,-0.98861,-0.142022,0.049805
0,0,0.320998,-0.748954,0.579679
0,0,0.146431,-0.462913,0.874225
0,0,-0.169124,-0.950833,0.25945
0,0,0.411834,-0.599821,0.686009
0,0,0.920485,0.256451,0.294857
0,0,0.029207,0.0812922,0.996262
21.2406,31.1418,-0.148307,-0.52051,0.840877
0,0,-0.166941,-0.824056,0.541352
0,0,0.453032,-0.505047,0.734635
0,0,0.804169,-0.464184,0.371275
0,0,0.107229,-0.406173,0.907483
14.4016,21.6216,-0.3758,0.146448,0.915056
0,0,-0.254372,-0.537585,0.803926
0,0,0.289468,-0.079448,0.953885
0,0,-0.198108,-0.0689464,0.977752
0,0,-0.431791,0.743866,0.510118
0,0,-0.590857,0.806774,0.00213522
16.3726,23.4537,0.344003,-0.937959,-0.043539
0,0,0.394943,0.91774,0.0421242
0,0,0.988126,-0.124169,0.0904946
0,0,-0.492895,-0.195531,0.847834
0,0,0.350551,-0.506364,0.787851
0,0,-0.0634601,-0.529096,0.846186
0,0,0.390319,0.909271,0.144491
0,0,0.839201,0.539401,0.0691951
0,0,-0.577928,-0.0812223,0.812036
0,0,-0.0785312,0.941957,0.326419
0,0,0.598933,-0.539753,0.591562
0,0,-0.458209,-0.189856,0.868332
0,0,0.969827,-0.10161,0.221609
0,0,-0.00345888,-0.512233,0.85884
0,0,-0.380672,0.865247,0.326247
0,0,0.419163,0.81819,0.393533
0,0,-0.158899,-0.574896,0.802649
0,0,0.929711,0.186796,0.317404
0,0,-0.831766,-0.554982,0.0126499
0,0,-0.674653,-0.37656,0.634859
0,0,-0.937329,-0.175473,0.301036
0,0,0.339971,0.300488,0.891138
0,0,0.197669,-0.821456,0.534917
0,0,-0.85463,-0.315631,0.412292
0,0,-0.118574,-0.978581,0.168281
0,0,0.750357,-0.448792,0.485335
0,0,0.171561,0.855599,0.488383
0,0,0.0763443,0.992914,0.0910724
0,0,0.261997,0.867225,0.423413
0,0,0.415608,-0.689902,0.59271
0,0,-0.316309,-0.574654,0.754799
0,0,0.34591,0.887001,0.305899
0,0,-0.907312,0.252786,0.335982
0,0,0.0410141,-0.400488,0.915384
0,0,0.663854,0.698065,0.268333
0,0,-0.0867401,0.911175,0.402785
0,0,-0.314201,-0.695136,0.646579
0,0,0.549545,0.00275525,0.835459
0,0,0.409951,-0.566109,0.715164
0,0,0.0502871,-0.668147,0.742328
0,0,0.502577,0.695001,0.514189
0,0,0.849827,0.140212,0.50807
0,0,0.636246,-0.682164,0.360337
0,0,0.635705,0.605327,0.479018
0,0,-0.425518,-0.0870977,0.900749
0,0,-0.524944,-0.655596,0.542796
0,0,-0.247282,0.595269,0.76453
0,0,-0.20179,-0.970955,0.128555
0,0,-0.599352,0.756575,0.26148
0,0,0.814835,0.31126,0.48904
0,0,-0.893695,-0.445176,0.0559219
0,0,-0.687297,-0.685745,0.239534
0,0,-0.198895,-0.541336,0.816943
0,0,0.14529,-0.797475,0.585597
0,0,0.0887239,-0.0945052,0.991563
0,0,0.54969,-0.613052,0.567458
0,0,-0.640304,-0.673544,0.369255
0,0,-0.717457,0.51112,0.473298
0,0,0.696203,0.702585,0.147225
0,0,-0.257131,0.476738,0.840598
0,0,-0.605693,-0.781645,0.148886
0,0,-0.824688,0.39196,0.407745
0,0,-0.275783,0.621031,0.733665
7.95453,12.7796,-0.590631,0.618624,-0.51813
0,0,-0.363389,0.451779,0.814766
0,0,0.228685,0.2255,0.947023
0,0,0.843658,0.349808,0.407279
0,0,0.192166,0.847207,0.495291
0,0,-0.177454,-0.668641,0.722101
0,0,-0.997486,-0.000211249,0.0708665
0,0,-0.915383,0.196787,0.35121
0,0,0.803794,-0.386271,0.452449
0,0,0.710261,-0.294204,0.63951
0,0,-0.876439,0.479544,0.0435044
0,0,0.358121,-0.891128,0.27864
0,0,-0.867226,0.455561,0.200957
0,0,-0.539998,0.369386,0.756278
0,0,-0.843771,0.415335,0.339922
0,0,0.726113,-0.649979,0.224247
0,0,0.172065,-0.965764,0.194146
0,0,-0.819658,-0.390009,0.419587
0,0,-0.841729,-0.507638,0.183836
0,0,-0.123038,-0.732929,0.669086
0,0,0.329073,-0.666312,0.669134
0,0,-0.337696,-0.450071,0.826679
0,0,-0.851582,-0.109898,0.512573
0,0,0.935801,-0.31321,0.161788
0,0,-0.492818,-0.497993,0.713536
0,0,-0.400412,0.834532,0.378453
0,0,-0.103035,0.929528,0.354064
0,0,-0.0708394,0.935521,0.346096
0,0,0.148733,-0.347352,0.925864
0,0,0.899596,0.351313,0.259436
0,0,0.0579282,-0.375623,0.92496
0,0,-0.765164,-0.210066,0.608602
0,0,-0.703261,-0.228825,0.673099
0,0,-0.547169,0.525079,0.651842
0,0,-0.130884,0.873969,0.468026
0,0,-0.583421,-0.777718,0.234039
0,0,0.660183,0.743063,0.109619
21.5726,28.3674,-0.0401993,-0.370006,0.928159
0,0,0.752128,0.447721,0.483579
16.7344,23.8051,-0.0672947,0.693461,-0.717345
0,0,0.714036,-0.256712,0.651347
0,0,0.228729,0.136869,0.96382
0,0,-0.410565,-0.838123,0.359147
0,0,0.791086,-0.0227264,0.611283
0,0,-0.525796,-0.807655,0.266895
23.3343,33.3092,-0.247849,-0.173867,0.953069
0,0,0.559206,0.455264,0.692838
0,0,0.436148,-0.427787,0.79169
0,0,0.10767,-0.169519,0.979628
0,0,-0.861164,0.099762,0.498442
0,0,0.854901,-0.315428,0.411886
0,0,-0.87985,0.156605,0.448707
0,0,0.727764,-0.618085,0.297204
0,0,0.544979,0.658779,0.51866
0,0,-0.549901,0.803686,0.227374
0,0,0.299023,0.695836,0.652991
0,0,-0.310483,0.476327,0.822626
0,0,0.473126,0.837487,0.273436
0,0,0.737212,0.675609,0.00836274
0,0,-0.00433265,0.969655,0.244439
0,0,-0.422977,0.437923,0.793293
0,0,-0.445527,-0.664804,0.599618
0,0,-0.17387,0.929626,0.324907
0,0,0.224417,-0.745934,0.627073
0,0,0.217581,0.872187,0.438119
0,0,-0.568864,0.671411,0.474974
0,0,0.488423,-0.811701,0.320288
0,0,-0.795456,-0.3871,0.466266
0,0,-0.923846,0.381594,0.0299126
0,0,-0.092423,0.80824,0.581555
0,0,0.43919,-0.545617,0.713733
0,0,-0.125382,-0.894001,0.430165
0,0,-0.167966,0.262658,0.950157
0,0,0.434254,-0.87539,0.212405
0,0,0.911872,-0.34906,0.215978
0,0,-0.635792,-0.239062,0.733906
0,0,-0.9367,-0.349387,0.0228605
0,0,0.21438,0.957699,0.191975
23.5947,31.893,-0.410294,-0.578642,0.704863
0,0,0.0246642,0.966395,0.255877
0,0,-0.180381,-0.965177,0.189464
0,0,0.381093,0.906121,0.183611
0,0,-0.402913,0.898922,0.172046
0,0,0.485714,0.867024,0.111139
0,0,0.999436,-0.0335581,0.00136292
0,0,0.105976,0.426902,0.898067
0,0,0.305513,-0.687406,0.658889
0,0,-0.0776177,0.996657,0.0255014
0,0,-0.483556,-0.024175,0.874979
0,0,-0.587104,0.249999,0.769941
0,0,-0.359048,0.924135,0.130608
0,0,-0.835171,0.460431,0.30082
0,0,-0.192313,-0.480624,0.855579
0,0,0.111446,-0.278633,0.95391
0,0,-0.424172,-0.734494,0.529713
0,0,-0.953453,0.0990543,0.284809
0,0,0.0355719,-0.760539,0.648317
0,0,-0.15412,-0.846205,0.510082
18.0522,25.753,-0.243871,0.101345,0.964498
0,0,0.496713,0.698008,0.515812
0,0,-0.768807,-0.22086,0.60013
0,0,0.252811,-0.668579,0.699348
0,0,0.455294,0.877652,0.149779
0,0,0.750072,0.165532,0.640305
0,0,-0.366776,0.493209,0.788809
0,0,0.276134,-0.697268,0.661488
0,0,0.467084,0.191939,0.863129
0,0,0.0316737,0.762615,0.646077
0,0,-0.971928,0.184269,0.146288
0,0,0.789934,-0.519678,0.325482
0,0,-0.0323387,0.871749,0.488885
0,0,-0.933594,-0.0957766,0.345295
0,0,-0.554412,-0.716143,0.423989
0,0,-0.970094,-0.131217,0.204204
0,0,-0.0535986,-0.840547,0.53908
0,0,0.202415,0.895946,0.395359
0,0,-0.246842,-0.282883,0.926847
0,0,-0.410378,-0.896312,0.167971
0,0,0.269018,0.954005,0.132301
0,0,-0.708047,-0.228812,0.668068
0,0,0.0316453,0.704863,0.708637
0,0,-0.192365,-0.873531,0.447146
0,0,-0.744576,0.106281,0.659023
17.4982,24.9191,-0.488829,-0.12358,0.863582
0,0,-0.77866,-0.535221,0.327455
0,0,-0.410668,0.866726,0.283086
0,0,0.377963,0.130304,0.916605
0,0,0.00534183,0.794656,0.607036
0,0,0.998747,-0.0182354,0.0466139
0,0,0.958671,0.223027,0.176662
0,0,-0.700003,-0.150718,0.698054
0,0,-0.563014,-0.00712939,0.826417
0,0,-0.0630009,0.812189,0.579983
0,0,0.0671603,0.579923,0.811898
0,0,-0.597633,-0.610694,0.519506
0,0,0.788512,-0.6032,0.119997
0,0,-0.826445,-0.00786832,0.562962
0,0,0.380591,0.193228,0.90433
0,0,0.409099,0.473822,0.779827
0,0,0.526625,-0.0631344,0.84775
0,0,-0.912992,0.180533,0.365861
0,0,-0.172803,-0.984791,0.0180384
0,0,0.857424,-0.297804,0.419687
0,0,-0.542404,-0.830529,0.126566
0,0,0.177465,-0.906201,0.383804
0,0,-0.119892,0.951867,0.282091
0,0,0.601444,0.0210245,0.798638
0,0,0.972105,-0.00614303,0.234466
0,0,-0.979352,-0.0348349,0.199137
0,0,-0.125316,-0.977946,0.167086
0,0,0.176233,0.337152,0.924808
0,0,-0.499404,0.60655,0.618622
0,0,0.242496,-0.0703248,0.9676
0,0,-0.235968,-0.283492,0.92949
0,0,-0.687176,-0.519753,0.507589
0,0,-0.245956,0.943632,0.221504
0,0,-0.942773,0.304515,0.13583
0,0,0.196087,0.195348,0.960931
0,0,0.000817486,-0.66304,0.748584
0,0,0.312237,0.269834,0.910878
0,0,0.605419,-0.335883,0.721561
0,0,0.930737,-0.332374,0.152501
0,0,-0.36367,-0.886051,0.287503
0,0,-0.351176,0.804471,0.479063
0,0,0.113655,-0.954461,0.275839
0,0,-0.532952,-0.799111,0.27818
0,0,-0.508904,0.0898377,0.856123
0,0,-0.717087,-0.694345,0.0605855
0,0,0.562999,0.598974,0.56944
0,0,0.42806,0.0472863,0.902512
0,0,-0.332779,0.942881,0.0152858
0,0,0.270735,-0.957951,0.09504
0,0,-0.935527,0.311061,0.167423
0,0,0.195639,0.554946,0.808555
0,0,-0.844052,0.534773,0.0399126
0,0,0.245349,0.773221,0.584751
0,0,0.367354,-0.803676,0.468141
0,0,0.0173694,-0.313629,0.949387
7.94486,11.5143,0.168317,-0.543937,0.822072
0,0,-0.104422,-0.994314,0.0208882
0,0,0.77571,0.580929,0.246566
0,0,-0.42123,-0.167338,0.891383
0,0,0.0871304,0.994323,0.061074
14.4928,22.822,0.00676911,-0.102573,0.994702
0,0,-0.433516,0.689881,0.579765
0,0,-0.638948,-0.548457,0.539389
0,0,0.853522,-0.288401,0.433965
0,0,0.597262,0.533741,0.598664
0,0,0.324797,0.758214,0.565348
0,0,-0.673924,0.531976,0.512668
0,0,-0.197087,-0.27276,0.941679
0,0,-0.242196,-0.475408,0.845771
0,0,0.325447,-0.943578,0.0611911
0,0,-0.445766,-0.638829,0.627049
0,0,0.957418,0.179215,0.226346
0,0,-0.421186,-0.0139616,0.906867
0,0,-0.622048,0.3607,0.694947
11.6459,18.2713,0.194942,0.430823,-0.881129
0,0,0.444551,-0.887945,0.118015
0,0,0.243977,-0.924024,0.294371
9.65398,13.369,-0.0792483,-0.432996,0.897906
0,0,-0.745716,0.660532,0.0872082
0,0,0.498377,0.830447,0.248953
0,0,0.706398,0.374174,0.600829
0,0,-0.405294,-0.745809,0.528682
0,0,-0.412202,-0.0923534,0.9064
0,0,-0.549016,-0.802122,0.234907
0,0,0.840802,0.522657,0.141001
0,0,0.412711,0.0369582,0.910112
0,0,0.287563,0.95308,0.0945883
0,0,0.187106,-0.901219,0.39089
0,0,0.128149,0.552893,0.823339
0,0,-0.737277,0.63688,0.225402
0,0,0.438827,-0.481718,0.758537
0,0,-0.781734,0.571932,0.248568
10.4158,16.2311,-0.00355502,0.129582,0.991562
0,0,-0.713185,0.00818438,0.700928
0,0,0.212661,-0.688681,0.693177
0,0,-0.619956,0.668941,0.410089
0,0,-0.361685,0.294519,0.884558
0,0,-0.456546,-0.420767,0.783914
0,0,0.763964,0.557141,0.325505
0,0,-0.102972,0.610658,0.785171
0,0,0.639781,0.537718,0.549126
0,0,0.518376,0.476824,0.709878
0,0,-0.306867,-0.591816,0.745376
0,0,-0.234067,-0.406909,0.882971
0,0,-0.283518,-0.85132,0.441442
0,0,-0.512901,-0.35252,0.782727
0,0,-0.55657,-0.733968,0.389257
0,0,0.0699702,-0.748342,0.659613
0,0,0.787971,-0.339567,0.513611
0,0,0.443073,0.223345,0.868218
0,0,0.760331,-0.204063,0.616648
0,0,-0.474211,0.654844,0.588475
0.196268,0.379944,-0.33067,0.207208,0.920718
0,0,0.325767,-0.490386,0.80833
0,0,0.6634,-0.559085,0.497317
0,0,-0.850724,0.454088,0.264713
0,0,-0.18255,-0.73603,0.651871
0,0,-0.393491,-0.252598,0.883945
0,0,0.157863,0.501644,0.850549
0,0,0.899257,-0.385426,0.206844
0,0,0.937746,0.321015,0.132599
0,0,-0.790244,-0.270329,0.549943
0,0,-0.397453,0.909493,0.121878
0,0,-0.402668,-0.502,0.765411
0,0,0.491077,0.856872,0.156888
0,0,0.803968,0.269911,0.52989
0,0,0.415443,-0.0780944,0.906261
0,0,0.501245,-0.273862,0.820825
0,0,-0.396104,0.781203,0.482517
0,0,-0.968074,0.12013,0.220004
0,0,0.541824,0.824707,0.16213
0,0,-0.879111,0.336209,0.337828
0,0,0.0388047,0.334053,0.941755
0,0,0.464771,0.22779,0.855628
0,0,-0.501031,-0.850714,0.158912
0,0,-0.647294,0.588692,0.484203
0,0,-0.742872,-0.52562,0.414566
0,0,0.485715,-0.313545,0.815948
0,0,0.210536,-0.932999,0.291869
0,0,0.377082,-0.0674666,0.923719
0,0,0.798887,-0.58146,0.153898
0,0,0.361679,0.848985,0.385245
0,0,0.527966,0.800831,0.282703
0,0,-0.121984,-0.918413,0.376348
0,0,-0.498514,0.221275,0.838165
0,0,-0.787246,0.0304743,0.615886
0,0,0.296483,-0.84004,0.454347
0,0,0.389335,0.803971,0.449499
0,0,-0.860124,0.508232,0.0434335
0,0,-0.659185,-0.369302,0.65505
0,0,-0.898936,-0.178143,0.400224
0,0,-0.804838,-0.335071,0.489861
0,0,-0.58047,0.39128,0.714111
0,0,-0.489859,0.753397,0.438669
0,0,0.796918,-0.578344,0.174472
0,0,0.0983715,0.731878,0.674297
0,0,-0.728008,-0.685435,0.0135254
0,0,-0.72976,0.292296,0.618073
0,0,0.781263,0.0482619,0.622333
0,0,0.380373,0.574384,0.724845
0,0,-0.478311,-0.529675,0.700473
0,0,0.349794,0.757838,0.55075
14.3999,21.9749,-0.350234,-0.274411,0.895564
0,0,-0.0542893,0.744803,0.665072
0,0,-0.643085,-0.431932,0.632359
0,0,-0.612933,-0.62389,0.484845
0,0,-0.928146,0.36632,0.0659913
0,0,0.0969449,-0.857867,0.504644
0,0,0.864446,-0.166059,0.474508
0,0,-0.924083,-0.340228,0.174115
0,0,0.923068,-0.0941611,0.372933
18.9231,27.926,0.427866,-0.150848,0.891165
0,0,0.759972,-0.579426,0.294461
0,0,0.452325,-0.799041,0.39615
0,0,-0.645878,0.755401,0.110506
0,0,-0.42929,-0.661727,0.614676
0,0,-0.0611194,0.863526,0.500586
0,0,-0.183653,0.437593,0.880218
0,0,-0.498594,0.497886,0.709587
0,0,0.245232,-0.0937329,0.964923
0,0,0.866701,0.48681,0.108837
0,0,-0.478941,0.875711,0.0612013
0,0,0.563338,0.568826,0.599239
0,0,-0.756784,0.210047,0.618998
0,0,-0.986745,0.159238,0.0312709
23.7632,35.0068,0.538747,0.707802,0.456911
0,0,-0.56138,0.781054,0.273508
0,0,0.28754,0.817288,0.49936
0,0,-0.982857,0.124025,0.136415
0,0,0.102573,-0.896031,0.43198
0,0,-0.655559,0.257221,0.709986
0,0,0.395982,-0.893301,0.21263
0,0,-0.275179,0.720036,0.637043
0,0,0.726545,-0.669536,0.154449
0,0,0.342387,-0.933713,0.104652
0,0,0.783219,-0.00139752,0.621745
2.86813,3.93825,0.5343,-0.0266399,0.844875
0,0,0.262577,0.964908,0.00258275
0,0,-0.565486,0.663957,0.489272
0,0,0.672388,0.0769946,0.736184
0,0,0.665618,0.530485,0.524918
0,0,0.385471,-0.188435,0.903274
0,0,0.243427,0.314316,0.917578
0,0,-0.445656,0.00757868,0.895172
0,0,0.644219,-0.568607,0.511535
0,0,-0.539931,0.162163,0.82594
0,0,-0.360385,-0.75002,0.55461
0,0,-0.340108,0.770909,0.538541
0,0,-0.94587,0.315655,0.0754387
0,0,-0.759057,0.649168,0.0491311
0,0,-0.0381183,0.962916,0.267094
0,0,-0.0870766,-0.68392,0.724342
0,0,-0.518013,-0.840799,0.157223
0,0,-0.869507,0.31533,0.380163
0,0,-0.741448,-0.496288,0.451612
0,0,0.177642,-0.939321,0.293462
0,0,0.925034,0.296297,0.237741
0,0,-0.0612747,-0.994542,0.0844524
0,0,-0.3602,-0.790146,0.495908
0,0,-0.406051,-0.407224,0.818102
0,0,-0.872887,0.412617,0.260412
0,0,-0.505244,-0.722499,0.471937
0,0,-0.337765,-0.598115,0.726755
0,0,0.410211,0.893866,0.180918
0,0,-0.376179,0.91912,0.117083
0,0,0.984068,-0.173996,0.0365582
0,0,-0.142383,0.875557,0.461656
0,0,0.980011,0.0726844,0.185193
0,0,0.537758,-0.679298,0.49937
0,0,-0.599839,0.778008,0.186805
0,0,0.190505,0.967948,0.163657
0,0,-0.220979,-0.940042,0.259788
0,0,-0.24655,-0.548781,0.798782
0,0,0.921163,0.238012,0.30791
0,0,0.14624,-0.919762,0.364213
0,0,-0.831039,0.285332,0.477452
0,0,0.584439,-0.623957,0.518756
0,0,-0.980424,0.0607155,0.187303
0,0,0.418329,-0.881348,0.219605
0,0,-0.946424,0.320744,0.0374791
18.1133,26.9239,0.267552,0.443673,0.855319
0,0,-0.340006,0.255175,0.905142
0,0,-0.207291,0.697978,0.685462
0,0,-0.170231,0.974532,0.145975
0,0,-0.163563,0.973857,0.15764
0,0,0.866561,-0.0730873,0.493691
0,0,0.0682173,0.106879,0.991929
21.6617,30.669,-0.638819,0.749607,0.173203
0,0,0.834034,0.551711,0.00147698
0,0,-0.486288,-0.202618,0.849982
0,0,-0.361072,-0.197452,0.911394
0,0,0.0770237,0.473714,0.877304
0,0,-0.797597,-0.382005,0.466809
0,0,-0.415658,0.869314,0.267436
0,0,-0.853592,-0.446216,0.268835
0,0,0.669078,-0.1286,0.731981
0,0,-0.64433,-0.509741,0.57009
16.2727,23.9411,-0.496906,-0.699112,0.514127
0,0,-0.927786,0.315599,0.199026
0,0,0.432402,-0.667094,0.606642
0,0,0.556566,-0.418891,0.717471
0,0,0.745643,0.372466,0.552527
0,0,-0.98401,-0.157362,0.0834309
0,0,0.21885,0.94732,0.233857
0,0,-0.967453,-0.235267,0.0931912
0,0,-0.31707,-0.825314,0.467251
0,0,0.655801,-0.477536,0.584708
0,0,-0.801641,0.302543,0.515596
0,0,-0.460299,0.887382,0.0260369
0,0,0.300291,0.834735,0.461566
0,0,0.955226,-0.231788,0.183895
0,0,-0.0472151,0.955837,0.290079
0,0,0.992595,-0.114928,0.0393376
0,0,0.738468,-0.549182,0.391235
0,0,-0.0604822,0.689877,0.721396
0,0,-0.734795,-0.345306,0.583815
0,0,0.144444,-0.326663,0.934038
0,0,0.623233,-0.678801,0.388342
0,0,-0.29322,-0.426103,0.855838
0,0,-0.614031,0.182122,0.767983
0,0,0.660016,0.00433485,0.751239
0,0,0.319001,-0.926253,0.200735
0,0,-0.385507,-0.850446,0.357947
0,0,-0.558767,0.648966,0.516355
0,0,-0.261222,0.929224,0.261354
0,0,-0.721409,0.679471,0.133745
0,0,-0.939465,0.18646,0.28747
0,0,-0.261963,0.900709,0.346551
0,0,0.544836,-0.00030972,0.838543
0,0,-0.178375,0.848804,0.497708
0,0,-0.55339,0.21163,0.805588
0,0,0.356066,-0.934386,0.0117881
0,0,0.392926,0.412833,0.821692
0,0,-0.308117,-0.948303,0.0760661
0,0,0.906549,-0.0962502,0.41098
0,0,0.085547,-0.599583,0.795727
0,0,-0.216331,-0.782873,0.583361
0,0,0.541063,0.722567,0.430288
0,0,-0.550881,0.786887,0.2781
0,0,-0.686347,-0.314308,0.655849
0,0,-0.135561,-0.584358,0.800093
0,0,0.782513,0.590559,0.197264
0,0,-0.832214,-0.554366,0.00991382
0,0,-0.0432858,0.707427,0.705459
0,0,-0.792948,-0.582749,0.17787
0,0,0.64705,-0.324518,0.689938
0,0,-0.678336,-0.352747,0.644538
0,0,0.0897868,0.985772,0.142095
0,0,-0.72667,0.0184333,0.686739
0,0,0.417641,-0.902993,0.100897
0,0,0.0179027,-0.966745,0.255115
0,0,-0.665528,0.0964925,0.740109
0,0,0.0792574,-0.26513,0.96095
0,0,0.674954,0.724322,0.140698
0,0,-0.212814,-0.736254,0.642371
0,0,-0.934536,-0.334386,0.12177
0,0,0.843819,0.0375709,0.535311
0,0,-0.434042,-0.711719,0.552326
0,0,-0.0840598,-0.965702,0.24567
0,0,-0.290056,-0.00372677,0.957003
0,0,0.486514,-0.424032,0.763873
0,0,-0.644093,0.353048,0.678603
0,0,-0.306497,0.842341,0.443307
0,0,0.592448,-0.218169,0.775505
0,0,0.738657,0.488392,0.464607
0,0,0.923047,-0.361433,0.131723
0,0,0.0563319,0.948734,0.311016
0,0,0.962523,0.261969,0.0701597
0,0,0.625349,0.738032,0.253472
0,0,-0.369155,-0.882501,0.291405
5.22259,7.44678,-0.609633,-0.38763,0.69144
0,0,-0.313559,0.945935,0.0829914
0,0,-0.308491,0.910012,0.276968
0,0,0.343729,0.0599298,0.937155
0,0,0.749276,0.540069,0.383289
0,0,-0.557564,-0.32056,0.765744
0,0,0.305043,-0.946446,0.105775
0,0,-0.0189042,-0.975061,0.221131
0,0,-0.571234,0.79194,0.215693
0,0,0.892946,-0.141778,0.427254
0,0,-0.940999,0.307408,0.141495
0,0,-0.853671,-0.388203,0.347194
0,0,-0.555601,0.208339,0.804924
0,0,0.27799,-0.918656,0.280699
0,0,0.814438,-0.35686,0.457539
0,0,0.0699158,-0.16297,0.984151
3.07802,4.9472,0.0870852,0.565662,0.820026
0,0,-0.990523,0.131586,0.0393505
0,0,0.705998,0.386228,0.593628
0,0,0.140751,0.577648,0.80406
0,0,0.0773302,-0.996807,0.0199112
0,0,-0.776908,0.460794,0.429048
0,0,0.700585,0.383702,0.601625
0,0,-0.271248,-0.860988,0.43026
0,0,-0.322467,-0.424918,0.845848
0,0,0.348788,0.838111,0.419425
0,0,-0.850336,0.0703699,0.521513
0,0,0.432047,-0.0741781,0.898795
0,0,-0.79375,0.326435,0.513226
0,0,0.967539,-0.143188,0.208243
0,0,0.156155,-0.796494,0.584135
0,0,-0.653278,-0.339222,0.676872
0,0,-0.730094,-0.217796,0.647709
0,0,-0.480356,0.800713,0.357934
0,0,0.572771,0.424898,0.700996
0,0,-0.450381,0.782601,0.429759
0,0,0.345973,-0.546379,0.76274
0,0,0.90702,0.342944,0.244345
0,0,0.846802,-0.435416,0.305514
0,0,-0.032774,-0.479169,0.87711
0,0,0.490674,-0.675732,0.550113
0,0,0.0146907,-0.816226,0.577547
0,0,0.0593574,-0.955303,0.289607
0,0,-0.598195,-0.244238,0.763224
0,0,0.732423,0.67865,0.0546902
0,0,-0.224034,0.952723,0.205248
0,0,-0.458696,-0.0797152,0.885011
0,0,-0.345075,-0.865921,0.362083
0,0,-0.625261,0.628384,0.462799
0,0,-0.315094,-0.269875,0.909881
0,0,-0.54476,0.537484,0.643698
0,0,-0.447451,0.31108,0.838461
0,0,0.105238,-0.871978,0.478099
0,0,-0.379831,0.634453,0.6732
0,0,0.242955,0.108455,0.963956
0,0,-0.143106,0.586486,0.797217
0,0,-0.755706,0.457464,0.468653
0,0,0.917844,-0.187278,0.349986
0,0,-0.432696,-0.90113,0.0271614
0,0,0.223114,-0.718373,0.658909
0,0,0.240947,0.689633,0.682899
0,0,0.849058,0.433605,0.301807
0,0,-0.968201,0.195128,0.156564
0,0,0.850673,-0.516683,0.0969243
0,0,-0.307638,0.381533,0.87166
0,0,0.524546,0.0260099,0.850984
0,0,0.64315,-0.556613,0.52587
0,0,-0.0535192,0.716049,0.695995
0,0,0.947536,-0.271427,0.168829
0,0,-0.453402,-0.0604573,0.889254
0,0,-0.781117,-0.0679719,0.620673
0,0,-0.592156,0.38013,0.71053
0,0,-0.565761,0.477091,0.672531
0,0,-0.20634,0.939712,0.272698
0,0,0.914382,0.39803,0.0740052
0,0,0.300249,-0.0351814,0.953212
0,0,-0.310088,0.910362,0.27402
0,0,0.223534,-0.965241,0.135434
0,0,0.753757,0.282722,0.593227
19.8415,30.0716,-0.213709,0.938818,0.270092
0,0,-0.339282,-0.808582,0.480712
0,0,0.257115,-0.0829152,0.962817
0,0,0.739807,0.116785,0.662606
0,0,0.763639,0.353507,0.540267
0,0,-0.413415,-0.814432,0.40717
18.98,25.9385,0.03676,0.257874,0.965479
0,0,-0.79086,0.490629,0.36582
0,0,0.0668156,0.57446,0.815801
0,0,0.952564,-0.0296351,0.302892
0,0,0.94951,0.306317,0.0678234
0,0,0.786993,-0.514907,0.339872
0,0,-0.689673,0.719199,0.0842856
0,0,-0.618978,0.608355,0.49676
0,0,0.264623,-0.870325,0.415343
0,0,0.711893,0.0363585,0.701346
0,0,0.454796,0.316348,0.832517
0,0,-0.0831282,-0.806713,0.585067
0,0,0.449739,0.328325,0.830624
0,0,-0.0217032,0.719535,0.694117
0,0,-0.365201,-0.36471,0.856513
0,0,-0.65279,0.7484,0.117315
0,0,-0.724746,-0.552341,0.411901
0,0,-0.191,-0.478904,0.856837
0,0,0.707828,0.651497,0.273006
0,0,-0.426987,-0.678261,0.598034
0,0,0.473336,0.812513,0.340259
0,0,-0.874051,0.0614356,0.481934
0,0,-0.345999,-0.504277,0.791195
0,0,0.627019,0.553105,0.548563
0,0,-0.67369,-0.0854747,0.734055
0,0,0.239394,0.948055,0.20948
0,0,-0.491685,0.599127,0.631896
0,0,-0.00140212,-0.034215,0.999414
15.8362,21.0237,0.476263,0.276004,0.834863
0,0,-0.14157,-0.765622,0.627519
0,0,-0.882974,0.425439,0.198391
0,0,0.668775,-0.608796,0.42674
0,0,0.692772,0.62856,0.353525
0,0,0.780122,0.599348,0.179421
0,0,-0.714427,0.691183,0.108903
0,0,-0.174272,0.609875,0.773099
0,0,-0.427228,-0.900751,0.0782543
0,0,-0.233619,-0.972242,0.0129312
0,0,-0.0220397,0.858884,0.511696
0,0,-0.528183,-0.187801,0.828102
0,0,0.962158,0.161586,0.219413
0,0,-0.55234,-0.0798792,0.829783
0,0,-0.465775,-0.674459,0.572851
0,0,0.681934,-0.0295059,0.730818
0,0,-0.576481,0.00908415,0.81706
0,0,0.611712,-0.735282,0.291838
0,0,-0.0817961,0.159544,0.983796
0,0,-0.915053,-0.393675,0.0877322
0,0,-0.744465,-0.626145,0.231762
0,0,0.819902,0.571298,0.0371432
0,0,0.684214,0.724402,0.0842226
0,0,-0.534946,0.562731,0.630211
0,0,0.0308973,0.852325,0.522099
0,0,-0.646027,-0.752516,0.127945
0,0,-0.0278699,0.647343,0.761689
0,0,-0.239047,-0.955295,0.173977
5.59465,8.90322,-0.484781,-0.114304,0.867134
0,0,-0.152508,0.941753,0.299736
0,0,0.654638,0.219004,0.723523
0,0,0.202357,0.874503,0.440791
0,0,0.55114,-0.736241,0.392675
0,0,-0.939904,0.0797304,0.331999
0,0,0.0498644,-0.805099,0.591041
0,0,-0.306152,-0.432727,0.847949
0,0,0.805534,0.332232,0.49065
0,0,0.914341,0.386262,0.12158
0,0,0.267691,0.0468478,0.962365
0,0,-0.030975,-0.837255,0.545935
0,0,-0.170464,-0.687824,0.705578
0,0,0.906706,-0.0837506,0.413365
0,0,-0.929971,0.261734,0.258164
0,0,-0.417673,0.636929,0.647974
0,0,0.952885,0.0750898,0.293891
0,0,0.345317,0.895278,0.281484
0,0,0.345777,0.258678,0.901956
0,0,0.422097,0.902041,0.0903144
0,0,-0.304158,-0.867686,0.393205
0,0,-0.576096,-0.395353,0.715409
0,0,0.0428415,0.963858,0.262951
0,0,-0.0145847,0.396791,0.917793
12.7921,17.9901,-0.259176,0.104517,0.960158
0,0,-0.808532,-0.0986721,0.580121
0,0,0.300494,-0.623393,0.721862
0,0,0.5492,0.246816,0.798412
0,0,-0.68673,0.459017,0.563654
0,0,-0.0585069,0.0400653,0.997483
0,0,0.83431,-0.409204,0.36943
0,0,-0.712006,-0.679329,0.177652
0,0,-0.614786,-0.764125,0.195325
0,0,-0.777377,0.48683,0.398347
0,0,0.94271,-0.194147,0.271301
0,0,0.474918,0.43207,0.766661
0,0,-0.659187,-0.431989,0.615514
0,0,-0.958879,-0.00185153,0.283809
0,0,0.062037,-0.947667,0.313174
0,0,-0.0525229,-0.972652,0.226252
0,0,0.0311485,-0.92015,0.390326
0,0,0.494427,-0.132491,0.859062
0,0,0.185085,-0.55335,0.812125
0,0,0.647309,0.302846,0.699482
0,0,-0.534866,0.796378,0.282312
0,0,-0.481906,-0.272844,0.83266
0,0,-0.451832,0.300489,0.839973
0,0,-0.705916,-0.252997,0.66157
0,0,-0.397833,-0.0469163,0.916257
0,0,0.108847,-0.978417,0.175648
0,0,-0.145025,0.98574,0.0853464
0,0,-0.194321,-0.945018,0.263023
0,0,0.665369,-0.0515104,0.744735
0,0,-0.908863,-0.374034,0.184569
0,0,-0.734185,-0.136572,0.665072
0,0,-0.215311,0.763449,0.608923
0,0,0.441972,-0.380876,0.812154
0,0,0.398034,-0.436386,0.80693
0,0,0.888994,0.0302424,0.45692
0,0,-0.703367,0.29986,0.644483
0,0,-0.255928,-0.712145,0.65372
0,0,0.63992,-0.655727,0.400655
0,0,-0.631042,-0.721498,0.285003
0,0,-0.579508,-0.671899,0.461217
0,0,0.607453,-0.465332,0.643791
0,0,0.790888,0.523786,0.316456
0,0,-0.106596,-0.92479,0.365241
0,0,0.362464,0.770933,0.52372
0,0,-0.720607,0.172706,0.671489
0,0,0.975618,-0.108523,0.190768
0,0,-0.50607,-0.635356,0.58328
0,0,-0.0201627,0.791499,0.610838
0,0,-0.98269,-0.0975238,0.157507
0,0,0.17008,-0.3907,0.904669
0,0,0.543097,0.514965,0.663217
0,0,0.796204,-0.0882663,0.598555
0,0,-0.496646,-0.339981,0.798596
0,0,-0.281365,-0.951648,0.123286
0,0,-0.269031,-0.0496774,0.96185
0,0,0.170157,0.306805,0.936438
0,0,-0.642022,0.0129097,0.766577
0,0,-0.465322,-0.47843,0.744701
0,0,-0.209743,-0.510657,0.833809
0,0,0.820116,0.0411104,0.570718
0,0,-0.80854,0.580904,0.0938797
0,0,0.725935,0.624392,0.288362
0,0,-0.376622,0.320715,0.869079
0,0,0.419695,0.786723,0.452684
0,0,0.833847,-0.378871,0.401441
0,0,-0.0111774,0.992334,0.12308
0,0,-0.045227,-0.552249,0.832452
0,0,0.588557,0.10854,0.801137
0,0,-0.0042269,-0.488841,0.872363
0,0,0.185486,0.884937,0.427179
0,0,-0.249533,-0.68367,0.685806
0,0,0.473873,-0.365197,0.801296
0,0,0.151457,0.344081,0.926644
0,0,0.126601,-0.612359,0.780377
0,0,0.865347,0.172045,0.470717
0,0,-0.249268,-0.896683,0.365822
0,0,-0.825954,0.532567,0.184858
0,0,-0.857334,-0.244684,0.452888
0,0,0.11296,0.813649,0.570277
0,0,-0.0273377,0.997374,0.0670651
0,0,0.531127,-0.285724,0.797662
0,0,-0.281883,0.949621,0.136973
0,0,0.691846,-0.666357,0.278059
0,0,-0.0599892,0.898866,0.434098
0,0,-0.883906,0.174423,0.433919
0,0,0.407241,-0.228349,0.884314
0,0,0.564721,0.067306,0.822533
0,0,0.669849,-0.241168,0.70224
0,0,-0.78904,-0.228347,0.570328
0,0,-0.276738,0.810189,0.51673
0,0,-0.346098,-0.790085,0.505947
0,0,-0.656357,0.748877,0.0915312
0,0,-0.141315,-0.0342951,0.989371
0,0,-0.580737,-0.08694,0.809436
0,0,0.726471,0.566372,0.389183
0,0,-0.0549529,-0.966112,0.252207
0,0,0.963547,0.16127,0.213469
0,0,-0.0197271,0.989212,0.145155
0,0,-0.164844,-0.163266,0.972713
0,0,-0.487404,-0.8462,0.215367
0,0,0.822387,-0.543723,0.167466
0,0,0.792947,-0.552519,0.256822
0,0,0.33379,-0.936597,0.106628
0,0,-0.113013,0.877492,0.466085
0,0,0.733375,0.438735,0.519301
3.43049,4.62447,-0.307363,-0.0739756,0.948713
0,0,0.078324,0.644272,0.760776
0,0,-0.301113,0.338686,0.891416
0,0,-0.877353,0.427401,0.218127
0,0,-0.197422,-0.641353,0.741411
0,0,0.367155,0.175382,0.913476
0,0,0.885967,0.462738,0.0305963
16.6139,24.2271,0.124067,0.0790955,0.989116
0,0,-0.747172,-0.139819,0.649758
0,0,-0.286347,0.858569,0.425283
0,0,0.718346,-0.407403,0.563916
0,0,0.476972,-0.391448,0.786935
0,0,-0.419185,-0.182979,0.889271
0,0,-0.578185,-0.757222,0.303837
0,0,-0.715373,-0.558212,0.420286
0,0,0.307572,-0.923417,0.229564
0,0,-0.874573,0.148068,0.461734
0,0,0.657941,-0.416076,0.62769
0,0,0.440055,0.415086,0.796276
0,0,0.246473,0.875191,0.416283
0,0,0.29211,0.68474,0.667685
0,0,-0.706566,-0.0957149,0.701144
0,0,-0.567021,0.618375,0.54415
0,0,0.520072,-0.692402,0.500105
0,0,-0.520864,0.387876,0.760429
0,0,0.764393,-0.641161,0.0679464
0,0,0.460629,0.803195,0.377755
0,0,0.250535,0.748822,0.613595
0,0,-0.728481,0.417747,0.542957
0,0,0.359766,-0.889259,0.282466
0,0,0.794166,0.552969,0.252041
0,0,0.295527,-0.954499,0.0399336
0,0,-0.35711,-0.464969,0.810109
0,0,0.846678,-0.217182,0.485765
0,0,0.921803,-0.287555,0.259984
0,0,-0.0632385,0.881449,0.468026
0,0,0.54276,-0.66208,0.51678
0,0,-0.798211,0.412261,0.439203
0,0,-0.929882,0.223746,0.291987
0,0,-0.682599,-0.72282,0.107653
0,0,0.468597,-0.818158,0.333219
0,0,-0.543791,0.822255,0.167893
0,0,-0.513316,-0.221331,0.829168
8.0211,12.7982,0.332511,-0.0984839,0.937943
0,0,0.731926,-0.398869,0.552438
0,0,0.642929,-0.514171,0.567688
0,0,0.867316,0.491282,0.0800307
0,0,0.0153481,0.701074,0.712923
0,0,0.303168,0.602994,0.737894
0,0,-0.804321,0.228733,0.548405
0,0,0.755858,-0.246624,0.606511
0,0,-0.547953,0.73019,0.40813
0,0,-0.970817,-0.22972,0.0688768
15.1563,21.9943,0.386111,-0.581457,0.716119
0,0,-0.271142,-0.555616,0.785985
0,0,0.0804817,-0.935778,0.34328
0,0,-0.488668,0.188902,0.851774
0,0,0.54421,0.207338,0.812924
0,0,-0.0606017,0.319686,0.945583
0,0,0.046726,-0.882805,0.46741
0,0,-0.070593,-0.96458,0.254171
0,0,0.991583,-0.0975261,0.0851616
0,0,-0.318168,-0.345067,0.883005
0,0,-0.987095,-0.0859637,0.135108
0,0,-0.967822,0.224329,0.114003
0,0,-0.502188,0.341728,0.794373
0,0,0.25149,-0.409973,0.876741
0,0,-0.722083,0.622661,0.301479
0,0,-0.723671,0.32948,0.606418
0,0,-0.919555,0.28261,0.273039
0,0,-0.29063,0.912417,0.288149
0,0,-0.461948,0.842364,0.277538
0,0,-0.560826,-0.827918,0.00498585
0,0,0.732906,-0.201254,0.649881
0,0,-0.485272,0.873968,0.0262794
0,0,0.859492,-0.0192524,0.510786
0,0,-0.56907,0.808024,0.152501
0,0,-0.467935,-0.725215,0.505075
0,0,0.753074,0.62602,0.202431
0,0,-0.952267,0.123666,0.279094
0,0,0.384417,0.680307,0.624024
0,0,-0.900018,0.395839,0.182428
0,0,-0.872309,0.146924,0.466359
0,0,-0.52743,-0.136265,0.8386
0,0,-0.755588,0.552545,0.351825
0,0,0.465473,0.754829,0.462133
0,0,0.0375657,-0.996641,0.0727637
0,0,0.497629,-0.30349,0.812563
0,0,-0.221107,0.491272,0.842475
0,0,-0.729585,0.164195,0.663887
0,0,-0.465321,0.649432,0.601427
0,0,0.136327,0.974069,0.180565
0,0,0.0774943,0.767646,0.636171
0,0,0.435998,-0.681525,0.587733
15.5121,21.3187,0.0333899,0.0667024,0.997214
0,0,0.398222,0.610744,0.684406
0,0,-0.0516631,-0.481556,0.874891
0,0,-0.707728,0.00136979,0.706484
0,0,-0.741131,-0.425642,0.519186
0,0,-0.814894,0.307975,0.491018
0,0,-0.756088,0.592051,0.278936
15.2003,22.727,0.0641889,0.231788,0.970646
0,0,-0.319051,0.0196172,0.947534
0,0,-0.474859,0.278026,0.834991
10.2493,13.8364,-0.0387935,0.0550481,0.99773
0,0,0.766219,0.611713,0.196764
0,0,-0.87239,0.361283,0.329258
0,0,-0.176598,-0.947151,0.267803
0,0,-0.129489,-0.614045,0.778577
0,0,0.902159,-0.423339,0.0830215
0,0,-0.704917,-0.500275,0.50281
0,0,-0.426256,-0.409753,0.806479
4.92792,7.15307,-0.00309157,-0.720168,0.693793
0,0,0.988868,-0.0546185,0.138407
0,0,0.161156,0.921056,0.354519
0,0,-0.0443703,-0.773494,0.632248
0,0,-0.675273,0.0689066,0.734342
0,0,0.522359,-0.81591,0.247854
0,0,-0.728724,-0.0533532,0.682726
0,0,-0.37142,-0.732813,0.570116
0,0,0.681801,0.73112,0.0247205
0,0,0.45565,0.505615,0.732623
0,0,-0.886825,0.401065,0.229539
0,0,-0.336057,0.202773,0.919755
0,0,0.733237,-0.679577,0.0232133
0,0,0.243726,0.737976,0.629277
0,0,-0.904586,-0.34328,0.252751
0,0,0.744324,0.490422,0.453286
0,0,0.493995,-0.853666,0.164998
0,0,-0.517675,-0.8281,0.215088
0,0,0.959691,-0.154788,0.234592
0,0,0.55609,-0.711704,0.429234
0,0,0.352257,0.771921,0.5292
0,0,-0.263851,-0.262632,0.92812
0,0,0.364745,0.927239,0.0847867
0,0,-0.0418408,0.335492,0.941113
0,0,-0.419396,0.751839,0.508768
0,0,-0.813012,0.452735,0.366118
0,0,-0.816003,0.411803,0.405657
0,0,-0.339784,0.74745,0.570846
0,0,-0.695947,0.548962,0.462924
0,0,0.877924,-0.447922,0.169158
0,0,0.0624224,0.69218,0.719021
0,0,0.297167,-0.410941,0.861869
0,0,-0.402838,0.258822,0.877914
0,0,0.0166421,0.818098,0.574838
0,0,-0.5736,0.124924,0.809554
0,0,0.701828,0.68301,0.202322
0,0,-0.550301,-0.0574582,0.832987
0,0,-0.854036,0.451447,0.258492
0,0,0.316143,-0.471128,0.823463
0,0,-0.193613,-0.655837,0.729652
0,0,0.258653,-0.79025,0.555522
0,0,-0.324742,0.68774,0.649274
0,0,0.368594,-0.866363,0.336979
0,0,0.174715,0.565352,0.806134
0,0,0.0403126,0.952859,0.300724
0,0,0.625751,0.399987,0.669661
0,0,0.133461,0.509784,0.849887
0,0,0.739277,-0.544453,0.396283
0,0,-0.396015,-0.199948,0.89621
0,0,0.536274,0.164801,0.827799
0,0,-0.55352,-0.479144,0.681202
0,0,-0.584076,-0.629823,0.512033
0,0,0.966884,0.158136,0.200321
0,0,0.638043,0.150648,0.75512
0,0,-0.544133,0.553405,0.630605
0,0,-0.227412,0.97378,0.00600507
0,0,-0.222229,0.133554,0.965804
0,0,-0.00755502,0.279153,0.960217
0,0,-0.568524,-0.43282,0.699605
0,0,-0.891764,-0.0421425,0.450534
0,0,0.0357545,0.637484,0.769633
0,0,0.120524,0.457206,0.881156
0,0,-0.929115,0.132419,0.34527
0,0,0.801686,-0.163408,0.574976
0,0,-0.715002,0.147632,0.683357
0,0,-0.735564,0.220411,0.640598
0,0,0.65933,-0.718304,0.222089
0,0,0.693546,-0.33505,0.637758
0,0,-0.262184,-0.936479,0.232951
0,0,0.393169,0.115884,0.912134
0,0,0.559447,0.721578,0.407854
0,0,0.565707,-0.659273,0.495313
0,0,0.832192,0.457295,0.313589
0,0,-0.843468,-0.00914666,0.537101
0,0,0.628631,-0.721482,0.290323
0,0,0.153885,0.626461,0.764112
0,0,0.806202,0.102213,0.582744
0,0,0.37898,-0.457873,0.804193
0,0,-0.337458,-0.940786,0.0322989
0,0,-0.650341,-0.513225,0.56005
0,0,0.674365,-0.511162,0.532866
0,0,-0.207266,-0.954572,0.214087
0,0,0.936968,0.34428,0.0596793
0,0,-0.298297,0.911866,0.281991
0,0,-0.761222,0.0227779,0.648091
0,0,0.64948,-0.0970337,0.754162
0,0,-0.911706,-0.246734,0.328503
0,0,0.411356,-0.911475,0.000133113
0,0,-0.99506,-0.0981286,0.0150387
0,0,0.5862,0.664413,0.463599
0,0,0.515897,-0.767853,0.379804
0,0,-0.948904,-0.27333,0.157708
0,0,-0.0529883,-0.820201,0.569616
0,0,-0.948491,-0.033605,0.315017
0,0,0.617555,0.360719,0.698933
0,0,0.455072,0.203346,0.866925
0,0,-0.0438258,-0.682984,0.729118
0,0,0.340119,-0.617411,0.709311
0,0,-0.391958,0.638485,0.662349
0,0,0.405475,0.814984,0.413994
0,0,-0.505683,-0.483422,0.714554
0,0,0.0265824,0.999639,0.00381721
0,0,0.506803,-0.861034,0.0420882
0,0,-0.311396,0.815183,0.488375
0,0,0.823437,0.561536,0.0814138
0,0,0.121131,0.614324,0.779701
0,0,0.770936,0.35078,0.531612
0,0,0.123868,0.585906,0.800856
0,0,-0.366295,0.533046,0.762686
0,0,0.94746,0.317017,0.0426526
0,0,0.206555,-0.683538,0.700079
21.784,30.5334,0.0950717,0.0296551,0.995029
0,0,-0.411958,-0.452263,0.791043
0,0,0.642869,0.507146,0.574041
0,0,-0.630973,-0.194938,0.750914
0,0,-0.206998,0.477395,0.853959
0,0,-0.267234,0.308469,0.912926
0,0,0.0261306,-0.99705,0.0721747
0,0,0.845042,-0.298546,0.443591
11.0159,16.6158,-0.328451,0.198911,0.923339
0,0,0.783945,-0.45404,0.423413
0,0,-0.132091,0.293422,0.946813
0,0,0.234937,-0.895765,0.377372
0,0,0.217628,0.837013,0.502043
0,0,-0.443032,-0.331843,0.832828
0,0,-0.133685,-0.988423,0.0717457
0,0,0.288418,0.848008,0.444631
0,0,-0.387865,-0.919224,0.0677356
0,0,0.0275401,-0.620019,0.784103
0,0,-0.254997,-0.765313,0.590994
0,0,0.80363,0.398273,0.442219
0,0,-0.500008,0.709463,0.496643
0,0,-0.117105,-0.832996,0.540744
0,0,-0.260764,0.452514,0.85278
0,0,-0.902456,-0.416728,0.109141
0,0,-0.815109,-0.0293069,0.578566
0,0,-0.434528,0.899362,0.0482999
0,0,-0.780172,0.347907,0.519896
0,0,0.600139,-0.216263,0.770106
0,0,-0.0206037,0.776378,0.629931
0,0,-0.693297,0.620511,0.366477
0,0,-0.955455,-0.111317,0.273339
0,0,-0.200873,0.898022,0.391416
0,0,-0.991085,-0.125715,0.0441163
17.1128,24.1339,-0.0974463,-0.190711,0.976798
9.71083,13.6453,0.302628,0.761836,-0.572733
0,0,0.747758,0.488843,0.449322
0,0,-0.423278,0.375303,0.824611
0,0,0.0758546,-0.173366,0.981932
0,0,0.594027,-0.736588,0.323374
0,0,-0.56991,-0.398357,0.718689
0,0,-0.457808,0.884864,0.0861835
0,0,-0.949396,0.232675,0.210975
0,0,0.149197,0.9647,0.217012
0,0,-0.406005,0.640685,0.651676
0,0,0.849859,-0.314816,0.422646
0,0,-0.0177939,0.436345,0.899603
0,0,-0.787589,-0.560706,0.255563
0,0,0.377396,0.905409,0.19444
0,0,0.140791,-0.930163,0.339079
0,0,0.504404,-0.861684,0.0554802
0,0,0.224581,0.880025,0.418473
0,0,0.784934,-0.170575,0.595637
0,0,0.00814142,-0.201794,0.979394
0,0,0.869546,0.237628,0.432924
0,0,0.235013,-0.880034,0.412685
0,0,0.860598,0.469512,0.197306
0,0,-0.241982,0.744417,0.622324
0,0,-0.646198,-0.400685,0.649522
0,0,-0.491416,-0.330392,0.805823
0,0,-0.3916,-0.458557,0.797731
0,0,0.23907,-0.898711,0.367647
0,0,0.856643,-0.420582,0.298786
0,0,0.761206,0.646811,0.0469083
0,0,-0.762605,-0.516614,0.389285
0,0,0.110223,-0.993865,0.00909836
6.04874,7.78927,0.134214,-0.438075,0.888862
0,0,-0.126931,-0.831709,0.540508
0,0,0.957797,-0.061524,0.280786
0,0,0.724344,0.688911,0.026967
0,0,-0.741467,0.00618514,0.670961
0,0,0.46261,-0.00817774,0.886524
0,0,0.278006,-0.802434,0.528027
0,0,-0.631324,-0.726037,0.27258
0,0,0.0889687,-0.760311,0.643437
0,0,0.337474,-0.771077,0.539956
0,0,-0.0139689,-0.793511,0.608396
0,0,0.340629,-0.653016,0.676418
0,0,0.970766,0.133442,0.199517
0,0,0.515657,0.428218,0.74211
0,0,-0.382731,-0.231893,0.894283
0,0,-0.54503,-0.751876,0.370979
12.2097,18.7921,0.0982826,-0.842608,0.529483
0,0,0.322269,-0.119181,0.939116
0,0,-0.406545,-0.360695,0.839417
0,0,0.31092,0.710643,0.631122
0,0,-0.144117,0.145925,0.978742
0,0,-0.85868,-0.270102,0.435561
0,0,-0.668309,-0.625646,0.402405
0,0,-0.674637,-0.27617,0.68454
0,0,0.225608,-0.186645,0.956172
0,0,-0.303239,-0.83338,0.462087
0,0,-0.877284,-0.392965,0.275593
0,0,0.611435,0.286859,0.737468
0,0,0.800481,0.425833,0.421778
0,0,0.467272,0.610634,0.639361
0,0,0.862193,0.071363,0.501528
0,0,0.402104,0.2002,0.893438
0,0,0.429164,0.786368,0.444345
0,0,-0.74957,-0.126169,0.649789
0,0,-0.342054,-0.746159,0.571179
0,0,-0.189031,0.349603,0.91763
0,0,0.532815,-0.719839,0.444904
0,0,-0.45543,-0.884807,0.0984889
11.6191,16.8062,-0.541492,0.0318901,0.840101
0,0,0.15464,-0.387858,0.908654
0,0,-0.0617009,0.997329,0.0390863
0,0,-0.662073,-0.74497,0.0817254
0,0,-0.228083,-0.786274,0.574239
0,0,-0.901809,0.431927,0.0133659
0,0,0.960373,-0.271879,0.0613638
0,0,0.576633,-0.000638202,0.817003
0,0,-0.803575,0.170114,0.570375
0,0,-0.267762,0.346523,0.899013
0,0,0.955154,-0.252285,0.155024
0,0,-0.647391,0.354762,0.674558
0,0,-0.270371,0.942208,0.197846
0,0,0.373295,-0.404168,0.835044
0,0,-0.136736,0.575779,0.806091
0,0,-0.297224,-0.935905,0.189048
0,0,0.190913,-0.864962,0.464104
0,0,-0.750863,0.490206,0.44261
0,0,-0.726676,0.370007,0.578824
0,0,0.481647,0.770749,0.417088
0,0,0.0445335,-0.518668,0.853815
0,0,0.653835,-0.674029,0.343781
0,0,0.0949419,-0.842006,0.531048
8.3058,10.6734,-0.214464,0.651774,0.727458
0,0,0.581216,0.51779,0.627759
0,0,-0.123595,-0.962879,0.239977
0,0,-0.98711,0.1511,0.0527532
0,0,-0.848579,0.404091,0.341502
0,0,-0.294721,0.885689,0.358739
0,0,-0.616189,0.539369,0.573927
0,0,-0.495462,0.368683,0.786505
0,0,-0.437867,-0.890681,0.122313
0,0,0.891546,0.451915,0.0303024
0,0,0.741911,0.664448,0.0898654
0,0,0.962431,0.231676,0.141605
0,0,0.859934,-0.378789,0.342102
0,0,-0.562058,-0.566203,0.602913
0,0,-0.38081,-0.9074,0.177791
0,0,0.866446,0.455468,0.204501
0,0,0.825188,0.468551,0.315475
0,0,-0.804359,-0.254384,0.536932
0,0,-0.810386,-0.559093,0.175185
0,0,-0.146642,0.959074,0.242227
0,0,-0.479624,-0.375211,0.793207
0,0,0.0638467,0.993404,0.0952427
0,0,-0.969683,0.179828,0.165459
0,0,0.0133616,0.838902,0.544118
0,0,-0.552358,-0.547684,0.628445
0,0,-0.293193,0.106363,0.950118
0,0,-0.766659,0.144758,0.625523
22.4407,31.8746,-0.427718,-0.0797718,0.900385
0,0,0.934484,0.32335,0.148944
0,0,0.705745,-0.026553,0.707968
0,0,-0.852007,-0.510185,0.117453
0,0,0.322987,0.277494,0.904807
0,0,0.246458,0.798483,0.549257
0,0,-0.243821,-0.0152499,0.9697
0,0,0.341714,-0.32941,0.880182
0,0,0.210544,0.339445,0.91676
0,0,-0.446422,0.823143,0.350919
0,0,-0.652302,0.316718,0.688616
0,0,0.993727,0.00454335,0.111739
0,0,-0.933517,-0.117452,0.33875
0,0,0.985818,0.0207121,0.166535
0,0,-0.693812,0.321845,0.644236
0,0,0.5191,0.51613,0.681282
0,0,-0.937402,0.123149,0.325747
0,0,0.652761,0.746089,0.13136
0,0,0.622449,-0.157201,0.76671
0,0,-0.407954,0.415879,0.812784
0,0,-0.421188,0.398922,0.814532
0,0,-0.160884,-0.302043,0.93962
0,0,-0.87644,0.479048,0.0486362
0,0,-0.306969,0.87793,0.367435
15.2614,21.2734,0.0919764,-0.389627,0.916369
0,0,0.0762282,0.98323,0.165676
0,0,0.646362,0.1202,0.753504
0,0,0.169874,0.983439,0.0631744
0,0,0.982219,-0.0440689,0.182493
0,0,0.371205,-0.0383888,0.927757
17.5533,23.3468,0.184906,-0.211455,0.959738
0,0,0.316268,-0.696066,0.644567
0,0,0.793968,-0.277959,0.540697
0,0,0.28448,0.184517,0.940758
0,0,0.984548,-0.175056,0.00459776
0,0,-0.2215,0.866662,0.447028
0,0,-0.812264,-0.508055,0.286544
0,0,0.899861,0.098018,0.42502
0,0,-0.84607,0.130518,0.516846
0,0,0.237429,-0.392759,0.888464
0,0,0.610828,-0.49846,0.615163
0,0,0.479672,-0.461898,0.746032
0,0,0.223424,-0.872808,0.433921
0,0,0.161577,0.907043,0.3888
0,0,-0.82852,-0.497479,0.257039
0,0,-0.294961,-0.31508,0.902066
0,0,-0.183194,0.420197,0.888749
0,0,0.281146,0.863938,0.417813
11.4612,16.8455,0.0353829,0.165981,0.985494
0,0,-0.435871,0.776042,0.455823
0,0,0.990399,-0.134894,0.0302133
0,0,-0.153533,0.0922989,0.983823
0,0,0.434125,0.733846,0.522499
0,0,0.124229,0.581962,0.803671
0,0,-0.718434,0.533652,0.446171
0,0,0.966771,-0.0550347,0.24965
0,0,-0.494456,0.819955,0.288422
0,0,0.793517,0.577405,0.192183
0,0,-0.711343,-0.459687,0.531676
0,0,0.926017,-0.349741,0.142036
0,0,-0.702994,0.665956,0.249604
0,0,-0.24378,0.808193,0.536093
0,0,0.578445,-0.218451,0.785926
0,0,0.545676,0.0361578,0.837216
0,0,-0.277913,0.956082,0.0931164
0,0,0.615329,-0.670693,0.414176
0,0,0.75765,-0.647696,0.0803494
0,0,0.306367,-0.923948,0.22904
0,0,-0.776977,0.182575,0.602473
0,0,-0.767304,-0.348074,0.538599
0,0,-0.577929,0.719695,0.384755
0,0,0.170912,0.985142,0.0168888
0,0,0.250218,0.866199,0.432539
0,0,-0.0629791,0.404538,0.91235
0,0,0.103078,-0.950338,0.293654
0,0,-0.811416,-0.450412,0.37247
0,0,0.159942,0.952312,0.259849
0,0,-0.9411,-0.195026,0.276217
0,0,-0.259885,-0.948186,0.182764
0,0,0.802385,-0.131026,0.582246
0,0,-0.367808,-0.825077,0.428912
0,0,0.548351,0.508254,0.66407
0,0,0.153216,-0.462606,0.873224
0,0,-0.291285,-0.550397,0.782442
0,0,-0.601999,0.455449,0.655869
0,0,-0.917233,-0.270763,0.292185
0,0,0.638064,0.160921,0.75298
0,0,-0.524183,-0.604498,0.599845
0,0,-0.924282,-0.363662,0.115982
0,0,-0.146631,-0.428001,0.891804
0,0,0.584672,-0.534833,0.61001
0,0,0.263698,-0.414967,0.870784
0,0,-0.995362,0.0586058,0.0762842
0,0,-0.244353,0.739185,0.627612
0,0,0.306634,0.92886,0.207834
2.85691,3.74188,0.0342508,0.148097,0.98838
0,0,0.305987,0.684622,0.661562
0,0,0.0786681,-0.259047,0.962656
0,0,-0.909641,0.409024,0.072478
0,0,-0.579618,0.580895,0.571492
0,0,-0.651787,0.724546,0.224068
0,0,0.664191,0.724278,0.185123
0,0,-0.357928,-0.452354,0.816862
0,0,0.852528,0.171911,0.493601
0,0,0.0823273,-0.913169,0.399179
0,0,0.5252,0.564669,0.636642
0,0,-0.204089,0.895792,0.394847
0,0,-0.415405,0.269872,0.868682
0,0,0.255527,0.540811,0.801392
6.21535,8.95271,-0.570154,-0.81868,0.068474
0,0,-0.391478,-0.49273,0.77715
0,0,-0.380502,-0.594072,0.708729
0,0,0.320256,-0.360421,0.876089
0,0,-0.121162,-0.961812,0.245433
0,0,-0.91417,0.343753,0.214773
0,0,-0.0346623,-0.129135,0.991021
0,0,0.444032,-0.839232,0.313887
0,0,0.227421,-0.786869,0.573688
0,0,-0.908719,-0.14736,0.390531
0,0,0.0069765,0.985302,0.170677
0,0,0.183436,0.980537,0.0699945
0,0,-0.938986,-0.341792,0.0385199
0,0,-0.0532453,-0.425085,0.903586
0,0,0.866265,0.496531,0.0551518
0,0,-0.696854,-0.680853,0.225464
0,0,-0.598229,0.371089,0.710222
0,0,0.990862,-0.119591,0.0623792
0,0,-0.123665,-0.773587,0.621507
0,0,0.669108,-0.721225,0.179245
0,0,0.306607,0.942379,0.133839
0,0,-0.74998,0.502878,0.429701
0,0,0.0307824,-0.403965,0.914256
0,0,-0.540884,-0.823891,0.169259
0,0,-0.0724251,0.451257,0.88945
0,0,0.948846,0.209804,0.23595
0,0,0.787127,-0.293484,0.542492
0,0,-0.720791,0.35705,0.594118
0,0,-0.343507,0.844449,0.410986
18.3656,27.5124,0.207832,0.134718,0.968843
0,0,0.601155,0.721339,0.343922
0,0,-0.491044,0.705086,0.511595
0,0,-0.791922,-0.0949703,0.603191
0,0,-0.480992,0.872204,0.0889215
0,0,-0.811796,-0.234091,0.534965
0,0,-0.140631,-0.760834,0.633525
0,0,-0.134564,0.610651,0.780383
0,0,0.738029,0.670973,0.0714755
0,0,-0.306761,0.598841,0.739788
0,0,0.58729,-0.670618,0.45317
0,0,-0.0662319,-0.478119,0.875794
0,0,0.619135,-0.489247,0.614255
0,0,-0.228796,0.786564,0.573558
0,0,-0.552628,-0.275243,0.786666
0,0,0.0243915,-0.723565,0.689825
0,0,0.822827,0.235898,0.517019
0,0,0.896366,-0.0316831,0.442182
0,0,0.285724,0.424764,0.859033
0,0,-0.466384,-0.47825,0.744153
0,0,-0.847423,-0.461091,0.26319
0,0,0.744204,-0.0792347,0.663236
0,0,-0.0605859,-0.996677,0.0544536
0,0,-0.783963,-0.616907,0.0694826
0,0,0.594555,-0.241135,0.767045
0,0,0.92755,0.297307,0.226406
0,0,-0.378019,-0.628806,0.679489
0,0,-0.265804,-0.943636,0.197227
0,0,-0.817632,0.443385,0.367271
0,0,0.216814,-0.434176,0.874347
0,0,-0.764233,-0.215082,0.60802
21.2821,31.3502,-0.896719,-0.363873,-0.251975
0,0,0.105837,0.949445,0.295553
0,0,0.759441,0.21373,0.614466
0,0,-0.259049,-0.545585,0.797014
0,0,-0.17606,-0.767669,0.616188
0,0,0.360975,0.206064,0.909525
0,0,-0.548976,-0.754694,0.359252
0,0,0.973336,-0.228772,0.0167213
19.0825,25.655,0.224566,0.100002,0.969314
0,0,-0.559436,0.437957,0.703722
0,0,0.617873,0.664894,0.4197
0,0,-0.0404491,0.984078,0.173071
0,0,-0.209982,0.242508,0.947152
0,0,-0.458266,-0.778824,0.428282
0,0,-0.316449,-0.942767,0.105125
0,0,-0.512756,0.720901,0.466244
0,0,-0.776533,-0.487133,0.399622
0,0,-0.76208,0.611949,0.211547
0,0,-0.673824,0.582,0.455234
0,0,-0.200033,-0.873925,0.442993
0,0,-0.14789,-0.0734852,0.98627
0,0,0.1942,-0.125383,0.972916
12.8442,17.7844,0.665409,0.528672,-0.527007
0,0,0.800835,0.518519,0.299669
0,0,-0.157324,-0.391764,0.906515
0,0,0.84508,0.00254208,0.534633
0,0,0.909536,-0.128802,0.395164
0,0,0.273425,0.793685,0.543418
0,0,-0.759428,0.406388,0.508053
0,0,0.200606,0.833553,0.51473
0,0,-0.501736,0.789552,0.353369
0,0,-0.0358034,-0.246122,0.968577
0,0,-0.0837536,-0.509477,0.856399
0,0,-0.815264,0.334635,0.472614
0,0,-0.750347,-0.265259,0.605488
0,0,0.923526,-0.353777,0.148126
0,0,-0.2309,-0.512505,0.827057
0,0,-0.884231,0.309799,0.349514
0,0,-0.47321,0.847897,0.239045
0,0,0.488601,0.46272,0.739702
0,0,-0.355785,-0.933616,0.0421795
0,0,-0.636136,-0.34396,0.690668
0,0,0.618209,0.744959,0.250707
0,0,0.534879,-0.586592,0.608124
0,0,-0.188492,0.823975,0.534356
0,0,-0.66885,-0.732915,0.124401
18.7811,29.07,0.501098,-0.0869008,0.861016
0,0,0.888702,0.101271,0.447161
0,0,-0.0626157,-0.751769,0.656447
0,0,0.367885,0.850213,0.376561
0,0,0.913211,0.305091,0.270121
16.6656,25.2322,0.952633,0.0270366,0.302919
0,0,-0.593182,0.509966,0.622952
0,0,-0.00077314,0.973297,0.229548
0,0,-0.848218,0.285011,0.446425
0,0,0.869627,0.191153,0.455202
0,0,0.396834,0.796313,0.456517
0,0,0.183103,-0.263695,0.947068
0,0,-0.00484451,-0.658912,0.752205
0,0,0.0699086,-0.604473,0.793552
0,0,-0.0494296,-0.849103,0.525909
0,0,0.484369,-0.422404,0.766134
0,0,-0.599564,-0.788964,0.134386
0,0,-0.241163,0.544641,0.803248
0,0,0.892874,-0.194796,0.405992
0,0,0.0634105,0.954931,0.289976
0,0,0.402625,-0.167339,0.899939
0,0,0.830975,-0.277602,0.482097
0,0,-0.0573874,0.687108,0.724285
0,0,0.363503,-0.595978,0.716014
0,0,-0.964642,0.00700922,0.263469
0,0,0.881661,0.334941,0.332398
0,0,-0.00903571,-0.999496,0.0304182
0,0,0.788977,0.0850622,0.608506
0,0,0.969728,-0.244059,0.00791454
0,0,-0.229796,0.78397,0.576701
0,0,0.223643,0.260737,0.939148
0,0,0.969078,-0.152903,0.193672
0,0,-0.351567,0.417909,0.837707
0,0,0.863771,0.414921,0.285903
0,0,0.791172,0.585665,0.176192
0,0,0.313991,-0.461099,0.829938
0,0,-0.971494,0.00953717,0.236872
2.50315,4.01874,0.309703,-0.422094,0.85201
0,0,-0.395829,-0.795256,0.459224
0,0,-0.854365,-0.339998,0.393017
0,0,0.575919,0.525431,0.62629
0,0,0.122641,-0.953615,0.274912
0,0,-0.10907,-0.868872,0.482873
0,0,-0.483633,-0.796257,0.36342
0,0,-0.775565,-0.602671,0.187849
0,0,-0.287962,-0.924403,0.250113
0,0,-0.249599,-0.442742,0.861209
0,0,0.73635,0.553341,0.389361
0,0,-0.154455,0.750378,0.64271
0,0,0.618632,0.738127,0.269189
0,0,0.583076,0.38762,0.713984
0,0,0.32986,0.770001,0.546161
0,0,-0.396384,-0.0445496,0.917003
0,0,-0.602444,-0.716657,0.351375
0,0,-0.499968,0.0166097,0.865885
0,0,-0.972132,0.0168926,0.233824
0,0,-0.656991,0.0180749,0.753682
0,0,0.807488,0.505153,0.304604
0,0,-0.360005,-0.583482,0.727973
0,0,0.812657,-0.49859,0.301658
0,0,0.903648,-0.419624,0.0856497
0,0,-0.170851,-0.431425,0.885823
0,0,0.48984,0.870748,0.0430593
0,0,0.333862,-0.75739,0.561156
0,0,-0.582288,0.433685,0.687647
0,0,-0.14201,0.850695,0.506113
0,0,0.499594,-0.152945,0.852651
0,0,0.404986,-0.103609,0.908433
0,0,0.656747,-0.553909,0.51173
0,0,0.83239,0.3867,0.396975
0,0,0.465793,0.72362,0.509323
0,0,0.180919,0.305266,0.934923
0,0,0.305851,-0.0862713,0.948163
0,0,0.512044,0.801621,0.30857
0,0,-0.557153,-0.750406,0.355628
0,0,-0.16918,-0.286617,0.942989
0,0,-0.405233,-0.80377,0.435591
0,0,0.968403,-0.188763,0.162986
0,0,-0.385447,-0.288349,0.876519
0,0,0.210051,0.970144,0.121243
0,0,0.448408,0.476873,0.755991
0,0,-0.889563,0.418242,0.183716
0,0,0.620459,0.121937,0.774701
0,0,0.818645,0.12724,0.560027
0,0,0.684811,0.416618,0.597882
0,0,-0.785464,0.250311,0.566031
0,0,-0.915068,-0.37522,0.147854
0,0,-0.000685281,0.936826,0.349795
0,0,-0.717972,0.156645,0.678217
0,0,0.38191,0.848512,0.366295
0,0,-0.928427,-0.147764,0.340867
0,0,-0.749515,0.586966,0.3061
0,0,-0.0444397,-0.650868,0.757889
0,0,-0.393772,0.858901,0.327464
0,0,0.592538,-0.800522,0.0897941
0,0,0.895976,0.406304,0.179287
0,0,-0.403742,0.409786,0.817966
0,0,0.0688419,0.279866,0.957568
0,0,0.350665,-0.688528,0.634794
0,0,-0.197258,-0.638618,0.743812
0,0,-0.251871,0.314246,0.91532
0,0,-0.949075,-0.27711,0.149888
0,0,-0.897577,-0.155479,0.41253
0,0,-0.323493,-0.613659,0.720261
0,0,-0.0644096,-0.0935359,0.99353
0,0,-0.823003,0.356557,0.44219
0,0,-0.16596,0.792378,0.587022
0,0,0.560978,-0.598212,0.572229
0,0,-0.126002,0.571661,0.810757
0,0,0.750663,0.637545,0.173323
0,0,0.876132,0.251081,0.411523
0,0,-0.436925,0.237689,0.867525
0,0,-0.17554,-0.947202,0.268316
0,0,-0.425101,0.359396,0.830737
0,0,0.470322,-0.628012,0.619998
0,0,-0.371704,-0.832886,0.410046
0,0,-0.693565,-0.594821,0.406393
0,0,0.986271,-0.0648721,0.15186
0,0,0.831141,0.372128,0.413189
0,0,-0.560448,0.476613,0.677303
0,0,-0.321175,0.383099,0.866072
0,0,-0.579367,-0.736999,0.348088
0,0,-0.19662,-0.778649,0.595858
0,0,0.799803,0.590405,0.108343
0,0,0.121837,0.9864,0.110318
0,0,-0.691783,0.134818,0.709408
0,0,0.528529,0.542667,0.652817
0,0,-0.987704,-0.117181,0.103483
0,0,-0.757135,0.515286,0.401531
0,0,-0.646987,-0.751108,0.131319
0,0,0.338846,-0.726287,0.598072
0,0,0.662612,0.425358,0.616454
0,0,0.396514,0.766516,0.505203
0,0,-0.606003,0.173361,0.776342
0,0,0.171683,-0.487002,0.856361
0,0,-0.362149,0.506774,0.782322
0,0,-0.927278,-0.0894036,0.363541
0,0,0.712953,0.674545,0.191538
0,0,0.693307,-0.720407,0.0184403
0,0,0.660632,0.128931,0.739556
0,0,-0.678733,0.44814,0.581801
0,0,0.982814,-0.104514,0.152161
0,0,0.040362,-0.556821,0.829651
0,0,-0.423075,0.818456,0.388763
0,0,-0.609399,0.791028,0.0539255
0,0,-0.988608,-0.0421397,0.144497
0,0,0.360619,-0.671521,0.647312
0,0,-0.278154,0.959656,0.041122
0,0,0.56236,0.309209,0.766903
0,0,0.18344,0.201079,0.962246
0,0,-0.540658,-0.00985257,0.841185
0,0,0.739959,0.276718,0.613097
0,0,0.721863,0.359512,0.591325
0,0,-0.92151,0.14701,0.359454
0,0,-0.538028,-0.837875,0.0921442
0,0,-0.244729,-0.751526,0.612631
0,0,-0.769956,-0.13829,0.622931
0,0,-0.147535,0.956829,0.250422
0,0,0.0884098,-0.927817,0.362408
0,0,-0.457986,0.88483,0.0855837
0,0,-0.973469,0.166839,0.156596
0,0,-0.489679,0.861127,0.136654
0,0,-0.0919252,-0.666308,0.739989
0,0,-0.226311,-0.970662,0.0812372
0,0,-0.433298,0.812366,0.390275
0,0,0.286684,0.935212,0.207824
0,0,0.521307,0.289074,0.802917
0,0,0.962967,-0.212955,0.165361
0,0,0.252461,0.966519,0.0458747
0,0,0.903645,0.369405,0.216716
0,0,-0.21374,0.683848,0.697615
21.9415,31.4657,0.338375,0.271479,0.901
0,0,0.05267,-0.997318,0.0508169
0,0,0.128602,-0.956423,0.262138
0,0,-0.803615,0.515682,0.297111
0,0,0.651779,-0.36416,0.66526
0,0,-0.739921,0.533357,0.409936
0,0,-0.787655,0.230104,0.571535
0,0,-0.363117,0.214148,0.9068
0,0,-0.204108,0.679939,0.704289
0,0,-0.920998,0.17579,0.34765
0,0,0.149811,-0.978634,0.14083
0,0,0.992419,-0.0865138,0.0872918
0,0,0.740672,-0.442641,0.505444
0,0,-0.386599,-0.408201,0.826991
0,0,0.771506,-0.630371,0.0860843
0,0,-0.530795,0.76028,0.374475
0,0,-0.0571814,0.967693,0.245561
0,0,-0.0296146,-0.931318,0.363001
0,0,-0.529563,-0.270597,0.803953
0,0,-0.753714,-0.45911,0.470249
0,0,0.551057,-0.781108,0.293611
24.0421,36.3245,-0.670413,0.739905,0.0555685
0,0,0.778892,0.623518,0.0674694
0,0,-0.728994,-0.665165,0.161625
0,0,0.411127,0.81797,0.402367
0,0,-0.392554,0.917151,0.0688172
0,0,-0.540425,0.448935,0.711617
0,0,0.877485,-0.333293,0.344872
0,0,-0.498541,-0.309509,0.809729
0,0,-0.341582,0.761022,0.551513
0,0,0.0192463,0.0633241,0.997807
0,0,-0.209285,-0.803935,0.556676
0,0,-0.377971,-0.115508,0.918584
0,0,0.0391767,-0.930237,0.364861
0,0,-0.331294,0.377355,0.864782
22.268,29.3039,-0.501161,0.58999,0.633048
0,0,-0.339427,0.530856,0.776519
0,0,-0.970578,0.0237778,0.239608
0,0,-0.160911,0.862094,0.480522
0,0,-0.681616,0.721897,0.119433
0,0,-0.564775,0.312692,0.76371
0,0,0.892898,0.299533,0.336173
0,0,0.992377,-0.00950897,0.122875
0,0,0.404999,-0.819375,0.40571
0,0,-0.430957,0.883254,0.184768
0,0,0.454676,-0.79254,0.406387
0,0,-0.617549,-0.24814,0.746364
0,0,-0.938422,0.334145,0.0878177
0,0,0.775415,0.564742,0.282486
0,0,-0.386338,0.916714,0.101877
0,0,0.987997,0.0327712,0.150955
0,0,-0.983205,0.0673059,0.16964
0,0,0.54494,0.82273,0.161729
18.0449,24.4074,-0.0881128,0.969577,0.22838
0,0,0.835215,0.511456,0.202061
0,0,0.764458,-0.631621,0.129069
0,0,0.0927846,-0.736955,0.669543
0,0,-0.683646,0.18972,0.704723
0,0,0.507665,0.860905,0.0334422
0,0,-0.230199,-0.784569,0.575725
0,0,0.56424,-0.777909,0.276569
0,0,-0.45136,-0.827786,0.333234
0,0,0.550729,-0.386327,0.739898
0,0,-0.980195,-0.111472,0.16368
0,0,0.783672,0.554481,0.280018
0,0,-0.533675,0.796322,0.284714
0,0,-0.294378,0.949509,0.108507
0,0,-0.0909544,-0.827469,0.554096
0,0,-0.788203,-0.36995,0.491806
0,0,-0.237887,0.403438,0.883543
0,0,-0.951078,0.152684,0.268584
0,0,-0.202609,-0.836112,0.509771
0,0,-0.876835,0.160724,0.453132
0,0,-0.420126,-0.197627,0.885685
0,0,-0.245517,-0.941146,0.232303
0,0,-0.868256,0.484469,0.106868
0,0,0.87632,-0.423178,0.230183
0,0,0.318466,0.134407,0.938357
0,0,-0.13698,0.832437,0.536921
0,0,0.339553,-0.940487,0.0137023
0,0,0.919618,0.175581,0.351388
0,0,0.588392,0.228365,0.775657
0,0,0.10322,0.370599,0.92304
0,0,0.358269,0.603585,0.71227
0,0,0.32886,0.88387,0.332603
0,0,-0.0105666,0.883401,0.468499
16.323,21.4125,-0.132115,-0.55259,-0.822916
0,0,-0.687986,0.51899,0.507272
0,0,0.420173,-0.43083,0.798649
0,0,0.942703,0.0663745,0.326965
0,0,0.800993,-0.228893,0.553189
0,0,0.353383,-0.52478,0.77442
0,0,0.67861,0.488996,0.548062
0,0,-0.59986,-0.611185,0.516354
0,0,0.0079531,0.936209,0.351353
0,0,0.805542,0.0196982,0.592211
0,0,0.107694,0.936482,0.333771
0,0,0.640099,0.203916,0.740737
0,0,0.648109,-0.421075,0.634547
0,0,-0.463548,0.708447,0.532189
0,0,-0.052719,0.589792,0.805832
0,0,0.444209,-0.546493,0.709946
0,0,0.96198,0.193083,0.193166
0,0,-0.852005,0.483916,0.199781
0,0,0.487929,-0.130864,0.863018
0,0,0.0841634,-0.979241,0.184401
0,0,-0.605035,0.795614,0.0305023
0,0,0.694782,0.41829,0.585074
0,0,-0.0239236,-0.642411,0.765987
0,0,0.275173,0.33069,0.902731
0,0,-0.725014,0.275875,0.631068
0,0,-0.892197,0.441718,0.0941849
0,0,0.325665,0.309424,0.89342
0,0,0.636095,0.592191,0.494664
0,0,-0.428536,0.879098,0.208673
0,0,-0.7335,0.675646,0.0740235
0,0,0.170959,0.930271,0.324606
0,0,0.240528,-0.022646,0.970378
0,0,0.0134266,-0.117304,0.993005
0,0,-0.532668,0.767859,0.355889
0,0,-0.785994,-0.346289,0.512149
0,0,-0.0054638,0.969897,0.243456
0,0,-0.650878,0.589761,0.478059
0,0,-0.671709,0.624292,0.398831
0,0,-0.508993,-0.391277,0.7667
0,0,0.98554,-0.0962529,0.139453
0,0,-0.411584,-0.692221,0.592815
0,0,-0.0853901,-0.617258,0.782113
0,0,0.28469,0.930769,0.229391
0,0,-0.132036,-0.158967,0.978415
0,0,-0.861669,-0.507467,0.00189095
0,0,0.43387,-0.260881,0.862379
0,0,-0.413914,-0.00367143,0.910309
0,0,-0.922413,0.160819,0.351128
0,0,-0.89874,0.408034,0.160544
0,0,-0.356432,0.631754,0.688362
0,0,-0.291273,0.955479,0.0471233
0,0,0.855932,0.151116,0.494514
0,0,-0.595478,0.235088,0.768206
0,0,0.161785,0.809194,0.564828
0,0,-0.336115,-0.41401,0.845945
0,0,-0.242992,-0.968923,0.0462896
0,0,0.696739,0.476988,0.535758
0,0,0.564907,-0.808603,0.164442
0,0,-0.607366,0.721021,0.333519
0,0,0.623057,0.515176,0.588552
0,0,0.996363,-0.0449375,0.0723951
0,0,0.455615,0.108022,0.883598
0,0,-0.715555,-0.0271803,0.698027
0,0,-0.624954,0.244095,0.741518
0,0,0.157001,0.987592,0.00357108
0,0,0.327267,-0.471762,0.818741
0,0,0.458779,0.888022,0.0306471
0,0,0.776541,0.0431013,0.628591
0,0,-0.418299,0.846765,0.328656
0,0,-0.78311,0.499191,0.370873
0,0,-0.27346,0.948016,0.162745
0,0,0.975008,0.221983,0.00910099
0,0,-0.80119,-0.421912,0.424364
0,0,-0.713434,0.34811,0.608138
0,0,0.864155,0.491402,0.108442
0,0,0.984511,0.0521855,0.167375
0,0,-0.460708,-0.373937,0.804934
0,0,0.814284,-0.345935,0.466123
0,0,-0.144836,0.986671,0.0741865
0,0,0.500244,-0.446882,0.741655
0,0,0.327609,-0.756793,0.565629
0,0,0.348771,-0.72496,0.593963
0,0,-0.948767,-0.0645458,0.309312
0,0,0.883914,-0.441651,0.153755
0,0,0.989561,-0.0777746,0.121323
0,0,0.354128,0.924105,0.143608
0,0,0.346828,0.853697,0.388474
6.96232,10.2824,0.285021,-0.504258,0.815161
0,0,-0.929904,-0.307626,0.201604
0,0,-0.988543,0.146338,0.036983
22.4991,31.2636,-0.0909071,0.795237,0.599444
0,0,-0.232325,0.94033,0.248604
0,0,-0.0293692,-0.742367,0.669349
0,0,0.744119,0.464068,0.48055
0,0,0.577015,0.668312,0.469482
0,0,0.460272,-0.798942,0.387093
0,0,0.563582,-0.730412,0.385842
0,0,0.891588,0.451772,0.0311904
0,0,-0.830423,0.527847,0.178257
0,0,-0.382489,-0.878096,0.287489
0,0,0.235747,-0.586764,0.774682
0,0,0.144887,0.965916,0.214509
0,0,0.729246,-0.675608,0.108417
0,0,-0.91875,-0.0704398,0.388505
0,0,-0.135734,0.986202,0.0947705
0,0,0.612775,0.169038,0.771967
0,0,0.334606,0.518188,0.787096
0,0,0.0838023,-0.828066,0.554332
0,0,0.996218,-0.0853612,0.0162448
0,0,-0.916407,-0.265744,0.299296
17.1853,23.8327,-0.474083,0.862024,0.179333
0,0,0.815412,-0.0898179,0.57187
0,0,-0.819491,0.32354,0.473029
0,0,0.484646,0.443197,0.754118
0,0,-0.749162,0.316019,0.582141
0,0,0.150552,0.660395,0.735671
0,0,0.204934,0.484511,0.850442
0,0,-0.327792,0.382922,0.863668
0,0,-0.979538,-0.180596,0.0888261
0,0,0.1345,0.854827,0.501179
0,0,-0.512262,0.630857,0.582758
0,0,0.689924,0.602962,0.400553
0,0,0.934728,0.135736,0.32842
0,0,0.902262,0.162454,0.399414
0,0,0.717856,-0.355551,0.598554
0,0,-0.393989,-0.260581,0.881403
0,0,0.671154,0.609949,0.421325
0,0,-0.0755218,-0.445112,0.892285
0,0,-0.610197,0.533953,0.585281
0,0,0.848847,0.291486,0.441015
0,0,-0.206745,0.900277,0.383089
0,0,-0.876531,0.349692,0.33077
0,0,0.0859626,-0.995202,0.0467175
0,0,-0.704722,0.498389,0.50495
0,0,0.552793,0.578382,0.599912
0,0,0.727338,-0.0385807,0.685195
0,0,-0.52932,-0.848253,0.0169079
0,0,-0.233708,-0.197438,0.95205
0,0,-0.331579,-0.837292,0.434739
0,0,0.457742,0.861727,0.218857
0,0,0.489902,0.869516,0.0627481
0,0,0.307261,0.948374,0.0785993
0,0,-0.0603211,0.665318,0.744119
0,0,-0.654373,0.726626,0.209311
0,0,0.0931238,-0.818575,0.5668
0,0,-0.0837818,-0.455412,0.88633
11.303,18.2438,-0.0293403,-0.105341,0.994003
0,0,-0.964846,0.0113467,0.262572
0,0,-0.844483,0.432072,0.316485
0,0,0.243129,-0.757475,0.605904
0,0,-0.559696,0.811427,0.168303
0,0,-0.733076,0.429017,0.527773
0,0,0.431183,0.32518,0.841629
0,0,-0.839374,-0.503715,0.20426
0,0,0.737017,-0.662043,0.136035
0,0,0.641921,0.594232,0.484588
0,0,0.179593,-0.932914,0.312118
0,0,-0.697672,-0.573839,0.428908
0,0,0.168021,0.313827,0.934495
0,0,0.233417,0.0465283,0.971263
0,0,-0.361741,0.183342,0.914073
0,0,-0.0223633,0.531625,0.846684
0,0,-0.934586,-0.348756,0.0701254
0,0,-0.24235,0.677152,0.694789
0,0,0.439393,0.897741,0.0315592
18.1014,27.3467,-0.205289,-0.173915,0.963125
0,0,0.102581,0.393707,0.913494
0,0,-0.942554,-0.268882,0.19823
0,0,0.198177,0.800042,0.566267
0,0,-0.76575,0.638905,0.0736671
0,0,0.21807,0.964769,0.147195
0,0,0.75042,-0.660856,0.0118388
0,0,0.0492606,-0.632991,0.77259
0.862459,0.94271,-0.19415,0.326268,0.925124
0,0,-0.962592,0.0689571,0.262033
0,0,0.656986,-0.73577,0.164351
0,0,-0.470684,-0.657974,0.587816
0,0,0.773865,0.601788,0.197443
0,0,0.537625,-0.13112,0.832926
0,0,-0.57247,0.335616,0.748091
0,0,-0.492979,-0.86153,0.121401
0,0,-0.163569,-0.584621,0.794646
0,0,0.026736,0.382756,0.923463
0,0,0.646897,-0.161089,0.745369
0,0,-0.20443,0.817176,0.538917
0,0,0.436321,0.387806,0.81193
0,0,-0.449897,0.811317,0.373307
0,0,0.330565,0.588075,0.73817
0,0,-0.700368,-0.256564,0.666078
0,0,-0.463895,0.760273,0.454737
0,0,0.327412,0.83625,0.439871
0,0,-0.784357,-0.607869,0.123612
0,0,0.109879,0.898254,0.42552
0,0,-0.486119,0.119395,0.865698
0,0,0.348064,0.588627,0.729637
0,0,-0.567405,-0.0209994,0.823171
0,0,0.487741,0.465034,0.738818
0,0,-0.756693,-0.346235,0.554561
0,0,-0.574939,0.684489,0.448241
0,0,0.390449,-0.920547,0.0119305
0,0,-0.150253,0.481454,0.863496
0,0,-0.205356,-0.509296,0.835731
0,0,-0.361732,0.666897,0.651458
0,0,-0.0701331,-0.754341,0.652726
0,0,0.0882046,-0.696346,0.712266
0,0,-0.506684,0.0306299,0.861588
0,0,-0.325013,0.839589,0.435266
0,0,0.568807,-0.415806,0.709622
0,0,0.42407,0.90173,0.0839492
0,0,-0.921938,0.373867,0.101259
0,0,0.406084,-0.807703,0.427448
0,0,-0.0570679,-0.70337,0.708529
0,0,0.402774,-0.903146,0.148659
0,0,0.0603715,0.932442,0.35624
0,0,0.506738,0.11455,0.854456
0,0,0.0899359,0.636711,0.76584
0,0,0.549861,-0.550104,0.628521
0,0,0.551452,0.0352961,0.833459
0,0,-0.709997,0.574283,0.407557
0,0,-0.330405,-0.256586,0.908293
0,0,0.0840738,-0.282953,0.955442
0,0,0.49776,-0.128433,0.857753
0,0,0.274795,-0.509481,0.815425
17.6056,24.9718,-0.194014,0.0540633,0.979508
0,0,0.840866,-0.221472,0.493857
0,0,-0.152691,0.877278,0.455048
0,0,0.350116,-0.68434,0.639608
0,0,-0.63486,0.182474,0.75077
0,0,0.220443,0.425272,0.877809
0,0,0.94142,-0.298776,0.156404
0,0,0.584272,0.799215,0.141003
0,0,-0.817091,0.576057,0.0228077
0,0,0.922193,-0.227305,0.312877
0,0,0.690034,-0.702056,0.175985
0,0,-0.660138,0.660776,0.357201
0,0,0.683302,0.499053,0.532957
0,0,0.32154,0.32944,0.88774
0,0,0.387867,-0.194584,0.900942
0,0,0.917978,0.370043,0.142772
0,0,-0.33338,-0.68791,0.6447
0,0,0.429244,0.797014,0.424875
0,0,-0.94943,0.305942,0.0705811
0,0,-0.733115,-0.216743,0.644643
0,0,0.679635,-0.303534,0.667805
0,0,0.585729,-0.32564,0.742213
0,0,-0.875074,0.362854,0.320285
0,0,0.0212142,0.329978,0.94375
0,0,-0.0180488,0.962772,0.269711
0,0,-0.55397,0.659503,0.508107
0,0,0.0496446,-0.997099,0.057702
0,0,-0.839913,-0.171196,0.515012
0,0,0.942454,-0.31671,0.10712
0,0,-0.205784,0.503063,0.839393
0,0,0.681922,-0.297472,0.668201
0,0,0.214038,-0.775566,0.593873
0,0,-0.115155,0.891736,0.437659
0,0,0.0364744,-0.919542,0.391296
0,0,0.880823,-0.325862,0.343461
0,0,0.269814,-0.962213,0.0366819
0,0,0.561981,-0.585211,0.584556
0,0,0.934269,-0.267292,0.236
0,0,0.211027,0.973318,0.0901134
0,0,-0.356357,0.830097,0.428892
0,0,0.353598,-0.774998,0.523781
0,0,-0.0717317,0.710897,0.699628
0,0,0.771127,-0.574382,0.274678
0,0,-0.557273,0.561834,0.611384
0,0,0.640012,0.672072,0.37243
0,0,-0.3752,0.833858,0.404852
0,0,0.294722,-0.831224,0.471388
0,0,0.937055,-0.209526,0.279332
0,0,0.959426,0.0837094,0.26925
0,0,-0.71158,0.153526,0.685627
0,0,0.761321,-0.606489,0.229262
0,0,-0.622784,-0.778477,0.0781927
0,0,0.646581,0.72248,0.244857
0,0,-0.891042,-0.00358551,0.453907
0,0,-0.206105,0.470938,0.857752
0,0,0.618443,-0.115591,0.777282
0,0,-0.0252671,0.565975,0.824035
0,0,-0.647001,-0.523179,0.554684
0,0,-0.278779,-0.599572,0.750197
0,0,0.569595,-0.707714,0.417974
0,0,-0.782926,-0.60324,0.152081
0,0,0.212141,-0.87629,0.432565
0,0,0.876655,0.416627,0.24062
0,0,0.555018,0.0710316,0.8288
0,0,-0.828915,-0.395689,0.395386
0,0,0.927988,-0.372597,0.00319084
0,0,0.263029,-0.705978,0.65758
0,0,-0.159586,0.769039,0.61896
0,0,0.338518,-0.905489,0.255922
0,0,-0.584834,0.313013,0.748327
0,0,-0.785008,0.447857,0.428003
0,0,-0.576447,-0.63981,0.508284
25,35.2071,-0.0999497,-0.0686685,0.99262
0,0,-0.880999,0.0338825,0.471903
10.9582,15.0894,-0.0357212,0.35916,0.932592
0,0,-0.200599,-0.439034,0.87579
0,0,-0.456135,0.868607,0.193553
0,0,-0.0383004,0.487001,0.872561
0,0,-0.161619,-0.548864,0.820139
0,0,-0.161215,-0.960957,0.224881
0,0,0.723619,0.171017,0.668677
0,0,-0.385235,0.909676,0.155192
0,0,0.910418,0.000975061,0.413688
0,0,-0.58554,0.808406,0.0601904
0,0,0.392378,0.707003,0.588376
0,0,-0.5483,-0.777306,0.308484
0,0,0.329669,0.422212,0.844426
0,0,-0.401681,0.846632,0.349093
0,0,0.745075,-0.647794,0.158824
0,0,-0.161734,-0.52091,0.83815
0,0,-0.0514815,-0.955138,0.291652
0,0,-0.0654413,0.9651,0.253572
0,0,0.440264,-0.863588,0.245729
0,0,0.704292,-0.698345,0.12762
0,0,-0.761796,-0.201112,0.615809
0,0,0.84231,-0.462837,0.276215
0,0,0.449459,-0.451389,0.770866
0,0,0.398885,0.39222,0.828887
0,0,0.5572,-0.788717,0.25972
0,0,-0.531482,-0.0831991,0.842974
0,0,-0.678723,-0.712902,0.176368
0,0,0.157076,-0.525403,0.836229
0,0,-0.905379,-0.345338,0.247043
0,0,-0.00302911,0.813352,0.581765
0,0,-0.743985,-0.35878,0.563705
0,0,-0.892375,-0.319022,0.319206
19.6351,27.9032,0.473648,0.143514,0.868942
0,0,0.815566,0.0344172,0.57764
0,0,0.926071,0.216096,0.309345
0,0,0.365425,-0.914481,0.173748
0,0,0.624927,-0.759027,0.182601
0,0,0.616469,-0.0919123,0.781996
0,0,-0.544704,-0.52055,0.657514
0,0,-0.388497,-0.13201,0.911945
0,0,0.0921586,-0.954343,0.284142
0,0,0.59658,-0.65892,0.458166
0,0,-0.0984989,-0.123439,0.987452
0,0,-0.910866,0.400644,0.0990294
0,0,0.300644,-0.891313,0.339372
0,0,0.985763,-0.155196,0.0646898
0,0,-0.280013,0.358373,0.890596
0,0,-0.314935,0.932684,0.175832
0,0,0.86974,0.457564,0.184898
0,0,-0.868472,0.122788,0.48029
0,0,0.345129,0.734999,0.583663
0,0,-0.281095,0.435062,0.855399
0,0,0.277393,0.730989,0.623465
0,0,-0.419252,0.724871,0.546617
0,0,-0.333366,-0.804106,0.492219
0,0,-0.788477,0.228446,0.571066
0,0,0.900275,0.0192232,0.434897
0,0,-0.289313,-0.927262,0.237661
0,0,0.746859,0.0237999,0.664556
0,0,-0.995892,-0.0772725,0.0472022
0,0,0.67709,0.630749,0.379085
0,0,0.251683,-0.622675,0.740899
0,0,0.57313,-0.42924,0.698051
0,0,0.767784,0.196404,0.609863
0,0,-0.99028,0.137783,0.0190194
0,0,-0.0336607,-0.962243,0.270103
0,0,0.0932263,0.034061,0.995062
0,0,-0.652419,-0.567157,0.502676
0,0,-0.826421,0.104955,0.553184
0,0,0.844272,0.49562,0.203879
0,0,-0.5667,-0.567371,0.597446
0,0,0.430335,-0.38417,0.816839
0,0,-0.0454722,0.746311,0.664042
21.6702,32.462,0.462643,-0.683835,0.564208
0,0,0.289965,-0.637041,0.714212
0,0,0.49014,0.643388,0.58806
0,0,0.50075,-0.196586,0.842973
0,0,-0.174039,-0.431703,0.885067
0,0,-0.499387,0.814483,0.295348
0,0,-0.0512618,0.7867,0.615203
0,0,0.252389,0.858313,0.446764
0,0,0.265394,0.164407,0.950019
0,0,0.942717,-0.307952,0.128261
0,0,0.074701,0.639409,0.765229
0,0,0.694753,0.124678,0.70836
0,0,-0.580179,0.495301,0.646582
0,0,-0.867387,0.286943,0.406575
0,0,0.725103,0.373827,0.578341
0,0,0.788231,-0.614774,0.0272997
0,0,-0.92013,-0.38715,0.0589555
0,0,-0.310465,-0.106988,0.944545
0,0,0.83383,0.305262,0.459938
0,0,0.309747,0.935136,0.17198
0,0,0.971972,0.111125,0.207178
0,0,0.227957,0.321709,0.918988
0,0,-0.644612,0.228519,0.729558
0,0,0.00729889,0.874371,0.485203
0,0,0.933991,0.252705,0.252588
0,0,-0.0697312,-0.754554,0.652522
0,0,0.914299,0.0992175,0.392701
0,0,-0.636205,-0.713181,0.294306
0,0,0.992233,-0.105019,0.0666633
0,0,0.0901531,-0.6864,0.721614
0,0,0.498577,0.79205,0.352245
0,0,0.198859,0.703623,0.682181
0,0,0.988898,-0.00884926,0.148334
0,0,-0.279571,-0.378123,0.882532
0,0,-0.220035,0.924755,0.310503
0,0,-0.638382,-0.545469,0.543077
0,0,-0.0532155,-0.676884,0.734164
0,0,-0.72559,0.688101,0.0059091
0,0,-0.71171,0.145782,0.68718
0,0,-0.91418,-0.371357,0.162385
0,0,0.79039,0.449717,0.415977
0,0,0.621541,-0.358693,0.696438
0,0,0.739046,0.259992,0.621462
0,0,-0.41937,-0.552956,0.719978
0,0,-0.959105,-0.272793,0.0755092
0,0,-0.477361,-0.878025,0.0346139
0,0,-0.0281707,-0.700421,0.713174
0,0,-0.0671737,0.418469,0.905744
0,0,0.558665,-0.625143,0.54506
0,0,0.115427,0.49191,0.862961
0,0,-0.5945,0.148632,0.790239
0,0,-0.223962,0.958721,0.1752
0,0,-0.569495,-0.0626711,0.819602
0,0,-0.900581,0.0847694,0.426342
0,0,-0.744824,0.627147,0.227867
0,0,0.317653,0.869082,0.3792
0,0,-0.948588,-0.280258,0.14709
0,0,0.560255,0.826612,0.0531793
0,0,-0.492516,0.721389,0.486853
0,0,0.758081,-0.101615,0.644195
0,0,0.482681,-0.596099,0.641627
0,0,-0.275247,0.933182,0.231105
0,0,0.522149,0.840731,0.14329
0,0,-0.462746,0.834484,0.299169
0,0,-0.573558,0.212188,0.791206
0,0,-0.749416,0.479505,0.456564
0,0,-0.638895,-0.645688,0.418211
0,0,0.696822,-0.699807,0.15719
0,0,0.959839,0.244666,0.137287
0,0,0.53614,0.346772,0.769612
0,0,-0.107357,-0.0760462,0.991308
0,0,-0.400235,0.611789,0.682295
0,0,-0.290542,0.927034,0.237052
15.3748,20.7284,-0.560426,-0.0384822,0.82731
0,0,0.819194,0.253053,0.51467
0,0,0.497996,-0.808126,0.314535
0,0,0.746399,-0.246701,0.618083
0,0,-0.870263,-0.0588451,0.489059
3.141,4.55983,0.0143065,-0.324538,0.945764
0,0,-0.970009,-0.0188814,0.242334
0,0,0.215349,-0.965128,0.148836
0,0,-0.018516,0.913401,0.406639
0,0,-0.168206,0.59856,0.78322
0,0,-0.1519,-0.625505,0.765291
0,0,0.685739,0.252802,0.682534
0,0,-0.450345,0.195603,0.871165
0,0,-0.57093,-0.819841,0.0435827
0,0,-0.0985713,0.709589,0.697687
0,0,0.0824069,0.833407,0.546482
0,0,-0.785838,0.612614,0.0846362
0,0,-0.27921,-0.641456,0.714546
0,0,0.774635,-0.429407,0.464273
0,0,-0.563361,0.824555,0.0522797
0,0,0.742456,-0.199503,0.639498
0,0,0.203814,0.665092,0.71841
0,0,-0.106689,0.729698,0.675395
0,0,0.0843972,0.994585,0.0606407
0,0,0.708983,-0.692809,0.131755
0,0,-0.0184525,-0.9815,0.190572
0,0,-0.187279,-0.716777,0.671682
0,0,-0.321071,0.881881,0.345253
0,0,0.293583,-0.153606,0.943512
0,0,-0.0806445,0.520189,0.850235
0,0,-0.156755,-0.157657,0.974973
0,0,-0.753677,-0.65724,0.00241139
0,0,-0.453091,-0.123173,0.882914
0,0,0.842319,0.441444,0.309235
0,0,0.109204,0.986527,0.121818
4.90465,7.30144,0.0298881,0.318641,0.947404
0,0,0.910674,0.408482,0.0617701
0,0,0.546698,-0.537176,0.642311
0,0,0.45985,0.134589,0.877738
0,0,-0.387163,-0.790219,0.475036
0,0,0.237498,-0.735676,0.634331
0,0,0.1577,0.793237,0.588137
0,0,0.969317,0.173128,0.174503
0,0,-0.8868,0.35297,0.298325
0,0,0.596042,0.801178,0.0533742
0,0,-0.360529,-0.653761,0.665293
0,0,0.777367,0.607237,0.164207
0,0,0.577392,0.65466,0.487893
0,0,-0.243784,0.511413,0.82403
0,0,-0.695767,-0.461528,0.550364
0,0,0.53357,0.842472,0.0744621
0,0,-0.176224,-0.913622,0.366387
0,0,-0.27521,0.100393,0.956128
0,0,0.832798,-0.229873,0.503594
0,0,0.0307067,-0.830617,0.555996
0,0,0.187125,0.799873,0.570252
0,0,0.0286246,-0.985058,0.169826
0,0,-0.843904,-0.422034,0.33123
0,0,-0.119937,0.899865,0.419354
0,0,-0.399282,-0.417023,0.816496
0,0,-0.174726,0.700081,0.692356
0,0,-0.965299,0.11514,0.234393
0,0,-0.410093,0.689732,0.596736
0,0,-0.941849,-0.31548,0.115729
0,0,0.33388,-0.756614,0.562191
0,0,-0.942841,-0.321043,0.0893474
0,0,0.163096,-0.498054,0.85167
0,0,-0.575142,0.342093,0.743091
0,0,-0.342387,-0.910592,0.231503
0,0,-0.410334,-0.850883,0.328061
0,0,-0.232825,-0.528152,0.816608
0,0,-0.633424,0.691949,0.346382
0,0,0.29531,0.603044,0.741033
0,0,0.155606,-0.865299,0.476491
0,0,-0.85981,-0.453153,0.235329
0,0,-0.842468,-0.374369,0.387421
0,0,0.514706,0.463087,0.721546
0,0,-0.449975,0.712921,0.537835
0,0,-0.00732775,-0.936386,0.350895
0,0,0.510971,0.473012,0.717752
0,0,-0.208734,0.164928,0.963965
0,0,-0.594858,-0.803546,0.0214052
0,0,-0.739272,-0.176076,0.64998
0,0,-0.419721,0.906951,0.035686
0,0,-0.40341,0.739122,0.539407
0,0,-0.66863,-0.208447,0.713781
0,0,0.154027,-0.927979,0.339308
0,0,-0.582811,0.131544,-0.80189
0,0,-0.415081,-0.143217,0.898441
0,0,-0.220284,0.0802255,0.972131
0,0,-0.509833,-0.448435,0.73415
0,0,0.184363,0.949594,0.253538
0,0,0.020948,-0.994793,0.0997365
0,0,0.895171,-0.0298681,0.444721
0,0,0.690375,-0.076233,0.719424
0,0,0.207982,0.214252,0.954379
0,0,-0.0944662,0.847837,0.521774
0,0,0.195568,-0.36872,0.908735
0,0,-0.303284,0.690391,0.656794
0,0,0.502506,0.550486,0.666673
0,0,-0.344017,-0.932134,0.113042
0,0,0.203606,0.368068,0.907232
0,0,-0.498162,0.696579,0.516344
0,0,0.697873,-0.428022,0.574256
0,0,0.405677,0.643772,0.648832
0,0,-0.837557,0.0146272,0.546154
0,0,-0.0757199,0.402319,0.912363
22.1196,32.9679,-0.532429,-0.304104,0.789962
0,0,-0.47421,0.633645,0.611243
0,0,0.928406,-0.338848,0.152461
0,0,0.761315,-0.346365,0.548116
0,0,-0.71577,0.0516454,0.696424
0,0,0.987194,-0.0909768,0.131037
0,0,-0.917308,0.032671,0.396835
0,0,-0.0206458,0.995461,0.0929075
0,0,0.107286,-0.503188,0.857491
0,0,0.567365,0.718306,0.402658
0,0,0.567796,0.752583,0.333507
0,0,0.705816,-0.461404,0.537523
0,0,0.746304,0.00540568,0.665584
0,0,-0.919585,0.288976,0.266189
0,0,-0.810659,0.585039,0.0236964
0,0,-0.965568,0.136872,0.221234
0,0,0.461256,-0.839402,0.287485
0,0,0.842942,0.15086,0.51642
0,0,-0.842591,0.474049,0.255574
1.67019,3.02312,0.0782725,-0.33491,0.938993
15.7508,23.0598,0.338488,-0.0757316,0.937918
0,0,0.664247,0.278742,0.693598
0,0,-0.496796,0.863134,0.0905201
0,0,0.589542,-0.449745,0.670947
0,0,-0.920018,0.204031,0.334573
0,0,0.434732,0.877947,0.200542
0,0,-0.312274,-0.348751,0.883661
0,0,-0.777671,-0.276226,0.564736
0,0,-0.0303004,0.977206,0.210118
0,0,0.992349,-0.0904587,0.0840328
0,0,0.282243,0.932459,0.22552
0,0,-0.075586,0.937091,0.340804
0,0,0.295634,-0.951668,0.0832347
0,0,-0.28431,-0.736839,0.613381
0,0,-0.496652,0.0110623,0.867879
0,0,-0.468235,0.180605,0.86495
0,0,0.910009,-0.382271,0.160477
0,0,-0.0927876,-0.754371,0.649858
0,0,0.363356,0.922207,0.132314
0,0,-0.718976,-0.144213,0.679909
0,0,-0.48376,-0.863635,0.14181
0,0,0.433596,0.891344,0.132292
0,0,-0.692269,-0.237484,0.681443
0,0,0.0529034,-0.666303,0.743803
0,0,-0.194659,0.746643,0.636108
0,0,-0.304408,0.455326,0.836668
0,0,0.246152,0.153816,0.956948
22.6151,29.8764,-0.195665,-0.297655,0.934407
0,0,0.140402,-0.822098,0.551763
0,0,0.250479,-0.867224,0.430328
0,0,0.74918,-0.0989463,0.654934
0,0,0.915747,-0.0791842,0.393874
0,0,0.087948,-0.64005,0.763283
0,0,-0.263376,-0.958902,0.105547
0,0,0.177662,-0.412786,0.893333
0,0,-0.0377917,0.967809,0.248831
0,0,0.634896,-0.702994,0.320479
0,0,-0.929587,-0.354194,0.102053
0,0,-0.588505,-0.375075,0.716226
0,0,0.772529,-0.594235,0.223795
0,0,-0.0649355,0.743055,0.666072
0,0,0.669087,-0.53398,0.516902
0,0,-0.0539094,0.950375,0.306401
0,0,-0.489283,0.857168,0.160824
0,0,2.89598e-05,-0.752647,0.658425
0,0,0.966258,-0.116877,0.229534
0,0,0.717601,-0.410107,0.562904
0,0,-0.930606,-0.296532,0.214573
0,0,-0.761022,0.00472731,0.648709
0,0,0.0836193,-0.38492,0.919154
0,0,0.486765,-0.425686,0.762792
0,0,0.0691656,-0.893344,0.444019
0,0,-0.943947,0.289651,0.158325
0,0,0.592947,0.0758105,0.801665
0,0,0.399794,-0.657929,0.638196
0,0,-0.013772,0.845553,0.533714
0,0,0.0148704,-0.913758,0.405987
0,0,0.372788,0.468052,0.801222
0,0,-0.322725,-0.933825,0.154333
0,0,-0.613052,-0.474802,0.631451
0,0,0.241661,-0.653245,0.717545
0,0,-0.261964,-0.619433,0.740053
0,0,-0.39774,0.60043,0.693749
0,0,-0.449871,-0.809064,0.378195
0,0,-0.674364,0.58837,0.446155
0,0,0.769503,-0.4801,0.421151
0,0,-0.44388,0.0772286,0.892752
0,0,-0.998574,-0.00550787,0.0530968
5.36019,7.76263,0.0261041,0.540953,0.840647
0,0,-0.406361,-0.904367,0.13035
17.6852,23.9565,-0.0607098,0.136448,0.988785
0,0,-0.391109,-0.632169,0.668876
0,0,0.73499,-0.674182,0.072578
0,0,0.129512,-0.122105,0.984031
0,0,-0.148123,-0.952413,0.266399
0,0,-0.740451,0.671323,0.0325091
10.3042,14.7537,-0.28368,0.139709,0.948687
0,0,0.0930439,0.946528,0.308912
0,0,0.589485,0.0623973,0.805366
0,0,-0.983151,0.118206,0.139432
0,0,0.235844,0.90941,0.342566
0,0,0.634132,-0.73715,0.233425
0,0,0.74329,-0.594145,0.307428
0,0,0.602731,-0.140334,0.785507
23.6036,35.9299,-0.906196,-0.280569,0.316372
0,0,0.661444,0.652553,0.369685
0,0,0.956171,-0.292261,0.0179196
0,0,0.242931,0.127825,0.961585
0,0,-0.518253,-0.637553,0.570036
0,0,-0.938007,-0.315584,0.143355
0,0,0.068067,0.610656,0.788965
0,0,-0.483474,0.154852,0.861553
0,0,-0.400413,-0.778524,0.48329
0,0,-0.605211,-0.60628,0.515892
0,0,0.805502,-0.339832,0.48547
0,0,0.435319,0.389413,0.811699
0,0,-0.138859,0.830642,0.539214
0,0,-0.543814,0.762941,0.349553
0,0,0.28286,0.77634,0.563282
0,0,-0.479331,0.78797,0.386452
0,0,-0.808382,0.161585,0.566047
0,0,-0.0161405,0.850877,0.525116
15.1287,21.4073,-0.286432,0.620064,0.730395
0,0,0.526967,-0.377501,0.761445
0,0,-0.458862,-0.88355,0.0937272
0,0,-0.274334,-0.438574,0.8558
0,0,0.777401,-0.347904,0.524033
0,0,0.0170116,0.490122,0.871488
0,0,0.0925475,0.959077,0.267594
0,0,0.561483,0.199605,0.803053
0,0,0.442326,-0.604292,0.662706
0,0,0.831032,0.546065,0.105823
0,0,-0.942799,0.0511331,0.329416
0,0,0.619499,0.763057,0.184294
0,0,0.658027,-0.743404,0.119794
0,0,-0.161413,-0.661966,0.731948
0,0,-0.397208,0.910809,0.112482
0,0,0.845575,0.473748,0.246103
0,0,0.391401,-0.911824,0.124027
0,0,-0.701622,-0.293116,0.649468
0,0,0.798238,0.345192,0.493618
0,0,-0.803656,0.511001,0.304985
23.7874,32.6043,0.152953,-0.746603,0.647448
0,0,-0.966532,-0.227376,0.118815
0,0,-0.0183043,-0.854432,0.519241
0,0,0.447006,0.683127,0.577515
0,0,-0.9633,0.16008,0.215472
0,0,-0.596479,-0.223025,0.77102
0,0,-0.887955,-0.387795,0.247288
11.8522,17.6506,-0.178298,0.179853,0.9674
0,0,-0.884197,-0.465153,0.0427605
0,0,-0.600733,-0.468404,0.647856
0,0,0.902175,0.0433213,0.429189
0,0,0.211019,-0.949131,0.233711
0,0,-0.156424,0.501548,0.850871
0,0,0.873626,0.361444,0.325786
0,0,0.620674,0.41138,0.66748
0,0,0.45675,0.650802,0.606495
0,0,-0.434375,0.719359,0.542071
0,0,-0.663653,0.537469,0.520281
0,0,-0.543307,-0.79695,0.263984
0,0,-0.418815,-0.648247,0.635901
0,0,0.958787,-0.152966,0.239433
0,0,0.136449,0.990532,0.0151024
0,0,0.990285,-0.0876449,0.107953
0,0,-0.653875,0.658781,0.372096
0,0,0.526068,0.609796,0.592792
0,0,-0.0847057,0.870856,0.484184
0,0,-0.14239,-0.845256,0.515041
0,0,-0.0426616,0.777455,0.62749
0,0,-0.386129,0.00139126,0.922444
0,0,0.293997,0.552466,0.779966
0,0,0.177781,0.819146,0.545339
0,0,0.948717,0.289165,0.127746
0,0,-0.243303,0.967511,0.0687474
0,0,-0.0252252,0.442624,0.896353
0,0,0.467953,0.691192,0.550703
0,0,0.643029,-0.0378347,0.764907
0,0,-0.346602,0.846535,0.404037
0,0,-0.891492,0.103092,0.44115
0,0,0.959086,0.01838,0.282516
0,0,0.573632,0.74292,0.344988
0,0,-0.39946,-0.654202,0.642223
0,0,-0.513648,0.703121,0.491717
0,0,0.451232,0.702669,0.550133
0,0,0.304824,-0.539581,0.784815
0,0,-0.918515,-0.337743,0.205575
0,0,0.819928,0.346691,0.455547
0,0,-0.685011,0.720759,0.106144
0,0,-0.618814,-0.289664,0.730181
0,0,-0.623459,0.694343,0.359426
0,0,-0.862116,0.410628,0.296885
0,0,-0.967345,0.0733256,0.242625
0,0,-0.507429,0.225329,0.831711
0,0,0.459696,-0.525588,0.715847
0,0,-0.499847,0.166751,0.84991
0,0,0.654855,0.485487,0.579196
0,0,0.935626,-0.31275,0.163683
0,0,-0.0172089,0.935497,0.352916
0,0,-0.452695,0.492915,0.743036
0,0,0.966524,0.232065,0.109442
0,0,-0.482162,-0.842555,0.240045
0,0,0.952202,-0.0379483,0.303102
0,0,-0.517409,0.627758,0.581557
0,0,-0.861919,-0.471922,0.185431
0,0,-0.64916,0.0635585,0.757992
0,0,0.647683,-0.157931,0.745362
0,0,-0.0538018,-0.490566,0.869741
0,0,0.746266,-0.647777,0.153203
0,0,0.79875,-0.522888,0.297635
0,0,-0.654472,-0.588637,0.474524
0,0,-0.832598,-0.0559326,0.551047
0,0,-0.82234,0.37128,0.431171
0,0,-0.640404,-0.721424,0.263495
0,0,-0.289901,0.528575,0.79785
0,0,-0.758381,-0.642163,0.111736
0,0,0.940366,-0.0651476,0.333868
0,0,0.118047,-0.673848,0.729379
0,0,0.493296,-0.857897,0.143776
0,0,0.688061,-0.488457,0.53664
0,0,-0.607369,-0.0736101,0.791002
0,0,-0.179456,-0.772809,0.608737
9.31404,13.106,0.410751,0.00505122,0.911734
0,0,-0.462432,0.453046,0.762172
0,0,-0.362294,-0.78715,0.499137
0,0,0.816924,-0.398913,0.416537
0,0,0.185945,0.292684,0.937955
0,0,-0.393085,-0.137693,0.909134
0,0,0.00194811,0.798095,0.602529
0,0,-0.230337,0.661249,0.713929
0,0,-0.714156,0.558493,0.421981
0,0,-0.390064,-0.574803,0.719341
0,0,-0.48682,-0.854779,0.179887
0,0,0.339247,-0.676116,0.654048
0,0,0.116422,0.672044,0.731302
0,0,0.762532,0.641154,0.0864034
0,0,-0.231502,-0.971158,0.0570904
0,0,-0.19211,-0.897149,0.397766
0,0,-0.408696,0.852829,0.325039
0,0,-0.228554,-0.966869,0.1137
0,0,-0.870411,-0.0439797,0.490357
0,0,-0.396798,0.724194,0.563999
0,0,-0.736393,0.660312,0.147351
0,0,-0.556415,-0.596747,0.578182
0,0,-0.42621,-0.0273031,0.904212
0,0,0.905071,0.30209,0.299313
0,0,-0.480991,0.860811,0.166289
0,0,-0.932222,0.0137915,0.361625
0,0,0.423517,0.410532,0.807526
0,0,0.670742,0.0365016,0.740792
0,0,-0.53024,-0.681425,0.504486
0,0,-0.263515,0.423847,0.866552
0,0,-0.611978,-0.484947,0.624747
0,0,0.564601,-0.819008,0.102238
20.2351,28.3936,-0.150943,-0.0888318,0.984543
0,0,0.609859,-0.74442,0.271865
0,0,-0.0240758,0.354855,0.934611
0,0,-0.43191,0.295396,0.852171
0,0,-0.387038,-0.278059,0.879139
0,0,0.666785,0.576603,0.472151
0,0,0.451488,-0.163534,0.877163
0,0,-0.434044,-0.150855,0.888171
0,0,-0.639607,0.252276,0.726127
0,0,-0.882995,-0.386035,0.267014
0,0,0.354547,0.645827,0.676168
0,0,0.610738,0.652372,0.448787
0,0,0.442522,0.78406,0.435228
0,0,0.94788,0.251709,0.195359
0,0,0.638399,0.767028,0.0641503
21.6421,27.5972,0.383741,0.509926,0.769882
0,0,-0.356552,-0.464708,0.810505
0,0,-0.271417,-0.861936,0.428251
0,0,-0.485029,0.401604,0.776828
0,0,-0.0838042,0.702046,0.707183
0,0,-0.948827,0.0347415,0.31388
0,0,0.0366916,-0.375551,0.926075
0,0,-0.740928,0.670669,0.0350502
0,0,-0.516363,0.856254,0.0140906
0,0,0.0197015,0.98847,0.150128
0,0,-0.95989,0.191685,0.204617
0,0,-0.115195,-0.829113,0.547085
0,0,-0.240907,0.957898,0.156187
0,0,-0.862914,0.499764,0.0749386
0,0,0.433607,-0.208667,0.876609
0,0,0.977132,-0.0364393,0.209487
0,0,-0.782253,-0.102493,0.614471
0,0,-0.272701,-0.3593,0.89249
0,0,0.415941,0.566146,0.711668
0,0,0.119011,0.968904,0.216937
0,0,-0.0200838,0.532488,0.846199
0,0,-0.206848,-0.341222,0.916941
0,0,-0.736409,0.298561,0.607094
0,0,-0.261572,0.898776,0.351825
0,0,-0.1157,-0.291514,0.949544
0,0,0.173738,0.42648,0.887654
0,0,-0.0420558,-0.991721,0.121329
0,0,0.402552,-0.239228,0.883585
0,0,0.979069,-0.133808,0.153357
0,0,-0.0926837,0.971609,0.217683
0,0,0.231173,-0.367672,0.900765
0,0,-0.570159,0.494318,0.656176
0,0,-0.952921,0.0736688,0.294134
0,0,0.496476,0.822829,0.27652
0,0,0.306832,-0.779135,0.546629
0,0,-0.69338,-0.46757,0.548272
0,0,-0.0597889,-0.786758,0.61436
0,0,0.496232,-0.00780343,0.868155
0,0,-0.965433,-0.0370414,0.258006
0,0,-0.651336,-0.356473,0.669842
0,0,-0.747412,0.458751,0.480544
0,0,0.680916,-0.731485,0.0358334
0,0,0.830521,0.485225,0.273482
23.3319,33.1902,0.12876,-0.977968,0.164313
0,0,0.157462,-0.650856,0.742693
0,0,-0.401042,0.845384,0.352833
0,0,-0.448627,-0.375063,0.81121
0,0,-0.571506,0.650192,0.500632
0,0,0.720399,-0.15476,0.676073
0,0,-0.647169,-0.591705,0.480684
0,0,-0.892455,0.446299,0.0658973
24.8275,36.2597,0.704061,-0.575414,-0.416169
0,0,-0.639144,0.747414,0.181295
0,0,-0.0114208,0.718929,0.69499
0,0,0.772164,0.280371,0.570224
0,0,0.853628,0.302732,0.423878
0,0,-0.777212,0.0267949,0.628668
0,0,-0.3044,-0.820549,0.483776
0,0,0.602396,-0.747442,0.280089
0,0,-0.575121,-0.0967572,0.812326
0,0,-0.983986,0.0893762,0.154217
0,0,0.775332,-0.625381,0.0880846
0,0,0.478739,0.528973,0.700711
0,0,0.110094,0.255666,0.960476
0,0,-0.812937,0.314278,0.490268
0,0,-0.308973,-0.851521,0.423613
0,0,-0.266113,-0.861814,0.431811
0,0,0.299975,0.709668,0.637484
0,0,-0.00861962,0.87886,0.477001
0,0,0.622865,-0.0517579,0.780616
0,0,0.253083,-0.832299,0.493181
0,0,0.0735132,-0.973422,0.216899
0,0,0.291232,-0.242409,0.925431
0,0,-0.0873291,-0.809149,0.581077
0,0,-0.887559,0.00762531,0.460631
0,0,0.360849,-0.565557,0.741575
0,0,-0.331914,0.608978,0.720402
0,0,-0.0772874,-0.454391,0.887443
0,0,-0.550189,0.756672,0.353185
0,0,0.187368,0.933828,0.304728
0,0,-0.10275,-0.634845,0.765777
0,0,0.907833,-0.254415,0.333335
0,0,-0.980458,-0.0145402,0.196188
0,0,-0.978853,0.0420635,0.200194
0,0,-0.467831,-0.704627,0.533512
0,0,0.954279,0.193989,0.227421
0,0,-0.680377,0.641839,0.353739
0,0,0.0561733,-0.349532,0.935239
0,0,0.65225,-0.533203,0.538762
0,0,-0.473204,0.568183,0.673236
0,0,-0.136994,0.302453,0.943268
0,0,-0.479688,0.817407,0.318976
0,0,-0.265401,0.852487,0.450366
1.0593,1.34738,-0.148793,-0.30562,0.940456
0,0,0.449172,0.790717,0.415946
0,0,-0.699511,-0.705947,0.111013
0,0,0.985226,0.0229355,0.169714
0,0,0.948618,0.122749,0.291646
0,0,-0.835033,0.548023,0.0489028
0,0,0.130042,0.963205,0.235213
0,0,0.0234147,-0.505857,0.862299
0,0,-0.374599,0.690602,0.618664
0,0,-0.705203,0.170212,0.688271
0,0,-0.548212,0.517467,0.657033
22.1383,31.4666,0.155704,-0.327242,0.932024
0,0,-0.724495,-0.655383,0.213496
0,0,-0.620538,-0.535898,0.572491
0,0,-0.19582,0.449519,0.871543
0,0,0.998906,-0.0353246,0.0306275
0,0,-0.329679,0.481875,0.811855
0,0,0.445342,-0.276393,0.851632
0,0,-0.495074,0.308926,0.812076
0,0,0.514982,0.517006,0.683739
0,0,-0.938084,-0.170006,0.301823
0,0,0.568925,-0.265124,0.778482
0,0,0.20991,-0.390062,0.896543
0,0,0.98146,-0.15954,0.106226
0,0,0.802911,-0.595673,0.0225173
0,0,-0.883299,-0.351944,0.309707
0,0,0.38555,-0.905459,0.177466
0,0,0.80212,0.567459,0.185994
0,0,0.55129,0.834246,0.0106299
0,0,-0.675819,0.111407,0.728599
0,0,-0.643595,-0.330196,0.690476
0,0,0.161975,0.913667,0.372796
3.96965,5.80424,-0.0946555,-0.273966,0.95707
0,0,-0.404976,-0.642227,0.650799
0,0,-0.329526,0.935505,0.127444
0,0,0.562531,-0.395558,0.726011
0,0,-0.332544,-0.871469,0.360495
0,0,0.325684,-0.724536,0.607436
0,0,-0.620589,0.345203,0.704062
0,0,-0.279425,0.85288,0.44104
0,0,-0.184527,-0.319251,0.929531
0,0,0.209456,-0.746366,0.631717
0,0,-0.509158,0.472089,0.719646
0,0,0.0270699,0.785224,0.61862
0,0,-0.239601,0.937857,0.251031
0,0,-0.0597127,-0.921674,0.383342
0,0,0.429191,-0.339424,0.83701
0,0,-0.249483,0.296884,0.921747
0,0,0.394542,0.776111,0.491922
0,0,0.0174783,-0.568373,0.822585
0,0,0.584539,0.759982,0.284151
0,0,0.566027,0.373194,0.735078
0,0,-0.237704,0.0818479,0.967883
0,0,-0.830326,0.474251,0.292651
0,0,0.826784,-0.0787416,0.556981
0,0,-0.93602,-0.285927,0.205211
0,0,-0.705134,0.42053,0.570912
0,0,-0.126882,0.432646,0.892591
0,0,-0.312431,0.94984,0.0138324
0,0,0.6873,-0.349487,0.636771
0,0,0.537136,0.785417,0.30758
0,0,0.764692,-0.481057,0.428754
0,0,0.971372,-0.230187,0.0587327
0,0,0.427497,-0.8388,0.337136
0,0,-0.651588,-0.354852,0.670458
0,0,0.658707,0.245363,0.711268
0,0,-0.912649,0.0760785,0.401602
23.6706,36.2618,0.0493886,0.96066,0.2733
0,0,0.94046,0.139257,0.31007
0,0,-0.437165,0.761568,0.478435
0,0,0.871999,0.290042,0.394327
0,0,0.998808,-0.0327585,0.0361778
0,0,0.756585,-0.120908,0.642619
0,0,-0.290118,0.854341,0.431199
0,0,0.771246,0.297442,0.562768
0,0,-0.783875,0.201056,0.587467
0,0,0.65315,0.673115,0.346858
0,0,0.702073,-0.580907,0.411874
0,0,-0.456544,-0.258748,0.851244
0,0,0.655378,0.7542,0.040761
0,0,0.693521,0.239816,0.679351
0,0,0.716412,0.27601,0.640758
0,0,-0.517524,-0.153775,0.841738
0,0,-0.430965,0.792838,0.430903
0,0,0.599143,-0.511588,0.615878
0,0,-0.544575,-0.802809,0.242767
0,0,0.871736,-0.273048,0.406843
0,0,-0.190998,-0.685876,0.702207
0,0,0.305518,-0.18619,0.933805
0,0,0.102634,-0.982856,0.153171
0,0,0.901374,-0.305352,0.307058
0,0,-0.570215,0.745267,0.345591
0,0,-0.536992,-0.378656,0.753829
0,0,0.147619,-0.864332,0.480768
0,0,0.172437,0.631659,0.755825
0,0,-0.846274,0.507093,0.163333
0,0,-0.590159,0.793558,0.148251
0,0,0.623114,-0.166671,0.764166
0,0,0.388977,-0.7699,0.505916
0,0,0.88433,-0.332708,0.327516
0,0,0.904142,-0.423996,0.0524823
0,0,-0.803312,-0.595368,0.0150551
0,0,0.473684,-0.35634,0.805385
0,0,0.613664,0.783564,0.0971807
0,0,0.33839,-0.72749,0.596866
0,0,0.120468,0.980436,0.155667
0,0,-0.0342796,-0.525698,0.84998
14.8658,21.7989,-0.642342,-0.032493,0.765729
0,0,0.75545,0.272854,0.59569
0,0,0.815436,0.573897,0.07554
0,0,0.312632,-0.949871,0.00244386
0,0,-0.806823,0.519923,0.280566
0,0,-0.386619,0.837538,0.386077
0,0,0.226156,-0.459437,0.858936
0,0,-0.145424,-0.964153,0.221949
0,0,0.234772,-0.889683,0.391594
0,0,0.4873,0.235294,0.840937
0,0,-0.0354261,0.61146,0.790482
0,0,0.285133,0.325716,0.901448
0,0,0.0761333,0.993114,0.0890461
0,0,-0.584824,0.798654,0.14189
0,0,-0.979938,-0.113817,0.163609
0,0,-0.13695,0.666118,0.733165
0,0,0.332621,-0.927614,0.169987
0,0,0.858257,0.244977,0.450978
0,0,-0.842937,-0.0428171,0.536305
0,0,0.144236,0.751194,0.64413
0,0,-0.921455,-0.388467,0.00369044
0,0,-0.560414,0.789237,0.251082
0,0,0.781528,-0.314671,0.538699
0,0,-0.751302,-0.638693,0.166185
0,0,0.0961184,0.984012,0.14994
0,0,-0.380437,-0.437896,0.814565
0,0,-0.566239,-0.781979,0.260542
0,0,-0.83744,-0.366949,0.405022
0,0,-0.970208,0.221633,0.0978589
0,0,-0.0881826,-0.973057,0.213036
0,0,-0.651016,-0.152114,0.743666
0,0,-0.675636,-0.653286,0.341663
0,0,-0.840725,0.538885,0.052773
0,0,0.318931,-0.78855,0.525805
0,0,-0.229922,-0.216173,0.948897
0,0,0.850684,0.13518,0.507999
0,0,-0.333425,-0.825161,0.456001
0,0,-0.409889,-0.903442,0.125633
0,0,-0.806266,-0.137648,0.575315
0,0,-0.663794,-0.73625,0.131581
0,0,0.451575,0.631802,0.630004
0,0,0.0451163,-0.913154,0.40511
0,0,0.283981,-0.956825,0.06198
0,0,-0.154263,0.666648,0.729235
0,0,-0.0271299,-0.331175,0.943179
0,0,0.0215488,0.896071,0.443387
0,0,0.873699,-0.460869,0.155722
0,0,0.116878,0.571096,0.81252
0,0,-0.314951,-0.376553,0.871214
0,0,0.597881,0.774482,0.206679
0,0,-0.968437,-0.232553,0.0897098
0,0,0.908761,-0.330221,0.255162
0,0,0.268672,0.446675,0.853403
0,0,-0.742991,-0.643255,0.184897
0,0,0.41005,0.909981,0.0615828
0,0,0.953764,0.144968,0.263284
0,0,-0.263057,-0.853819,0.449215
0,0,0.645786,-0.594095,0.479596
0,0,-0.923461,0.199847,0.327537
0,0,0.468006,-0.144479,0.871835
0,0,-0.367072,0.5747,0.731422
0,0,0.40253,-0.912016,0.0787133
0,0,-0.721884,-0.678423,0.136478
0,0,0.856509,0.407069,0.317314
0,0,0.0866409,-0.430388,0.898476
0,0,0.386295,-0.348319,0.854078
0,0,0.863531,-0.234092,0.446671
0,0,0.941035,-0.241032,0.237394
22.3313,31.2564,-0.0151589,-0.0256779,0.999555
0,0,0.55453,-0.812378,0.180385
0,0,-0.0847034,0.539021,0.838022
0,0,0.148418,0.631648,0.760916
0,0,0.688419,-0.535428,0.489281
0,0,-0.372371,-0.0612278,0.926062
0,0,0.891263,-0.446578,0.0788529
0,0,0.759758,0.438854,0.479766
0,0,-0.570232,-0.805281,0.162353
0,0,-0.26536,-0.43777,0.859035
0,0,0.550129,-0.787365,0.278233
0,0,0.741004,-0.528663,0.41404
0,0,-0.956015,0.07177,0.284401
0,0,-0.106126,-0.0812702,0.991026
4.09449,6.50562,0.0615817,-0.227375,0.971858
0,0,-0.931463,-0.344941,0.115727
0,0,-0.869797,0.176998,0.460571
0,0,0.755557,0.443668,0.481968
0,0,0.412448,-0.34564,0.842864
0,0,0.155099,0.985972,0.0616776
0,0,0.78111,0.213709,0.586682
0,0,0.905059,-0.256149,0.339495
0,0,-0.260098,0.719297,0.644175
0,0,-0.197457,0.631302,0.749979
0,0,0.078769,0.365919,0.927307
0,0,-0.570346,-0.713438,0.407078
0,0,-0.139695,0.481205,0.865406
0,0,-0.542412,0.714359,0.442131
0,0,-0.423658,-0.281005,0.861133
0,0,0.267688,-0.333103,0.904094
0,0,0.70223,-0.358566,0.615064
0,0,-0.37247,0.902518,0.216164
0,0,-0.499386,-0.37844,0.779357
0,0,-0.0398058,-0.578481,0.814724
0,0,0.60968,0.617043,0.497542
0,0,0.729551,-0.429938,0.531892
0,0,0.49429,-0.0730368,0.866223
0,0,-0.189195,0.980514,0.0528954
0,0,0.391265,-0.203451,0.897507
0,0,-0.608496,0.120651,0.784332
0,0,0.89461,0.427007,0.131671
0,0,-0.70321,-0.43653,0.561192
0,0,-0.107419,0.96367,0.244541
0,0,-0.452674,0.367789,0.812292
0,0,0.703998,-0.523307,0.480142
0,0,-0.34261,-0.553676,0.758987
0,0,0.950029,0.191281,0.246692
0,0,-0.0712466,-0.703604,0.707011
0,0,0.695406,-0.672703,0.252748
0,0,0.191435,-0.781688,0.593562
0,0,0.522203,0.418798,0.742908
0,0,-0.598984,-0.792305,0.116065
0,0,0.174938,0.527408,0.831407
0,0,0.343435,0.936513,0.0706855
0,0,-0.464521,-0.82227,0.328774
0,0,-0.130977,-0.576456,0.806563
0,0,0.623347,-0.0197835,0.781695
0,0,-0.639627,0.532578,0.55429
0,0,0.015059,0.998665,0.0494192
0,0,0.613528,0.608023,0.503876
0,0,0.414934,-0.557405,0.719117
0,0,-0.848823,0.444932,0.285543
0,0,0.215338,-0.813146,0.540761
0,0,-0.0886713,-0.430603,0.898175
0,0,0.842164,0.529252,0.103211
0,0,-0.78771,0.130505,0.602065
0,0,-0.124025,0.860628,0.4939
0,0,-0.707098,0.0434989,0.705776
0,0,0.436567,-0.899661,0.00433741
0,0,-0.359493,0.761165,0.539807
0,0,-0.624116,0.234416,0.745338
0,0,0.357316,-0.756403,0.547887
0,0,0.744169,0.269721,0.611116
0,0,-0.651406,-0.64716,0.396047
0,0,0.0129973,-0.467145,0.884085
0,0,-0.5639,0.565162,0.60217
0,0,0.329591,0.56017,0.759986
0,0,0.472971,-0.869475,0.14252
0,0,0.595789,-0.692811,0.406261
0,0,0.434522,-0.824442,0.362611
0,0,0.980611,0.139786,0.137337
0,0,0.545045,-0.173132,0.820336
0,0,0.952939,-0.188636,0.237327
0,0,-0.452575,0.817923,0.355216
0,0,0.688863,0.671443,0.273186
0,0,-0.545216,-0.74188,0.390324
0,0,0.877643,0.129157,0.461586
0,0,-0.882225,0.185728,0.432648
0,0,-0.218468,0.915026,0.339114
0,0,-0.742272,0.536169,0.401939
0,0,-0.216777,0.780591,0.586247
0,0,-0.408278,0.664336,0.626073
0,0,0.883989,-0.441522,0.153696
0,0,-0.679876,-0.062935,0.730622
0,0,-0.222981,-0.561057,0.797179
0,0,0.544322,-0.347847,0.763359
0,0,-0.427604,-0.237719,0.872149
0,0,-0.331769,-0.692113,0.641022
0,0,-0.655799,-0.661112,0.364497
0,0,0.926667,0.032377,0.374486
0,0,0.408486,0.831164,0.377235
0,0,-0.644699,0.0120462,0.764341
0,0,-0.659416,-0.248324,0.709581
0,0,0.384833,0.671127,0.633634
0,0,0.227308,0.825811,0.516108
0,0,0.240548,-0.559486,0.793166
0,0,0.578077,0.221356,0.785384
0,0,0.751892,0.251077,0.609605
0,0,0.291257,-0.919595,0.263657
0,0,-0.385075,0.897628,0.214434
22.3739,31.3919,0.0159406,-0.119195,0.992743
0,0,0.707544,-0.611641,0.353945
0,0,0.746357,-0.00733059,0.665505
0,0,0.500371,0.858515,0.112166
0,0,0.9564,-0.154377,0.247924
0,0,0.583939,-0.759938,0.285497
0,0,0.849029,-0.407388,0.33643
0,0,-0.110539,0.993643,0.0213132
0,0,0.550387,0.743196,0.380439
0,0,0.943986,-0.328013,0.0360193
0,0,-8.72199e-05,0.992476,0.122439
0,0,-0.381976,0.707366,0.59475
0,0,-0.00203878,0.399764,0.916616
0,0,-0.0286868,-0.327604,0.944379
0,0,-0.105571,-0.976341,0.188712
0,0,0.479327,-0.877126,0.0299413
0,0,-0.807427,-0.458052,0.371819
0,0,-0.467168,-0.659932,0.588425
0,0,-0.405431,0.61929,0.672388
0,0,0.468064,-0.883353,0.0245875
0,0,-0.720517,0.282092,0.633466
0,0,0.323655,-0.333049,0.885622
0,0,0.463625,-0.788088,0.404931
0,0,0.995593,-0.0507466,0.0788627
0,0,0.785146,0.438497,0.43734
0,0,0.757873,-0.387231,0.525053
0,0,-0.961351,0.131756,0.241754
0,0,0.0240439,-0.616381,0.787081
0,0,-0.876463,-0.434484,0.207451
0,0,0.364171,-0.163319,0.9169
0,0,-0.623896,0.778194,0.071883
0,0,-0.254367,0.560826,0.787891
0,0,-0.233268,0.828341,0.50935
0,0,0.917192,-0.390841,0.0774724
0,0,-0.660847,0.415612,0.624938
0,0,0.75839,0.375705,0.532625
0,0,-0.82975,-0.520655,0.20108
0,0,-0.243726,0.943399,0.224935
0,0,-0.155531,-0.383374,0.910404
0,0,-0.675006,-0.329519,0.660139
0,0,-0.873662,0.478737,0.0867535
0,0,-0.8963,0.430065,0.108122
0,0,0.148078,-0.98892,0.0104952
22.0951,30.5162,-0.0111672,0.364386,0.931181
0,0,0.511911,0.589654,0.624704
5.71005,8.39538,-0.663613,0.590779,0.458909
0,0,-0.742433,0.55233,0.379112
0,0,0.613849,0.789415,0.00363027
0,0,0.825163,0.559822,0.0755282
0,0,-0.680281,0.662581,0.313377
0,0,-0.36546,0.879756,0.304086
0,0,0.610147,0.765901,0.202773
0,0,0.28011,-0.587726,0.759024
0,0,-0.812362,-0.463165,0.354325
3.58015,5.11673,0.151464,-0.146965,0.977476
0,0,-0.166532,0.755441,0.6337
0,0,0.161001,-0.98695,0.00277966
0,0,-0.971387,0.0207116,0.236596
0,0,-0.844278,0.516079,0.144419
0,0,0.650822,0.555547,0.517491
0,0,-0.850047,0.479567,0.217798
0,0,0.140177,0.949079,0.282134
0,0,0.371274,0.917107,0.145156
0,0,-0.711281,0.148239,0.687098
0,0,0.897223,-0.411339,0.160595
0,0,-0.327007,-0.895639,0.301492
0,0,0.376118,-0.285809,0.88139
0,0,0.835295,0.107517,0.539187
0,0,0.156011,0.968196,0.195593
0,0,-0.538307,-0.792883,0.28559
0,0,-0.580333,0.00415156,0.814368
0,0,0.0482464,-0.375482,0.925573
0,0,0.341273,0.88164,0.325951
0,0,-0.203106,0.614923,0.761983
0,0,0.0947646,0.993673,0.0602747
0,0,-0.521116,-0.848419,0.0928637
0,0,-0.647712,-0.761488,0.0246128
0,0,-0.529239,0.101689,0.842357
0,0,0.107592,-0.756225,0.645405
0,0,0.509036,0.854609,0.102592
0,0,-0.480121,0.275411,0.832846
0,0,0.950751,-0.306657,0.045103
0,0,-0.583504,0.738002,0.338933
0,0,-0.594974,0.749339,0.290683
0,0,0.359992,0.00828011,0.932919
0,0,-0.715315,0.630334,0.301669
0,0,-0.741958,-0.554886,0.376297
0,0,-0.99685,-0.0675354,0.0415876
0,0,-0.382343,0.829808,0.406487
0,0,-0.385525,0.0620065,0.920612
0,0,-0.535816,0.0424007,0.84327
0,0,-0.862225,0.455932,0.220668
0,0,0.307372,0.569505,0.762356
0,0,0.885295,-0.145602,0.441648
0,0,0.154509,-0.872497,0.463546
0,0,-0.706011,0.0221557,0.707854
0,0,0.483529,0.457131,0.746479
0,0,-0.26894,-0.723726,0.635525
0,0,-0.685002,0.674165,0.276177
0,0,-0.779321,0.0346755,0.625664
0,0,-0.186941,0.229094,0.955285
0,0,-0.230845,-0.935749,0.266616
0,0,0.167241,0.830352,0.531551
0,0,0.0342923,-0.992598,0.116502
0,0,-0.301615,0.952764,0.0356319
0,0,-0.114508,-0.993405,0.00577621
0,0,-0.521997,-0.238816,0.818832
0,0,-0.95928,0.0826549,0.270093
0,0,0.848893,-0.0214151,0.528131
0,0,-0.654392,0.727138,0.207462
0,0,-0.89287,-0.160986,0.420556
0,0,0.03382,-0.51281,0.857835
0,0,0.316207,0.105901,0.942761
0,0,0.880151,-0.100334,0.463969
0,0,0.781995,-0.562476,0.268521
0,0,0.426353,-0.602713,0.674507
0,0,0.357184,0.84606,0.39573
0,0,0.860756,-0.303386,0.408724
0,0,-0.770404,-0.596353,0.22548
0,0,0.47789,-0.206363,0.853836
0,0,0.740028,0.655835,0.149125
0,0,0.57564,-0.676135,0.45987
0,0,0.0615362,-0.909575,0.410958
0,0,0.967685,0.239735,0.0781893
0,0,-0.559671,0.0723616,0.82555
0,0,-0.43694,-0.182361,0.880811
0,0,-0.257881,-0.929131,0.264979
0,0,-0.475806,-0.81995,0.318264
0,0,0.514105,-0.850531,0.110874
0,0,0.669207,-0.519483,0.531318
0,0,0.729061,-0.354089,0.58574
0,0,0.0997804,-0.688562,0.71828
0,0,0.421218,-0.602972,0.677496
0,0,-0.775735,0.00396277,0.631047
0,0,-0.895065,0.378369,0.236
0,0,-0.0699789,-0.94958,0.305617
0,0,0.71346,-0.593686,0.372173
0,0,0.646662,-0.382678,0.659837
0,0,0.498232,0.817084,0.290068
0,0,0.114886,0.930182,0.348657
0,0,-0.378827,-0.049959,0.924118
0,0,-0.561092,0.0937566,0.822427
0,0,0.384925,0.0231752,0.922657
0,0,-0.619944,0.633867,0.462474
0,0,0.976367,-0.065414,0.20598
0,0,0.0152704,0.654281,0.756097
0,0,0.53813,-0.829468,0.14966
0,0,0.277711,-0.960579,0.0128443
0,0,-0.313607,0.85747,0.407916
10.3836,15.151,-0.24339,0.804512,0.541776
0,0,-0.204136,0.242753,0.948367
0,0,-0.259897,0.546709,0.795967
0,0,-0.374491,-0.189163,0.90773
0,0,0.397035,0.406455,0.822896
0,0,0.417686,0.815513,0.400597
0,0,-0.153956,-0.933242,0.324586
0,0,0.179414,-0.771121,0.610887
0,0,-0.453411,-0.72902,0.512785
0,0,-0.0206955,-0.756447,0.653727
0,0,-0.440788,-0.642938,0.626368
0,0,-0.777476,0.375001,0.504881
0,0,-0.518233,0.843515,0.141127
0,0,-0.997662,0.0444697,0.0519017
7.94581,11.3054,-0.150393,-0.358869,0.921192
0,0,0.947154,0.292196,0.132368
0,0,0.601226,0.781181,0.168176
0,0,-0.565215,-0.221999,0.794512
0,0,0.493188,0.86108,0.123719
0,0,0.362505,-0.925749,0.107607
0,0,0.851347,0.181653,0.492148
0,0,0.171586,-0.969406,0.17553
0,0,0.128841,0.774267,0.619605
0,0,-0.220016,0.49941,0.837963
0,0,-0.861431,-0.441089,0.251747
0,0,0.467159,0.248593,0.848507
0,0,-0.0102407,-0.99889,0.0459702
0,0,0.0679512,0.489787,0.86919
0,0,-0.846312,0.0716997,0.527839
0,0,-0.78026,0.516009,0.353453
0,0,-0.115021,-0.992694,0.0364557
0,0,-0.980645,-0.187201,0.0573692
0,0,0.463947,-0.865059,0.190857
0,0,-0.181056,0.869042,0.460418
0,0,-0.434852,0.492528,0.75387
0,0,0.200498,0.461343,0.86427
0,0,0.472111,0.0656693,0.87909
0,0,0.972173,0.197266,0.126356
0,0,-0.20558,0.977955,0.0366135
0,0,0.569251,0.630564,0.527582
0,0,-0.58628,-0.339127,0.73571
0,0,-0.0287182,0.902257,0.430241
0,0,0.247205,-0.782507,0.571466
0,0,-0.741402,0.116636,0.660848
0,0,-0.227799,0.855208,0.465539
0,0,0.342898,-0.696663,0.630144
0,0,0.734586,0.498601,0.460197
0,0,0.221658,0.855874,0.467277
0,0,-0.508395,0.305017,0.805294
0,0,-0.0729929,0.0217184,0.997096
0,0,-0.33311,0.573606,0.748341
0,0,-0.603408,0.660224,0.447217
0,0,0.326051,-0.574745,0.750573
0,0,-0.952001,-0.186403,0.24279
0,0,-0.237317,0.476526,0.846524
0,0,-0.198336,0.0831935,0.976597
0,0,0.492544,0.44155,0.749956
0,0,0.606452,-0.411247,0.680509
0,0,0.101852,-0.883312,0.457587
0,0,-0.233734,-0.507582,0.829294
0,0,0.688301,0.703591,0.176639
0,0,0.969399,-0.244554,0.0214036
0,0,-0.865935,-0.263224,0.425289
0,0,-0.975801,-0.0687704,0.207567
0,0,-0.248273,-0.539314,0.804674
0,0,0.902486,-0.421202,0.0900447
0,0,-0.629915,-0.766371,0.126027
0,0,0.1594,-0.948064,0.275258
0,0,0.00749704,-0.976943,0.213368
0,0,0.661339,-0.510192,0.54985
5.87409,8.65725,-0.263843,0.344498,0.900949
0,0,-0.480082,0.056322,0.875414
0,0,-0.231734,0.757924,0.609796
0,0,0.236268,0.362921,0.901369
21.1389,30.2993,0.502762,0.601586,0.620745
0,0,0.47545,0.77697,0.412632
0,0,-0.145449,0.928542,0.341546
0,0,-0.148195,-0.979124,0.139119
0,0,0.733833,0.677952,0.0432475
0,0,-0.755298,0.513562,0.40716
0,0,0.814546,-0.476758,0.330477
0,0,-0.448148,0.850919,0.274044
0,0,0.420997,-0.246078,0.873045
0,0,0.635127,0.0468055,0.770988
0,0,-0.821538,-0.497738,0.278088
0,0,-0.590761,0.805817,0.0407494
0,0,0.852025,-0.215654,0.477018
0,0,0.677849,0.715155,0.170512
0,0,0.970926,0.116562,0.209081
0,0,-0.0433399,-0.354681,0.933982
0,0,-0.214696,-0.899261,0.381098
0,0,0.0196519,-0.994652,0.101393
0,0,-0.772337,-0.505637,0.384482
0,0,0.00531925,0.716095,0.697983
0,0,0.577423,0.612368,0.539989
0,0,-0.593798,-0.743499,0.307593
0,0,0.70639,0.538451,0.459438
0,0,0.577301,-0.810826,0.0963574
0,0,0.828352,0.373726,0.417326
0,0,-0.29808,-0.55381,0.777459
0,0,0.647354,0.606821,0.461195
0,0,-0.570703,0.00447744,0.821145
0,0,0.93396,-0.0988338,0.343438
0,0,0.547835,-0.35454,0.757746
0,0,-0.862548,0.0510539,0.503392
0,0,0.223562,-0.552903,0.802694
0,0,0.730259,0.368213,0.575449
0,0,0.0626576,-0.218231,0.973884
0,0,0.320836,0.625103,0.711555
0,0,-0.439083,-0.63706,0.63353
0,0,0.948047,-0.138541,0.286381
0,0,-0.0866038,-0.665074,0.741739
0,0,0.106338,-0.959512,0.260822
0,0,-0.23203,-0.518126,0.82323
0,0,0.778453,0.625006,0.0581225
0,0,-0.907634,0.406831,0.103383
0,0,0.054383,0.0709793,0.995994
0,0,0.755107,0.050652,0.653642
0,0,0.203541,-0.961858,0.182757
0,0,-0.842664,-0.458055,0.283025
0,0,-0.925287,0.378794,0.0189353
0,0,-0.790683,0.11345,0.601623
0,0,0.225372,-0.94714,0.228327
0,0,-0.439728,-0.809967,0.388063
0,0,-0.0442652,0.766338,0.640911
0,0,0.719976,-0.539687,0.436317
0,0,0.518656,0.704482,0.48446
0,0,-0.36728,0.749813,0.550351
0,0,-0.964017,-0.243087,0.107608
15.3107,20.549,-0.0883802,-0.928589,-0.360431
0,0,0.846073,-0.323121,0.423973
0,0,0.809378,-0.587234,0.00790386
0,0,-0.264023,-0.583162,0.768254
24.0433,33.9178,0.643917,0.418143,0.640724
0,0,0.364701,0.900099,0.238358
0,0,-0.403732,-0.834326,0.375369
0,0,0.784047,0.383838,0.487789
0,0,-0.890846,-0.392072,0.229505
0,0,0.0898372,-0.386037,0.918098
0,0,-0.228344,-0.156785,0.960873
0,0,0.709017,0.324082,0.626312
0,0,0.140045,-0.778759,0.611491
0,0,-0.0866147,-0.457419,0.885023
0,0,-0.391698,0.559961,0.73008
0,0,0.715628,-0.472875,0.514068
0,0,0.299019,-0.602707,0.739819
0,0,-0.956764,0.0669519,0.283054
14.9019,22.7413,-0.77479,-0.165727,0.610111
0,0,0.935646,-0.34,0.09469
0,0,0.963792,-0.167754,0.207278
0,0,0.169153,-0.409576,0.896457
0,0,0.281972,0.958965,0.029638
0,0,-0.849056,-0.188736,0.493439
0,0,0.278867,0.131509,0.951283
0,0,-0.481741,0.837188,0.258926
0,0,-0.264699,0.864306,0.42768
0,0,0.206561,0.949193,0.237415
0,0,0.840775,-0.43842,0.317626
0,0,0.467789,-0.820908,0.32754
0,0,0.444352,-0.805209,0.392669
0,0,0.406225,0.24217,0.881099
0,0,-0.310745,0.447869,0.838362
0,0,0.158515,0.592959,0.789476
0,0,-0.148294,0.305526,0.940565
0,0,0.936771,0.185964,0.29644
0,0,-0.371464,-0.858752,0.352929
0,0,0.945226,-0.144273,0.292803
0,0,-0.359157,0.859367,0.363998
0,0,0.20731,0.660689,0.721466
0,0,-0.912497,0.226684,0.340535
0,0,-0.256629,0.945679,0.199581
0,0,-0.903599,0.18317,0.387244
0,0,-0.396988,-0.648388,0.649611
0,0,0.159539,-0.875131,0.456829
0,0,-0.666725,0.42543,0.611953
0,0,0.178469,-0.0915151,0.979681
0,0,-0.0486147,0.34198,0.938449
0,0,0.456138,0.881877,0.119297
0,0,-0.524697,0.72832,0.44073
0,0,0.585373,-0.316554,0.746413
0,0,0.893009,-0.267777,0.361705
0,0,0.494717,-0.868569,0.0290245
0,0,0.443011,-0.832838,0.331848
0,0,-0.0129517,-0.98146,0.191231
0,0,-0.667264,0.735274,0.118872
0,0,0.57557,0.0667012,0.815027
0,0,-0.906402,0.369893,0.203994
0,0,-0.336583,-0.717212,0.610179
0,0,-0.263861,-0.714782,0.647661
0,0,0.415814,-0.444003,0.7937
0,0,-0.460411,-0.175355,0.870214
15.7081,22.3384,0.439091,-0.897595,0.0390051
0,0,-0.852683,-0.508562,0.119569
0,0,0.119856,-0.98979,0.0771382
0,0,0.646519,-0.531901,0.546895
0,0,-0.805386,-0.523435,0.278154
0,0,0.188529,-0.94407,0.270533
0,0,0.162607,-0.349391,0.922759
0,0,0.0149318,-0.971089,0.23825
0,0,-0.751459,0.339868,0.565508
0,0,0.10715,0.993133,0.0469687
0,0,-0.48067,-0.0440805,0.875793
0,0,-0.806265,0.444629,0.390182
0,0,0.965047,0.206071,0.161923
17.4238,26.4075,-0.96308,0.0885995,-0.254217
0,0,-0.620184,-0.0326845,0.783775
0,0,0.937811,0.340488,0.067667
0,0,-0.88268,0.306711,0.356097
0,0,-0.552711,0.25588,0.793118
0,0,0.0215559,0.500913,0.865229
0,0,0.00678218,-0.648103,0.761523
0,0,-0.904553,0.114657,0.410654
0,0,-0.588406,0.23641,0.773233
0,0,0.657217,-0.650793,0.380176
0,0,-0.459785,-0.682695,0.567912
0,0,0.465081,0.874188,0.139626
0,0,0.527169,-0.101513,0.843675
0,0,-0.786686,-0.485362,0.381508
0,0,0.400149,0.907836,0.125361
0,0,-0.864861,-0.447214,0.228068
0,0,-0.139802,0.720233,0.6795
0,0,-0.437208,0.0847876,0.895355
0,0,0.0292032,-0.264381,0.963976
0,0,0.253922,0.340181,0.905428
0,0,0.492624,0.34608,0.798468
0,0,-0.562021,-0.824089,0.0707779
0,0,0.984909,-0.172441,0.0147928
0,0,-0.57836,-0.12931,0.805468
0,0,-0.123399,-0.361261,0.924264
13.5385,20.9303,0.264849,-0.618331,0.739947
0,0,-0.589795,-0.520523,0.617412
0,0,-0.695266,-0.618568,0.366031
0,0,-0.937654,0.216543,0.271873
0,0,0.349944,-0.304157,0.886018
0,0,0.73674,-0.668978,0.0983984
0,0,-0.635857,-0.759013,0.139947
0,0,-0.445159,0.81285,0.375644
0,0,-0.79687,-0.564269,0.215867
0,0,-0.753556,-0.231263,0.615362
0,0,-0.536181,-0.537302,0.651012
0,0,-0.847408,0.492283,0.198888
0,0,0.997141,0.0623435,0.0427024
0,0,0.992882,-0.101125,0.0629268
0,0,-0.258852,0.481137,0.837558
0,0,-0.495799,-0.867538,0.0395134
0,0,-0.816264,-0.196534,0.543219
0,0,0.0895434,-0.151203,0.984439
0,0,0.965321,0.207137,0.158902
0,0,-0.913821,0.4056,0.0204943
0,0,0.0687816,0.99113,0.113709
0,0,0.418628,-0.0309549,0.90763
0,0,0.151918,0.208005,0.966258
0,0,-0.212009,-0.278682,0.93669
0,0,-0.433609,-0.864937,0.252719
0,0,0.263693,0.223682,0.938314
0,0,0.728911,0.681128,0.0689454
0,0,0.504841,0.170547,0.846197
0,0,-0.635592,0.348915,0.688681
0,0,-0.0969897,-0.00602636,0.995267
0,0,0.28322,0.770903,0.570522
0,0,-0.698829,0.0233772,0.714906
0,0,-0.276343,0.88253,0.380493
0,0,-0.0346842,-0.66159,0.749063
0,0,0.818662,-0.526323,0.229734
0,0,0.743822,0.491741,0.45268
0,0,-0.655424,-0.754889,0.0237244
0,0,0.374473,0.86841,0.325014
16.4031,23.3164,-0.551693,-0.138495,0.822468
0,0,-0.151972,-0.508678,0.847438
0,0,0.52301,-0.168243,0.835557
0,0,0.237752,0.263167,0.934996
0,0,0.840796,-0.406308,0.357737
0,0,-0.90342,0.273491,0.330205
0,0,-0.572641,0.475812,0.667596
0,0,0.777674,-0.61035,0.150651
0,0,0.0683321,0.377132,0.923635
0,0,0.0354632,-0.881534,0.470787
0,0,-0.158229,0.501763,0.85041
0,0,-0.731863,0.00160992,0.68145
0,0,0.19225,0.591265,0.783227
23.6949,33.8373,-0.504265,-0.16005,-0.848587
0,0,-0.28867,0.940575,0.178853
0,0,-0.531821,0.0928941,0.841747
0,0,0.792785,-0.420046,0.441649
0,0,-0.597269,-0.317887,0.736354
0,0,0.784467,-0.582589,0.212609
0,0,0.739466,-0.132796,0.659966
20.4953,28.2855,-0.528237,-0.811419,0.250131
0,0,-0.455639,0.888892,0.0475791
0,0,0.589801,-0.725301,0.355068
0,0,0.575086,-0.475396,0.665789
0,0,-0.078519,-0.573603,0.815362
19.4528,27.8971,0.541527,0.0579035,0.838687
0,0,0.441818,-0.247763,0.862213
0,0,0.958734,-0.197303,0.204696
0,0,0.87487,0.471172,0.112246
0,0,0.659671,0.482662,0.576082
0,0,0.7023,-0.0914374,0.705985
0,0,-0.141307,0.977582,0.156098
0,0,-0.667357,0.109415,0.736657
0,0,0.531455,-0.703437,0.471945
0,0,-0.310727,-0.556213,0.770763
0,0,0.358025,-0.606459,0.709947
0,0,0.927369,-0.252358,0.276228
0,0,0.892712,0.242608,0.379746
0,0,0.661871,0.354392,0.660555
0,0,-0.949963,-0.0674084,0.305001
0,0,0.827943,0.385126,0.407663
0,0,-0.505054,-0.839907,0.198689
0,0,-0.655261,0.655143,0.376059
0,0,0.851878,-0.0712364,0.518874
0,0,0.303845,-0.95011,0.070496
0,0,0.328221,0.602849,0.727217
0,0,0.7896,-0.556121,0.259349
0,0,-0.0790691,-0.995907,0.0437799
0,0,-0.0565197,-0.960152,0.273702
0,0,0.31599,-0.829417,0.460672
0,0,-0.638671,0.169513,0.750576
0,0,-0.0861861,0.57997,0.810066
0,0,-0.0166825,0.345784,0.938166
0,0,-0.978478,-0.154686,0.136575
0,0,0.148533,0.230654,0.961632
0,0,0.31153,-0.514655,0.798799
0,0,-0.118339,0.864922,0.487756
0,0,0.541955,0.286003,0.790244
0,0,0.6274,-0.563371,0.537571
0,0,-0.112032,-0.492938,0.862821
0,0,-0.846649,-0.120792,0.518261
0,0,0.408982,-0.807839,0.424417
0,0,-0.812342,-0.582586,0.0263326
0,0,0.794581,0.592742,0.131526
0,0,0.143314,-0.974195,0.174373
0,0,0.880407,-0.425792,0.208771
0,0,-0.974821,0.091033,0.203559
0,0,0.469772,-0.502707,0.725672
0,0,-0.212681,-0.389614,0.896085
0,0,0.543237,0.293508,0.786605
0,0,-0.951199,-0.269899,0.149585
0,0,-0.04407,0.581179,0.812581
0,0,-0.920718,-0.264582,0.286836
0,0,-0.548809,0.269725,0.791237
21.623,32.3543,0.432104,0.782468,0.448362
0,0,-0.824654,0.317458,0.468152
0,0,0.808249,0.278883,0.518611
0,0,-0.322352,0.346213,0.881037
0,0,-0.968711,-0.176871,0.174112
0,0,-0.360152,-0.930699,0.0639542
0,0,0.14276,0.140303,0.979763
0,0,0.279566,0.77505,0.566692
0,0,0.97207,0.218135,0.0865894
0,0,0.535342,0.533828,0.65455
0,0,0.726891,-0.260172,0.635563
13.5167,19.6955,-0.015549,0.954426,0.298041
0,0,-0.458589,0.120881,0.880388
0,0,-0.687408,-0.685089,0.241088
0,0,-0.250257,0.935666,0.248798
0,0,0.566807,-0.192078,0.801147
0,0,-0.419362,-0.338214,0.842465
0,0,0.734515,0.121369,0.667651
0,0,0.136581,-0.122424,0.983035
0,0,0.190293,0.961728,0.197147
0,0,0.635877,-0.73634,0.231222
0,0,-0.577388,-0.758282,0.302705
0,0,0.111755,0.641445,0.758985
0,0,0.0300723,0.689323,0.72383
0,0,-0.756307,0.604386,0.250433
0,0,0.848321,-0.209548,0.486252
0,0,-0.205547,-0.62082,0.756527
0,0,0.279244,-0.708752,0.647838
0,0,-0.832851,-0.317251,0.453553
0,0,-0.507414,-0.268566,0.818782
0,0,-0.721017,0.106782,0.68464
0,0,0.929064,0.203614,0.308839
0,0,0.885877,0.354198,0.29961
0,0,-0.0225316,-0.886227,0.462704
0,0,-0.0720395,0.982627,0.171041
0,0,-0.7803,-0.568648,0.260329
0,0,-0.379707,-0.829372,0.409835
0,0,0.114775,-0.371089,0.921477
0,0,0.662383,-0.116121,0.740111
0,0,-0.315699,-0.395665,0.862429
0,0,-0.155461,-0.33324,0.929937
0,0,-0.0499686,0.998751,2.09192e-05
0,0,0.935958,0.25928,0.238238
0,0,0.997748,-0.0502041,0.0444886
0,0,0.513579,-0.786179,0.343743
0,0,-0.685412,-0.361453,0.632109
0,0,0.893779,-0.379587,0.238898
0,0,-0.244682,-0.460799,0.853109
0,0,-0.940073,0.340705,0.0134901
0,0,-0.104204,-0.742768,0.661391
0,0,0.702216,0.0116076,0.711869
0,0,0.00356813,0.999392,0.0346796
0,0,0.577757,-0.345966,0.73926
0,0,0.935097,0.351737,0.0433023
0,0,-0.928467,-0.0507561,0.367931
0,0,0.61732,0.151842,0.771919
0,0,-0.949499,-0.144596,0.278467
0,0,-0.944267,-0.251246,0.212688
0,0,0.698866,-0.691929,0.181163
0,0,0.288457,0.894552,0.341423
0,0,0.865909,0.0443079,0.498236
0,0,0.0289053,0.997298,0.0675356
0,0,-0.868141,0.453741,0.201121
0,0,0.64006,0.765947,0.0604046
0,0,0.484236,0.564692,0.66831
0,0,0.908029,-0.363999,0.207335
0,0,-0.15991,0.649181,0.743635
0,0,0.991824,-0.125147,0.0249865
0,0,-0.42844,0.522235,0.737367
0,0,-0.638808,0.567175,0.519843
0,0,0.291915,0.570111,0.767958
0,0,-0.484336,-0.4645,0.741389
0,0,-0.867177,-0.348683,0.355562
0,0,0.357365,-0.83473,0.418945
0,0,0.754868,0.207481,0.622195
0,0,0.731178,-0.645437,0.220882
0,0,-0.462332,0.0479272,0.885411
0,0,0.982498,0.0899266,0.163129
0,0,0.305166,-0.147829,0.940755
0,0,-0.499518,0.86568,0.0328473
0,0,-0.599529,-0.688523,0.408045
0,0,-0.487876,0.826763,0.280073
0,0,0.0977914,-0.138595,0.985509
0,0,-0.340175,-0.85997,0.380438
0,0,0.972054,0.177829,0.15326
0,0,-0.306284,-0.895069,0.324102
0,0,0.981916,0.173872,0.0748935
0,0,0.129174,-0.984195,0.121139
7.48628,10.9162,-0.221641,-0.0528069,0.973698
0,0,-0.881913,-0.108792,0.458687
0,0,0.125883,0.349201,0.928554
0,0,0.96066,-0.0889995,0.26308
0,0,-0.326179,0.712101,0.621707
0,0,0.964883,0.0752672,0.251667
0,0,-0.555567,-0.230229,0.798962
0,0,0.933279,-0.353475,0.0635997
0,0,0.211966,0.573058,0.791628
0,0,-0.353634,-0.789028,0.502372
0,0,-0.204658,0.850282,0.484907
15.6261,23.3038,0.399046,0.915973,0.0419018
0,0,0.935323,-0.120044,0.332806
0,0,-0.341956,0.624464,0.702218
0,0,-0.777741,-0.578971,0.24477
0,0,0.239181,-0.946285,0.217572
0,0,-0.0989675,-0.712035,0.695134
0,0,-0.554072,-0.288018,0.781057
0,0,-0.69508,-0.718426,0.026974
0,0,-0.915792,0.361912,0.174197
10.7384,13.8282,0.608307,0.390526,0.690979
3.84272,5.83502,0.0921044,0.10979,0.989678
0,0,0.76985,0.593422,0.234908
0,0,-0.16817,0.984415,0.0514389
0,0,0.842872,0.496975,0.206357
0,0,0.126426,0.778941,0.614222
0,0,0.828597,-0.380832,0.410359
0,0,-0.423115,-0.0457265,0.904921
0,0,-0.452652,0.156236,0.877893
0,0,0.114336,-0.309908,0.943867
0,0,-0.994759,0.0917108,0.0451972
0,0,0.207817,-0.587329,0.782213
0,0,-0.289816,-0.762566,0.578359
0,0,-0.880023,0.411396,0.237301
0,0,0.256136,-0.276511,0.926248
0,0,0.247564,0.220723,0.943394
0,0,-0.37238,0.900286,0.225427
0,0,0.992917,-0.0453608,0.10981
0,0,0.0630676,0.217601,0.973998
0,0,0.442489,-0.0183275,0.896586
0,0,0.389008,0.859361,0.331921
0,0,0.557438,0.385795,0.735137
0,0,-0.91236,-0.370367,0.174435
0,0,-0.860626,0.0298698,0.50836
0,0,0.199774,0.695783,0.68991
0,0,-0.324051,0.817101,0.476799
0,0,-0.743614,0.316581,0.58891
0,0,-0.876414,0.407203,0.257067
0,0,0.950812,0.194279,0.24127
0,0,-0.011116,0.929809,0.367874
0,0,-0.453467,0.602736,0.656564
0,0,-0.516081,-0.758873,0.397205
0,0,0.226496,0.973967,0.00936193
0,0,0.332364,-0.0949656,0.938358
0,0,-0.208014,0.412251,0.887006
0,0,-0.312854,-0.584455,0.748689
0,0,0.143481,-0.542799,0.827516
0,0,-0.5214,-0.851503,0.0555328
0,0,-0.112591,0.187581,0.975775
0,0,0.709548,-0.2855,0.64423
0,0,-0.286231,0.173368,0.942346
0,0,0.580222,0.363819,0.728682
0,0,0.591997,-0.790309,0.157959
0,0,-0.190134,0.931,0.311589
0,0,-0.312672,-0.900757,0.301451
0,0,0.612827,-0.707436,0.352103
0,0,-0.654922,-0.746869,0.11517
0,0,0.22489,0.854481,0.468281
0,0,-0.797776,-0.522721,0.300527
0,0,0.354499,-0.818308,0.45244
20.5704,31.6868,0.734758,-0.0309167,-0.677625
0,0,-0.608991,0.308633,0.730668
0,0,-0.258117,0.964846,0.0494834
0,0,-0.151777,-0.668374,0.728176
0,0,0.926816,-0.358718,0.111052
0,0,0.631418,-0.274161,0.72536
0,0,0.899311,-0.09846,0.426081
0,0,-0.942231,0.334205,0.0225219
0,0,-0.890144,-0.432668,0.142975
20.7806,25.4096,-0.516097,-0.556872,-0.650797
0,0,0.474852,-0.622959,0.621641
0,0,0.0341212,-0.985945,0.163551
0,0,0.482546,0.652128,0.584703
0,0,0.402874,-0.90995,0.0984019
0,0,-0.848498,0.335385,0.40935
0,0,-0.230472,0.939403,0.253781
0,0,-0.906606,0.265936,0.327634
0,0,-0.884974,0.408292,0.223871
0,0,0.398517,0.607948,0.686719
0,0,-0.116353,-0.27057,0.955643
0,0,0.95532,0.0958327,0.279608
0,0,0.763872,0.407913,0.500107
0,0,-0.674739,-0.223359,0.703447
0,0,-0.292434,-0.492506,0.819707
0,0,0.229973,-0.511394,0.828003
0,0,-0.221553,0.974574,0.0334547
0,0,-0.0043047,0.999791,0.0199725
0,0,-0.401611,-0.709828,0.578665
0,0,0.06093,0.364903,0.92905
0,0,-0.979226,0.0456307,0.197569
0,0,-0.468402,0.77239,0.428968
0,0,0.755052,0.216664,0.618833
0,0,0.886333,0.404739,0.224945
0,0,-0.474217,0.748358,0.463766
0,0,-0.551381,0.702026,0.45071
0,0,0.78483,-0.325151,0.527559
0,0,0.88854,-0.141875,0.436312
0,0,-0.00849745,0.770105,0.637861
0,0,-0.608142,-0.474395,0.636485
0,0,0.786135,-0.419067,0.454284
0,0,-0.128871,0.418797,0.898889
0,0,0.98774,0.00751557,0.155926
0,0,-0.654462,0.00760622,0.756056
0,0,0.24375,-0.940887,0.235196
0,0,0.646513,-0.70778,0.284725
0,0,0.212498,-0.421352,0.88165
0,0,-0.141291,0.832575,0.535589
0,0,-0.288129,-0.608976,0.739006
0,0,-0.955618,-0.237875,0.173809
0,0,0.987474,-0.143999,0.064499
0,0,-0.0799941,-0.711329,0.698292
0,0,0.34193,-0.637863,0.690083
0,0,-0.290798,-0.911996,0.28931
0,0,0.951585,-0.182628,0.24725
0,0,-0.241795,-0.876052,0.417216
0,0,-0.837308,-0.00761657,0.546678
0,0,0.165958,0.925316,0.340952
0,0,0.125078,-0.715636,0.687183
0,0,0.509617,-0.497832,0.701751
0,0,-0.511914,-0.331309,0.792577
0,0,0.658839,-0.184412,0.729331
0,0,0.743382,-0.508383,0.434661
0,0,0.963048,0.188991,0.191886
0,0,-0.100028,-0.964479,0.244487
0,0,0.953429,0.298107,0.0458791
0,0,-0.630893,0.19086,0.752028
0,0,0.36113,0.13154,0.923192
2.79237,4.69394,0.201058,-0.976598,-0.0763723
0,0,0.36171,-0.730712,0.578986
0,0,-0.118066,0.887365,0.445695
0,0,-0.254221,-0.490982,0.833252
0,0,0.65583,0.487794,0.576146
0,0,-0.625501,-0.574637,0.52777
0,0,0.450664,0.478499,0.753618
0,0,-0.336935,-0.574861,0.74566
0,0,-0.381891,-0.496143,0.779744
0,0,-0.664606,0.736576,0.125517
0,0,-0.966451,0.242731,0.0839884
0,0,-0.0568528,-0.943785,0.325635
0,0,0.994276,0.0846595,0.0651759
0,0,-0.288974,0.956342,0.043637
24.489,35.5289,0.803074,0.525725,-0.280507
0,0,0.562861,0.625921,0.539824
0,0,0.442956,-0.654494,0.612722
0,0,-0.0910787,-0.795447,0.59914
0,0,0.747492,-0.358929,0.55895
0,0,-0.825562,0.248353,0.506722
0,0,-0.251883,-0.534364,0.806852
0,0,-0.362211,0.773183,0.520568
0,0,0.768895,0.519166,0.373185
0,0,0.574881,0.145042,0.805279
0,0,0.166362,-0.452374,0.876174
0,0,0.717479,0.193131,0.669272
0,0,-0.0894896,0.790659,0.605681
0,0,-0.155976,0.836768,0.524872
0,0,0.793809,-0.149804,0.589429
0,0,0.97686,-0.130804,0.169217
0,0,0.127668,0.00938082,0.991773
16.6853,24.2161,0.401771,-0.0115313,0.915667
0,0,0.721904,-0.647397,0.244401
0,0,0.09611,0.570744,0.815484
0,0,-0.45538,-0.790088,0.410353
0,0,0.451832,-0.391857,0.801434
0,0,-0.165363,0.160393,0.973103
0,0,-0.32092,0.25965,0.91082
0,0,-0.884918,-0.326531,0.332112
0,0,-0.323558,0.832395,0.449921
0,0,0.647424,0.395786,0.651303
0,0,-0.799225,-0.398714,0.449741
0,0,-0.886746,0.375989,0.268912
0,0,-0.149632,0.988609,0.0161808
0,0,-0.258001,-0.565357,0.783458
0,0,0.970083,-0.137247,0.200253
19.2487,25.3043,-0.0179146,-0.248845,0.968378
0,0,-0.840456,-0.537883,0.0656927
0,0,0.437577,0.816053,0.377602
0,0,0.500821,-0.174691,0.847739
0,0,0.873438,-0.450625,0.184507
0,0,0.723437,0.287201,0.627818
0,0,0.772509,-0.508141,0.380818
0,0,0.657302,0.73641,0.160172
0,0,-0.549611,0.592133,0.589326
0,0,-0.154711,0.552406,0.819092
0,0,0.825567,-0.523709,0.210161
0,0,0.277259,-0.308812,0.909814
0,0,0.901441,0.420845,0.101456
0,0,0.826102,-0.493064,0.272843
0,0,-0.785761,0.361886,0.501615
0,0,0.536272,-0.84255,0.0502235
0,0,0.199758,-0.535761,0.8204
0,0,0.968049,0.250752,0.00217478
0,0,0.595198,-0.796032,0.109871
0,0,0.0955918,-0.470644,0.877129
0,0,-0.918296,0.39356,0.0429267
0,0,-0.273704,-0.659461,0.700141
0,0,0.772263,-0.399862,0.493681
0.675047,1.04956,-0.159472,0.248563,0.955398
0,0,0.0154299,0.567876,0.82297
0,0,0.254531,-0.529748,0.809062
0,0,0.684638,-0.494778,0.535224
0,0,-0.128018,-0.134326,0.982633
0,0,-0.989047,0.06693,0.131554
0,0,0.56653,0.715704,0.408427
0,0,-0.688004,-0.00572454,0.725684
0,0,0.963431,0.267274,0.0191339
0,0,0.952622,0.0906446,0.290337
0,0,0.227528,0.574473,0.786265
0,0,-0.267119,-0.671482,0.691202
0,0,0.0904869,0.794688,0.600236
0,0,0.665999,-0.48413,0.567506
0,0,0.805011,0.587128,0.0850718
0,0,-0.658514,0.746596,0.0946232
0,0,0.618368,0.666199,0.416892
0,0,0.676212,0.646374,0.353466
0,0,-0.847897,0.149617,0.508612
0,0,0.698182,0.145899,0.700897
0,0,0.418445,-0.0469588,0.907027
0,0,-0.603042,0.497522,0.623548
0,0,-0.0400766,-0.180713,0.982719
0,0,0.6784,0.182188,0.711745
0,0,-0.369422,-0.27705,0.887001
0,0,-0.696501,0.305109,0.649457
0,0,-0.144671,-0.327488,0.933714
0,0,-0.286314,0.697291,0.657122
0,0,0.0188251,-0.992284,0.122551
0,0,0.960854,-0.277002,0.00546417
0,0,0.798042,-0.587294,0.134962
0,0,0.292663,-0.943249,0.156935
0,0,-0.610349,-0.636127,0.472034
0,0,0.823399,-0.329464,0.462025
0,0,-0.795396,-0.602078,0.0696182
0,0,0.352057,-0.387849,0.851839
0,0,-0.606236,0.474901,0.637924
0,0,-0.489891,0.871335,0.0279633
0,0,-0.809799,-0.454184,0.371405
0.178619,0.327184,-0.315258,0.00151598,0.949005
0,0,-0.939314,0.304528,0.157963
0,0,-0.184511,-0.639077,0.746684
0,0,-0.814512,0.417586,0.402731
0,0,0.574534,0.136942,0.806943
0,0,0.511911,-0.595033,0.619583
0,0,0.171252,-0.958371,0.228466
2.11219,3.299,-0.0834566,0.0248344,0.996202
0,0,-0.640424,-0.725645,0.251589
0,0,0.334692,0.544777,0.768895
0,0,0.5535,0.562428,0.614258
0,0,0.540458,0.655784,0.527117
0,0,0.00577493,0.380216,0.92488
0,0,0.102165,0.474568,0.87427
0,0,-0.357023,-0.424321,0.832158
0,0,-0.496926,-0.0818925,0.86392
0,0,0.92822,-0.286277,0.2376
0,0,0.548749,-0.786136,0.284367
0,0,0.315636,0.0188071,0.948694
0,0,-0.213825,0.702243,0.679069
0,0,-0.333868,-0.924625,0.183304
0,0,-0.745184,-0.0177729,0.666622
0,0,-0.734257,0.276563,0.619984
0,0,0.74367,0.290238,0.60226
0,0,0.854482,0.513877,0.0761027
0,0,0.984615,-0.0214707,0.173411
0,0,0.625979,0.397044,0.671198
0,0,-0.228719,0.445844,0.865396
0,0,0.539275,-0.691368,0.480824
0,0,-0.146907,0.860771,0.48733
0,0,-0.858409,0.139809,0.493546
0,0,-0.580901,0.592465,0.558157
0,0,-0.0274972,-0.996981,0.0726173
0,0,-0.191393,0.620891,0.760173
0,0,0.101664,0.506662,0.85613
0,0,0.0131538,-0.207124,0.978226
0,0,0.847828,0.415368,0.329632
24.7485,36.3852,-0.15507,0.234266,-0.959725
0,0,0.536268,-0.840373,0.0786794
0,0,-0.872144,0.374856,0.314401
0,0,-0.0262028,0.38778,0.921379
0,0,0.261934,0.905174,0.33474
0,0,-0.112393,-0.806834,0.579988
0,0,0.561451,0.793745,0.233969
0,0,0.699414,-0.278607,0.658178
0,0,-0.164664,-0.942628,0.290412
0,0,-0.260009,-0.766765,0.586913
0,0,-0.587377,-0.772888,0.240068
0,0,-0.579327,0.684087,0.443176
0,0,0.449275,-0.65139,0.611427
0,0,-0.358794,0.619935,0.697816
0,0,0.54532,-0.508563,0.666325
0,0,-0.564269,0.59056,0.576922
0,0,-0.469655,0.0292583,0.882365
0,0,-0.442227,0.506753,0.740025
0,0,0.364457,0.855331,0.368212
0,0,0.122795,-0.888194,0.442757
0,0,-0.263699,0.169961,0.949513
0,0,-0.0918275,0.479985,0.872457
0,0,0.404568,0.426739,0.808838
0,0,0.566634,-0.564226,0.600479
0,0,-0.984375,-0.10339,0.142533
0,0,-0.934187,0.0145696,0.356486
0,0,0.872766,0.385468,0.299488
0,0,0.851005,-0.251955,0.460771
0,0,0.925019,0.109976,0.363654
0,0,-0.515645,0.0250491,0.856436
0,0,-0.758808,-0.65123,0.0105003
0,0,-0.491402,0.767768,0.411165
0,0,0.97439,-0.183309,0.130237
0,0,0.000346578,0.454283,0.890857
22.595,32.2361,-0.201705,0.958841,-0.199848
0,0,0.713179,0.0652177,0.697941
0,0,0.411172,0.00665129,0.911534
10.7308,16.1042,0.815074,0.0862113,0.572906
0,0,0.06734,-0.38325,0.921187
0,0,0.229251,-0.28242,0.931495
0,0,-0.203392,-0.957796,0.203123
0,0,-0.268638,0.674171,0.687988
0,0,0.595989,-0.553631,0.581627
0,0,0.122682,-0.84428,0.521672
0,0,0.734145,-0.240271,0.63506
0,0,0.495611,0.489273,0.717622
0,0,0.0426731,0.500017,0.864964
0,0,0.707041,0.704433,0.0621896
0,0,-0.480127,0.733355,0.48132
0,0,-0.240337,0.0716761,0.96804
0,0,0.511992,-0.747632,0.422979
0,0,0.105937,0.956157,0.273022
0,0,0.970359,-0.21877,0.102681
0,0,0.623961,0.192503,0.757374
0,0,0.067395,-0.95976,0.272613
0,0,-0.624407,-0.70522,0.33583
0,0,0.397626,-0.257243,0.88075
0,0,-0.949766,0.179758,0.256186
0,0,0.230142,0.563103,0.793694
0,0,0.56402,0.236085,0.791293
0,0,0.645495,-0.126532,0.75321
0,0,0.22875,0.231225,0.945626
0,0,0.274307,-0.302741,0.912745
0,0,0.185035,0.595654,0.781638
0,0,0.650833,-0.443888,0.615938
0,0,0.0476054,0.917573,0.394708
0,0,-0.469007,-0.146304,0.870992
0,0,0.362136,-0.198479,0.910749
0,0,-0.552815,-0.817404,0.162006
0,0,0.92332,-0.0674767,0.378056
0,0,-0.183608,0.763559,0.619085
0,0,-0.952915,0.162396,0.256089
0,0,0.802035,0.589133,0.0982935
0,0,-0.093966,-0.35647,0.929569
0,0,0.70265,0.0194981,0.711269
0,0,0.817154,-0.559361,0.139195
0,0,0.125459,0.990663,0.0533568
0,0,0.613287,0.755776,0.229525
0,0,0.618231,-0.134109,0.774471
0,0,-0.205962,-0.978001,0.0330637
0,0,-0.212204,0.0287203,0.976803
0,0,0.592746,-0.632852,0.498146
0,0,0.578516,-0.496952,0.646806
0,0,-0.847523,0.415946,0.329688
0,0,0.730223,-0.510057,0.45455
0,0,0.947575,0.319315,0.0117802
0,0,-0.990035,0.0434468,0.133955
0,0,0.443555,0.895086,0.0456116
0,0,0.534144,-0.62327,0.571161
17.5452,24.4031,0.443636,-0.552797,0.705409
0,0,-0.189105,-0.928956,0.318245
0,0,-0.517238,-0.723021,0.457937
0,0,0.608906,-0.790602,0.0646705
0,0,0.105132,0.878374,0.466269
0,0,0.40157,0.202099,0.893251
0,0,-0.703047,0.167649,0.691099
0,0,-0.321167,0.29344,0.900414
0,0,-0.886417,-0.299822,0.352663
0,0,-0.50556,-0.41062,0.758815
0,0,0.415144,0.728558,0.544848
0,0,0.715647,0.0595994,0.695915
0,0,-0.387101,0.918392,0.0819051
22.4123,33.1294,0.326054,-0.217684,0.919947
0,0,-0.812215,0.335132,0.477486
0,0,0.716865,0.377478,0.586186
0,0,0.737799,0.649551,0.183674
0,0,-0.0569415,0.986896,0.150979
0,0,-0.510634,0.458336,0.727448
0,0,0.635274,-0.767615,0.0848218
0,0,-0.0486981,-0.319467,0.946345
0,0,-0.333136,0.409099,0.849505
0,0,0.378351,0.227729,0.897212
0,0,0.876822,-0.361425,0.317104
0,0,-0.738583,-0.672739,0.0437785
0,0,-0.108186,0.851321,0.513369
0,0,0.138811,0.878256,0.457601
0,0,0.359003,-0.111423,0.926662
0,0,0.893446,0.429841,0.130351
0,0,0.0189711,0.0220098,0.999578
0,0,0.719515,-0.668871,0.186841
0,0,-0.209411,0.951673,0.224644
0,0,0.588193,0.580377,0.563198
0,0,0.471969,0.345154,0.811242
0,0,0.367975,0.890119,0.268855
0,0,-0.643683,0.348162,0.68151
0,0,-0.856476,0.178821,0.484223
0,0,-0.96955,-0.227109,0.0916142
0,0,0.693831,-0.217799,0.686412
0,0,-0.980922,-0.175354,0.0839194
0,0,0.507829,-0.793941,0.334315
0,0,0.969916,0.186192,0.156829
0,0,-0.152134,0.969886,0.190201
0,0,0.805455,-0.372983,0.460572
0,0,-0.80664,-0.571425,0.151015
0,0,0.0726866,0.9264,0.369459
0,0,-0.440166,0.797298,0.413002
0,0,0.471973,0.787162,0.39701
0,0,-0.995291,-0.0825502,0.050809
0,0,0.859997,-0.222042,0.459458
0,0,0.557418,-0.730045,0.395373
0,0,-0.0396327,0.43793,0.898135
0,0,0.866096,0.418607,0.273215
0,0,0.403413,0.858882,0.315564
0,0,0.729941,-0.405796,0.550014
0,0,-0.240887,-0.869079,0.432059
0,0,-0.0138911,0.314984,0.948995
0,0,0.345663,0.937597,0.0377988
11.0239,15.6401,-0.332082,-0.142832,0.932374
0,0,-0.488624,0.865147,0.112994
0,0,-0.0108868,0.933192,0.359214
0,0,-0.00983371,-0.937725,0.34724
0,0,0.617319,0.782918,0.077184
0,0,-0.676131,0.659317,0.328858
0,0,-0.947943,-0.318176,0.012983
0,0,0.866687,-0.498809,0.00655813
0,0,0.432158,-0.534687,0.726188
0,0,0.650838,-0.504217,0.567605
0,0,0.990474,0.103564,0.0907489
0,0,-0.397074,0.15187,0.905134
0,0,0.826841,-0.530297,0.187403
0,0,-0.0446027,-0.612304,0.789363
0,0,0.353579,-0.118599,0.927856
0,0,-0.595854,0.722617,0.350404
0,0,-0.41991,-0.882433,0.212104
0,0,0.882196,-0.425276,0.202166
0,0,-0.159788,-0.983702,0.082453
0,0,-0.12412,-0.824568,0.55198
0,0,-0.907742,-0.0903755,0.40968
0,0,-0.602474,-0.74982,0.273487
0,0,0.572862,0.240914,0.783447
0,0,0.0878401,0.892866,0.441673
0,0,0.447043,0.645173,0.6196
0,0,0.0207143,0.883615,0.467755
0,0,-0.480348,0.787068,0.387028
0,0,0.735256,0.424609,0.528305
0,0,0.439726,0.501326,0.745194
0,0,0.150745,0.373139,0.915447
0,0,-0.812875,0.560153,0.159573
0,0,-0.833851,0.12943,0.536601
0,0,0.0909859,-0.81221,0.576226
0,0,-0.900738,-0.35777,0.246318
0,0,-0.491606,0.580569,0.649048
0,0,-0.270631,-0.432955,0.859831
0,0,-0.129958,0.813618,0.56669
0,0,0.950076,0.222467,0.218779
0,0,0.804643,-0.454924,0.381567
0,0,-0.766468,0.0429343,0.640845
0,0,-0.938645,0.0730664,0.337055
0,0,0.502802,-0.0545786,0.862677
0,0,-0.951108,-0.304548,0.0514218
0,0,0.806151,0.466134,0.364471
0,0,-0.76384,-0.191548,0.616326
0,0,-0.547,0.835428,0.0533985
0,0,0.187181,-0.759628,0.62284
0,0,-0.153594,0.878093,0.453168
0,0,-0.0819923,-0.266183,0.960429
0,0,-0.945669,0.136902,0.294903
0,0,-0.45163,-0.868196,0.205587
0,0,0.646978,0.762508,0.000380961
0,0,0.933789,0.236797,0.268265
0,0,-0.0110243,0.980849,0.194456
0,0,0.374817,-0.551053,0.745556
0,0,0.102265,-0.402229,0.90981
0,0,0.292154,-0.921211,0.256936
0,0,-0.0647171,-0.0703969,0.995417
0,0,0.663549,-0.634942,0.395666
0,0,-0.400912,-0.787117,0.468738
0,0,0.55435,-0.766186,0.325047
0,0,0.476274,0.875206,0.0847231
0,0,0.594637,0.0452245,0.802721
0,0,-0.807694,-0.582929,0.0884575
0,0,0.69827,-0.21567,0.682573
0,0,-0.632037,0.650254,0.421544
0,0,0.977525,0.207872,0.0351183
0,0,-0.954172,-0.00877018,0.299132
0,0,0.650202,-0.510967,0.562272
0,0,-0.935082,-0.347247,0.0709962
0,0,0.49635,0.752309,0.433207
0,0,0.332778,0.122203,0.935054
0,0,-0.0456005,-0.983675,0.174081
0,0,-0.224667,0.833925,0.504078
0,0,-0.647557,-0.12648,0.751447
0,0,0.897093,-0.0906249,0.432448
0,0,0.639616,-0.619369,0.455273
0,0,0.337667,0.661504,0.669622
0,0,-0.329064,0.514464,0.791861
0,0,0.404467,0.798358,0.44613
0,0,0.762541,-0.338999,0.55101
0,0,0.999773,-0.0198786,0.00764655
0,0,0.631938,0.205856,0.74718
0,0,-0.38979,0.436809,0.810716
0,0,0.9909,0.0394139,0.128702
0,0,0.230449,-0.323014,0.917908
0,0,-0.300822,0.327807,0.895572
0,0,-0.49324,0.640822,0.58827
0,0,0.723568,0.403908,0.559739
0,0,0.471515,0.172507,0.864821
0,0,-0.607028,-0.196019,0.770126
0,0,0.206347,0.620527,0.756549
0,0,0.590289,-0.147899,0.793527
0,0,-0.738302,0.231169,0.633617
0,0,-0.143694,-0.98818,0.053415
0,0,0.712035,-0.611557,0.34497
0,0,-0.989643,-0.122286,0.0751912
0,0,0.364186,0.930689,0.0344556
0,0,0.496912,0.177859,0.849379
0,0,0.274568,-0.885612,0.37457
0,0,0.664125,-0.626522,0.407931
0,0,0.759195,-0.391778,0.519744
0,0,0.90478,0.39074,0.169399
0,0,-0.993451,0.102857,0.0497566
0,0,0.694582,-0.59941,0.397824
0,0,-0.205683,-0.0905568,0.97442
0,0,0.178618,-0.381271,0.907043
0,0,0.557697,-0.809894,0.181782
0,0,0.739354,-0.577446,0.346282
0,0,-0.950086,-0.309329,0.0406534
0,0,0.190903,-0.835508,0.515251
0,0,0.653456,0.0415239,0.755825
0,0,-0.569501,-0.330062,0.752813
0,0,-0.937969,-0.0459859,0.343657
0,0,-0.271087,0.472952,0.838348
0,0,0.301548,-0.912279,0.277156
19.8163,27.3019,0.140963,0.227971,0.96341
0,0,-0.65743,-0.613026,0.438161
0,0,-0.567866,0.696607,0.438482
0,0,-0.269931,-0.942299,0.198014
0,0,0.49894,0.730768,0.465872
0,0,-0.985029,0.163496,0.0546487
0,0,0.473588,0.358994,0.804262
0,0,0.0654359,0.785406,0.615512
0,0,-0.536363,0.318409,0.781621
0,0,0.077175,0.303569,0.949679
0,0,-0.826974,0.465555,0.315236
0,0,0.923075,0.382424,0.0410498
0,0,-0.982406,0.170357,0.0765336
0,0,0.616692,0.59033,0.520771
0,0,-0.521955,0.831952,0.1882
0,0,0.184167,0.839485,0.511222
0,0,-0.305057,-0.392835,0.867537
0,0,0.0932032,-0.991528,0.0904714
18.511,26.7149,-0.319101,-0.746759,0.583546
0,0,-0.679054,-0.539753,0.497547
0,0,-0.463788,0.711481,0.527917
0,0,0.0893788,0.0833954,0.9925
0,0,-0.952732,-0.300468,0.0449639
0,0,0.2577,0.819349,0.512111
0,0,-0.216623,-0.974896,0.05149
0,0,0.870803,-0.468326,0.149575
0,0,-0.8166,0.382768,0.432033
0,0,0.760467,0.467966,0.45022
0,0,-0.416037,0.38836,0.822247
0,0,0.232512,0.972554,0.00878322
0,0,-0.692416,0.0328704,0.72075
0,0,0.897608,-0.333565,0.288157
0,0,0.439617,-0.860138,0.258649
0,0,-0.344352,-0.657151,0.670503
0,0,0.942183,0.279221,0.185274
0,0,0.318211,0.761316,0.564925
0,0,-0.0761745,0.991182,0.108422
0,0,0.483598,0.497806,0.719946
0,0,0.353639,-0.831283,0.428845
0,0,-0.73565,-0.0572529,0.674938
0,0,-0.695174,-0.593904,0.404983
0,0,0.115257,-0.727101,0.676787
0,0,0.699287,-0.278829,0.658219
0,0,-0.909596,0.349807,0.224211
0,0,0.690722,-0.0895345,0.717556
0,0,0.246913,0.147184,0.957795
0,0,-0.275091,0.931304,0.238742
0,0,-0.630934,0.445769,0.63499
0,0,0.977375,-0.205162,0.0514404
0,0,-0.895046,-0.253319,0.367046
0,0,-0.699957,0.704188,0.119073
0,0,0.455351,-0.640063,0.618849
0,0,-0.731174,-0.269286,0.626793
0,0,-0.488548,-0.221978,0.843829
0,0,0.0695151,-0.196865,0.977963
0,0,0.434168,-0.706881,0.558406
0,0,0.165402,-0.0687416,0.983828
0,0,-0.725061,0.0881475,0.683021
0,0,-0.622693,0.414289,0.663791
0,0,0.335514,-0.89679,0.28844
0,0,0.473642,0.68497,0.553605
0,0,0.748731,-0.637363,0.182127
0,0,0.62507,0.0460072,0.779212
0,0,0.154847,-0.532541,0.832119
0,0,0.951058,0.263622,0.16122
0,0,-0.986497,-0.133211,0.0952768
0,0,0.600533,-0.0414125,0.798527
0,0,0.635333,-0.67044,0.383227
0,0,0.697782,0.24578,0.672824
0,0,0.700177,-0.374091,0.608118
0,0,-0.374417,-0.0570874,0.925501
0,0,0.136876,-0.972975,0.18597
0,0,-0.301652,-0.50536,0.808466
6.03281,7.52357,-0.0191943,-0.366089,0.930382
0,0,-0.258532,-0.721973,0.641807
0,0,0.464165,0.539439,0.702536
13.1734,18.3936,-0.052616,0.373516,0.92613
0,0,-0.423999,-0.641144,0.639656
0,0,0.29653,0.506119,0.809885
0,0,0.810418,0.549787,0.202379
0,0,0.976474,0.112532,0.183944
0,0,-0.947629,-0.0214207,0.318654
0,0,-0.652395,-0.253514,0.714221
0,0,-0.236131,0.223441,0.945683
0,0,0.562244,-0.811303,0.160213
0,0,-0.877031,0.468068,0.108302
0,0,0.647324,0.712408,0.271011
0,0,0.568477,0.441624,0.69412
0,0,-0.959802,0.142071,0.242067
0,0,-0.510672,0.815624,0.271976
0,0,0.637685,0.667833,0.383871
0,0,-0.378278,-0.764957,0.521294
0,0,-0.293569,0.627107,0.721494
0,0,0.85922,-0.49702,0.121298
0,0,0.701055,-0.284807,0.653764
0,0,0.290098,-0.59123,0.752523
0,0,-0.139937,0.901718,0.409051
0,0,-0.427422,0.882495,0.196249
0,0,0.948658,-0.185412,0.256262
0,0,0.987656,0.148328,0.0503457
0,0,-0.379445,-0.861408,0.337636
0,0,-0.0492203,-0.84198,0.537259
0,0,-0.554851,0.464636,0.690111
0,0,-0.635417,-0.625887,0.452229
0,0,-0.00439515,-0.655639,0.755062
0,0,0.789695,-0.5729,0.219471
0,0,0.991651,0.103056,0.0775047
0,0,-0.783043,-0.171881,0.597747
0,0,-0.506083,-0.859006,0.0773843
0,0,0.686078,-0.361066,0.631607
5.01181,7.50848,-0.20574,-0.235924,0.949743
0,0,0.168863,0.150678,0.974054
3.20544,3.47472,-0.0415885,-0.522026,0.851915
0,0,0.0388459,0.915743,0.399882
0,0,0.240849,-0.446409,0.861807
0,0,0.865071,0.501649,0.000750299
0,0,-0.707591,-0.671045,0.221389
0,0,-0.0115197,0.924657,0.380627
0,0,0.60476,0.0920565,0.79107
0,0,0.293659,-0.549741,0.782016
0,0,-0.926448,-0.0765976,0.368546
0,0,-0.743943,0.595598,0.303003
22.3649,31.7036,0.214765,0.739864,-0.637556
0,0,0.189384,0.972992,0.131989
0,0,0.157306,-0.976717,0.145872
0,0,0.556588,-0.553998,0.61911
0,0,-0.0835048,0.116285,0.989699
0,0,0.723345,-0.138604,0.676432
0,0,0.25071,-0.822367,0.510742
0,0,0.517936,0.212289,0.828659
0,0,0.526149,0.189543,0.829
0,0,0.395089,-0.235849,0.887851
0,0,0.461706,-0.227419,0.857385
0,0,0.176924,0.984035,0.0193025
0,0,0.261142,-0.736542,0.623948
0,0,-0.147371,0.78419,0.602767
0,0,-0.146084,-0.196993,0.96946
21.6364,30.0824,-0.45823,0.174387,0.871559
0,0,0.646993,-0.0323493,0.761809
0,0,-0.944712,-0.294916,0.143334
0,0,0.320454,0.846562,0.42502
0,0,-0.204335,-0.813399,0.544637
0,0,0.644686,0.192875,0.739716
0,0,0.215636,0.224017,0.95043
15.5027,21.6204,0.00618506,-0.295476,0.95533
0,0,0.219398,0.543331,0.810343
0,0,-0.112728,-0.489487,0.864693
0,0,0.888728,0.0300849,0.457447
0,0,0.582083,-0.601748,0.546882
0,0,-0.143121,0.223988,0.964026
0,0,0.772137,-0.0794802,0.630465
0,0,0.952337,-0.199283,0.230954
0,0,-0.770795,0.590352,0.239499
0,0,0.550898,-0.414062,0.724613
0,0,-0.953657,-0.134168,0.269328
0,0,0.106238,-0.728136,0.67715
0,0,-0.943256,-0.123807,0.308122
0,0,-0.0092545,-0.928059,0.372319
0,0,-0.525262,0.781664,0.336304
0,0,-0.705393,-0.193106,0.682005
0,0,0.40985,-0.432944,0.802859
0,0,0.227946,-0.215572,0.94951
10.8365,15.6308,-0.475194,-0.112099,0.872711
0,0,-0.646123,0.438451,0.624729
0,0,-0.175498,-0.403504,0.897989
0,0,-0.874056,-0.421913,0.240866
0,0,-0.676811,0.736001,0.0151797
1.5105,2.2977,-0.714543,0.240333,0.657014
0,0,-0.528716,-0.142554,0.836742
0,0,0.758404,-0.186404,0.624562
0,0,-0.254765,-0.667758,0.699424
0,0,-0.609621,-0.329707,0.720871
0,0,0.402522,0.0342262,0.91477
0,0,0.0448421,-0.0318773,0.998485
0,0,-0.807163,0.0242027,0.589833
0,0,0.688123,0.577256,0.439616
0,0,0.503671,0.31437,0.804666
0,0,0.0526847,-0.498987,0.865007
0,0,0.178927,-0.983768,0.0136251
0,0,-0.449365,0.385419,0.80593
0,0,-0.456169,0.506337,0.731801
0,0,0.278303,0.93345,0.226314
0,0,-0.0858642,-0.237464,0.967594
0,0,0.330535,-0.541233,0.773184
0,0,-0.664328,-0.536987,0.519916
0,0,0.949434,-0.0100154,0.313808
0,0,0.666311,0.455069,0.590712
0,0,-0.853596,-0.500595,0.144151
0,0,-0.39514,-0.862535,0.316066
0,0,-0.874176,0.343646,0.343108
0,0,-0.824364,-0.363628,0.433819
0,0,0.214198,0.680842,0.700409
0,0,-0.861393,0.449115,0.237273
0,0,0.525417,0.85015,0.034367
0,0,0.0236481,-0.363604,0.931253
0,0,0.653581,-0.598575,0.463184
0,0,-0.987933,0.0561069,0.14436
0,0,-0.32467,0.0103019,0.945771
0,0,-0.193974,-0.45665,0.868242
0,0,0.640977,0.106369,0.760154
0,0,-0.0325662,-0.943089,0.330942
0,0,0.337273,-0.868125,0.36415
0,0,-0.217191,-0.817973,0.53268
0,0,0.434934,-0.374631,0.818831
0,0,-0.816752,-0.100295,0.568205
0,0,0.338889,-0.267942,0.901865
0,0,-0.346876,-0.358949,0.866506
0,0,-0.14728,-0.977711,0.149629
0,0,0.748495,0.568597,0.341251
0,0,0.715324,-0.409024,0.566578
0,0,0.631989,0.732289,0.253659
0,0,0.71628,-0.392158,0.577196
0,0,0.381233,-0.864355,0.327951
0,0,-0.404293,-0.481997,0.77732
0,0,-0.877238,0.479278,0.0273203
0,0,-0.822393,0.310992,0.476397
0,0,-0.223946,0.907819,0.354561
0,0,-0.291665,-0.613617,0.733761
0,0,0.46764,-0.355705,0.809189
0,0,-0.128512,-0.981699,0.140543
0,0,0.630713,-0.198104,0.750304
0,0,0.496298,0.48623,0.719214
0,0,-0.159094,0.588558,0.792646
0,0,-0.746756,-0.398148,0.532761
0,0,0.640376,0.763991,0.0789647
0,0,-0.756572,0.100532,0.646136
0,0,-0.760773,0.642836,0.089369
0,0,0.768197,-0.529973,0.359168
17.0486,25.3782,0.348816,0.146803,0.925622
0,0,0.129237,0.388656,0.912274
0,0,-0.604498,0.0135152,0.796492
0,0,-0.551513,0.825589,0.119319
0,0,-0.802921,0.460034,0.379059
0,0,0.252708,-0.944322,0.2107
0,0,0.586975,-0.00297281,0.809599
0,0,-0.0810182,0.605429,0.791765
0,0,-0.40129,-0.907124,0.126856
0,0,-0.491437,-0.0150721,0.870783
0,0,-0.955887,0.0592665,0.287693
0,0,-0.407442,-0.644824,0.646678
0,0,0.562598,-0.0117975,0.826646
0,0,0.0343555,-0.9125,0.407632
0,0,-0.405682,-0.896103,0.180058
0,0,0.0726674,0.251026,0.965249
0,0,0.157384,-0.977836,0.138085
0,0,0.00371031,-0.999691,0.0245719
0,0,-0.901577,0.303999,0.307805
0,0,0.330727,-0.258409,0.907659
0,0,-0.106891,-0.412666,0.904589
0,0,-0.11134,-0.935678,0.334829
0,0,-0.163263,0.657075,0.735933
0,0,-0.0798981,-0.345688,0.934942
0,0,-0.703139,-0.160912,0.692606
23.2085,34.6174,-0.76642,0.619174,0.170951
0,0,0.438778,0.835906,0.329749
0,0,0.104026,-0.00619485,0.994555
0,0,-0.625641,-0.732773,0.267614
0,0,0.564032,0.242217,0.789429
0,0,-0.175183,0.2549,0.950966
0,0,-0.0446183,-0.935122,0.351506
0,0,-0.23171,0.0466626,0.971665
0,0,0.25279,-0.669479,0.698495
0,0,-0.747263,0.663247,0.0412564
0,0,0.599669,0.799884,0.0241438
0,0,0.635173,-0.455278,0.62392
13.9009,20.9551,-0.74441,0.544694,0.386215
0,0,-0.957277,0.285739,0.0444344
0,0,0.327244,0.944933,0.00362805
0,0,-0.0973145,-0.920858,0.377559
0,0,0.291057,-0.553509,0.780329
0,0,0.202988,0.938439,0.279514
0,0,-0.0332876,0.441061,0.89686
0,0,-0.444482,-0.891143,0.0911066
0,0,-0.71884,0.17315,0.673267
0,0,-0.895602,0.293959,0.333893
0,0,-0.473257,0.870212,0.136965
0,0,0.535513,0.598352,0.595987
0,0,0.710904,-0.424887,0.560434
0,0,-0.576331,-0.125876,0.807463
0,0,-0.377734,0.366131,0.85045
0,0,-0.65258,-0.50534,0.564598
0,0,0.552317,0.0990853,0.827725
0,0,0.525844,-0.608822,0.593989
0,0,-0.721714,-0.339684,0.603111
0,0,-0.119193,-0.930395,0.346638
0,0,0.30386,0.872726,0.382123
0,0,0.0474182,0.580129,0.813143
0,0,-0.316097,-0.890659,0.326818
0,0,-0.367133,-0.273991,0.888899
0,0,0.777569,0.524392,0.346987
0,0,0.51968,0.717321,0.464095
21.1352,31.0548,-0.616328,0.431067,0.659031
0,0,-0.41471,-0.771903,0.481852
0,0,0.646807,0.412759,0.641304
0,0,0.581559,-0.626138,0.519365
0,0,-0.350273,0.585436,0.731145
0,0,-0.772401,-0.0972067,0.627653
0,0,0.745907,0.451444,0.489716
0,0,0.378991,0.709518,0.594096
0,0,0.98426,0.076469,0.159325
0,0,-0.00568502,0.945766,0.324798
0,0,0.191788,-0.167589,0.967022
6.83167,8.99624,0.264722,0.485553,0.833163
0,0,0.503681,-0.825263,0.255433
0,0,0.442177,-0.616284,0.65167
0,0,-0.627698,-0.182712,0.756711
0,0,0.60494,0.402067,0.687306
0,0,-0.445568,-0.276301,0.851544
0,0,0.708898,-0.242204,0.66242
0,0,-0.636176,0.223397,0.738494
0,0,0.736925,0.313496,0.598884
0,0,0.189783,0.966176,0.174603
0,0,-0.628716,0.774508,0.0696674
0,0,-0.349758,0.705672,0.616195
0,0,0.0390764,-0.0589596,0.997495
0,0,0.501298,0.865261,0.00487715
0,0,-0.445542,0.098572,0.889818
0,0,0.123374,0.688087,0.715063
0,0,0.522783,-0.549897,0.651392
0,0,-0.330334,0.324585,0.886298
0,0,0.474565,0.345794,0.809453
0,0,-0.217466,0.976032,0.00838163
0,0,-0.504664,0.671079,0.543109
0,0,-0.575014,0.798339,0.178924
0,0,-0.273692,0.947943,0.162777
0,0,-0.161532,0.97057,0.17861
0,0,0.757549,-0.0128475,0.652652
0,0,-0.442739,-0.550726,0.70759
0,0,-0.634909,-0.698555,0.330016
0,0,-0.0531086,0.76375,0.643324
0,0,-0.489915,-0.0449051,0.870613
0,0,0.619942,-0.748111,0.236646
0,0,0.56138,0.172794,0.809318
0,0,0.0938443,-0.374623,0.922416
0,0,0.984537,-0.174984,0.00819089
0,0,-0.805061,-0.330493,0.492597
0,0,0.440972,0.410862,0.797957
0,0,-0.438281,-0.895962,0.0718497
0,0,0.116382,0.789895,0.602097
0,0,0.273702,-0.144189,0.950945
0,0,0.251922,-0.923923,0.287928
0,0,0.828114,0.520731,0.207524
0,0,-0.986883,0.0381644,0.156858
0,0,-0.447857,0.727439,0.519862
0,0,-0.359145,-0.770907,0.526039
0,0,0.545905,-0.637343,0.543858
0,0,0.129566,0.777027,0.615989
0,0,0.463701,0.665539,0.584841
21.5871,32.3837,0.035606,0.232497,0.971945
0,0,-0.494405,-0.578056,0.649164
0,0,-0.698982,-0.418507,0.579893
0,0,0.728801,0.641082,0.240548
0,0,0.497959,-0.757189,0.422731
0,0,0.346394,-0.873417,0.342276
0,0,-0.00116387,-0.951003,0.309178
0,0,0.104126,0.808318,0.579465
0,0,0.864143,-0.292444,0.409552
0,0,-0.124201,0.988487,0.0864196
0,0,-0.78686,0.152162,0.598078
0,0,-0.817461,0.575947,0.00650594
0,0,0.563543,0.0122685,0.825996
0,0,-0.376314,0.871537,0.314343
0,0,-0.459301,-0.86064,0.219865
0,0,-0.823273,-0.243508,0.512763
0,0,-0.697272,-0.1109,0.708176
0,0,-0.990292,0.103238,0.0930821
0,0,-0.469132,-0.605049,0.643297
0,0,0.283998,-0.91147,0.297604
0,0,0.376381,-0.902901,0.207625
0,0,0.166629,0.000220092,0.98602
0,0,0.386407,-0.787474,0.480181
0,0,0.785252,-0.572756,0.235224
0,0,-0.54477,0.747273,0.380537
0,0,0.116048,0.372264,0.920843
0,0,0.226114,0.133232,0.964946
0,0,0.730574,0.106796,0.674431
0,0,0.512402,0.845694,0.149149
0,0,-0.0642342,-0.714544,0.696635
0,0,0.403302,-0.909414,0.101562
0,0,0.222739,0.550239,0.804751
0,0,0.319899,-0.937,0.140338
0,0,0.773462,-0.619893,0.13225
0,0,-0.826939,0.480179,0.292574
0,0,-0.904828,-0.339564,0.25687
0,0,0.223611,-0.970604,0.08903
0,0,-0.369727,-0.038189,0.928355
0,0,-0.486329,-0.694097,0.530767
0,0,0.467128,0.591519,0.657189
0,0,0.286056,-0.213449,0.934137
0,0,0.229513,0.30807,0.923264
0,0,-0.248069,0.967933,0.0395961
0,0,-0.983278,-0.118891,0.137948
0,0,-0.976528,0.0537352,0.208579
0,0,0.936753,-0.150643,0.315912
0,0,-0.707453,-0.609058,0.35855
0,0,-0.102266,0.835026,0.540623
0,0,-0.832805,0.553464,0.0106179
0,0,0.912102,0.35954,0.19698
0,0,0.756735,0.649252,0.0763146
0,0,0.804193,-0.357135,0.475109
0,0,0.544256,-0.783764,0.299163
0,0,-0.300575,0.157653,0.940638
0,0,-0.735295,-0.394305,0.551239
0,0,-0.77109,-0.53694,0.342221
0,0,-0.538036,0.15376,0.828779
0,0,-0.315189,0.596888,0.737822
0,0,-0.835725,-0.337633,0.433092
0,0,0.215308,0.0284092,0.976133
0,0,0.048073,-0.423392,0.90467
0,0,0.952839,-0.145348,0.266405
0,0,0.613201,0.0822214,0.785636
0,0,0.298949,-0.802538,0.516298
0,0,-0.38543,0.407569,0.827847
0,0,-0.483954,0.863327,0.143019
0,0,-0.621211,0.573514,0.534021
0,0,0.662372,-0.492388,0.564639
0,0,-0.883177,0.108295,0.456366
16.0545,22.2706,-0.317423,-0.349092,0.88169
0,0,0.809314,-0.1453,0.569122
0,0,-0.922756,-0.379843,0.06512
0,0,-0.961717,0.140089,0.235532
0,0,-0.135109,-0.990814,0.005687
0,0,-0.997882,-0.0470254,0.0449553
0,0,0.239876,0.884762,0.39957
0,0,-0.377544,-0.431107,0.819516
0,0,-0.881112,0.156738,0.446178
0,0,0.595468,-0.604955,0.528628
0,0,0.619027,0.280625,0.733523
0,0,-0.487482,-0.500353,0.715548
0,0,-0.190813,-0.803264,0.564231
0,0,0.349034,-0.56345,0.748798
0,0,0.144086,-0.649877,0.746257
0,0,0.690082,-0.713789,0.119549
0,0,0.945069,-0.137607,0.296494
0,0,0.665094,0.631212,0.399026
0,0,0.863975,0.0130676,0.503364
0,0,-0.202385,-0.972046,0.119024
0,0,-0.868163,0.392821,0.30329
0,0,-0.655235,-0.754168,0.0435645
0,0,-0.456848,0.786978,0.414676
0,0,-0.156415,0.97239,0.173181
0,0,0.605025,0.787358,0.118373
0,0,0.586326,-0.223681,0.778581
0,0,-0.0230199,0.321192,0.946734
0,0,0.316376,-0.948422,0.0200276
0,0,-0.99527,0.0954766,0.017919
0,0,-0.602172,0.655587,0.455624
0,0,-0.261038,0.622453,0.737842
0,0,0.161397,0.717129,0.677995
0,0,-0.0353466,0.0958607,0.994767
0,0,0.0728022,0.0354336,0.996717
0,0,-0.719166,-0.184488,0.669899
0,0,0.163051,-0.392291,0.905275
0,0,0.24259,-0.386999,0.889597
0,0,0.194256,-0.842196,0.502962
0,0,-0.964169,0.168422,0.204971
0,0,-0.459086,0.670529,0.582779
0,0,0.634518,-0.768546,0.0819948
0,0,0.808502,0.53517,0.24478
0,0,0.564352,-0.0391184,0.824607
0,0,-0.0749042,0.970316,0.22995
0,0,0.180303,-0.735097,0.653547
0,0,0.36389,0.743001,0.561724
0,0,0.862745,0.490099,0.124395
0,0,-0.738917,-0.534886,0.409754
0,0,0.349188,0.699322,0.623712
0,0,-0.0421174,0.774566,0.63109
0,0,-0.794834,-0.365805,0.484176
0,0,0.582767,-0.664723,0.467468
0,0,0.364701,0.704407,0.608937
0,0,-0.951341,-0.269226,0.149891
8.22423,11.6477,0.0725153,-0.507163,0.858794
0,0,-0.429724,-0.773948,0.465127
0,0,0.109196,-0.984414,0.137859
0,0,0.483553,-0.223191,0.846382
0,0,-0.529495,-0.60502,0.594631
0,0,-0.210234,-0.606527,0.766764
0,0,0.700445,-0.238425,0.672703
0,0,0.12666,0.572505,0.810059
0,0,-0.620827,0.775994,0.111389
0,0,0.128837,-0.37578,0.917709
0,0,-0.239337,0.936275,0.257112
0,0,0.994672,-0.0995546,0.0267549
0,0,-0.0426237,-0.595887,0.801936
0,0,0.266001,0.606428,0.749325
0,0,0.148889,0.879456,0.452095
0,0,-0.805481,-0.346803,0.48055
0,0,0.639151,-0.16898,0.750288
0,0,0.191748,0.782994,0.591737
0,0,0.921324,-0.15404,0.356978
0,0,-0.380416,0.90088,0.209045
0,0,0.582529,0.513524,0.630042
0,0,-0.692476,0.705159,0.152408
0,0,-0.408486,-0.0832407,0.908961
0,0,0.293535,0.91216,0.286009
0,0,-0.167437,0.748328,0.641849
0,0,-0.419842,0.642359,0.641177
0,0,-0.534787,-0.387051,0.751129
0,0,0.616378,-0.68036,0.396469
0,0,-0.571078,0.552795,0.606867
0,0,0.0622074,0.870815,0.487659
9.43682,14.4442,0.110185,-0.207428,0.972025
0,0,0.368132,0.698412,0.613758
0,0,0.378175,-0.0164938,0.925587
0,0,-0.775306,0.593007,0.217356
0,0,0.10402,0.920099,0.377621
0,0,0.165229,-0.380015,0.910103
0,0,-0.238356,0.805837,0.542045
0,0,0.892727,0.200896,0.403336
0,0,-0.0460172,-0.994285,0.0963314
21.7146,31.4378,0.137323,0.97609,-0.168496
0,0,0.965268,0.0475901,0.256892
0,0,0.0629771,-0.788046,0.612387
0,0,0.58049,-0.301653,0.756331
0,0,0.0144857,-0.875646,0.482737
0,0,-0.461044,0.648939,0.605241
0,0,-0.303014,-0.586828,0.750877
0,0,-0.436858,-0.076703,0.896254
0,0,0.211067,0.708584,0.67332
0,0,0.813946,-0.499594,0.296475
0,0,-0.534875,0.471025,0.701459
0,0,-0.763706,-0.638318,0.0964547
0,0,-0.65788,0.627024,0.417175
0,0,-0.97461,-0.195497,0.109166
0,0,-0.00490631,-0.610795,0.791773
0,0,0.627347,0.696053,0.349207
21.881,29.6095,-0.380045,0.369044,0.848158
0,0,-0.951311,0.291086,0.101369
0,0,-0.0644597,0.0204839,0.99771
12.9573,17.5115,0.19103,-0.848091,0.494215
20.8361,30.5774,0.963656,-0.221829,-0.148861
11.5629,18.5296,0.617529,0.18196,0.765212
0,0,0.398008,-0.822566,0.406172
0,0,-0.938673,0.131382,0.318799
0,0,0.0569588,0.708706,0.703201
0,0,-0.726022,-0.298546,0.619486
16.9952,25.1466,-0.286633,-0.114463,0.951178
0,0,-0.794591,0.355521,0.492169
0,0,-0.0493523,0.828543,0.557747
0,0,-0.970778,0.225391,0.0823996
0,0,0.138245,0.907714,0.396161
0,0,0.109142,-0.994004,0.00667021
0,0,-0.117991,-0.898804,0.422173
0,0,0.775566,-0.500876,0.384214
0,0,0.394051,-0.917504,0.0539514
0,0,0.141853,0.970715,0.193884
0,0,-0.854304,-0.479696,0.200141
0,0,0.287515,0.957282,0.0307559
0,0,-0.198816,0.442673,0.874365
0,0,-0.00970624,0.0167375,0.999813
0,0,-0.591549,0.759308,0.271147
0,0,0.140991,-0.896607,0.419782
0,0,0.775755,-0.328424,0.538834
14.3883,21.8317,0.238928,0.394692,0.887205
0,0,-0.461298,0.0767909,0.883916
0,0,-0.687298,0.725854,0.0275178
0,0,0.92949,0.093436,0.356817
0,0,0.421544,-0.657811,0.624167
0,0,0.646659,0.479766,0.593006
0,0,0.261008,0.600365,0.755934
0,0,-0.798259,0.561273,0.218529
0,0,0.341672,-0.833066,0.435042
0,0,-0.488064,0.722604,0.489527
0,0,0.687972,-0.713463,0.132913
0,0,0.610162,-0.697916,0.374989
0,0,-0.0499823,-0.877152,0.477604
0,0,-0.777821,0.376709,0.503075
0,0,-0.329148,0.805035,0.493538
0,0,-0.799111,-0.596942,0.0712854
0,0,0.145178,0.988542,0.0413391
0,0,-0.240704,0.496609,0.833931
0,0,0.742657,-0.585038,0.32587
0,0,0.647116,-0.25825,0.71732
0.390995,0.0648717,0.650189,0.449934,-0.61222
0,0,-0.835827,-0.505218,0.21482
0,0,-0.464529,-0.207319,0.860948
0,0,0.924911,-0.379799,0.0170806
0,0,-0.644735,-0.671283,0.365643
0,0,-0.850834,-0.523576,0.0441628
0,0,0.606881,0.770393,0.195422
0,0,0.642006,0.688644,0.337043
0,0,0.688515,-0.725202,0.00543847
0,0,0.542241,-0.684502,0.487269
0,0,-0.427737,0.818396,0.383757
0,0,0.63762,-0.103704,0.763339
0,0,0.0548998,0.414357,0.908457
0,0,-0.883028,0.0421931,0.46742
0,0,-0.902509,0.275747,0.330818
0,0,0.573122,-0.772021,0.274799
0,0,0.89903,-0.28893,0.329037
0,0,0.394232,-0.911103,0.120302
0,0,-0.600964,-0.175534,0.779763
0,0,-0.693134,-0.62553,0.358159
22.1568,32.9838,-0.614866,-0.2791,0.737592
0,0,0.171187,0.981299,0.088019
0,0,0.586682,-0.735918,0.337978
0,0,-0.950554,-0.0726416,0.301946
0,0,0.811988,0.0623501,0.580334
0,0,-0.808564,0.189748,0.556974
0,0,-0.971049,0.172298,0.165459
0,0,0.951147,-0.287642,0.112166
0,0,-0.772961,0.0502599,0.63246
0,0,0.653363,0.740199,0.158816
0,0,0.577673,-0.593855,0.560026
0,0,0.254464,-0.962221,0.0968442
0,0,0.829737,0.192915,0.523757
0,0,0.322978,0.254181,0.911634
0,0,-0.162777,-0.717411,0.677366
0,0,-0.151897,0.650359,0.744285
0,0,0.389585,0.858695,0.332967
0,0,-0.924834,0.301542,0.231851
0,0,-0.753508,-0.59536,0.278877
0,0,0.753769,-0.504365,0.421246
0,0,0.719684,-0.317719,0.617341
0,0,-0.709684,-0.695917,0.109764
0,0,-0.0646361,0.676942,0.733192
0,0,-0.237333,-0.839277,0.48917
0,0,-0.554354,0.797168,0.239195
20.9966,28.38,0.333417,0.688243,0.644324
0,0,0.918486,-0.143098,0.368656
0,0,0.546631,-0.196125,0.814082
0,0,-0.258084,0.649282,0.71542
0,0,-0.204193,-0.945484,0.253703
0,0,-0.645841,0.706601,0.289145
0,0,0.827341,-0.529371,0.187813
0,0,0.949984,0.279327,0.139666
0,0,0.962503,-0.186842,0.196669
0,0,-0.317647,-0.856899,0.405985
0,0,-0.0747336,0.913033,0.40098
0,0,0.836774,0.117639,0.534761
0,0,0.102943,-0.992244,0.0696708
0,0,0.875244,-0.483577,0.0100367
0,0,0.143786,0.985194,0.0933743
0,0,0.335073,-0.685395,0.646498
0,0,0.824602,0.447446,0.346155
0,0,0.930164,0.240762,0.27718
0,0,0.641942,-0.714111,0.279205
0,0,-0.623511,-0.688231,0.370906
0,0,0.782173,0.381695,0.492458
0,0,0.665123,-0.719183,0.200967
0,0,-0.445181,0.227872,0.865961
0,0,0.602324,0.798033,0.0186697
0,0,0.516448,0.288243,0.806348
0,0,0.051542,-0.963313,0.263384
0,0,0.773515,-0.0623686,0.630702
0,0,-0.0666848,-0.0548805,0.996264
0,0,-0.400834,0.00783677,0.916117
0,0,-0.374577,-0.589326,0.715812
0,0,-0.381848,-0.0921933,0.919615
0,0,0.336372,-0.301895,0.892027
0,0,0.121823,-0.991745,0.0400055
0,0,0.730247,-0.246579,0.637133
0,0,0.353119,-0.935519,0.0105417
0,0,-0.464398,0.0413006,0.884663
0,0,0.363391,-0.640676,0.676373
23.2759,34.1413,-0.322119,-0.601678,0.730905
0,0,0.739656,0.520493,0.42661
0,0,0.52738,-0.76914,0.360963
0,0,0.682394,0.431023,0.590387
0,0,-0.161089,-0.986508,0.0291993
0,0,0.710936,-0.624177,0.323996
0,0,-0.9182,-0.229809,0.322641
10.9796,15.9177,-0.874942,-0.00622004,0.484188
0,0,-0.171009,0.604296,0.778191
0,0,0.255131,-0.782686,0.567725
0,0,-0.247069,0.966716,0.0664622
0,0,0.0694377,-0.842961,0.533475
0,0,-0.270218,-0.514023,0.814102
0,0,0.279417,0.756213,0.591666
0,0,0.889023,-0.381143,0.25371
0,0,-0.941136,-0.337935,0.00792221
0,0,0.404879,-0.913588,0.0378225
0,0,0.556252,-0.233469,0.797544
0,0,0.605284,-0.427571,0.671427
0,0,-0.502291,0.231067,0.833254
0,0,0.905457,-0.359565,0.225522
0,0,0.630906,-0.642415,0.435041
0,0,0.297004,-0.471535,0.830327
0,0,-0.511465,0.800568,0.31224
0,0,0.134428,0.512736,0.847957
0,0,0.61381,-0.57011,0.546088
0,0,0.990133,-0.131656,0.0479938
0,0,0.814397,-0.329448,0.477726
0,0,0.0635604,0.0374134,0.997276
0,0,0.302928,-0.39131,0.868971
0,0,-0.845669,-0.529987,0.0629108
0,0,0.984256,-0.161338,0.0721746
0,0,-0.587468,0.373949,0.717665
0,0,0.540028,0.11131,0.834254
0,0,-0.0373256,-0.99057,0.131828
0,0,-0.299782,0.589936,0.749738
0,0,0.782615,-0.319882,0.534031
0,0,-0.686707,-0.105212,0.71928
0,0,0.622707,-0.752859,0.213165
0,0,-0.921716,0.368724,0.120343
0,0,-0.526292,-0.379479,0.760929
0,0,-0.886947,-0.014237,0.461652
0,0,-0.65759,0.753058,0.0218859
0,0,-0.349718,-0.868814,0.350514
0,0,0.899494,-0.412014,0.145444
0,0,-0.878101,0.0427942,0.476557
0,0,0.752758,0.494377,0.43468
0,0,0.471491,-0.255837,0.843945
0,0,-0.183681,-0.240816,0.953031
0,0,-0.506474,-0.852384,0.130098
0,0,0.142453,0.276939,0.950269
0,0,0.671049,-0.15622,0.724768
0,0,0.831214,-0.45746,0.315933
0,0,-0.377229,0.0335789,0.925511
0,0,0.717381,-0.400027,0.570388
0,0,-0.583036,-0.253394,0.77192
0,0,-0.850715,0.52222,0.059752
0,0,-0.395014,-0.91547,0.0766728
0,0,-0.705488,0.708699,0.00563576
0,0,-0.647266,-0.221569,0.729352
0,0,-0.865242,0.252381,0.433198
0,0,0.152463,-0.749427,0.644294
0,0,0.25927,-0.957549,0.126009
0,0,-0.7773,-0.513881,0.362948
0,0,0.907463,0.419566,0.0217809
0,0,0.792589,-0.601091,0.102433
0,0,-0.866347,-0.462928,0.187458
0,0,-0.384451,0.747422,0.541811
0,0,0.769767,0.254304,0.585481
0,0,-0.127416,-0.833791,0.537176
0,0,-0.0356142,0.57535,0.817132
0,0,-0.0499189,-0.983965,0.171236
0,0,0.78715,-0.49597,0.366618
0,0,0.474454,0.879799,0.029116
0,0,0.395363,0.867883,0.300779
0,0,-0.778781,-0.517744,0.354178
0,0,-0.778641,-0.618697,0.104561
0,0,0.988498,0.0935601,0.118822
0,0,-0.0993417,-0.877034,0.470045
0,0,0.99702,-0.00894963,0.0766252
0,0,-0.640372,-0.380872,0.666978
0,0,-0.853449,0.23456,0.465409
0,0,-0.350945,-0.665547,0.658699
0,0,-0.763936,0.129506,0.632163
0,0,0.209383,-0.966785,0.146577
0,0,-0.459243,0.619061,0.63707
0,0,0.293391,0.573158,0.765122
0,0,0.031248,-0.958786,0.282406
0,0,-0.310608,0.0971881,0.945556
0,0,0.772904,-0.0133932,0.634382
0,0,0.251357,-0.951084,0.179609
0,0,0.990394,-0.138199,0.00447471
0,0,0.295582,0.609099,0.735955
0,0,-0.853603,-0.207397,0.477859
0,0,-0.524665,-0.593895,0.60993
0,0,0.296714,-0.912218,0.282524
0,0,-0.0102662,0.0347007,0.999345
0,0,0.0203893,0.996691,0.0786846
0,0,-0.595442,0.593405,0.54159
0,0,0.862296,-0.267479,0.43
0,0,-0.0442978,0.886375,0.460844
0,0,-0.459111,0.269531,0.846505
0,0,-0.724436,0.0740938,0.685349
0,0,-0.455533,0.768603,0.449153
0,0,-0.261798,0.3572,0.896588
0,0,-0.643911,0.350001,0.680351
0,0,0.622445,0.775977,0.102087
0,0,0.695028,0.718528,0.0255715
0,0,-0.460541,-0.336957,0.821195
0,0,0.972528,0.226903,0.0519978
0,0,0.126969,0.50481,0.853842
0,0,-0.198436,0.439807,0.875895
0,0,0.975367,0.0474596,0.215423
0,0,0.48002,0.876545,0.0353508
0,0,0.189178,-0.267448,0.944819
0,0,0.229142,0.967576,0.106257
0,0,-0.68725,0.692991,0.217834
0,0,0.903942,0.342625,0.255923
0,0,0.419427,0.0461619,0.906615
0,0,0.555079,-0.831649,0.0157095
0,0,-0.892954,0.142651,0.426947
0,0,-0.497102,0.690602,0.525318
0,0,0.484005,-0.254005,0.837389
0,0,-0.201437,0.85432,0.479124
0,0,0.227171,-0.401623,0.887182
0,0,-0.689432,0.0889623,0.718867
0,0,-0.729014,0.28676,0.621536
0,0,0.764773,-0.518851,0.38199
0,0,-0.326794,-0.14242,0.934303
0,0,-0.784517,0.0352662,0.619104
0,0,0.958196,-0.280736,0.0552137
0,0,0.763197,0.0821066,0.640928
0,0,-0.998654,-0.0400338,0.0329884
0,0,-0.478918,-0.299792,0.825083
0,0,0.432841,-0.464623,0.772511
0,0,-0.490452,0.0767829,0.868079
0,0,0.407419,0.759397,0.507273
0,0,0.669691,-0.74036,0.0581451
0,0,-0.754512,-0.603576,0.257697
0,0,0.00928828,0.55867,0.829338
0,0,0.685029,-0.228631,0.69171
0,0,-0.610225,0.585484,0.533698
0,0,0.729834,0.636384,0.249714
0,0,0.561237,-0.727319,0.394994
0,0,-0.917154,0.321912,0.234951
0,0,-0.314721,-0.909888,0.270286
0,0,0.033011,0.774268,0.631996
0,0,-0.354809,0.735836,0.576763
0,0,-0.879649,0.101037,0.464767
0,0,0.256724,0.868814,0.423386
0,0,-0.625004,0.779421,0.0432684
0,0,-0.104167,0.988093,0.113236
0,0,0.056756,-0.997302,0.0465525
0,0,0.893179,-0.110021,0.436036
0,0,-0.494048,0.520436,0.696465
0,0,-0.192861,-0.9758,0.103045
0,0,-0.262487,0.512778,0.81741
0,0,-0.875626,0.0645009,0.478664
2.25608,3.01089,-0.441602,-0.392992,0.806564
0,0,0.42935,-0.74323,0.513096
0,0,0.48516,0.0987046,0.868837
16.5963,21.9336,0.723244,-0.0431343,0.689244
0,0,0.762272,0.570997,0.304802
0,0,-0.282529,0.338519,0.897542
23.2142,32.0972,-0.726532,0.233172,0.646361
0,0,-0.13715,0.990266,0.0237181
0,0,0.827202,-0.200607,0.524875
0,0,-0.900949,0.0918618,0.42409
0,0,-0.427578,0.901468,0.0673211
0,0,0.920377,-0.387535,0.0521703
23.4658,31.5424,-0.351625,0.804219,0.479158
0,0,-0.198487,-0.665577,0.719452
0,0,0.895926,0.374573,0.23877
0,0,-0.956108,0.202912,0.211385
0,0,-0.82227,0.504757,0.262855
0,0,-0.6917,-0.376484,0.616288
0,0,-0.542735,-0.389627,0.744063
0,0,0.995433,0.0284186,0.0911383
0,0,-0.655016,0.755394,0.0182976
0,0,0.179672,-0.648538,0.739673
0,0,0.847839,0.322605,0.420827
0,0,0.693622,0.655895,0.29781
0,0,0.84742,0.523479,0.088598
0,0,0.90449,-0.202791,0.375199
0,0,-0.716381,0.593431,0.36693
0,0,0.534871,-0.542175,0.648043
0,0,-0.0724406,-0.964784,0.25287
0,0,-0.693103,-0.648113,0.315529
0,0,0.530954,-0.588367,0.609846
0,0,0.21803,-0.782551,0.583162
0,0,0.574902,0.557486,0.598913
0,0,-0.239687,0.741379,0.626823
0,0,-0.246405,-0.479166,0.842428
0,0,0.723168,-0.0374723,0.689655
0,0,0.435687,-0.898478,0.05398
0,0,0.0224878,0.19585,0.980376
0,0,0.931204,0.120359,0.344053
0,0,0.167255,0.982869,0.0774182
0,0,0.492163,0.0255461,0.870128
0,0,-0.195382,0.0670772,0.978431
0,0,0.961571,0.267486,0.0618985
0,0,-0.291794,0.421378,0.85866
0,0,-0.176779,0.759581,0.625928
0,0,-0.185397,0.38939,0.902222
0,0,-0.134901,0.704139,0.69713
0,0,0.665229,-0.570879,0.481216
0,0,-0.269053,0.75909,0.592784
0,0,0.628077,0.756314,0.183051
0,0,0.477367,0.369341,0.797313
0,0,0.194354,-0.218651,0.956252
0,0,-0.689947,0.449879,0.567082
0,0,-0.229945,0.96648,0.114201
0,0,-0.823892,-0.506838,0.253609
0,0,0.76289,0.612398,0.207285
0,0,-0.288205,-0.949738,0.122209
0,0,-0.042962,0.644291,0.763573
0,0,0.446468,-0.536621,0.716034
0,0,-0.142836,-0.628732,0.764392
0,0,-0.832697,-0.553106,0.0262673
0,0,0.32203,0.679561,0.659161
0,0,-0.6126,-0.710301,0.346689
0,0,-0.398763,0.669172,0.627054
0,0,-0.516128,0.674649,0.527694
0,0,-0.759813,0.6188,0.199427
0,0,0.206482,-0.894218,0.397163
0,0,0.508808,0.840812,0.184795
0,0,0.970308,-0.11629,0.212084
0,0,-0.690215,0.135475,0.710809
0,0,0.559334,0.675568,0.480367
0,0,-0.243594,-0.642016,0.726965
0,0,-0.22003,-0.749726,0.624098
0,0,0.398156,0.494051,0.772907
0,0,0.214321,0.892659,0.396519
0,0,0.207652,-0.353316,0.912167
0,0,0.336994,-0.682708,0.64834
0,0,0.75756,-0.121726,0.641316
0,0,-0.562779,0.236877,0.79194
0,0,0.0560782,0.997915,0.0319435
0,0,0.774193,-0.0589447,0.630199
0,0,0.255305,-0.964935,0.0609828
0,0,-0.270236,0.58819,0.762237
0,0,0.563121,0.348123,0.74947
0,0,-0.58937,0.360362,0.723037
0,0,-0.572246,-0.774508,0.269577
0,0,-0.418508,0.150306,0.895689
0,0,0.0834341,-0.498453,0.862892
5.03,4.01336,0.319404,-0.0967517,0.942667
0,0,-0.172638,-0.363207,0.915575
0,0,0.95957,-0.265409,0.0937159
0,0,0.0244265,0.373753,0.927207
0,0,-0.321134,0.843033,0.431473
0,0,-0.217677,-0.864836,0.452411
0,0,0.44447,-0.130805,0.886192
0,0,-0.95974,-0.143979,0.241183
0,0,-0.272293,0.428256,0.861657
0,0,0.769043,0.476401,0.426163
0,0,0.669971,0.693241,0.265624
0,0,0.820442,-0.542004,0.181953
0,0,0.086342,0.0810466,0.992964
0,0,0.522603,-0.69653,0.491663
0,0,0.393321,0.26637,0.879969
0,0,0.322186,-0.83592,0.444336
0,0,-0.604573,0.77044,0.202269
0,0,0.884285,-0.250714,0.393932
0,0,-0.401835,-0.393532,0.826838
0,0,-0.621676,-0.674721,0.397832
0,0,0.478776,-0.151713,0.864729
0,0,-0.0188429,0.100553,0.994753
0,0,0.630242,0.775463,0.0381033
0,0,0.616107,-0.0318753,0.787017
0,0,-0.63132,0.227131,0.741516
0,0,0.0274277,-0.882096,0.47027
0,0,0.932002,-0.361795,0.0218388
0,0,-0.415055,0.768085,0.487621
0,0,0.374717,0.0686865,0.924592
0,0,0.27384,-0.816192,0.508765
0,0,-0.667039,-0.744091,0.037265
0,0,-0.624428,0.408199,0.665931
0,0,-0.376973,0.0523257,0.924745
0,0,-0.532993,0.441549,0.721771
0,0,0.782014,0.57963,0.229089
0,0,0.45905,-0.552097,0.696033
0,0,-0.750918,0.507047,0.423114
0,0,0.836333,-0.129242,0.53277
0,0,-0.960509,0.20887,0.183835
0,0,0.346981,-0.712227,0.610194
0,0,-0.690734,-0.336485,0.640051
0,0,-0.999173,0.0289122,0.0285819
22.5926,31.8948,0.798626,0.601693,-0.0127127
0,0,-0.830849,0.305415,0.465201
0,0,0.908778,0.104501,0.403983
0,0,0.308166,-0.311616,0.898849
0,0,-0.523367,0.63917,0.563515
0,0,0.135972,-0.343032,0.92943
0,0,-0.146505,-0.391853,0.908288
0,0,-0.421797,-0.485258,0.765906
0,0,0.247353,-0.513457,0.821692
0,0,-0.951922,-0.121316,0.281297
0,0,-0.194185,-0.952869,0.233095
0,0,-0.79858,-0.111089,0.591549
0,0,-0.327093,0.170654,0.929455
0,0,-0.0856814,-0.4461,0.890872
0,0,0.947987,0.173616,0.266794
0,0,0.704932,0.394056,0.589738
0,0,-0.504008,-0.307716,0.807023
0,0,-0.0683946,-0.493632,0.866977
0,0,-0.472262,0.804571,0.360047
0,0,-0.689843,0.339719,0.639302
0,0,0.0717408,0.00300016,0.997419
0,0,-0.205286,-0.784131,0.585659
0,0,-0.379486,-0.465319,0.799668
0,0,0.358105,0.0428815,0.932696
0,0,0.718098,0.365738,0.592091
0,0,-0.576674,-0.45271,0.680074
0,0,0.397127,-0.785067,0.475352
0,0,0.696294,-0.0110991,0.717671
0,0,-0.560274,0.0541296,0.826537
0,0,-0.524948,-0.787649,0.322551
0,0,0.456285,0.833332,0.312029
0,0,0.26497,0.891922,0.366424
0,0,0.258717,0.411139,0.874088
0,0,0.0902011,0.319523,0.943276
0,0,-0.383047,0.528588,0.757542
0,0,-0.797855,-0.0728677,0.59843
0,0,-0.924225,0.129108,0.359359
0,0,0.343132,-0.925418,0.160818
0,0,0.482697,-0.617437,0.621107
0,0,-0.884677,0.390546,0.254598
0,0,0.502504,-0.0863524,0.860252
0,0,-0.449918,-0.822177,0.34871
0,0,-0.511733,0.0380451,0.858302
0,0,0.269253,0.890437,0.366913
0,0,-0.0330151,0.996283,0.0795644
0,0,0.133341,-0.180651,0.974467
0,0,-0.121701,-0.846954,0.517549
0,0,-0.304088,0.378664,0.874153
0,0,0.907554,0.00273515,0.419927
0,0,0.416505,0.175823,0.891969
0,0,-0.916987,-0.245211,0.314654
0,0,-0.288076,0.576403,0.764704
0,0,0.390197,-0.908587,0.149051
0,0,-0.967896,-0.233533,0.0929539
0,0,-0.610869,-0.517601,0.599106
0,0,-0.920861,-0.236955,0.309626
0,0,0.077291,-0.920328,0.383435
0,0,-0.764326,-0.0965042,0.637567
0,0,0.893746,-0.362471,0.26426
0,0,0.906453,0.129315,0.40202
0,0,-0.990543,0.0513821,0.127218
0,0,-0.553879,-0.290449,0.780293
0,0,0.786465,-0.607516,0.111343
0,0,0.361244,0.744254,0.561773
0,0,-0.228131,0.559373,0.796905
0,0,-0.8706,-0.00793585,0.491927
0,0,-0.763446,0.394182,0.511636
0,0,-0.571781,-0.778923,0.257576
0,0,0.933162,-0.0888001,0.348315
0,0,0.907007,0.415712,0.0672424
4.89159,7.83938,-0.0139146,0.114246,0.993355
0,0,-0.123662,0.989734,0.0716573
0,0,0.503961,0.264497,0.822231
0,0,-0.780948,0.594306,0.192149
0,0,0.0614088,-0.994942,0.0794946
0,0,0.982867,-0.0729872,0.169248
0,0,0.859521,-0.243263,0.449496
0,0,-0.665349,-0.476094,0.575018
0,0,0.517241,0.70138,0.490437
0,0,0.276939,-0.838578,0.469138
0,0,-0.410085,0.911945,0.0136941
0,0,0.509253,0.45992,0.727416
0,0,-0.585526,-0.290894,0.756664
0,0,0.69569,0.153721,0.701701
0,0,0.478673,-0.877821,0.0173812
0,0,-0.382181,-0.306324,0.871839
0,0,-0.878721,0.398558,0.26268
0,0,-0.640369,0.121816,0.758346
0,0,0.545805,0.83662,0.046523
0,0,-0.386445,-0.912425,0.134691
0,0,0.988217,-0.0314469,0.149797
0,0,-0.310543,0.942563,0.123034
0,0,0.849697,-0.00933423,0.527189
0,0,-0.19503,-0.602357,0.774034
0,0,-0.962813,0.172497,0.207931
0,0,-0.0809009,0.927601,0.364707
0,0,-0.770382,0.539915,0.33912
0,0,0.923264,0.359967,0.134188
0,0,-0.32748,0.924135,0.196804
0,0,-0.783228,0.381987,0.490551
0,0,0.593263,-0.269848,0.758434
0,0,0.350588,0.106165,0.930493
0,0,0.681245,0.723805,0.1096
0,0,0.771528,-0.460712,0.438735
0,0,-0.472971,-0.194792,0.859276
0,0,-0.538577,-0.405316,0.738684
0,0,-0.932077,0.109292,0.34538
0,0,-0.171006,0.947307,0.270861
0,0,0.12171,-0.973353,0.194348
0,0,0.198457,0.975436,0.0955957
0,0,-0.400624,0.748616,0.528276
0,0,0.959315,-0.255411,0.120333
0,0,-0.156078,-0.79094,0.591653
0,0,0.463229,-0.61792,0.63529
0,0,0.692636,0.525806,0.493744
0,0,0.113062,0.518847,0.847358
0,0,0.258234,-0.798731,0.543455
0,0,0.809794,-0.226852,0.541085
0,0,-0.145858,-0.93772,0.315287
0,0,-0.238601,0.964803,0.110562
0,0,0.00845325,-0.744122,0.66799
0,0,-0.410685,0.696137,0.588839
0,0,-0.277367,-0.925921,0.256392
0,0,0.847969,0.252852,0.465847
0,0,-0.61013,0.544371,0.575675
0,0,-0.314605,0.685694,0.656389
0,0,-0.578166,-0.666323,0.47089
0,0,0.895807,-0.405295,0.18239
0,0,0.856612,-0.514273,0.0416974
0,0,0.581679,-0.81303,0.0251331
0,0,0.616843,0.428495,0.660225
0,0,-0.677162,-0.365589,0.638589
0,0,0.974832,0.13497,0.177443
0,0,-0.817742,-0.490853,0.300603
0,0,0.524745,0.0530905,0.849602
0,0,0.636588,-0.0724864,0.76779
0,0,-0.207911,-0.651122,0.72994
0,0,-0.43742,0.255287,0.86226
0,0,0.645852,-0.0536508,0.761575
0,0,0.256021,0.328672,0.909081
0,0,-0.451309,-0.545681,0.706083
0,0,-0.76294,0.355185,0.540154
0,0,0.030336,-0.81083,0.584495
0,0,0.198783,0.805106,0.558829
0,0,-0.365832,-0.894051,0.258535
0,0,-0.532718,0.670293,0.516642
0,0,-0.0850429,0.525916,0.846274
0,0,0.204781,0.680503,0.703548
0,0,-0.132977,-0.96606,0.22146
0,0,-0.871139,-0.319299,0.373048
0,0,0.329417,0.933242,0.143333
23.9821,34.6802,-0.717167,-0.68809,-0.110467
0,0,-0.6831,0.154676,0.713758
0,0,-0.107882,0.934551,0.339081
0,0,-0.143428,-0.645813,0.749903
0,0,-0.787645,-0.590495,0.175869
0,0,-0.91257,0.338413,0.229547
0,0,-0.559593,-0.00757787,0.828733
0,0,0.408336,-0.834756,0.369383
0,0,-0.503165,-0.378421,0.776931
0,0,0.111696,0.577449,0.80875
0,0,-0.438425,-0.733976,0.518712
0,0,-0.560248,0.702845,0.438327
0,0,0.593458,-0.380236,0.709386
0,0,-0.854997,0.225998,0.466803
0,0,-0.491143,-0.525175,0.69496
0,0,-0.540569,0.0262431,0.84089
0,0,0.113125,0.973812,0.197213
0,0,-0.0131636,-0.838618,0.544562
0,0,0.11717,0.991165,0.0621574
0,0,-0.00888736,0.923145,0.384348
0,0,-0.962146,-0.270931,0.0295235
23.3415,30.6335,-0.280237,0.44006,0.85312
23.8909,32.8037,-0.718146,-0.691718,0.0761147
0,0,0.955108,-0.293366,0.0412818
16.0007,23.9736,0.1295,-0.16094,0.978431
0,0,-0.169226,0.551378,0.816912
0,0,-0.684062,-0.711449,0.160935
0,0,0.787593,0.329136,0.520928
0,0,0.152301,0.756353,0.636188
0,0,0.363499,-0.906393,0.215221
0,0,0.799619,-0.470615,0.373002
0,0,-0.364316,-0.485339,0.794808
0,0,0.443384,-0.41476,0.794597
0,0,0.800846,0.482091,0.355294
0,0,0.10591,-0.963756,0.244864
0,0,0.673345,0.698776,0.241492
0,0,0.594327,-0.798672,0.0943346
0,0,-0.891916,-0.450517,0.0389903
0,0,0.29192,0.825034,0.48384
0,0,0.268404,-0.555454,0.787039
0,0,0.386697,-0.062227,0.920105
17.3113,24.3319,-0.859919,-0.357903,-0.363929
0,0,-0.520288,0.848607,0.0957415
0,0,-0.0203213,-0.50153,0.864901
0,0,0.137038,0.580638,0.802546
0,0,0.241618,0.954515,0.174708
0,0,0.305901,0.951464,0.0337792
0,0,0.544167,-0.836841,0.0598259
0,0,0.305555,-0.878862,0.366386
0,0,0.539624,-0.0755652,0.838508
0,0,0.0121665,0.990695,0.135556
0,0,0.754066,-0.465669,0.463182
0,0,-0.425127,-0.743327,0.51646
0,0,0.708012,0.375734,0.597949
0,0,0.950266,0.300724,0.0809903
0,0,-0.0637488,-0.881333,0.468175
0,0,-0.54542,-0.45057,0.706756
0,0,0.262007,-0.871177,0.415215
0,0,0.113085,0.595236,0.795554
0,0,-0.394072,-0.910057,0.128467
0,0,-0.702213,0.107766,0.703764
0,0,0.756657,-0.601143,0.257094
0,0,-0.322757,-0.799006,0.507364
0,0,0.281653,0.309503,0.908229
0,0,0.802215,0.0253113,0.596498
0,0,-0.901132,-0.0658011,0.428522
0,0,0.112205,-0.879442,0.462593
0,0,-0.679908,-0.707708,0.192029
0,0,-0.621078,-0.0120558,0.783656
0,0,0.190717,-0.0437669,0.980669
0,0,-0.592017,0.517354,0.617948
0,0,0.00711948,0.386566,0.922234
0,0,0.38688,-0.0962015,0.917098
0,0,0.903987,-0.411891,0.114693
0,0,0.291642,-0.180877,0.93927
0,0,0.937657,0.342455,0.0593677
0,0,0.934807,0.088223,0.344025
0,0,0.449129,0.830016,0.330691
0,0,-0.311553,-0.823138,0.474741
0,0,-0.563755,-0.778443,0.276054
0,0,0.22023,-0.884254,0.411817
0,0,0.00411724,-0.0302584,0.999534
0,0,0.494092,0.23905,0.8359
0,0,0.857809,-0.266703,0.439355
0,0,-0.4956,0.172756,0.851197
0,0,0.897605,-0.3123,0.311084
0,0,0.88561,0.260904,0.384218
0,0,0.914287,0.271046,0.301022
0,0,0.23436,0.971284,0.0410194
0,0,-0.143099,0.779683,0.609605
0,0,0.661433,-0.744679,0.0892162
0,0,0.812554,0.567367,0.133607
0,0,0.42552,0.899222,0.101654
0,0,-0.849847,0.1228,0.512523
0,0,0.0497189,0.987296,0.150915
0,0,0.0358392,-0.995529,0.0873942
0,0,-0.120165,-0.992276,0.0307916
0,0,-0.00543845,0.837118,0.546995
0,0,-0.469297,0.272842,0.839832
0,0,-0.899834,0.303547,0.313302
0,0,-0.474359,-0.418977,0.774237
0,0,-0.372913,0.836529,0.401441
0,0,0.874048,0.122435,0.47016
0,0,0.100399,-0.301368,0.948208
0,0,0.175368,-0.950185,0.257671
0,0,-0.645199,-0.430749,0.63101
0,0,0.860594,0.394228,0.322431
24.0295,35.3375,-0.58668,0.435089,0.683011
0,0,-0.888724,-0.261284,0.376697
0,0,-0.135457,0.865037,0.483076
0,0,0.446226,-0.839607,0.309745
0,0,0.10276,0.941839,0.319969
0,0,0.6119,-0.736542,0.288242
0,0,-0.129543,0.901184,0.413625
0,0,-0.197745,0.392236,0.898359
0,0,0.135485,0.667689,0.732008
0,0,0.72115,0.290373,0.628988
0,0,0.9084,0.284365,0.306506
0,0,-0.422743,0.734355,0.531046
0,0,-0.978038,-0.0167918,0.207751
0,0,-0.459976,0.55253,0.695078
0,0,-0.74431,-0.449697,0.493736
0,0,-0.608454,-0.529396,0.591205
0,0,-0.0776515,-0.509631,0.856882
0,0,0.998734,-0.0409098,0.0292743
0,0,-0.0125307,-0.561259,0.827545
0,0,0.75638,-0.470668,0.454269
0,0,-0.748841,0.480536,0.456424
0,0,-0.0833309,0.438636,0.894793
0,0,-0.588012,-0.728171,0.352148
0,0,-0.710462,0.180078,0.680306
0,0,-0.737202,0.604333,0.302185
0,0,-0.0276167,0.964618,0.262201
0,0,-0.204311,0.815292,0.541808
0,0,-0.618404,-0.442556,0.6494
0,0,-0.326485,0.89902,0.291841
20.0398,27.438,0.766601,0.0733555,0.63792
0,0,-0.615653,-0.23486,0.752205
0,0,-0.40684,-0.825373,0.391459
0,0,0.148081,-0.647156,0.747837
0,0,0.489075,-0.85207,0.186502
7.57751,10.8921,0.122359,-0.147473,0.981468
0,0,0.916154,0.379563,0.128819
0,0,0.797469,-0.572642,0.190065
0,0,-0.0148101,0.393941,0.919016
0,0,-0.876082,-0.419527,0.237648
0,0,0.124614,-0.257597,0.958183
0,0,-0.23745,-0.473405,0.848237
0,0,-0.240355,0.490852,0.837433
0,0,0.89876,-0.140502,0.415319
0,0,-0.931565,-0.137979,0.336375
0,0,0.978877,-0.196442,0.0566629
0,0,-0.474143,0.879564,0.0394441
0,0,0.740518,0.350454,0.573424
0,0,-0.983516,-0.102119,0.149226
0,0,-0.046542,0.20241,0.978194
0,0,0.0154438,0.406485,0.913527
0,0,-0.994696,0.0934,0.0430769
0,0,0.865152,0.379547,0.327804
0,0,0.695613,-0.333481,0.636328
0,0,-0.330042,-0.391159,0.859108
0,0,-0.421388,-0.90629,0.0327282
0,0,0.940829,0.208503,0.267147
0,0,-0.237096,-0.824754,0.513387
0,0,-0.0258488,-0.93778,0.346266
0,0,0.592375,-0.00112106,0.805662
0,0,0.546851,0.294228,0.783827
0,0,-0.505059,-0.139639,0.851714
0,0,0.358706,-0.900212,0.246877
0,0,-0.00906402,-0.908525,0.417732
0,0,-0.87126,-0.202503,0.447101
0,0,0.603703,0.357726,0.712443
0,0,-0.375852,-0.377488,0.846308
0,0,-0.756258,-0.63979,0.136902
0,0,-0.556081,0.611775,0.562589
0,0,-0.0456061,-0.986829,0.155204
0,0,-0.396208,0.239566,0.886356
0,0,0.0700759,0.989277,0.12814
0,0,0.906847,-0.253859,0.336429
0,0,-0.714706,-0.322636,0.620565
0,0,-0.0264589,-0.268247,0.962987
0,0,0.481556,0.783384,0.392955
0,0,-0.654033,-0.346795,0.67229
0,0,0.464773,-0.843508,0.269223
0,0,0.154979,-0.822901,0.54664
0,0,-0.184274,0.952147,0.243841
0,0,0.261908,0.108302,0.958997
0,0,0.682723,0.0781396,0.726487
0,0,0.281588,-0.768926,0.573987
0,0,-0.81498,0.404964,0.414502
0,0,0.437819,0.830588,0.344148
0,0,0.311068,0.872938,0.375788
0,0,0.146353,0.121813,0.981704
0,0,-0.386531,-0.661723,0.642431
0,0,-0.407663,0.798038,0.443787
0,0,0.244481,-0.831369,0.499053
0,0,0.221215,0.946037,0.236809
0,0,-0.6302,-0.0359309,0.775601
0,0,-0.455835,0.48822,0.744215
0,0,-0.714095,-0.433411,0.549749
0,0,-0.289899,0.86036,0.419213
0,0,-0.142439,-0.944143,0.29716
0,0,0.506786,0.467692,0.724177
4.51019,7.26376,0.600912,0.0490048,0.797812
0,0,-0.893288,0.292325,0.341442
0,0,0.0360329,-0.116478,0.992539
0,0,-0.78053,0.508701,0.363312
0,0,0.429946,0.776214,0.461128
0,0,-0.0644267,0.970497,0.232347
0,0,0.365552,-0.290053,0.884444
13.6884,21.3381,0.2486,0.527218,0.812551
0,0,0.0156249,-0.924674,0.38044
0,0,-0.262272,-0.72269,0.639478
0,0,0.947101,-0.191707,0.257386
0,0,0.118058,-0.900598,0.418313
0,0,-0.866718,0.484533,0.118434
0,0,-0.902663,0.148775,0.403814
0,0,-0.352804,-0.881235,0.31457
0,0,-0.673459,-0.125922,0.728421
0,0,0.590106,0.491795,0.640244
0,0,-0.232238,-0.933569,0.272972
0,0,-0.116541,0.134495,0.984037
0,0,-0.898906,0.294733,0.324192
0,0,0.383845,-0.899847,0.207214
0,0,0.433162,0.897753,0.080062
0,0,-0.605648,-0.580306,0.544459
0,0,0.453918,-0.890863,0.0179054
0,0,0.92611,0.37685,0.0174288
0,0,-0.631814,0.634647,0.44501
0,0,-0.809096,-0.194576,0.55453
0,0,-0.356058,-0.117114,0.927096
0,0,-0.636625,-0.577505,0.511074
0,0,0.387892,0.157768,0.908102
0,0,0.764145,-0.594553,0.250178
0,0,0.108305,0.850845,0.514133
0,0,0.339293,0.840342,0.422736
0,0,0.737993,0.330381,0.5884
0,0,-0.565356,0.43276,0.702205
0,0,0.0166857,0.0580198,0.998176
0,0,-0.907056,-0.350246,0.233617
0,0,-0.231939,-0.279047,0.931846
0,0,-0.201505,-0.750517,0.629381
0,0,0.852269,0.456111,0.256127
0,0,-0.744314,-0.667702,0.0130934
0,0,-0.654286,-0.674115,0.342752
0,0,-0.819417,0.490729,0.296209
0,0,-0.804453,-0.491329,0.333844
0,0,-0.86385,0.123646,0.488338
0,0,0.914028,0.254308,0.316038
0,0,0.859365,0.0058138,0.511329
0,0,0.608184,-0.568939,0.553553
0,0,0.999429,-0.0235014,0.0242934
0,0,0.0454028,0.650436,0.758203
0,0,-0.986962,0.153378,0.0488008
0,0,0.578514,0.0454488,0.814405
0,0,-0.942676,0.180252,0.280841
0,0,0.773391,-0.625938,0.100341
0,0,-0.220846,0.807576,0.546854
0,0,0.627531,-0.667356,0.40105
0,0,-0.385102,0.872087,0.301928
0,0,-0.18261,-0.955457,0.231852
0,0,-0.417677,-0.676871,0.606129
0,0,0.207859,0.445827,0.870651
0,0,0.770001,0.304155,0.560881
0,0,-0.931326,-0.276609,0.236896
0,0,0.108087,-0.84822,0.518497
0,0,0.446145,0.891554,0.078012
0,0,0.853628,-0.516338,0.0686626
0,0,-0.580407,0.752556,0.311105
0,0,-0.966983,-0.0821904,0.241224
0,0,0.852788,-0.497051,0.160291
0,0,0.956296,-0.0596702,0.286246
0,0,0.692355,-0.0479676,0.71996
0,0,0.304185,0.743384,0.595695
19.7236,28.5096,-0.0159374,0.0423322,0.998976
0,0,0.943556,-0.0973209,0.316592
0,0,-0.724032,-0.568556,0.39054
0,0,-0.789002,0.149078,0.596029
0,0,-0.745025,-0.634561,0.205596
0,0,0.017889,-0.502957,0.864126
0,0,0.781302,-0.0201506,0.623828
0,0,0.08169,-0.967229,0.240404
0,0,0.0351059,-0.890641,0.45335
0,0,-0.433326,-0.901038,0.0189799
0,0,0.874095,-0.462669,0.147973
0,0,-0.512726,-0.174773,0.840575
0,0,0.790663,-0.545566,0.277866
0,0,-0.690558,0.719665,0.0721943
0,0,-0.907629,0.218125,0.358652
0,0,0.0863207,-0.597958,0.796866
0,0,-0.715132,0.511493,0.476404
0,0,-0.315211,-0.942324,0.112548
0,0,0.296112,0.752514,0.588252
0,0,-0.610304,0.281186,0.740583
0,0,0.581779,0.761444,0.285896
0,0,-0.192425,-0.495828,0.846833
0,0,0.525834,0.711578,0.466
0,0,-0.547283,-0.801795,0.240013
0,0,0.0849633,-0.97081,0.224298
0,0,0.14605,0.736706,0.660252
0,0,0.800564,0.576813,0.162436
0,0,-0.38956,-0.618829,0.682124
0,0,0.720925,0.486382,0.49366
0,0,-0.263714,0.456466,0.849761
0,0,-0.212866,-0.964669,0.155247
4.30536,5.76661,-0.516916,-0.0913614,0.851147
0,0,0.510161,-0.738576,0.440728
0,0,-0.77782,0.0192196,0.628193
0,0,-0.476617,-0.761261,0.439679
0,0,-0.286829,-0.65662,0.697552
0,0,-0.620271,-0.780917,0.0737012
0,0,-0.843758,0.509409,0.169039
0,0,-0.148369,0.47103,0.86955
0,0,-0.93649,-0.176003,0.30333
0,0,0.0136744,-0.663211,0.748307
0,0,0.833291,-0.552796,0.00649213
0,0,-0.920512,0.104254,0.376549
0,0,-0.177106,-0.0137706,0.984095
0,0,0.699698,-0.714341,0.0117772
0,0,-0.692174,-0.0894397,0.716167
0,0,0.536638,-0.667534,0.516157
0,0,-0.3463,-0.911283,0.222798
0,0,-0.73826,0.483449,0.470371
0,0,0.178574,0.949141,0.259311
0,0,-0.109124,-0.851064,0.513596
0,0,0.705902,-0.708283,0.00615424
0,0,0.454166,-0.267937,0.849673
0,0,0.56342,-0.67964,0.469731
0,0,-0.229493,-0.962061,0.147548
0,0,0.788025,-0.613615,0.0499257
0,0,-0.141079,-0.8546,0.499755
0,0,0.284403,-0.943785,0.168477
0,0,0.00478084,0.500892,0.865497
0,0,0.858518,-0.49577,0.130993
0,0,0.749025,0.0913003,0.65622
0,0,0.568035,-0.822999,0.00281842
0,0,-0.0589177,0.47169,0.879794
0,0,0.376931,0.10025,0.9208
0,0,0.819521,0.0808058,0.567323
0,0,-0.889288,-0.424339,0.170596
0,0,0.953478,0.0312559,0.299836
0,0,0.676308,-0.239955,0.69644
0,0,-0.927685,-0.349401,0.131607
0,0,0.85726,-0.282518,0.430451
0,0,-0.30434,-0.895332,0.325203
0,0,0.508875,0.747882,0.426286
0,0,-0.77164,0.545195,0.327619
0,0,-0.886044,-0.26111,0.383078
0,0,0.822407,0.553416,0.131821
0,0,-0.689321,0.71349,0.125572
0,0,-0.567171,0.468256,0.677535
0,0,-0.574902,-0.799608,0.173534
0,0,0.80194,-0.407112,0.437209
0,0,0.226637,0.912615,0.34025
0,0,0.875943,0.33474,0.34738
0,0,0.28386,0.847723,0.448095
0,0,0.105854,-0.951225,0.28977
6.25569,8.88023,-0.696167,-0.0185029,0.717641
0,0,0.58481,0.653345,0.480767
0,0,-0.872198,-0.421826,0.247656
0,0,-0.471738,-0.358335,0.805642
0,0,0.119503,0.895659,0.428385
0,0,-0.330093,0.0534637,0.942433
0,0,0.329439,0.193838,0.924065
0,0,0.601982,-0.426237,0.675233
0,0,0.200177,-0.97905,0.0372987
0,0,0.518925,-0.837926,0.169104
0,0,0.549485,0.229911,0.803248
0,0,0.00793948,0.865177,0.501404
0,0,0.106053,0.111795,0.988056
0,0,0.889391,0.0487821,0.454536
0,0,0.322623,0.360448,0.875209
0,0,-0.648582,0.647962,0.399357
20.7519,31.9055,-0.0360062,0.350749,0.935777
0,0,-0.971651,0.195432,0.133046
0,0,-0.438658,-0.885347,0.154075
0,0,0.186289,0.191426,0.963666
0,0,0.73928,-0.5164,0.432199
0,0,0.722641,-0.429028,0.541964
0,0,-0.595443,0.149126,0.789436
0,0,-0.0328155,-0.818078,0.574171
0,0,0.020127,-0.924201,0.381375
0,0,0.329613,0.198904,0.922926
0,0,0.149346,0.791717,0.592352
0,0,0.665182,0.740376,0.096829
0,0,-0.115099,-0.992577,0.0392921
0,0,0.880208,0.139113,0.453742
0,0,-0.81984,0.135181,0.556406
0,0,-0.942334,0.263867,0.205867
0,0,0.574474,-0.818013,0.0288756
0,0,-0.915266,0.207948,0.345031
0,0,0.111194,0.420484,0.90046
0,0,0.509429,-0.815112,0.275817
0,0,0.822013,-0.51522,0.242575
0,0,0.676469,-0.634178,0.374444
0,0,-0.408512,0.703885,0.581088
0,0,0.618633,0.451306,0.64313
0,0,0.719001,0.683989,0.123272
0,0,0.12303,0.530572,0.838664
0,0,-0.130222,0.484301,0.865156
0,0,-0.721438,-0.59801,0.349157
0,0,-0.167867,0.694706,0.699431
0,0,0.189876,0.709746,0.678386
0,0,0.700422,-0.657957,0.276589
0,0,-0.675395,-0.726314,0.127705
0,0,0.284964,-0.937626,0.19913
0,0,-0.756323,0.653743,0.0244248
0,0,-0.520849,0.11409,0.84599
0,0,-0.0640607,0.768808,0.636264
0,0,-0.980759,0.180504,0.0743629
0,0,0.958778,-0.105797,0.263726
0,0,-0.274669,-0.607832,0.745049
0,0,0.371015,0.351883,0.859376
0,0,0.8174,0.575926,0.012872
0,0,-0.989366,-0.0304828,0.142216
0,0,-0.397764,-0.0692285,0.914872
18.9165,28.1434,-0.04101,-0.321829,0.945909
0,0,-0.731975,0.36396,0.575974
0,0,0.196045,0.796049,0.572602
0,0,-0.741992,-0.218797,0.6337
0,0,0.23525,0.715268,0.658065
0,0,0.517643,-0.715583,0.469028
0,0,-0.681349,-0.266296,0.681799
0,0,0.32629,-0.0436681,0.94426
0,0,-0.6433,0.435402,0.629754
0,0,0.352838,0.933217,0.0679068
0,0,0.131205,0.842794,0.521999
0,0,-0.393812,-0.755654,0.523353
0,0,0.245597,0.185143,0.951527
0,0,0.258012,0.827802,0.49817
0,0,-0.475373,-0.798737,0.368836
0,0,0.164758,0.966493,0.19684
0,0,0.168759,0.515874,0.839878
0,0,-0.424258,-0.0133265,0.905443
0,0,-0.877473,0.418599,0.234126
0,0,-0.441371,0.148851,0.884892
0,0,0.665687,0.493091,0.560109
0,0,-0.192541,-0.432061,0.881051
0,0,0.062503,0.63975,0.766037
0,0,0.48912,0.682978,0.542497
0,0,0.745523,0.440182,0.500436
0,0,0.488167,0.333222,0.806633
0,0,-0.9679,-0.0423897,0.247735
0,0,0.573325,-0.0885674,0.814527
0,0,-0.78919,-0.567375,0.235087
0,0,-0.588219,0.767137,0.255928
0,0,-0.747007,0.658574,0.0908864
0,0,0.93378,0.291339,0.207788
0,0,-0.556483,-0.782737,0.278656
0,0,0.31965,0.897072,0.3051
0,0,0.173316,-0.238665,0.955511
0,0,-0.905645,-0.420561,0.0541732
0,0,0.73795,0.57753,0.349127
0,0,0.57291,0.767579,0.287397
0,0,-0.221717,0.941914,0.252268
0,0,0.284863,-0.955849,0.0721473
0,0,-0.52026,-0.785231,0.335771
0,0,-0.911084,0.0764318,0.405072
0,0,-0.275216,-0.36888,0.887797
0,0,0.481287,0.290289,0.8271
0,0,0.506437,0.862229,0.00906127
0,0,-0.390241,-0.501972,0.771839
0,0,0.933176,-0.269382,0.237943
0,0,-0.821757,-0.405522,0.400334
0,0,-0.305981,0.527841,0.792313
0,0,0.474307,0.880358,0.00188427
0,0,0.036162,0.678261,0.733931
0,0,0.386178,-0.681934,0.621154
0,0,0.293088,0.872772,0.390343
0,0,0.248685,0.755904,0.605611
0,0,0.0438938,-0.731286,0.680657
0,0,0.966673,-0.171045,0.190491
0,0,-0.208243,-0.799024,0.564088
0,0,-0.18051,-0.299505,0.936863
0,0,0.0548911,-0.386756,0.920547
0,0,-0.410666,0.887716,0.208118
0,0,-0.336921,0.940823,0.0365563
0,0,-0.464586,0.0737208,0.882454
0,0,0.246017,-0.199021,0.948613
0,0,-0.0561802,-0.722257,0.689339
0,0,-0.288817,-0.737598,0.610355
0,0,-0.184445,-0.61962,0.762923
0,0,0.594865,0.720725,0.355938
0,0,0.6258,-0.690441,0.362857
0,0,0.594351,-0.33706,0.730163
0,0,0.561175,0.24162,0.791646
0,0,0.535516,-0.648768,0.540668
0,0,-0.367404,0.825959,0.427559
0,0,0.215662,-0.26781,0.939025
0,0,0.99218,0.0172682,0.123613
0,0,0.525628,0.15046,0.837304
0,0,0.465529,0.62126,0.630333
0,0,0.48564,0.854011,0.186596
0,0,0.939128,-0.343516,0.00600621
0,0,-0.908129,-0.389595,0.153356
0,0,0.69096,-0.71457,0.109378
0,0,-0.887803,0.151246,0.434662
19.8418,31.772,-0.433798,-0.0682072,0.898425
0,0,-0.784179,-0.610527,0.110998
0,0,-0.376925,0.887431,0.265317
0,0,0.485032,-0.47182,0.736294
0,0,-0.267952,0.953606,0.137251
0,0,-0.11623,0.943114,0.31149
0,0,-0.722686,-0.219144,0.655516
0,0,0.202772,0.612231,0.764236
0,0,0.684664,0.632645,0.361933
0,0,-0.314407,-0.382993,0.868599
0,0,0.920331,-0.239235,0.309447
0,0,-0.405681,-0.913982,0.00766107
0,0,0.416519,0.268088,0.868701
0,0,-0.131767,-0.286078,0.949103
0,0,-0.766835,-0.297728,0.568614
0,0,-0.958588,-0.269679,0.0915557
0,0,-0.911726,0.395349,0.111601
0,0,-0.531452,0.831017,0.164224
0,0,-0.55852,-0.0123578,0.829399
0,0,0.0452709,0.998658,0.0251429
0,0,-0.40647,0.238804,0.881904
0,0,0.42198,-0.622789,0.658837
0,0,-0.350518,-0.718144,0.601171
0,0,-0.946797,-0.175794,0.269579
0,0,-0.110366,0.600127,0.792254
0,0,0.966426,-0.147695,0.210254
0,0,0.78927,-0.0304342,0.613291
0,0,0.0184765,-0.917451,0.39742
0,0,0.902894,0.166723,0.396214
0,0,0.994411,0.104537,0.0147939
0,0,-0.426066,-0.505288,0.750435
0,0,-0.561463,-0.632799,0.533221
0,0,-0.749478,-0.661441,0.0279145
0,0,-0.893542,-0.276788,0.353512
0,0,0.51201,0.538067,0.669575
0,0,-0.655803,0.700336,0.281874
0,0,0.152357,0.667655,0.728714
0,0,0.00896028,-0.825894,0.563754
0,0,-0.765266,-0.474537,0.434952
0,0,-0.39599,0.917828,0.0280081
0,0,0.989695,-0.125945,0.0681264
0,0,-0.903043,-0.252457,0.347532
0,0,0.51074,0.542079,0.667305
0,0,-0.491793,-0.36191,0.791935
0,0,0.674769,0.7371,0.0370349
0,0,-0.279099,0.925814,0.254897
0,0,-0.47984,-0.554528,0.679891
0,0,-0.40022,0.826963,0.394913
0,0,-0.340418,-0.841197,0.420123
0,0,0.640458,0.767324,0.0320649
0,0,-0.945476,0.104026,0.308631
0,0,-0.922654,-0.288509,0.255874
0,0,-0.564667,-0.591423,0.575648
0,0,0.0234857,0.575814,0.817243
0,0,-0.272386,0.52519,0.806214
0,0,-0.375324,0.666621,0.64401
0,0,-0.499136,0.214523,0.83955
0,0,-0.666637,0.740266,0.0871877
0,0,0.605668,0.285964,0.742557
0,0,0.319668,-0.658616,0.681203
0,0,-0.326835,-0.918223,0.223707
0,0,-0.877508,0.137861,0.459319
0,0,-0.514572,-0.85743,0.00549402
0,0,-0.650427,-0.365332,0.665941
0,0,-0.480928,0.462854,0.744631
0,0,0.653068,-0.655966,0.378432
0,0,0.11319,0.83683,0.535633
0,0,-0.0537145,0.701518,0.710625
0,0,-0.232876,0.899029,0.37083
0,0,-0.435311,0.900031,0.0211889
0,0,0.811851,0.583637,0.0163027
0,0,-0.180346,-0.258047,0.949151
0,0,-0.2747,-0.857693,0.434629
18.7222,24.7598,0.957677,-0.0760896,0.277606
0,0,-0.407266,0.198505,0.891476
0,0,0.804878,0.160053,0.57145
0,0,0.608544,-0.666825,0.430138
0,0,0.250298,0.636416,0.729607
0,0,0.491548,-0.117586,0.862875
0,0,-0.824334,0.522347,0.218236
0,0,0.0680652,-0.992746,0.0991063
0,0,-0.47192,-0.856502,0.209033
0,0,0.14392,0.599367,0.78743
0,0,0.0495337,0.974535,0.218697
0,0,0.401601,-0.120767,0.907817
0,0,0.227082,-0.29954,0.926666
0,0,-0.316573,0.637834,0.702104
0,0,-0.735257,0.649322,0.194367
0,0,-0.421288,-0.550406,0.720812
0,0,-0.851974,0.0482885,0.521352
0,0,0.584478,0.372939,0.720626
0,0,-0.573165,-0.481636,0.662954
0,0,0.183258,-0.408407,0.894215
0,0,-0.515047,0.846623,0.134002
0,0,-0.707687,-0.54701,0.447167
0,0,0.118621,0.451303,0.884451
0,0,0.29481,-0.141639,0.945
0,0,-0.832893,0.31495,0.455077
0,0,0.828023,-0.560592,0.0107304
0,0,-0.258114,-0.0148472,0.966
0,0,0.431804,-0.888548,0.15501
0,0,-0.148009,-0.847572,0.509622
0,0,0.931091,-0.0318542,0.363393
0,0,0.319081,-0.726779,0.608259
0,0,0.739928,0.0707211,0.668958
0,0,0.689517,-0.10633,0.716421
0,0,-0.987768,0.155743,0.00759514
0,0,0.080988,0.452883,0.887884
0,0,0.247362,0.777212,0.578579
0,0,-0.0794375,-0.996802,0.00865009
0,0,0.276417,-0.934893,0.222639
0,0,0.0490194,0.00184234,0.998796
0,0,0.71713,-0.696616,0.0212203
0,0,0.176818,-0.953825,0.242804
0,0,0.556476,-0.543177,0.628724
0,0,-0.489774,0.461977,0.73939
0,0,-0.570209,-0.320738,0.756299
0,0,0.155707,-0.23831,0.958626
0,0,-0.810338,-0.498802,0.307487
0,0,0.44441,0.322106,0.835911
0,0,-0.789932,-0.179662,0.586283
0,0,0.601183,0.796958,0.0586302
0,0,-0.990846,0.0841616,0.105547
0,0,0.0263795,0.898544,0.43809
0,0,0.838323,-0.515044,0.178726
0,0,-0.620473,-0.67185,0.404513
0,0,-0.253566,-0.682298,0.685692
0,0,-0.184468,-0.47814,0.858693
0,0,0.87562,0.448486,0.179303
0,0,-0.320964,0.629281,0.707805
0,0,-0.226996,-0.507978,0.830922
0,0,0.707438,-0.52049,0.478144
0,0,-0.10333,0.904472,0.413827
0,0,-0.389577,-0.744396,0.542313
2.57072,4.03353,-0.341388,0.18115,0.922301
0,0,-0.670105,-0.430918,0.604374
0,0,-0.589064,0.28072,0.75776
0,0,-0.0315235,0.27857,0.959898
0,0,0.821061,-0.167693,0.545653
0,0,-0.760924,0.294006,0.578407
0,0,-0.926962,-0.055035,0.371095
0,0,0.66649,-0.589856,0.455918
0,0,0.97311,-0.0791794,0.216303
0,0,-0.970501,-0.135781,0.199225
0,0,0.00234467,0.982411,0.186718
0,0,0.705723,0.708287,0.0168612
0,0,0.332806,0.942857,0.0161607
0,0,-0.607667,-0.250842,0.753538
0,0,-0.827493,-0.489705,0.274671
0,0,-0.323465,0.732889,0.598535
0,0,-0.363247,0.853421,0.373797
0,0,0.993757,-0.0905892,0.0651225
0,0,0.591189,0.0893145,0.801572
0,0,0.421687,-0.723538,0.54651
0,0,0.654086,-0.743804,0.137578
0,0,-0.569605,0.785776,0.241053
0,0,0.324148,0.554092,0.766753
0,0,-0.842266,-0.538038,0.0332225
0,0,-0.692834,0.244367,0.678429
0,0,0.685376,-0.702765,0.190736
0,0,-0.0798059,-0.919125,0.385798
0,0,-0.553817,-0.702697,0.446658
0,0,0.265998,0.957202,0.114056
0,0,-0.442402,-0.445716,0.778214
0,0,-0.206257,0.625817,0.752204
0,0,-0.273376,0.961565,0.0256352
0,0,0.106235,-0.755619,0.646339
0,0,-0.168612,-0.953863,0.248426
0,0,-0.25841,0.763937,0.591291
0,0,-0.452299,0.272259,0.849294
0,0,-0.731997,0.635336,0.246026
0,0,-0.160926,0.712085,0.683401
0,0,0.433849,-0.677808,0.593592
0,0,-0.109427,-0.337139,0.935074
0,0,-0.510365,0.635995,0.578825
0,0,-0.112722,-0.842917,0.526103
0,0,-0.998108,0.060774,0.0092806
0,0,-0.149692,0.482404,0.863064
0,0,0.581912,-0.81189,0.0470378
0,0,-0.952274,0.063994,0.298461
0,0,-0.14504,-0.980168,0.135036
0,0,0.0430264,-0.787271,0.615104
19.889,27.2709,-0.195281,-0.977237,0.082902
0,0,-0.437117,0.462689,0.771263
0,0,0.513369,-0.767852,0.383218
0,0,0.632862,-0.58982,0.501595
0,0,0.00459589,0.997492,0.0706245
0,0,0.386579,0.921082,0.0465197
0,0,-0.969317,0.0207103,0.24494
0,0,-0.603928,0.478451,0.637461
0,0,0.540785,0.161784,0.825456
0,0,0.957613,0.032211,0.286251
0,0,0.532873,-0.828985,0.169794
0,0,-0.905801,0.404851,0.124981
0,0,0.446147,0.786766,0.426558
0,0,-0.950611,0.285278,0.122294
0,0,0.351658,-0.295414,0.888295
0,0,0.595329,0.375388,0.710399
0,0,0.0702738,-0.91024,0.408075
0,0,0.19708,0.367795,0.908783
0,0,0.492553,-0.58309,0.646064
0,0,-0.712644,-0.164075,0.682069
0,0,0.467575,-0.877636,0.105491
0,0,0.839512,0.333347,0.429068
0,0,0.107173,-0.384097,0.917052
0,0,0.747492,0.656602,0.100642
0,0,-0.339435,0.596801,0.727057
0,0,-0.426223,-0.404119,0.809335
0,0,-0.771992,-0.495542,0.398078
0,0,-0.918372,0.117919,0.37774
0,0,0.437618,0.879445,0.187261
0,0,0.514503,-0.821912,0.244434
0,0,-0.279067,0.844097,0.457845
0,0,0.41176,-0.705851,0.576392
0,0,0.810152,-0.0706914,0.581942
0,0,-0.0410745,0.787314,0.615183
0,0,0.670908,-0.741202,0.0224029
15.4676,20.6181,0.481404,0.497756,0.721449
0,0,0.964785,-0.207381,0.161809
0,0,0.345739,-0.719117,0.602772
0,0,-0.0954879,0.976959,0.190876
0,0,-0.333393,-0.916149,0.222532
0,0,-0.858813,-0.441007,0.260679
0,0,-0.116753,0.544722,0.83045
0,0,0.25517,0.444413,0.858712
0,0,0.626493,-0.55464,0.547613
0,0,-0.342324,-0.910961,0.230141
0,0,-0.19023,-0.805463,0.561286
0,0,-0.868229,-0.198895,0.454553
0,0,0.689262,-0.337374,0.641168
0,0,-0.584075,0.739482,0.334699
0,0,-0.900332,0.429537,0.0700012
0,0,0.0821766,-0.994132,0.070346
0,0,0.741556,0.146101,0.654789
0,0,-0.56533,-0.327007,0.757277
0,0,0.698756,0.245049,0.672079
0,0,-0.844953,-0.530954,0.0643674
0,0,-0.949395,0.149453,0.276247
0,0,0.178654,0.951248,0.251414
0,0,0.708901,0.0472565,0.703724
0,0,-0.66865,-0.244068,0.702381
0,0,-0.830819,-0.0738419,0.551622
12.7323,18.8227,0.299552,-0.316292,0.900127
0,0,-0.0230123,0.996299,0.0828143
0,0,0.778831,-0.489984,0.391583
0,0,0.472738,-0.455203,0.754525
0,0,-0.510724,-0.61524,0.600534
0,0,-0.212709,-0.905484,0.367225
0,0,-0.25463,-0.789729,0.558115
0,0,0.0905816,-0.674879,0.732348
0,0,-0.716011,-0.550321,0.429505
0,0,-0.323382,-0.819746,0.472695
0,0,0.329365,-0.820743,0.466797
0,0,0.105151,-0.980562,0.165657
0,0,0.355051,0.882009,0.309836
0,0,-0.117482,-0.839854,0.529946
0,0,-0.262579,0.419049,0.869167
0,0,0.246158,0.807235,0.536449
0,0,0.587867,0.122793,0.799584
0,0,0.0548796,-0.531716,0.845143
23.978,34.1975,0.600803,0.413753,-0.683992
0,0,-0.843028,0.532916,0.0728307
0,0,-0.523352,0.373452,0.765922
0,0,0.972088,0.177952,0.152901
0,0,0.575855,0.383819,0.721854
0,0,-0.07775,-0.560228,0.824681
0,0,0.0713698,-0.323832,0.943419
0,0,-0.655473,0.61334,0.440647
0,0,-0.718632,-0.481777,0.501457
0,0,0.517915,0.452932,0.725684
0,0,0.158892,0.676874,0.718745
0,0,-0.514469,-0.843589,0.153879
0,0,-0.351396,-0.925347,0.142313
0,0,-0.585927,0.809804,0.0301209
0,0,0.99843,-0.0227996,0.0511657
0,0,0.874447,0.262695,0.407841
0,0,0.337174,0.923673,0.182046
0,0,0.637078,0.198583,0.744779
0,0,0.227897,-0.716067,0.659781
0,0,-0.630306,-0.755167,0.1801
0,0,-0.862626,0.370752,0.344122
0,0,-0.540035,0.455134,0.707965
0,0,0.878503,-0.415295,0.236141
0,0,-0.61059,-0.721663,0.326163
0,0,-0.417469,0.319633,0.85062
0,0,0.462584,-0.406191,0.788051
0,0,-0.504716,-0.649732,0.568427
0,0,0.869705,-0.320654,0.375226
0,0,-0.0639306,0.703607,0.707708
0,0,0.646547,0.639931,0.415288
0,0,0.938483,-0.29636,0.177255
0,0,0.229935,0.51156,0.827911
0,0,-0.590844,0.795672,0.133452
0,0,0.528394,0.701417,0.478346
0,0,0.925551,-0.022568,0.37795
0,0,0.0453424,0.403413,0.913894
0,0,0.750579,0.0790285,0.656038
0,0,0.623741,0.775597,0.0969402
0,0,-0.612543,0.770217,0.177643
0,0,0.520803,-0.825117,0.218968
0,0,0.732865,-0.645893,0.213849
0,0,-0.958545,-0.284942,8.5104e-05
0,0,-0.0624867,-0.956297,0.285641
0,0,-0.319792,-0.946995,0.0305702
0,0,-0.760117,0.57305,0.306326
0,0,0.581681,0.232757,0.779404
0,0,-0.199235,-0.960146,0.196025
0,0,0.440256,-0.195276,0.87638
0,0,0.659028,-0.726168,0.195862
0,0,-0.694628,0.222603,0.684061
0,0,0.0121244,0.429106,0.903173
0,0,0.955255,-0.295382,0.0153975
0,0,0.537453,-0.279394,0.795665
0,0,-0.0772491,0.990919,0.110053
0,0,0.292989,0.477345,0.828432
0,0,-0.659862,0.740925,0.124952
0,0,-0.35918,0.260444,0.896191
0,0,-0.415499,-0.398737,0.817538
0,0,-0.532663,-0.522325,0.665918
0,0,0.244549,0.94308,0.225378
0,0,0.498684,0.634603,0.590417
20.4226,28.113,-0.723243,0.592804,0.354263
0,0,-0.672242,0.449853,0.587982
0,0,-0.41322,0.908865,0.0566901
0,0,-0.173734,0.350208,0.920419
0,0,-0.638182,0.485353,0.597625
0,0,-0.236397,-0.303347,0.923091
0,0,0.838358,-0.084112,0.538591
0,0,-0.154596,-0.818215,0.553737
0,0,-0.93754,-0.0746964,0.339762
0,0,-0.446097,0.592333,0.670924
0,0,-0.157591,0.659424,0.735068
0,0,-0.819565,0.567467,0.0793338
0,0,0.613398,-0.193345,0.765742
0,0,0.443538,0.121122,0.888034
0,0,0.148307,0.362184,0.920233
0,0,-0.1521,-0.596561,0.788023
0,0,-0.946527,0.137132,0.292029
0,0,0.145864,0.735889,0.661205
0,0,-0.272124,0.837368,0.474092
0,0,-0.00535313,0.822981,0.568044
0,0,-0.231692,-0.808975,0.540258
0,0,0.646057,0.493701,0.582125
0,0,0.472625,0.877526,0.0810732
0,0,0.918343,0.29723,0.261342
0,0,0.986672,-0.0125545,0.162238
0,0,-0.233061,0.615854,0.7526
0,0,0.323064,0.877303,0.354922
0,0,0.368527,0.189315,0.910136
0,0,-0.793085,-0.485567,0.367751
0,0,0.446799,-0.841896,0.302625
0,0,-0.590982,0.712298,0.378644
0,0,0.174411,0.546777,0.818911
0,0,-0.569903,-0.304449,0.763231
0,0,0.0285562,0.999065,0.032464
0,0,0.631614,-0.502796,0.590136
0,0,-0.98072,-0.131494,0.144557
0,0,-0.363426,-0.68813,0.628011
0,0,-0.574169,0.509241,0.641096
0,0,-0.519453,-0.740364,0.42665
0,0,0.385411,-0.844303,0.372305
0,0,0.701975,0.560282,0.439676
0,0,-0.363841,0.499951,0.785919
0,0,-0.438122,-0.716101,0.543367
0,0,-0.695777,0.622934,0.357559
0,0,-0.377529,0.925816,0.0183527
0,0,-0.769161,0.628938,0.113266
0,0,-0.405959,0.688953,0.600451
0,0,0.876604,-0.0195608,0.480814
0,0,-0.854937,-0.356315,0.376991
0,0,0.299619,0.433186,0.850046
0,0,0.141815,-0.862156,0.48639
0,0,0.816057,0.211932,0.537713
0,0,0.772257,0.543055,0.329713
21.072,30.6875,-0.333449,-0.54243,0.771091
0,0,-0.258387,0.268205,0.928064
0,0,-0.355712,0.727976,0.586106
0,0,-0.221509,-0.587751,0.778128
0,0,0.287084,0.403359,0.868841
0,0,-0.188802,-0.657414,0.729494
0,0,-0.800315,0.323775,0.504644
0,0,0.699829,0.507751,0.502422
0,0,0.620124,-0.767894,0.160575
0,0,-0.141125,-0.949796,0.279234
0,0,0.878922,-0.0316313,0.475916
0,0,0.990881,0.0460975,0.126611
0,0,0.560144,0.799924,0.215312
0,0,-0.0754184,0.874023,0.479996
0,0,-0.922494,0.134218,0.361926
0,0,-0.141084,-0.874137,0.464736
0,0,0.800415,0.581398,0.145987
0,0,-0.689355,-0.676559,0.258957
0,0,0.0187365,0.891701,0.452236
0,0,0.157088,0.635589,0.755877
0,0,0.424026,-0.0137406,0.905546
0,0,0.03143,-0.496896,0.86724
0,0,0.664642,-0.659223,0.351676
0,0,-0.895624,0.328865,0.299509
0,0,0.348601,-0.928556,0.127521
0,0,-0.845418,-0.127579,0.518644
0,0,0.0705312,-0.513981,0.854897
0,0,-0.231183,-0.30938,0.922409
0,0,0.684746,-0.0861564,0.723672
0,0,-0.122176,0.401217,0.907799
0,0,0.745137,0.638277,0.193322
0,0,-0.976274,-0.0507514,0.210505
0,0,-0.368561,-0.636466,0.67755
0,0,0.172368,-0.81306,0.556078
22.6897,30.5642,-0.46378,-0.81263,0.352903
21.4019,30.9058,-0.223217,-0.225654,0.94829
0,0,-0.387615,-0.805314,0.448579
0,0,-0.821879,0.566366,0.0611886
0,0,-0.88015,-0.46762,0.0816506
0,0,-0.61697,-0.210061,0.758434
0,0,0.886322,0.0047207,0.463045
0,0,0.845777,0.533514,0.00493533
0,0,-0.322252,-0.178412,0.92969
0,0,0.425061,0.322367,0.845815
0,0,0.312176,0.941498,0.126997
22.2079,31.6448,-0.201041,0.874136,0.442118
0,0,0.479381,-0.556689,0.678448
0,0,-0.414309,-0.887646,0.201077
0,0,-0.638507,-0.589106,0.49524
0,0,-0.570988,0.546912,0.612258
0,0,0.889978,0.0729266,0.450135
0,0,-0.621388,0.417814,0.662804
0,0,0.293769,0.951131,0.0951267
0,0,0.0594267,-0.978228,0.198844
0,0,0.931926,0.24193,0.270155
0,0,0.547678,-0.338691,0.765073
16.7492,23.989,-0.00316803,0.773486,0.633806
0,0,0.201652,-0.897792,0.391544
0,0,0.102203,0.960589,0.258503
0,0,-0.536705,0.614494,0.578225
6.4331,6.98682,-0.102444,-0.397952,0.911668
0,0,-0.215475,-0.958151,0.188457
0,0,0.0183353,-0.540025,0.841449
0,0,-0.312083,0.681463,0.661976
0,0,0.462967,0.7655,0.446847
0,0,0.805859,-0.413407,0.423894
0,0,0.426854,-0.00349563,0.904314
0,0,-0.00970731,0.994968,0.099718
0,0,0.349949,0.171157,0.921
0,0,-0.85564,0.291088,0.427958
0,0,-0.89665,0.0519853,0.439678
0,0,0.389748,-0.755778,0.52621
0,0,0.986749,0.00501374,0.162179
0,0,0.312146,-0.948487,0.0541979
0,0,0.328042,0.756278,0.566067
0,0,-0.642114,0.628769,0.438565
0,0,-0.858409,0.384033,0.340077
0,0,-0.270397,-0.836971,0.475778
0,0,0.411288,-0.704094,0.578873
0,0,-0.822887,-0.395046,0.408406
0,0,-0.74695,0.448695,0.490652
0,0,0.689096,0.4833,0.539971
0,0,0.0150004,0.462242,0.886627
0,0,-0.748743,-0.557489,0.358594
0,0,-0.986731,-0.0314486,0.159287
0,0,-0.0478776,0.946891,0.317969
0,0,0.574636,-0.387427,0.720898
0,0,0.136715,0.0605567,0.988758
0,0,0.201223,0.130444,0.970821
0,0,0.102534,0.517843,0.849309
0,0,0.441065,-0.89275,0.0919712
19.57,28.409,0.48197,0.695066,0.533468
0,0,0.859882,-0.139125,0.491169
0,0,-0.805776,0.592193,0.00570513
0,0,0.848209,0.478292,0.22755
0,0,0.570412,0.816299,0.0910267
0,0,-0.159157,0.293519,0.942611
0,0,0.859581,-0.413863,0.299731
0,0,0.476947,0.834741,0.275191
0,0,-0.862123,0.492408,0.119495
0,0,0.774951,0.0871832,0.62598
20.3806,29.875,-0.288293,-0.665249,0.688717
0,0,-0.721914,-0.647161,0.244996
0,0,0.3082,0.90691,0.287275
0,0,-0.567288,-0.102266,0.817145
0,0,-0.30025,-0.948806,0.0980677
0,0,-0.0653743,0.452808,0.889208
0,0,-0.200422,0.925763,0.320615
0,0,-0.123965,0.957136,0.261768
0,0,0.0961876,0.966007,0.239953
0,0,-0.496222,0.706781,0.504207
0,0,0.9023,0.226229,0.366982
0,0,0.808002,-0.588444,0.0294282
0,0,0.220357,-0.966395,0.132378
0,0,0.0908497,0.98772,0.127107
0,0,0.878315,0.41345,0.240045
0,0,-0.944243,-0.327799,0.0308812
0,0,-0.830089,-0.401706,0.386762
0,0,0.946927,-0.290112,0.138436
0,0,-0.120398,0.941439,0.314955
0,0,-0.807654,0.406653,0.426999
0,0,0.611392,0.790734,0.0306517
0,0,0.282377,0.444714,0.849996
0,0,-0.775809,-0.624258,0.0917718
0,0,0.579926,-0.615756,0.533414
0,0,-0.522808,-0.470598,0.710781
0,0,-0.104508,-0.920693,0.376034
0,0,-0.268722,-0.570356,0.776197
0,0,-0.0874271,0.839279,0.536626
0,0,-0.938232,-0.345849,0.0104534
0,0,0.960314,-0.229674,0.158262
0,0,-0.588666,0.772108,0.239418
0,0,-0.136256,0.150945,0.979107
0,0,-0.652159,-0.75558,0.0615471
0,0,0.436906,0.887189,0.148355
0,0,-0.862063,-0.183717,0.472329
0,0,-0.647178,-0.588406,0.484704
3.81742,6.04801,-0.0301229,-0.0895243,0.995529
0,0,-0.78271,0.0814184,0.617039
0,0,0.539442,0.84085,0.0444273
0,0,-0.443323,0.708201,0.549469
0,0,0.217536,0.820408,0.52878
0,0,0.22671,0.970378,0.0834812
0,0,0.483185,-0.538213,0.69055
0,0,0.898612,-0.310661,0.309815
0,0,0.572959,-0.617978,0.538351
0,0,-0.927808,-0.169221,0.332471
0,0,-0.300435,-0.787257,0.538484
0,0,-0.68767,0.653774,0.315737
0,0,0.433928,0.869702,0.235213
0,0,-0.112621,0.959311,0.258921
0,0,-0.406634,-0.860931,0.30569
0,0,-0.175758,0.270941,0.946414
0,0,0.421144,0.287467,0.860233
0,0,-0.651079,0.553733,0.519111
0,0,0.301997,-0.61707,0.726652
0,0,-0.265739,0.729549,0.630191
0,0,-0.427765,0.861166,0.27461
0,0,-0.908856,-0.25651,0.328913
0,0,0.782772,0.442607,0.437455
0,0,0.2319,0.626095,0.744464
0,0,0.175035,-0.942692,0.284069
0,0,-0.149046,-0.470765,0.869578
0,0,-0.558652,-0.610453,0.561476
0,0,0.905677,0.178538,0.384542
0,0,0.258085,-0.709954,0.655254
13.4955,19.4917,0.00961907,0.337017,-0.941449
0,0,-0.158578,0.808483,0.566753
0,0,-0.245841,-0.115675,0.962383
0,0,-0.0139252,-0.979486,0.201028
0,0,-0.212048,-0.686362,0.69566
0,0,0.999541,-0.00695015,0.0294977
0,0,0.609099,-0.1253,0.783133
0,0,0.450479,-0.336846,0.826803
0,0,-0.397311,-0.066403,0.915278
0,0,0.241217,-0.969181,0.0500263
0,0,-0.60279,-0.64848,0.464884
0,0,0.942106,0.272126,0.19592
0,0,-0.781938,0.287168,0.55327
0,0,-0.023393,0.621126,0.783362
0,0,-0.81354,-0.549451,0.190412
0,0,-0.205835,0.725201,0.657051
0,0,0.80772,0.117242,0.577792
0,0,0.319516,0.833574,0.450627
0,0,0.543182,-0.719763,0.432314
0,0,0.00302071,-0.270484,0.96272
0,0,-0.516502,-0.318789,0.794732
0,0,-0.693019,-0.705974,0.146034
0,0,0.825314,0.211126,0.52372
0,0,0.437967,0.898906,0.0123677
0,0,-0.6609,0.165424,0.732015
0,0,0.0895631,-0.674332,0.732977
0,0,-0.968314,-0.243846,0.0539276
0,0,0.908523,-0.0913939,0.407718
0,0,-0.869032,-0.460462,0.180991
0,0,0.0998703,0.906258,0.410759
0,0,0.947821,0.0370094,0.316648
0,0,-0.245419,-0.335148,0.90964
0,0,0.458317,0.655475,0.600249
0,0,-0.459733,-0.674294,0.577905
0,0,0.610137,-0.791334,0.039027
0,0,0.62307,0.777941,0.0811889
0,0,-0.814321,0.476933,0.330781
0,0,0.158024,0.604999,0.780387
0,0,-0.721063,0.188668,0.666687
0,0,0.480138,-0.684988,0.547959
0,0,0.910333,0.373966,0.177322
0,0,0.0667464,-0.390997,0.917969
0,0,-0.16295,-0.932249,0.323048
0,0,0.904977,0.390875,0.168029
0,0,-0.772568,0.626309,0.104285
0,0,-0.0378537,0.963587,0.264702
0,0,-0.776428,0.209823,0.594251
0,0,-0.281942,-0.920819,0.269447
0,0,-0.106973,-0.786214,0.608625
10.2199,14.2941,-0.00991837,-0.545519,0.83804
0,0,-0.177169,0.690324,0.701472
0,0,0.665138,0.648253,0.370622
0,0,0.530796,0.668952,0.520345
0,0,-0.189493,0.738232,0.647384
0,0,0.0855556,-0.776484,0.624302
0,0,-0.314882,-0.0220372,0.948875
0,0,-0.0842674,-0.809274,0.581356
16.8442,24.4493,0.295515,0.143612,0.944482
0,0,0.699861,0.383496,0.602598
0,0,0.945092,-0.266831,0.188685
0,0,-0.062476,0.995318,0.0737464
0,0,-0.337182,0.278116,0.899422
0,0,-0.970559,0.208796,0.120083
0,0,0.348127,0.430942,0.832524
0,0,-0.801696,-0.501346,0.325478
0,0,-0.783332,-0.246313,0.57072
0,0,0.989448,-0.144203,0.0140766
0,0,-0.332618,0.930475,0.153561
0,0,-0.66349,-0.729107,0.167879
0,0,0.171328,-0.391404,0.904129
0,0,0.310636,0.353122,0.882502
0,0,-0.857294,-0.353281,0.374487
0,0,-0.775845,-0.474604,0.415712
0,0,-0.0267099,0.99635,0.0810742
0,0,0.476344,-0.499037,0.723919
0,0,0.79379,0.537565,0.284467
0,0,-0.0789345,0.959523,0.270341
0,0,-0.444344,0.483846,0.753957
0,0,-0.860487,-0.493781,0.12547
0,0,0.876908,-0.0943663,0.471304
0,0,0.415696,-0.61217,0.672641
0,0,-0.343417,-0.412468,0.843762
0,0,-0.323873,0.797848,0.508473
0,0,0.538077,-0.805031,0.249797
0,0,-0.713938,-0.70015,0.00915025
0,0,0.33077,0.309407,0.891549
0,0,0.857099,0.483095,0.178885
0,0,-0.828926,0.533579,0.167857
0,0,-0.991886,-0.0481858,0.117646
0,0,-0.145852,-0.986573,0.0734887
0,0,0.625265,0.317586,0.712869
0,0,0.0442176,-0.58917,0.806798
0,0,0.262751,0.586666,0.766018
0,0,-0.828342,-0.117385,0.547787
0,0,0.193501,-0.481408,0.854871
0,0,-0.321203,0.377033,0.86872
0,0,0.548157,-0.836258,0.0140312
0,0,-0.798383,-0.452305,0.397497
0,0,-0.923614,0.361189,0.128375
0,0,0.790478,-0.298987,0.534558
0,0,-0.604902,-0.0789034,0.792381
0,0,0.563754,-0.55029,0.615923
0,0,0.635734,-0.728422,0.25543
0,0,0.871251,-0.45629,0.180892
0,0,-0.561865,-0.796263,0.224216
0,0,0.494724,0.432328,0.753883
0,0,-0.898607,0.0241383,0.43809
0,0,0.0970975,0.823155,0.559454
0,0,-0.530626,-0.837967,0.127469
0,0,-0.574686,-0.235216,0.783843
0,0,-0.512041,0.561373,0.650134
0,0,0.934947,0.352692,0.0385068
0,0,-0.980076,0.114522,0.162281
0,0,0.519175,-0.528891,0.671365
0,0,-0.126048,-0.637508,0.760063
0,0,0.191919,-0.979481,0.0615074
0,0,-0.645209,-0.682361,0.34364
0,0,-0.928979,0.297714,0.219921
0,0,-0.36093,0.932139,0.0291047
0,0,0.9271,-0.0162597,0.374462
0,0,-0.864939,-0.498886,0.0547219
0,0,-0.578707,0.245581,0.777682
0,0,-0.17257,-0.237154,0.956022
0,0,-0.194836,0.845785,0.496675
0,0,0.280199,0.760265,0.586077
0,0,-0.482514,0.875814,0.011412
0,0,0.88243,0.327371,0.337855
0,0,0.0108125,-0.939036,0.343649
0,0,-0.87032,-0.432533,0.235496
0,0,0.36356,0.931076,0.0303646
0,0,-0.487808,0.284369,0.825335
0,0,0.357362,0.229094,0.905433
0,0,-0.0721241,0.991143,0.111506
0,0,-0.264505,0.93905,0.219595
0,0,0.572495,0.760652,0.306035
0,0,-0.424465,0.748613,0.509321
0,0,0.33095,0.870581,0.364089
0,0,0.518566,-0.752505,0.405988
0,0,-0.810696,0.0717294,0.581057
0,0,0.203013,-0.420809,0.884141
0,0,-0.361134,0.371211,0.855444
0,0,0.0955142,0.949362,0.299315
0,0,0.0639639,0.56902,0.819832
0,0,-0.974229,0.205564,0.0928488
0,0,0.75696,-0.253901,0.602118
0,0,0.722858,-0.68445,0.0948953
0,0,0.149238,0.846223,0.511502
0,0,-0.896098,-0.371019,0.243627
0,0,-0.391819,0.386033,0.835139
0,0,0.0544302,0.704602,0.707512
0,0,0.484722,-0.476687,0.733358
0,0,-0.609363,-0.791351,0.0494055
0,0,0.342961,-0.563595,0.75149
0,0,-0.78655,-0.401548,0.469146
0,0,0.832773,-0.0362813,0.552424
0,0,0.14847,0.987374,0.0552168
0,0,0.403969,-0.700634,0.588151
0,0,0.109861,-0.521347,0.846244
0,0,0.666274,0.351119,0.657871
0,0,0.456073,-0.667888,0.588152
0,0,-0.298583,-0.803912,0.514368
0,0,0.229492,-0.949354,0.214618
0,0,-0.187432,0.49353,0.849292
0,0,0.44668,-0.274978,0.851389
0,0,-0.871249,-0.490273,0.0236123
0,0,0.15205,-0.885523,0.439011
0,0,-0.664804,-0.583281,0.466711
0,0,-0.983765,-0.173128,0.0472572
0,0,0.570636,-0.535649,0.622458
0,0,0.899455,-0.343371,0.270329
0,0,0.237633,-0.921092,0.308415
0,0,0.0379846,-0.975025,0.218823
0,0,0.628347,-0.587616,0.509792
0,0,-0.737556,-0.501832,0.451858
0,0,-0.953611,-0.287196,0.0902447
0,0,-0.0976008,0.421956,0.901348
0,0,-0.594101,-0.122225,0.79505
0,0,0.0436315,0.765766,0.641637
0,0,-0.419368,-0.617216,0.665715
0,0,0.947932,0.00337415,0.318455
0,0,-0.132345,-0.989779,0.0531174
0,0,0.740083,0.670846,0.0473594
0,0,0.82876,-0.4994,0.252501
0,0,0.778244,0.625416,0.0564907
0,0,0.254881,-0.00326042,0.966967
0,0,0.313958,0.699799,0.641648
0,0,0.14555,0.520391,0.841432
0,0,-0.818349,0.19342,0.541197
0,0,-0.982231,0.0118114,0.187303
0,0,-0.745654,-0.629119,0.219567
0,0,-0.85937,0.415073,0.298659
0,0,-0.290432,0.293208,0.910867
0,0,-0.170918,0.962472,0.210796
0,0,0.772696,0.0815258,0.629519
0,0,-0.909467,0.314371,0.272103
0,0,0.650614,-0.564174,0.50834
0,0,0.0895148,0.961321,0.260477
0,0,0.895745,-0.0943249,0.434446
0,0,-0.982262,0.0949906,0.161674
0,0,0.956643,0.273211,0.100946
0,0,0.141049,-0.674047,0.725097
0,0,0.431077,-0.149659,0.889817
0,0,-0.563851,-0.407781,0.718183
0,0,0.852656,-0.482358,0.20077
0,0,-0.569429,-0.81621,0.097739
0,0,-0.257642,0.427631,0.86646
0,0,-0.102343,0.565823,0.81815
0,0,0.448039,-0.856116,0.257539
0,0,0.167406,-0.905542,0.389833
0,0,0.182215,-0.89853,0.399301
0,0,-0.0890817,-0.350239,0.932415
0,0,0.296146,0.725708,0.621003
0,0,-0.501957,-0.339479,0.795483
0,0,-0.146341,-0.188345,0.971139
0,0,-0.745426,0.533621,0.399486
0,0,-0.627477,-0.652891,0.424271
0,0,0.424523,0.693359,0.582266
0,0,0.5581,0.25137,0.790783
0,0,0.512077,0.674733,0.531519
0,0,-0.8378,-0.281227,0.467977
0,0,0.0692819,0.993332,0.092153
0,0,0.677576,0.649284,0.345429
0,0,0.324649,0.903529,0.27971
0,0,0.408439,-0.904174,0.125086
0,0,0.792153,-0.00698921,0.610283
0,0,-0.151957,0.659582,0.736112
0,0,0.98253,-0.0318746,0.183352
0,0,-0.628188,-0.652756,0.423427
0,0,0.489068,-0.482933,0.726352
0,0,-0.0858921,-0.665571,0.741376
0,0,0.319028,-0.118252,0.940339
0,0,0.217409,-0.137358,0.966368
0,0,-0.545172,-0.774376,0.321137
20.8401,27.4052,-0.783155,0.470474,-0.406599
19.8045,30.8019,0.387891,-0.0339997,0.921078
0,0,0.247692,0.791553,0.558652
0,0,0.691419,-0.590427,0.416335
0,0,-0.793475,-0.288804,0.535715
0,0,-0.708849,-0.688635,0.152691
0,0,0.735684,0.673122,0.0753404
0,0,-0.920587,-0.375301,0.108019
0,0,-0.263899,0.837359,0.478736
0,0,0.562958,0.79824,0.214222
0,0,0.265138,-0.960578,0.0836116
0,0,-0.386371,-0.483344,0.785554
0,0,0.75464,-0.206111,0.622926
0,0,0.0707152,-0.687956,0.722299
0,0,-0.0115464,0.999675,0.0227243
0,0,0.0407465,-0.979076,0.199375
0,0,0.789278,0.327375,0.519486
0,0,0.960278,-0.193303,0.201246
0,0,0.862084,0.477369,0.170088
0,0,-0.461591,0.328976,0.823838
0,0,-0.549272,-0.813572,0.190788
0,0,-0.551113,-0.205128,0.808824
0,0,-0.142585,-0.911238,0.386412
0,0,0.876123,-0.462441,0.136221
0,0,-0.403604,0.912261,0.0698776
0,0,-0.969332,-0.193745,0.15119
0,0,-0.623841,0.561051,0.544099
0,0,0.24838,0.427604,0.869173
0,0,0.605145,-0.795562,0.0296711
0,0,0.442658,-0.0471794,0.895449
0,0,-0.62447,0.598293,0.502078
0,0,-0.358009,0.827593,0.432342
0,0,-0.129088,0.831922,0.539669
0,0,0.785301,-0.568979,0.244062
0,0,-0.612706,0.455023,0.646178
0,0,-0.705834,-0.0998095,0.70131
0,0,0.139734,-0.989859,0.0255603
0,0,-0.231061,0.823545,0.518058
0,0,-0.248316,0.363444,0.897913
0,0,0.601672,0.667578,0.438554
0,0,-0.904286,-0.120137,0.409676
0,0,-0.283178,-0.903672,0.321229
0,0,0.366494,0.521326,0.77065
0,0,0.466003,-0.549067,0.693806
0,0,0.432522,0.616136,0.658256
0,0,0.662979,0.740505,0.110052
0,0,-0.647073,-0.325923,0.689254
0,0,0.74305,0.588029,0.319528
0,0,0.819614,0.539018,0.194146
0,0,-0.817056,0.48843,0.306358
0,0,-0.613968,0.59641,0.517048
0,0,0.0697248,-0.870155,0.48782
0,0,-0.420613,0.583568,0.694647
0,0,-0.499981,0.0970231,0.860585
0,0,0.578387,-0.755654,0.307336
0,0,0.695823,-0.072549,0.714539
0,0,-0.895622,0.191635,0.401419
0,0,0.886526,0.460149,0.0483077
0,0,-0.418167,-0.425673,0.802458
0,0,-0.936304,-0.16693,0.308981
0,0,0.991735,0.00239459,0.128282
0,0,-0.241095,0.250823,0.937529
0,0,-0.663698,-0.468643,0.582991
4.34887,6.72347,-0.149649,0.601225,0.784942
0,0,-0.919059,-0.339662,0.199899
0,0,-0.627766,0.640074,0.442961
0,0,0.757329,-0.615282,0.218819
0,0,0.665242,0.725791,0.175157
0,0,-0.433709,-0.267905,0.860304
0,0,-0.139209,0.815677,0.561508
0,0,-0.854013,0.174751,0.490024
21.1881,29.2155,-0.523844,-0.12352,0.842811
0,0,-0.832589,0.137041,0.536671
0,0,-0.982216,0.0158739,0.187083
0,0,-0.796869,-0.310108,0.518491
0,0,0.61269,-0.212347,0.761262
0,0,0.736927,-0.675703,0.019083
0,0,-0.131752,-0.987565,0.0857692
0,0,-0.443666,-0.232498,0.865509
0,0,-0.0203929,0.891896,0.451781
0,0,0.409947,-0.422006,0.808613
0,0,-0.0529455,-0.781844,0.621222
0,0,-0.693895,-0.0482058,0.71846
0,0,-0.0192966,-0.920753,0.389669
0,0,0.467552,0.872475,0.142064
0,0,-0.730078,0.0225969,0.68299
0,0,0.316565,0.159754,0.935022
0,0,-0.224964,-0.659181,0.717545
0,0,-0.756209,-0.533295,0.379136
0,0,0.0464162,0.905051,0.422762
0,0,-0.47621,0.869239,0.132842
0,0,-0.795232,-0.265861,0.544907
2.51048,3.25333,0.469612,0.0182031,0.882685
0,0,-0.911386,0.311502,0.268964
0,0,-0.00571772,-0.467666,0.883887
0,0,-0.670924,-0.739763,0.0511099
0,0,0.360328,0.820947,0.442955
0,0,0.772902,0.315216,0.550691
0,0,0.803622,-0.435346,0.405791
0,0,-0.3356,-0.113679,0.93512
0,0,-0.381598,-0.216758,0.898554
0,0,0.876585,0.472403,0.0918346
0,0,0.699195,0.562248,0.441592
0,0,0.806378,-0.460072,0.371603
0,0,0.207537,-0.971983,0.110349
0,0,0.795408,0.524173,0.30425
0,0,0.570893,-0.795375,0.203616
0,0,0.915308,0.402681,0.00764559
0,0,0.751772,-0.649494,0.114002
0,0,-0.488541,0.485617,0.724916
0,0,-0.51649,0.0968932,0.850794
0,0,-0.513246,0.058489,0.856247
0,0,-0.730654,-0.655411,0.191264
0,0,-0.956272,-0.230555,0.179968
0,0,-0.940352,0.179702,0.288868
0,0,-0.734452,-0.677815,0.0338655
0,0,-0.574567,-0.233982,0.784299
0,0,0.269527,0.568377,0.777369
0,0,-0.0421412,0.905724,0.421769
0,0,-0.262495,-0.198468,0.944302
0,0,0.574356,-0.817443,0.0436074
0,0,-0.24645,-0.701136,0.669082
0,0,-0.609177,0.326145,0.722864
0,0,0.107848,0.489914,0.865074
0,0,0.112835,-0.91003,0.39889
0,0,0.409661,-0.312184,0.857158
0,0,-0.653924,-0.182029,0.734336
0,0,0.109169,-0.971489,0.210453
0,0,0.330936,0.525123,0.784046
0,0,0.855706,0.479395,0.194801
0,0,-0.260084,0.770948,0.581374
0,0,-0.821592,-0.475286,0.314784
0,0,-0.639296,-0.130641,0.757782
0,0,-0.429543,0.725347,0.537926
0,0,0.0615663,0.674498,0.735705
0,0,-0.124568,-0.923632,0.362472
0,0,-0.256882,-0.354877,0.898929
0,0,0.82356,0.17844,0.538431
0,0,0.563969,0.351575,0.747217
0,0,-0.947721,0.252056,0.195685
0,0,0.368411,0.377312,0.849653
0,0,0.995886,-0.0726431,0.0541638
0,0,0.33394,0.499755,0.799205
0,0,-0.295361,0.947343,0.123703
0,0,0.548359,0.742568,0.384572
0,0,-0.943441,0.287583,0.164971
0,0,0.919114,-0.224308,0.323906
0,0,0.354579,-0.881575,0.311609
0,0,-0.855407,-0.437844,0.276714
0,0,-0.973494,0.0280031,0.22699
0,0,0.703694,-0.281158,0.652506
0,0,-0.499492,0.727684,0.470089
0,0,-0.990808,-0.11155,0.0765192
0,0,-0.838352,-0.409132,0.360245
0,0,-0.558151,-0.77444,0.297843
0,0,-0.329719,-0.927469,0.176316
0,0,0.649628,0.743161,0.160299
0,0,-0.334455,-0.926773,0.170971
0,0,0.538064,-0.092457,0.837818
0,0,-0.536534,0.665541,0.518832
0,0,0.0327856,0.378239,0.925127
0,0,0.626306,-0.545469,0.55696
0,0,0.793906,0.589422,0.149311
0,0,0.410705,0.544958,0.730987
0,0,0.747196,0.525432,0.406963
0,0,0.556067,-0.778238,0.29178
17.2251,25.0489,-0.868768,0.0688671,-0.490408
0,0,-0.384319,0.00392247,0.923192
0,0,-0.458468,-0.333099,0.823925
0,0,-0.759388,-0.506764,0.408068
0,0,0.914288,-0.341839,0.217308
0,0,-0.459126,0.143785,0.876658
0,0,0.422262,0.269174,0.865587
0,0,-0.0408978,0.725865,0.68662
0,0,-0.672162,0.577867,0.462891
0,0,0.716371,0.525423,0.459069
0,0,-0.40639,-0.517984,0.752688
0,0,0.581567,0.804418,0.121212
0,0,-0.166975,-0.95146,0.258541
0,0,0.149537,0.87288,0.464456
0,0,-0.159973,-0.392897,0.905561
0,0,-0.188374,0.936819,0.294764
0,0,0.82532,0.486,0.287491
0,0,0.29038,0.846212,0.446771
0,0,0.400197,-0.730652,0.553164
10.5194,16.6938,-0.0373501,-0.0933736,0.99493
0,0,0.403589,-0.311041,0.860447
0,0,-0.265794,-0.867019,0.421464
0,0,-0.434991,-0.888269,0.14752
0,0,0.366516,-0.337809,0.86692
0,0,-0.353098,-0.855092,0.379656
0,0,0.936741,0.347082,0.0452755
0,0,0.543396,0.684769,0.485606
0,0,-0.840637,0.131055,0.525504
0,0,0.205101,-0.837525,0.506444
0,0,-0.0539099,-0.408818,0.911022
0,0,0.755993,0.578583,0.306133
0,0,0.341484,0.694782,-0.632983
0,0,-0.304923,0.203131,0.930462
0,0,-0.554953,-0.578525,0.597776
0,0,0.352763,-0.905782,0.234771
0,0,0.998724,0.0484269,0.0143451
0,0,0.967155,0.191392,0.167274
0,0,0.167851,0.922493,0.34761
0,0,-0.96659,-0.24744,0.0669102
0,0,0.472176,-0.26492,0.840754
3.22363,4.53424,0.130806,-0.396686,0.908587
0,0,-0.994471,0.0756005,0.0728878
0,0,0.489129,0.0756664,0.868923
0,0,-0.0260534,0.481701,0.875948
0,0,-0.765978,0.636312,0.0915738
0,0,0.141616,0.975163,0.170299
0,0,0.924082,-0.122386,0.362069
0,0,-0.798755,-0.275535,0.534856
0,0,-0.669648,-0.0433202,0.741414
0,0,0.0432771,0.42885,0.902338
0,0,0.0539063,-0.916078,0.397361
0,0,0.000851287,-0.608741,0.793368
0,0,0.980864,-0.0497202,0.188241
0,0,0.847831,-0.265294,0.459131
0,0,-0.24288,0.87647,0.415703
0,0,-0.675055,0.541756,0.500801
0,0,-0.537156,-0.316631,0.781798
0,0,0.020879,0.157948,0.987227
0,0,-0.90728,-0.203923,0.367775
0,0,0.0112317,-0.237527,0.971316
0,0,0.065257,-0.16881,0.983486
0,0,0.94494,0.321582,0.0606135
0,0,0.273842,-0.206302,0.939388
0,0,-0.471457,0.504294,0.723475
0,0,-0.125621,0.31482,0.940802
0,0,-0.998737,0.00194247,0.0501981
0,0,0.879838,0.167765,0.444679
0,0,0.640422,-0.660628,0.391702
0,0,0.394345,-0.703463,0.591297
0,0,-0.765975,0.257931,0.588858
0,0,-0.739501,0.369379,0.562758
0,0,-0.649981,-0.476086,0.59234
0,0,-0.871333,-0.178021,0.457261
0,0,0.863233,-0.222205,0.45327
0,0,0.34811,0.668902,0.656802
0,0,0.209936,0.977548,0.0180843
0,0,0.584387,-0.138226,0.799615
0,0,-0.587882,-0.616139,0.524183
0,0,-0.667607,0.728047,0.155718
0,0,0.586265,0.769947,0.251942
0,0,-0.390441,-0.842534,0.37107
0,0,-0.943141,0.130498,0.305704
0,0,-0.367415,0.927485,0.0691214
0,0,-0.950306,0.267217,0.15973
0,0,0.285595,0.829732,0.479563
0,0,-0.483468,0.796271,0.363608
0,0,-0.348852,-0.73424,0.582403
0,0,0.748756,0.373899,0.547325
0,0,-0.799257,0.590472,0.111946
0,0,0.482246,0.875985,0.00943178
0,0,-0.322233,-0.668479,0.670299
0,0,-0.298651,-0.93048,0.212166
0,0,-0.64445,0.75082,0.144757
0,0,0.0614869,0.960141,0.272669
0,0,0.47358,-0.847462,0.239854
0,0,-0.0967638,0.90672,0.410482
0,0,0.0784154,0.475167,0.876395
0,0,-0.697782,-0.350142,0.624901
0,0,-0.954688,0.259472,0.145759
0,0,0.186183,-0.981576,0.0429521
0,0,0.760607,-0.122276,0.637593
23.2832,31.7053,0.147213,-0.0683416,0.986741
0,0,-0.972293,0.107577,0.20754
0,0,-0.864574,-0.2551,0.432938
0,0,0.417233,0.822211,0.387151
0,0,-0.700819,0.260712,0.66399
0,0,-0.555909,0.519401,0.64899
0,0,0.697007,-0.596868,0.397405
0,0,0.91988,0.384664,0.076509
0,0,-0.742594,-0.433829,0.510241
0,0,0.737334,0.034627,0.67464
0,0,-0.592467,0.703369,0.392754
0,0,-0.761485,-0.171349,0.625124
0,0,-0.522127,-0.708221,0.475192
0,0,-0.276732,-0.940635,0.196535
0,0,0.823606,0.530068,0.201745
0,0,0.63889,0.413523,0.648705
0,0,0.729885,-0.289296,0.619335
0,0,-0.363801,0.896926,0.25134
0,0,0.295675,0.409514,0.863061
0,0,0.288895,-0.379325,0.879006
0,0,0.549104,0.352405,0.757823
0,0,-0.696111,0.709308,0.110959
0,0,0.199527,0.976497,0.0815083
0,0,0.771965,-0.198849,0.603763
0,0,0.865796,-0.293469,0.405306
0,0,0.865922,-0.381585,0.323377
0,0,0.920187,-0.0330262,0.390084
0,0,-0.610146,-0.368332,0.701465
0,0,0.679785,0.716999,0.154287
0,0,-0.799361,0.427578,0.422136
0,0,-0.749877,0.603746,0.270507
0,0,-0.574505,-0.818419,0.0116358
0,0,0.560639,-0.827263,0.0363328
20.0913,28.2871,0.526372,0.290442,0.799109
0,0,-0.477048,0.383789,0.790652
0,0,0.7809,-0.3166,0.538479
0,0,-0.878506,-0.417847,0.231584
0,0,-0.371314,0.773077,0.514274
0,0,0.59103,-0.305307,0.74664
0,0,0.268562,0.718947,0.641085
0,0,0.704781,-0.640474,0.305083
0,0,-0.525904,0.520148,0.672957
0,0,0.74483,0.652493,0.139573
0,0,0.271396,-0.336118,0.90187
0,0,-0.77213,-0.289229,0.565829
0,0,-0.590003,0.801867,0.0943709
0,0,0.227723,-0.970177,0.0830556
0,0,0.654707,0.650221,0.385449
0,0,-0.965445,-0.0479692,0.256153
0,0,-0.291153,-0.547873,0.784261
0,0,-0.881384,-0.280843,0.379855
0,0,-0.368149,-0.797449,0.478061
0,0,-0.238632,-0.547743,0.801893
0,0,0.610851,0.667273,0.426155
0,0,-0.595528,-0.791257,0.138774
0,0,-0.805101,0.177725,0.565885
0,0,0.076187,0.962866,0.259005
0,0,0.0368887,0.995406,0.088353
0,0,0.284972,0.452467,0.845024
0,0,-0.859032,0.471842,0.19857
0,0,-0.779284,0.57172,0.256616
0,0,0.811842,0.47764,0.335816
0,0,-0.27562,0.951847,0.13424
0,0,-0.957578,-0.0876887,0.274508
0,0,-0.629654,-0.402439,0.664514
0,0,0.780783,-0.411939,0.46977
0,0,0.917419,-0.378931,0.121467
0,0,0.807734,-0.587558,0.0483906
0,0,0.721104,-0.585351,0.370638
0,0,-0.539788,-0.519937,0.662038
0,0,0.619811,0.533627,0.575393
0,0,0.792927,-0.442623,0.41875
0,0,-0.116616,-0.694317,0.710158
0,0,0.689645,0.716439,0.105384
0,0,-0.553746,0.432037,0.711835
0,0,-0.444657,-0.0260024,0.895323
18.8933,27.4676,0.0768487,0.0337773,0.99647
4.77595,6.81455,0.30166,-0.329893,0.894523
0,0,-0.256581,0.632864,0.730513
0,0,0.371833,0.7873,0.491833
0,0,0.315774,0.461471,0.829055
0,0,0.0625163,-0.646843,0.760057
0,0,0.623987,0.00804937,0.781393
0,0,-0.206614,-0.624584,0.75313
0,0,0.4647,0.461439,0.75573
0,0,0.683705,0.61228,0.397065
0,0,0.298499,-0.874473,0.382355
0,0,0.518711,-0.555632,0.649778
0,0,0.479382,-0.00792305,0.87757
0,0,-0.805053,-0.164275,0.570003
0,0,-0.432108,-0.105414,0.89564
0,0,-0.222894,0.390745,0.893105
0,0,0.0979133,0.55227,0.827895
0,0,0.835229,-0.547221,0.0542306
0,0,-0.622038,0.446326,0.643321
0,0,0.907513,0.405097,0.110977
0,0,0.16483,0.740974,0.65099
0,0,0.183703,0.645107,0.741681
0,0,0.665964,-0.228166,0.710234
0,0,-0.540659,0.11801,0.832923
0,0,0.858616,0.459499,0.227242
0,0,0.68534,0.610591,0.396847
0,0,0.123472,0.990646,0.0580964
0,0,-0.968011,0.044618,0.246907
0,0,-0.5787,-0.231425,0.782016
0,0,0.221526,-0.449128,0.865569
0,0,-0.416927,-0.897054,0.146513
0,0,0.853561,0.101817,0.510946
0,0,0.397908,0.0914154,0.91286
0,0,-0.645394,0.608996,0.461075
0,0,0.407986,-0.497403,0.765596
0,0,-0.766835,0.0135215,0.641702
0,0,-0.735244,-0.292158,0.611605
0,0,0.152784,0.917402,0.367465
0,0,-0.655907,-0.753902,0.0376426
0,0,0.519215,0.281682,0.80689
0,0,-0.0158841,-0.480835,0.876667
0,0,-0.58312,0.214467,0.783566
0,0,0.873531,-0.484192,0.0500109
0,0,-0.917758,0.373193,0.135819
0,0,-0.950186,-0.301994,0.0771169
0,0,0.818641,0.439585,0.369583
0,0,0.0753209,-0.97523,0.207974
0,0,-0.459155,0.350365,0.816346
0,0,0.685544,-0.721508,0.0972379
0,0,0.270018,-0.767759,0.581065
0,0,0.557487,0.827138,0.0710676
0,0,-0.669863,0.493413,0.554822
0,0,-0.0286298,-0.825574,0.563568
0,0,-0.686727,-0.629248,0.363941
0,0,0.632902,-0.070104,0.771052
0,0,0.482117,-0.87058,0.0982505
0,0,0.261828,-0.930306,0.256859
0,0,-0.0374405,0.451144,0.891665
0,0,0.370212,-0.919325,0.133355
0,0,-0.536879,0.367529,0.759397
0,0,-0.185216,-0.508693,0.840789
0,0,-0.241708,0.950711,0.194231
0,0,0.23351,0.410869,0.881283
0,0,0.262045,0.616472,0.742492
0,0,-0.0903815,-0.933422,0.347209
0,0,-0.379921,0.923218,0.057699
0,0,0.8028,-0.293101,0.519235
0,0,-0.862876,-0.42357,0.275741
0,0,-0.238737,0.267649,0.933471
0,0,0.660917,-0.502873,0.557053
0,0,0.454353,-0.405149,0.793359
0,0,-0.291216,-0.803224,0.519638
0,0,-0.989292,-0.145927,0.00241898
0,0,0.730103,0.642491,0.232712
0,0,0.111908,-0.40156,0.90897
0,0,0.6041,-0.152676,0.782146
0,0,-0.462553,0.0375672,0.885795
0,0,0.556162,-0.62733,0.545107
0,0,-0.584672,-0.219915,0.780894
0,0,0.00706299,0.697183,0.716858
0,0,-0.889366,0.254293,0.379951
11.2326,17.3503,-0.0928037,0.505296,0.857941
0,0,-0.111425,0.438849,0.891626
0,0,0.15397,-0.35021,0.92393
0,0,0.251948,0.672071,0.696307
0,0,-0.654107,-0.523123,0.546339
13.8113,19.2703,0.586863,0.3256,0.741335
0,0,0.155327,-0.802729,0.57576
0,0,0.624983,0.721422,0.298238
0,0,0.421118,0.0945887,0.90206
0,0,0.155815,-0.540833,0.826572
0,0,-0.602107,0.649528,0.464307
0,0,-0.582235,0.535414,0.611829
0,0,-0.916026,-0.389695,0.0950499
0,0,-0.216586,0.686008,0.69461
0,0,0.952348,-0.300605,0.0516693
0,0,-0.327489,0.840886,0.430886
0,0,0.670162,0.579706,0.463491
0,0,-0.594645,-0.716655,0.364422
0,0,-0.362627,-0.833596,0.416676
0,0,-0.889912,-0.45445,0.0391341
0,0,-0.24032,-0.543086,0.804552
0,0,-0.33026,-0.132507,0.934543
0,0,-0.610062,-0.723427,0.32323
0,0,0.0374744,0.708253,0.704963
0,0,0.219315,0.48873,0.844419
0,0,-0.683664,-0.729288,0.027253
0,0,-0.983786,0.0179174,0.178447
0,0,-0.204777,0.103974,0.973271
0,0,0.854053,0.289402,0.43225
0,0,0.288209,-0.192766,0.937964
0,0,0.266145,-0.861868,0.431684
0,0,0.875739,-0.411954,0.251745
0,0,-0.554971,-0.554354,0.620241
8.2694,11.455,0.0298532,-0.0689085,0.997176
0,0,-0.939793,-0.204433,0.273855
0,0,0.925321,0.319794,0.203746
0,0,0.496726,-0.227063,0.837679
0,0,0.96696,0.242226,0.0794615
0,0,0.0666508,0.950336,0.304006
0,0,-0.564157,-0.692888,0.449036
0,0,0.67355,0.56291,0.479023
0,0,-0.46292,0.717126,0.520995
0,0,0.0224774,0.946691,0.321359
0,0,-0.860377,0.451127,0.23714
0,0,0.458572,-0.80709,0.371911
0,0,0.164834,-0.521001,0.837489
0,0,-0.0278022,0.999524,0.0134003
0,0,-0.14212,0.786165,0.601453
0,0,-0.752197,-0.116386,0.648578
0,0,-0.398815,-0.406729,0.821899
0,0,0.819078,0.449966,0.355868
0,0,0.189717,0.738469,0.647048
7.63353,10.8411,0.380128,-0.171109,0.908969
0,0,0.846153,0.328152,0.419931
0,0,-0.357227,0.910954,0.206284
0,0,0.585345,0.649947,0.484707
0,0,0.875586,-0.108357,0.470752
0,0,-0.29802,-0.923293,0.242312
0,0,0.986891,0.155388,0.0436067
0,0,0.41653,0.210756,0.884355
0,0,0.629285,-0.355066,0.691324
0,0,0.176437,0.839411,0.514061
0,0,0.284224,-0.466123,0.837822
0,0,-0.80553,-0.0939774,0.585055
0,0,0.861569,0.499944,0.0880615
0,0,0.201966,0.0506958,0.97808
0,0,0.967198,-0.236547,0.0925946
0,0,-0.49635,-0.340975,0.798356
0,0,-0.742041,-0.628503,0.233149
0,0,-0.246443,0.247952,0.936902
0,0,-0.068595,-0.97471,0.212684
9.09077,13.0962,0.172558,0.463708,0.869022
0,0,-0.42475,0.817761,0.3884
0,0,0.401699,0.295116,0.866917
0,0,0.941253,-0.208296,0.26581
0,0,0.580803,0.749528,0.317609
0,0,-0.501265,0.822836,0.267722
0,0,-0.255633,0.347969,0.901981
0,0,0.543313,0.837942,0.0516164
0,0,0.357686,-0.0948276,0.929015
0,0,-0.0466524,-0.426272,0.903391
0,0,0.515666,0.831076,0.208331
0,0,-0.224955,0.951642,0.209219
0,0,-0.769671,0.463836,0.438706
0,0,-0.253582,-0.428896,0.867032
0,0,-0.934,0.095276,0.344336
0,0,0.384247,0.256371,0.886921
0,0,-0.554821,-0.658007,0.509117
0,0,0.799317,0.600601,0.0192595
0,0,0.83637,0.430154,0.339784
0,0,-0.796158,-0.604033,0.0357406
0,0,-0.546349,0.367794,0.752483
0,0,0.00443923,-0.692661,0.72125
0,0,0.67554,0.357877,0.644647
0,0,-0.53044,0.536822,0.656091
0,0,0.684537,0.712456,0.154322
0,0,0.330586,0.420634,0.844855
0,0,-0.908937,0.383248,0.164177
18.1392,28.4437,0.921003,-0.15408,-0.357789
0,0,-0.720676,0.0951658,0.68671
0,0,-0.33041,-0.82261,0.462755
0,0,0.932496,0.138883,0.333412
0,0,0.110952,-0.821042,0.559982
0,0,-0.910889,-0.32015,0.260355
0,0,-0.468459,0.50646,0.723909
0,0,0.293752,-0.138203,0.945838
0,0,0.13069,0.672223,0.728723
0,0,0.276394,0.828483,0.487056
0,0,-0.165292,0.875194,0.454658
0,0,0.285391,-0.415827,0.863504
20.2788,29.53,-0.330024,0.741188,0.584573
0,0,0.66619,-0.465738,0.582477
0,0,0.38633,-0.72134,0.57482
0,0,-0.913768,0.244998,0.324042
0,0,0.889954,-0.0167464,0.455744
0,0,0.271652,-0.881271,0.386739
0,0,0.752351,0.566809,0.335703
0,0,-0.745338,0.56958,0.346483
0,0,0.6648,-0.626489,0.406882
0,0,-0.526964,-0.33334,0.781789
0,0,0.425466,0.747327,0.510372
0,0,-0.126338,-0.833467,0.537933
0,0,-0.186328,0.786978,0.588173
0,0,-0.872471,0.488629,0.00600114
0,0,-0.674635,0.124942,0.727501
0,0,-0.971648,-0.175528,0.158396
0,0,0.539234,0.623975,0.565581
0,0,-0.298902,-0.845802,0.441902
0,0,-0.581224,0.733791,0.351753
0,0,0.380007,-0.876618,0.295187
0,0,0.796301,0.40012,0.453661
0,0,-0.838335,-0.512674,0.185364
0,0,-0.322696,0.512234,0.795917
0,0,0.377844,-0.477039,0.793516
0,0,0.770593,-0.470904,0.429461
0,0,-0.833367,0.519447,0.188876
0,0,0.280508,0.638279,0.716879
0,0,0.0762651,-0.841051,0.535552
0,0,-0.221565,0.971912,0.0793527
0,0,0.850414,0.101541,0.516222
0,0,0.65991,0.694539,0.286591
0,0,-0.335836,-0.17486,0.925547
0,0,0.387541,-0.41959,0.820826
0,0,-0.144143,0.982223,0.120252
0,0,-0.194233,0.963094,0.186342
0,0,-0.727032,0.454354,0.514769
0,0,-0.815875,0.538553,0.210495
0,0,0.360924,-0.855767,0.370671
0,0,-0.455215,-0.876007,0.159345
0,0,0.42628,0.385884,0.818156
0,0,-0.915951,0.392433,0.083843
0,0,0.106712,-0.749648,0.653178
0,0,-0.60053,0.150533,0.785305
0,0,-0.771977,-0.635428,0.0167903
0,0,-0.9201,-0.354576,0.16641
0,0,-0.870465,0.437329,0.225905
0,0,-0.988133,-0.109698,0.107519
0,0,-0.212264,0.977212,0.00106719
0,0,0.20163,0.710224,0.674483
0,0,0.598812,0.750038,0.280833
0,0,0.815168,0.444296,0.371621
0,0,0.865801,0.0278546,0.499613
0,0,0.898799,-0.429638,0.0870178
0,0,-0.442311,-0.460871,0.769389
0,0,0.229613,-0.971157,0.0642821
0,0,0.285862,-0.590889,0.754409
0,0,-0.979577,-0.0181892,0.200243
0,0,-0.136307,-0.831435,0.538642
0,0,0.17093,0.673008,0.719614
0,0,-0.11656,-0.980686,0.157062
0,0,-0.700311,0.690718,0.180203
0,0,0.438662,-0.112067,0.891637
0,0,-0.417603,0.296884,0.85876
0,0,0.874026,0.470651,0.120688
0,0,0.674634,-0.708875,0.205828
0,0,0.673038,0.636847,0.376093
0,0,-0.740586,0.560514,0.370617
0,0,0.563256,0.536373,0.628528
0,0,0.313039,0.699539,0.64238
0,0,-0.0750071,-0.292555,0.953302
0,0,0.539146,-0.204476,0.817013
0,0,-0.856354,-0.503174,0.116077
0,0,0.487029,0.423685,0.763737
0,0,0.541775,-0.323236,0.775886
0,0,-0.176877,-0.97476,0.136225
0,0,0.228014,0.322745,0.918611
0,0,0.177861,0.462386,0.868657
19.4924,27.6236,-0.489968,-0.211971,0.845577
0,0,0.485694,0.58815,0.64667
0,0,-0.812911,0.536841,0.225781
0,0,-0.0865592,0.941527,0.325628
0,0,-0.565626,-0.751529,0.339516
0,0,0.255691,0.96656,0.019595
0,0,0.213325,-0.847133,0.48668
0,0,-0.447657,-0.669802,0.592426
0,0,0.0483487,0.88085,0.470921
0,0,-0.409687,-0.571074,0.711358
0,0,0.932826,-0.359918,0.0171657
0,0,-0.860316,-0.133533,0.491961
16.7326,26.4818,0.711364,-0.0914239,0.696852
0,0,0.255478,-0.829346,0.496906
0,0,-0.479183,0.714474,0.509814
0,0,-0.360013,0.536901,0.762973
0,0,0.270497,0.897566,0.348149
0,0,-0.0911978,0.667953,0.738595
0,0,0.450416,-0.0878027,0.888491
21.5789,31.9859,-0.822026,0.56728,0.04967
0,0,-0.66163,0.749557,0.0202292
0,0,0.712961,-0.0557286,0.698986
0,0,0.396132,0.90768,0.138552
0,0,0.0819368,-0.453064,0.887704
0,0,0.675031,-0.214203,0.70601
0,0,-0.573889,0.805491,0.147767
0,0,0.869861,-0.489771,0.058877
0,0,0.674415,-0.602499,0.426801
0,0,-0.856843,-0.382173,0.346068
0,0,-0.154397,-0.858596,0.488851
0,0,0.157835,0.596705,0.786785
0,0,0.463457,0.796691,0.387931
0,0,-0.774017,0.593387,0.220884
0,0,0.0610363,0.278259,0.958565
0,0,0.508661,-0.800087,0.318002
0,0,-0.770946,0.448579,0.452127
0,0,-0.0829806,-0.995382,0.0482595
0,0,0.824494,0.460107,0.329411
0,0,0.0771376,-0.898111,0.432952
0,0,-0.406394,-0.41898,0.811973
0,0,0.0306225,0.809819,0.58588
0,0,-0.0189654,-0.41853,0.908005
0,0,-0.783845,0.329303,0.526448
0,0,0.894062,0.414666,0.169428
0,0,0.435941,-0.73626,0.517568
0,0,0.658094,-0.355177,0.663898
0,0,0.728794,0.307418,0.611845
0,0,-0.439969,0.87421,0.205387
0,0,0.918793,-0.390737,0.056069
0,0,-0.476401,0.105867,0.872831
0,0,0.060911,0.946046,0.318255
0,0,-0.0319319,-0.0966452,0.994807
0,0,0.125313,0.856214,0.501192
0,0,0.686828,-0.0148598,0.726668
0,0,0.342498,0.675875,0.652601
0,0,0.795925,-0.0838989,0.599553
0,0,-0.334987,-0.785026,0.521075
0,0,0.503467,0.35629,0.787133
0,0,0.0430916,-0.903495,0.426427
0,0,-0.0837263,0.490579,0.867365
0,0,-0.352206,-0.914121,0.200835
0,0,-0.845677,0.422697,0.325818
0,0,0.372625,-0.590112,0.716183
0,0,-0.608804,0.302622,0.733333
0,0,-0.459317,-0.38326,0.801336
0,0,0.448153,-0.879329,0.161056
0,0,-0.781187,0.417179,0.464445
0,0,-0.378581,0.551638,0.743218
0,0,0.798602,0.322778,0.507986
0,0,0.622186,0.344137,0.703175
0,0,-0.62956,-0.582964,0.513622
0,0,0.973773,0.188447,0.127487
0,0,0.402526,0.759568,0.51091
0,0,0.520904,0.853614,0.00110246
0,0,0.5926,-0.116825,0.79698
0,0,-0.701189,0.279114,0.656071
0,0,-0.696556,-0.080208,0.713005
0,0,0.130355,0.930881,0.341275
0,0,0.526676,-0.414062,0.742405
0,0,0.216632,-0.605327,0.76593
0,0,0.0979353,-0.603612,0.791241
0,0,0.22139,-0.0872969,0.97127
0,0,-0.229267,-0.934979,0.270649
0,0,-0.42864,0.75846,0.490923
0,0,0.768447,-0.469543,0.434762
0,0,0.617243,-0.449344,0.645834
0,0,0.697589,0.121297,0.706156
0,0,-0.72076,0.0664931,0.689988
0,0,0.65977,0.725115,0.197261
0,0,-0.202514,0.73895,0.642604
0,0,0.0644028,0.521403,0.850877
0,0,-0.523937,0.820928,0.227086
0,0,-0.316422,0.642497,0.697907
0,0,-0.954389,-0.233172,0.186476
0,0,0.595137,0.165273,0.786446
0,0,-0.929033,-0.33315,0.160961
0,0,0.780423,0.559933,0.278235
0,0,0.463385,0.569992,0.678515
0,0,0.430474,0.882795,0.188057
0,0,-0.485976,0.109695,0.867061
0,0,0.00450489,0.669424,0.742867
0,0,0.102445,-0.406449,0.907912
0,0,0.499115,-0.250228,0.829621
0,0,-0.816707,-0.531097,0.225666
0,0,-0.287452,-0.781108,0.554294
0,0,-0.904701,-0.415717,0.0932426
0,0,-0.740261,0.417763,0.526771
3.26091,4.5023,-0.286448,0.735011,0.614578
0,0,-0.858732,0.507353,0.0719211
0,0,0.937032,-0.342175,0.0699176
0,0,0.0327071,0.854707,0.51808
0,0,0.494704,0.855937,0.150465
0,0,0.889387,0.16599,0.425956
0,0,0.58625,-0.530461,0.612309
0,0,-0.41568,0.542987,0.72964
0,0,0.963428,0.224466,0.146363
0,0,0.782859,0.231509,0.577525
0,0,-0.866269,-0.465888,0.18035
0,0,-0.256021,-0.965922,0.0380402
0,0,0.755903,-0.414901,0.506426
0,0,0.940361,0.318511,0.119468
0,0,0.885382,0.438309,0.154868
0,0,-0.939686,0.309217,0.146203
0,0,-0.50717,0.860588,0.0465578
0,0,-0.504735,-0.825921,0.251189
0,0,-0.110322,-0.986696,0.119417
0,0,-0.749916,0.510624,0.420581
0,0,0.697447,0.450077,0.557672
0,0,0.620461,0.524236,0.583271
0,0,0.657599,-0.584356,0.47549
0,0,-0.998606,-0.0179352,0.049633
0,0,-0.49201,0.165702,0.854675
0,0,-0.0218272,0.780477,0.624804
0,0,-0.367389,0.281658,0.886394
0,0,0.204176,0.864032,0.460175
0,0,0.0173048,0.91186,0.410137
0,0,-0.879526,0.388598,0.274637
0,0,-0.31026,0.94383,0.113683
0,0,-0.805329,0.575571,0.141994
0,0,-0.248744,0.956711,0.151096
0,0,-0.826158,0.547994,0.131017
0,0,0.963972,-0.0808253,0.253426
0,0,-0.48237,-0.338414,0.807957
0,0,0.409164,-0.775952,0.480086
0,0,-0.623851,-0.742379,0.244303
0,0,-0.472418,-0.662493,0.581312
0,0,-0.0335065,-0.864811,0.500978
0,0,0.0517266,-0.485695,0.872596
0,0,-0.433139,0.89847,0.0717077
0,0,-0.890964,-0.249771,0.379206
1.89349,3.11013,-0.204967,-0.166947,0.964426
9.12216,12.5727,-0.0932616,-0.064092,0.993577
0,0,0.41435,-0.91011,0.00367476
0,0,0.391036,0.468259,0.792354
0,0,-0.469779,0.743298,0.476253
0,0,-0.0470811,-0.992615,0.111802
0,0,0.366015,0.693039,0.621072
0,0,0.344057,-0.301011,0.889391
0,0,0.402964,0.487394,0.77464
0,0,0.171769,0.921052,0.349513
0,0,0.618409,-0.712298,0.331966
0,0,-0.935189,-0.347062,0.0704978
0,0,-0.62699,0.724007,0.287571
0,0,0.98796,-0.0758729,0.134826
0,0,-0.599619,-0.80026,0.00632355
0,0,-0.800694,-0.351123,0.485388
0,0,0.534368,-0.840748,0.0871436
0,0,-0.277492,-0.890464,0.360654
0,0,0.824308,-0.560396,0.0804461
0,0,-0.810119,0.380992,0.445592
0,0,-0.263469,0.664359,0.699437
0,0,-0.142156,0.806974,0.573223
3.12648,5.04579,-0.255559,0.0816808,0.963337
0,0,0.380862,-0.829172,0.409167
0,0,-0.627199,-0.651137,0.427367
0,0,0.349115,0.62801,0.695502
0,0,0.851263,0.239571,0.466858
0,0,-0.922652,0.231526,0.308397
0,0,0.277606,-0.886107,0.371146
0,0,-0.434247,-0.32479,0.840203
0,0,0.339667,-0.679915,0.649878
0,0,0.161634,-0.986815,0.00837434
0,0,-0.439376,-0.847362,0.298206
0,0,-0.990301,0.13832,0.0130923
0,0,0.442564,0.561027,0.699561
0,0,0.875839,-0.054461,0.479521
0,0,-0.424481,-0.241967,0.872507
0,0,-0.0142945,0.999875,0.00669079
0,0,-0.294245,-0.429923,0.853572
0,0,0.103841,0.66253,0.741803
0,0,-0.447527,-0.456254,0.769124
0,0,-0.825495,-0.389623,0.408352
0,0,-0.460315,0.581747,0.670583
0,0,0.327155,0.100964,0.939562
0,0,-0.736573,-0.354746,0.57586
0,0,-0.368238,0.75627,0.540793
0,0,0.0594614,0.834373,0.547984
0,0,0.875498,0.395639,0.277441
0,0,-0.157374,0.970418,0.18309
0,0,-0.770699,0.433736,0.466794
0,0,-0.345773,-0.87736,0.332687
0,0,-0.136274,-0.990476,0.0196606
0,0,-0.43484,-0.191498,0.87991
0,0,-0.325549,-0.378163,0.866609
0,0,0.468062,-0.636383,0.613135
0,0,0.81846,0.039782,0.573185
0,0,-0.862203,0.231727,0.450454
0,0,-0.56208,0.817775,0.123734
0,0,0.842702,0.21044,0.495548
0,0,-0.359385,-0.931759,0.051655
0,0,-0.62634,0.0651014,0.776827
0.510999,0.396981,-0.247404,0.246855,0.936939
0,0,0.489986,-0.455899,0.743014
0,0,0.302886,-0.886815,0.349026
0,0,0.0864744,-0.849138,0.521044
0,0,0.111387,0.464903,0.878327
0,0,0.121795,0.986294,0.111315
0,0,-0.784616,0.600083,0.155812
0,0,0.360285,0.893964,0.266501
0,0,-0.0700819,0.670086,0.738968
0,0,-0.034287,-0.490818,0.870587
0,0,0.636793,-0.770101,0.0379287
0,0,-0.798788,-0.530201,0.284296
0,0,0.354146,0.848328,0.393598
0,0,-0.115706,-0.66565,0.73724
0,0,-0.627916,0.539312,0.561127
0,0,-0.93042,-0.28356,0.23219
0,0,-0.399971,0.432247,0.808199
0,0,-0.624007,0.773778,0.109009
14.1407,21.326,0.410238,-0.780538,-0.471662
0,0,-0.753073,0.350451,0.556835
0,0,0.51356,0.85056,0.113155
0,0,0.262745,0.407009,0.874819
0,0,-0.0818602,0.269479,0.959521
0,0,0.762956,-0.431502,0.481356
0,0,-0.683955,0.650305,0.33062
0,0,-0.574392,-0.505516,0.643838
2.31154,3.17662,0.810033,-0.443991,0.38304
0,0,0.399872,-0.870311,0.287509
0,0,0.906411,0.116796,0.405929
0,0,-0.988162,0.0859564,0.127072
0,0,0.110764,0.73371,0.670374
0,0,0.158567,-0.498858,0.852055
0,0,0.411645,0.143621,0.899956
0,0,0.562504,0.682931,0.46604
0,0,-0.119478,0.78755,0.604558
0,0,-0.504217,0.47328,0.722338
0,0,-0.717744,0.0970018,0.689517
0,0,0.370192,0.877187,0.305779
0,0,-0.972143,-0.231143,0.0388695
0,0,-0.741484,0.202936,0.639546
0,0,0.621571,0.33153,0.709745
0,0,0.75327,-0.333159,0.567088
0,0,-0.531201,-0.802005,0.273153
0,0,0.998078,0.0160389,0.0598545
0,0,-0.780794,-0.494356,0.382064
0,0,-0.739496,0.220081,0.636168
0,0,0.446898,0.664365,0.599084
0,0,0.856835,0.393869,0.332717
0,0,-0.751923,-0.410494,0.515856
0,0,-0.983224,-0.145437,0.110086
0,0,-0.249233,0.929696,0.271198
0,0,0.984525,0.0821232,0.154808
0,0,0.71302,-0.697323,0.0730959
0,0,0.50877,0.111143,0.853698
0,0,0.0698709,0.979764,0.187564
0,0,-0.838752,0.316683,0.442953
0,0,0.548769,-0.602642,0.579375
0,0,-0.561893,-0.821954,0.0930989
0,0,0.742852,-0.356355,0.56673
0,0,-0.531247,0.847171,0.0088593
0,0,0.510714,0.716096,0.475792
0,0,0.638005,0.769619,0.0252246
0,0,-0.129631,-0.499045,0.856825
0,0,-0.705036,-0.657899,0.264751
22.4558,32.1377,-0.130805,-0.9615,-0.241679
0,0,0.26733,0.932347,0.24344
0,0,0.0876771,-0.552435,0.828932
0,0,-0.650208,0.449983,0.612164
0,0,0.35946,0.652716,0.666896
0,0,-0.420349,0.71695,0.556137
0,0,0.260697,0.399404,0.878927
0,0,0.922117,-0.385893,0.0280481
0,0,0.216741,-0.637056,0.739718
0,0,0.516649,0.785544,0.340579
0,0,0.437715,-0.825013,0.357435
0,0,0.608112,0.671033,0.424162
0,0,0.836026,-0.54824,0.0222071
0,0,-0.43656,-0.527801,0.728588
0,0,0.892938,0.38024,0.240999
0,0,-0.339781,-0.389035,0.856271
0,0,-0.676612,0.73255,0.0746166
0,0,0.39678,0.0568383,0.916152
0,0,-0.893601,-0.445532,0.0545704
0,0,0.952757,0.0779252,0.293567
0,0,-0.957786,0.273052,0.089934
0,0,0.982914,-0.182153,0.0264776
0,0,-0.927729,-0.364692,0.0794851
0,0,-0.204336,0.955699,0.211863
0,0,-0.112178,0.509195,0.853309
0,0,0.583075,-0.22388,0.780961
0,0,-0.441886,-0.890548,0.107984
0,0,0.847387,-0.0799492,0.524923
0,0,0.781477,-0.435012,0.447279
19.752,28.2274,0.109184,0.0445824,0.993021
0,0,-0.874926,-0.363861,0.319545
0,0,-0.548431,-0.733036,0.402345
0,0,-0.391381,-0.147845,0.908275
0,0,-0.183481,0.776787,0.602442
0,0,-0.898961,-0.297936,0.321097
0,0,0.566985,0.795502,0.213785
4.96747,6.35666,0.162551,-0.14949,-0.97531
0,0,-0.384744,-0.688416,0.614862
0,0,-0.907228,-0.395097,0.144345
0,0,-0.786434,0.541668,0.296845
0,0,0.211032,0.977449,0.00771694
0,0,0.845328,-0.385512,0.369865
0,0,-0.467231,-0.700311,0.539685
0,0,-0.580681,-0.482951,0.655414
0,0,0.571544,0.820346,0.0192222
0,0,-0.0567507,-0.333531,0.94103
0,0,-0.400062,-0.458514,0.793546
0,0,0.524818,-0.391106,0.756044
0,0,-0.547359,-0.580721,0.602628
0,0,-0.20596,0.853037,0.479488
0,0,0.550274,0.797168,0.248438
0,0,0.934002,0.251763,0.253486
17.7262,24.0628,-0.160563,0.121749,0.979488
0,0,-0.38267,-0.123622,0.915577
0,0,-0.35509,0.380152,0.854046
0,0,0.483065,0.567646,0.666653
0,0,0.346555,-0.931276,0.112361
0,0,0.712742,0.181682,0.677488
0,0,0.492761,-0.416554,0.763983
0,0,0.184425,0.55225,0.813024
0,0,0.0545563,0.914912,0.39995
0,0,-0.778519,0.38608,0.494823
22.1676,28.2626,0.58417,-0.580336,0.567411
0,0,-0.991274,0.0681242,0.112847
0,0,-0.491096,0.0408588,0.870147
16.5554,24.8455,0.31543,0.0693807,0.946409
0,0,-0.158095,-0.980042,0.120514
18.9499,29.3839,0.639518,0.507775,-0.577218
0,0,-0.305671,-0.655411,0.690653
0,0,-0.989688,-0.137602,0.0398021
0,0,0.68246,-0.712884,0.161386
0,0,-0.170873,0.806907,0.565424
0,0,-0.734337,0.669891,0.109519
0,0,0.222403,-0.53929,0.812221
0,0,-0.557351,0.741612,0.373324
0,0,0.685894,-0.39605,0.610487
0,0,0.157054,0.975903,0.151482
0,0,-0.458697,0.0141063,0.888481
0,0,-0.748478,-0.337938,0.570595
0,0,0.410601,0.820844,0.397017
0,0,-0.0782493,0.743277,0.664392
14.3032,22.0775,-0.889429,-0.448264,0.0893045
0,0,-0.455217,-0.827666,0.328246
0,0,-0.629859,-0.773797,0.067199
0,0,-0.7594,0.135095,0.636444
0,0,-0.269668,0.667875,0.693702
0,0,0.698127,0.71162,0.0788382
0,0,-0.0665325,-0.227502,0.971502
0,0,-0.621469,-0.766897,0.160142
0,0,-0.880195,-0.194142,0.433088
0,0,0.526266,-0.74739,0.405526
0,0,0.0374601,-0.894534,0.445427
0,0,0.912248,0.332841,0.238791
0,0,-0.696228,0.403091,0.593956
0,0,0.557485,0.821764,0.117956
0,0,0.136115,0.874287,0.465934
0,0,-0.71687,-0.637228,0.282911
0,0,-0.895387,-0.196208,0.39973
0,0,0.690029,0.7206,0.0677905
0,0,0.10675,-0.99372,0.0335479
0,0,-0.990106,0.0388353,0.134841
0,0,-0.725571,-0.15896,0.669536
0,0,-0.85876,0.225473,0.460102
0,0,-0.103321,0.964032,0.244881
0,0,-0.567549,0.492181,0.660035
0,0,0.943823,0.326975,0.0478059
0,0,0.611172,-0.38837,0.689665
0,0,-0.931639,-0.281982,0.229204
0,0,-0.485189,-0.434633,0.758739
0,0,0.920316,-0.377326,0.103169
0,0,0.862134,-0.385751,0.328514
0,0,-0.519703,-0.0440004,0.853213
0,0,0.181507,-0.958343,0.220533
0,0,0.170263,0.830166,0.530881
0,0,-0.270066,-0.925078,0.26701
0,0,-0.285633,-0.724273,0.627569
0,0,-0.744562,-0.286665,0.602869
0,0,0.0727759,0.913653,0.399927
0,0,-0.00319771,-0.624611,0.780929
0,0,-0.648829,-0.731791,0.208573
0,0,-0.955065,0.19649,0.221906
0,0,-0.212698,0.379694,0.900329
0,0,-0.482361,0.206401,0.851308
0,0,0.161818,-0.977121,0.13802
0,0,0.650322,-0.719955,0.242375
0,0,0.950081,-0.0312297,0.310435
0,0,-0.272599,-0.251356,0.928714
0,0,-0.609398,0.722386,0.326793
0,0,0.321568,-0.897262,0.302513
0,0,0.587544,-0.329522,0.739059
0,0,0.336701,0.697094,0.633003
0,0,-0.0269063,-0.864961,0.501117
0,0,0.502788,0.126446,0.855111
0,0,0.0881795,-0.553741,0.828007
0,0,-0.223274,0.367665,0.902758
0,0,0.753002,0.612752,0.23984
0,0,0.614092,-0.5075,0.604429
0,0,0.0654253,-0.124345,0.99008
0,0,0.366727,-0.614696,0.698327
0,0,0.634122,0.757827,0.153583
0,0,0.0938577,0.515281,0.851867
0,0,-0.857912,0.214461,0.466897
0,0,-0.215949,-0.917055,0.335225
0,0,-0.665554,0.346801,0.660884
0,0,0.657244,-0.470464,0.588807
0,0,-0.00919924,0.692804,0.721068
0,0,0.276393,0.783868,0.55602
0,0,-0.167506,0.676872,0.716789
0,0,-0.954829,-0.233315,0.184029
0,0,0.867147,-0.291224,0.404036
0,0,0.178288,0.0746919,0.981139
0,0,-0.983864,-0.0310301,0.176207
0,0,0.210378,-0.635754,0.74267
0,0,0.388016,0.371717,0.843368
9.84206,14.4358,-0.0767217,0.230081,0.970142
0,0,0.111924,0.947626,0.299127
0,0,-0.976005,0.191278,0.104056
0,0,0.394639,-0.186016,0.89981
0,0,0.960102,-0.239254,0.144779
0,0,-0.443578,-0.664517,0.601378
0,0,0.562516,0.81789,0.120958
0,0,-0.304804,-0.894515,0.327013
0,0,0.535968,0.843091,0.0439934
0,0,0.759743,-0.215762,0.613382
0,0,0.645139,-0.349645,0.679371
0,0,-0.846061,-0.348262,0.403603
0,0,-0.942378,0.246395,0.226305
0,0,-0.877402,-0.131234,0.461458
0,0,0.766769,0.536149,0.353002
0,0,-0.423329,0.829758,0.363722
0,0,0.255043,-0.94827,0.189042
0,0,0.780405,-0.435755,0.448426
0,0,-0.926558,-0.204057,0.315991
0,0,0.594936,-0.04609,0.80245
0,0,0.407931,-0.547636,0.730539
0,0,-0.152264,0.815904,0.557778
0,0,-0.945929,0.311783,0.089493
0,0,0.629937,0.19821,0.750927
0,0,-0.356292,-0.908649,0.217746
0,0,0.28369,0.60878,0.740883
0,0,0.898105,0.395647,0.192018
0,0,-0.270829,0.139351,0.952488
0,0,0.437457,-0.591968,0.676909
0,0,-0.14643,0.372048,0.916591
0,0,-0.672323,-0.290493,0.680879
0,0,-0.603962,-0.4388,0.665345
0,0,-0.625874,0.272637,0.730719
0,0,-0.602871,-0.144254,0.78469
0,0,-0.586978,-0.367907,0.721181
0,0,-0.0654816,0.218678,0.973598
0,0,-0.0707413,-0.810762,0.581085
15.8563,22.2306,-0.351593,-0.935998,0.0170162
0,0,-0.59978,0.0211125,0.799886
0,0,-0.0961664,0.945413,0.311361
0,0,0.268473,-0.455937,0.848554
0,0,0.124485,0.55958,0.819374
0,0,0.960431,-0.0870701,0.264557
0,0,0.598103,0.436307,0.672242
0,0,-0.0105261,-0.943501,0.331202
0,0,0.995226,0.0488143,0.084516
0,0,0.70472,0.0162718,0.709299
0,0,-0.41746,-0.640126,0.644954
0,0,-0.907493,-0.311,0.282373
0,0,0.421779,0.312454,0.851161
0,0,0.231318,0.941869,0.243669
0,0,-0.313149,0.292529,0.903529
0,0,-0.213935,0.845042,0.490036
0,0,-0.764716,-0.612889,0.198939
0,0,0.640739,-0.73269,0.229388
0,0,0.158924,0.638542,0.752999
0.690163,1.23615,0.408631,0.0822816,0.908983
0,0,-0.412697,-0.844827,0.340512
0,0,-0.678929,-0.709238,0.189836
0,0,0.485069,-0.139443,0.863286
0,0,0.121241,0.812432,0.570311
0,0,-0.238466,0.924817,0.296391
0,0,0.646721,-0.173147,0.742814
0,0,0.257297,0.532916,0.806101
0,0,-0.482861,0.455739,0.747761
0,0,0.846123,-0.378386,0.375366
0,0,-0.826762,-0.536799,0.168259
0,0,-0.414678,-0.383054,0.825416
0,0,-0.157572,-0.591723,0.790591
0,0,0.587382,-0.653528,0.477372
0,0,0.902183,-0.264743,0.340553
0,0,0.683416,0.729785,0.0188624
3.10239,4.69276,-0.392428,-0.0735869,0.916834
0,0,0.0840995,0.811525,0.578234
0,0,0.543268,-0.44145,0.71413
0,0,-0.635285,0.327795,0.699259
0,0,-0.578895,-0.802525,0.14434
0,0,-0.120798,-0.55101,0.825709
0,0,-0.520259,-0.370386,0.76951
0,0,0.287384,0.283528,0.914889
0,0,0.752048,0.0277481,0.658524
0,0,0.105135,0.514628,0.850943
0,0,-0.38061,0.465861,0.798818
0,0,0.953434,0.299816,0.0327847
0,0,-0.219209,0.973087,0.0710607
0,0,0.654884,-0.444077,0.611492
0,0,-0.393481,-0.445416,0.804225
0,0,-0.0933935,0.566739,0.818587
0,0,-0.714903,0.23398,0.658914
0,0,-0.821128,0.233131,0.520959
0,0,-0.245173,-0.818193,0.520048
0,0,0.862996,-0.440749,0.246938
0,0,-0.115645,0.992191,0.0467145
0,0,0.101665,-0.865599,0.490309
0,0,-0.951026,0.157383,0.266046
0,0,-0.670466,-0.703827,0.234741
0,0,-0.221974,-0.939267,0.261733
0,0,0.455131,-0.271132,0.848141
0,0,0.489766,-0.165521,0.855998
0,0,-0.359574,-0.912107,0.196894
0,0,-0.951907,0.160168,0.261189
0,0,-0.826818,0.268346,0.494331
0,0,0.776929,-0.59313,0.211134
0,0,-0.740497,0.558004,0.374562
0,0,0.0197166,0.821713,0.56956
0,0,0.984656,-0.028861,0.172101
0,0,-0.39683,-0.309493,0.864141
0,0,-0.231513,0.790218,0.567413
0,0,-0.279152,0.47725,0.833251
0,0,-0.875539,-0.341469,0.341804
0,0,0.8075,0.554053,0.202409
0,0,-0.818788,-0.425363,0.385555
0,0,-0.541553,0.0549506,0.838868
0,0,-0.100431,0.763623,0.637804
0,0,0.380241,-0.409937,0.829077
0,0,0.265772,-0.371712,0.889492
0,0,-0.351273,0.616557,0.704602
0,0,-0.482231,0.779105,0.40056
0,0,0.999638,-0.0260218,0.0068123
0,0,-0.475705,-0.679626,0.558403
0,0,-0.0945325,-0.990771,0.0971388
0,0,-0.604748,-0.410965,0.682193
0,0,0.844672,0.361148,0.395096
0,0,0.35368,-0.0812437,0.931831
0,0,0.6109,0.251709,0.750629
0,0,0.556817,-0.693871,0.456616
0,0,-0.803707,0.575285,0.151993
0,0,-0.524119,0.609555,0.594762
0,0,-0.796028,0.491324,0.353469
0,0,0.447924,0.134547,0.88389
0,0,-0.805336,0.455361,0.379579
0,0,-0.47408,-0.837282,0.272411
0,0,0.576382,0.491062,0.653178
0,0,0.414044,-0.418599,0.808296
0,0,0.196846,0.754564,0.626007
0,0,0.988236,-0.152771,0.00716585
0,0,0.601446,-0.401994,0.690408
0,0,-0.275535,-0.0723346,0.958566
0,0,-0.940784,0.338595,0.0166743
0,0,0.429793,-0.813056,0.392705
0,0,-0.359779,0.510011,0.781312
0,0,0.2869,-0.890559,0.352976
0,0,-0.0985856,0.97388,0.204545
0,0,-0.244071,0.820568,0.516814
0,0,-0.949956,0.0982778,0.296521
0,0,-0.680576,0.727242,0.0890854
0,0,-0.457875,-0.777875,0.43042
0,0,-0.921773,0.202806,0.33046
0,0,0.00561891,0.425341,0.905016
0,0,0.386016,0.796299,0.465725
0,0,0.635473,0.183817,0.749923
0,0,-0.432446,-0.899159,0.0671097
0,0,0.79905,0.300278,0.520914
0,0,0.116512,0.97102,0.208673
0,0,-0.779092,0.61803,0.105141
0,0,-0.858508,-0.435621,0.270553
0,0,0.739323,0.586992,0.32991
0,0,0.259374,-0.448436,0.855354
0,0,0.220279,-0.957658,0.185388
0,0,-0.469727,0.356737,0.807524
0,0,-0.735626,0.154533,0.659525
0,0,-0.668372,0.564459,0.484422
0,0,0.797832,0.347817,0.49243
0,0,0.797572,-0.581437,0.160653
0,0,-0.124166,-0.650584,0.749215
0,0,0.220759,0.525508,0.821649
0,0,-0.63651,0.424448,0.643972
0,0,0.577541,0.275724,0.768389
0,0,-0.162119,0.795495,0.58387
0,0,-0.289861,0.517855,0.804864
0,0,-0.325865,-0.678423,0.658448
0,0,-0.678434,-0.734631,0.00670558
0,0,-0.672199,0.427274,0.604636
0,0,0.920634,-0.306637,0.241676
0,0,-0.339348,-0.0361597,0.939966
0,0,-0.941995,0.301205,0.148054
0,0,-0.709944,-0.502899,0.493024
0,0,-0.353422,0.171225,0.91966
0,0,-0.673665,-0.67753,0.295174
0,0,0.723579,0.673034,0.153162
0,0,0.749552,0.649359,0.128469
0,0,-0.784052,-0.6183,0.0544807
0,0,-0.843025,-0.407914,0.350593
0,0,-0.237813,0.644549,0.726637
0,0,-0.528386,0.318477,0.787008
0,0,0.438945,-0.368722,0.819373
0,0,0.668225,0.308002,0.677207
0,0,-0.95225,0.301115,0.0504833
0,0,-0.263107,0.557919,0.787084
0,0,-0.305364,0.903275,0.301409
0,0,-0.0611152,0.988801,0.136153
0,0,0.415414,0.762414,0.496141
0,0,0.387856,-0.870204,0.303831
0,0,0.433649,0.0121714,0.901
0,0,0.950862,0.288092,0.113423
0,0,-0.615145,0.117448,0.779617
0,0,-0.485669,0.359509,0.796793
0,0,0.933306,0.134826,0.33281
0,0,-0.360568,0.916235,0.174655
0,0,-0.0679198,-0.75162,0.65609
0,0,-0.013373,0.582988,0.812371
0,0,0.15535,0.297346,0.942047
0,0,-0.952458,-0.214984,0.215885
0,0,-0.26798,-0.869216,0.415512
0,0,-0.508841,-0.566294,0.648377
0,0,-0.244278,0.764833,0.596119
0,0,-0.200487,-0.871965,0.446634
0,0,-0.387149,-0.902309,0.189614
0,0,0.229135,0.908745,0.348827
0,0,-0.813417,0.510183,0.279405
0,0,0.675369,-0.668649,0.311103
0,0,0.684432,0.662514,0.304348
0,0,0.417399,-0.904244,0.0901192
0,0,-0.833194,0.53846,0.125892
0,0,0.253287,-0.761384,0.596775
0,0,-0.532914,-0.294134,0.793403
0,0,0.271021,-0.514335,0.813638
0,0,-0.183899,-0.959539,0.213227
0,0,0.357912,-0.0348411,0.933105
0,0,0.835632,-0.249769,0.489219
0,0,0.871881,-0.279743,0.401954
0,0,-0.053043,-0.810179,0.583778
0,0,0.292797,-0.947756,0.126606
0,0,-0.453481,0.272819,0.848484
0,0,0.218567,-0.315157,0.923528
0,0,-0.638873,0.76286,0.0994265
0,0,-0.754592,-0.486688,0.440143
0,0,-0.283833,-0.607964,0.741497
0,0,0.381479,-0.638217,0.668694
0,0,-0.260825,0.962772,0.0709963
0,0,0.57354,0.463655,0.675333
0,0,0.49253,-0.729071,0.475258
0,0,0.849736,0.355946,0.38891
0,0,-0.801531,-0.371898,0.46823
0,0,0.975967,0.0440907,0.21341
22.5366,30.2042,-0.590418,-0.130937,0.796405
0,0,-0.0231748,-0.0468453,0.998633
0,0,-0.867132,-0.358142,0.346145
0,0,0.719217,0.679674,0.144117
0,0,-0.104186,-0.180418,0.978057
0,0,0.532694,-0.268004,0.802752
0,0,0.894379,-0.302513,0.329501
0,0,-0.0247703,0.705943,0.707836
3.07949,4.601,-0.0580569,-0.218742,0.974054
0,0,0.94241,0.323877,0.0834633
0,0,0.897515,-0.381239,0.221637
0,0,0.737208,-0.605546,0.299731
0,0,-0.919915,-0.347061,0.182499
20.3963,28.9844,0.309069,0.815234,0.489765
0,0,-0.843862,-0.52755,0.0979207
0,0,-0.187359,0.875529,0.445361
0,0,0.296443,0.813222,0.50079
0,0,-0.343483,0.788197,0.510652
0,0,0.0600692,-0.345813,0.936379
0,0,-0.538982,-0.739345,0.403569
0,0,0.27047,0.116228,0.955687
0,0,-0.431265,-0.155645,0.888698
0,0,0.102947,0.99192,0.0741405
0,0,0.916002,-0.0849754,0.39207
17.4934,26.303,0.234097,0.673726,0.700922
0,0,0.0259075,-0.810066,0.585767
0,0,0.153008,-0.928061,0.339545
16.2167,24.3938,0.211555,-0.149487,0.965867
0,0,-0.95344,-0.285627,0.0967968
0,0,0.204807,0.968337,0.142751
0,0,-0.0318895,-0.964118,0.263551
0,0,-0.30968,0.591479,0.74448
0,0,-0.247278,-0.650094,0.718492
0,0,0.595006,-0.119354,0.79481
0,0,0.508981,0.834312,0.211807
0,0,0.733196,-0.168289,0.658864
0,0,0.831554,-0.176203,0.526754
0,0,0.357167,0.809314,0.466308
0,0,0.495638,0.805914,0.323799
0,0,-0.331961,-0.80953,0.484214
0,0,-0.0314547,0.645841,0.762824
0,0,0.184491,0.662131,0.726323
0,0,-0.316596,-0.323193,0.891803
0,0,0.799121,0.510512,0.317464
0,0,-0.482903,0.804545,0.345706
0,0,-0.517735,0.0169108,0.855374
20.8691,28.2061,-0.0441621,0.843718,0.534967
0,0,0.675283,-0.707485,0.208464
0,0,0.273391,-0.56597,0.777776
16.6406,25.138,0.166606,-0.0229712,0.985756
0,0,0.672184,-0.653762,0.347512
0,0,-0.218924,-0.640516,0.736078
0,0,0.607246,0.595023,0.526498
0,0,0.565706,0.765497,0.30658
0,0,0.481978,0.82403,0.297777
0,0,-0.938251,-0.0109593,0.345781
0,0,0.323854,-0.937273,0.128986
0,0,-0.811446,-0.000230911,0.584427
0,0,-0.868219,0.475477,0.141835
0,0,-0.255625,0.963441,0.0802299
6.29114,10.506,-0.780975,0.252,-0.571467
0,0,0.393255,-0.201959,0.896974
0,0,-0.46189,-0.825626,0.324035
0,0,-0.809412,-0.525528,0.262053
0,0,-0.960733,-0.270434,0.0621147
0,0,-0.757745,0.555291,0.342747
0,0,0.356909,0.932824,0.0495443
0,0,-0.869717,0.386027,0.307531
0,0,0.565958,0.301295,0.767407
0,0,0.49817,0.267374,0.824826
0,0,0.22893,-0.876857,0.422745
0,0,-0.960811,-0.132566,0.243453
0,0,0.885859,0.038462,0.462357
0,0,-0.0590881,0.869543,0.49031
0,0,-0.999708,0.00843375,0.0226348
0,0,0.31103,-0.582125,0.75126
0,0,-0.931603,-0.0281488,0.362385
0,0,0.991484,-0.115078,0.0609569
12.9284,18.7171,0.195012,-0.67447,-0.712082
0,0,0.276713,0.753393,0.596513
0,0,0.266742,0.820744,0.5052
0,0,-0.183096,-0.98078,0.0674203
0,0,-0.652506,-0.498919,0.570364
0,0,-0.0366835,-0.940709,0.337225
0,0,-0.872835,-0.147439,0.465211
0,0,0.915848,0.131095,0.379521
0,0,-0.749187,-0.270106,0.604782
0,0,0.102433,0.982198,0.157462
0,0,0.622653,0.759513,0.188262
0,0,-0.864564,0.500007,0.0502206
0,0,0.254231,-0.7026,0.66462
0,0,0.86934,-0.487425,0.0816363
0,0,-0.702184,0.409158,0.58269
0,0,0.197548,0.823528,0.531768
0,0,-0.0682429,-0.609228,0.790053
0,0,-0.375353,-0.871354,0.315994
0,0,-0.849261,-0.0941609,0.519509
0,0,-0.613972,-0.0972742,0.783311
0,0,-0.981661,-0.0787193,0.173623
0,0,0.666556,-0.229521,0.709242
0,0,0.407833,0.894464,0.18332
0,0,0.767272,0.0846656,0.635708
0,0,-0.395771,-0.769864,0.500673
0,0,0.0364716,0.97869,0.202078
0,0,-0.570677,0.817778,0.0746077
0,0,-0.0707245,-0.892515,0.445439
0,0,0.837922,0.294427,0.459564
0,0,0.777702,0.600515,0.185908
0,0,0.664648,0.378314,0.644299
0,0,-0.843817,-0.199369,0.498221
0,0,0.793744,-0.60671,0.0432767
0,0,0.223691,-0.377179,0.89872
0,0,0.58619,0.773594,0.240694
0,0,0.715888,-0.0759638,0.69407
0,0,-0.726464,-0.634339,0.264317
0,0,0.621503,-0.578222,0.528577
0,0,-0.417738,0.193427,0.887739
0,0,-0.425573,-0.779536,0.459578
0,0,0.068022,-0.226468,0.971641
0,0,0.322591,0.832019,0.451309
0,0,-0.381436,0.51396,0.768343
0,0,0.817356,0.258922,0.514673
0,0,0.27934,-0.955168,0.0980959
0,0,0.821063,-0.470295,0.323541
0,0,0.958487,0.2721,0.0852292
16.2517,23.6315,-0.335515,-0.803886,0.491119
0,0,0.376907,0.45325,0.807778
0,0,0.083639,0.38952,0.917213
0,0,-0.328623,-0.840608,0.430564
0,0,-0.343854,0.67903,0.6486
8.63264,13.0156,0.286048,-0.179764,0.941202
0,0,-0.574268,0.807847,0.132667
0,0,-0.479524,-0.378258,0.791819
0,0,0.415095,0.8954,0.161104
0,0,0.845449,-0.397198,0.357001
0,0,-0.735581,0.61916,0.274885
0,0,-0.0127935,-0.740904,0.671489
0,0,-0.546507,-0.00437372,0.837443
0,0,-0.00397809,0.565554,0.824701
0,0,0.835386,-0.544811,0.0728793
0,0,0.8661,0.361899,0.34482
0,0,0.754333,-0.401532,0.519379
0,0,-0.962602,-0.163432,0.216071
0,0,-0.480341,0.256118,0.838854
0,0,0.539197,0.524097,0.659234
14.0089,20.1204,-0.823781,-0.428958,0.370647
0,0,-0.0322599,-0.638053,0.769316
0,0,0.380275,0.914756,0.136426
0,0,-0.80664,-0.0999212,0.582535
0,0,-0.828825,0.271771,0.48907
0,0,-0.160495,-0.985626,0.0527443
0,0,-0.0965148,0.97105,0.218509
0,0,-0.380428,-0.531623,0.756737
0,0,0.942189,-0.0769189,0.326133
0,0,0.635437,-0.751674,0.17665
0,0,0.145325,0.976204,0.160953
0,0,-0.568417,0.687261,0.452299
0,0,-0.289525,0.450005,0.84479
0,0,0.854949,-0.368855,0.364704
0,0,-0.994691,0.00609968,0.102728
0,0,0.890861,0.452647,0.0384319
0,0,-0.233171,0.875741,0.422739
0,0,-0.194459,-0.966478,0.167651
0,0,0.269104,-0.817183,0.5097
0,0,-0.26261,0.719622,0.642791
0,0,0.850056,-0.427996,0.306961
0,0,-0.367558,-0.843365,0.391966
0,0,0.287281,-0.95739,0.0295694
0,0,0.139137,-0.788821,0.598667
0,0,0.238843,0.963708,0.119248
9.46498,12.2484,0.282322,-0.737272,0.613779
0,0,-0.586069,0.015271,0.810117
0,0,0.862082,0.419429,0.284419
0,0,0.69309,0.422036,0.58439
0,0,-0.425368,0.278378,0.861143
0,0,-0.733828,0.658275,0.167839
0,0,0.851073,0.246953,0.463346
0,0,-0.788194,0.578391,0.210274
0,0,-0.895534,-0.221877,0.385733
0,0,0.611712,-0.727087,0.311695
0,0,0.6437,0.6936,0.323372
0,0,-0.950419,-0.305875,0.0560819
0,0,-0.614606,-0.77222,0.161042
0,0,-0.889626,-0.114281,0.442159
0,0,-0.2465,0.668907,0.701285
0,0,0.57661,0.710744,0.402943
0,0,0.596639,0.651005,0.46927
0,0,-0.425895,-0.283381,0.859249
0,0,-0.300444,-0.461205,0.834879
0,0,0.998681,0.0485451,0.0166932
0,0,0.764329,-0.199469,0.613199
0,0,-0.15957,0.63258,0.757878
0,0,0.638135,-0.652344,0.408938
0,0,0.518492,0.256792,0.815613
0,0,-0.615119,-0.775902,0.140015
0,0,0.599124,-0.719744,0.350741
12.1411,17.8899,0.301642,0.505165,0.808591
0,0,-0.0575386,0.968275,0.243173
0,0,-0.545521,-0.429872,0.719456
0,0,-0.219666,0.666368,0.712531
0,0,0.268179,-0.24021,0.932941
0,0,-0.980392,-0.000888194,0.197055
0,0,0.897496,0.197314,0.394422
0,0,0.853585,0.122438,0.506361
0,0,-0.675098,0.729195,0.111879
0,0,-0.000700015,-0.999826,0.0186231
0,0,-0.477188,0.614361,0.628373
0,0,0.729203,-0.681004,0.0670491
0,0,-0.912081,-0.408808,0.0313662
3.06601,4.19894,-0.0162777,0.0498159,0.998626
0,0,0.473805,0.553527,0.684921
0,0,-0.690614,0.0345211,0.722399
0,0,-0.87558,-0.288037,0.387807
0,0,0.189601,-0.399877,0.896744
0,0,-0.103804,0.976944,0.186561
0,0,0.495545,0.830118,0.255614
0,0,0.634028,-0.769498,0.0766927
0,0,0.128298,-0.951815,0.278547
0,0,-0.694031,0.717837,0.0550551
0,0,-0.408533,-0.549109,0.729095
0,0,-0.0206392,-0.939945,0.340702
0,0,-0.451258,0.00823543,0.892356
0,0,0.742488,0.255532,0.619205
0,0,-0.329691,-0.381543,0.863556
0,0,0.4319,-0.43252,0.791447
0,0,-0.0136193,-0.517242,0.855731
0,0,-0.905871,0.00744628,0.423489
0,0,0.58657,0.78732,0.189902
0,0,0.872813,0.389601,0.293954
0,0,0.558388,-0.669345,0.490082
0,0,0.0299009,-0.423754,0.905284
0,0,-0.851607,0.360189,0.380827
0,0,-0.65803,-0.676619,0.330428
0,0,-0.706897,-0.704637,0.061509
0,0,0.414725,0.00581368,0.909928
0,0,0.407594,0.451549,0.793707
16.2113,22.7977,0.637368,0.0594056,0.768266
0,0,0.975031,0.137679,0.174238
0,0,0.631586,0.177989,0.754598
0,0,0.715245,0.369538,0.593183
0,0,0.0942686,0.281174,0.955015
0,0,-0.304844,0.568118,0.764403
0,0,-0.274572,0.82038,0.501585
0,0,-0.342185,0.318073,0.88416
0,0,0.506091,-0.307123,0.805945
0,0,-0.530747,0.36661,0.764137
0,0,-0.193258,0.930253,0.311898
0,0,-0.535538,-0.775869,0.333506
0,0,-0.498051,0.61446,0.61187
0,0,0.0161488,-0.937521,0.347555
0,0,-0.852752,0.419565,0.311093
0,0,0.860481,0.100465,0.49948
0,0,-0.0524718,-0.401058,0.914549
0,0,0.821284,-0.570491,0.00566427
0,0,-0.6366,-0.368237,0.6776
0,0,0.500205,0.865903,0.00282467
0,0,-0.187295,-0.539233,0.821066
0,0,0.0115369,-0.999686,0.0222407
0,0,0.400126,-0.740945,0.539352
7.61881,11.4301,-0.728828,0.186299,0.658864
0,0,-0.860939,-0.26215,0.435961
0,0,-0.613193,-0.255492,0.747474
0,0,-0.601004,0.488695,0.632433
0,0,0.651999,-0.218811,0.725961
0,0,-0.984163,-0.146287,0.100113
0,0,-0.728603,0.545183,0.414625
0,0,-0.869923,0.379502,0.31498
0,0,0.526786,0.39903,0.750514
0,0,-0.0363834,-0.763011,0.64536
0,0,-0.543319,0.587003,0.600193
0,0,0.092359,-0.245318,0.965033
0,0,0.0559875,-0.904617,0.422533
0,0,0.838133,-0.506216,0.203169
0,0,-0.126702,-0.339217,0.932136
0,0,0.0845623,0.526689,0.845842
0,0,0.650771,0.686914,0.323491
0,0,-0.899798,0.415428,0.133355
0,0,0.082081,-0.982432,0.1676
0,0,0.88079,0.195136,0.43143
0,0,0.0513962,-0.915182,0.39975
0,0,0.911931,-0.273469,0.305937
0,0,0.862544,-0.0687857,0.501285
0,0,-0.376367,-0.326064,0.867197
0,0,-0.501423,-0.813854,0.293627
0,0,-0.091393,-0.805141,0.585999
0,0,0.0384168,-0.847011,0.530186
0,0,-0.832054,0.238582,0.500765
0,0,0.187126,-0.186373,0.964494
0,0,-0.0796543,0.48025,0.873507
0,0,-0.165749,-0.919083,0.357511
0,0,-0.895612,-0.342942,0.283319
0,0,-0.396772,-0.852781,0.339613
0,0,-0.971691,-0.160008,0.173822
0,0,-0.218843,-0.844583,0.488658
0,0,0.89395,-0.00244343,0.448161
0,0,-0.991011,0.104898,0.0830275
0,0,0.966223,-0.0748931,0.246584
0,0,0.145771,-0.902222,0.405889
0,0,-0.345129,0.733942,0.584991
0,0,0.191317,0.661484,0.725147
0,0,-0.21332,0.826749,0.520559
0,0,0.816321,0.53721,0.212191
0,0,0.0141311,-0.785524,0.61867
0,0,-0.282478,-0.959257,0.00562288
0,0,-0.565765,-0.294253,0.770276
0,0,0.398093,0.916828,0.0308066
0,0,0.902655,0.417763,0.103387
0,0,0.0769631,-0.21061,0.974536
0,0,-0.738814,-0.655078,0.158197
0,0,-0.004424,-0.629992,0.776589
0,0,0.180526,0.49717,0.848665
0,0,-0.636588,0.42333,0.64463
0,0,-0.523019,-0.643388,0.559019
0,0,0.801316,0.0807878,0.592762
0,0,0.753053,0.571608,0.325847
0,0,-0.483109,0.0484695,0.874217
0,0,0.814764,0.147762,0.560647
0,0,-0.775864,-0.231275,0.586981
0,0,-0.899646,-0.192724,0.391784
0,0,-0.0553582,-0.82042,0.569076
0,0,-0.152641,-0.807349,0.569989
0,0,0.267181,0.950778,0.156956
0,0,0.958847,-0.254218,0.126435
0,0,-0.963535,0.11153,0.243233
0,0,0.263651,-0.951663,0.157559
0,0,-0.0251573,-0.68891,0.72441
0,0,-0.129862,-0.983856,0.123138
0,0,0.579417,0.465741,0.668851
0,0,0.311609,-0.0898648,0.945952
0,0,0.488627,-0.125257,0.863455
0,0,0.346923,-0.751,0.561822
0,0,-0.754355,-0.282337,0.59265
0,0,0.888909,-0.187283,0.418049
0,0,0.895562,-0.0983394,0.433933
0,0,0.443279,-0.146198,0.884381
0,0,0.597337,-0.125696,0.792079
0,0,0.217492,0.214711,0.952153
0,0,0.550132,0.641001,0.535232
0,0,0.583797,0.719434,0.376292
0,0,-0.994951,0.0707331,0.0712057
0,0,0.96569,0.203165,0.161764
0,0,0.77588,0.52446,0.350645
0,0,0.801222,0.583224,0.133766
0,0,-0.714091,0.38673,0.583536
2.84571,4.32705,-0.149175,-0.133751,0.979723
0,0,0.993924,-0.00673718,0.109865
0,0,-0.56957,-0.0329679,0.821281
0,0,0.304217,-0.755509,0.580223
0,0,0.520868,-0.706313,0.479393
0,0,0.526448,0.838918,0.138093
0,0,0.159342,0.913877,0.373414
0,0,-0.597558,0.500945,0.626082
0,0,0.841461,-0.475743,0.256149
0,0,0.078673,-0.962785,0.258563
0,0,0.253088,0.869102,0.42498
0,0,-0.688037,-0.702715,0.1811
0,0,-0.993031,-0.0056704,0.117721
0,0,0.0883417,-0.140541,0.986126
0,0,-0.748548,0.213523,0.627761
0,0,0.872709,-0.377759,0.309317
0,0,0.543252,-0.743671,0.389654
0,0,-0.360583,-0.477934,0.800974
0,0,0.650934,0.432794,0.623678
0,0,0.262332,-0.320995,0.910024
0,0,0.0547926,0.606121,0.793483
0,0,-0.0267773,0.968886,0.246053
0,0,0.534398,-0.836774,0.11928
0,0,0.755999,0.401506,0.516971
0,0,0.0667879,-0.735942,0.673742
0,0,0.290635,0.486063,0.824181
0,0,0.397239,-0.177248,0.900436
0,0,-0.0796037,-0.976401,0.200759
0,0,0.601065,0.685941,0.410128
0,0,0.943159,0.0938701,0.318809
0,0,0.611248,0.0489963,0.789921
21.7105,29.8458,-0.411633,0.270461,0.870293
0,0,0.564419,-0.790538,0.237656
0,0,0.740441,0.2391,0.628155
0,0,0.0266774,0.341889,0.939362
0,0,0.109505,0.123505,0.986283
0,0,-0.14658,-0.242944,0.958902
0,0,-0.541743,0.754311,0.37085
0,0,-0.472067,0.879379,0.0620083
0,0,-0.247859,-0.958701,0.139495
0,0,0.858286,-0.470065,0.205875
0,0,-0.492044,0.0205723,0.870327
0,0,-0.683438,0.642551,0.346469
0,0,-0.768393,-0.47956,0.423784
0,0,-0.350179,0.554863,0.754653
1.17714,1.47811,0.0682295,0.00834483,0.997635
0,0,0.622254,0.782516,0.0216458
0,0,0.253562,-0.911882,0.322766
0,0,0.0347938,-0.0432097,0.99846
0,0,-0.0506604,-0.998702,0.00532756
0,0,-0.971787,0.0968113,0.215077
0,0,-0.44569,-0.894513,0.0347346
0,0,0.542708,0.83582,0.0829033
0,0,-0.894214,0.209636,0.395518
0,0,-0.809716,-0.420059,0.409769
0,0,0.995792,0.0429848,0.0809308
0,0,0.759917,0.432973,0.48483
0,0,-0.323332,-0.553875,0.767254
0,0,0.620417,0.514099,0.592271
0,0,-0.906045,-0.331592,0.262925
0,0,-0.85242,0.121018,0.50866
0,0,-0.0372717,0.978005,0.205226
0,0,-0.727217,0.647395,0.228112
0,0,-0.95073,0.0460561,0.30658
0,0,0.724543,0.612819,0.315421
0,0,0.775515,0.0520276,0.629182
0,0,0.100331,-0.716652,0.690177
0,0,-0.120305,0.517422,0.847231
0,0,0.206896,0.973118,0.101167
0,0,-0.289576,0.15525,0.94448
0,0,0.0825614,-0.991721,0.0983531
0,0,-0.724783,0.621665,0.297024
0,0,0.894341,0.344884,0.284973
0,0,-0.94895,-0.29458,0.11277
0,0,0.663534,0.417874,0.620567
0,0,0.145695,-0.989239,0.0133513
0,0,-0.666221,0.651784,0.362392
0,0,0.248039,0.104962,0.963047
0,0,0.184862,0.88552,0.42624
0,0,0.525032,0.850963,0.0142558
0,0,-0.966317,-0.145075,0.212567
0,0,0.407042,0.758666,0.508667
0,0,0.168696,0.985652,0.00557726
0,0,-0.901895,-0.377532,0.209893
0,0,0.0875348,0.812161,0.576829
0,0,0.520465,0.850134,0.0799285
0,0,-0.909974,-0.219662,0.351703
0,0,-0.473133,0.880896,0.0129848
0,0,0.919887,-0.371583,0.125434
0,0,0.357827,0.931507,0.0652336
0,0,-0.961826,-0.273073,0.0179171
0,0,0.890201,0.430704,0.148448
0,0,0.650591,0.751756,0.107675
0,0,0.650591,0.751756,0.107675
0,0,-0.704496,0.684285,0.188253
0,0,-0.305821,0.756336,0.578299
0,0,0.0153485,0.316468,0.948479
0,0,-0.94716,-0.0409009,0.318143
0,0,-0.359165,-0.367032,0.858072
9.17799,11.5823,-0.579894,0.486496,0.653486
0,0,0.210006,0.539329,0.815488
0,0,-0.888158,-0.429418,0.163635
0,0,-0.101178,0.81247,0.574157
0,0,-0.639697,0.326268,0.695943
0,0,-0.789059,0.361535,0.496668
0,0,-0.0379527,0.931344,0.362158
0,0,0.0206407,0.924614,0.380346
0,0,-0.0335117,0.971224,0.235799
0.0736224,0.0130356,0.844759,0.52926,-0.0791585
0,0,0.605446,0.751531,0.261986
0,0,-0.206618,-0.462619,0.862145
0,0,-0.870794,-0.491615,0.00571955
0,0,-0.605798,-0.67412,0.422577
0,0,-0.266207,-0.570102,0.77725
0,0,0.0991711,-0.957027,0.272514
0,0,0.227234,-0.973484,0.0263259
0,0,0.765247,0.517025,0.383513
0,0,-0.575786,-0.0432919,0.816454
0,0,0.185193,-0.648541,0.738308
0,0,-0.95167,-0.224919,0.209132
0,0,0.923309,0.230997,0.306825
0,0,0.857973,-0.298628,0.417975
0,0,-0.72813,-0.154572,0.667783
0,0,-0.3957,0.665816,0.632542
0,0,0.502506,-0.667794,0.549125
0,0,-0.655787,0.466012,0.593949
0,0,-0.957502,-0.148082,0.24751
0,0,0.789737,0.610399,0.0610603
0,0,0.688354,-0.0016786,0.725373
0,0,-0.601209,-0.671149,0.433713
0,0,0.731191,0.382585,0.56479
0,0,-0.673559,0.239723,0.699179
0,0,0.58263,0.610479,0.536525
0,0,0.132806,-0.880929,0.454231
0,0,0.913696,0.291952,0.282708
0,0,-0.826215,0.180188,0.533761
0,0,-0.604788,0.543195,0.582384
0,0,-0.604824,-0.736114,0.303851
0,0,0.994482,-0.0938394,0.0468925
0,0,-0.710055,-0.513163,0.482168
0,0,-0.34339,0.629466,0.697034
0,0,0.471244,0.281942,0.835726
0,0,-0.377254,0.748949,0.544752
0,0,-0.0562873,0.544689,0.836747
0,0,0.289367,0.40374,0.867906
0,0,0.106357,0.688225,0.71766
0,0,-0.131529,-0.34235,0.930321
0,0,-0.552103,0.815869,0.171873
0,0,0.258754,0.568002,0.781294
0,0,0.785167,0.00172819,0.619282
0,0,-0.955283,-0.268205,0.124499
0,0,0.645133,-0.269495,0.714966
0,0,-0.583814,-0.219806,0.781567
0,0,-0.740585,-0.304728,0.598895
0,0,-0.837517,-0.306831,0.452127
0,0,0.870607,-0.490562,0.0373093
0,0,0.480327,-0.301923,0.823486
0,0,-0.803718,0.11563,0.583667
0,0,0.96861,-0.194037,0.155386
0,0,-0.404163,0.914227,0.029011
0,0,0.800973,0.457165,0.386577
0,0,-0.31579,-0.0334831,0.948238
0,0,0.640091,-0.445517,0.625939
0,0,0.712295,-0.52186,0.469359
0,0,-0.559972,-0.817693,0.133452
0,0,-0.683288,0.727302,0.0644206
0,0,0.0114484,0.667421,0.744592
0,0,-0.717787,-0.212532,0.663032
0,0,0.778444,-0.598705,0.188617
0,0,-0.683083,-0.272257,0.677698
0,0,-0.949719,0.258275,0.176995
0,0,0.272165,0.35456,0.894547
0,0,0.0859251,0.350567,0.932588
0,0,0.144471,0.362131,0.920863
5.12647,7.56114,0.137817,0.178915,0.974164
0,0,0.511425,-0.788039,0.342694
0,0,-0.890943,0.453961,0.0118162
0,0,-0.610362,0.335529,0.71755
0,0,0.228907,-0.961027,0.155011
0,0,0.313069,-0.418351,0.852625
0,0,0.258617,0.12593,0.957736
0,0,0.380793,-0.851357,0.360816
0,0,0.781311,-0.62223,0.048808
0,0,-0.430079,0.902672,0.0146853
0,0,0.890864,0.452275,0.0425325
0,0,0.647014,0.23852,0.724211
0,0,-0.944703,-0.315977,0.0877236
0,0,-0.566853,0.556366,0.607565
0,0,-0.739047,-0.630584,0.237009
0,0,0.496718,0.656674,0.567495
0,0,-0.88207,0.301404,0.362088
0,0,0.874538,-0.456929,0.162481
0,0,0.314599,0.729993,0.606744
0,0,-0.614707,-0.478653,0.626919
0,0,-0.300495,-0.260558,0.917503
0,0,-0.138532,-0.990191,0.0182102
0,0,0.404174,-0.856491,0.321041
0,0,-0.733891,0.000949347,0.679267
0,0,-0.194365,0.319716,0.927364
0,0,0.0753581,0.532327,0.843178
0,0,0.448452,0.625122,0.638838
0,0,-0.501066,0.82183,0.27116
0,0,0.136831,0.986846,0.0860967
0,0,-0.931587,-0.271118,0.242158
0,0,-0.758589,-0.529154,0.380183
0,0,-0.27434,-0.0420903,0.960711
0,0,0.827058,0.507388,0.241935
0,0,-0.0666186,0.879283,0.471618
0,0,0.870293,0.398945,0.288847
0,0,-0.0489598,-0.775389,0.629584
0,0,0.709475,0.419216,0.566483
0,0,-0.789379,0.240223,0.564955
0,0,0.341914,0.938285,0.0521107
0,0,0.913694,0.400581,0.0685488
0,0,0.422845,0.756774,0.498492
0,0,0.608177,-0.400635,0.685283
0,0,-0.610896,-0.154562,0.776478
0,0,0.0346265,-0.935822,0.350767
0,0,-0.37656,0.407456,0.831975
0,0,-0.507238,0.789141,0.346362
0,0,-0.117802,-0.542717,0.831614
0,0,0.543442,0.644806,0.53749
0,0,0.810803,0.569733,0.134176
0,0,0.406979,-0.0353783,0.912752
0,0,0.146866,0.861251,0.486494
0,0,-0.442024,0.539417,0.71669
0,0,0.976195,-0.129083,0.174301
0,0,-0.303493,0.225367,0.925798
10.6512,14.2676,-0.333446,0.798682,0.500919
0,0,0.0144646,-0.299615,0.953951
0,0,-0.967296,-0.246451,0.0600054
0,0,-0.796105,0.189122,0.574847
0,0,0.399459,0.838592,0.370401
0,0,-0.808759,0.496269,0.315636
0,0,-0.674357,0.481735,0.559619
0,0,0.326841,0.593273,0.735665
0,0,0.423824,-0.195799,0.884328
0,0,0.197146,0.506377,0.839474
0,0,0.479024,0.846855,0.231026
0,0,0.733585,0.317206,0.601026
0,0,-0.089832,-0.886767,0.453403
0,0,-0.919879,0.342266,0.191513
0,0,0.0790022,-0.668087,0.739877
0,0,0.288727,-0.420122,0.860311
0,0,-0.687821,0.371783,0.623442
0,0,0.00651644,-0.834373,0.551162
0,0,-0.728203,0.478424,0.490745
0,0,0.776725,-0.193604,0.599346
0,0,0.541208,-0.243573,0.804839
0,0,-0.340793,-0.0320956,0.93959
0,0,0.222472,-0.864254,0.451188
0,0,-0.0664925,0.524084,0.849067
0,0,0.0269246,-0.993904,0.106908
0,0,0.521927,-0.305245,0.796504
0,0,-0.0290532,-0.869294,0.493442
5.74158,7.88,0.219388,0.087594,0.971698
0,0,-0.943794,0.135183,0.301627
0,0,0.650071,-0.680274,0.338577
0,0,-0.58325,0.253343,0.771775
0,0,0.448497,-0.11538,0.886306
0,0,-0.417843,0.309403,0.854211
0,0,-0.703273,0.045982,0.709432
0,0,0.271149,-0.25629,0.92779
0,0,-0.920967,0.389619,0.00421931
0,0,0.249298,-0.480474,0.84083
0,0,-0.538042,0.756647,0.371478
0,0,0.109355,0.442589,0.890032
0,0,-0.495291,0.0154664,0.868589
0,0,0.790085,-0.302937,0.532912
0,0,-0.402228,-0.0132922,0.915443
0,0,0.622171,0.0431935,0.781689
0,0,-0.910302,0.0507744,0.41082
0,0,0.485287,-0.512397,0.708481
0,0,-0.677484,-0.607095,0.415273
0,0,0.971582,0.0407179,0.233177
0,0,0.511729,0.772952,0.375073
0,0,-0.192971,-0.964478,0.180399
0,0,-0.126082,-0.524966,0.841733
0,0,-0.991339,0.126471,0.0353945
0,0,-0.259657,0.826382,0.49967
0,0,0.862933,0.171175,0.475444
0,0,0.0735803,0.380182,0.92198
0,0,0.706807,0.701307,0.0926977
0,0,-0.915678,-0.266235,0.301087
0,0,0.958571,-0.186929,0.214939
0,0,-0.630144,-0.770947,0.0925221
0,0,-0.904518,-0.264312,0.334643
21.9304,30.5382,0.314092,0.111289,0.942847
0,0,0.469939,0.856474,0.213562
0,0,0.150119,-0.349238,0.924931
0,0,0.412187,-0.104711,0.905062
0,0,-0.5365,0.83097,0.147162
0,0,0.404643,0.666922,0.625683
0,0,-0.127712,0.941048,0.313239
0,0,0.659988,-0.0965124,0.745051
0,0,0.206601,0.787829,0.580209
0,0,0.883545,-0.3601,0.299461
0,0,0.0809266,0.109234,0.990716
0,0,0.77502,-0.568953,0.27502
0,0,-0.048333,0.77632,0.628483
0,0,-0.838373,-0.412247,0.356627
0,0,-0.615754,0.76736,0.178901
0,0,0.61239,-0.00104351,0.790555
0,0,-0.724809,0.644281,0.244037
0,0,0.944053,0.31336,0.102809
0,0,-0.145497,0.959983,0.239297
0,0,-0.0314414,-0.38959,0.920452
0,0,-0.707931,0.32637,0.626352
0,0,-0.409886,-0.222277,0.884639
0,0,-0.356816,-0.933098,0.0448413
0,0,0.584328,0.350038,0.732143
0,0,0.998907,0.0277301,0.0376209
0,0,0.565133,-0.426273,0.706339
0,0,0.511877,-0.0921168,0.854106
0,0,0.0558918,-0.718751,0.693018
0,0,-0.992437,0.112007,0.0502265
12.6377,18.6396,-0.375029,-0.746735,0.549308
0,0,0.162956,-0.721749,0.672699
0,0,0.648413,0.614082,0.44996
0,0,0.0955046,0.771109,0.6295
0,0,0.976785,0.211699,0.0327777
0,0,-0.601614,-0.486555,0.633502
0,0,-0.834796,-0.185607,0.51833
0,0,0.902553,-0.429614,0.0288192
0,0,0.0815761,-0.978119,0.191387
0,0,-0.524784,0.209283,0.825107
0,0,0.24095,0.907779,0.343338
0,0,0.894024,-0.121779,0.431151
0,0,0.425175,0.883648,0.195937
0,0,-0.529244,0.434485,0.728783
0,0,0.96984,0.243591,0.00857876
0,0,0.167514,0.777247,0.606486
0,0,0.781418,-0.586073,0.214254
0,0,0.604166,0.775883,0.18163
0,0,-0.392608,0.917511,0.0635065
0,0,0.60582,0.725066,0.327509
0,0,-0.990283,-0.117158,0.0749281
0,0,0.745878,-0.203815,0.634134
0,0,0.784019,0.332171,0.524381
0,0,0.329231,0.871238,0.364075
0,0,0.38255,-0.616701,0.687993
0,0,-0.507687,-0.671513,0.539745
0,0,0.59893,-0.705702,0.378507
0,0,-0.220791,0.573775,0.788691
0,0,0.66737,0.734753,0.121469
0,0,0.627065,0.488431,0.606816
0,0,-0.179017,-0.307767,0.934469
0,0,0.886462,-0.35098,0.301659
0,0,-0.807763,0.437017,0.395644
0,0,-0.470195,-0.727546,0.499592
0,0,0.23016,-0.775761,0.587556
0,0,-0.989548,0.140101,0.0341598
0,0,0.498341,0.786197,0.365445
0,0,0.0595284,0.715097,0.696486
0,0,-0.245008,0.616439,0.748314
0,0,0.308555,-0.833466,0.458397
0,0,0.0874155,-0.423527,0.901656
0,0,0.394325,-0.475154,0.786598
0,0,0.0975361,-0.613735,0.783464
0,0,-0.864681,-0.000157775,0.502321
0,0,0.415031,-0.751127,0.513378
0,0,0.744156,-0.661954,0.089718
0,0,0.266811,-0.358675,0.894519
0,0,-0.0236571,-0.78711,0.616359
0,0,0.521229,0.0528196,0.851781
0,0,-0.811292,-0.268173,0.519508
0,0,-0.626733,0.193351,0.754865
0,0,-0.634716,0.347803,0.690049
0,0,-0.373744,-0.786163,0.492203
0,0,0.362242,-0.221768,0.905317
0,0,-0.87063,0.425851,0.246281
0,0,-0.213433,0.428663,0.877892
0,0,0.307711,-0.143556,0.940588
0,0,-0.896835,-0.336871,0.286715
0,0,0.581518,-0.76836,0.267321
0,0,-0.854569,0.386946,0.346389
0,0,0.411696,-0.0801982,0.907786
0,0,-0.56452,0.284296,0.774915
0,0,0.411509,-0.486279,0.770839
0,0,0.715506,-0.61477,0.331826
1.14423,1.55744,-0.205137,-0.149852,0.967193
0,0,0.0772924,0.84621,0.527214
0,0,-0.0997588,-0.279088,0.95507
0,0,-0.0789896,-0.637595,0.766311
0,0,0.302384,0.233861,0.924053
0,0,0.951073,0.148801,0.270772
0,0,-0.367145,0.00490882,0.930151
0,0,0.134121,-0.938446,0.318325
0,0,-0.139049,-0.936076,0.323152
0,0,0.524696,-0.850773,0.0296675
0,0,0.0660176,0.756014,0.651218
0,0,-0.139341,-0.494012,0.858217
0,0,-0.645048,-0.447361,0.619501
0,0,-0.0246097,-0.990588,0.13465
0,0,0.135043,0.583825,0.800569
0,0,-0.693891,0.699528,0.170807
0,0,-0.606832,0.733733,0.305599
0,0,0.110284,-0.0357106,0.993258
0,0,-0.920354,-0.375606,0.108945
0,0,0.521038,-0.819634,0.238159
0,0,-0.669223,0.124989,0.732474
0,0,-0.195949,-0.685025,0.701673
0,0,0.341467,0.931198,0.127558
0,0,0.555103,0.670242,0.492581
0,0,-0.248734,0.659847,0.709037
0,0,0.336798,-0.658211,0.673294
0,0,-0.523234,-0.549064,0.651732
0,0,-0.538015,0.327659,0.776646
0,0,-0.875684,-0.0208952,0.482433
21.3317,30.2887,0.059779,0.98507,-0.161443
0,0,0.363097,0.892139,0.268791
0,0,-0.653863,-0.192201,0.731794
0,0,-0.808186,0.537586,0.240494
0,0,-0.857118,0.357438,0.370927
0,0,-0.0257963,-0.456524,0.889337
0,0,-0.456729,0.0876737,0.885275
0,0,-0.075059,-0.848363,0.524068
0,0,-0.630879,-0.715246,0.300691
0,0,0.817306,0.518239,0.251871
0,0,0.0237021,0.627248,0.778459
0,0,-0.441202,-0.718894,0.537152
0,0,-0.309167,-0.767946,0.560959
0,0,-0.883443,0.00925524,0.468448
0,0,0.0775781,0.609331,0.789112
2.01539,3.25855,-0.715702,-0.0884342,0.692784
0,0,-0.933187,-0.296029,0.203789
0,0,0.206815,0.890349,0.405595
0,0,-0.368026,-0.798439,0.476501
0,0,0.555747,0.828947,0.0631798
0,0,0.0482882,0.518901,0.853469
0,0,0.10378,-0.395097,0.912758
0,0,0.0735748,0.194169,0.978205
4.34002,5.46745,-0.15866,-0.43618,0.885762
0,0,0.576655,-0.253472,0.776673
0,0,-0.059158,0.713949,0.697694
0,0,0.108052,0.988563,0.1052
0,0,-0.654034,0.692534,0.304362
0,0,-0.44641,0.287527,0.847376
0,0,-0.438749,-0.585693,0.681515
0,0,-0.0720607,-0.0409542,0.996559
0,0,0.681985,-0.381758,0.623824
0,0,-0.654908,0.63005,0.417291
0,0,0.577263,0.804204,0.141501
0,0,-0.000349045,-0.870733,0.491756
0,0,0.384768,0.35973,0.850028
0,0,-0.474522,-0.874272,0.102356
0,0,-0.789945,-0.114245,0.602441
0,0,0.225668,-0.97307,0.0469885
0,0,0.573386,0.406784,0.711164
0,0,0.237072,0.89816,0.370278
0,0,0.926765,0.0602276,0.370781
0,0,0.139586,-0.955048,0.261531
0,0,0.214134,-0.976757,0.00957741
0,0,0.226926,0.541338,0.809603
0,0,-0.6788,-0.259322,0.68701
0,0,-0.855859,-0.488234,0.170686
0,0,-0.325104,0.804251,0.497482
0,0,-0.674527,-0.362079,0.64336
0,0,0.781379,-0.600613,0.169442
0,0,0.0575525,-0.68202,0.729066
0,0,0.456742,0.647898,0.609603
0,0,-0.262965,0.416839,0.870112
0,0,0.993026,-0.114616,0.027606
0,0,-0.167112,0.0328078,0.985392
0,0,-0.182561,0.833845,0.520936
0,0,-0.665221,0.440435,0.602908
0,0,0.614663,0.788751,0.00777929
0,0,0.607101,0.753224,0.253145
0,0,0.443492,0.622544,0.64479
0,0,-0.921492,-0.388045,0.0165228
0,0,-0.572226,0.124091,0.810654
0,0,0.186849,-0.93669,0.29614
0,0,-0.0384892,-0.516097,0.855665
0,0,-0.577347,-0.798609,0.169984
0,0,-0.339113,-0.93979,0.0423858
0,0,-0.798936,-0.244795,0.549342
0,0,-0.981802,-0.176638,0.0697418
0,0,-0.0357313,0.587438,0.80848
0,0,-0.636459,0.214689,0.74083
1.39823,1.65885,0.426518,-0.605783,0.671647
0,0,-0.704641,-0.372374,0.604002
0,0,0.675897,-0.289803,0.677627
0,0,0.267115,0.556229,0.78693
0,0,-0.479304,0.622997,0.618177
0,0,-0.363793,0.559543,0.744692
0,0,-0.871633,0.425973,0.242492
0,0,0.696604,-0.414855,0.585352
0,0,-0.642235,-0.507402,0.574524
0,0,-0.726266,0.0306652,0.68673
23.6159,34.1495,-0.987937,0.0703596,-0.137946
0,0,-0.396673,-0.906372,0.145398
0,0,0.587547,-0.406595,0.699621
0,0,-0.72075,0.216656,0.658467
0,0,0.772666,-0.209193,0.599354
0,0,0.109877,0.0268891,0.993581
0,0,0.40609,-0.800455,0.440866
0,0,-0.562067,0.13748,0.815586
0,0,-0.899439,-0.214996,0.380507
0,0,0.900011,0.130497,0.415873
0,0,-0.305411,-0.849777,0.429656
0,0,-0.825229,-0.431301,0.36466
0,0,0.327434,0.0464017,0.943734
0,0,0.383848,-0.629106,0.675934
0,0,0.658981,0.0272241,0.751667
0,0,-0.0247079,-0.368636,0.929246
0,0,0.955978,0.107288,0.27312
0,0,-0.94645,0.206116,0.248492
0,0,-0.738612,-0.535556,0.409429
0,0,-0.712828,-0.57094,0.407314
0,0,-0.915775,-0.131975,0.379392
0,0,-0.299754,0.597795,0.743498
0,0,-0.177258,0.298746,0.937726
0,0,-0.800278,0.208286,0.562292
0,0,0.720074,0.692035,0.0508167
0,0,-0.466396,0.771764,0.432267
0,0,-0.66144,0.722667,0.200622
0,0,0.186049,-0.198104,0.962362
0,0,-0.672391,0.63704,0.376922
0,0,-0.891792,-0.140084,0.430214
0,0,-0.386323,0.873442,0.296401
0,0,0.851496,0.126349,0.508911
0,0,0.250334,-0.48796,0.836199
0,0,-0.346514,-0.909696,0.22887
0,0,0.761127,0.632757,0.142494
0,0,0.270687,-0.129101,0.953971
0,0,-0.858629,0.194699,0.474181
0,0,0.790984,0.610648,0.0381255
0,0,-0.387182,0.649715,0.654187
0,0,0.897609,-0.399556,0.186152
0,0,0.817541,-0.24998,0.518784
0,0,-0.135743,-0.423463,0.895686
0,0,-0.617474,0.499312,0.607793
0,0,0.650745,-0.33362,0.682077
0,0,0.973113,0.136218,0.185729
0,0,-0.0929612,-0.302247,0.948686
0,0,0.469798,-0.37061,0.80121
0,0,0.962122,0.243576,0.122444
0,0,-0.448153,-0.797112,0.404688
0,0,-0.953475,0.190537,0.233624
0,0,-0.467792,-0.655316,0.593069
0,0,-0.659936,-0.740163,0.129008
0,0,0.923293,-0.0965671,0.371759
9.05713,13.4703,0.409705,0.73775,0.536531
0,0,0.198662,0.478458,0.855343
0,0,-0.424831,-0.399108,0.812546
0,0,-0.229659,0.0230436,0.972998
0,0,-0.794622,0.110785,0.596911
0,0,-0.594376,0.108288,0.796863
0,0,-0.0167724,-0.597131,0.801968
0,0,0.451511,0.855553,0.253312
0,0,-0.639737,-0.205271,0.740675
0,0,0.593355,0.481864,0.644776
0,0,-0.354041,0.579339,0.73418
0,0,-0.619874,-0.651832,0.436888
0,0,0.598853,0.0776961,0.797081
0,0,-0.112505,-0.983734,0.140033
0,0,0.792981,-0.378785,0.477183
0,0,-0.37962,-0.535974,0.754069
0,0,0.689439,-0.573891,0.441955
0,0,-0.653188,0.277824,0.704386
0,0,0.515105,0.856767,0.0248455
0,0,0.0916992,0.831565,0.547806
0,0,-0.6798,-0.0127312,0.733287
0,0,-0.366702,0.274028,0.889066
0,0,0.153859,-0.829014,0.537646
0,0,-0.804104,0.0191033,0.594182
0,0,-0.219939,0.748941,0.625071
0,0,-0.485992,-0.615855,0.620109
0,0,-0.869738,-0.359729,0.337862
0,0,-0.487359,0.488517,0.723763
0,0,-0.85556,0.0609646,0.514101
0,0,-0.242608,0.901906,0.35736
0,0,-0.826564,-0.521415,0.211938
0,0,0.741053,0.414908,0.527912
0,0,0.194131,-0.8887,0.415362
0,0,-0.495162,-0.0728532,0.865741
0,0,0.595004,-0.803412,0.0223523
0,0,-0.82972,-0.473543,0.295502
0,0,0.927497,0.305362,0.215646
0,0,-0.798446,0.158371,0.580864
0,0,-0.416633,0.285274,0.863155
0,0,0.912902,-0.407225,0.0279003
0,0,-0.0797772,-0.991782,0.100022
0,0,-0.214655,-0.518027,0.827992
0,0,0.717139,-0.119816,0.686553
0,0,-0.595201,0.116924,0.795025
0,0,-0.136647,0.836294,0.530979
0,0,0.126872,-0.238175,0.9629
0,0,-0.183054,-0.982773,0.0254581
0,0,0.210464,-0.80488,0.554864
0,0,0.564353,0.754526,0.334958
0,0,0.4925,-0.305422,0.814961
0,0,-0.896255,-0.078581,0.436523
0,0,-0.542065,-0.663165,0.516118
0,0,0.516416,0.0570037,0.854439
0,0,-0.554961,0.0590973,0.829774
0,0,0.397184,-0.909201,0.124893
0,0,-0.547197,0.793986,0.26488
0,0,-0.232053,0.890318,0.391772
0,0,-0.887597,0.449297,0.101505
0,0,0.662477,0.728727,0.173437
0,0,0.614257,-0.0292439,0.788564
0,0,-0.239325,-0.692155,0.680915
0,0,-0.610657,0.0658228,0.789155
0,0,0.21855,-0.83682,0.501965
0,0,0.334479,-0.568331,0.751747
0,0,-0.0378021,0.816799,0.575682
0,0,0.0619103,-0.810082,0.583038
0,0,-0.703019,0.201621,0.681992
0,0,0.483885,0.220299,0.846949
0,0,-0.18065,-0.869638,0.459452
0,0,-0.521874,0.661543,0.538524
0,0,0.799632,-0.195444,0.567795
0,0,-0.596364,0.310621,0.740179
0,0,-0.872294,-0.419037,0.252016
0,0,0.119591,-0.766911,0.630512
0,0,0.754294,-0.650701,0.0873384
0,0,0.793359,0.601172,0.0957825
0,0,-0.565985,0.813443,0.13406
0,0,-0.440613,0.862039,0.250497
0,0,0.399109,-0.248432,0.882606
0,0,-0.561982,0.0907278,0.822158
0,0,0.595858,-0.497513,0.630424
0,0,0.996987,0.0745219,0.0215157
0,0,0.324521,-0.64091,0.695644
0,0,0.228506,0.19659,0.953487
0,0,-0.818186,0.368296,0.441509
0,0,-0.657697,0.747132,0.0960603
7.19628,11.3324,0.116141,0.766265,0.631941
0,0,0.862861,-0.505442,0.000235388
0,0,0.349486,0.884757,0.308326
0,0,-0.774601,0.275479,0.569302
0,0,0.0712624,-0.893875,0.442616
0,0,-0.135377,-0.359488,0.923278
0,0,0.704744,-0.709089,0.0230059
0,0,-0.783256,0.489819,0.382867
0,0,-0.0265461,0.511893,0.858639
17.4506,26.0168,0.371757,0.879101,-0.298294
0,0,0.720438,-0.463913,0.515513
0,0,0.366187,-0.0822727,0.926897
0,0,0.148122,-0.240205,0.959355
0,0,-0.671915,-0.204606,0.711805
0,0,0.556233,-0.696938,0.45264
0,0,0.125844,-0.57371,0.809333
0,0,0.574827,-0.595011,0.561725
0,0,0.986166,-0.126763,0.106807
0,0,-0.880041,-0.283963,0.380647
0,0,0.150268,-0.982423,0.110749
0,0,-0.467488,0.837818,0.281986
0,0,-0.313127,0.786655,0.532095
0,0,-0.0230715,0.924049,0.381576
0,0,-0.398844,-0.890419,0.219267
0,0,0.0330787,-0.876151,0.480901
0,0,-0.726338,0.671487,0.146763
0,0,-0.468784,-0.35484,0.808907
0,0,0.0275229,-0.832322,0.553609
0,0,-0.589406,0.389569,0.707698
0,0,0.437514,-0.89283,0.106944
0,0,-0.887105,0.346537,0.304889
0,0,0.692865,0.272897,0.667432
0,0,0.521617,0.0491349,0.851764
0,0,0.723634,0.480188,0.495756
0,0,0.277769,0.935078,0.220165
0,0,-0.0539547,0.955809,0.288995
0,0,0.598196,-0.102706,0.794741
0,0,0.752793,0.060023,0.655515
0,0,0.720122,0.0359086,0.692918
0,0,-0.936602,-0.345475,0.0585155
0,0,-0.340991,0.373593,0.862643
0,0,-0.211439,0.762855,0.61102
0,0,0.585685,0.712981,0.385527
0,0,0.97523,-0.21953,0.0270753
0,0,0.51568,0.743799,0.42525
0,0,0.437457,-0.899076,0.0171155
0,0,0.496871,0.548697,0.672348
0,0,0.0458365,0.406366,0.91256
0,0,-0.00376652,-0.598786,0.8009
0,0,-0.308159,-0.429022,0.849104
0,0,-0.107284,-0.107046,0.988449
21.1565,31.4508,0.086208,-0.277406,0.956877
0,0,-0.599835,0.601043,0.528153
0,0,-0.492444,0.860549,0.130207
0,0,0.679514,0.701681,0.214254
0,0,0.166384,0.85808,0.485813
0,0,0.00333532,0.564469,0.825448
0,0,-0.994437,0.0810359,0.0672935
0,0,0.51511,0.807503,0.287401
0,0,0.692108,0.665511,0.27943
0,0,-0.577845,-0.225559,0.784358
0,0,0.571477,0.771889,0.27857
21.4759,30.8378,-0.642217,0.0670496,0.763585
0,0,0.950938,-0.304437,0.0550885
0,0,0.56737,0.720439,0.398823
0,0,-0.76746,-0.0141745,0.64094
0,0,0.445296,0.845079,0.295893
0,0,-0.0051627,-0.61878,0.785547
0,0,-0.609903,0.651698,0.450897
0,0,-0.2347,0.858749,0.455484
0,0,-0.461896,-0.325367,0.825099
0,0,-0.0076827,-0.97412,0.2259
0,0,0.152169,0.967224,0.203277
0,0,-0.253852,0.954812,0.154573
0,0,-0.419109,0.872282,0.251934
0,0,-0.133277,-0.98774,0.0812845
0,0,-0.0111485,-0.985814,0.167472
0,0,-0.685274,0.533717,0.495527
0,0,-0.87061,-0.396525,0.291216
0,0,0.100252,0.684795,0.721807
0,0,-0.0807425,-0.922293,0.377962
0,0,0.850742,0.0196235,0.525218
0,0,0.577439,0.811953,0.0854185
0,0,0.944977,-0.150108,0.290664
0,0,-0.863219,0.408499,0.296618
0,0,-0.675234,0.728281,0.116903
0,0,0.780444,0.0100011,0.625146
20.8867,26.821,0.754076,-0.27724,0.595405
0,0,0.314005,0.350154,0.882492
0,0,-0.968027,0.224918,0.111067
0,0,0.287112,0.884542,0.367631
0,0,0.570935,-0.808825,0.140836
0,0,0.400994,-0.313171,0.860888
0,0,0.092716,0.170347,0.981013
0,0,-0.0775071,0.860355,0.503768
0,0,0.524925,0.322235,0.787793
0,0,0.454858,-0.735476,0.502175
0,0,0.105789,-0.991879,0.0706015
0,0,0.696751,-0.708444,0.112452
0,0,-0.0373968,0.964309,0.262124
0,0,0.989601,0.128058,0.0655027
0,0,0.1748,0.596966,0.782992
0,0,0.930518,0.331487,0.155735
0,0,-0.485155,-0.832299,0.268146
0,0,0.211891,0.665512,0.715679
0,0,0.0294277,0.820042,0.571546
0,0,-0.668957,0.731822,0.130127
0,0,-0.35754,-0.626164,0.692881
0,0,-0.356657,-0.90319,0.238838
0,0,0.41058,-0.528501,0.743042
0,0,0.672093,0.739787,0.0317323
0,0,-0.689654,-0.393441,0.607932
0,0,0.0179947,0.861456,0.507513
0,0,0.863785,-0.0934768,0.495114
0,0,0.517442,0.855718,0.000330026
0,0,0.62385,0.459596,0.632125
0,0,0.256547,-0.791642,0.554515
0,0,0.0984892,0.480289,0.871563
0,0,-0.266921,-0.817436,0.510443
0,0,-0.169459,-0.886612,0.430353
0,0,0.799623,0.328284,0.502825
0,0,-0.772719,0.00452485,0.634732
0,0,-0.183863,0.344572,0.920579
0,0,0.988612,-0.120729,0.0898338
0,0,0.573231,-0.484334,0.660929
0,0,0.142561,0.865324,0.48051
0,0,0.284681,-0.781551,0.555099
0,0,0.187954,0.97591,0.110781
0,0,0.510041,-0.856985,0.0737202
0,0,-0.593784,-0.535475,0.600573
0,0,0.0973313,-0.638124,0.763757
0,0,0.301257,0.417836,0.857122
0,0,-0.193009,0.660047,0.726006
0,0,-0.422491,0.761089,0.492183
0,0,0.640774,0.616565,0.457445
0,0,0.711021,0.240241,0.660858
0,0,0.741653,-0.568904,0.355385
0,0,-0.563333,-0.320643,0.761475
0,0,-0.725365,-0.0839856,0.683222
0,0,-0.81719,-0.558153,0.14376
0,0,0.346087,-0.551801,0.758775
0,0,-0.362225,0.910794,0.198109
0,0,-0.0227967,0.901663,0.431838
0,0,-0.316324,-0.616502,0.721017
0,0,0.172306,-0.945707,0.275589
0,0,0.481251,0.76168,0.433868
0,0,-0.841136,0.540823,0.000582098
0,0,-0.627309,-0.759877,0.170502
0,0,-0.0486387,-0.844924,0.53267
0,0,-0.114314,-0.970628,0.211694
0,0,-0.0588578,0.537436,0.841248
0,0,0.96757,-0.00134949,0.2526
0,0,0.372057,-0.135073,0.918329
0,0,0.562239,-0.24993,0.788303
0,0,-0.042478,0.589529,0.806629
0,0,0.533428,0.844904,0.039897
0,0,-0.900889,0.433864,0.0127224
0,0,-0.0786243,-0.878177,0.47183
0,0,-0.42277,-0.759946,0.493707
0,0,0.835341,-0.277097,0.474786
0,0,-0.994449,-0.051195,0.0919267
0,0,0.313447,-0.768655,0.557602
0,0,0.428005,0.773905,0.466779
0,0,-0.650258,0.176269,0.738982
0,0,-0.767994,0.639577,0.0335636
0,0,-0.272756,-0.694447,0.665843
0,0,0.0990786,-0.326694,0.939923
0,0,0.939467,0.0768948,0.333899
0,0,-0.639161,-0.76682,0.0588243
0,0,0.0392869,0.999097,0.0161937
18.3626,27.7068,-0.214658,-0.297586,0.93025
0,0,-0.974332,-0.148367,0.169304
0,0,0.125149,0.97353,0.191253
0,0,0.228801,-0.935409,0.269557
0,0,-0.122876,-0.163236,0.978905
0,0,0.0318622,-0.239723,0.970318
0,0,0.29601,-0.919422,0.258925
0,0,0.181614,-0.312937,0.932248
0,0,-0.357019,-0.590532,0.723747
0,0,-0.167376,-0.885468,0.433511
0,0,0.24377,-0.932012,0.268199
0,0,0.486219,-0.789946,0.373598
0,0,0.489103,-0.0166478,0.872067
0,0,-0.18802,-0.653305,0.733377
0,0,-0.926562,0.264757,0.267184
0,0,0.0128728,-0.977571,0.210212
0,0,0.657875,0.752575,0.0288486
13.5201,20.5302,0.181889,-0.126057,0.975206
0,0,0.920219,0.377073,0.104944
0,0,-0.732877,0.574055,0.365174
0,0,0.413276,0.475836,0.776391
0,0,0.747222,-0.661224,0.0666537
0,0,0.383463,-0.50162,0.775457
0,0,-0.41975,0.06304,0.905448
0,0,-0.616098,0.786259,0.0471163
0,0,-0.112042,-0.987344,0.112245
0,0,0.682469,-0.591018,0.430039
0,0,-0.556528,0.0489446,0.829386
0,0,-0.472049,-0.535771,0.700085
0,0,-0.498693,-0.863386,0.0766119
0,0,-0.0267371,0.399431,0.916373
0,0,-0.343706,0.574238,0.743046
0,0,0.165592,0.0782831,0.983082
0,0,-0.881779,-0.0546073,0.46849
15.1887,20.7903,0.166238,-0.380074,0.909895
0,0,-0.397837,0.679997,0.615898
0,0,0.277874,-0.456993,0.844952
0,0,-0.184259,0.329071,0.926154
0,0,-0.889735,0.308249,0.33668
0,0,-0.811782,-0.583173,0.0303217
0,0,-0.785454,-0.452382,0.422389
0,0,-0.334948,-0.566824,0.752675
0,0,-0.523476,0.84627,0.0989959
0,0,-0.431085,-0.6737,0.600244
0,0,-0.528025,0.403736,0.747119
0,0,0.694059,0.667483,0.269719
0,0,-0.758577,-0.48413,0.436096
0,0,-0.158931,0.968158,0.193418
0,0,0.165318,-0.449473,0.877863
0,0,0.310501,-0.822207,0.477038
0,0,0.988242,0.057725,0.141585
0,0,0.274692,-0.278346,0.920363
0,0,0.555235,0.59572,0.580372
0,0,0.120247,0.489965,0.863409
0,0,0.064239,-0.976913,0.203752
0,0,0.589787,0.374682,0.715377
0,0,-0.153965,-0.609316,0.777836
0,0,0.176214,-0.555028,0.812953
0,0,0.449969,0.309069,0.837857
0,0,-0.681202,-0.259371,0.684609
0,0,-0.612373,-0.694713,0.377322
0,0,-0.681121,0.533826,0.501102
0,0,-0.903535,0.175152,0.391084
0,0,-0.189263,-0.910356,0.36801
0,0,0.535275,0.77026,0.346669
0,0,0.696037,-0.24881,0.673517
0,0,-0.486957,-0.220706,0.845081
0,0,-0.245104,-0.793873,0.556498
0,0,0.230292,0.773667,0.590259
13.2817,18.18,0.0716525,0.0149071,0.997318
0,0,0.547721,-0.516674,0.658065
0,0,0.405315,0.403103,0.820505
0,0,-0.848939,-0.352755,0.393531
0,0,-0.224676,0.629175,0.744083
0,0,-0.705861,-0.107778,0.700103
0,0,0.64037,-0.75265,0.153115
0,0,-0.277624,-0.955107,0.10342
0,0,0.693142,-0.712781,0.107223
0,0,0.532846,0.0206143,0.845961
0,0,-0.669782,-0.0115492,0.742468
0,0,0.619179,-0.0646379,0.782585
0,0,-0.631958,-0.54886,0.547157
0,0,0.396095,0.744769,0.537056
0,0,0.730836,0.0673001,0.679227
0,0,-0.280564,0.713691,0.641816
0,0,0.100222,0.963461,0.248391
0,0,0.0672923,0.897299,0.436264
0,0,0.180519,0.278257,0.943391
0,0,0.805234,-0.377088,0.457605
0,0,-0.700266,-0.169186,0.693545
0,0,-0.684617,0.629003,0.368313
0,0,0.87302,-0.34944,0.340187
0,0,-0.667612,0.299986,0.681397
0,0,-0.585353,-0.809638,0.0429754
0,0,-0.527514,0.660621,0.534143
0,0,0.804674,0.0183865,0.593432
0,0,0.854001,-0.222296,0.470389
0,0,-0.296722,0.280991,0.912688
0,0,0.893626,0.201947,0.400811
0,0,-0.368068,-0.474209,0.799782
0,0,0.344173,-0.918031,0.196887
0,0,0.907758,0.327877,0.261672
0,0,-0.386551,-0.0317788,0.92172
0,0,0.330525,-0.729591,0.598707
0,0,0.979465,0.142694,0.142434
0,0,0.733521,-0.630571,0.253626
0,0,0.882023,-0.443771,0.158437
0,0,0.517343,0.854407,0.048422
0,0,0.705868,-0.340625,0.621068
0,0,0.762716,0.607485,0.22187
0,0,-0.974517,0.224253,0.00525211
0,0,-0.626107,-0.340851,0.701292
0,0,0.146553,0.843403,0.516907
0,0,-0.0233255,0.450015,0.892716
0,0,-0.567644,0.800346,0.192942
0,0,0.760303,0.565697,0.319259
0,0,0.486688,0.563616,0.667436
0,0,0.25909,-0.185423,0.947888
0,0,-0.859299,0.0228756,0.510961
0,0,-0.900674,-0.306717,0.307752
0,0,-0.24936,0.964836,0.0831355
0,0,0.0294397,0.176545,0.983852
0,0,-0.196032,-0.980596,0.00151018
0,0,-0.972266,0.225557,0.0618214
0,0,0.302393,-0.66239,0.685418
0,0,0.683011,0.586537,0.435283
0,0,0.643048,0.421507,0.639392
0,0,0.117253,-0.866422,0.485349
0,0,-0.546575,0.811363,0.207234
0,0,-0.784484,-0.315707,0.533773
14.1768,19.4486,0.241644,0.218897,0.945353
0,0,-0.754772,0.651857,0.0734913
0,0,-0.436371,-0.894014,0.101579
0,0,-0.664451,0.441329,0.603103
0,0,0.387946,0.0876323,0.917507
0,0,0.973121,0.101643,0.206649
0,0,0.110783,0.533734,0.838365
0,0,-0.941772,-0.0481129,0.332792
0,0,0.0538777,-0.32809,0.943109
0,0,-0.0604273,-0.21269,0.97525
0,0,0.370183,-0.852145,0.369883
0,0,0.815065,-0.455482,0.358058
0,0,-0.252203,0.308491,0.917184
0,0,-0.300049,0.949094,0.0958713
0,0,-0.973209,-0.2089,0.0960435
0,0,-0.514971,-0.767358,0.382057
0,0,-0.250401,0.564406,0.786604
0,0,0.299415,-0.770495,0.562751
0,0,-0.93305,-0.326656,0.150712
0,0,-0.874819,0.185389,0.447575
0,0,0.745207,-0.42694,0.512239
0,0,-0.342929,0.564136,0.751099
0,0,0.774163,-0.0953699,0.625761
0,0,0.56285,0.354779,0.746547
0,0,0.728575,0.535805,0.426722
0,0,-0.404877,-0.538568,0.738931
0,0,0.821098,0.0734595,0.566041
0,0,0.932567,-0.0888267,0.349899
0,0,0.339978,-0.186171,0.921822
0,0,0.538021,0.766562,0.350595
0,0,-0.699708,0.334647,0.631205
0,0,0.0272187,0.973428,0.227369
0,0,-0.77336,-0.486478,0.406513
0,0,-0.109345,-0.272376,0.955958
0,0,0.117051,0.881946,0.456587
0,0,-0.539988,0.817916,0.19856
0,0,0.73618,-0.602352,0.308564
0,0,-0.802301,0.209742,0.558857
0,0,-0.776278,-0.399109,0.487959
23.7891,32.3619,-0.0406531,-0.00642837,0.999153
0,0,-0.0606856,0.772621,0.631961
0,0,0.0629813,0.957544,0.281325
0,0,0.926241,0.274115,0.258727
0,0,0.736951,0.504681,0.449667
0,0,-0.232904,-0.769382,0.594816
0,0,-0.98306,-0.125288,0.133776
0,0,0.769218,-0.371969,0.51956
0,0,-0.043284,-0.999013,0.00999968
0,0,0.642165,-0.714904,0.276652
0,0,0.573149,0.799249,0.180835
0,0,0.806179,0.263203,0.529906
0,0,-0.818163,0.451647,0.355845
0,0,-0.0301652,-0.964386,0.262774
0,0,0.891586,0.120081,0.43664
0,0,0.470834,0.773919,0.423515
0,0,0.380811,-0.884835,0.26842
0,0,0.743279,0.594061,0.307616
0,0,0.36517,0.743746,0.559904
0,0,0.205253,-0.304349,0.930184
0,0,0.887768,-0.459067,0.0335505
0,0,0.859781,0.49072,0.141318
0,0,0.105124,-0.974098,0.200206
0,0,-0.583948,0.277077,0.763042
0,0,-0.200996,-0.871664,0.446992
0,0,-0.260133,-0.600286,0.756298
0,0,0.299913,0.774934,0.556353
0,0,-0.43985,0.598977,0.669148
0,0,-0.757675,0.228411,0.611356
0,0,0.976381,-0.166084,0.138191
0,0,0.226345,-0.276462,0.93399
0,0,0.233378,-0.103534,0.966859
0,0,0.648591,-0.672573,0.356336
0,0,-0.179107,-0.209949,0.961167
0,0,-0.0186832,0.853519,0.520727
0,0,0.397843,0.480104,0.781806
0,0,0.535559,0.502437,0.678774
0,0,-0.827268,0.266435,0.49461
0,0,0.621085,0.374275,0.688601
0,0,0.857054,0.220175,0.465813
0,0,0.344017,-0.40839,0.8455
0,0,0.3948,0.766364,0.506773
0,0,0.355127,0.465484,0.810685
0,0,0.514184,0.556259,0.652833
0,0,-0.347258,-0.194643,0.917347
0,0,-0.504144,-0.863122,0.0293073
0,0,-0.511715,-0.713704,0.478304
0,0,-0.434218,-0.835871,0.335818
0,0,0.955832,0.0808371,0.282577
0,0,-0.0632428,0.922078,0.381801
0,0,0.443047,-0.810054,0.384086
0,0,-0.763593,-0.0656643,0.64235
0,0,0.860748,0.396861,0.318769
0,0,0.894714,0.154337,0.419127
0,0,0.980478,-0.189906,0.0509716
0,0,0.331971,0.562139,0.757492
0,0,0.694911,0.689107,0.205501
0,0,0.0938075,0.988881,0.115393
0,0,-0.773965,-0.227071,0.591114
0,0,0.0558743,-0.997402,0.0454778
0,0,0.355739,-0.934585,0.000634012
0,0,0.552931,0.807815,0.204211
0,0,-0.333974,-0.422465,0.842606
0,0,0.45196,-0.611779,0.649198
0,0,-0.351796,0.755306,0.552949
0,0,0.0110258,0.546897,0.837128
0,0,-0.613461,-0.77986,0.124436
0,0,-0.14479,-0.865923,0.478762
0,0,0.190087,0.977197,0.0946165
23.8554,35.1895,0.138124,0.778588,-0.612146
0,0,-0.679596,0.727574,0.0937323
0,0,0.611434,0.767575,0.192294
0,0,0.768115,-0.423558,0.480207
0,0,0.952487,-0.213547,0.217179
0,0,0.799349,0.196889,0.567694
0,0,0.712716,0.693843,0.103045
0,0,-0.343802,-0.490478,0.800769
19.5847,28.1918,0.666995,-0.586043,-0.460078
0,0,-0.943846,-0.166492,0.285367
0,0,0.0322651,-0.878119,0.477354
0,0,0.520184,-0.717247,0.463644
0,0,0.982276,0.105823,0.154711
0,0,0.571264,0.558272,0.601656
0,0,-0.862979,-0.399556,0.30923
0,0,0.334108,-0.754307,0.565149
18.2804,25.0762,-0.834874,-0.536539,0.12293
0,0,-0.73825,-0.433361,0.5169
0,0,0.384143,0.770658,0.508449
0,0,0.818324,0.456848,0.348763
0,0,-0.258524,0.955411,0.142673
0,0,-0.141052,0.359486,0.922428
0,0,-0.93314,-0.357995,0.0330008
0,0,-0.651924,-0.749876,0.112609
0,0,0.218648,0.968802,0.116689
0,0,0.520851,-0.813677,0.258155
0,0,0.816419,0.506244,0.277808
0,0,-0.71242,-0.130999,0.689418
0,0,-0.822446,0.0213045,0.568445
0,0,-0.0946171,-0.802822,0.588663
0,0,-0.468131,0.121893,0.875211
0,0,0.322466,0.863962,0.386762
0,0,0.683669,-0.697027,0.216216
0,0,-0.0792987,-0.949037,0.305025
0,0,0.677515,-0.576929,0.456209
0,0,-0.825531,-0.337014,0.45268
0,0,0.20546,-0.695619,0.688404
0,0,0.367198,-0.305298,0.878612
0,0,-0.934533,0.319431,0.156883
0,0,-0.157712,-0.98371,0.0862648
0,0,0.641164,-0.0607835,0.764992
0,0,0.624334,-0.0605146,0.77881
0,0,0.348701,-0.93079,0.109712
0,0,-0.626148,-0.705998,0.330915
0,0,-0.719127,-0.677086,0.156241
0,0,0.146823,0.890159,0.431347
0,0,0.710834,0.703351,0.00351201
0,0,-0.458676,-0.879517,0.126752
0,0,-0.953092,-0.153267,0.261008
0,0,-0.876329,-0.038242,0.480193
0,0,-0.859172,-0.510258,0.0381972
0,0,0.834254,-0.158995,0.527959
0,0,-0.270031,-0.597413,0.755104
0,0,-0.217991,-0.967445,0.128571
0,0,0.754863,0.654248,0.0462728
0,0,0.138829,0.337196,0.931142
0,0,0.564309,0.181567,0.80535
0,0,0.366939,0.884259,0.288862
0,0,0.208903,-0.838145,0.503858
0,0,-0.0119907,-0.870396,0.492206
0,0,0.385769,0.750884,0.536056
0,0,-0.166833,0.840883,0.514862
0,0,-0.77106,0.521565,0.365288
0,0,0.278584,-0.683438,0.674762
0,0,0.882035,0.395413,0.256248
0,0,-0.613548,0.746333,0.257963
5.60714,8.51477,0.28507,-0.158608,0.945293
0,0,-0.971342,0.156874,0.178564
0,0,0.631721,0.611085,0.476974
0,0,0.458874,0.0983416,0.883042
22.7205,31.764,0.0376088,-0.624038,0.780489
0,0,-0.370499,-0.16077,0.914813
0,0,-0.873061,0.187451,0.450141
0,0,0.299982,-0.529305,0.793629
0,0,0.581718,0.785877,0.209767
0,0,-0.58617,-0.774902,0.236501
0,0,-0.317129,0.915488,0.24761
0,0,-0.902993,0.319436,0.287341
0,0,-0.285757,-0.461235,0.840003
0,0,-0.534225,-0.837589,0.114232
0,0,0.383391,-0.216502,0.897852
0,0,-0.827492,0.477274,0.295747
0,0,-0.188635,-0.734296,0.652093
0,0,0.935289,-0.342156,0.0903495
0,0,-0.994238,-0.000121362,0.107196
0,0,-0.335,0.705281,0.624783
0,0,-0.682701,0.557702,0.472111
0,0,-0.336195,-0.776801,0.532497
0,0,-0.901761,0.206116,0.379925
0,0,-0.339729,0.696519,0.632017
0,0,-0.616254,-0.77467,0.141837
0,0,0.873376,-0.394674,0.285388
0,0,-0.520911,-0.451627,0.724351
0,0,0.19853,0.970616,0.135983
0,0,-0.103099,-0.393357,0.913587
0,0,-0.461553,0.228136,0.857276
0,0,0.476904,-0.876409,0.0668542
0,0,0.34787,-0.367505,0.862512
0,0,-0.0112405,0.806448,0.591198
0,0,-0.0679712,0.562625,0.823913
0,0,0.651821,0.00504967,0.758356
0,0,-0.499041,-0.747009,0.439245
0,0,0.41544,0.317647,0.852355
0,0,0.307329,0.945406,0.10843
0,0,-0.847146,0.0758491,0.525919
0,0,-0.802299,-0.109405,0.58681
0,0,-0.241824,-0.644156,0.725661
0,0,-0.408712,0.763476,0.50006
0,0,-0.663605,-0.73699,0.128353
0,0,0.53315,0.817575,0.217536
0,0,0.743225,-0.356915,0.565887
0,0,-0.112392,-0.942372,0.315122
0,0,-0.0971749,-0.6224,0.776644
0,0,-0.688368,-0.0247797,0.724939
0,0,-0.477487,-0.557756,0.678907
0,0,-0.4611,-0.0305654,0.886822
0,0,-0.450969,-0.81242,0.369595
0,0,-0.612786,-0.419587,0.669657
7.06218,9.85995,0.2503,-0.443971,0.860372
0,0,-0.288102,0.352464,0.890374
0,0,0.24992,0.80428,0.539141
0,0,-0.618055,0.553189,0.55856
0,0,0.299911,0.8101,0.503777
0,0,-0.576117,0.0521892,0.8157
0,0,0.403018,0.908314,0.11199
0,0,0.701274,0.657107,0.276451
0,0,-0.186787,0.747995,0.636878
0,0,0.852549,0.407429,0.327356
0,0,-0.961979,0.22013,0.161679
0,0,0.996019,0.044542,0.0772148
0,0,-0.776334,-0.471453,0.418374
0,0,0.208421,0.413156,0.886489
0,0,0.758788,-0.397614,0.515891
0,0,0.27229,0.948472,0.162047
0,0,0.570839,-0.627859,0.52909
0,0,0.870838,0.490729,0.0287375
0,0,-0.989326,-0.136932,0.0498309
0,0,-0.875555,-0.331494,0.351446
0,0,0.300456,-0.714936,0.631342
0,0,-0.475988,-0.35723,0.803631
0,0,0.315967,-0.948765,0.00316076
0,0,0.446787,-0.891207,0.0783018
0,0,0.371847,0.411662,0.832024
0,0,-0.13483,0.986784,0.0898814
0,0,-0.822559,-0.0820383,0.562731
0,0,-0.399925,0.245254,0.883126
0,0,0.685262,-0.172347,0.70761
0,0,0.724741,0.124476,0.677685
3.91635,6.61677,0.222925,-0.203775,0.953299
0,0,0.996974,-0.0776824,0.00282576
18.5074,25.7256,0.341686,0.872987,0.348057
0,0,0.527886,0.557179,0.641006
0,0,0.0807384,-0.973352,0.214634
0,0,-0.471077,-0.824397,0.313777
0,0,-0.426404,0.364461,0.827857
0,0,0.310985,0.467512,0.827479
0,0,0.167689,-0.678808,0.714913
14.5484,21.0748,-0.339272,0.0535897,0.939161
0,0,0.914735,-0.320451,0.246112
0,0,0.97742,0.201867,0.0624468
0,0,0.988343,-0.151676,0.013106
0,0,-0.648052,-0.422203,0.633856
0,0,-0.324575,-0.779722,0.53543
0,0,-0.78429,0.259693,0.563427
0,0,-0.854578,0.0297158,0.518472
0,0,0.225043,0.491938,0.841042
0,0,0.699254,-0.158916,0.696987
0,0,0.122224,0.898331,0.421975
0,0,-0.674032,0.288553,0.680013
0,0,-0.48514,0.832964,0.266102
0,0,0.498772,0.853033,0.153495
0,0,-0.0564488,0.998274,0.0162146
0,0,0.995893,-0.0867646,0.0258495
0,0,0.653738,-0.752464,0.0801577
0,0,0.10217,0.910533,0.400613
0,0,0.25728,-0.189147,0.947645
0,0,0.302959,-0.628797,0.716121
0,0,-0.308635,0.185428,0.932931
0,0,0.976753,0.144911,0.157967
0,0,-0.579986,0.631191,0.514989
0,0,-0.789508,-0.201364,0.579767
0,0,0.543555,-0.169494,0.822082
0,0,0.806699,-0.254449,0.533379
0,0,-0.586696,0.701263,0.404992
0,0,-0.236141,0.965011,0.113979
0,0,-0.900559,0.122377,0.417155
0,0,-0.35697,0.11887,0.926522
0,0,-0.362246,-0.554776,0.749001
0,0,-0.381582,-0.790028,0.479845
0,0,0.635166,-0.13699,0.76013
0,0,-0.680907,-0.669655,0.296526
0,0,-0.422705,0.332847,0.842931
0,0,-0.55344,0.810256,0.192845
0,0,-0.545174,0.828816,0.125892
0,0,-0.43749,-0.59048,0.678186
0,0,0.715752,0.500081,0.487461
0,0,-0.653628,0.226674,0.722073
0,0,0.459721,0.853301,0.246036
0,0,0.790633,-0.579339,0.198157
0,0,-0.789692,-0.240536,0.564383
0,0,-0.0881724,-0.947877,0.306194
0,0,0.746474,-0.653133,0.127254
0,0,0.0388781,-0.772114,0.634294
0,0,0.427155,-0.874372,0.230245
0,0,-0.518834,0.854763,0.0138525
0,0,-0.175208,-0.541771,0.822062
0,0,0.732815,-0.668852,0.124972
0,0,0.957752,-0.0181696,0.28702
0,0,0.248869,-0.907368,0.338745
0,0,-0.0184314,-0.971835,0.234941
0,0,-0.289708,-0.937681,0.191893
0,0,0.170542,-0.482083,0.859367
0,0,-0.277211,0.458925,0.844122
0,0,0.098393,0.943747,0.315691
0,0,-0.778394,0.505874,0.371744
0,0,0.653159,0.754116,0.0685031
0,0,-0.910012,-0.40577,0.0850236
0,0,0.493007,0.531933,0.68847
0,0,0.293144,-0.202958,0.934278
0,0,-0.0483074,0.924345,0.378487
0,0,-0.275199,0.607728,0.744937
0,0,-0.84153,-0.162278,0.515261
0,0,0.107523,0.902417,0.417231
0,0,0.773073,0.631255,0.0622465
0,0,-0.738698,-0.465733,0.487256
0,0,-0.398772,0.192047,0.896715
0,0,-0.0970655,-0.510985,0.854092
0,0,-0.159414,0.272316,0.94891
0,0,-0.54382,-0.805152,0.236623
0,0,-0.501877,-0.741056,0.446045
0,0,0.0478125,-0.650975,0.757592
0,0,0.566691,0.796488,0.210874
0,0,0.764191,0.627048,0.151072
0,0,-0.507308,0.642614,0.574182
0,0,0.826916,0.43836,0.352206
0,0,0.104322,0.850204,0.516014
0,0,-0.109657,0.956598,0.269991
0,0,0.927007,-0.310743,0.20999
0,0,-0.836208,0.117076,0.535771
0,0,0.694824,-0.637344,0.333184
0,0,-0.925607,0.378485,0.000421682
0,0,0.00814687,0.768475,0.639827
0,0,-0.773818,-0.369005,0.514822
0,0,0.524123,-0.685497,0.50536
0,0,-0.514766,0.732334,0.445761
0,0,0.472013,0.459589,0.752318
0,0,-0.13589,-0.657315,0.741263
6.37469,10.3651,0.388081,0.210357,0.897298
0,0,0.693465,-0.189867,0.695023
0,0,-0.707604,0.117221,0.696819
0,0,-0.302998,0.924106,0.232854
0,0,-0.447078,0.833773,0.32395
0,0,-0.842434,-0.520733,0.138354
0,0,-0.957691,-0.286651,0.0256765
0,0,0.702637,-0.255924,0.663931
0,0,-0.326507,0.535458,0.778895
0,0,-0.162936,0.932618,0.321986
0,0,0.982389,0.00247442,0.186829
0,0,0.340463,0.872518,0.350425
0,0,-0.106674,-0.464446,0.879153
0,0,0.324248,0.911775,0.252051
0,0,0.50591,-0.156347,0.848298
0,0,-0.366608,-0.852795,0.37194
0,0,-0.4011,-0.787921,0.467225
0,0,0.231674,-0.963231,0.136066
0,0,-0.902244,0.00335171,0.431213
0,0,0.388344,0.797215,0.46221
0,0,0.040494,0.866569,0.497411
0,0,-0.780582,0.57967,0.233825
0,0,0.525323,0.822866,0.216628
0,0,-0.63015,-0.558166,0.539779
0,0,-0.721575,0.146035,0.676759
0,0,-0.0148819,0.818074,0.574921
0,0,-0.231002,-0.917718,0.323159
0.345022,0.686893,-0.124935,0.396111,0.909663
0,0,-0.989257,-0.0958503,0.110382
0,0,-0.18454,0.842532,0.506049
0,0,0.520468,-0.0875854,0.849377
0,0,-0.348597,-0.43093,0.832334
0,0,0.091911,0.0767266,0.992807
0,0,0.0722865,0.997383,0.00142699
22.2064,34.2993,-0.712208,0.682379,-0.164678
0,0,0.393665,-0.808065,0.438245
0,0,0.287545,0.0393013,0.956961
0,0,0.234466,-0.666436,0.707735
0,0,0.693755,-0.649167,0.311909
0,0,0.236987,0.922644,0.304245
0,0,0.32804,0.786294,0.523576
0,0,0.656223,0.617771,0.433279
0,0,0.510415,0.286092,0.810943
0,0,0.775366,-0.518446,0.360585
0,0,-0.933263,0.327081,0.148452
0,0,0.747925,-0.329424,0.576271
0,0,0.702824,-0.670397,0.237919
0,0,0.214605,0.764812,0.607459
0,0,-0.748704,-0.265342,0.607483
0,0,0.895778,-0.379056,0.232159
0,0,-0.996892,0.0760991,0.0203958
0,0,0.52471,0.558809,0.642193
0,0,0.340437,-0.913004,0.224781
0,0,-0.611864,0.00472569,0.790949
0,0,0.703745,-0.483821,0.520251
0,0,-0.161169,0.986103,0.0403264
0,0,-0.478187,-0.0306649,0.877723
0,0,-0.21692,0.921745,0.321453
0,0,-0.561353,0.645185,0.518284
0,0,-0.156162,0.839,0.521241
0,0,-0.423722,-0.784197,0.453315
0,0,0.611002,-0.0842673,0.787131
0,0,0.682884,0.128971,0.719052
0,0,0.868134,0.147289,0.473972
0,0,0.246751,0.127812,0.960613
0,0,-0.659517,0.74914,0.0618566
0,0,-0.719979,0.652511,0.236346
0,0,-0.421218,-0.376245,0.825236
0,0,0.608769,0.786416,0.104645
0,0,0.346823,0.930954,0.114185
0,0,0.874623,-0.449214,0.182325
0,0,-0.608666,0.754918,0.244181
0,0,-0.364126,-0.336058,0.868606
0,0,-0.94157,-0.286663,0.176834
0,0,0.0440504,0.821708,0.568204
0,0,-0.977876,0.177893,0.110057
0,0,-0.0715496,-0.315402,0.946257
0,0,0.322663,0.130863,0.937424
0,0,-0.564894,-0.62926,0.533786
0,0,-0.941048,0.329862,0.0749677
20.6004,28.7203,0.264462,0.955116,0.133469
5.13872,8.32642,0.504154,0.114167,0.856034
0,0,0.744569,0.197441,0.637678
0,0,0.835368,0.547243,0.0518085
0,0,-0.538313,0.842654,0.0123683
0,0,0.427129,-0.149956,0.891669
0,0,-0.39625,-0.31418,0.862715
0,0,-0.935992,-0.352007,0.00317592
0,0,0.498085,0.599948,0.626078
0,0,0.918839,-0.20112,0.339539
0,0,0.85903,0.201701,0.470515
0,0,-0.981915,0.188434,0.0182992
0,0,-0.163153,-0.986599,0.00170199
0,0,0.958687,0.256973,0.121998
0,0,-0.744456,-0.32843,0.581308
0,0,-0.487431,-0.755229,0.438223
0,0,-0.6436,0.757388,0.11019
0,0,-0.230064,-0.812197,0.536103
0,0,-0.803388,0.398671,-0.4423
0,0,0.133693,-0.778763,0.612906
0,0,-0.316919,0.672354,0.668956
0,0,-0.385201,-0.816285,0.430463
0,0,0.94954,-0.129464,0.28568
0,0,-0.0682279,-0.730899,0.679067
0,0,0.279997,-0.427386,0.859618
0,0,0.596436,-0.767799,0.233985
0,0,-0.242006,-0.969839,0.0290719
0,0,-0.512062,-0.673868,0.532629
0,0,0.0433803,-0.732405,0.679486
0,0,0.46414,-0.0552033,0.88404
0,0,-0.908299,-0.36679,0.201141
0,0,0.401923,-0.0687398,0.91309
0,0,-0.481173,0.876274,0.0248161
0,0,-0.119517,-0.992766,0.0114638
0,0,0.391166,-0.261812,0.882295
0,0,-0.107424,-0.515641,0.850044
0,0,0.00737788,-0.598774,0.800884
0,0,0.67593,-0.495967,0.545101
0,0,-0.684483,0.0338437,0.728243
0,0,0.291291,-0.920148,0.261683
0,0,-0.447229,-0.855357,0.261441
0,0,-0.590127,-0.74812,0.303425
0,0,-0.212668,-0.95981,0.18313
0,0,0.739425,-0.0423248,0.671908
0,0,0.685243,0.707231,0.173973
0,0,-0.158682,-0.195736,0.967733
0,0,0.421797,-0.902872,0.0831219
0,0,0.81175,-0.298553,0.501925
0,0,-0.698279,0.11856,0.705939
0,0,0.922421,-0.142788,0.358818
0,0,-0.307359,0.254418,0.916952
0,0,-0.512202,-0.333366,0.791528
0,0,0.949437,-0.0587575,0.308411
0,0,0.185183,-0.863495,0.46913
0,0,0.167441,0.67736,0.716343
0,0,0.0618358,-0.985572,0.157555
0,0,-0.714097,0.489984,0.499981
0,0,-0.768281,0.639288,0.0324945
0,0,-0.413191,-0.910629,0.00529932
0,0,-0.436936,-0.765192,0.472829
0,0,-0.743931,-0.342571,0.573769
0,0,-0.983583,0.0342827,0.177169
0,0,-0.44585,0.27656,0.851312
0,0,-0.0737773,-0.997263,0.0047974
0,0,0.964911,0.123611,0.23166
0,0,-0.962066,0.264568,-0.066584
0,0,0.400761,-0.322816,0.857427
0,0,-0.71853,0.0537815,0.693413
0,0,0.821301,-0.432849,0.371627
0,0,-0.748558,0.227455,0.622836
0,0,-0.476645,-0.702061,0.529075
0,0,-0.764335,0.632019,0.127846
0,0,0.769317,0.0519805,0.636749
0,0,0.696396,0.195468,0.690525
0,0,0.129252,-0.717586,0.684372
0,0,0.90301,0.426155,0.0544524
0,0,0.54382,0.177732,0.820166
0,0,-0.399378,-0.831915,0.385246
0,0,0.400856,-0.678101,0.61603
0,0,-0.797488,-0.46403,0.385601
0,0,0.434166,-0.52332,0.733237
0,0,0.0107908,0.865238,0.501246
0,0,0.0581572,-0.19006,0.980048
0,0,0.009795,0.793646,0.608301
0,0,-0.277396,-0.248607,0.928033
0,0,0.246649,-0.584899,0.772695
0,0,-0.235754,-0.970746,0.0455185
0,0,-0.367468,0.55633,0.745294
0,0,-0.639139,-0.763935,0.0889089
0,0,0.725867,-0.682951,0.0818153
0,0,0.926287,-0.311387,0.212203
0,0,-0.401321,0.91526,0.0352163
0,0,0.808331,0.540316,0.233793
0,0,0.859631,0.12319,0.495842
0,0,0.820463,0.490582,0.293545
0,0,-0.865049,0.295441,0.405468
0,0,-0.771833,-0.233519,0.59139
0,0,0.259608,-0.961699,0.0879695
0,0,-0.550043,0.801817,0.233543
0,0,0.435018,0.657974,0.614678
0,0,-0.642804,0.0332975,0.765307
0,0,0.119527,-0.966551,0.226921
0,0,0.803868,0.594806,0.000959248
0,0,-0.159896,0.0270103,0.986764
0,0,-0.884407,-0.406131,0.229963
0,0,-0.601648,-0.301062,0.739852
0,0,-0.933409,0.186721,0.306402
0,0,0.759218,0.553637,0.342161
0,0,-0.560804,0.501837,0.658528
13.8115,20.3713,-0.383871,-0.854673,0.349538
0,0,-0.434106,0.7119,0.552043
0,0,-0.892901,0.410754,0.184416
0,0,0.459802,0.308516,0.832707
0,0,-0.327062,0.681046,0.655139
0,0,0.776752,-0.628942,0.0330018
0,0,0.257528,-0.805917,0.533083
0,0,-0.297376,0.647963,0.701221
0,0,0.76728,-0.276826,0.578488
0,0,0.062479,0.910432,0.408914
0,0,0.541422,-0.0514171,0.839177
0,0,-0.906037,0.172346,0.386515
0,0,-0.98583,0.118046,0.119179
0,0,0.737662,0.457728,0.496326
0,0,-0.207234,-0.332736,0.919968
0,0,0.191401,0.981329,0.0189489
0,0,-0.0234751,0.985815,0.166187
0,0,0.245274,-0.856236,0.454643
0,0,0.872755,0.323843,0.365274
0,0,-0.817537,0.305805,0.487971
0,0,0.706504,0.489379,0.511234
0,0,-0.861606,0.44581,0.24267
0,0,-0.721004,-0.627863,0.293157
0,0,-0.0259797,0.901952,0.431053
0,0,-0.777464,-0.367469,0.510408
0,0,-0.597467,-0.285723,0.749263
0,0,0.764809,0.540325,0.350879
0,0,0.82991,-0.399234,0.389694
0,0,-0.511159,0.704414,0.49246
1.11704,2.04393,0.350315,-0.100864,0.931185
0,0,-0.392756,0.794681,0.462844
0,0,-0.662739,-0.743872,0.0862081
0,0,0.876203,0.401165,0.267086
0,0,-0.708053,-0.706089,0.00996236
0,0,0.98786,0.151295,0.0352594
0,0,0.302463,0.652241,0.695052
17.0417,25.1796,0.392191,-0.739485,-0.547127
0,0,-0.652178,0.253511,0.71442
0,0,-0.382216,-0.535447,0.753132
0,0,0.738909,-0.619983,0.263884
0,0,0.116376,0.743133,0.658946
0,0,0.0551833,0.552296,0.831819
0,0,0.548045,-0.460672,0.69816
0,0,-0.0607611,-0.726955,0.683991
0,0,-0.591226,-0.805339,0.0433754
0,0,-0.988294,-0.063783,0.138585
0,0,-0.344129,-0.938124,0.0387167
0,0,0.975571,0.135965,0.172552
0,0,0.559698,-0.82863,0.0105034
0,0,-0.133237,-0.390344,0.910977
0,0,-0.86534,-0.29126,0.407866
0,0,0.951921,0.260794,0.160728
0,0,0.311369,0.132398,0.941021
0,0,0.852352,-0.516008,0.0850412
0,0,-0.889013,-0.269648,0.370062
0,0,0.666075,-0.516376,0.538238
0,0,0.751631,0.619154,0.227372
0,0,-0.788577,0.454636,0.414068
0,0,0.0534131,-0.990519,0.126569
0,0,0.565587,-0.656256,0.49944
0,0,-0.458067,0.449038,0.767163
0,0,-0.560539,-0.751912,0.347024
0,0,-0.758901,-0.265156,0.594778
0,0,0.130333,0.93519,0.329293
0,0,0.540533,-0.0515102,0.839744
0,0,-0.55042,-0.832556,0.0623639
0,0,-0.969324,-0.244126,0.028512
0,0,0.19235,0.43318,0.880543
0,0,-0.625481,-0.0753986,0.776588
0,0,0.842398,0.0440509,0.537052
0,0,0.175961,-0.588387,0.789201
0,0,0.844919,-0.499326,0.191794
0,0,0.819629,0.0444497,0.571168
0,0,-0.183027,-0.263576,0.947116
0,0,-0.711341,0.186312,0.677703
0,0,0.943152,-0.00539013,0.332318
0,0,-0.00873804,0.979806,0.199761
0.139775,0.25083,-0.347338,-0.22881,0.909397
0,0,-0.27233,-0.959702,0.0693406
0,0,-0.998314,0.0476296,0.0331893
0,0,-0.17048,0.521712,0.835915
0,0,0.516833,0.0553218,0.854297
0,0,0.469231,0.815331,0.339202
0,0,0.969318,0.113449,0.218063
0,0,-0.681527,0.664093,0.307412
0,0,0.663592,0.681016,0.309618
0,0,0.862046,0.0636402,0.502818
0,0,0.362106,0.0724308,0.929319
0,0,-0.348895,0.552329,0.757103
0,0,0.731532,-0.680075,0.048563
0,0,-0.926792,-0.203284,0.315804
0,0,0.864362,-0.155834,0.478115
0,0,-0.00941438,0.992815,0.119286
0,0,0.771951,-0.33235,0.541882
0,0,0.939591,-0.298476,0.167571
0,0,0.682096,-0.6684,0.296625
0,0,0.837087,0.0678688,0.542844
0,0,0.517256,-0.809891,0.276629
0,0,-0.682723,-0.711862,0.164749
0,0,-0.615697,-0.378075,0.691359
0,0,0.635228,0.731616,0.247434
0,0,0.771944,0.403775,0.490988
0,0,-0.98399,0.149161,0.0975439
0,0,-0.149423,-0.934116,0.324191
0,0,0.160486,-0.573186,0.803556
0,0,0.663002,-0.741891,0.100128
0,0,0.440109,-0.386235,0.810633
0,0,-0.0673035,0.997713,0.00622502
0,0,-0.73583,0.616065,0.281101
0,0,0.289525,-0.238967,0.92686
0,0,0.100072,-0.699306,0.707783
0,0,0.834687,0.0149229,0.550523
0,0,0.739073,-0.614846,0.275201
0,0,0.565596,-0.370651,0.736694
0,0,0.960795,-0.269994,0.0630564
22.9429,34.8607,-0.160315,0.058498,0.985331
0,0,0.711914,-0.502195,0.490896
0,0,0.917913,0.0121455,0.396597
0,0,0.365506,0.805837,0.465867
0,0,-0.697942,-0.0222068,0.71581
0,0,-0.676119,-0.71434,0.180505
5.24958,8.38041,0.338203,0.0110812,0.941008
0,0,-0.065954,0.82848,0.556121
0,0,0.246018,0.966313,0.0755927
0,0,0.35869,0.932936,0.031183
0,0,-0.830228,-0.333212,0.446868
0,0,-0.351347,-0.87804,0.324964
0,0,-0.0584406,-0.767511,0.638366
0,0,-0.170705,-0.854302,0.490946
0,0,-0.716668,0.477711,0.508113
0,0,0.733506,-0.32081,0.599208
0,0,-0.834414,0.131525,0.535214
0,0,-0.290103,0.365189,0.884578
0,0,0.618473,-0.637528,0.459401
0,0,0.945548,-0.247228,0.211701
0,0,-0.911262,-0.339024,0.233805
0,0,-0.825556,0.0528342,0.561841
0,0,0.192348,-0.552913,0.810734
0,0,-0.823821,-0.227552,0.519171
0,0,-0.00582101,0.858675,0.512487
0,0,0.301445,-0.854738,0.422557
0,0,-0.647614,-0.619956,0.443002
0,0,-0.777557,-0.108912,0.619309
0,0,-0.943561,0.292727,0.154934
0,0,0.206261,-0.285017,0.936067
0,0,0.650466,0.517429,0.556022
0,0,-0.316149,-0.751669,0.57883
0,0,0.813959,-0.531319,0.234885
0,0,-0.432809,-0.810288,0.395107
0,0,0.865488,0.447729,0.224652
0,0,-0.510864,-0.806524,0.29755
0,0,-0.705101,0.683024,0.190552
0,0,0.79731,-0.479687,0.36633
0,0,-9.70862e-05,0.93846,0.345389
0,0,0.533478,0.159128,0.83071
0,0,0.382673,0.880901,0.278521
0,0,-0.984322,-0.166917,0.0570017
0,0,-0.277597,0.89185,0.357131
0,0,-0.145018,0.169525,0.974798
0,0,-0.205039,-0.430885,0.878804
0,0,0.275948,-0.507091,0.816524
0,0,0.556703,0.689199,0.463773
0,0,-0.694564,0.656381,0.294524
0,0,0.188361,-0.548611,0.814583
0,0,-0.587105,0.617381,0.523592
0,0,-0.941363,0.210828,0.263414
0,0,-0.792709,-0.301766,0.529669
0,0,0.740542,-0.378328,0.555397
15.6391,24.0746,0.49661,-0.0383295,0.867127
0,0,-0.196438,-0.735943,0.64792
0,0,-0.260333,-0.755338,0.601408
0,0,0.465969,-0.285585,0.837445
0,0,0.703899,-0.458963,0.542105
0,0,0.998954,-0.0181681,0.0419576
0,0,0.752666,0.0242396,0.657956
0,0,-0.355485,0.353918,0.865085
0,0,-0.944451,0.168458,0.282194
0,0,0.326279,-0.880051,0.34504
0,0,-0.197966,-0.484344,0.852186
0,0,0.357245,0.868439,0.343788
0,0,-0.513857,-0.774852,0.368177
0,0,0.0483254,0.726602,0.685357
0,0,0.24394,-0.352893,0.903305
0,0,-0.414243,0.416181,0.809442
0,0,0.169051,-0.386364,0.906722
0,0,0.499927,-0.548407,0.670315
0,0,0.960335,0.236926,0.147046
0,0,-0.300285,-0.520446,0.799352
0,0,0.24376,-0.355229,0.902438
0,0,-0.547735,0.709544,0.443321
0,0,0.0146985,0.945351,0.325723
0,0,-0.783422,0.580916,0.220875
0,0,-0.272648,0.778462,0.565385
0,0,-0.782018,-0.399488,0.47839
0,0,-0.224441,-0.0313544,0.973983
0,0,-0.1762,-0.859866,0.479149
0,0,0.569884,0.690388,0.445642
0,0,-0.693321,-0.686486,0.219188
0,0,0.501901,-0.159013,0.850183
0,0,-0.644601,-0.757708,0.101821
0,0,-0.0892873,0.895016,0.437007
0,0,-0.701427,-0.712499,0.0185769
0,0,-0.40174,-0.734747,0.546583
0,0,-0.192268,0.0385425,0.980585
0,0,0.301805,0.826424,0.475328
0,0,-0.284341,0.590293,0.75545
0,0,0.0228139,0.98697,0.159279
0,0,0.444249,0.605449,0.660359
0,0,0.979755,0.106886,0.169282
0,0,0.177086,-0.508349,0.842746
0,0,-0.752998,0.645752,0.126486
0,0,-0.970695,-0.0850269,0.224769
20.3041,28.8343,0.36679,0.428825,0.825575
0,0,0.0195277,-0.216827,0.976015
0,0,0.6158,0.771896,0.158013
0,0,-0.817038,-0.249668,0.519725
3.24835,5.01782,0.289737,-0.311645,-0.904947
0,0,0.74613,0.573507,0.338202
17.0508,21.4842,-0.511444,0.120135,0.850878
0,0,-0.923203,-0.378495,0.0666133
0,0,-0.17413,-0.956239,0.23513
0,0,-0.499326,0.770843,0.395569
0,0,0.97467,-0.15317,0.162967
0,0,-0.473999,0.709327,0.521709
0,0,0.754981,-0.63662,0.157225
0,0,-0.324874,0.885584,0.33196
0,0,-0.0478095,-0.732741,0.678826
0,0,0.781992,0.560306,0.273031
0,0,-0.299312,0.434183,0.849646
0,0,-0.50734,0.443876,0.738634
0,0,-0.665037,-0.0236277,0.746437
0,0,-0.40204,-0.607606,0.684966
0,0,0.272508,-0.418356,0.86644
0,0,0.48042,0.149449,0.864212
0,0,0.962763,-0.0868418,0.256019
0,0,-0.281699,-0.954077,0.101896
0,0,0.528446,-0.791162,0.307909
0,0,-0.849752,0.47831,0.221676
0,0,-0.649756,-0.247905,0.718582
0,0,-0.255465,0.966765,0.0101791
0,0,-0.461322,-0.879848,0.114239
0,0,0.317201,0.526489,0.788792
0,0,0.12049,-0.844845,0.521266
0,0,0.601868,0.350166,0.717732
0,0,0.268127,-0.606932,0.748159
0,0,0.47542,-0.681074,0.556879
0,0,0.285661,-0.939698,0.188056
0,0,-0.948009,-0.195192,0.251356
0,0,0.368604,-0.902688,0.222002
0,0,0.957653,0.284366,0.045135
0,0,-0.776753,-0.584891,0.233575
0,0,0.355224,-0.409343,0.840389
21.4684,32.8497,0.373402,-0.179995,0.91004
0,0,-0.500755,0.0553379,0.863818
0,0,0.366417,-0.629735,0.684962
0,0,0.970873,-0.237792,0.029319
0,0,0.938358,0.326808,0.112609
5.9493,8.34396,0.645377,0.178669,0.742675
0,0,-0.131067,0.883169,0.450371
0,0,0.130812,0.989129,0.0671772
0,0,0.934207,0.118976,0.336305
0,0,-0.207337,0.722849,0.659167
0,0,0.165261,0.743241,0.648291
0,0,-0.650114,0.759013,0.0353711
0,0,-0.591311,-0.115667,0.798106
0,0,0.190967,-0.652371,0.733447
0,0,-0.257965,0.19622,0.946019
0,0,-0.360692,0.856862,0.36836
0,0,-0.791044,-0.343361,0.506313
0,0,0.807016,0.308285,0.503671
0,0,-0.693756,-0.583883,0.421643
0,0,0.914728,0.300388,0.270258
0,0,0.89149,-0.299161,0.340219
0,0,-0.348221,-0.619436,0.703592
0,0,0.144414,-0.100786,0.984371
0,0,-0.462183,0.885227,0.0525405
0,0,-0.939891,0.135895,0.313269
0,0,0.671413,0.174659,0.720208
0,0,0.916135,-0.0560049,0.396939
0,0,-0.862855,-0.50296,0.050117
0,0,-0.102892,-0.641288,0.760371
0,0,0.613007,-0.480135,0.627449
0,0,0.708035,0.115686,0.696637
0,0,0.37827,-0.278009,0.882963
0,0,-0.549545,-0.690811,0.469873
0,0,-0.210295,-0.428782,0.878591
0,0,-0.0623888,-0.142845,0.987777
0,0,-0.0599836,-0.582935,0.810302
0,0,0.843016,-0.413389,0.344142
0,0,0.0839298,0.810288,0.579991
0,0,0.106436,0.969524,0.220666
0,0,-0.705894,0.541995,0.456021
0,0,0.337422,0.940104,0.048496
0,0,-0.358307,0.846507,0.393753
0,0,-0.582069,0.794593,0.172678
0,0,-0.544028,0.00307069,0.839062
0,0,-0.412596,0.899039,0.146604
0,0,0.111332,-0.489697,0.864755
0,0,0.551515,-0.752384,0.360207
0,0,0.926523,-0.0647534,0.370625
0,0,0.513363,-0.415615,0.750814
0,0,-0.206475,0.827153,0.522672
0,0,0.534358,0.839127,0.101624
0,0,0.653439,-0.578397,0.488338
0,0,-0.220515,-0.961647,0.163122
0,0,0.520484,-0.122626,0.84502
19.1397,26.1681,0.627872,-0.140468,0.765536
0,0,-0.180286,0.950698,0.25233
0,0,0.55398,-0.538521,0.634903
0,0,-0.0681461,0.891974,0.446921
0,0,-0.139438,-0.750955,0.645463
0,0,0.0763366,-0.983858,0.161851
0,0,0.396487,0.914492,0.0806395
0,0,-0.8834,-0.429165,0.188205
0,0,-0.366598,-0.223064,0.903243
0,0,0.862101,0.494669,0.109929
0,0,0.346976,0.230324,0.909153
0,0,0.347329,0.641767,0.683738
0,0,-0.0542282,0.174113,0.983231
0,0,0.992569,0.0689037,0.100297
0,0,0.653074,0.723013,0.225271
0,0,0.897037,0.438946,0.0514973
0,0,-0.396858,0.35949,0.844553
0,0,-0.288,0.322385,0.901734
0,0,-0.839011,-0.499964,0.214701
0,0,0.0166603,0.319481,0.947446
0,0,0.27229,0.887906,0.370784
0,0,0.88759,0.215997,0.406852
0,0,-0.819276,-0.469331,0.329417
0,0,0.991847,-0.111379,0.0619165
0,0,0.169813,-0.302933,0.937761
0,0,0.646694,0.0949477,0.756817
17.1378,23.8094,-0.946737,-0.302296,-0.110936
0,0,-0.367817,0.211869,0.90544
0,0,0.146005,-0.830097,0.538165
0,0,-0.279637,-0.903151,0.325763
0,0,0.195614,-0.950094,0.243014
0,0,-0.331364,-0.878672,0.343707
0,0,0.0838443,-0.415014,0.905944
0,0,0.352899,0.701998,0.618596
0,0,0.820771,-0.566738,0.0717154
0,0,-0.85755,0.497117,0.13222
0,0,0.400662,-0.0514518,0.91478
0,0,0.915882,0.311781,0.252889
0,0,-0.920463,0.333726,0.203409
23.7755,31.4623,0.416803,0.303477,0.856841
0,0,0.578554,-0.458424,0.674627
0,0,0.689356,-0.552714,0.46829
0,0,0.481485,0.831348,0.277547
0,0,-0.749452,0.330374,0.573737
0,0,0.964769,0.153821,0.21345
0,0,-0.986526,-0.163483,0.00628531
0,0,-0.581195,-0.577259,0.573572
0,0,-0.335674,0.564106,0.754392
0,0,0.261995,-0.716032,0.647037
0,0,-0.492348,0.802126,0.337917
0,0,-0.184533,-0.0269073,0.982458
0,0,-0.0120682,0.570453,0.821242
0,0,0.0710058,-0.90924,0.410172
0,0,-0.0767736,-0.706973,0.703061
0,0,-0.8989,0.424757,0.10752
0,0,-0.855947,-0.0708771,0.512183
0,0,0.76782,0.412409,0.490277
0,0,-0.693844,-0.366965,0.619611
0,0,0.186289,0.505367,0.842556
0,0,-0.516103,-0.472375,0.714492
0,0,-0.41873,0.0919384,0.903445
0,0,-0.167407,0.858237,0.485185
0,0,-0.878023,-0.463289,0.120162
0,0,0.180021,-0.733806,0.655074
0,0,-0.390561,0.550658,0.737725
0,0,-0.113752,0.967733,0.22484
0,0,-0.774626,-0.599282,0.202028
0,0,-0.30955,0.950292,0.0335219
0,0,0.49533,0.254885,0.830471
0,0,-0.310842,-0.408368,0.858261
0,0,-0.658878,-0.253805,0.70814
0,0,0.745918,0.0782654,0.661423
0,0,0.521769,0.834447,0.177355
0,0,0.498375,0.806109,0.319077
0,0,0.089544,0.29283,0.951963
0,0,0.739417,0.660409,0.130853
0,0,-0.573071,0.723874,0.384183
0,0,-0.166091,0.744373,0.646778
0,0,0.602597,0.629464,0.490563
0,0,-0.0216398,0.696867,0.716874
0,0,-0.124247,-0.96219,0.24239
0,0,-0.0253329,-0.732015,0.680817
0,0,0.795034,-0.555735,0.243063
0,0,-0.833051,-0.52303,0.180184
0,0,-0.32302,0.735591,0.595453
0,0,0.672562,0.659895,0.334961
0,0,0.756146,0.640911,0.132195
0,0,-0.282248,-0.9582,0.0467908
0,0,0.922408,-0.385056,0.029912
0,0,-0.184322,0.108243,0.976887
0,0,0.677082,0.734069,0.051991
0,0,-0.995727,0.0684539,0.0619872
0,0,0.00749668,0.210624,0.977538
0,0,0.104207,0.994096,0.0302288
0,0,-0.536664,-0.843766,0.00714781
0,0,0.828628,-0.558796,0.0334926
0,0,0.334907,-0.598549,0.72772
0,0,-0.976035,-0.216527,0.0217077
0,0,0.827124,0.5569,0.0756897
0,0,-0.195198,-0.623822,0.756799
0,0,-0.953308,-0.0838533,0.290124
0,0,0.127398,0.0701584,0.989367
0,0,0.950776,-0.286827,0.117279
0,0,-0.708283,0.514163,0.483706
0,0,0.58457,-0.784922,0.205368
0,0,-0.430094,-0.657987,0.618119
0,0,0.705808,0.593078,0.387419
0,0,-0.365064,0.772501,0.519587
0,0,0.897061,-0.440922,0.0294733
0,0,0.773878,0.0138729,0.633182
0,0,-0.68198,0.724623,0.0991234
0,0,-0.396719,0.320025,0.860348
0,0,0.0759744,-0.989308,0.124492
0,0,-0.460285,0.643491,0.611602
0,0,-0.198367,-0.946643,0.254001
0,0,-0.576611,0.475329,0.664516
0,0,-0.551505,0.793589,0.257018
0,0,0.164141,-0.98497,0.0537669
15.3554,21.7626,0.676509,0.398034,-0.619601
0,0,0.017951,0.777416,0.628731
0,0,0.126587,-0.540822,0.831557
0,0,0.212582,0.923306,0.319868
0,0,-0.376044,-0.401246,0.83522
0,0,-0.935009,0.278808,0.219142
0,0,-0.259259,-0.481513,0.837216
0,0,-0.0640726,-0.801549,0.594487
0,0,0.51234,0.645412,0.566526
0,0,-0.279627,-0.645603,0.710638
0,0,0.549789,-0.567863,0.612587
0,0,-0.365906,-0.92544,0.0983577
0,0,0.236812,0.698735,0.675048
0,0,0.411401,0.889178,0.200276
0,0,0.759659,0.419283,0.497111
0,0,-0.965662,0.0640517,0.251784
0,0,-0.117824,0.570537,0.812776
0,0,0.533379,-0.712018,0.456658
0,0,0.801895,0.473388,0.364511
0,0,0.311059,-0.470164,0.825947
0,0,0.828586,-0.0545243,0.5572
0,0,0.702373,0.623596,0.343219
0,0,0.247349,-0.923264,0.293943
0,0,0.670057,0.241626,0.701883
0,0,0.752525,-0.498237,0.430657
0,0,0.0682047,-0.811863,0.579851
0,0,-0.180669,0.0203353,0.983334
0,0,0.42406,-0.482407,0.766457
0,0,0.106167,-0.944711,0.310242
0,0,-0.394633,0.681544,0.616249
0,0,-0.907219,-0.00706268,0.420599
0,0,-0.344315,0.863417,0.368725
0,0,-0.280163,0.956934,0.076064
0,0,0.159046,0.849155,0.503628
0,0,-0.552413,-0.828699,0.0899849
0,0,0.72468,0.687779,0.0424034
0,0,-0.915893,0.0669073,0.395807
10.1928,15.5774,0.431845,0.378468,0.818701
0,0,0.626421,-0.231164,0.744419
0,0,-0.114624,0.64661,0.75416
0,0,-0.731492,-0.638513,0.239209
0,0,0.668985,0.574851,0.471175
0,0,0.820164,-0.522091,0.233991
0,0,-0.982977,0.119185,0.139824
0,0,-0.209853,0.97654,0.0482789
0,0,-0.111695,-0.413243,0.903745
0,0,-0.534659,-0.086866,0.840591
0,0,0.185529,0.653816,0.733555
0,0,0.520624,0.778494,0.350567
0.735094,0.967357,0.36533,0.158589,0.91727
0,0,0.857475,-0.129309,0.498012
0,0,-0.719597,0.404932,0.564101
0,0,0.0950699,0.525325,0.845574
0,0,0.279695,0.84688,0.452289
0,0,0.680739,0.672603,0.290171
0,0,-0.765463,-0.555792,0.324287
0,0,-0.549542,-0.442446,0.708692
0,0,0.846624,0.109913,0.520718
0,0,-0.935951,0.147177,0.319897
0,0,0.861426,-0.475303,0.178974
0,0,-0.642871,0.607916,0.466
0,0,-0.207043,0.579371,0.788329
0,0,0.118577,-0.970441,0.210199
0,0,-0.830191,0.526839,0.182277
0,0,-0.196068,0.792942,0.576888
0,0,-0.707122,-0.558526,0.433621
0,0,-0.102777,0.76831,0.631773
0,0,0.338779,0.616517,0.710729
0,0,-0.428964,-0.69095,0.581875
0,0,0.728314,-0.649775,0.217604
0,0,0.882599,-0.323512,0.341115
0,0,0.667281,-0.74173,0.067627
0,0,-0.823645,0.387972,0.413626
0,0,-0.371999,-0.605232,0.703783
0,0,0.5157,0.313391,0.797396
0,0,0.187015,-0.440991,0.877811
0,0,0.959002,-0.224938,0.172392
0,0,0.634307,-0.534924,0.558132
0,0,-0.625661,-0.677901,0.386003
0,0,0.0920812,0.138053,0.986135
0,0,0.0782768,0.828021,0.555207
0,0,0.931098,-0.336065,0.141835
0,0,0.929247,0.221726,0.295531
0,0,0.539838,-0.381548,0.750331
0,0,-0.355013,0.479989,0.802232
0,0,0.299516,-0.200868,0.932707
0,0,0.250497,0.938077,0.239296
0,0,0.432378,0.901691,0.00127903
0,0,0.0973574,-0.994005,0.0497479
0,0,-0.14665,-0.425952,0.892781
19.8729,25.356,0.320957,0.135707,0.937321
0,0,-0.723624,0.600595,0.340079
0,0,-0.209526,-0.914272,0.346707
0,0,0.173767,0.862573,0.475156
0.338739,0.603769,-0.196976,-0.333351,0.921996
0,0,0.87378,-0.36389,0.322634
0,0,-0.712061,-0.348486,0.60953
0,0,-0.257905,0.413999,0.872978
0,0,0.803312,0.0442041,0.593915
0,0,-0.434502,0.206975,0.876567
0,0,0.507077,0.702812,0.498927
0,0,0.450995,-0.892424,0.0135027
0,0,0.262315,0.955511,0.134867
0,0,-0.804345,-0.458087,0.378397
0,0,-0.950792,0.0671919,0.302457
0,0,-0.926174,-0.0612865,0.372082
0,0,0.110589,0.77766,0.618882
0,0,0.499588,-0.00272582,0.866259
0,0,0.280684,0.633933,0.720656
0,0,0.959147,-0.282869,0.00476972
0,0,0.446379,-0.894145,0.0353696
0,0,-0.617998,0.277574,0.735548
0,0,-0.583525,-0.802573,0.123994
0,0,0.709704,-0.421307,0.564642
0,0,-0.577779,0.529144,0.621433
0,0,0.381987,-0.481105,0.789065
0,0,-0.741943,-0.0494018,0.66864
0,0,0.534851,0.407477,0.7402
17.5823,24.8631,-0.0452259,-0.135592,0.989732
0,0,0.168576,0.928781,0.330074
0,0,0.910527,-0.0127433,0.413253
0,0,-0.497866,0.391535,0.773841
0,0,-0.880639,-0.429186,0.200684
0,0,-0.12,-0.5943,0.79524
0,0,-0.139028,-0.931131,0.337145
0,0,0.427493,0.480409,0.765804
0,0,-0.421315,0.899406,0.116461
0,0,-0.983808,0.140757,0.11095
0,0,0.283128,-0.851689,0.440982
0,0,-0.0665618,-0.927446,0.367985
0,0,-0.254098,0.675954,0.691751
0,0,-0.163747,-0.540964,0.824952
0,0,-0.645493,0.338064,0.684874
0,0,0.27516,-0.656169,0.702659
9.02265,12.7575,0.174921,0.0306483,0.984105
0,0,-0.895265,0.314295,0.315785
0,0,-0.473782,0.750376,0.460941
0,0,0.64764,-0.195329,0.736484
0,0,0.108891,0.917495,0.382552
0,0,-0.547559,-0.822401,0.15439
0,0,-0.328179,0.544586,0.771832
0,0,0.0693892,0.350847,0.933858
0,0,0.577573,0.329492,0.74689
2.13919,3.69395,-0.196318,-0.258475,0.945859
0,0,-0.501684,0.427749,0.751894
0,0,0.339443,0.660611,0.669606
0,0,-0.960575,0.0650521,0.270304
0,0,0.585517,0.0260325,0.810242
0,0,-0.686711,-0.62581,0.369851
0,0,0.279509,0.943465,0.178179
0,0,0.979475,0.187532,0.0738976
0,0,-0.144395,0.941773,0.303666
0,0,-0.329669,-0.812367,0.481019
0,0,-0.548584,-0.803168,0.232329
0,0,-0.375622,-0.925851,0.0413305
0,0,-0.474191,0.870569,0.13135
0,0,0.77095,0.636837,0.0086593
0,0,0.251706,0.902272,0.35007
0,0,0.762783,-0.642484,0.0733226
0,0,0.671676,-0.738226,0.0622487
0,0,0.568448,-0.80364,0.176152
0,0,-0.991518,-0.0171863,0.128827
0,0,-0.774148,-0.278527,0.568434
0,0,0.150595,0.259114,0.954034
0,0,-0.295948,0.372875,0.87942
0,0,0.0921182,0.48132,0.871691
0,0,-0.153472,-0.630355,0.760986
0,0,0.15332,0.963702,0.218565
0,0,0.274942,0.919435,0.281153
0,0,0.749335,0.293011,0.593836
0,0,0.976684,-0.163163,0.139522
0,0,0.348502,-0.222733,0.91046
0,0,-0.806587,-0.589183,0.0477686
0,0,0.742294,0.0644459,0.666968
0,0,0.693553,0.607812,0.386714
0,0,0.533487,0.527235,0.661373
0,0,-0.947239,0.184777,0.26191
0,0,0.887626,0.00208004,0.46056
0,0,0.582525,-0.0163966,0.812647
0,0,0.900133,-0.124417,0.41747
0,0,0.492252,0.121829,0.861885
0,0,0.54903,-0.0542394,0.834041
0,0,-0.120156,0.558387,0.820833
0,0,-0.955131,-0.280225,0.0959082
0,0,0.806764,-0.227993,0.545116
0,0,0.900706,-0.166155,0.401399
0,0,-0.586219,0.053064,0.808413
0,0,-0.268153,0.237952,0.933527
0,0,-0.433748,-0.277983,0.857081
0,0,0.947769,-0.220108,0.230839
0,0,-0.347204,-0.753231,0.558653
0,0,0.93232,0.230477,0.278676
0,0,-0.735859,-0.172806,0.654713
0,0,-0.140635,-0.835912,0.53054
0,0,0.282735,0.433999,0.855398
0,0,0.840841,0.519548,0.151843
0,0,0.549697,0.320214,0.771554
0,0,0.860138,0.353029,0.368149
0,0,0.479284,-0.208365,0.852568
0,0,0.974423,-0.224052,0.0173489
0,0,-0.732773,-0.390639,0.557176
0,0,0.524992,-0.484733,0.699584
0,0,0.814843,0.254871,0.520646
24.066,33.8792,-0.836741,-0.546748,0.0305182
0,0,-0.349942,0.828782,0.436647
0,0,0.244876,-0.41765,0.874988
0,0,-0.673014,0.635556,0.378313
0,0,-0.720625,0.691337,0.0524675
0,0,0.698843,-0.201869,0.686198
0,0,0.881229,-0.257507,0.396391
0,0,0.867076,0.146281,0.476215
0,0,-0.222465,-0.974866,0.0120693
0,0,0.946859,-0.313118,0.0735837
0,0,0.46024,-0.0689829,0.885111
0,0,-0.00567896,0.492344,0.870382
0,0,-0.660278,0.331191,0.674051
0,0,-0.153616,0.394373,0.90602
0,0,-0.938213,-0.340604,0.0612047
0,0,0.984421,-0.175394,0.0123419
0,0,0.149593,-0.895555,0.419051
0,0,-0.277257,0.60008,0.750355
0,0,-0.708388,-0.550115,0.442221
0,0,0.387643,-0.60973,0.691348
0,0,-0.937377,-0.196197,0.287804
0,0,-0.936697,0.0286219,0.34897
0,0,0.16427,0.983378,0.0773509
0,0,0.324202,-0.944328,0.0560101
16.5258,24.3285,-0.301743,0.139361,0.943149
0,0,0.394578,-0.868131,0.301092
0,0,-0.403011,0.868588,0.288337
0,0,-0.449187,-0.0537737,0.891818
0,0,-0.25108,0.66788,0.700639
0,0,-0.841294,0.502063,0.200394
0,0,0.969215,0.227569,0.0939972
0,0,0.976077,0.121585,0.180249
0,0,0.852181,0.496746,0.164413
0,0,0.839889,0.29662,0.454536
0,0,-0.279683,0.959711,0.0270519
0,0,-0.0503407,-0.529783,0.846638
0,0,0.746463,0.569351,0.344431
0,0,0.414585,-0.602815,0.681714
0,0,0.147469,0.971137,0.18747
0,0,-0.807396,0.180484,0.561727
0,0,0.401793,0.860358,0.313603
0,0,-0.732401,-0.362569,0.576309
0,0,-0.00963516,-0.957326,0.288851
0,0,0.500152,0.810736,0.304229
0,0,-0.302523,0.615182,0.728033
0,0,0.761113,-0.648048,0.0272267
0,0,-0.825204,0.0591461,0.56173
0,0,0.0187933,-0.615511,0.787904
0,0,-0.859497,-0.122748,0.496183
0,0,0.698663,0.516224,0.495362
0,0,0.481209,-0.862433,0.156994
0,0,0.95356,-0.184302,0.238234
0,0,-0.640807,-0.185899,0.744854
0,0,0.53859,0.117833,0.834288
0,0,-0.0839573,-0.87548,0.475905
0,0,-0.130188,-0.696957,0.705197
0,0,-0.50302,-0.617914,0.60428
0,0,-0.622773,0.653955,0.429532
0,0,0.707726,-0.442086,0.551075
0,0,0.697527,0.3803,0.607312
0,0,-0.404842,-0.780826,0.47583
0,0,0.152327,0.844871,0.512825
0,0,-0.0651233,-0.994509,0.0819189
0,0,-0.705752,-0.707821,0.0300799
0,0,-0.896015,0.0365953,0.442512
0,0,0.198524,-0.717379,0.667799
0,0,0.0485514,-0.416176,0.907987
0,0,0.801094,0.0766974,0.593604
0,0,0.559379,0.492755,0.666549
0,0,0.701541,-0.437256,0.562715
0,0,-0.666801,0.359589,0.652742
0,0,-0.557592,0.332263,0.760718
0,0,0.645362,-0.442346,0.622766
0,0,0.517762,0.764011,0.384981
0,0,0.873668,-0.483785,0.0515355
0,0,0.661621,0.608403,0.438295
0,0,-0.0825197,-0.826973,0.556154
0,0,-0.463489,0.469864,0.751269
0,0,0.452273,0.307193,0.837306
0,0,-0.531476,0.450187,0.717541
0,0,-0.599762,0.246322,0.761322
0,0,0.950042,0.268698,0.158813
0,0,0.704729,0.703022,0.0954812
0,0,0.435312,-0.835876,0.334388
0,0,0.823026,0.377143,0.424725
0,0,-0.653022,-0.599361,0.462957
0,0,0.89744,-0.428836,0.103448
0,0,0.171238,0.160576,0.972056
0,0,0.630041,-0.59545,0.498485
0,0,-0.693804,-0.489185,0.528521
0,0,0.525489,0.237258,0.81705
0,0,-0.714807,-0.257183,0.650313
0,0,0.672939,-0.0602676,0.737239
0,0,-0.285378,-0.946138,0.152914
0,0,0.714717,-0.67007,0.200464
0,0,-0.0700925,-0.909634,0.409453
0,0,-0.345407,-0.910283,0.228209
0,0,-0.538151,0.633659,0.555761
0,0,0.404843,-0.636506,0.656478
0,0,-0.397764,0.610083,0.685261
0,0,0.534928,0.83493,0.129396
0,0,-0.776988,0.532892,0.335137
0,0,0.263995,-0.622058,0.737124
0,0,-0.212111,0.84302,0.494293
0,0,-0.486487,-0.0637156,0.871362
0,0,0.925017,-0.320967,0.203283
0,0,-0.0345874,0.782311,0.621927
9.11318,13.1182,0.259832,0.546045,0.796444
0,0,0.715811,-0.575135,0.396023
0,0,0.638806,0.613594,0.464145
0,0,0.726529,-0.375267,0.575612
0,0,0.816423,0.0618548,0.574133
0,0,-0.390171,0.206901,0.897195
0,0,-0.110681,-0.781681,0.613779
0,0,-0.508903,-0.776434,0.37171
0,0,0.877113,-0.00234606,0.480279
0,0,0.216686,0.855179,0.470867
0,0,0.0120326,-0.792969,0.609143
0,0,-0.650176,-0.159335,0.742889
0,0,-0.962519,-0.185121,0.198212
0,0,0.197705,-0.940425,0.276612
0,0,-0.383898,0.713493,0.586132
0,0,0.176801,-0.831014,0.527407
0,0,0.848122,0.390875,0.35764
0,0,0.492407,0.606672,0.624087
0,0,-0.271544,-0.911417,0.309164
0,0,-0.170654,-0.590122,0.789071
0,0,-0.00127345,-0.501144,0.865363
0,0,0.676485,0.206109,0.707027
0,0,-0.973618,0.225191,0.0368262
0,0,-0.486215,0.184717,0.854093
0,0,0.145229,0.227226,0.962952
0,0,-0.696253,-0.46776,0.544456
0,0,0.872611,-0.203127,0.444173
0,0,-0.705296,0.623636,0.337098
0,0,-0.994979,0.0892339,0.0453308
0,0,-0.562279,0.588348,0.58111
0,0,-0.625274,0.715683,0.311176
0,0,-0.935555,-0.303058,0.181362
0,0,-0.537838,-0.164019,0.826939
0,0,-0.454687,0.671111,0.585551
0,0,0.606263,0.497192,0.620681
0,0,0.476952,0.871391,0.114866
0,0,0.143798,-0.96719,0.209443
0,0,-0.565032,0.561792,0.604259
0,0,0.846857,0.237472,0.475857
0,0,0.0414426,0.208683,0.977105
0,0,0.707215,0.2364,0.666305
0,0,0.176513,0.74932,0.63825
0,0,-0.282876,0.337138,0.897953
0,0,-0.936213,0.21178,0.280455
0,0,-0.363758,-0.739173,0.566837
0,0,0.883821,-0.462761,0.0686508
12.0398,16.9069,-0.217846,-0.2789,0.935285
0,0,-0.182576,-0.98266,0.0323411
0,0,0.167799,0.984801,0.0448424
0,0,0.048461,-0.854143,0.517776
0,0,0.840312,0.527647,0.124352
0,0,0.00735491,-0.889561,0.456758
0,0,-0.883785,-0.245286,0.398445
0,0,-0.698933,-0.00602664,0.715162
0,0,0.927896,-0.31352,0.201775
0,0,-0.806911,0.498942,0.31615
0,0,-0.764584,0.542353,0.348232
0,0,-0.187387,0.809168,0.556897
0,0,-0.877372,0.378829,0.294461
0,0,-0.725483,0.622138,0.294309
0,0,-0.446176,-0.334077,0.830253
0,0,0.713611,-0.232786,0.660734
0,0,0.721167,-0.355917,0.594342
0,0,-0.459723,0.882808,0.0964616
0,0,0.519398,-0.277114,0.808352
0,0,0.293882,0.540419,0.788404
0,0,0.0367203,-0.807382,0.588885
0,0,-0.62414,0.198032,0.755799
0,0,-0.778392,0.029336,0.627093
0,0,0.960173,-0.216362,0.176794
0,0,-0.82496,0.166559,0.540092
0,0,0.0237948,0.860683,0.508586
0,0,0.866293,0.455498,0.20508
0,0,-0.415406,-0.908839,0.0380883
0,0,0.705888,-0.38484,0.59466
0,0,0.546291,-0.456543,0.702236
0,0,-0.392839,-0.492431,0.776653
0,0,-0.340211,0.846355,0.409805
0,0,-0.911137,0.344827,0.225664
0,0,-0.77806,-0.592689,0.208191
0,0,-0.0517032,0.99516,0.0835708
0,0,-0.696591,-0.714888,0.0607995
0,0,0.675034,0.0950421,0.73164
0,0,0.800855,0.092057,0.591741
0,0,0.101129,-0.805208,0.584305
0,0,0.07712,0.11515,0.99035
0,0,0.271938,-0.551377,0.78869
0,0,-0.241836,0.943223,0.227697
0,0,-0.211479,0.473539,0.855007
0,0,-0.0803152,0.532987,0.842303
0,0,0.510937,0.839954,0.182815
0,0,0.435056,-0.5783,0.690142
0,0,-0.367904,-0.352826,0.860326
0,0,-0.587628,-0.626545,0.511991
0,0,0.052468,-0.122403,0.991093
19.4909,26.8022,-0.307158,-0.951645,-0.0051058
0,0,-0.978168,0.0446513,0.202964
0,0,-0.236867,-0.500398,0.832764
0,0,0.201745,0.602233,0.772409
0,0,0.00459691,0.632771,0.774325
0,0,0.738343,0.665671,0.108313
0,0,0.962116,0.0443766,0.269005
0,0,0.542529,-0.294719,0.78664
0,0,0.358352,0.932379,0.0474788
0,0,-0.863487,-0.17242,0.473985
0,0,0.880447,0.398331,0.257187
0,0,0.78101,-0.209822,0.588217
0,0,0.618153,-0.0615285,0.783646
0,0,0.834667,0.32937,0.441414
0,0,0.57761,0.700179,0.419661
0,0,0.772315,-0.398469,0.494724
0,0,-0.277668,0.469314,0.838239
0,0,-0.562995,0.21428,0.798198
0,0,-0.00595727,-0.512254,0.858814
0,0,0.116696,-0.372106,0.920825
0,0,0.264237,0.855415,0.44547
21.0041,30.3093,-0.0939015,0.669765,0.736612
0,0,0.00895287,0.99566,0.0926364
0,0,-0.535931,-0.479697,0.694744
0,0,0.0520531,0.423955,0.904186
0,0,0.65866,-0.199081,0.725626
0,0,0.0961523,0.3605,0.92779
0,0,0.867436,0.163513,0.469913
0,0,0.257677,-0.718891,0.6456
0,0,0.845187,-0.483897,0.226941
0,0,0.638437,0.365869,0.677155
0,0,0.978571,-0.130358,0.159394
0,0,-0.804681,0.489312,0.336247
0,0,0.960157,0.279448,0.00266705
0,0,0.906142,0.143613,0.397846
0,0,0.183061,-0.131575,0.974257
0,0,-0.323485,0.911954,0.252384
0,0,-0.748774,-0.32244,0.579112
0,0,-0.33406,-0.552279,0.763801
0,0,-0.23969,0.764356,0.598588
0,0,0.683083,-0.508689,0.524054
0,0,0.95774,-0.0368771,0.28526
0,0,0.567411,0.750901,0.337923
0,0,-0.22177,0.310974,0.924183
0,0,0.491371,-0.28265,0.823811
0,0,-0.558023,0.564428,0.608302
0,0,0.531875,0.351268,0.770533
0,0,-0.564467,0.797113,0.214446
0,0,-0.0592907,0.39291,0.917664
0,0,-0.992138,-0.0412745,0.118148
0,0,0.425005,0.675829,0.602184
0,0,-0.375204,0.870422,0.318729
0,0,-0.276212,0.95928,0.0590732
0,0,-0.207366,-0.904413,0.372877
0,0,0.70089,0.359421,0.616093
0,0,-0.977557,-0.196578,0.0757544
0,0,-0.162519,0.757363,0.632446
0,0,-0.532662,-0.795143,0.28986
0,0,0.695904,-0.255776,0.671041
0,0,0.716442,0.0654694,0.694568
0,0,-0.222842,-0.518943,0.825251
0,0,-0.431701,0.526095,0.732706
0,0,-0.578848,-0.747493,0.325866
0,0,-0.632542,0.508631,0.58411
0,0,-0.269005,-0.691925,0.669982
0,0,-0.110801,0.826818,0.551449
0,0,0.315422,-0.886515,0.338527
0,0,-0.591586,-0.265543,0.761257
0,0,-0.360708,-0.895417,0.260994
0,0,-0.480532,0.0263866,0.87658
0,0,-0.834786,0.145127,0.531104
0,0,-0.185105,0.732395,0.655235
0,0,0.172516,0.616166,0.76849
0,0,-0.922229,-0.221264,0.317073
0,0,0.48741,-0.663248,0.567921
0,0,-0.689048,0.558593,0.461722
0,0,-0.0484903,0.969966,0.238357
0,0,-0.762418,0.642536,0.0765845
0,0,0.218103,-0.0852838,0.972192
0,0,-0.046466,0.63054,0.774765
0,0,-0.458934,0.291896,0.839152
0,0,-0.0267818,0.610161,0.791825
0,0,0.70038,-0.666652,0.255035
0,0,0.418232,0.876402,0.23875
0,0,0.578568,-0.60705,0.544747
0,0,0.377071,-0.919925,0.107495
0,0,0.626595,0.67375,0.391714
0,0,-0.231412,0.701465,0.674088
0,0,0.130426,0.547306,0.826707
0,0,-0.594329,-0.371981,0.713024
0,0,-0.165818,0.615013,0.770885
0,0,-0.691187,0.161354,0.704433
0,0,-0.679935,-0.718506,0.146412
0,0,0.142651,0.826985,0.543825
0,0,0.0305712,-0.474133,0.879922
0,0,0.627675,-0.765646,0.140748
0,0,-0.899466,0.23316,0.369591
0,0,0.823862,0.487406,0.289287
0,0,-0.347773,-0.925254,0.151521
0,0,0.145107,0.289697,0.946055
0,0,0.0135765,0.122797,0.992339
0,0,-0.725626,0.510856,0.460969
0,0,-0.672274,-0.588752,0.448797
0,0,-0.80231,0.588516,0.0997411
0,0,0.612708,-0.415611,0.672203
0,0,-0.0533951,0.961994,0.2678
0,0,0.575775,0.0789524,0.813787
0,0,0.8967,-0.00040242,0.442639
0,0,-0.554235,0.298919,0.776834
0,0,0.757718,0.561424,0.332665
0,0,0.919881,0.322252,0.223546
0,0,0.0315094,0.766079,0.641973
0,0,0.323022,-0.56925,0.75605
0,0,0.850044,-0.52529,0.0386782
0,0,-0.853069,0.111049,0.509845
0,0,0.717907,-0.6614,0.217164
0,0,0.0788788,0.928793,0.362107
0,0,0.210099,-0.96186,0.17517
0,0,0.539668,-0.299856,0.786667
0,0,-0.177982,-0.794373,0.580771
0,0,-0.141338,0.981244,0.13109
0,0,0.926008,0.170571,0.336771
0,0,-0.974713,-0.19174,0.114761
14.0028,21.9054,-0.406954,0.889154,0.209269
0,0,-0.348099,0.901456,0.2573
10.8266,14.829,0.0259276,-0.962381,-0.270464
0,0,-0.073859,0.975861,0.205526
0,0,-0.35747,-0.389871,0.848655
24.064,33.1264,-0.730763,0.466319,0.49853
0,0,-0.912293,0.405547,0.0570412
0,0,-0.559176,-0.522252,0.643875
0,0,-0.227205,0.714828,0.661361
0,0,-0.744339,-0.128288,0.655364
0,0,0.325852,0.481634,0.813541
0,0,-0.740648,0.559039,0.372715
0,0,0.639559,0.766459,0.0591988
0,0,0.695315,-0.706557,0.131585
0,0,0.167245,-0.594314,0.786651
0,0,-0.471647,-0.224454,0.852742
20.407,28.443,-0.794778,-0.574486,-0.195689
0,0,0.617415,-0.784888,0.0524425
0,0,-0.0304014,-0.595832,0.802533
0,0,0.293686,-0.955817,0.0127296
0,0,0.80992,-0.500715,0.305472
0,0,0.477681,0.651834,0.589011
0,0,-0.484581,0.845012,0.226134
0,0,0.999644,0.00387241,0.0263863
0,0,-0.978045,-0.200564,0.0565889
0,0,-0.761663,0.437675,0.477818
0,0,0.40705,-0.858209,0.312709
0,0,-0.755822,-0.645859,0.107697
0,0,-0.0852442,-0.326628,0.941301
0,0,0.15491,-0.158952,0.975057
0,0,-0.351139,-0.228682,0.907968
0,0,0.328911,-0.66042,0.675028
0,0,0.930845,-0.126357,0.342872
0,0,0.779258,-0.480219,0.402673
0,0,-0.542849,-0.543777,0.640017
0,0,0.841034,-0.484969,0.239723
0,0,-0.959388,0.23076,0.162247
0,0,-0.332342,-0.749483,0.572559
0,0,0.292251,-0.43577,0.851289
0,0,0.676819,-0.438036,0.591642
0,0,-0.509615,-0.28759,0.810916
0,0,0.479407,0.121074,0.869201
4.33632,6.39595,0.282975,-0.126106,0.950801
0,0,0.655922,0.484882,0.578494
0,0,-0.366965,-0.928924,0.0493603
0,0,-0.724056,-0.563883,0.397213
0,0,0.609502,-0.580377,0.540065
0,0,0.172919,-0.96212,0.21077
22.4982,33.4843,0.693215,-0.383367,0.610313
0,0,0.461411,0.726857,0.508703
0,0,-0.854056,0.00380945,0.520167
0,0,-0.541896,0.58684,0.601637
0,0,0.446517,0.843824,0.297629
0,0,0.0140941,-0.995495,0.0937583
0,0,-0.79355,-0.152716,0.58903
0,0,0.546062,0.831585,0.101404
0,0,0.762246,-0.158621,0.627551
0,0,-0.271396,0.96028,0.064849
0,0,-0.585454,-0.591093,0.554844
0,0,0.387655,0.777337,0.49545
0,0,-0.168535,-0.684127,0.709624
0,0,-0.00293503,-0.445794,0.895131
0,0,-0.0133127,0.89365,0.448567
0,0,0.0683821,-0.99215,0.104699
0,0,-0.0714535,-0.952884,0.294798
0,0,-0.991709,-0.00246886,0.128482
0,0,0.582743,-0.598689,0.549529
0,0,-0.889594,0.446898,0.0943662
0,0,-0.756884,-0.426919,0.494841
0,0,-0.72259,-0.326052,0.609552
0,0,-0.842843,-0.0790527,0.532322
0,0,-0.939924,0.324638,0.105606
0,0,-0.482982,0.499645,0.719085
0,0,0.234774,0.666877,0.707218
0,0,0.927662,0.372886,0.0199919
0,0,-0.83026,0.0159632,0.557147
0,0,0.908813,0.0201795,0.416716
0,0,-0.291049,-0.948849,0.122376
0,0,-0.384716,-0.328907,0.862446
0,0,0.249141,0.967312,0.047292
0,0,-0.65668,-0.158589,0.737306
0,0,-0.879846,0.363919,0.30567
0,0,0.307374,0.426671,0.850572
0,0,0.625549,-0.779224,0.0387053
0,0,0.154552,0.951269,0.266836
0,0,-0.575747,-0.353429,0.737294
17.2393,25.1995,0.113291,0.0204771,0.993351
0,0,-0.793845,0.569487,0.213297
0,0,0.938591,0.263356,0.222912
0,0,0.183314,-0.918289,0.350915
0,0,0.896757,0.428958,0.108724
0,0,-0.876347,0.221375,0.427796
6.81742,10.5322,-0.09939,0.110497,0.988894
0,0,-0.84777,0.244231,0.470785
0,0,-0.0136037,0.765205,0.643643
0,0,-0.641578,-0.0801472,0.762859
0,0,-0.763962,-0.03992,0.644025
0,0,0.0824769,0.461993,0.88304
0,0,0.47762,-0.536333,0.695864
0,0,0.20105,-0.351724,0.914259
0,0,0.11211,-0.572437,0.812248
0,0,-0.694758,-0.00688779,0.71921
0,0,0.256083,0.397516,0.881137
0,0,-0.0562206,0.920958,0.385584
0,0,0.557592,0.286015,0.779286
0,0,-0.53814,0.0156558,0.84271
0,0,0.151417,0.981465,0.117471
0,0,0.316545,0.917176,0.242048
0,0,-0.415029,-0.487535,0.768154
0,0,0.176158,-0.952997,0.246505
0,0,-0.825457,0.537771,0.171533
0,0,-0.32586,0.414315,0.849799
0,0,-0.189631,-0.423868,0.88565
0,0,0.161807,-0.912222,0.37639
0,0,-0.901999,-0.0489684,0.428953
0,0,-0.34573,-0.224483,0.911086
0,0,-0.527516,0.149312,0.836321
0,0,0.331585,0.862961,0.381248
0,0,-0.338926,0.528616,0.778264
0,0,-0.838609,-0.450729,0.305907
0,0,0.508857,-0.0113051,0.860777
0,0,-0.0422812,0.326548,0.944234
0,0,0.378484,-0.119615,0.917847
0,0,0.990544,-0.102866,0.0907807
0,0,-0.445875,0.890303,0.0924958
0,0,0.643325,0.116008,0.756753
0,0,-0.592779,0.61648,0.518233
0,0,0.674878,0.0328194,0.737199
0,0,0.921159,0.332734,0.201876
0,0,-0.627513,0.6366,0.448295
0,0,-0.225624,-0.360581,0.905028
0,0,-0.231968,-0.380386,0.895264
0,0,-0.0786322,-0.925058,0.371598
0,0,-0.819112,0.309641,0.482886
0,0,0.290169,0.0321948,0.956434
0,0,-0.744578,0.666474,0.0376211
0,0,-0.0949719,-0.395611,0.913495
0,0,-0.0437667,-0.803575,0.593592
0,0,0.172791,0.428277,0.886974
0,0,-0.620569,0.756388,0.206813
0,0,-0.33588,0.0644783,0.939695
0,0,-0.965178,0.0567419,0.255367
0,0,0.873292,0.486426,0.0274023
0,0,0.350991,0.0161492,0.93624
0,0,0.408381,-0.898743,0.159639
0,0,-0.948983,-0.0345187,0.313432
0,0,0.172872,-0.841425,0.511976
0,0,0.771713,-0.243332,0.587578
0,0,-0.185965,0.65618,0.731331
0,0,-0.595957,-0.00648935,0.80299
0,0,0.412188,-0.892417,0.183557
0,0,0.252169,-0.380405,0.889777
0,0,-0.506238,0.837611,0.205257
0,0,-0.0874049,0.53027,0.843311
0,0,0.503584,0.119571,0.855632
0,0,0.109373,-0.715862,0.689622
0,0,-0.358185,-0.411501,0.838075
0,0,0.347309,0.561661,0.750942
0,0,-0.520725,0.663585,0.537123
0,0,-0.0675421,0.981892,0.176992
6.90643,10.8252,0.357113,-0.268747,0.894564
0,0,-0.621678,0.400475,0.673154
0,0,-0.224288,0.261367,0.93882
0,0,-0.374816,-0.654033,0.65708
0,0,0.465789,-0.381066,0.798642
0,0,0.368221,-0.744969,0.556269
0,0,0.785464,0.617962,0.0341861
0,0,-0.0938698,0.565893,0.819118
0,0,0.741807,-0.642396,0.192483
0,0,0.851856,0.474115,0.222614
0,0,0.805215,-0.356433,0.473904
0,0,0.407522,-0.202769,0.890399
0,0,0.51217,0.75407,0.41117
0,0,-0.611149,-0.724383,0.319007
0,0,0.586239,0.313959,0.746829
0,0,0.327504,0.943247,0.0550159
0,0,-0.15008,0.723429,0.673889
0,0,-0.974626,0.17091,0.144546
0,0,0.636311,-0.437501,0.635375
0,0,-0.593823,0.357449,0.720835
0,0,0.603313,-0.764417,0.227334
0,0,0.907979,-0.0591185,0.414825
0,0,-0.626945,0.498874,0.598385
0,0,-0.222351,0.292955,0.929912
0,0,0.947462,-0.318514,0.0293851
0,0,0.810769,0.453346,0.370312
0,0,0.59514,-0.73453,0.325997
0,0,-0.530656,0.29609,0.794188
0,0,-0.869793,0.308148,0.385364
24.489,35.5382,-0.845135,-0.320222,0.428024
0,0,-0.208001,-0.572128,0.79335
0,0,0.274577,0.78334,0.557661
0,0,-0.883891,0.264354,0.385816
0,0,-0.679057,0.701554,0.216111
0,0,-0.757345,0.190216,0.624697
0,0,0.121729,0.987587,0.0992635
0,0,0.976792,-0.2028,0.0689104
0,0,-0.521594,-0.414682,0.74564
0,0,0.56749,0.648801,0.506964
0,0,0.792504,-0.144694,0.592453
0,0,-0.711342,-0.630908,0.309754
0,0,0.938836,0.280466,0.199816
0,0,0.846025,-0.431118,0.313653
0,0,-0.474902,-0.340735,0.811398
0,0,0.113125,0.929625,0.350713
0,0,0.856808,0.512875,0.053274
0,0,0.245273,0.750139,0.614111
0,0,0.153488,0.919052,0.363023
0,0,0.109124,0.725147,0.679892
0,0,-0.545653,0.833435,0.0874573
0,0,0.666409,0.300055,0.682543
0,0,-0.568101,0.747304,0.34467
0,0,-0.975532,0.103776,0.193826
0,0,-0.351742,-0.826237,0.440011
0,0,-0.150479,0.967989,0.200882
0,0,0.484841,0.0794685,0.870984
0,0,-0.869109,0.121877,0.479371
0,0,0.861159,0.141211,0.488329
0,0,-0.638311,0.603984,0.477245
0,0,0.463851,0.608369,0.643995
0,0,0.0211656,-0.638312,0.769487
0,0,0.701491,-0.697988,0.143958
0,0,0.158714,-0.723152,0.672206
0,0,-0.141272,0.281051,0.949238
0,0,-0.21506,0.94839,0.233037
0,0,-0.832052,0.385076,0.399256
0,0,-0.895321,-0.368323,0.250475
0,0,0.31636,-0.574967,0.754539
0,0,0.656609,-0.428957,0.620371
0,0,-0.654222,-0.746194,0.123239
0,0,-0.69888,0.457949,0.549409
0,0,-0.76772,-0.516343,0.379469
0,0,0.764017,-0.552918,0.332507
0,0,0.251613,-0.957811,0.138884
0,0,-0.0483357,0.840677,0.539376
4.25856,5.1412,-0.176859,-0.239116,0.954748
0,0,0.0948642,-0.0609024,0.993626
0,0,0.949274,-0.263547,0.171531
0,0,0.469797,0.215193,0.856144
0,0,0.081307,-0.382781,0.920254
0,0,0.811566,-0.315306,0.491876
0,0,0.256229,-0.377405,0.889894
0,0,0.751852,0.0962821,0.652265
0,0,0.0472108,-0.552469,0.832195
0,0,0.100568,0.655652,0.748336
0,0,0.42011,0.0391274,0.906629
0,0,-0.487328,0.65451,0.578038
0,0,-0.564055,-0.0166488,0.825569
0,0,-0.972833,-0.171811,0.15517
14.8911,19.9808,-0.191114,0.107062,0.975712
0,0,0.0944666,-0.839727,0.534729
0,0,0.112667,0.97372,0.19793
0,0,0.619822,-0.550658,0.559104
0,0,0.185316,0.200463,0.962015
0,0,0.56093,0.145889,0.814908
0,0,-0.409111,-0.805125,0.429421
0,0,0.122358,0.844888,0.520762
0,0,-0.466919,-0.409777,0.783626
0,0,0.661439,-0.365511,0.654905
0,0,0.30462,0.46689,0.830193
0,0,0.689079,-0.150117,0.708967
0,0,-0.707433,-0.350738,0.613613
0,0,-0.052232,-0.963898,0.2611
0,0,0.453758,-0.356723,0.81661
0,0,0.884945,0.386462,0.259843
0,0,-0.0436665,-0.396645,0.916933
0,0,-0.812007,0.550951,0.192606
0,0,-0.0530475,0.221735,0.973663
0,0,-0.4657,-0.563849,0.682054
0,0,-0.0407045,-0.790664,0.610895
0,0,0.62039,0.104196,0.777341
0,0,0.57229,0.819879,0.0168172
0,0,0.959685,0.00547913,0.281023
0,0,0.405408,0.481512,0.777039
0,0,0.693859,-0.575584,0.432738
0,0,-0.440577,-0.124061,0.889101
0,0,-0.57633,0.812151,0.09086
0,0,0.262093,-0.929765,0.258544
0,0,0.315524,0.0440511,0.947894
0,0,-0.382553,-0.914659,0.130585
0,0,0.823169,0.551043,0.13691
0,0,-0.419504,0.904821,0.0729043
0,0,0.970748,-0.00711683,0.239996
0,0,0.185969,-0.802497,0.566934
0,0,0.520951,0.678212,0.518304
0,0,-0.181783,-0.220255,0.958354
0,0,-0.887191,0.291381,0.357756
0,0,-0.746413,0.301152,0.593444
0,0,-0.084756,-0.83795,0.539126
0,0,-0.156839,-0.609665,0.776988
0,0,-0.0400198,-0.942447,0.331951
0,0,0.0112216,-0.997524,0.0694255
0,0,0.591564,0.788498,0.168293
0,0,-0.874346,-0.482057,0.0560301
0,0,0.687519,-0.572715,0.446447
0,0,-0.538476,-0.595223,0.59645
0,0,0.131265,0.990328,0.0449334
0,0,0.59683,-0.509912,0.619504
0,0,-0.193636,0.850124,0.489689
0,0,0.31027,0.592523,0.743404
0,0,0.378026,-0.087214,0.921678
0,0,0.0122284,0.02609,0.999585
0,0,-0.448551,0.499439,0.74119
0,0,0.827541,0.148689,0.541357
0,0,0.179314,0.968665,0.171854
0,0,0.655962,-0.658885,0.368218
0,0,0.295978,0.541761,0.786697
23.6227,33.2597,0.644968,0.0397143,-0.763177
0,0,-0.975154,0.190391,0.113251
0,0,0.115792,0.971897,0.204961
0,0,-0.864946,-0.094575,0.492874
0,0,0.712037,-0.344528,0.611804
0,0,0.0848598,0.543532,0.835088
0,0,-0.919461,-0.251035,0.30261
0,0,0.845181,-0.309431,0.4358
0,0,-0.686644,-0.657097,0.311036
0,0,0.883979,0.432568,0.177388
0,0,0.466938,-0.0508496,0.882827
0,0,0.143947,-0.43593,0.888394
0,0,0.337192,-0.809188,0.481161
0,0,0.446724,0.201061,0.871787
0,0,-0.799823,0.570895,0.185369
0,0,-0.571396,-0.670417,0.473336
0,0,-0.820163,0.33687,0.46244
0,0,-0.637707,0.0671336,0.767348
0,0,0.376546,-0.33801,0.862532
0,0,-0.797813,-0.143792,0.585506
0,0,0.979937,0.0316807,0.196776
0,0,0.446524,0.449628,0.773596
0,0,0.794873,-0.359611,0.48873
0,0,0.469312,0.291476,0.833539
0,0,0.563335,0.743016,0.361359
0,0,-0.781041,-0.394793,0.483853
0,0,0.53842,0.644576,0.542794
0,0,-0.298394,-0.411327,0.861261
0,0,-0.110871,-0.122498,0.986256
0,0,0.546046,-0.768486,0.333561
0,0,0.839716,-0.479178,0.25547
0,0,0.779329,0.626606,0.00336353
0,0,-0.557636,0.829805,0.0216042
0,0,-0.762819,-0.285079,0.580377
0,0,0.529796,0.693432,0.488332
0,0,0.350413,-0.778246,0.521098
0,0,-0.418433,0.894055,0.159936
0,0,0.212459,0.961551,0.174013
0,0,0.192599,0.902189,0.385954
0,0,0.36921,-0.912113,0.178141
0,0,0.310939,-0.773578,0.552172
0,0,0.855519,-0.42752,0.292086
0,0,-0.305068,0.656792,0.689607
0,0,0.254149,0.958611,0.128349
0,0,-0.700705,0.670564,0.24363
0,0,-0.281242,0.480048,0.830937
0,0,0.100279,0.590535,0.800758
0,0,0.207516,0.287138,0.935141
0,0,-0.334644,-0.120876,0.93456
0,0,0.66087,0.537493,0.523786
0,0,0.89701,0.345823,0.275281
0,0,-0.044113,-0.685905,0.726352
16.6572,23.4204,0.0948701,0.125858,0.987502
0,0,0.358784,-0.567455,0.741127
0,0,-0.322626,0.734203,0.597376
0,0,0.531898,-0.843313,0.0768583
0,0,0.602406,-0.0338608,0.797471
0,0,0.640261,-0.569902,0.51505
1.73584,2.73099,0.283831,0.253698,0.924704
0,0,0.131908,0.307509,0.942358
0,0,-0.76569,-0.635459,0.0995552
0,0,-0.646905,-0.711571,0.274189
0,0,0.410323,-0.875203,0.25623
0,0,-0.510121,-0.329601,0.794443
0,0,-0.7958,-0.569555,0.205692
0,0,0.00975546,0.999559,0.0280296
0,0,0.265255,-0.62295,0.735917
0,0,0.102344,0.579109,0.808801
0,0,-0.855887,-0.515945,0.0354662
0,0,-0.932599,0.0312614,0.359558
10.3915,13.6305,0.479162,-0.00436242,0.877716
0,0,-0.675188,-0.733193,0.0809197
0,0,0.0824882,0.920353,0.382291
0,0,-0.982856,0.0890411,0.161448
0,0,-0.978958,-0.054212,0.196729
0,0,0.967598,0.0259834,0.251157
0,0,-0.0663991,0.996651,0.0477307
0,0,-0.694295,0.698709,0.172511
0,0,0.462137,-0.764825,0.448856
0,0,0.287126,0.94684,0.145096
0,0,0.303753,0.477075,0.824702
0,0,0.432621,0.64576,0.629152
0,0,0.617136,0.607627,0.499932
0,0,-0.54923,0.835204,0.0279449
0,0,-0.0900237,-0.792288,0.60347
0,0,-0.216898,-0.953902,0.207426
0,0,-0.861244,-0.0819023,0.501549
0,0,0.188649,-0.802756,0.56568
0,0,0.478435,-0.806883,0.346468
0,0,-0.11068,-0.981098,0.158737
0,0,0.766217,-0.375086,0.521749
0,0,0.654838,0.631744,0.414833
0,0,0.966959,-0.246527,0.0649252
5.6156,7.85921,0.281712,0.574699,0.768349
0,0,0.426298,0.619612,0.659054
0,0,0.100201,-0.819484,0.564274
0,0,-0.662044,-0.433424,0.611426
0,0,0.37939,0.925178,0.0104447
0,0,-0.834503,0.150346,0.530095
0,0,0.733634,-0.46871,0.492029
0,0,0.585844,0.711506,0.388003
0,0,-0.0221823,0.590508,0.806727
0,0,-0.743219,-0.628809,0.228526
0,0,0.512692,0.59018,0.623566
0,0,-0.983123,-0.155172,0.0969067
0,0,-0.245111,-0.931941,0.26722
0,0,-0.953969,-0.183608,0.237133
0,0,-0.609849,-0.291506,0.736959
0,0,-0.801927,0.272396,0.531708
0,0,0.710045,-0.687893,0.150462
0,0,-0.015086,0.958955,0.283155
0,0,0.193884,0.540831,0.818481
0,0,-0.67352,0.736568,0.061957
0,0,0.422858,0.472998,0.772958
0,0,0.109873,0.147528,0.982936
0,0,-0.332152,0.473035,0.816035
0,0,0.442508,0.0735756,0.893741
0,0,0.902138,0.406031,0.145898
0,0,-0.425881,-0.374068,0.823832
0,0,-0.125852,0.268514,0.955019
0,0,0.363718,0.611237,0.702921
0,0,0.614496,0.735593,0.285128
0,0,-0.162332,0.636206,0.754248
0,0,-0.0554294,0.633693,0.771596
0,0,-0.46302,0.14158,0.874967
0,0,0.237501,-0.766646,0.59653
0,0,0.487144,-0.426915,0.761862
0,0,0.805855,0.522402,0.278738
20.4265,30.0634,0.769631,0.377934,-0.51462
0,0,0.637508,-0.738814,0.218488
0,0,0.435738,0.79288,0.425998
0,0,-0.442444,0.860836,0.251405
0,0,-0.436218,0.822174,0.36571
0,0,0.164404,0.301001,0.939345
0,0,0.0490458,-0.54959,0.833994
0,0,-0.644427,0.763196,0.0473866
0,0,0.358987,-0.924595,0.127484
0,0,0.59116,0.0411229,0.805505
0,0,-0.655922,-0.504111,0.561817
0,0,-0.374269,-0.164384,0.912634
0,0,0.468129,0.0614698,0.88152
0,0,-0.437863,-0.655784,0.614999
0,0,0.143585,-0.539162,0.829872
0,0,0.126396,-0.990102,0.0610034
0,0,0.524263,0.393669,0.755098
0,0,-0.997253,0.00514659,0.0738924
0,0,0.116211,-0.985587,0.122933
0,0,0.469117,0.858102,0.208784
0,0,0.597409,-0.66427,0.449274
0,0,0.280589,-0.73635,0.615677
0,0,0.692544,-0.69161,0.205082
0,0,0.316683,-0.550133,0.7727
0,0,-0.623477,-0.659659,0.419673
0,0,0.985579,-0.168797,0.0119253
0,0,0.949149,-0.299252,0.0977964
0,0,0.656804,0.355572,0.664964
0,0,-0.449225,-0.301031,0.841176
16.7262,25.861,-0.786383,0.470621,-0.400147
0,0,-0.940069,-0.25209,0.229609
0,0,-0.00631481,-0.84318,0.537594
0,0,0.788129,0.137815,0.599883
0,0,0.050769,0.919209,0.390483
0,0,0.0209344,-0.574489,0.818244
0,0,0.807998,-0.576703,0.120636
0,0,-0.126867,0.102442,0.986616
0,0,-0.0647065,-0.847698,0.526518
0,0,-0.711554,-0.695382,0.100673
0,0,-0.466414,-0.13395,0.874366
0,0,-0.300517,-0.367063,0.880315
0,0,0.109588,0.0708925,0.991446
0,0,0.946793,-0.276694,0.164387
0,0,0.196592,0.455301,0.868362
0,0,-0.503346,0.533406,0.679795
0,0,0.352808,-0.877763,0.324129
0,0,0.0635154,0.644976,0.761559
0,0,0.369869,-0.422766,0.827324
0,0,-0.222252,0.962252,0.157082
0,0,-0.993605,-0.111413,0.018346
0,0,-0.992673,-0.0737763,0.095695
0,0,0.562294,0.804461,0.191491
0,0,-0.958732,0.265458,0.101813
0,0,-0.137819,0.275528,0.951362
0,0,-0.472166,0.639364,0.606854
0,0,0.249278,0.961814,0.113027
0,0,0.761358,-0.00033514,0.648332
0,0,0.747088,-0.254644,0.614016
0,0,-0.813793,0.474975,0.334874
0,0,0.579165,0.746233,0.328182
0,0,-0.544091,-0.807733,0.227009
0,0,0.0653418,-0.905918,0.418382
0,0,0.707288,0.291384,0.64408
0,0,0.0969177,-0.8018,0.589681
0,0,0.787642,-0.0248187,0.615633
0,0,0.330199,-0.693755,0.640056
0,0,0.397067,0.694298,0.60024
0,0,0.59329,0.288896,0.751363
0,0,0.220352,0.748118,0.625911
0,0,-0.691681,0.675247,0.256164
0,0,-0.96448,-0.210683,0.159343
0,0,0.21294,-0.701586,0.680025
0,0,-0.0563251,-0.721138,0.690498
0,0,-0.23959,-0.970572,0.0242068
0,0,0.381177,-0.717175,0.583407
0,0,-0.0573578,-0.408833,0.910805
0,0,-0.82619,0.331619,0.455454
0,0,0.42469,0.800285,0.423299
0,0,-0.24681,-0.741296,0.624152
0,0,-0.325968,0.945374,0.00360963
0,0,0.180831,0.653409,0.73509
0,0,0.98093,0.00465298,0.194304
0,0,-0.0436773,-0.23684,0.970566
0,0,-0.60491,-0.78982,0.101329
0,0,-0.924338,0.376131,0.0642283
0,0,-0.949826,-0.312345,0.0164496
0,0,0.14239,-0.538406,0.830568
0,0,0.54477,-0.805014,0.234899
0,0,0.538245,-0.498167,0.679796
0,0,0.0809859,0.750258,0.656167
0,0,0.799839,-0.586162,0.12912
0,0,-0.851247,0.376223,0.365833
0,0,0.921663,-0.382919,0.062536
0,0,0.305759,0.0949346,0.947364
0,0,0.647023,-0.34168,0.681627
0,0,-0.195042,-0.634528,0.747886
0,0,-0.392394,-0.450468,0.801939
0,0,0.0817349,0.506544,0.858331
0,0,-0.654194,0.0351724,0.755509
0,0,0.513191,0.857437,0.0379153
0,0,-0.85088,0.384448,0.358053
0,0,0.601113,0.644402,0.472663
0,0,-0.109077,0.953527,0.280872
0,0,0.457884,-0.763881,0.454783
0,0,0.132815,-0.917597,0.374668
0,0,-0.295301,-0.799742,0.522695
0,0,-0.128982,-0.931283,0.340699
0,0,0.0447144,0.449306,0.892258
0,0,-0.640966,-0.613615,0.461129
0,0,0.208021,-0.956773,0.203254
0,0,-0.997518,0.0278085,0.0646934
0,0,0.475432,-0.869053,0.136787
24.1095,33.6297,0.00985386,0.713961,0.700116
0,0,-0.811068,-0.211371,0.545427
0,0,-0.913439,-0.0700582,0.4009
0,0,0.768112,0.361089,0.52879
0,0,0.903587,0.401029,0.150688
0,0,0.302347,0.930159,0.208302
0,0,0.323922,-0.66502,0.672921
0,0,0.820104,-0.491188,0.293535
0,0,-0.606077,-0.259832,0.75177
0,0,-0.182652,0.639537,0.746746
0,0,-0.451095,0.764311,0.460806
22.425,29.7653,-0.557376,0.174327,0.811752
0,0,0.580742,0.393738,0.712537
0,0,-0.556504,0.769585,0.313117
0,0,0.648499,-0.640327,0.411618
0,0,-0.56577,-0.530779,0.631014
0,0,0.933757,0.340859,0.109145
0,0,0.57407,0.510104,0.640498
0,0,-0.306648,-0.00608763,0.951804
0,0,-0.281828,-0.202283,0.937899
0,0,0.387003,0.524795,0.758168
0,0,0.884638,-0.0703549,0.46094
0,0,0.742638,0.0534412,0.667558
0,0,0.692831,-0.553608,0.462065
0,0,0.112747,-0.546722,0.829688
0,0,0.899307,-0.205411,0.386075
0,0,0.443407,-0.474173,0.760625
0,0,0.409803,-0.569055,0.712909
0,0,-0.84849,0.506761,0.152509
0,0,-0.265286,0.961625,0.0700086
0,0,-0.734811,-0.0793031,0.67362
0,0,-0.707081,-0.5225,0.476477
0,0,0.443469,-0.476628,0.759053
0,0,0.746301,0.0284532,0.665
0,0,0.230784,0.78192,0.579086
0,0,-0.0910656,0.858649,0.50441
0,0,0.766719,-0.31719,0.55815
0,0,0.35664,-0.0398198,0.933393
0,0,0.0106932,0.780287,0.62533
0,0,-0.030357,0.471683,0.881245
0,0,-0.623798,0.341851,0.702861
0,0,-0.913369,0.318231,0.25394
0,0,0.296116,-0.945567,0.134978
0,0,0.835426,-0.412589,0.36309
0,0,-0.588422,-0.609029,0.53183
0,0,0.600268,-0.686385,0.410554
0,0,0.978565,-0.203061,0.0342901
0,0,-0.301659,0.0149675,0.953298
0,0,-0.727059,-0.063773,0.683606
0,0,-0.943662,-0.160012,0.289653
0,0,0.648567,-0.760461,0.0325718
0,0,-0.0760497,0.534428,0.841786
0,0,0.423524,-0.216066,0.87974
0,0,-0.300516,0.469941,0.829967
0,0,-0.603075,-0.797353,0.0229691
0,0,-0.496678,0.781124,0.378361
0,0,-0.343762,-0.800313,0.49125
0,0,0.0112105,-0.497927,0.867146
0,0,-0.174909,-0.321656,0.930561
0,0,0.0753014,-0.996864,0.0243383
0,0,0.200788,0.95142,0.233419
0,0,0.745964,-0.513261,0.424383
0,0,0.942274,0.163217,0.292371
0,0,0.976354,-0.0805242,0.200621
0,0,0.585382,-0.18994,0.788194
0,0,-0.504333,-0.741771,0.442067
0,0,0.104718,-0.505249,0.856597
0,0,0.230607,0.835517,0.498731
0,0,0.663145,0.322313,0.675539
0,0,-0.854338,0.432616,0.28801
0,0,0.839549,-0.2265,0.493818
0,0,0.0891818,-0.0831939,0.992535
0,0,-0.644744,0.360907,0.673833
0,0,-0.337346,0.0615856,0.939364
0,0,0.105771,-0.538943,0.835675
0,0,0.625882,0.33171,0.705862
0,0,-0.0890351,0.405836,0.909599
0,0,-0.702687,-0.240953,0.669457
0,0,-0.949751,-0.168427,0.263827
0,0,-0.0445604,-0.476534,0.878026
0,0,0.798525,-0.331838,0.502236
0,0,0.104799,0.612986,0.783113
0,0,-0.737259,0.675313,0.0200557
0,0,0.890325,-0.26572,0.369749
0,0,0.109632,0.0780601,0.990902
0,0,-0.463989,0.786052,0.408457
0,0,-0.680909,-0.568571,0.461617
0,0,0.762734,0.59047,0.263784
0,0,0.812382,0.095774,0.575207
0,0,0.416127,0.316508,0.852444
0,0,-0.436479,-0.883079,0.172213
0,0,-0.78043,-0.556156,0.285691
0,0,-0.367667,0.423388,0.827987
0,0,-0.496317,-0.7646,0.411165
0,0,-0.841195,-0.194794,0.504427
0,0,0.190394,0.981423,0.0236521
0,0,-0.334537,0.105481,0.936461
0,0,0.0647859,-0.500405,0.863364
0,0,-0.117923,-0.863984,0.489516
0,0,0.309785,0.719781,0.621247
0,0,0.787401,-0.396381,0.472103
21.0691,32.206,0.977079,-0.164871,0.134667
0,0,-0.23219,-0.510808,0.827746
0,0,0.150062,0.335243,0.930104
0,0,0.997248,0.000927066,0.0741292
0,0,0.777512,0.609731,0.153958
0,0,0.0651727,-0.947529,0.312956
0,0,0.38275,-0.609884,0.693934
0,0,0.789231,-0.279002,0.547057
0,0,0.214684,-0.892795,0.396014
0,0,0.784664,0.584263,0.20722
0,0,-0.55626,-0.159499,0.815558
0,0,0.426665,0.8761,0.224512
0,0,-0.0533905,0.382496,0.922413
20.1898,29.859,0.187076,0.81461,0.54901
0,0,0.916781,-0.0850903,0.390222
0,0,0.3858,-0.699366,0.601702
0,0,0.484848,-0.856379,0.177588
0,0,0.10337,-0.0666168,0.99241
0,0,0.752659,-0.530932,0.389378
6.18103,9.57615,-0.22306,0.137912,0.965
0,0,0.503582,-0.35816,0.78621
0,0,-0.614471,-0.427101,0.663333
0,0,-0.412863,-0.896956,0.158159
0,0,0.711863,0.679294,0.178355
0,0,0.11158,-0.843869,0.524819
0,0,-0.400131,0.667535,0.627927
0,0,0.928524,-0.0864755,0.361061
0,0,-0.796299,0.485381,0.36099
0,0,-0.877376,0.365664,0.310646
0,0,-0.812921,-0.42969,0.393098
0,0,0.0891405,0.970634,0.223436
0,0,-0.881967,-0.470329,0.0304067
0,0,-0.680659,-0.407876,0.608556
0,0,0.525764,-0.848949,0.0534618
0,0,0.234943,0.917169,0.321873
0,0,-0.878701,-0.113384,0.463712
0,0,0.59461,0.494442,0.634008
0,0,0.373017,0.742838,0.555923
0,0,-0.901506,-0.337851,0.270452
0,0,0.244135,-0.267658,0.932072
0,0,0.108465,0.971458,0.210959
0,0,-0.351826,-0.0154764,0.935937
0,0,0.994599,0.102023,0.0191019
0,0,0.533477,-0.360692,0.765051
0,0,0.274644,0.889798,0.364458
0,0,0.99965,-0.0256754,0.0063485
0,0,-0.911345,-0.36928,0.181888
0,0,0.340483,-0.880191,0.330658
0,0,-0.642356,-0.0263083,0.765954
0,0,-0.564019,0.823236,0.0645438
0,0,0.537927,-0.748955,0.386913
0,0,0.030496,0.539276,0.841577
0,0,-0.228045,0.426214,0.875407
0,0,0.519675,-0.754484,0.400863
0,0,0.564156,0.23613,0.791183
0,0,0.133568,0.868366,0.477599
0,0,-0.4323,0.884403,0.175922
0,0,0.945379,-0.308706,0.10469
0,0,-0.628198,-0.407779,0.662634
0,0,-0.77242,0.0282286,0.634485
0,0,0.745635,-0.588546,0.312476
0,0,0.776316,0.424642,0.465846
0,0,0.953472,0.124165,0.274727
0,0,-0.347046,-0.888435,0.300405
0,0,-0.129844,-0.961326,0.242884
0,0,-0.616505,0.563769,0.549624
0,0,0.823181,0.370951,0.429848
0,0,-0.0625864,0.937073,0.343479
0,0,-0.0530261,0.539631,0.84023
0,0,-0.714118,-0.5424,0.442537
0,0,0.584499,0.573564,0.573921
0,0,-0.11079,0.971098,0.211409
0,0,-0.33879,-0.92672,0.162519
0,0,-0.655618,0.62977,0.416599
0,0,-0.599412,0.509289,0.61752
0,0,0.296142,0.954454,0.0362929
0,0,0.580953,-0.433455,0.68892
0,0,-0.321769,-0.0163982,0.946676
0,0,-0.170194,-0.843956,0.508697
0,0,-0.501004,-0.0430799,0.864372
0,0,-0.556758,0.569829,0.604413
0,0,-0.162266,0.946105,0.280277
0,0,0.441928,0.581676,0.6829
0,0,0.903362,0.206818,0.375718
0,0,0.748922,-0.268334,0.605899
16.4294,25.5677,0.607332,-0.700946,0.373928
0,0,-0.477001,-0.822483,0.309825
0,0,0.123075,-0.951711,0.281244
0,0,0.0849646,-0.948435,0.305372
0,0,-0.294527,-0.360337,0.885105
0,0,0.92,-0.375274,0.112998
0,0,0.749781,0.186713,0.634796
0,0,0.265948,-0.62732,0.731944
0,0,-0.959346,-0.0883775,0.26804
20.3149,27.9008,0.104514,0.35949,0.927278
0,0,-0.310414,-0.29612,0.903303
0,0,0.874157,0.484254,0.0367044
0,0,0.817467,0.267819,0.509922
0,0,0.572568,-0.0150761,0.819719
0,0,-0.449651,-0.649019,0.613667
0,0,-0.685466,0.724036,0.0768641
0,0,-0.73892,0.547427,0.392838
0,0,0.0671837,-0.924621,0.374917
0,0,-0.485668,-0.747756,0.452755
0,0,-0.517023,0.149092,0.842887
0,0,0.523385,-0.161785,0.836596
0,0,0.714072,0.578463,0.394312
0,0,0.0346636,0.611509,0.790478
0,0,-0.765799,0.640568,0.0567939
0,0,0.0116122,-0.992136,0.124622
0,0,0.37575,-0.922884,0.0842392
0,0,-0.569853,0.1323,0.811027
0,0,-0.34668,-0.618798,0.704913
0,0,-0.174614,0.884693,0.432237
0,0,-0.755303,-0.637902,0.150328
0,0,0.491518,-0.797774,0.349237
0,0,0.663229,0.747242,0.0419017
0,0,0.651477,0.251522,0.715761
0,0,-0.299139,-0.659241,0.689868
0,0,0.545889,0.818446,0.179308
0,0,0.976133,-0.0658834,0.206939
0,0,-0.0769067,0.538176,0.839316
0,0,-0.639632,0.765588,0.0688978
0,0,-0.00161679,-0.979261,0.202598
0,0,-0.600526,-0.658555,0.453513
0,0,0.30813,-0.827047,0.470158
0,0,0.048672,0.275241,0.960142
0,0,-0.779374,-0.61562,0.116569
0,0,0.480655,0.798319,0.362847
0,0,-0.651596,0.310723,0.692007
0,0,-0.726538,-0.357263,0.586946
0,0,-0.387857,0.846609,0.364445
0,0,0.431189,0.732681,0.52655
0,0,-0.244206,-0.628613,0.738382
0,0,0.837426,0.111997,0.534953
0,0,-0.990165,0.0900144,0.107104
0,0,-0.817514,-0.575688,0.0159591
0,0,0.982642,-0.182671,0.0323294
0,0,-0.309642,-0.938846,0.15063
0,0,-0.916747,0.345107,0.201189
0,0,-0.961554,-0.0463403,0.270679
0,0,-0.258442,-0.574988,0.776271
0,0,0.226953,-0.920659,0.317616
0,0,0.257073,-0.70967,0.655959
0,0,0.327802,-0.409313,0.851474
0,0,-0.946932,0.110536,0.301831
0,0,0.88513,-0.407228,0.22519
0,0,-0.505428,-0.701206,0.502845
0,0,0.0237024,-0.994652,0.100524
0,0,0.71569,0.698264,0.0146534
0,0,-0.941316,0.293705,0.166315
0,0,0.855651,-0.225229,0.465976
0,0,0.888185,0.21378,0.406725
0,0,0.15548,0.205782,0.966168
0,0,-0.623275,0.589318,0.514035
0,0,-0.484599,0.665348,0.56787
0,0,0.504298,0.247901,0.827181
0,0,-0.0174561,0.812232,0.583074
0,0,0.677712,0.732725,0.0618164
0,0,-0.150198,-0.963786,0.220357
0,0,-0.507136,-0.657744,0.556943
0,0,0.724723,0.311575,0.614571
0,0,0.536292,0.0489924,0.84261
0,0,0.349531,0.733758,0.582604
0,0,-0.935737,0.238105,0.260197
0,0,0.775643,0.559893,0.291371
0,0,0.968669,0.248331,0.00352754
0,0,-0.772307,-0.584822,0.248043
0,0,-0.538867,-0.726548,0.426321
0,0,-0.295892,-0.525669,0.797571
0,0,-0.156183,0.986915,0.0400611
0,0,-0.564318,0.706396,0.427259
0,0,0.733853,-0.387791,0.557743
0,0,-0.701148,-0.684835,0.198478
0,0,0.939768,-0.0289589,0.340584
0,0,0.627737,-0.706973,0.325786
0,0,-0.821812,-0.461548,0.334062
0,0,0.341682,-0.706513,0.619752
0,0,-0.492903,0.437325,0.752192
0,0,-0.116838,0.614447,0.780258
0,0,0.35144,0.931305,0.0957077
22.3265,29.4236,-0.724083,-0.456638,0.516899
0,0,-0.50102,0.533427,0.681495
1.74784,3.09711,-0.078287,0.166636,0.982906
0,0,0.584522,0.511016,0.630235
0,0,0.754347,0.0327972,0.655656
0,0,-0.138035,0.915021,0.379055
0,0,0.740372,-0.462427,0.487863
0,0,-0.474225,0.879244,0.0451649
0,0,-0.795726,-0.203349,0.570499
0,0,0.999405,-0.0319451,0.0129739
0,0,-0.322512,0.326504,0.888471
0,0,0.055962,0.559279,0.827089
0,0,0.157808,0.625121,0.764409
0,0,-0.645898,-0.283457,0.70885
0,0,-0.202348,-0.672273,0.712112
0,0,-0.642194,-0.698042,0.316739
0,0,-0.50168,-0.86505,0.00227292
0,0,0.140933,-0.922252,0.359985
0,0,-0.930031,-0.316855,0.186131
0,0,0.208375,-0.432887,0.877034
0,0,-0.596476,0.782002,0.180799
0,0,-0.352868,-0.102584,0.930033
0,0,0.82575,-0.53195,0.187528
0,0,-0.128054,-0.979328,0.156586
0,0,-0.525938,-0.11339,0.842931
0,0,-0.817546,0.0615195,0.572567
0,0,0.338567,0.568209,0.750008
0,0,0.455535,-0.88628,0.0836354
0,0,0.641489,-0.622185,0.448751
0,0,-0.22248,0.539632,0.811973
0,0,0.853212,-0.092532,0.51329
0,0,-0.472936,-0.652122,0.59251
0,0,-0.0708393,-0.996653,0.0408058
0,0,-0.430681,0.624046,0.651982
0,0,-0.157858,-0.78297,0.601696
0,0,0.468103,0.0517574,0.882157
0,0,0.0185187,-0.910763,0.412515
0,0,-0.545535,0.204914,0.812651
0,0,-0.221368,0.606846,0.763371
0,0,-0.0383624,-0.98072,0.191618
0,0,-0.289276,-0.302501,0.908192
0,0,-0.279832,-0.575874,0.768155
0,0,-0.76468,-0.619419,0.177719
0,0,-0.502375,-0.281401,0.817578
0,0,-0.43585,0.881918,0.179596
0,0,-0.59991,-0.783755,0.160736
0,0,0.0544925,-0.768167,0.637926
0,0,0.941828,-0.164466,0.293105
0,0,0.563705,0.544737,0.620885
0,0,0.640988,0.538022,0.547418
0,0,0.718957,0.221167,0.658928
20.6162,30.9293,-0.302198,0.945546,-0.120909
0,0,-0.447252,0.577797,0.682727
0,0,-0.983678,-0.0135253,0.179429
0,0,0.636022,0.0232568,0.77132
0,0,0.706571,0.284945,0.647737
0,0,0.490656,-0.55045,0.675472
0,0,0.949276,0.108088,0.295282
0,0,0.999444,0.0105433,0.0316373
0,0,0.972211,-0.0179177,0.233421
0,0,-0.924695,0.375738,0.0613239
0,0,-0.515453,0.00904867,0.85687
0,0,-0.626496,0.771594,0.110207
0,0,-0.688611,-0.670597,0.275889
0,0,0.470951,0.655108,0.590794
0,0,-0.207381,-0.933579,0.292273
0,0,-0.06441,0.583932,0.809243
0,0,-0.996301,0.0851109,0.0118411
0,0,0.0890038,-0.757247,0.647036
0,0,-0.772663,-0.605889,0.189448
0,0,0.0741867,-0.324103,0.943108
0,0,0.10453,0.980058,0.168998
4.32786,6.04707,-0.626489,0.0675958,0.776494
0,0,-0.798975,-0.375731,0.469536
0,0,0.857302,-0.309517,0.411379
0,0,0.410189,0.470389,0.781332
0,0,-0.174275,0.949056,0.262529
0,0,-0.609475,0.756797,0.236216
0,0,0.517668,-0.587696,0.621798
0,0,-0.114816,0.880663,0.459619
0,0,0.501079,-0.120759,0.856935
0,0,0.509894,0.147475,0.847502
0,0,-0.567478,-0.58424,0.5802
0,0,-0.231094,-0.273107,0.933814
0,0,0.231821,-0.687716,0.687972
0,0,0.465135,-0.242885,0.851267
0,0,0.656075,0.735972,-0.167067
0,0,0.629419,0.688157,0.360933
0,0,0.0576669,-0.64243,0.764171
0,0,0.65019,-0.509154,0.563929
0,0,-0.898926,-0.419595,0.125983
0,0,0.850771,-0.456393,0.260564
0,0,0.836547,-0.533781,0.123563
0,0,0.675407,-0.14712,0.722621
0,0,-0.770594,-0.508221,0.384574
0,0,0.733407,-0.0512654,0.677854
0,0,-0.0193452,-0.965531,0.259568
0,0,0.165824,-0.748083,0.642553
0,0,0.671789,-0.0680366,0.737612
0,0,-0.939728,-0.280354,0.195736
0,0,-0.880309,-0.456407,0.129416
0,0,-0.796238,-0.266714,0.543018
0,0,0.026917,0.434814,0.900118
0,0,-0.593747,-0.151937,0.790177
0,0,-0.445149,0.243843,0.861616
0,0,0.974119,0.207661,0.0892734
0,0,-0.807016,-0.534825,0.250373
0,0,0.41797,-0.0913179,0.90386
0,0,0.530003,-0.337998,0.777724
19.3166,28.3619,0.0128683,-0.971664,0.236016
0,0,0.341533,0.522907,0.780976
0,0,-0.27553,0.912521,0.302305
0,0,-0.636754,-0.55817,0.531969
0,0,-0.669707,-0.445423,0.594215
0,0,-0.814831,0.416887,0.40281
0,0,0.958167,0.28334,0.0404358
0,0,-0.149872,0.863585,0.481414
0,0,0.822159,0.429448,0.37367
0,0,-0.562787,-0.634905,0.529308
0,0,-0.625497,0.762615,0.164839
0,0,-0.25596,-0.891409,0.373997
0,0,-0.404752,0.336783,0.850149
0,0,0.953397,0.0617938,0.295322
0,0,-0.23662,-0.764048,0.600202
0,0,0.346729,-0.81468,0.46484
0,0,-0.0769,-0.80932,0.582312
0,0,0.452847,0.314999,0.834089
0,0,-0.399085,0.879257,0.260073
0,0,-0.0660632,0.963116,0.260853
0,0,0.846721,-0.375755,0.376658
0,0,0.531146,-0.799585,0.280265
0,0,-0.897734,0.410889,0.158884
0.828486,0.959162,0.200732,-0.35219,0.914149
0,0,0.83161,-0.554441,0.0319265
0,0,0.0255156,0.512345,0.8584
0,0,0.0743713,-0.099174,0.992287
0,0,0.810239,-0.535405,0.238441
0,0,-0.811249,0.394435,0.43162
0,0,-0.908546,-0.271287,0.317721
0,0,-0.417093,0.505745,0.755152
0,0,-0.310503,-0.908209,0.280614
0,0,0.261736,0.409718,0.873857
0,0,-0.379519,0.903463,0.199299
0,0,0.034407,-0.988518,0.147135
0,0,-0.0780518,0.985941,0.147746
0,0,-0.16316,0.486105,0.858534
0,0,0.0222115,-0.00249874,0.99975
12.5549,17.8787,0.409817,0.108101,0.90574
0,0,0.495073,-0.617444,0.611283
0,0,-0.0256433,-0.889922,0.455391
0,0,-0.888215,0.424538,0.175617
0,0,0.397762,0.796347,0.45565
0,0,0.492491,0.787151,0.371276
0,0,-0.467614,-0.876159,0.11697
0,0,-0.45004,0.788238,0.419697
0,0,-0.724353,-0.689103,0.0212024
0,0,-0.643438,0.0504985,0.763831
0,0,-0.337173,0.250886,0.907397
0,0,0.746712,-0.149791,0.648062
0,0,-0.847386,0.27109,0.456561
0,0,0.318146,0.947675,0.0263749
0,0,-0.0534499,0.844246,0.533283
0,0,0.334778,0.404403,0.851106
21.9284,29.395,0.16186,-0.402253,0.901107
0,0,-0.949646,0.228353,0.214542
0,0,0.991189,0.127887,0.0344879
0,0,-0.553988,-0.77703,0.298867
0,0,-0.945955,0.241639,0.216287
0,0,-0.822922,0.328954,0.463238
0,0,0.241277,0.94405,0.224844
0,0,-0.0311933,-0.300295,0.953336
0,0,0.939819,0.197567,0.278762
0,0,-0.88356,0.318106,0.3437
0,0,0.526731,-0.453572,0.718907
0,0,-0.780549,0.165843,0.602694
0,0,-0.975222,-0.208233,0.0747012
0,0,-0.474847,-0.855437,0.206756
0,0,-0.633099,0.678337,0.372888
12.4823,19.3049,0.077799,-0.0383968,0.996229
14.7587,21.6692,0.0474588,0.784121,0.618791
0,0,0.897673,0.366445,0.24475
0,0,-0.54122,-0.0260868,0.840476
0,0,-0.11865,-0.862974,0.491119
0,0,-0.714699,-0.513494,0.474898
0,0,0.0697419,-0.299563,0.951524
0,0,0.510555,-0.291396,0.808963
0,0,-0.24944,-0.934813,0.252792
0,0,0.594799,-0.554936,0.581602
0,0,-0.595526,-0.0240466,0.802976
0,0,-0.826235,-0.113229,0.551828
0,0,-0.107993,0.972245,0.20755
0,0,0.803986,-0.19817,0.560656
0,0,-0.557913,0.672147,0.486777
0,0,0.625134,-0.301744,0.719832
0,0,-0.234999,0.504187,0.831006
7.64133,9.03568,0.368446,-0.194619,0.90905
17.7747,24.2786,0.465462,0.348055,0.813759
0,0,-0.493815,0.607706,0.621964
0,0,-0.446043,0.835073,0.322023
0,0,0.886058,-0.0545542,0.460352
0,0,-0.991896,0.0467464,0.118139
0,0,0.558278,0.0916582,0.824575
0,0,-0.131211,-0.586364,0.79935
0,0,0.60938,0.777931,0.153231
0,0,0.236059,-0.771558,0.590741
0,0,-0.977899,-0.0271047,0.207314
0,0,-0.401601,-0.76768,0.499383
0,0,0.545218,-0.614494,0.570206
0,0,0.881353,-0.0198027,0.472042
0,0,-0.88375,-0.4471,0.138156
0,0,0.579251,-0.136659,0.803613
0,0,-0.222392,-0.964837,0.140109
23.6422,31.4627,0.973934,-0.0607614,-0.21854
0,0,0.279138,-0.270366,0.921403
0,0,0.917081,0.190305,0.350352
0,0,0.527977,-0.845826,0.0762723
0,0,0.187088,-0.286041,0.939776
0,0,0.253402,-0.785984,0.563929
0,0,-0.496984,0.790782,0.357312
0,0,-0.61883,-0.546601,0.56416
0,0,-0.703093,0.668473,0.242494
0,0,0.253449,0.85373,0.454872
0,0,-0.193628,0.947724,0.253627
0,0,0.926409,-0.0982702,0.363468
0,0,-0.459771,0.850519,0.255398
0,0,0.974317,-0.114,0.194193
0,0,-0.726851,0.599716,0.334705
0,0,-0.768503,-0.612221,0.185981
0,0,0.860295,0.276893,0.428046
0,0,0.736441,-0.184613,0.650825
0,0,-0.173108,0.979347,0.104463
0,0,0.590113,-0.600797,0.539268
0,0,-0.079239,-0.958771,0.272908
0,0,0.32288,-0.749614,0.577778
0,0,0.361982,-0.170858,0.916393
0,0,0.567723,-0.709554,0.417401
0,0,0.255403,-0.551817,0.793893
0,0,-0.595931,-0.0097073,0.802977
0,0,0.50989,-0.518777,0.686209
0,0,-0.451357,-0.791325,0.412409
0,0,0.448609,0.129053,0.884362
0,0,0.989147,-0.145593,0.0197517
0,0,0.819541,0.0126208,0.572882
0,0,0.222693,-0.06175,0.972931
0,0,0.221716,0.922656,0.315514
0,0,0.969793,-0.089841,0.226784
0,0,-0.076156,0.237499,0.968398
0,0,-0.989159,-0.120443,0.084016
0,0,-0.544248,-0.563486,0.621513
0,0,0.106684,-0.868035,0.484906
23.5097,35.8989,0.611114,0.418035,-0.672151
0,0,-0.253527,0.430405,0.8663
0,0,-0.747863,0.614717,0.250646
0,0,0.324685,-0.469526,0.821051
0,0,0.957675,-0.261763,0.119745
0,0,-0.624517,0.577734,0.525549
0,0,0.132091,0.962952,0.235105
0,0,-0.564987,0.432068,0.702928
0,0,0.43511,0.334993,0.835739
0,0,0.394257,-0.34732,0.850841
0,0,-0.785095,-0.0756747,0.614735
0,0,0.0331064,-0.731247,0.681309
0,0,-0.522489,0.564259,0.639232
0,0,0.5261,-0.341363,0.778903
0,0,-0.275797,-0.958924,0.0663313
0,0,0.16272,0.978381,0.12764
0,0,0.943945,-0.147559,0.295286
0,0,0.807793,0.0653921,0.585829
0,0,0.664233,-0.460552,0.588801
0,0,0.735271,-0.586057,0.340461
0,0,0.526884,0.469536,0.708469
0,0,0.637404,-0.655371,0.405221
0,0,0.523045,-0.691973,0.497592
0,0,0.338364,0.738935,0.582653
0,0,-0.690987,0.548054,0.471354
0,0,-0.916147,-0.0272159,0.399917
0,0,0.547135,0.208671,0.810617
0,0,0.72809,0.565781,0.387011
0,0,-0.205194,0.960836,0.18625
0,0,-0.129873,-0.598029,0.790882
0,0,-0.567392,0.771461,0.287949
0,0,-0.875351,-0.10125,0.472767
0,0,-0.971003,-0.162418,0.175426
0,0,-0.139574,0.71332,0.686799
0,0,0.522048,-0.120471,0.844365
0,0,0.335979,-0.51593,0.787994
0,0,-0.856398,0.490461,0.161342
0,0,-0.902949,0.201048,0.379819
0,0,-0.729993,-0.276747,0.624918
0,0,-0.440058,0.506604,0.741419
0,0,0.453834,-0.85728,0.243118
0,0,0.0654217,-0.58844,0.80589
8.14976,12.5634,0.0746605,0.39318,0.916425
0,0,-0.291208,0.576696,0.763295
0,0,0.501396,-0.461763,0.731694
0,0,-0.486749,0.669956,0.560566
0,0,0.667574,-0.40644,0.62382
0,0,-0.565676,-0.163174,0.808322
0,0,-0.110705,0.378863,0.918807
0,0,0.605259,-0.16618,0.77849
0,0,-0.563218,-0.794258,0.227904
0,0,0.504714,0.758053,0.413061
0,0,0.21911,-0.918233,0.329907
0,0,0.63541,0.199045,0.74608
0,0,0.586863,0.525558,0.615939
0,0,0.348464,-0.389527,0.85255
0,0,-0.253104,-0.594615,0.763133
0,0,0.0701945,-0.956948,0.281645
0,0,-0.141623,0.98454,0.103072
0,0,-0.103853,-0.526738,0.84366
0,0,0.605063,0.794174,0.0564452
0,0,0.768737,0.341605,0.540694
0,0,-0.883036,-0.244252,0.400734
0,0,-0.439871,0.383261,0.812173
0,0,-0.341641,-0.861466,0.37571
0,0,0.255539,-0.883836,0.391835
0,0,-0.692278,0.265029,0.671201
0,0,0.30838,0.638058,0.705538
0,0,-0.776374,0.225392,0.588593
0,0,-0.556046,0.764403,0.326345
0,0,0.93649,-0.350532,0.0106813
0,0,-0.265375,-0.957892,0.109631
0,0,0.825299,-0.331926,0.456844
0,0,0.738814,0.00830446,0.673858
0,0,0.300616,0.742449,0.598665
0,0,0.287998,-0.396237,0.87181
20.8638,28.8241,-0.0719772,-0.0821305,0.994019
0,0,0.0421535,0.752246,0.657532
0,0,0.685726,-0.0679629,0.72468
0,0,0.0637982,0.500959,0.863117
0,0,0.751991,0.501246,0.428091
0,0,0.87008,-0.18775,0.455753
0,0,-0.577463,0.469883,0.667643
0,0,0.615261,-0.78472,0.0752844
0,0,0.865574,0.367015,0.340707
0,0,0.550031,0.232651,0.802085
0,0,-0.913951,0.306398,0.266108
0,0,-0.325516,0.56775,0.756108
0,0,-0.183152,-0.879678,0.438887
0,0,-0.38276,0.885337,0.263955
9.78293,12.9634,0.274115,-0.0892058,0.957551
0,0,0.835425,0.445268,0.322181
0,0,-0.811916,0.175104,0.556893
0,0,0.21404,-0.968853,0.124544
0,0,-0.372804,-0.261515,0.890296
0,0,-0.072155,0.734069,0.675231
0,0,-0.660338,0.616726,0.428489
0,0,-0.642732,0.190294,0.742081
0,0,-0.855202,0.342654,0.388867
0,0,0.541964,0.36485,0.757073
0,0,-0.682879,-0.30291,0.664772
0,0,-0.300703,0.466047,0.832093
0,0,-0.662477,-0.626777,0.410214
0,0,0.149598,-0.213726,0.965371
0,0,-0.0519265,-0.94243,0.330349
0,0,-0.898434,0.408998,0.159804
0,0,-0.93348,0.237465,0.268749
0,0,-0.898305,-0.0332499,0.438112
0,0,0.207765,0.953934,0.216436
0,0,0.950757,0.274686,0.143555
0,0,-0.514996,0.310474,0.79899
0,0,-0.566471,-0.769971,0.293692
0,0,0.909357,0.144948,0.389948
0,0,-0.891465,-0.33482,0.305265
0,0,-0.902756,-0.430056,0.0090866
0,0,-0.832922,-0.547646,0.0795301
0,0,-0.389446,-0.920261,0.0381141
0,0,0.394979,-0.506773,0.766272
0,0,0.544091,0.618255,0.567209
0,0,-0.313713,0.365262,0.876452
0,0,0.579619,0.764854,0.281139
0,0,0.205619,0.310168,0.928179
0,0,0.717269,-0.425367,0.551895
0,0,0.522908,-0.635474,0.568102
0,0,0.209352,0.0817298,0.974419
0,0,0.34182,-0.922194,0.180881
0,0,0.99604,0.0428315,0.0779025
0,0,0.902107,-0.239859,0.358706
0,0,0.0596782,-0.94863,0.310707
0,0,-0.477242,-0.103942,0.872603
0,0,-0.0125923,-0.439146,0.898327
0,0,-0.594793,0.554023,0.582477
0,0,-0.443893,0.710821,0.545611
0,0,0.859795,0.441152,0.257171
0,0,-0.831726,0.438003,0.341152
6.75627,9.8471,0.145563,-0.404441,0.902906
22.453,30.8039,0.334011,0.852243,0.40264
23.3909,34.2163,0.0833054,-0.805343,0.586927
0,0,0.0254365,0.683313,0.729682
0,0,-0.842376,0.529182,0.10183
0,0,-0.138676,0.970194,0.198726
0,0,0.444336,0.435068,0.783123
0,0,0.924165,0.0773421,0.374083
0,0,-0.0653074,0.995198,0.0729112
0,0,-0.702132,0.293773,0.64862
0,0,-0.563948,-0.43493,0.701996
0,0,-0.912149,-0.331083,0.241596
0,0,-0.0574624,0.998091,0.0226342
0,0,0.826422,-0.480474,0.29355
0,0,0.566154,0.225645,0.792814
0,0,0.833883,-0.0215778,0.551519
0,0,-0.208513,0.883177,0.420143
0,0,-0.368905,0.905558,0.209463
0,0,0.764811,-0.519667,0.380802
0,0,-0.708551,0.63519,0.307391
21.7531,30.4274,-0.19911,-0.327009,0.923808
0,0,0.173271,-0.705974,0.686715
0,0,-0.851577,0.330356,0.407039
0,0,-0.783698,-0.450855,0.427256
0,0,-0.208621,-0.918717,0.335315
0,0,0.354218,-0.470203,0.808356
0,0,-0.53053,0.633983,0.562675
0,0,-0.22595,0.257412,0.939513
0,0,-0.270063,0.862967,0.42703
0,0,-0.800684,-0.597539,0.0430479
0,0,0.572153,-0.818721,0.0483429
0,0,-0.829768,0.540123,0.140541
0,0,-0.342506,0.840223,0.420375
0,0,-0.208539,-0.824134,0.526606
0,0,0.254015,0.901424,0.350588
0,0,0.0797284,0.80629,0.586123
0,0,-0.604492,0.680281,0.414496
0,0,-0.27439,0.177206,0.94515
0.340054,0.551962,0.42002,0.339304,0.841698
0,0,0.335068,0.893436,0.299168
0,0,0.190982,0.183293,0.964329
0,0,0.975022,-0.190052,0.114945
0,0,0.765144,0.283849,0.577915
0,0,0.538907,0.257314,0.802103
0,0,-0.627225,-0.765505,0.143492
0,0,-0.697725,0.0132851,0.716243
0,0,0.525587,-0.83155,0.179675
0,0,-0.905551,0.0576252,0.420305
0,0,0.908397,-0.0861681,0.409133
0,0,0.463655,0.639311,0.613437
0,0,-0.948117,-0.0522981,0.31359
0,0,-0.574651,0.422897,0.700667
0,0,-0.223839,-0.969456,0.100252
0,0,0.667863,-0.744277,0.00327636
0,0,0.580148,0.182498,0.793803
0,0,-0.502119,-0.614024,0.608975
0,0,0.697466,0.527128,0.485466
0,0,-0.793888,0.548459,0.262555
0,0,-0.440771,-0.612868,0.655831
8.57878,12.148,-0.337356,-0.902998,-0.266055
0,0,0.391939,0.882903,0.258586
0,0,0.776488,-0.17654,0.604897
0,0,0.950875,-0.30518,0.0519899
0,0,0.870517,0.470125,0.145547
0,0,-0.383998,0.699398,0.602817
0,0,-0.457138,-0.287516,0.841641
0,0,-0.712199,-0.678534,0.179899
0,0,-0.69926,0.642256,0.313915
0,0,0.49728,-0.258643,0.82814
0,0,-0.310684,0.870283,0.382208
0,0,-0.637282,0.639995,0.429277
0,0,-0.749492,0.547464,0.372217
0,0,-0.744286,-0.532354,0.403283
0,0,-0.447634,-0.860897,0.241825
0,0,0.152058,0.827247,0.54087
0,0,-0.338231,0.715794,0.610933
0,0,-0.955866,-0.293785,0.0033784
0,0,0.354882,-0.881654,0.311039
0,0,0.923991,-0.213036,0.31758
0,0,-0.775096,0.562373,0.288033
0,0,0.867633,0.453763,0.203254
0,0,0.792331,0.448863,0.413199
0,0,-0.23597,0.401903,0.884755
0,0,0.0505448,0.968268,0.244748
0,0,0.488847,0.161087,0.857368
0,0,0.216706,-0.833685,0.507945
0,0,0.227011,0.689357,0.687934
0,0,-0.75042,-0.539433,0.381945
0,0,0.65593,-0.351775,0.66784
0,0,-0.0495685,-0.935059,0.351008
0,0,0.577508,-0.481731,0.659106
0,0,-0.768934,-0.272495,0.578349
0,0,-0.945154,0.145692,0.292331
0,0,0.771455,-0.395647,0.498317
0,0,-0.0928873,-0.636449,0.765706
0,0,0.905612,0.402116,0.134795
0,0,-0.392177,-0.424489,0.816092
0,0,-0.238042,0.954401,0.180153
0,0,0.573698,0.302456,0.761177
0,0,0.0849305,0.271574,0.958663
0,0,-0.524034,-0.46924,0.710776
0,0,0.115359,-0.850055,0.513906
5.86864,8.45176,0.13711,-0.0184494,0.990384
0,0,0.351562,-0.313992,0.881937
0,0,0.589182,-0.54732,0.594395
0,0,0.548204,0.746135,0.377829
0,0,-0.64687,-0.75078,0.133748
0,0,-0.891398,0.0217014,0.452702
0,0,-0.887465,0.126779,0.443094
0,0,-0.0250416,-0.457008,0.88911
0,0,0.616388,-0.657144,0.433853
0,0,-0.738934,0.191058,0.646121
0,0,0.89424,0.319695,0.313258
0,0,0.951722,-0.276439,0.133443
0,0,0.663772,0.195571,0.721913
0,0,-0.415857,-0.859882,0.296085
0,0,0.285864,0.279385,0.916638
0,0,0.660349,-0.238677,0.71202
0,0,0.404854,-0.656964,0.635997
0,0,-0.309987,-0.85312,0.419636
0,0,0.0438232,-0.087621,0.995189
0,0,-0.245121,0.954453,0.170105
0,0,-0.546836,-0.663956,0.510033
0,0,0.488642,0.235078,0.840219
0,0,-0.140257,0.921083,0.363227
0,0,0.116,0.928627,0.352413
0,0,0.156062,0.575716,0.802618
0,0,-0.593167,-0.791717,0.146068
0,0,0.592162,-0.7522,0.289032
0,0,0.471421,0.582736,0.661952
0,0,0.294321,0.798201,0.525595
0,0,0.0612046,-0.0316023,0.997625
0,0,0.91611,0.376257,0.138466
0,0,0.202617,0.360724,0.910398
0,0,0.947534,0.223169,0.228856
0,0,0.37034,0.745664,0.553925
0,0,0.980832,-0.168363,0.098093
0,0,-0.41996,-0.882076,0.213483
0,0,0.561409,0.794704,0.230794
0,0,-0.638226,0.674627,0.370871
0,0,0.480432,0.164822,0.861405
0,0,0.23995,-0.589918,0.770987
0,0,0.477968,-0.642905,0.598515
0,0,0.473834,0.741523,0.475
0,0,0.412659,0.800525,0.434595
0,0,-0.631061,0.282596,0.722427
0,0,0.776635,0.161185,0.608981
0,0,0.608527,-0.760673,0.225989
0,0,0.420402,0.742915,0.520902
0,0,0.577314,0.459631,0.674868
0,0,0.839341,0.53422,0.100573
0,0,-0.138623,-0.734486,0.664315
0,0,-0.848726,-0.491589,0.194945
0,0,0.43453,-0.0604639,0.898626
0,0,-0.936462,0.25125,0.244771
0,0,-0.104933,0.855853,0.506462
0,0,0.329859,0.844388,0.42214
0,0,0.579112,-0.802459,0.143839
0,0,-0.0124766,0.584773,0.811101
0,0,-0.153979,-0.905939,0.394418
0,0,-0.0727041,0.927372,0.36701
0,0,-0.699206,-0.362177,0.616391
0,0,-0.871508,-0.460097,0.169661
0,0,0.471895,0.660493,0.584007
0,0,-0.185353,-0.694561,0.695147
0,0,-0.789225,0.0215297,0.613727
0,0,0.692828,0.389536,0.606837
0,0,-0.664331,0.22112,0.713982
0,0,-0.36865,0.457528,0.809175
0,0,0.533629,0.686717,0.493619
0,0,-0.604017,0.549077,0.577649
0,0,-0.136943,-0.742481,0.655719
0,0,0.000621901,-0.995247,0.0973835
0,0,-0.0339811,-0.762709,0.645849
0,0,0.0397994,-0.922145,0.384791
0,0,0.582434,0.520294,0.624551
0,0,0.820794,0.555219,0.134271
0,0,-0.75171,0.585504,0.303508
0,0,0.158862,0.649914,0.743219
0,0,-0.583783,0.282558,0.761156
0,0,-0.863315,-0.272909,0.424509
0,0,-0.898378,0.0630172,0.43468
0,0,-0.712717,-0.573432,0.403992
0,0,-0.161333,0.824557,0.542289
0,0,-0.560516,0.58286,0.588299
0,0,-0.405655,-0.0888325,0.909699
0,0,-0.273659,-0.528611,0.803543
0,0,0.863096,0.404883,0.301887
0,0,-0.911222,0.268602,0.312296
0,0,0.838409,0.54463,0.0211903
0,0,-0.0748807,-0.932199,0.354114
0,0,-0.341692,0.783496,0.519019
0,0,-0.408893,0.2854,0.866806
0,0,0.661266,-0.744853,0.0890048
0,0,0.435144,-0.388636,0.812165
0,0,-0.440891,-0.897541,0.00598559
0,0,0.434095,-0.129191,0.891555
0,0,-0.0480825,0.802457,0.594769
0,0,0.865476,0.486099,0.121075
0,0,0.496969,0.632265,0.59436
0,0,0.273254,-0.959067,0.0743122
0,0,-0.486259,0.427793,0.761935
0,0,-0.709323,0.307995,0.634035
0,0,-0.743127,0.0440224,0.667701
0,0,0.163169,-0.196532,0.966825
8.2356,11.5338,-0.88061,-0.227608,0.415598
0,0,-0.873767,-0.468981,0.128797
0,0,0.984442,-0.0506514,0.168249
0,0,-0.254845,0.938047,0.234781
0,0,-0.670367,-0.739487,0.0613815
0,0,-0.365397,-0.878882,0.306678
0,0,0.161846,0.976219,0.14423
0,0,0.912141,0.409648,0.0137084
3.56371,5.16474,-0.131043,0.238825,0.96218
0,0,-0.295181,0.390854,0.871838
0,0,0.118693,0.906336,0.405546
0,0,0.351192,-0.227089,0.908347
0,0,0.135194,0.503552,0.853322
0,0,0.989264,0.142396,0.0328661
0,0,0.136989,0.818474,0.557973
0,0,0.913102,-0.404512,0.0511367
0,0,-0.3453,-0.160176,0.924722
0,0,-0.582859,0.487744,0.649909
0,0,0.0262229,0.897865,0.439489
0,0,0.322138,0.924491,0.20382
0,0,0.767904,0.0258519,0.640043
0,0,-0.374315,-0.892525,0.251568
0,0,0.560004,-0.278147,0.780403
0,0,0.527972,0.66231,0.531593
0,0,0.447718,-0.413703,0.792716
0,0,0.66391,0.174124,0.727258
0,0,0.598909,0.149399,0.786758
0,0,0.938198,-0.0515226,0.342244
0,0,0.0564097,-0.498488,0.865059
0,0,-0.685521,-0.152196,0.711968
0,0,0.427617,0.898802,0.0964326
0,0,0.35556,0.241689,0.902864
0,0,-0.644669,-0.69783,0.312145
0,0,-0.125409,0.982428,0.138232
0,0,-0.324766,0.939918,0.105263
0,0,0.716125,-0.551129,0.428277
0,0,-0.103792,0.98861,0.108981
0,0,0.0705138,-0.997511,0.000731915
0,0,-0.495185,-0.105105,0.862407
0,0,0.379897,-0.683455,0.623351
0,0,-0.947862,0.310246,0.0728375
0,0,0.397894,-0.0316704,0.916884
0,0,0.266255,0.762991,0.589028
0,0,-0.970338,-0.0925484,0.223336
0,0,-0.967626,-0.219119,0.125244
0,0,0.538968,-0.80171,0.258406
0,0,0.25517,-0.0210982,0.966666
0,0,-0.056643,0.00276929,0.998391
0,0,-0.507653,-0.0797186,0.857865
0,0,-0.453187,0.293565,0.841689
0,0,-0.858018,-0.485751,0.166885
0,0,0.83786,0.458333,0.296516
0,0,-0.783963,-0.33625,0.52186
0,0,0.520247,-0.819629,0.239897
0,0,0.371843,-0.651181,0.661586
0,0,0.272748,-0.60023,0.751886
0,0,-0.124566,-0.523144,0.843092
0,0,-0.447018,-0.728233,0.519472
0,0,-0.85712,-0.171579,0.485701
0,0,0.0346113,0.836886,0.546282
0,0,-0.582484,-0.600401,0.547933
0,0,0.316244,-0.947848,0.0396699
0,0,0.585389,0.711586,0.388542
0,0,-0.118779,-0.632468,0.765425
0,0,0.623735,0.766943,0.150841
0,0,-0.953619,-0.211865,0.21383
0,0,-0.398012,0.278548,0.874069
0,0,0.848936,0.511562,0.13271
0,0,0.293401,0.888505,0.35281
0,0,-0.238507,-0.844188,0.480063
0,0,0.813877,-0.388083,0.43243
0,0,0.0408556,0.477481,0.877692
0,0,0.478656,-0.294351,0.827192
0,0,-0.862112,-0.435098,0.259715
0,0,-0.897419,-0.175901,0.404596
0,0,0.192147,0.345541,0.918521
0,0,0.0871923,0.993132,0.0780093
0,0,0.679768,0.0373957,0.732473
0,0,0.48703,-0.10776,0.866712
0,0,-0.812417,-0.582978,0.0107234
0,0,-0.486508,-0.792496,0.367778
0,0,-0.683276,-0.12555,0.719285
0,0,-0.837072,0.365893,0.406734
0,0,0.395056,0.773779,0.495174
0,0,-0.313952,0.943544,0.105638
0,0,0.907631,-0.0591194,0.415585
0,0,-0.857898,0.248297,0.449843
0,0,-0.470272,0.823566,0.317149
0,0,0.997422,-0.0549989,0.0460896
0,0,0.919275,0.0665081,0.387956
0,0,0.786837,-0.0262317,0.616603
0,0,0.752352,0.533778,0.386067
0,0,-0.793179,0.567342,0.221337
0,0,0.722015,0.267968,0.637877
0,0,0.678874,-0.60436,0.416988
0,0,0.2018,-0.728815,0.654298
0,0,-0.470425,-0.877824,0.0901443
0,0,-0.735875,-0.655678,0.169039
0,0,-0.664298,-0.268829,0.697452
0,0,-0.544259,0.198372,0.815126
0,0,-0.80646,-0.589783,0.0421734
9.66878,15.6811,0.188188,-0.609868,0.769836
0,0,-0.793618,-0.0714332,0.604209
0,0,-0.3282,0.720768,0.610555
0,0,0.795583,0.240879,0.5559
0,0,-0.774121,-0.623169,0.111346
0,0,0.325472,0.760342,0.562092
0,0,-0.159828,-0.254632,0.953739
0,0,-0.555277,-0.768966,0.316796
0,0,0.124259,0.725142,0.677295
0,0,-0.110009,-0.687804,0.717512
0,0,0.346585,-0.799724,0.490226
0,0,-0.94411,0.253331,0.210904
0,0,-0.866516,0.322014,0.381388
0,0,0.380091,0.549404,0.744101
0,0,0.113178,0.897784,0.425647
0,0,0.84536,0.385332,0.369981
0,0,0.966075,0.242107,0.0899079
0,0,-0.978978,-0.0422411,0.199545
0,0,0.481573,0.489397,0.727034
0,0,0.0115045,-0.724509,0.689169
0,0,0.958215,0.276076,0.0748794
0,0,0.528727,0.71436,0.458409
0,0,-0.862279,-0.491786,0.120922
0,0,0.200954,-0.38705,0.899894
0,0,-0.994396,-0.077227,0.072205
0,0,0.320951,-0.943599,0.081308
0,0,0.0716847,-0.952265,0.296737
0,0,0.415829,0.799536,0.433392
0,0,0.680108,-0.725612,0.104592
0,0,0.108485,-0.993861,0.0217015
0,0,-0.278101,-0.843548,0.459441
0,0,0.617493,-0.0972345,0.780543
0,0,0.973664,0.226483,0.0261436
24.4563,35.3169,0.585002,0.102479,-0.804532
0,0,0.970492,-0.182878,0.157163
0,0,0.22797,0.960317,0.160689
0,0,-0.346269,0.666051,0.660662
0,0,-0.321778,0.927958,0.188024
0,0,0.123009,0.438194,0.890424
0,0,-0.899048,0.436666,0.0321638
0,0,-0.941369,-0.102907,0.3213
0,0,-0.0137857,0.0172625,0.999756
0,0,-0.548296,-0.312651,0.775642
0,0,0.505405,-0.0806715,0.859103
0,0,-0.323515,0.279147,0.90411
0,0,0.43834,-0.697514,0.566862
0,0,0.491744,-0.636882,0.593775
0,0,-0.326202,-0.824745,0.461939
0,0,0.453461,0.809545,0.37284
0,0,-0.976924,0.172647,0.125745
18.4035,26.4134,-0.376134,-0.405331,0.833204
0,0,0.951485,-0.266,0.15466
0,0,0.943477,0.202868,0.262099
0,0,0.138027,-0.559782,0.817063
0,0,-0.311106,0.778369,0.545303
0,0,0.385942,-0.871281,0.303181
0,0,0.00520702,0.778155,0.628051
0,0,0.558378,-0.465493,0.686681
0,0,-0.622784,-0.43264,0.651892
0,0,-0.00314379,-0.340436,0.940263
0,0,0.245331,-0.574294,0.781024
0,0,0.223503,-0.597443,0.770135
0,0,-0.68654,-0.159197,0.70945
0,0,0.972199,-0.209999,0.103586
0,0,0.938875,0.249248,0.237466
0,0,-0.459387,0.22734,0.85865
0,0,0.589395,-0.610535,0.529019
0,0,-0.168354,0.224259,0.959878
0,0,-0.140186,-0.576021,0.805325
0,0,0.527082,-0.136382,0.838799
0,0,-0.708125,-0.0411875,0.704884
0,0,-0.959626,-0.266532,0.0898792
0,0,0.044264,0.462738,0.88539
0,0,-0.379793,-0.899201,0.217243
0,0,0.224454,0.762297,0.607061
0,0,0.555252,0.599972,0.575958
0,0,0.203258,0.885536,0.417746
0,0,0.777151,-0.125169,0.61674
0,0,-0.512945,0.825824,0.234314
0,0,-0.0581847,0.877278,0.476442
0,0,0.776878,-0.485322,0.401153
0,0,-0.899259,-0.0438709,0.435212
0,0,0.333055,0.93945,0.0806729
0,0,0.382265,0.602064,0.700993
0,0,-0.806511,0.5912,0.00472439
0,0,-0.175196,0.831339,0.527429
0,0,0.134924,-0.990408,0.0298047
0,0,0.531938,-0.791978,0.299687
0,0,-0.822954,0.111061,0.557146
0,0,-0.327633,0.857085,0.397571
0,0,0.295724,0.912212,0.283578
0,0,-0.855153,-0.482097,0.190513
0,0,0.299286,0.829013,0.472403
0,0,-0.335607,0.0228876,0.941724
0,0,-0.347409,-0.641358,0.684081
0,0,0.492763,0.645424,0.58362
0,0,-0.402603,-0.912138,0.0769053
0,0,-0.578343,0.616411,0.534375
0,0,-0.497091,-0.853733,0.15505
0,0,0.834239,0.140943,0.533086
0,0,-0.700296,0.324672,0.635747
0,0,0.627949,0.548945,0.55167
0,0,-0.629393,0.745921,0.21787
0,0,0.479541,0.423709,0.768447
0,0,-0.348924,0.864204,0.362497
0,0,0.485352,0.514572,0.706859
0,0,-0.824041,0.557108,0.102898
0,0,0.485383,0.818856,0.306395
0,0,-0.0365496,-0.810515,0.584576
0,0,0.722608,-0.128367,0.679234
0,0,0.497859,-0.170985,0.850236
0,0,-0.811574,-0.566888,0.141367
0,0,0.910616,0.363002,0.197506
0,0,0.313626,-0.567334,0.761427
0,0,-0.684858,0.724949,0.0736047
0,0,0.506817,-0.75585,0.41452
0,0,-0.360528,0.932727,0.00632987
0,0,0.368188,0.0762661,0.926618
0,0,-0.18288,0.600722,0.77826
0,0,0.559764,-0.488654,0.66924
0,0,-0.84075,-0.536373,0.0737816
0,0,0.441863,-0.283205,0.851206
0,0,0.522492,0.839593,0.148612
0,0,-0.451082,-0.085317,0.888395
0,0,0.0373643,0.536747,0.842915
0,0,0.458958,-0.635697,0.620682
0,0,-0.608202,-0.621074,0.494325
0,0,0.0470521,0.430309,0.901455
0,0,0.0910433,-0.378619,0.921064
0,0,0.0765555,0.308651,0.948089
0,0,0.428321,0.518305,0.740203
0,0,-0.739368,0.20269,0.642068
0,0,-0.688544,-0.670859,0.275417
0,0,-0.765795,-0.613251,0.193601
23.9413,33.8843,-0.116026,0.661188,0.741194
0,0,-0.964897,0.202085,0.167734
0,0,0.30276,0.576515,0.758925
0,0,0.912131,-0.270358,0.308097
0,0,-0.0995033,-0.961003,0.258017
0,0,0.193331,0.420623,0.886397
0,0,-0.586294,0.747789,0.31156
0,0,-0.87607,0.367975,0.311601
0,0,-0.87466,0.244126,0.418775
0,0,0.550221,-0.544603,0.632981
0,0,-0.908544,-0.248506,0.335847
0,0,0.965824,-0.131719,0.223235
0,0,-0.923911,0.197361,0.327774
0,0,0.399652,0.916629,0.00831653
0,0,-0.0295983,0.225606,0.973769
0,0,-0.711991,0.506183,0.48667
0,0,0.626431,0.350973,0.69599
0,0,-0.310053,-0.720881,0.619837
0,0,-0.669517,0.213995,0.711304
0,0,-0.290607,-0.768926,0.569474
0,0,0.331031,0.22423,0.916591
0,0,-0.473264,0.70999,0.521474
0,0,-0.352404,-0.901893,0.2498
0,0,-0.701827,0.705412,0.0991603
0,0,0.0576516,-0.564555,0.82338
0,0,-0.465879,0.410383,0.783928
0,0,-0.463944,-0.0706042,0.883046
0,0,-0.691719,-0.512713,0.508576
3.22738,4.61277,-0.022388,0.300437,0.953539
0,0,-0.439403,-0.572402,0.692301
0,0,-0.754794,0.15171,0.638177
0,0,0.703782,-0.687939,0.177289
0,0,-0.488516,-0.829309,0.27129
0,0,0.0842957,-0.175815,0.980808
10.635,13.9521,-0.537254,-0.133041,-0.832861
0,0,-0.339845,0.91668,0.210247
0,0,0.203573,0.895824,0.395041
0,0,-0.712192,0.396858,0.579039
0,0,0.971911,0.235175,0.00907902
0,0,-0.182736,-0.969205,0.165072
0,0,-0.129908,-0.363975,0.922305
0,0,0.0954877,-0.713013,0.694618
0,0,0.425607,0.888743,0.170277
0,0,-0.649412,0.0150409,0.760288
0,0,0.602332,-0.545064,0.583182
0,0,0.553619,-0.823832,0.121685
0,0,0.366422,0.493532,0.788772
0,0,0.363739,-0.913798,0.180742
0,0,-0.883694,0.425787,0.194397
0,0,0.563851,0.360182,0.743196
0,0,-0.950285,0.292692,0.106252
0,0,-0.647366,0.511862,0.564725
0,0,0.107993,-0.974108,0.198624
0,0,0.884193,0.379892,0.271817
0,0,0.267138,-0.952289,0.147589
0,0,-0.979804,-0.167137,0.10977
0,0,-0.167301,0.796338,0.581254
0,0,-0.272818,0.290827,0.917055
0,0,0.577883,0.690115,0.435653
0,0,0.0257457,-0.632465,0.774161
0,0,0.619058,-0.783958,0.0466553
0,0,-0.864675,-0.280655,0.416618
0,0,-0.229085,-0.967887,0.10351
6.41999,8.4558,-0.273548,-0.256315,0.927078
0,0,0.356662,-0.735882,0.575561
0,0,0.946868,0.160198,0.278887
0,0,-0.71497,0.672196,0.192275
0,0,0.0955579,0.50939,0.855213
0,0,0.733327,-0.442509,0.516155
0,0,-0.804337,0.0282002,0.593503
0,0,0.489292,-0.56036,0.668274
0,0,-0.749438,8.35042e-05,0.662075
0,0,-0.0278942,-0.449182,0.893005
0,0,-0.608683,0.185084,0.771524
0,0,-0.343279,0.821697,0.454944
0,0,0.827429,0.342971,0.444671
0,0,-0.337831,-0.941138,0.0113966
0,0,-0.856876,-0.206654,0.472289
0,0,-0.263281,-0.659908,0.703708
0,0,-0.243583,0.110774,0.963533
0,0,0.0920101,0.777896,0.621621
0,0,-0.665274,-0.120471,0.736815
0,0,0.787331,-0.514145,0.340243
0,0,-0.876259,0.480244,0.0391903
0,0,0.753411,0.176395,0.633448
0,0,-0.922961,-0.239256,0.301495
0,0,-0.385945,-0.898416,0.209513
0,0,-0.280033,-0.958599,0.0516602
0,0,0.594033,-0.398527,0.698786
0,0,-0.13639,-0.667085,0.73239
0,0,0.166487,-0.893866,0.416277
0,0,-0.135479,-0.893227,0.428709
0,0,-0.563296,0.266324,0.782157
0,0,-0.862027,0.485097,0.146936
0,0,-0.390397,0.742464,0.544369
0,0,0.513339,-0.847283,0.13636
0,0,-0.783187,0.457406,0.421186
0,0,-0.526225,0.713291,0.462929
0,0,0.734469,0.526821,0.427803
0,0,0.178367,-0.831684,0.525821
0,0,0.828982,-0.159554,0.536033
0,0,0.84642,-4.37584e-05,0.532515
0,0,0.990277,0.13369,0.0384488
0,0,-0.49245,0.264057,0.829317
0,0,-0.0706932,0.83359,0.547841
0,0,-0.856214,-0.0438955,0.514753
0,0,-0.712923,0.321355,0.623275
0,0,0.780367,0.121842,0.613337
0,0,0.693076,-0.196419,0.693589
0,0,-0.0920156,-0.867975,0.488008
0,0,0.231459,0.808524,0.541032
0,0,0.651042,-0.0401429,0.757979
0,0,0.335539,-0.93476,0.116778
0,0,-0.849658,0.0234305,0.526813
0,0,0.955424,-0.24924,0.158257
0,0,0.0843563,0.827852,0.554567
0,0,-0.295677,-0.929206,0.221702
0,0,0.226968,0.453395,0.861927
22.7024,32.1222,0.431448,0.433143,0.791353
0,0,-0.991258,-0.0382013,0.126287
0,0,0.0968282,0.977171,0.189106
0,0,-0.404396,0.77117,0.491692
0,0,-0.292116,0.749375,0.594226
0,0,-0.768702,0.52432,0.366314
0,0,-0.0414679,-0.0091596,0.999098
0,0,0.141841,-0.91279,0.383008
0,0,0.158005,-0.873676,0.460135
0,0,-0.699983,-0.616457,0.36056
0,0,0.683204,-0.0706446,0.726802
0,0,0.448809,0.489382,0.747714
0,0,0.097067,0.148213,0.98418
0,0,-0.0277669,-0.956597,0.290087
0,0,0.648648,-0.7416,0.171129
0,0,0.150186,0.949961,0.273895
0,0,0.14642,-0.627934,0.764369
0,0,0.811112,0.196873,0.550762
0,0,0.681076,-0.590201,0.433358
0,0,-0.297992,0.553892,0.777434
0,0,-0.109179,-0.943416,0.313123
0,0,-0.976889,0.144477,0.157528
0,0,-0.360275,-0.932617,0.020662
12.0549,18.1781,0.689296,0.561805,0.457434
0,0,-0.414122,0.871776,0.261743
0,0,0.870255,-0.462741,0.168899
0,0,-0.653392,-0.0663399,0.754108
0,0,0.22164,0.28763,0.931743
0,0,0.0291075,0.992514,0.118611
0,0,0.502165,0.509769,0.698545
0,0,0.797082,0.186125,0.574472
0,0,0.845666,0.428359,0.318368
0,0,-0.0754198,-0.970045,0.230921
0,0,-0.672645,-0.709891,0.208813
0,0,0.198226,-0.932486,0.301954
0,0,-0.624881,-0.690517,0.364293
0,0,0.549428,0.830143,0.0948199
0,0,-0.0949522,0.955466,0.279408
0,0,0.173583,0.970895,0.165019
0,0,0.397779,0.885861,0.238794
0,0,-0.845321,0.508894,0.162664
0,0,0.193023,-0.324418,0.92601
0,0,0.0167884,-0.59884,0.800693
0,0,0.171261,-0.951975,0.253798
0,0,-0.434797,-0.770608,0.465956
0,0,0.557231,-0.673519,0.48566
0,0,-0.701807,0.582708,0.40978
0,0,-0.852056,0.0349286,0.522285
0,0,0.726654,-0.301976,0.617077
0,0,0.686489,0.702063,0.189313
0,0,0.767878,-0.595302,0.2366
0,0,-0.686234,-0.688224,0.235438
0,0,-0.0516571,0.582891,0.810907
0,0,-0.441019,-0.726928,0.526383
0,0,0.125798,-0.342501,0.931058
0,0,0.704423,-0.655828,0.271437
0,0,0.98357,0.0672776,0.16752
0,0,-0.255979,-0.947603,0.19111
0,0,0.0516398,0.774541,0.630412
0,0,-0.641556,0.686735,0.341761
0,0,-0.451852,-0.596921,0.662959
0,0,0.605283,0.678186,0.416769
0,0,-0.813224,-0.244309,0.528186
0,0,-0.773038,-0.62454,0.111182
0,0,0.826308,-0.515704,0.226417
0,0,-0.0232602,0.976252,0.215384
0,0,-0.91407,-0.0988072,0.393337
0,0,-0.997509,0.0565238,0.0422027
0,0,0.355325,0.444871,0.822092
0,0,-0.722024,-0.176769,0.668905
0,0,-0.72907,-0.65062,0.212488
0,0,0.342071,-0.88197,0.324217
0,0,-0.061941,0.445478,0.893148
0,0,0.534451,-0.69641,0.478932
0,0,0.44642,0.858748,0.251518
0,0,-0.0419267,-0.307871,0.950504
0,0,-0.342116,-0.926113,0.158967
0,0,-0.923917,-0.018134,0.382162
0,0,0.0229853,0.724593,0.688793
0,0,-0.144272,0.969029,0.200421
0,0,-0.228204,0.842088,0.488683
0,0,0.131244,-0.817345,0.561001
0,0,0.0141897,-0.82111,0.570593
0,0,-0.244496,-0.963072,0.112757
0,0,0.807659,-0.361607,0.465754
0,0,-0.689951,0.564632,0.452945
0,0,-0.990038,-0.0348886,0.13641
0,0,0.22982,0.775551,0.587966
12.882,18.2577,0.508274,0.304971,0.805389
0,0,-0.697028,-0.154974,0.700097
0,0,-0.691708,-0.283245,0.664313
0,0,-0.0675237,-0.307529,0.94914
0,0,-0.622157,-0.134138,0.771316
0,0,0.047571,0.9301,0.364214
0,0,0.928435,0.0295546,0.370316
0,0,0.204011,-0.953329,0.222582
0,0,-0.681666,0.0229681,0.731303
0,0,-0.559052,-0.0842425,0.824842
0,0,-0.35427,0.198343,0.913867
0,0,-0.0644164,-0.00708877,0.997898
0,0,0.980803,-0.108805,0.161826
0,0,-0.279762,0.303012,0.910998
0,0,0.505809,0.521462,0.687194
0,0,-0.509162,0.248534,0.824005
0,0,-0.0658111,-0.993288,0.0951249
0,0,0.929824,-0.244331,0.27519
0,0,-0.236979,0.609648,0.756419
0,0,-0.997083,0.064003,0.0415907
0,0,-0.208092,-0.628332,0.749597
0,0,0.346859,-0.932523,0.100449
0,0,0.913483,0.190767,0.359383
0,0,-0.770562,0.29812,0.563345
0,0,0.761458,0.209949,0.613273
0,0,0.0681099,0.79056,0.608585
0,0,0.808239,0.574512,0.129172
0,0,-0.292873,0.645904,0.705006
0,0,-0.497191,0.213076,0.84107
0,0,0.798007,-0.593395,0.1052
0,0,-0.0872703,0.499971,0.861634
0,0,0.0929955,-0.398252,0.91255
0,0,-0.346599,0.573317,0.742413
0,0,0.409732,0.758052,0.507421
0,0,-0.23556,-0.000714628,0.97186
0,0,0.46353,0.88569,0.0263237
0,0,0.416806,0.90493,0.0858725
0,0,-0.982727,0.106342,0.151455
0,0,-0.422833,0.323108,0.846649
0,0,-0.0526776,-0.995988,0.072338
0,0,-0.683076,-0.730335,0.00431214
0,0,-0.944606,0.25328,0.208733
0,0,-0.410071,0.232752,0.881855
0,0,-0.975813,0.194178,0.100415
0,0,0.780627,-0.553037,0.291155
0,0,-0.368476,0.888876,0.27226
0,0,0.620821,0.774644,0.120444
0,0,0.994635,0.078163,0.0677565
0,0,-0.185468,-0.968437,0.166527
0,0,-0.601959,0.413585,0.683076
0,0,-0.924576,0.240598,0.295419
0,0,-0.305988,-0.42488,0.851968
0,0,-0.54664,0.519339,0.656865
0,0,0.460356,-0.020194,0.887505
0,0,0.616043,-0.285064,0.734322
5.5982,6.95959,-0.14579,-0.305369,0.941007
0,0,0.552115,0.79445,0.253018
0,0,-0.0315963,-0.761318,0.647609
0,0,0.926864,-0.133301,0.350933
0,0,-0.415866,-0.908903,0.0308378
0,0,0.756087,0.516576,0.401848
0,0,0.444631,0.435217,0.782873
0,0,-0.815174,-0.575619,0.0644444
0,0,-0.801803,-0.31382,0.508555
0,0,0.0280117,0.512909,0.857986
0,0,0.272837,-0.666998,0.693307
0,0,0.92933,0.253711,0.268285
0,0,-0.459696,-0.000339226,0.888076
0,0,-0.370774,-0.0473121,0.927517
0,0,-0.851032,0.117714,0.51175
0,0,-0.712465,-0.694332,0.101478
0,0,0.337146,-0.66808,0.663326
0,0,0.755242,0.105937,0.646828
0,0,0.380201,0.359705,0.852091
0,0,0.42722,-0.48036,0.765988
0,0,0.215461,-0.724008,0.655278
12.7713,18.3983,-0.594952,-0.0178423,0.803563
0,0,0.155476,0.945814,0.285066
0,0,0.496017,-0.530529,0.68739
0,0,0.805295,-0.0970933,0.58487
0,0,0.64332,-0.502067,0.577986
0,0,0.227169,0.256066,0.939587
0,0,-0.254875,0.555308,0.791626
0,0,0.0364287,-0.346595,0.937307
0,0,0.717843,-0.315389,0.62067
4.42388,6.6327,-0.281396,-0.241487,0.928709
0,0,0.998884,-0.0420997,0.0214299
0,0,0.0580635,0.703109,0.708708
0,0,-0.0957842,0.872865,0.478469
0,0,0.979651,-0.136563,0.147086
24.0744,34.0062,-0.0764021,-0.00809263,0.997044
0,0,0.064434,-0.993878,0.0897504
0,0,-0.585127,-0.361581,0.725869
0,0,0.958055,0.211737,0.193127
0,0,0.37419,-0.792775,0.481134
0,0,0.35367,-0.135234,0.925543
0,0,-0.0321364,0.693294,0.719938
0,0,-0.74004,-0.596402,0.310879
0,0,-0.875906,0.466112,0.124612
0,0,-0.166387,-0.790477,0.589459
0,0,0.245432,-0.491731,0.835442
0,0,-0.293828,-0.320064,0.90068
0,0,0.508362,-0.343518,0.78966
0,0,-0.233421,-0.584609,0.777012
0,0,-0.882514,0.260672,0.391433
0,0,-0.460522,-0.508114,0.727832
0,0,-0.274796,0.733666,0.621467
0,0,0.899315,0.108196,0.423705
0,0,0.918146,-0.0891979,0.386073
0,0,0.604254,0.41704,0.678936
0,0,0.134126,-0.933697,0.331996
0,0,-0.528917,-0.291447,0.797061
0,0,-0.791493,0.611178,0.000534634
0,0,-0.204692,0.45733,0.865419
0,0,-0.20413,-0.810266,0.549363
0,0,0.813043,0.510311,0.280256
0,0,-0.434503,0.542503,0.718956
0,0,-0.884664,0.260067,0.386956
0,0,-0.488122,-0.812486,0.318752
0,0,0.919536,0.190389,0.343811
0,0,-0.801511,-0.103065,0.589031
0,0,-0.575965,-0.495699,0.650037
0,0,-0.728848,-0.0184056,0.684428
0,0,0.683872,0.72178,0.106549
16.2278,23.4457,0.205769,0.625349,0.752727
0,0,-0.0910096,-0.388536,0.916928
0,0,-0.0365182,0.843673,0.535614
0,0,0.416003,-0.892509,0.174266
0,0,-0.485298,-0.667758,0.564434
0,0,0.56817,-0.819078,0.0793391
0,0,-0.328324,-0.944436,0.0156387
0,0,0.281325,0.280521,0.917695
0,0,-0.912152,-0.373731,0.168238
0,0,-0.318592,-0.872895,0.369531
0,0,0.908209,-0.294879,0.29699
0,0,0.796056,0.283463,0.534736
0,0,0.889076,0.369656,0.269996
0,0,0.516433,0.695414,0.499696
0,0,-0.798109,-0.529265,0.287924
0.420214,0.636056,-0.123333,0.283194,0.951099
0,0,-0.948031,0.12633,0.292024
0,0,-0.233,-0.0628668,0.970442
0,0,0.781119,0.0176764,0.624132
0,0,-0.909318,0.383357,0.161796
0,0,0.516306,0.806322,0.288571
0,0,0.869024,-0.458226,0.186617
0,0,0.0876309,0.419901,0.903329
0,0,0.755032,-0.65475,0.0350621
0,0,0.112794,0.993066,0.0331383
0,0,-0.055717,-0.782722,0.619873
0,0,0.461434,-0.74072,0.488275
0,0,0.500851,-0.217291,0.837814
0,0,-0.0790063,-0.203814,0.975816
0,0,0.252146,0.523251,0.814021
0,0,0.700619,-0.489572,0.519089
23.1348,34.9087,0.49379,-0.46641,0.733916
19.2122,28.9059,0.0451757,-0.289559,0.956093
0,0,0.647061,0.574799,0.500918
0,0,-0.735431,-0.64276,0.214478
0,0,-0.28601,-0.764916,0.57715
22.2738,31.2986,0.00441267,0.357863,0.933764
0,0,0.66034,0.0290743,0.750404
0,0,0.929879,0.240614,0.278262
0,0,0.894924,-0.162827,0.415449
15.0005,21.0761,-0.334169,0.848567,0.410202
0,0,-0.20058,0.88085,0.428802
0,0,-0.634404,0.0402517,0.771953
0,0,-0.824827,0.319543,0.466425
0,0,0.112896,-0.583949,0.803902
0,0,0.715587,-0.213145,0.66521
0,0,-0.621464,0.778636,0.0866576
0,0,0.749072,-0.630298,0.203997
0,0,-0.360973,-0.756231,0.545723
0,0,-0.701978,-0.305989,0.643116
0,0,-0.316783,-0.242742,0.91691
19.8347,28.8092,-0.522937,-0.803484,-0.284517
0,0,-0.548324,-0.615734,0.565874
0,0,-0.750625,-0.427239,0.504013
0,0,0.925782,0.373127,0.0608526
0,0,0.382057,-0.467095,0.797405
0,0,-0.1902,0.897424,0.398063
0,0,-0.861145,0.459705,0.217025
0,0,-0.661975,0.748303,0.0428107
0,0,-0.833529,-0.433527,0.342466
0,0,-0.856168,-0.431783,0.283796
0,0,0.888054,-0.375927,0.264647
0,0,-0.742799,0.240876,0.624683
0,0,0.0917723,0.989459,0.112022
0,0,-0.834804,0.349526,0.425364
0,0,-0.293582,-0.872362,0.39089
0,0,0.112454,0.978986,0.170118
0,0,-0.0991224,-0.138159,0.985437
0,0,0.180553,0.621715,0.762149
0,0,-0.333632,-0.226732,0.915031
0,0,-0.579925,-0.613909,0.53554
0,0,-0.901398,0.358137,0.24335
0,0,0.670657,-0.739171,0.0620107
0,0,0.798343,-0.322827,0.508362
0,0,-0.394258,-0.658933,0.6406
0,0,-0.00729378,-0.571842,0.820331
0,0,0.975979,0.206728,0.0687691
0,0,-0.56387,0.672068,0.479974
0,0,-0.0749745,0.272022,0.959366
0,0,-0.168326,0.878038,0.448012
0,0,-0.68552,-0.0617732,0.725429
0,0,0.856612,-0.387181,0.341039
0,0,-0.920108,-0.135247,0.367573
0,0,-0.191087,-0.819561,0.540189
0,0,-0.720958,-0.371758,0.584821
0,0,0.955833,0.193476,0.221248
0,0,0.589959,-0.579917,0.561822
0,0,0.266717,0.928565,0.258127
15.8052,21.8615,0.941486,-0.145627,0.303967
0,0,0.731368,0.636045,0.246065
0,0,0.606201,0.401867,0.686311
0,0,0.11445,-0.629931,0.768172
0,0,0.660919,-0.682738,0.311537
0,0,-0.627824,-0.494447,0.601131
0,0,-0.0840527,0.995147,0.0511669
0,0,0.428861,0.846666,0.315016
0,0,0.648871,0.59891,0.469332
0,0,-0.23466,0.318511,0.918415
0,0,-0.0108625,-0.680005,0.733127
0,0,-0.337426,-0.653867,0.677201
0,0,-0.485379,-0.870415,0.0823712
0,0,-0.746951,-0.632172,0.205968
0,0,-0.72846,0.322432,0.604469
0,0,0.482805,-0.870623,0.0944177
0,0,-0.672802,0.730413,0.117616
0,0,0.0378154,0.870672,0.490408
0,0,-0.0471118,0.795852,0.603655
0,0,0.744223,0.666214,0.0478675
0,0,-0.578494,0.604262,0.547916
0,0,0.154902,0.343929,0.926131
0,0,0.882787,0.160223,0.441606
0,0,0.380264,0.90051,0.210907
0,0,0.263999,0.0973251,0.9596
0,0,-0.314312,0.935594,0.160848
0,0,-0.620207,-0.513809,0.592742
0,0,0.914757,0.133949,0.381152
0,0,0.653506,0.0337323,0.75617
0,0,-0.860611,0.135279,0.490967
11.884,15.377,0.686317,0.714027,0.138329
0,0,-0.668346,0.240569,0.703875
0,0,0.530961,-0.144318,0.835016
24.056,33.4445,-0.456014,-0.852607,0.255173
0,0,-0.15931,-0.0231401,0.986957
0,0,0.921093,0.347263,0.176059
0,0,-0.703312,0.0763839,0.706766
0,0,0.95248,-0.292761,0.0840972
0,0,0.379284,0.446623,0.810353
0,0,0.665996,-0.720312,0.193904
0,0,-0.314635,-0.842568,0.437131
0,0,-0.897094,0.281154,0.340844
0,0,-0.539398,0.591648,0.599169
0,0,-0.691389,0.683173,0.235065
0,0,0.737076,0.365845,0.568221
0,0,0.946698,0.179172,0.267693
0,0,-0.55263,0.715076,0.428097
0,0,-0.149424,0.473785,0.867871
0,0,0.509098,0.269134,0.817549
0,0,-0.189824,0.861198,0.471492
0,0,-0.594697,0.646761,0.47753
0,0,-0.412543,-0.714397,0.565195
0,0,-0.885278,-0.0800541,0.45812
0,0,0.617302,0.768505,0.168339
0,0,-0.624988,0.531971,0.571311
0,0,0.00258381,0.913709,0.406362
0,0,-0.418488,-0.634319,0.650006
0,0,-0.702284,-0.711687,0.0172696
0,0,0.873197,-0.120244,0.472302
0,0,-0.661194,0.501091,0.558328
0,0,-0.813255,-0.328841,0.480083
0,0,0.445879,-0.607417,0.657447
0,0,-0.885537,-0.46045,0.0617302
0,0,-0.494657,-0.699898,0.515225
0,0,0.328223,-0.93993,0.093812
0,0,-0.309559,-0.573795,0.758243
0,0,0.495252,-0.65509,0.570599
0,0,0.277306,-0.653795,0.704027
0,0,0.522727,0.746442,0.411801
0,0,-0.497976,0.369151,0.784696
0,0,0.777485,0.49046,0.393656
0,0,-0.751719,0.250864,0.609906
0,0,-0.0505578,0.637096,0.769125
0,0,0.879979,0.389556,0.271814
0,0,0.790701,0.0238321,0.611739
0,0,0.142561,-0.375865,0.915643
0,0,-0.996913,0.0784851,0.00227386
0,0,-0.903315,0.336142,0.266517
0,0,0.297395,0.941132,0.16071
0,0,0.999273,0.0337766,0.017705
0,0,0.893932,0.430089,0.126129
0,0,0.472661,-0.694737,0.542155
0,0,-0.00673346,0.989594,0.143728
0,0,0.703261,0.0899248,0.705221
0,0,0.53584,-0.0921789,0.839272
0,0,0.833245,0.119393,0.539859
0,0,-0.218075,0.957942,0.186519
0,0,0.940135,0.148691,0.306656
0,0,0.802904,0.527627,0.277407
0,0,-0.59263,-0.739277,0.319781
0,0,0.810214,0.586129,0.00259789
0,0,0.705598,0.672852,0.222264
0,0,0.795262,0.46415,0.390029
0,0,-0.278228,-0.952766,0.121764
0,0,0.663657,0.355817,0.657992
0,0,0.711958,-0.0982765,0.695311
0,0,-0.214945,-0.591647,0.777015
0,0,-0.407636,-0.0974872,0.907926
0,0,0.375203,0.469085,0.799489
0,0,0.851295,-0.0482322,0.522466
0,0,-0.584,0.748252,0.314744
0,0,-0.397412,0.199721,0.895643
12.1467,16.8028,-0.0288177,0.285581,0.957921
0,0,-0.659746,0.37536,0.65103
0,0,0.729908,-0.298914,0.614724
0,0,-0.626064,0.302955,0.718514
0,0,-0.502215,-0.861671,0.0728216
0,0,0.866265,-0.482193,0.130669
0,0,0.632679,0.739891,0.228644
0,0,0.279274,-0.570146,0.772619
0,0,0.112639,0.993234,0.0282649
0,0,0.651602,0.654798,0.382955
0,0,-0.936229,-0.11627,0.331598
0,0,0.967319,-0.110154,0.228384
0,0,-0.1294,-0.271509,0.953697
0,0,-0.182004,-0.0762838,0.980334
0,0,0.765394,-0.201371,0.611247
0,0,0.0471656,-0.752953,0.656382
0,0,0.343874,-0.936536,0.068206
0,0,0.275617,-0.797771,0.536281
0,0,-0.147716,-0.0724633,0.986372
0,0,-0.138721,-0.567275,0.811761
0,0,0.179499,0.68516,0.705929
0,0,-0.672714,-0.289799,0.680788
0,0,-0.398574,-0.84486,0.356863
0,0,-0.858267,-0.504011,0.0967041
0,0,-0.444918,0.383001,0.809542
0,0,-0.389531,0.895066,0.217078
0,0,0.193706,-0.162617,0.967488
0,0,-0.495562,0.512678,0.701128
0,0,-0.899013,-0.408357,0.158179
0,0,0.92053,-0.255501,0.295538
0,0,-0.0588647,-0.273962,0.959937
0,0,0.684117,0.729326,0.00823382
0,0,0.23193,-0.859307,0.455852
0,0,-0.320322,0.409277,0.854334
0,0,0.444714,0.875467,0.189175
0,0,0.491782,-0.868489,0.0622714
0,0,-0.506044,0.675464,0.536347
0,0,-0.677159,-0.38199,0.628919
0,0,0.0633775,0.997328,0.0363334
0,0,0.391091,0.228241,0.891602
0,0,-0.541141,0.45273,0.708662
0,0,0.409061,0.103436,0.906626
0,0,0.91981,-0.19693,0.339364
0,0,0.623809,-0.375464,0.685484
0,0,0.497706,-0.860352,0.109924
0,0,0.312902,-0.193244,0.929919
0,0,0.0657192,-0.838998,0.540151
8.49654,10.4157,0.631225,0.702471,0.32877
0,0,0.326457,0.498208,0.803252
0,0,0.694355,-0.714777,0.0834583
0,0,0.999365,0.0307734,0.0179403
14.6259,20.5475,-0.102653,-0.356483,0.928645
0,0,-0.998856,-0.0194474,0.0436892
0,0,-0.511976,0.205535,0.834048
0,0,-0.102401,-0.60111,0.792579
0,0,-0.946652,-0.31851,0.0490051
0,0,-0.984154,-0.156443,0.0834707
0,0,0.0426439,-0.66708,0.743765
0,0,-0.725637,0.315767,0.611344
0,0,0.806267,-0.575814,0.135546
0,0,-0.0094996,-0.88017,0.474563
0,0,-0.627621,-0.326131,0.706917
0,0,-0.587167,-0.0272482,0.809007
14.6451,20.7181,-0.590886,-0.755502,0.282967
0,0,-0.0319173,0.526635,0.849492
0,0,0.231623,0.963556,0.133829
0,0,-0.704343,-0.706875,0.0650285
0,0,0.0850448,-0.760707,0.6435
0,0,-0.502204,-0.837009,0.217273
0,0,-0.291381,-0.835929,0.465102
0,0,-0.540968,-0.836905,0.083331
0,0,-0.75436,-0.16511,0.635359
0,0,0.205045,0.184205,0.961262
0,0,0.65082,0.481753,0.586811
0,0,-0.462259,-0.727239,0.507386
0,0,0.0633552,0.921433,0.383338
0,0,0.699496,-0.604693,0.380856
0,0,-0.0570637,0.748881,0.660243
0,0,0.484421,-0.0125451,0.874745
0,0,-0.254922,-0.541631,0.801031
0,0,-0.810587,0.582401,0.0613042
0,0,-0.685725,-0.122014,0.717561
0,0,0.0887474,0.925842,0.367342
0,0,-0.769032,-0.487947,0.412913
0,0,0.0614519,0.998016,0.0137078
0,0,0.0615117,-0.962629,0.263744
0,0,-0.558203,-0.349969,0.752284
0,0,0.334137,-0.934039,0.12619
0,0,0.952642,0.237146,0.190358
0,0,-0.86315,-0.395098,0.314435
0,0,0.355369,-0.811801,0.463349
0,0,0.37826,0.754119,0.536865
0,0,-0.312582,0.899211,0.306124
0,0,-0.978236,-0.112067,0.174629
0,0,0.786538,-0.578677,0.215617
0,0,-0.102686,-0.923399,0.369852
0,0,-0.00325703,-0.936595,0.350399
0,0,0.463415,0.543585,0.699829
0,0,0.618056,-0.234525,0.750336
0,0,0.85858,0.0160778,0.512428
0,0,0.912318,-0.0930857,0.398763
0,0,-0.232277,0.905338,0.355542
0,0,-0.529998,0.816472,0.229076
0,0,0.746644,0.642735,0.171508
0,0,-0.1653,0.336753,0.92697
0,0,0.318504,-0.588601,0.743037
0,0,0.494543,-0.764469,0.41354
0,0,0.61373,-0.627094,0.479675
0,0,-0.905308,0.289844,0.310496
0,0,0.513715,-0.258175,0.818195
0,0,0.695346,-0.139813,0.704944
0,0,-0.0481439,-0.998734,0.0145525
0,0,0.483642,-0.663037,0.571377
0,0,-0.74297,0.403805,0.533794
0,0,0.00366774,0.999217,0.0393999
0,0,0.615246,-0.672827,0.410823
0,0,-0.544954,-0.837284,0.0445067
23.2521,33.0968,-0.574077,-0.761996,0.299663
0,0,0.911986,0.0946212,0.399159
0,0,0.1315,-0.592436,0.794812
0,0,0.849051,0.408115,0.335491
0,0,0.46001,-0.791991,0.401424
0,0,0.903306,0.0600083,0.42478
0,0,-0.299652,0.86189,0.409089
0,0,-0.142694,0.934845,0.32512
0,0,0.358897,-0.541091,0.760535
0,0,-0.573613,-0.310977,0.7578
0,0,-0.0363079,-0.999044,0.0243672
0,0,0.40919,-0.550132,0.727955
0,0,0.884659,-0.466013,0.0144956
0,0,-0.140192,0.989993,0.0161232
0,0,0.367773,-0.546699,0.752239
0,0,-0.308513,0.572328,0.759776
0,0,0.258123,-0.964822,0.0499137
0,0,-0.583929,-0.397891,0.707608
0,0,-0.0204343,-0.994399,0.103692
0,0,-0.771365,0.563219,0.296276
0,0,0.741128,0.600225,0.300764
0,0,0.685938,0.457751,0.565645
0,0,0.147115,-0.951063,0.271728
0,0,-0.205743,-0.455122,0.866334
0,0,-0.460497,0.0641623,0.885339
0,0,0.407022,-0.492663,0.769166
0,0,-0.195187,-0.907224,0.372622
0,0,0.771099,0.29,0.566839
0,0,0.0931411,-0.764674,0.637651
0,0,-0.0287572,-0.8257,0.563376
0,0,0.511874,0.824837,0.240059
0,0,0.496021,-0.51673,0.69782
8.28765,13.1408,-0.296922,0.527617,0.795901
0,0,0.906381,0.0925074,0.412209
4.37286,6.6923,0.0175094,0.22927,0.973205
21.7746,29.9154,-0.175505,0.157273,0.971835
0,0,-0.0883007,-0.788483,0.608685
0,0,0.169449,-0.984437,0.0465895
0,0,0.864222,-0.498947,0.0645969
0,0,-0.320151,0.759957,0.565657
0,0,-0.195249,-0.674297,0.71218
0,0,-0.466161,-0.22701,0.855079
0,0,-0.958858,0.18748,0.213171
0,0,0.428966,0.669356,0.606589
0,0,0.940401,0.26576,0.212171
0,0,-0.931322,-0.0848681,0.354171
0,0,0.185989,0.864838,0.46633
0,0,-0.893377,0.234784,0.383084
0,0,0.616128,0.432227,0.658457
0,0,-0.420512,-0.7914,0.443684
0,0,-0.216823,-0.480837,0.849579
0,0,0.0918224,-0.33988,0.935975
0,0,0.165425,0.976135,0.140694
0,0,0.855056,-0.375518,0.357584
0,0,0.481176,-0.484892,0.730308
0,0,-0.669796,0.45157,0.589456
0,0,0.0350037,-0.548067,0.835702
0,0,-0.750572,-0.365646,0.550404
0,0,0.451675,0.842578,0.293346
0,0,-0.30242,-0.797461,0.522109
0,0,0.633661,-0.105025,0.766449
4.7565,5.89344,-0.14258,0.300051,0.943208
0,0,0.853278,-0.154272,0.498113
0,0,-0.331888,-0.0841529,0.939558
0,0,-0.940179,0.301302,0.158996
0,0,-0.138913,-0.881047,0.452172
0,0,0.0354641,0.27579,0.960564
0,0,0.787785,-0.579033,0.210035
0,0,0.611058,0.710445,0.349107
0,0,-0.436301,0.86314,0.254225
0,0,-0.880331,-0.194341,0.432722
0,0,0.162833,0.862174,0.47973
0,0,-0.0364816,0.742692,0.668638
0,0,0.579895,-0.714829,0.390821
0,0,0.367074,0.614181,0.698597
0,0,-0.737647,0.0396103,0.674024
0,0,0.492405,0.651608,0.577013
0,0,-0.62072,0.766412,0.165286
0,0,0.357786,-0.692567,0.62637
0,0,-0.555459,0.732266,0.394021
0,0,-0.699461,-0.702037,0.133786
0,0,0.0032883,0.780475,0.625178
0,0,-0.0516189,-0.0532518,0.997246
0,0,-0.639371,0.727306,0.249462
0,0,0.467903,0.55366,0.68886
0,0,0.13063,-0.968852,0.210385
0,0,-0.641638,0.612918,0.461121
0,0,-0.220558,0.910385,0.350076
0,0,-0.693527,0.482044,0.535401
0,0,-0.168013,0.648619,0.742337
0,0,0.448669,-0.127933,0.884494
0,0,0.940913,-0.286181,0.181062
0,0,-0.87577,-0.482723,0.00235576
0,0,0.216537,-0.974062,0.0656838
0,0,0.651686,-0.559926,0.511653
0,0,0.898643,0.0642264,0.433953
0,0,0.0738417,-0.909806,0.408412
0,0,0.303714,-0.475186,0.825806
0,0,0.184549,-0.878663,0.440333
0,0,-0.963319,-0.178314,0.200553
0,0,0.548053,0.0974334,0.830749
0,0,-0.422776,-0.862567,0.277917
0,0,-0.770623,0.582331,0.258905
0,0,0.591363,0.736961,0.32738
19.0705,28.4778,-0.105489,0.434914,0.894272
10.926,17.3089,-0.045001,-0.537979,0.841756
11.3291,15.5099,-0.387286,-0.312617,0.867341
0,0,-0.811261,-0.513246,0.28006
0,0,-0.80248,0.565934,0.189061
0,0,-0.172837,0.981908,0.0773564
7.9868,11.2471,0.373496,0.030511,0.92713
0,0,0.0313527,-0.701338,0.712139
0,0,-0.688437,-0.60722,0.396658
0,0,-0.13389,-0.795235,0.591332
0,0,0.40879,0.910423,0.0634028
0,0,0.424901,0.899172,0.104632
0,0,0.364858,0.927888,0.0768328
0,0,0.764859,0.104775,0.63562
0,0,-0.437013,0.847558,0.301108
0,0,0.709123,0.493188,0.503895
0,0,-0.744616,0.465726,0.47817
0,0,0.904402,-0.424726,0.0408159
0,0,-0.535757,0.568555,0.624268
0,0,0.381924,0.661737,0.645165
0,0,0.634837,0.152001,0.757547
0,0,-0.497044,-0.43508,0.750768
0,0,0.484628,0.726801,0.486719
0,0,0.773013,0.598754,0.20963
0,0,0.186859,0.152297,0.97051
0,0,0.610177,0.697432,0.375862
0,0,0.89707,0.165187,0.409851
0,0,0.741033,0.473287,0.476308
0,0,0.443842,-0.849134,0.286314
0,0,-0.302395,-0.857745,0.41573
0,0,-0.136098,-0.368561,0.919587
0,0,-0.000320215,-0.794983,0.606631
0,0,0.097469,0.955784,0.277445
0,0,0.0286147,-0.659589,0.751081
21.2473,29.4108,-0.168468,0.12775,0.977394
0,0,-0.191096,-0.822714,0.535373
0,0,-0.609597,0.488907,0.623988
0,0,-0.935621,-0.267195,0.230694
0,0,-0.460199,-0.102774,0.881847
0,0,-0.234967,0.554395,0.798396
0,0,-0.225302,0.869981,0.438602
0,0,0.263015,0.96465,0.0165552
0,0,0.273971,-0.84136,0.46589
0,0,0.540845,0.34799,0.765761
0,0,-0.611321,-0.470655,0.636217
0,0,-0.97275,0.0979142,0.210167
0,0,0.927245,0.374076,0.0168464
0,0,0.778743,0.216699,0.588728
0,0,0.365688,0.929186,0.053723
0,0,0.400172,-0.158213,0.90268
0,0,0.364381,-0.344463,0.8652
0,0,0.969463,-0.218365,0.11162
0,0,-0.352615,0.842357,0.40755
0,0,-0.0877237,-0.701713,0.707039
0,0,-0.905614,0.390839,0.164644
0,0,-0.930445,0.0233816,0.365686
0,0,-0.100796,-0.746256,0.657984
0,0,-0.0510144,-0.00810245,0.998665
0,0,-0.407252,-0.663453,0.627675
0,0,0.481712,0.264924,0.835326
0,0,-0.594484,0.803986,0.0139741
0,0,0.138506,-0.292007,0.946334
0,0,0.487881,-0.149116,0.860079
0,0,-0.398211,-0.415923,0.81758
0,0,0.486385,-0.822477,0.29489
0,0,-0.158948,0.058211,0.985569
0,0,0.540916,-0.742141,0.395773
0,0,0.707313,-0.269854,0.653366
0,0,-0.618031,-0.754263,0.221642
0,0,-0.637794,-0.455008,0.621439
0,0,0.388987,0.865855,0.314616
0,0,0.430697,0.900028,0.0667113
0,0,-0.807812,-0.37326,0.456199
0,0,-0.440776,0.453462,0.774654
0,0,0.686083,0.511594,0.517263
0,0,0.300965,0.541553,0.784946
0,0,0.159223,0.910417,0.381823
0,0,0.862235,0.258059,0.43584
0,0,-0.0834961,0.846739,0.525415
0,0,-0.605437,0.501842,0.617739
0,0,-0.379801,0.922011,0.0751419
0,0,-0.730425,0.383827,0.564939
0,0,0.0854605,0.684267,0.724207
0,0,0.85863,0.309682,0.408474
0,0,0.126647,0.278159,0.952149
0,0,-0.156569,-0.976267,0.149626
0,0,0.132206,-0.791515,0.596679
0,0,0.926376,-0.169495,0.336303
0,0,-0.670463,-0.689776,0.273292
0,0,-0.165783,-0.982004,0.0904676
0,0,0.208548,0.606528,0.767223
0,0,0.0168251,0.999855,0.00262202
0,0,-0.00698387,-0.519167,0.854644
0,0,-0.174349,-0.146889,0.973666
0,0,0.960567,-0.221036,0.168686
0,0,-0.857039,0.283192,0.43045
0,0,0.780767,0.53549,0.321952
0,0,0.685919,0.727095,0.0291386
0,0,0.088479,0.841375,0.53316
0,0,-0.186052,0.839022,0.511299
0,0,0.140545,0.103588,0.98464
0,0,0.96796,-0.160023,0.193508
0,0,-0.575061,0.720448,0.387634
0,0,-0.701959,0.2058,0.681836
0,0,0.275606,-0.399615,0.87427
0,0,-0.148396,0.886997,0.437281
0,0,0.824546,0.557119,0.0986976
0,0,-0.870211,-0.463688,0.166508
0,0,-0.360062,0.93288,0.00946099
0,0,-0.625145,0.662965,0.411912
0,0,0.587589,0.800324,0.119255
0,0,-0.0974122,0.984277,0.147343
0,0,0.475736,0.87933,0.0213217
0,0,0.421144,0.348831,0.83723
0,0,0.441717,0.505469,0.741206
0,0,0.335131,0.046675,0.941015
0,0,-0.338341,0.14598,0.929632
0,0,0.993605,-0.0385539,0.106128
0,0,0.546574,-0.0949752,0.832008
0,0,0.614664,-0.716009,0.330938
0,0,0.884238,0.423971,0.195889
0,0,0.37663,0.733853,0.565341
0,0,0.740365,0.661059,0.121903
21.8335,29.4151,-0.0800409,0.010494,0.996736
0,0,-0.830418,0.522502,0.193386
0,0,-0.736579,0.596123,0.319512
0,0,-0.222643,0.970296,0.0946341
0,0,0.993655,-0.0998006,0.0518525
0,0,0.442103,-0.622598,0.64569
0,0,0.126296,-0.957186,0.260468
0,0,-0.297284,-0.564184,0.770272
0,0,0.485283,-0.831451,0.270536
0,0,-0.837472,-0.533429,0.11872
0,0,-0.769514,0.627533,0.118536
0,0,-0.0279792,-0.90566,0.423081
0,0,0.61923,-0.785158,0.00900998
0,0,0.0562336,0.596773,0.800437
0,0,-0.35381,-0.752825,0.555044
0,0,0.568316,-0.129597,0.81254
0,0,0.981581,-0.0504605,0.18426
0,0,0.484932,0.855737,0.180433
0,0,0.346101,0.817409,0.460496
0,0,-0.113373,-0.762117,0.637436
0,0,0.368417,-0.839664,0.39904
0,0,0.773252,-0.0803177,0.628992
0,0,0.182623,-0.97687,0.111237
0,0,0.226578,-0.130482,0.965213
0,0,0.153295,-0.984651,0.0834481
0,0,0.102984,-0.452138,0.885983
0,0,-0.49837,0.447313,0.742656
0,0,-0.292532,0.55113,0.781461
0,0,0.213744,-0.915576,0.340636
0,0,-0.761207,-0.107014,0.639619
0,0,0.400548,-0.268016,0.876201
0,0,-0.805426,-0.18431,0.56331
18.6853,27.38,0.307462,-0.358949,0.881262
0,0,0.687698,0.665646,0.289804
0,0,0.599746,0.796599,0.0757251
0,0,-0.672763,0.723766,0.153467
0,0,-0.526949,-0.350912,0.774071
0,0,0.293395,-0.357349,0.886691
0,0,0.851309,0.173933,0.494995
0,0,-0.546434,0.83637,0.0435374
0,0,-0.726991,0.172423,0.664647
5.43169,8.35192,-0.105478,-0.538233,0.83617
0,0,0.4703,-0.487707,0.7355
0,0,0.393815,-0.490291,0.777512
0,0,0.863243,-0.410208,0.294179
0,0,-0.1555,-0.867967,0.471649
0,0,0.87506,0.484013,0.00134538
0,0,-0.260155,0.467577,0.844802
0,0,-0.245005,0.690712,0.68036
0,0,-0.65698,-0.533555,0.532632
0,0,0.770885,0.562972,0.297992
0,0,-0.537002,0.823951,0.180924
0,0,-0.453601,-0.0614225,0.889086
0,0,-0.27607,0.412989,0.867885
0,0,-0.231156,0.905433,0.35603
0,0,-0.896002,-0.335575,0.290809
0,0,-0.293653,-0.240443,0.925178
0,0,-0.0471336,-0.74305,0.667574
15.5358,22.3948,-0.160281,0.828752,-0.536172
0,0,0.675479,0.736839,0.0282051
0,0,0.892382,0.449913,0.0351273
0,0,-0.170275,0.24587,0.95423
0,0,-0.721647,0.383696,0.576197
0,0,0.646369,0.0372137,0.762117
0,0,-0.167714,0.880529,0.443328
0,0,0.276351,-0.319031,0.906559
0,0,-0.434943,-0.898495,0.0594299
0,0,0.80026,0.321845,0.505963
0,0,-0.740945,-0.156552,0.653064
0,0,0.723218,0.476522,0.499883
0,0,-0.671578,-0.470252,0.572578
0,0,0.478762,-0.876223,0.0549562
0,0,0.573075,-0.792654,0.20805
0,0,0.0753384,-0.364045,0.928329
0,0,-0.2069,0.911261,0.356083
0,0,-0.159086,-0.630539,0.759679
0,0,-0.190378,-0.951756,0.240657
0,0,0.0372832,-0.869522,0.492485
0,0,0.14187,-0.61424,0.776261
0,0,0.744762,0.661125,0.0907885
0,0,-0.319772,0.590466,0.74101
0,0,-0.899979,0.435284,0.0237993
0,0,0.997013,-0.0674911,0.0375554
0,0,0.727204,-0.675776,0.120423
0,0,-0.505753,0.313496,0.803701
0,0,0.255616,-0.602994,0.755684
0,0,-0.298918,-0.850218,0.433334
0,0,0.87098,0.033731,0.49016
0,0,-0.0401101,-0.527196,0.848796
0,0,-0.46122,-0.218209,0.860036
0,0,0.0883057,0.55865,0.824689
0,0,0.441211,0.80138,0.403884
0,0,0.178803,-0.902083,0.392779
0,0,0.679484,-0.724743,0.114228
0,0,-0.827791,-0.42329,0.368223
0,0,-0.541108,0.827048,0.152299
0,0,0.906949,-0.358812,0.220675
0,0,-0.0523145,0.303636,0.951351
0,0,0.783055,-0.549455,0.291416
0,0,-0.522233,-0.407659,0.749058
0,0,0.810028,0.556571,0.184616
0,0,-0.731095,0.639167,0.238675
0,0,-0.549091,0.0974877,0.830058
0,0,-0.759932,-0.620883,0.192372
0,0,-0.573951,-0.808195,0.131917
0,0,0.469799,0.186256,0.862901
0,0,0.362294,0.93149,0.0327084
0,0,0.412569,-0.906803,0.0865746
0,0,-0.830148,-0.329168,0.450004
0,0,0.719476,-0.425622,0.548816
0,0,-0.58442,-0.730195,0.353932
0,0,-0.0820254,-0.28253,0.955745
0,0,0.807409,0.413945,0.420405
0,0,0.186755,-0.982058,0.0261762
0,0,-0.0532444,0.421542,0.905245
0,0,0.434061,-0.728009,0.530655
0,0,-0.624824,0.738372,0.253776
0,0,0.739976,0.081654,0.667659
0,0,0.661344,0.507046,0.552747
0,0,0.86992,0.334673,0.362262
0,0,0.58578,0.622339,0.519188
0,0,0.565913,-0.820621,0.0795204
0,0,-0.183548,-0.951715,0.246065
0,0,-0.989628,0.0723555,0.124102
0,0,0.59138,0.216269,0.776851
0,0,-0.43896,-0.864811,0.243753
0,0,0.50291,-0.848531,0.164553
0,0,0.0714589,-0.246901,0.966402
0,0,-0.770017,-0.283751,0.571454
0,0,0.367474,0.918365,0.146864
0,0,0.77521,0.631275,0.0232774
0,0,-0.277263,-0.787051,0.551068
0,0,0.475801,0.0346581,0.87887
0,0,0.220513,-0.447391,0.866727
0,0,0.645078,-0.177978,0.743101
0,0,-0.199742,0.335898,0.920476
0,0,-0.343744,-0.632405,0.694193
0,0,0.60201,0.761882,0.238997
0,0,0.419839,-0.805783,0.41767
0,0,-0.795503,0.186566,0.576514
0,0,0.210426,-0.139283,0.967637
0,0,-0.570806,0.336711,0.748869
0,0,0.287497,0.000965722,0.957781
0,0,0.822289,-0.4319,0.370545
0,0,-0.0847305,0.886539,0.454829
0,0,0.833794,-0.457869,0.308453
0,0,-0.13619,-0.94957,0.282435
0,0,-0.541966,-0.184127,0.819981
0,0,-0.0347262,-0.973166,0.227469
0,0,-0.171359,-0.366718,0.914415
0,0,-0.41847,0.278605,0.864443
0,0,0.297691,0.633442,0.714235
0,0,-0.313163,0.536359,0.78374
0,0,0.687109,0.208102,0.696114
0,0,-0.585832,0.355498,0.728301
19.9523,28.5031,-0.36396,-0.422982,0.829831
0,0,-0.44542,0.879467,0.167747
0,0,-0.594272,0.781905,0.188322
0,0,-0.196,0.784538,0.58829
0,0,-0.232908,0.97191,0.0338337
0,0,-0.509583,-0.126001,0.851146
0,0,-0.992597,-0.117371,0.0312228
0,0,0.856813,0.416204,0.304378
0,0,0.34965,0.039483,0.936048
0,0,-0.704269,-0.576391,0.414462
0,0,0.619309,-0.482975,0.619025
0,0,0.435762,0.825819,0.357959
0,0,-0.0425206,0.351223,0.935326
0,0,0.596263,-0.030124,0.802224
0,0,0.685192,0.316783,0.655866
0,0,-0.0175879,-0.482463,0.87574
0,0,0.522903,0.82795,0.202661
0,0,-0.94769,0.300462,0.107728
0,0,0.164889,0.858164,0.486174
0,0,-0.983025,-0.178328,0.0431479
0,0,-0.882555,-0.204385,0.423466
0,0,0.444721,-0.197608,0.873598
0,0,0.490969,-0.835079,0.248177
0,0,-0.832021,-0.391956,0.392572
0,0,0.878349,-0.408291,0.248601
0,0,0.527716,0.840748,0.12107
0,0,-0.840703,-0.536245,0.075234
0,0,0.122029,-0.990006,0.0706822
0,0,0.222474,0.923675,0.311978
0,0,0.302991,-0.864123,0.401855
0,0,-0.0048478,-0.92266,0.385584
0,0,-0.557599,-0.700068,0.446081
0,0,-0.391047,-0.687471,0.611936
0,0,-0.857618,0.28626,0.427255
0,0,0.134814,0.990191,0.03671
0,0,-0.407094,0.910315,0.0748363
0,0,-0.852417,0.32254,0.411525
0,0,0.558451,-0.394492,0.729731
0,0,-0.870116,0.460265,0.176223
0,0,-0.911135,-0.232562,0.340216
0,0,0.411813,-0.900188,0.141672
0,0,0.553691,0.25718,0.792013
0,0,0.423101,0.597186,0.681436
0,0,-0.86385,-0.502096,0.0407806
0,0,-0.613704,-0.753893,0.23455
0,0,0.268763,-0.962795,0.0281337
0,0,0.00734109,0.563889,0.825818
0,0,0.310747,-0.850276,0.424813
0,0,0.731677,-0.491198,0.472623
0,0,0.752139,0.161569,0.638892
0,0,-0.441622,0.783462,0.437216
19.147,26.1325,-0.783543,-0.4431,0.435571
0,0,-0.581163,0.789867,0.195857
0,0,-0.610384,0.77993,0.138346
0,0,0.780217,0.334548,0.528525
0,0,0.702388,-0.278074,0.655229
0,0,-0.19862,0.6247,0.755182
0,0,0.276513,-0.905237,0.322625
0,0,0.895822,0.144016,0.42043
0,0,-0.271164,0.332508,0.903277
0,0,-0.877508,-0.0733829,0.473915
0,0,-0.305766,0.22322,0.92557
0,0,-0.194013,0.978771,0.0660751
0,0,0.455463,0.167751,0.874307
0,0,-0.252095,-0.397759,0.882177
0,0,-0.398171,-0.913583,0.0826198
0,0,-0.147222,-0.910825,0.385648
0,0,0.994848,-0.100919,0.00959558
0,0,0.284203,-0.764991,0.577942
0,0,0.919975,0.366712,0.138451
0,0,-0.464569,-0.694694,0.549159
0,0,0.764107,-0.439542,0.472168
0,0,0.0914248,0.994707,0.0469058
0,0,-0.807429,0.587532,0.0535178
0,0,0.695896,0.657645,0.288499
0,0,-0.154372,-0.936381,0.315215
0,0,-0.281843,0.477555,0.832169
0,0,0.244615,0.734999,0.632408
0,0,0.995054,0.0125036,0.0985473
0,0,0.789047,0.302845,0.5345
0,0,-0.694333,-0.697485,0.177245
0,0,-0.863243,0.320507,0.389983
0,0,0.82026,0.0123486,0.571857
0,0,-0.160576,-0.293744,0.9423
0,0,-0.161191,0.985002,0.0615548
0,0,-0.906324,0.18905,0.377937
0,0,-0.0662253,0.146671,0.986966
0,0,-0.865989,0.283541,0.411907
0,0,-0.662397,0.46707,0.585727
0,0,-0.408173,0.909117,0.08307
0,0,-0.753291,-0.457621,0.472372
0,0,-0.126413,-0.380392,0.916145
0,0,-0.626448,-0.255099,0.736537
0,0,-0.407265,-0.738001,0.538043
0,0,0.195072,0.863582,0.464944
0,0,-0.512915,0.338094,0.789057
0,0,0.786422,0.439339,0.434191
0,0,-0.634867,-0.678076,0.370346
0,0,0.435961,-0.832645,0.341526
0,0,0.915303,-0.322924,0.240709
0,0,0.0339894,0.974091,0.223587
0,0,-0.417041,0.897406,0.144012
0,0,-0.520667,0.408088,0.749913
0,0,0.533511,-0.30382,0.789341
0,0,0.906933,0.320753,0.273112
0,0,-0.827416,0.461033,0.320674
0,0,0.457498,-0.640299,0.617019
0,0,-0.650874,0.720603,0.238945
0,0,-0.304545,0.914003,0.268049
0,0,-0.0654198,0.910637,0.407995
0,0,0.842193,-0.521378,0.137388
0,0,0.927478,-0.331185,0.173495
0,0,0.527982,0.0261166,0.848854
0,0,-0.604627,-0.318904,0.729881
0,0,-0.239125,-0.8157,0.526737
0,0,0.685745,-0.0418702,0.726636
0,0,-0.67534,-0.45034,0.584045
0,0,0.429865,0.869556,0.243083
0,0,-0.992899,0.0227244,0.116773
0,0,-0.281307,-0.675354,0.681736
0,0,-0.976842,-0.042109,0.209779
0,0,-0.860106,0.0358497,0.508854
0,0,-0.268069,0.948308,0.169857
0,0,-0.886429,-0.430685,0.169568
0,0,-0.619548,-0.692199,0.370163
0,0,-0.586731,0.216047,0.78043
0,0,-0.564874,0.188803,0.803288
0,0,0.509592,0.54232,0.667986
0,0,0.264399,0.612969,0.744555
0,0,0.912568,-0.0783006,0.401358
0,0,-0.579095,-0.706087,0.407542
0,0,-0.736681,0.601478,0.309071
0,0,-0.450323,-0.829423,0.330556
0,0,-0.532148,-0.792596,0.297675
0,0,0.502693,-0.670233,0.545974
0,0,0.881419,0.379262,0.281534
0,0,0.441189,-0.896425,0.0421282
0,0,0.669624,0.660228,0.340151
0,0,0.832107,0.437775,0.340516
21.9233,34.5554,-0.295812,0.114085,0.948409
24.1985,35.275,-0.0100292,-0.996206,-0.086445
0,0,0.440327,-0.310748,0.842347
0,0,0.225525,0.679813,0.697848
0,0,-0.987823,0.143334,0.0605068
0,0,-0.652137,0.284995,0.702492
0,0,-0.936025,0.111768,0.333715
0,0,0.0851753,0.413206,0.906645
0,0,-0.387006,0.454522,0.80227
0,0,0.107297,-0.989812,0.0935927
0,0,0.299774,0.846218,0.440511
0,0,0.455708,0.871405,0.181614
0,0,-0.347778,0.574832,0.740688
15.0173,20.8889,0.509553,0.85965,0.0368526
0,0,0.455483,0.888162,0.0608514
0,0,-0.831312,-0.555292,0.023898
0,0,0.635327,0.669413,0.385027
0,0,0.985997,-0.0915058,0.139417
0,0,-0.516728,-0.661382,0.543659
0,0,-0.43408,-0.499899,0.74945
0,0,-0.415093,-0.00591925,0.90976
0,0,-0.0343865,-0.998283,0.0474273
0,0,-0.556607,0.792152,0.250367
0,0,-0.135397,-0.739792,0.659071
0,0,0.321333,-0.740147,0.590701
0,0,0.440561,-0.268596,0.856599
0,0,0.177063,0.612876,0.770085
0,0,0.73382,0.678406,0.0356843
0,0,0.0440956,-0.979475,0.196685
0,0,-0.852233,0.510104,0.116158
0,0,-0.459725,-0.636869,0.618911
0,0,0.536908,-0.339826,0.772171
0,0,-0.0844451,0.29838,0.950704
0,0,-0.0131832,-0.508339,0.861056
0,0,-0.380331,0.762967,0.522714
0,0,-0.485243,0.50411,0.714431
0,0,0.441495,-0.57365,0.689933
0,0,0.109791,0.974552,0.195436
0,0,0.721407,-0.204085,0.661757
0,0,0.945858,-0.0937539,0.310746
0,0,0.858072,-0.24424,0.451729
0,0,-0.952589,-0.111408,0.283131
0,0,0.993157,0.107698,0.0451628
0,0,0.00550019,0.974818,0.222935
0,0,-0.428943,-0.893885,0.130295
0,0,-0.772912,0.146739,0.617313
0,0,-0.736374,0.600616,0.311471
0,0,0.709866,0.30055,0.636993
0,0,0.324282,0.832615,0.448992
0,0,0.801358,0.420714,0.425236
0,0,-0.217059,-0.355361,0.909178
0,0,0.937028,-0.124843,0.326179
0,0,-0.124204,0.977297,0.17165
0,0,0.13651,-0.923064,0.359609
0,0,0.772268,-0.626965,0.102554
0,0,0.669814,-0.238711,0.703112
0,0,0.569661,-0.464002,0.678372
0,0,0.614881,-0.74926,0.24603
0,0,0.702546,0.688863,0.178598
0,0,-0.951147,-0.0765404,0.299099
0,0,0.224666,0.967692,0.114444
0,0,0.0933641,0.389482,0.91629
0,0,-0.709953,0.297956,0.638114
0,0,0.433292,0.456137,0.777301
0,0,0.162371,-0.697092,0.698354
0,0,0.409041,-0.818494,0.403426
0,0,0.95605,0.229993,0.181856
0,0,0.328366,-0.938973,0.102494
0,0,0.207539,-0.700421,0.682889
0,0,0.948976,-0.0118041,0.315129
0,0,0.0395406,-0.797944,0.601433
0,0,0.648065,0.644969,0.405003
0,0,0.132208,0.961295,0.24173
0,0,-0.457987,0.842045,0.28497
0,0,0.932772,-0.095812,0.347501
0,0,0.317079,0.404441,0.857839
0,0,-0.300185,0.922382,0.243107
0,0,0.0934551,-0.995307,0.0251099
0,0,0.715443,-0.69778,0.0352693
0,0,0.304912,-0.950113,0.0656776
0,0,0.932367,-0.090324,0.350046
0,0,-0.954911,-0.196068,0.222939
0,0,0.41997,0.905265,0.0641833
0,0,0.238459,-0.968008,0.0780953
0,0,-0.711424,0.125647,0.691439
0,0,0.579765,0.251525,0.774989
0,0,-0.673977,-0.45388,0.58288
0,0,0.362554,0.825143,0.433235
0,0,-0.523108,-0.527499,0.669405
17.7242,22.9304,0.219744,0.786159,-0.577638
0,0,-0.0215528,-0.826838,0.562026
0,0,-0.658281,-0.752112,0.031526
0,0,-0.131016,-0.341475,0.930714
0,0,0.496409,-0.457189,0.73794
0,0,-0.413058,0.53648,0.735916
0,0,-0.358257,-0.452121,0.816846
0,0,0.766998,-0.0748846,0.637264
0,0,0.0487053,-0.679871,0.731712
0,0,0.808534,-0.538308,0.23769
0,0,-0.534719,-0.835403,0.127187
0,0,0.406019,-0.913168,0.0356797
0,0,0.445177,0.579307,0.682804
0,0,0.954131,0.289028,0.078083
0,0,-0.330333,0.943403,0.0295215
0,0,0.710993,-0.193017,0.676191
0,0,-0.750042,-0.619812,0.230802
20.0562,28.5486,0.149941,-0.208157,0.966534
0,0,-0.427152,0.598268,0.67795
0,0,0.817435,-0.132633,0.560544
0,0,-0.596003,-0.569379,0.566205
0,0,-0.471987,-0.257274,0.843231
0,0,0.731434,-0.418614,0.5383
0,0,-0.297547,-0.846455,0.441565
0,0,-0.911042,0.0219238,0.411731
0,0,0.580413,0.360897,0.729982
0,0,-0.923854,-0.286191,0.254144
0,0,-0.752245,0.385001,0.534698
0,0,0.32272,-0.741155,0.588678
0,0,0.0548001,0.928581,0.367062
0,0,-0.902309,-0.312684,0.296762
0,0,0.132806,0.174047,0.975741
0,0,0.386334,0.711466,0.586994
0,0,0.755954,0.654608,0.00462373
0,0,0.651452,-0.390455,0.650503
0,0,0.39357,0.876256,0.27799
0,0,0.956457,-0.248743,0.152697
0,0,0.338052,-0.0562008,0.939448
0,0,0.0759957,-0.0735772,0.99439
0,0,0.425964,-0.77779,0.462166
0,0,-0.44572,0.874276,0.192289
0,0,0.166667,0.984196,0.0598299
0,0,-0.533129,0.00742196,0.846002
0,0,-0.998388,-0.0469943,0.0318413
0,0,-0.487406,0.461972,0.740957
0,0,0.40972,-0.803201,0.432433
0,0,0.153534,0.567037,0.809257
0,0,0.365659,0.930722,0.00711135
0,0,0.180792,-0.755181,0.630092
0,0,-0.0964268,-0.400332,0.911283
0,0,-0.481676,0.0333409,0.875715
0,0,0.237773,-0.907891,0.34525
0,0,0.872587,0.476087,0.109234
0,0,0.557455,-0.682457,0.472754
0,0,0.836251,-0.0685402,0.544047
0,0,0.58261,0.611696,0.535157
0,0,-0.84584,-0.135436,0.515956
0,0,0.853739,-0.517314,0.0592978
0,0,0.782257,-0.551492,0.289709
0,0,-0.915424,0.198886,0.34992
0,0,0.711234,-0.61664,0.337494
0,0,0.521192,-0.329061,0.78745
0,0,-0.191316,0.460513,0.86679
0,0,-0.669312,0.655193,0.350348
0,0,0.95044,0.135631,0.279763
0,0,-0.151742,0.972803,0.175012
0,0,-0.358313,0.855291,0.374285
0,0,0.297858,-0.563805,0.770327
0,0,0.733216,-0.530303,0.425644
0,0,-0.611027,-0.0377229,0.79071
0,0,-0.0572418,0.775018,0.629341
0,0,0.308325,0.925532,0.21983
0,0,0.976323,0.0562708,0.208871
0,0,-0.686472,0.596857,0.415352
0,0,0.764843,0.136376,0.629616
0,0,0.729302,0.238436,0.641301
0,0,0.711145,-0.572239,0.40843
0,0,-0.858,0.513423,0.0152638
0,0,-0.277807,0.553933,0.784845
0,0,-0.588527,-0.112607,0.800597
0,0,0.775991,0.18358,0.603437
0,0,0.184218,0.573026,0.798564
0,0,-0.242542,-0.896694,0.370287
0,0,0.535378,-0.802058,0.264713
0,0,-0.93232,-0.0491806,0.358275
0,0,0.946915,-0.0192214,0.320908
0,0,0.515015,-0.634972,0.575821
0,0,0.0134926,-0.750225,0.661045
0,0,-0.669074,0.400805,0.625856
0,0,0.472181,0.398622,0.786222
0,0,-0.0780494,0.749567,0.657311
0,0,-0.338728,0.934422,0.110085
0,0,-0.275556,-0.345405,0.897087
0,0,0.341272,-0.938453,0.053286
0,0,0.983831,0.16403,0.0719101
0,0,0.128552,0.456383,0.880448
0,0,-0.79068,0.0442134,0.610631
0,0,-0.80298,0.424077,0.418785
0,0,0.806289,-0.584261,0.0923904
0,0,0.521393,-0.666973,0.532256
0,0,-0.844501,0.0469352,0.533493
0,0,0.372741,0.927934,0.00141691
0,0,0.0492726,-0.896218,0.440869
0,0,0.118138,-0.638429,0.76056
0,0,-0.902631,0.184415,0.388905
0,0,0.828018,0.0258638,0.560104
0,0,0.6084,-0.787551,0.098044
0,0,-0.39251,-0.616693,0.682368
0,0,-0.327025,-0.205546,0.922391
0,0,-0.450209,0.415053,0.790597
0,0,-0.0975443,0.289711,0.952131
0,0,0.375497,0.77133,0.51386
0,0,0.904989,0.0415897,0.423396
0,0,0.042982,0.557323,0.829183
0,0,0.586802,0.690107,0.423575
0,0,0.915585,0.389996,0.0980202
0,0,0.719213,0.168342,0.674087
0,0,-0.928474,0.366858,0.0578896
0,0,-0.258317,0.949071,0.180381
0,0,0.0817596,-0.271636,0.958921
0,0,-0.236169,-0.456413,0.857853
0,0,0.714376,0.569955,0.405977
0,0,0.930547,0.183192,0.317052
0,0,-0.635757,-0.707928,0.307653
0,0,0.88292,-0.290296,0.369027
0,0,0.499884,0.521859,0.691216
0,0,0.638419,-0.142422,0.756397
0,0,-0.66379,-0.242636,0.707467
0,0,-0.143895,0.729736,0.668415
0,0,-0.695863,-0.628154,0.348134
0,0,0.146826,-0.832714,0.533881
0,0,0.947988,-0.297284,0.113757
0,0,0.430006,0.572092,0.698431
0,0,0.655703,-0.508217,0.558363
0,0,0.0177903,-0.450803,0.892446
0,0,0.697003,-0.5706,0.434284
0,0,-0.101728,0.840183,0.532676
0,0,0.48372,0.619859,0.617891
0,0,0.585351,0.794242,0.162924
0,0,-0.623526,-0.423029,0.657467
0,0,0.506635,0.257976,0.82266
0,0,-0.480859,0.84076,0.248793
0,0,0.542573,0.00523742,0.839992
0,0,-0.0473238,-0.290816,0.955608
0,0,0.84869,-0.5186,0.10382
0,0,-0.0172577,0.568551,0.822467
0,0,-0.242404,0.727367,0.642011
0,0,0.534949,0.483581,0.692805
0,0,-0.906449,-0.231977,0.352898
0,0,0.38703,-0.776855,0.496693
0,0,-0.465696,0.697777,0.544274
0,0,-0.737747,0.508342,0.444204
0,0,-0.241261,0.593006,0.768204
0,0,0.540198,-0.785689,0.30146
0,0,-0.775562,0.0214646,0.630906
0,0,-0.22046,-0.90767,0.357117
0,0,-0.189796,-0.000344633,0.981824
0,0,-0.673591,-0.0217377,0.738785
0,0,-0.657782,-0.66075,0.36157
0,0,-0.196116,-0.637412,0.745148
0.348336,0.167112,0.0765158,-0.289868,0.954003
0,0,-0.989339,-0.10804,0.0976499
3.32582,5.07694,0.830397,0.439321,0.342693
0,0,-0.50022,0.627851,0.596308
0,0,0.688523,0.0521678,0.723336
0,0,-0.61239,0.691293,0.383527
0,0,-0.752347,-0.436075,0.493774
0,0,0.52733,0.738012,0.421024
0,0,-0.965061,-0.138823,0.222229
0,0,0.30637,-0.580766,0.75422
0,0,-0.772049,0.28341,0.568876
0,0,-0.054472,-0.970052,0.236711
0,0,0.954662,0.192734,0.226878
9.07042,14.1472,-0.0159374,0.386982,0.92195
0,0,-0.61448,-0.405026,0.677029
0,0,0.550525,0.229852,0.802552
0,0,0.492706,0.739276,0.459034
0,0,0.172081,0.540144,0.823791
0,0,0.537529,0.624777,0.566318
0,0,-0.707448,-0.156251,0.689277
0,0,0.276518,-0.450688,0.848775
0,0,-0.382384,-0.232075,0.894385
0,0,0.476624,-0.275283,0.834894
0,0,0.199622,0.938612,0.281349
0,0,0.72618,-0.568691,0.386332
0,0,0.666617,-0.730978,0.145921
0,0,0.0161082,0.998424,0.0537591
0,0,-0.456023,0.217548,0.862969
0,0,0.0687206,-0.966144,0.248685
0,0,-0.903648,0.345588,0.252961
0,0,-0.44968,0.201459,0.870174
0,0,0.810666,-0.501342,0.302452
0,0,0.762554,-0.604837,0.229531
0,0,-0.40524,-0.545327,0.733757
0,0,-0.262179,-0.954846,0.139754
0,0,-0.742969,-0.0475294,0.667636
0,0,0.26625,-0.789551,0.55292
0,0,0.992821,-0.112711,0.0400391
0,0,0.623922,0.184209,0.759465
0,0,-0.722608,-0.644705,0.249386
0,0,-0.686229,-0.595969,0.417027
0,0,0.387427,0.725097,0.569328
0,0,-0.672081,0.68135,0.289945
0,0,0.496036,0.859607,0.122575
0,0,-0.366504,-0.794572,0.484077
0,0,0.691275,-0.709606,0.136371
0,0,0.933735,-0.124333,0.335678
0,0,0.9472,0.0880852,0.308307
0,0,0.997068,0.0315115,0.0697337
0,0,0.75481,0.0580163,0.653372
0,0,0.150268,0.778774,0.609041
0,0,0.189024,0.810429,0.554505
0,0,0.454699,0.785681,0.419468
0,0,0.748157,-0.376967,0.546037
0,0,-0.269896,-0.31724,0.909129
0,0,-0.918053,-0.31398,0.242064
0,0,-0.281772,-0.894644,0.346722
0,0,0.251613,0.160796,0.954377
0,0,-0.181596,-0.0332181,0.982812
0,0,-0.160745,-0.615749,0.771372
0,0,0.880063,0.310285,0.359461
0,0,-0.883051,-0.467413,0.0417919
0,0,0.243551,0.298765,0.922726
0,0,-0.175817,0.307882,0.935038
0,0,0.572513,0.442191,0.690432
0,0,-0.732607,-0.464154,0.497843
0,0,0.387049,-0.763498,0.516975
0,0,0.798602,0.0655287,0.598282
0,0,0.527753,0.805929,0.268246
0,0,0.738097,-0.184132,0.649082
0,0,0.851925,-0.52194,0.0424559
0,0,-0.848543,0.487202,0.206422
0,0,0.834911,-0.530382,0.147029
0,0,0.203066,-0.52691,0.825306
0,0,0.253774,0.861719,0.439362
0,0,0.866309,0.259023,0.427101
0,0,0.649637,0.135499,0.748072
0,0,0.637349,0.326928,0.697785
0,0,0.725847,0.443746,0.525581
0,0,0.228314,0.705333,0.671102
0,0,-0.376184,0.924059,0.0678185
0,0,-0.971383,-0.211255,0.108562
0,0,-0.153615,0.967012,0.203201
0,0,-0.11175,0.989938,0.0867993
0,0,0.207174,0.775309,0.596636
0,0,0.223393,0.957526,0.182318
0,0,-0.128913,0.906903,0.401134
0,0,-0.84001,0.490892,0.231102
0,0,0.0780961,0.804355,0.588995
0,0,-0.0553595,-0.9284,0.367435
0,0,0.452652,-0.82498,0.3384
0,0,-0.35126,-0.481971,0.802696
0,0,0.518993,-0.23367,0.822219
0,0,-0.834837,-0.51626,0.19111
0,0,-0.827547,-0.517886,0.216702
0,0,0.325332,0.928858,0.177147
0,0,0.528816,0.749685,0.397901
0,0,-0.780435,0.59813,0.182107
0,0,0.711663,-0.685142,0.155292
0,0,-0.322366,0.685645,0.652665
0,0,-0.907163,0.0610412,0.416328
0,0,0.0647966,-0.994316,0.0844756
0,0,-0.720768,-0.541452,0.432808
0,0,0.190118,-0.518646,0.833583
0,0,-0.414106,0.900464,0.132969
0,0,0.0810907,-0.486855,0.869711
0,0,-0.52314,-0.836035,0.16544
0,0,0.602937,-0.466683,0.64705
0,0,-0.0773574,-0.996961,0.00918215
0,0,0.067023,0.655577,0.752148
0,0,-0.0214091,-0.182455,0.982981
0,0,-0.459153,-0.0139515,0.888248
13.2447,20.1125,0.374209,-0.0421661,0.926385
0,0,-0.0877181,0.867936,0.488869
0,0,0.727403,0.655722,0.20227
13.4833,20.0207,-0.0880565,-0.352633,0.931609
0,0,0.371413,0.745157,0.55389
0,0,-0.114863,-0.544719,0.830715
0,0,-0.515728,-0.708779,0.481307
13.8049,18.2596,-0.030723,-0.0431204,0.998597
0,0,0.486138,0.733679,0.474747
0,0,-0.162629,0.859164,0.48517
0,0,0.935239,0.122473,0.332159
0,0,0.449901,-0.86167,0.234764
0,0,0.46716,0.620393,0.629979
0,0,-0.785468,0.501985,0.362009
0,0,-0.541182,0.00533809,0.840888
0,0,0.00195109,0.959462,0.281831
0,0,0.844809,-0.419013,0.332756
0,0,0.452916,0.630511,0.630335
0,0,0.529806,-0.334946,0.779177
0,0,0.137171,0.913522,0.382965
0,0,-0.508018,0.554081,0.659479
0,0,-0.347976,0.213168,0.912947
0,0,-0.66556,-0.151438,0.730819
0,0,0.398265,-0.4892,0.77593
0,0,0.0257017,-0.474349,0.879961
0,0,0.172458,-0.505529,0.845399
0,0,0.364232,0.470892,0.80349
0,0,-0.00948954,-0.863266,0.50466
0,0,-0.426109,-0.707245,0.564124
0,0,0.110735,0.418062,0.901644
0,0,-0.10492,-0.605799,0.788669
0,0,-0.426181,0.335688,0.84005
0,0,0.326504,0.685569,0.650685
0,0,0.640146,0.395468,0.658649
0,0,-0.358893,-0.896026,0.261405
0,0,0.260272,0.949647,0.17444
0,0,-0.578511,0.668651,0.467151
0,0,0.475505,-0.278658,0.834413
0,0,0.756527,0.647342,0.0928211
0,0,-0.699704,0.665818,0.259039
0,0,0.128183,0.263277,0.956167
0,0,0.260559,-0.874597,0.408889
0,0,-0.516682,0.855845,0.0238754
0,0,-0.853189,0.143336,0.501521
14.4028,18.9162,0.236012,-0.000899385,0.97175
0,0,-0.0143231,0.95784,0.286945
0,0,-0.463838,-0.872437,0.153974
0,0,0.74238,0.0258776,0.66948
0,0,-0.11348,0.982816,0.145588
0,0,0.715533,-0.695907,0.0610338
0,0,-0.503164,-0.626813,0.594921
0,0,-0.654601,0.394818,0.644683
0,0,-0.455331,0.867323,0.20106
16.0881,23.504,-0.404169,0.555912,-0.726367
0,0,0.0513564,-0.719726,0.692356
0,0,0.863002,-0.333326,0.379632
0,0,0.0236359,-0.937754,0.346495
0,0,0.83629,-0.373507,0.401388
0,0,0.840144,-0.0619543,0.538813
0,0,0.705942,0.681771,0.191923
0,0,0.881289,-0.0732694,0.466863
0,0,0.209021,-0.46042,0.862742
0,0,-0.617205,0.784471,0.0605305
0,0,0.707719,0.289817,0.644313
0,0,0.98488,-0.10395,0.138585
0,0,0.279842,-0.34093,0.897472
0,0,-0.245241,-0.43058,0.868595
0,0,-0.546805,0.206263,0.811455
0,0,0.966034,-0.145223,0.21375
0,0,-0.251925,-0.357786,0.899179
0,0,0.706265,0.686507,0.172912
0,0,0.998675,-0.0510672,0.0062792
0,0,-0.735753,-0.663212,0.13718
0,0,0.983802,-0.119932,0.133231
0,0,0.755134,-0.297674,0.584092
0,0,0.852531,0.25158,0.458146
0,0,0.654111,-0.708863,0.263917
0,0,-0.884592,-0.262557,0.385435
0,0,0.153294,-0.404088,0.901784
0,0,-0.425334,0.274687,0.862344
6.51816,9.30905,0.314601,-0.0285475,0.948795
21.2363,30.7446,-0.16696,-0.617387,0.768737
0,0,-0.811689,-0.538729,0.225681
0,0,-0.522732,0.680462,0.513539
0,0,-0.159195,0.221043,0.962184
0,0,0.485139,0.53527,0.691467
0,0,0.0912127,-0.994284,0.055498
0,0,0.0448337,0.981502,0.186128
0,0,-0.631957,0.76528,0.122379
0,0,-0.742181,-0.58874,0.320238
0,0,-0.23819,0.967289,0.0872824
0,0,0.45842,0.250983,0.85256
0,0,0.300757,-0.256087,0.918675
0,0,-0.396973,0.694282,0.600321
0,0,0.590839,0.583812,0.556842
0,0,0.824196,0.530345,0.198583
0,0,0.71363,-0.693293,0.100386
0,0,0.340925,-0.764248,0.547444
0,0,-0.375324,0.725865,0.576413
0,0,0.382877,-0.797002,0.467111
0,0,0.555069,0.13953,0.820018
19.9858,28.2883,-0.083333,-0.320331,0.943633
0,0,0.015455,0.951644,0.306814
0,0,0.432311,0.780123,0.452233
0,0,-0.623051,-0.354696,0.697135
0,0,0.141677,0.984876,0.0997328
0,0,0.465451,-0.880961,0.0852252
0,0,-0.829982,0.0354874,0.55666
0,0,0.486503,0.872873,0.0375074
0,0,-0.222895,0.957386,0.183656
0,0,0.294145,-0.925666,0.237953
0,0,0.40144,-0.393145,0.827214
0,0,-0.0198042,0.340304,0.940107
0,0,-0.330123,-0.373429,0.866931
0,0,-0.847935,-0.527952,0.0476806
0,0,0.310631,-0.50847,0.803098
0,0,-0.207148,-0.937139,0.280822
0,0,0.438772,-0.850827,0.289091
0,0,0.788519,0.581087,0.201435
0,0,0.76869,-0.509169,0.387122
0,0,-0.334658,-0.424268,0.841428
0,0,0.701591,0.438602,0.561604
0,0,0.662406,0.0194929,0.748892
0,0,-0.690247,0.723456,0.0130719
0,0,0.824077,-0.159755,0.543485
0,0,0.546448,0.238936,0.802686
0,0,-0.959983,-0.236531,0.149954
0,0,-0.463977,-0.715384,0.522447
0,0,-0.291745,0.163783,0.942369
0,0,0.326009,0.938656,0.112445
0,0,-0.280257,-0.618364,0.734222
4.54047,6.76153,0.512576,0.553758,0.656214
0,0,-0.289798,0.956798,0.0235455
0,0,0.836734,0.320872,0.443755
0,0,0.0365211,-0.030659,0.998862
0,0,0.082796,-0.875517,0.476041
0,0,0.63199,0.67812,0.375156
0,0,0.721659,0.506429,0.47195
0,0,0.456937,0.884296,0.0960719
0,0,0.0963276,0.678613,0.728152
0,0,0.744512,-0.35756,0.563784
0,0,-0.253163,0.338158,0.906398
0,0,0.356601,-0.44758,0.820066
0,0,-0.375677,0.924802,0.0600622
0,0,0.925113,0.233624,0.299309
0,0,0.784949,-0.616437,0.0621386
0,0,-0.754537,0.426687,0.498609
0,0,0.794103,-0.524166,0.307654
0,0,0.173456,0.22109,0.959704
0,0,0.206259,0.698262,0.685483
0,0,-0.588356,0.805467,0.0711366
0,0,-0.445766,0.53298,0.719183
0,0,0.841582,0.530094,0.103631
0,0,0.405943,0.71761,0.565902
0,0,-0.0726641,0.715884,0.694428
0,0,0.617919,0.0481191,0.784768
0,0,-0.857958,0.316575,0.404584
0,0,-0.561886,0.412106,0.717254
0,0,-0.950747,0.214012,0.224229
0,0,0.168392,-0.584292,0.793881
0,0,-0.502169,0.237827,0.831423
0,0,-0.353735,-0.925759,0.133572
0,0,-0.485708,-0.174237,0.85658
0,0,-0.20203,-0.675124,0.709501
0,0,0.750352,-0.649365,0.123685
0,0,-0.774682,-0.0312714,0.631577
0,0,0.143695,-0.859786,0.49002
0,0,0.762274,-0.601485,0.239071
0,0,-0.859093,0.220127,0.462064
0,0,-0.719099,-0.000431036,0.694908
0,0,-0.338115,0.357325,0.87063
0,0,0.322893,-0.916589,0.235807
0,0,-0.912435,0.237385,0.333332
0,0,-0.567799,0.275614,0.775656
0,0,0.891179,-0.30778,0.333273
0,0,-0.318623,-0.53289,0.783905
0,0,-0.510373,-0.69269,0.509609
0,0,-0.923323,0.126805,0.362484
0,0,0.261741,-0.339085,0.903611
0,0,0.988814,-0.103998,0.106913
0,0,0.570996,0.747784,0.338795
0,0,0.547489,-0.622469,0.559275
0,0,0.846796,0.245292,0.471982
0,0,0.209122,0.799676,0.562838
0,0,-0.31123,-0.115892,0.943242
0,0,-0.184746,0.236026,0.954024
0,0,-0.894422,-0.272015,0.354988
0,0,-0.437824,0.609608,0.660824
21.0786,31.3763,-0.326774,0.584185,0.742931
0,0,0.988831,0.14863,0.0110889
0,0,0.133038,0.634806,0.761132
0,0,-0.76999,0.460336,0.441822
0,0,-0.493414,-0.779661,0.385579
0,0,-0.075708,0.953848,0.290589
0,0,-0.308685,0.713369,0.629141
0,0,-0.202442,0.956187,0.21148
0,0,-0.00925612,0.106995,0.994216
0,0,0.449717,0.880607,0.149283
0,0,0.917322,0.284579,0.278452
0,0,-0.166128,0.231431,0.958562
0,0,0.421213,0.899447,0.116513
0,0,0.773728,0.622191,0.119261
0,0,0.16575,-0.985329,0.0406576
0,0,-0.566229,-0.293569,0.770196
0,0,-0.966862,0.19097,0.169436
0,0,-0.947761,0.24776,0.200907
0,0,0.509832,0.746426,0.427692
0,0,0.992128,0.0349392,0.120256
0,0,0.226595,-0.42072,0.878435
0,0,-0.220995,-0.968761,0.112532
0,0,-0.321594,-0.43927,0.83882
8.61434,13.0331,-0.455116,-0.0955989,0.885286
0,0,-0.113214,-0.94021,0.321229
0,0,-0.122521,-0.638772,0.759579
0,0,-0.523713,0.321211,0.789017
0,0,-0.316639,0.71004,0.628954
0,0,-0.691636,-0.551427,-0.466442
0,0,-0.452619,0.62561,0.635412
0,0,0.301126,0.349924,0.88706
22.4953,31.357,-0.152485,0.0148403,0.988194
0,0,-0.836352,0.286941,0.467098
0,0,0.763396,-0.645745,0.015487
0,0,0.169892,-0.32275,0.931112
0,0,0.078129,0.746545,0.660732
0,0,0.865669,-0.106477,0.489162
0,0,0.543352,-0.826582,0.146735
0,0,-0.688377,-0.404802,0.60189
0,0,0.847994,0.00590564,0.529973
0,0,0.915929,0.368028,0.16009
0,0,-0.0319398,-0.980868,0.192034
0,0,0.401045,0.583678,0.706033
0,0,-0.204728,-0.967785,0.146555
0,0,-0.658449,-0.60263,0.450867
0,0,0.211595,-0.155686,0.964878
0,0,0.726059,-0.684315,0.0674605
0,0,0.776817,-0.567162,0.273648
0,0,-0.13629,0.989968,0.0372494
0,0,0.205797,-0.602587,0.771062
0,0,-0.509954,0.115983,0.852347
0,0,0.188896,0.335328,0.92297
0,0,-0.240395,-0.837195,0.491238
0,0,-0.916857,-0.399074,0.0106378
12.7229,20.4586,-0.648606,-0.716509,0.25676
0,0,-0.922578,-0.211225,0.322853
0,0,-0.968861,-0.241254,0.0557136
20.9167,30.7052,-0.883884,-0.211101,-0.417355
0,0,0.542705,-0.642711,0.540734
0,0,-0.502572,0.202828,0.840406
0,0,-0.291117,0.357597,0.887342
0,0,-0.335482,0.795485,0.504634
0,0,0.493935,0.844201,0.208214
0,0,0.715309,0.698214,0.0288162
0,0,-0.647023,-0.347408,0.678726
0,0,0.932215,-0.194093,0.305456
0,0,0.148989,0.893847,0.422894
0,0,-0.564973,0.79957,0.203697
0,0,0.0998226,0.907549,0.407909
0,0,-0.573837,0.000645748,0.818969
0,0,0.224721,-0.957881,0.178788
0,0,-0.755785,-0.642574,0.126045
0,0,0.840919,-0.317147,0.43849
0,0,-0.493595,0.722366,0.484306
0,0,-0.481907,-0.205354,0.851819
0,0,-0.0720486,-0.9319,0.355488
0,0,0.329449,-0.639871,0.694283
0,0,-0.386235,-0.501386,0.774231
0,0,0.0724736,-0.370632,0.925948
0,0,0.723462,-0.347269,0.596663
0,0,-0.966663,-0.238266,0.0937685
0,0,-0.269406,-0.316194,0.909638
0,0,0.625056,0.134996,0.768818
0,0,0.662401,0.675255,0.324431
0,0,0.833254,-0.338197,0.437391
0,0,-0.641739,0.232866,0.730715
0,0,-0.53497,0.660015,0.527435
0,0,0.883396,-0.468066,0.0229518
0,0,-0.509742,0.801709,0.312131
0,0,-0.854844,0.322658,0.406366
0,0,-0.00807698,0.362955,0.931771
0,0,-0.557912,-0.52002,0.646771
0,0,0.61036,-0.378489,0.695849
0,0,0.33279,-0.877246,0.345962
0,0,-0.886255,-0.251715,0.388834
0,0,-0.350769,0.6859,0.637575
0,0,-0.827221,0.557832,0.0673058
0,0,0.107197,-0.434038,0.894494
0,0,-0.41754,0.904294,0.0889552
0,0,-0.824592,-0.428426,0.369459
0,0,0.333645,0.816429,0.4713
0,0,0.728309,0.40341,0.55392
0,0,-0.182906,-0.215738,0.959168
0,0,0.258976,-0.0933981,0.961357
0,0,0.939172,0.34162,0.0353774
0,0,0.276449,0.960177,0.040453
16.1326,24.9532,-0.736718,0.645698,0.2008
0,0,-0.566877,-0.455864,0.686176
0,0,-0.160287,-0.849125,0.503284
0,0,-0.999344,-0.0273447,0.0237582
0,0,0.646673,0.736499,0.198452
0,0,0.929936,-0.111927,0.350274
0,0,0.16937,-0.905138,0.389921
0,0,-0.469397,0.0722604,0.880025
0,0,-0.669871,0.546436,0.502674
0,0,0.686835,0.0394644,0.725741
0,0,0.586112,0.177769,0.790488
0,0,-0.919062,0.313783,0.238465
0,0,0.095552,0.981179,0.167803
0,0,-0.465949,-0.0781173,0.881357
0,0,0.482028,0.819895,0.308902
0,0,-0.610568,0.407571,0.679038
24.1726,33.076,0.336387,-0.117177,-0.934405
0,0,-0.0448017,0.827701,0.559378
0,0,0.699931,0.437956,0.564173
0,0,-0.514587,0.470384,0.716896
0,0,-0.166261,-0.668876,0.724543
0,0,-0.843264,-0.452533,0.290035
0,0,-0.558319,0.806118,0.196096
0,0,-0.00676308,0.544081,0.839006
0,0,-0.341883,-0.675607,0.6532
0,0,-0.427318,0.903402,0.035567
0,0,-0.401681,0.797522,0.450123
0,0,-0.633167,0.429283,0.644061
0,0,0.843193,-0.0485447,0.535414
0,0,0.972641,0.160155,0.168286
0,0,-0.0645609,0.84165,0.536151
0,0,0.545323,-0.686615,0.480815
0,0,-0.732189,-0.621578,0.27846
0,0,-0.216814,0.756751,0.6167
0,0,0.336922,-0.903474,0.264986
0,0,-0.68827,-0.53877,0.48581
0,0,0.94374,-0.121402,0.307596
0,0,-0.823341,0.4985,0.271308
0,0,-0.417188,-0.819565,0.392768
0,0,-0.285253,0.622324,0.728933
0,0,0.0130113,-0.567434,0.823316
0,0,-0.666374,-0.570682,0.479862
0,0,-0.810586,0.565894,0.150713
0,0,-0.372731,0.132757,0.918394
0,0,0.913136,0.239659,0.329768
0,0,0.929287,0.365139,0.0556697
0,0,-0.336141,0.482424,0.808874
0,0,0.990731,0.0421534,0.129132
0,0,0.168711,0.484177,0.858551
0,0,0.357797,0.688912,0.630382
0,0,-0.589982,0.802885,0.0854277
0,0,-0.127808,-0.344276,0.930129
0,0,-0.566187,-0.620971,0.542058
0,0,-0.459328,-0.857487,0.231804
0,0,0.0249173,0.843812,0.53606
0,0,0.645205,-0.423968,0.63558
0,0,0.296255,0.468975,0.832043
0,0,0.0694312,0.357662,0.931267
0,0,0.789017,0.488081,0.373135
0,0,-0.598708,0.311556,0.737889
0,0,-0.0329747,0.7935,0.607677
0,0,-0.237103,-0.967619,0.0865811
0,0,-0.457783,0.0585939,0.887131
0,0,0.940098,-0.338022,0.0442253
0,0,0.647009,-0.191383,0.738073
0,0,-0.354035,-0.453246,0.818063
0,0,-0.297266,-0.93314,0.202196
0,0,0.00223076,0.533957,0.845509
0,0,-0.777474,-0.314505,0.544629
0,0,0.878936,0.248882,0.406854
0,0,-0.167995,0.0181981,0.98562
0,0,0.431446,0.8868,0.165647
0,0,-0.432869,-0.87178,0.229399
0,0,-0.230572,0.927334,0.294769
0,0,-0.644853,-0.173766,0.744292
0,0,-0.977439,0.204344,0.0534529
0,0,-0.859162,0.261499,0.439839
0,0,-0.914554,0.352771,0.19785
0,0,0.439376,0.429779,0.788821
0,0,0.56409,0.692725,0.449372
0,0,-0.213786,-0.752671,0.622722
0,0,0.654629,0.357041,0.66632
12.0522,16.4657,-0.149627,-0.698055,0.700237
0,0,0.219738,0.249892,0.943011
0,0,-0.694948,0.624469,0.35649
0,0,-0.858038,0.171453,0.484123
0,0,0.0644588,0.959225,0.275195
0,0,-0.859389,-0.439,0.262162
0,0,0.882803,-0.468251,0.03741
10.0258,16.3422,-0.365602,0.239605,0.899402
0,0,-0.155932,0.762434,0.627997
0,0,-0.501435,-0.477664,0.721388
0,0,0.773427,0.629147,0.0773658
0,0,0.16568,0.790992,0.588967
0,0,-0.671572,0.629275,0.391157
0,0,-0.513616,-0.557667,0.652078
0,0,0.693084,-0.419944,0.585903
0,0,0.367063,0.0806501,0.926693
0,0,0.225054,-0.814018,0.535468
0,0,0.408736,0.505139,0.760112
0,0,-0.766782,0.640971,0.0346469
0,0,0.351672,-0.746146,0.565326
0,0,-0.402342,-0.65953,0.634934
0,0,0.670608,-0.526255,0.52282
0,0,0.131697,-0.958344,0.253441
0,0,-0.180798,0.878872,0.44147
0,0,-0.722761,-0.403492,0.56108
0,0,-0.985074,-0.171797,0.0107499
0,0,-0.217143,0.94043,0.26161
0,0,0.984312,-0.137128,0.111018
0,0,-0.277765,-0.544263,0.791596
0,0,-0.193157,-0.980252,0.0423762
0,0,-0.109789,0.495933,0.861392
0,0,0.325348,-0.912148,0.249269
0,0,-0.953058,-0.0501829,0.298601
0,0,0.36841,-0.318206,0.873509
0,0,0.636277,-0.675952,0.371808
0,0,-0.0833694,-0.847421,0.524336
0,0,-0.308195,0.344065,0.886925
0,0,0.83238,0.505227,0.227793
0,0,-0.0305414,-0.216059,0.975902
0,0,0.528617,-0.843126,0.0985046
0,0,0.0132238,0.93613,0.351405
0,0,0.846397,0.478874,0.233007
0,0,0.273594,-0.163419,0.947861
0,0,0.492739,-0.758667,0.426184
0,0,0.943866,0.190612,0.269784
0,0,-0.610059,0.221522,0.76076
0,0,0.568293,-0.584186,0.579457
0,0,0.775184,-0.625475,0.0887178
0,0,0.877779,0.370781,0.303358
0,0,0.926551,0.172821,0.334119
0,0,0.0150849,0.92387,0.38241
0,0,-0.557121,-0.30191,0.773606
0,0,0.18818,-0.20646,0.960189
0,0,-0.231491,0.415447,0.879668
0,0,-0.0980546,-0.280936,0.954704
0,0,0.602328,0.504776,0.618387
0,0,-0.855674,0.365619,0.366257
0,0,-0.849789,0.527035,0.0096299
0,0,0.818115,-0.473961,0.325651
0,0,-0.492344,-0.180999,0.851373
0,0,-0.909569,0.0671096,0.410099
0,0,-0.980905,0.101075,0.166162
0,0,0.689627,0.580336,0.433158
0,0,0.770301,-0.0873904,0.631664
0,0,0.703974,0.137213,0.696845
0,0,0.176591,-0.355385,0.917887
0,0,-0.616949,-0.660027,0.428648
0,0,0.556197,-0.515268,0.65203
0,0,-0.122003,-0.702565,0.701084
0,0,-0.588494,0.118521,0.799767
0,0,-0.357951,0.128786,0.924816
0,0,0.94902,0.309547,0.0595159
0,0,0.83713,-0.412421,0.359337
0,0,-0.437579,-0.690279,0.576229
0,0,0.567316,-0.127648,0.813547
0,0,0.71161,-0.432072,0.554009
16.2385,25.2024,0.819298,-0.307162,0.484151
0,0,-0.882179,-0.4201,0.212783
0,0,-0.868664,0.276609,0.410988
0,0,0.510561,-0.711052,0.483458
0,0,0.291294,-0.321805,0.900882
0,0,0.408031,0.853555,0.323969
0,0,-0.0628377,0.921962,0.38215
0,0,-0.856365,-0.160093,0.490926
0,0,-0.382767,0.140626,0.91308
0,0,0.576064,-0.817379,0.00653458
0,0,-0.0462619,0.237916,0.970183
0,0,0.491603,-0.851055,0.18448
0,0,0.474066,0.871791,0.123462
0,0,-0.170647,0.383204,0.907763
0,0,-0.989198,-0.127729,0.0719189
21.1634,32.652,0.897093,-0.270062,0.349701
0,0,-0.0681609,-0.752102,0.655513
0,0,-0.369486,-0.430278,0.823615
0,0,0.678272,0.456658,0.575682
0,0,-0.540762,0.329497,0.773956
0,0,0.312542,-0.656894,0.686154
0,0,0.166154,-0.985161,0.0430203
0,0,-0.9398,0.253891,0.228727
0,0,0.9712,0.150224,0.184941
0,0,-0.960323,0.264968,0.0870196
0,0,0.23954,0.798898,0.551708
0,0,0.850491,0.411723,0.327336
0,0,-0.776855,0.252116,0.577004
0,0,0.67801,-0.679836,0.27951
0,0,-0.974124,-0.216286,0.0655921
0,0,-0.51921,0.300211,0.800184
0,0,0.112947,0.268876,0.95653
0,0,-0.935079,-0.0544016,0.35024
0,0,-0.809693,0.296673,0.506343
0,0,0.50141,0.844991,0.18595
0,0,0.287494,0.929133,0.232507
0,0,-0.0831424,0.550311,0.83081
0,0,0.110104,0.988028,0.108063
0,0,0.0021325,-0.78541,0.618972
0,0,-0.244545,-0.953323,0.177122
0,0,-0.477708,-0.799362,0.364438
0,0,0.329534,-0.0973347,0.939113
0,0,-0.734057,-0.0751196,0.67492
0,0,0.86571,0.331024,0.375458
0,0,-0.185509,-0.0105629,0.982586
0,0,-0.427403,-0.764689,0.482262
0,0,0.0568595,-0.700966,0.710924
0,0,0.737636,-0.59204,0.324627
0,0,0.101223,-0.990647,0.0914956
0,0,0.514678,-0.402027,0.757285
0,0,0.210357,-0.960876,0.180189
0,0,-0.0943443,-0.995533,0.00364031
0,0,0.625209,0.292177,0.723703
0,0,-0.030002,0.404671,0.91397
0,0,-0.506814,0.857199,0.0913737
0,0,0.803604,0.432392,0.408971
0,0,0.786738,0.616099,0.0382794
0,0,0.409341,-0.219263,0.885643
0,0,0.365467,0.929979,0.0396443
0,0,-0.186463,0.857308,0.479849
0,0,-0.757708,-0.646396,0.0897288
0,0,-0.408244,0.482703,0.774813
0,0,0.456138,0.879143,0.138007
0,0,0.79444,-0.598099,0.105557
0,0,0.0684117,0.251889,0.965335
0,0,0.0471888,-0.569112,0.820905
0,0,0.920492,-0.33076,0.208068
0,0,0.787143,0.51536,0.338836
18.1614,26.7425,-0.45755,-0.208739,0.864336
0,0,0.137319,-0.330449,0.933781
0,0,-0.042507,-0.757988,0.650882
0,0,-0.103319,-0.721435,0.684731
0,0,0.160843,0.864801,0.475657
0,0,-0.55519,0.71214,0.429675
0,0,0.213781,0.696024,0.685455
0,0,0.65425,0.528773,0.5407
0,0,-0.97475,-0.160112,0.155649
0,0,0.485976,-0.722566,0.491655
0,0,0.277684,-0.889342,0.363267
0,0,0.46028,0.145483,0.875772
0,0,0.688,0.167707,0.706067
23.978,36.0443,0.974087,-0.143137,-0.175118
0,0,-0.913817,-0.240814,0.327028
0,0,0.303185,0.872685,0.382753
0,0,0.0531632,0.993641,0.0992548
0,0,0.178527,0.982789,0.0474694
0,0,-0.254642,-0.452366,0.854706
0,0,0.544662,-0.749976,0.375338
0,0,-0.301124,-0.231567,0.925041
0,0,0.6611,-0.718181,0.21717
0,0,-0.625742,-0.580738,0.52076
0,0,0.0747848,0.844445,0.530395
0,0,-0.552393,-0.398834,0.731979
0,0,0.221621,-0.779145,0.58636
0,0,-0.109279,0.989819,0.0911979
24.0047,31.776,-0.237164,-0.797019,0.55544
0,0,0.455207,0.86178,0.22388
0,0,0.849753,-0.525762,0.0386598
0,0,-0.596219,0.584409,0.550445
0,0,0.117078,-0.52545,0.842731
0,0,0.100004,0.991483,0.0834276
0,0,-0.44286,-0.578968,0.684596
0,0,-0.4296,0.607993,0.667674
0,0,0.26977,0.891038,0.36507
0,0,0.820654,-0.350502,0.451305
0,0,0.906028,-0.202969,0.371371
0,0,0.239617,-0.908739,0.341727
0,0,-0.131277,0.988178,0.0791858
0,0,0.447003,-0.509389,0.73533
0,0,0.550235,0.338411,0.763361
0,0,-0.991729,-0.00909606,0.128026
0,0,-0.50881,-0.857478,0.0764495
0,0,0.584425,-0.802641,0.119227
0,0,-0.377512,-0.37575,0.846343
0,0,0.990088,0.022332,0.138659
0,0,0.81811,-0.565704,0.103318
0,0,0.205259,-0.977989,0.0374932
0,0,0.0471786,-0.385861,0.92135
0,0,-0.0155899,-0.99239,0.122147
0,0,0.1903,0.378056,0.906013
0,0,-0.115405,-0.0576351,0.991645
0,0,0.298795,-0.750671,0.589249
0,0,0.59909,-0.0949593,0.79503
0,0,-0.558512,0.739269,0.376225
0,0,-0.576303,-0.710746,0.403379
0,0,-0.0507079,-0.772194,0.633361
0,0,0.743017,-0.666852,0.0568712
0,0,-0.191984,0.563269,0.803661
0,0,0.883871,0.241964,0.400282
0,0,0.110139,0.808999,0.5774
0,0,-0.33534,0.668647,0.66367
0,0,0.391685,-0.874136,0.287176
8.99601,14.3854,0.198336,-0.68368,-0.702314
0,0,-0.317572,0.945667,0.0697221
0,0,0.582778,0.498908,0.641452
0,0,0.706811,0.705034,0.0578339
0,0,0.637141,0.268285,0.722547
0,0,-0.630185,-0.767965,0.11444
0,0,-0.440073,0.279561,0.853336
0,0,-0.3167,0.945044,0.0811951
0,0,-0.28312,-0.637969,0.716128
0,0,0.691437,0.637138,0.340543
0,0,-0.403775,-0.170247,0.898878
0,0,-0.0142157,-0.518894,0.854721
0,0,-0.35117,0.914006,0.203156
0,0,-0.924685,0.265438,0.272946
0,0,-0.46705,0.439105,0.767497
0,0,0.364824,0.481117,0.797138
0,0,-0.135989,0.944937,0.297659
0,0,0.675855,-0.554561,0.485471
0,0,-0.934052,-0.315073,0.168154
0,0,-0.952038,-0.149516,0.266963
0,0,-0.650047,-0.332057,0.683504
0,0,-0.79407,-0.607194,0.0277036
0,0,0.900916,-0.243839,0.359017
0,0,-0.302067,0.939262,0.162917
0,0,0.621368,-0.772143,0.133033
0,0,0.67111,-0.540613,0.507295
0,0,-0.629711,-0.383963,0.675305
0,0,-0.751255,0.523399,0.402082
0,0,-0.162965,0.882826,0.440523
0,0,-0.249759,0.968306,0.00205622
0,0,0.979029,-0.107679,0.172936
0,0,0.709076,0.00687855,0.705099
0,0,-0.43008,-0.841621,0.326658
0,0,-0.177007,0.975099,0.133606
0,0,-0.76656,0.468898,0.438771
0,0,-0.0365065,-0.802351,0.595735
0,0,-0.273929,0.553797,0.786303
0,0,-0.904382,0.281624,0.320596
0,0,-0.44308,-0.461879,0.768341
0,0,0.685214,0.268678,0.676974
0,0,0.528317,0.404394,0.746556
0,0,-0.200006,-0.72075,0.663715
0,0,-0.892898,0.439622,0.0972898
0,0,-0.887858,-0.281537,0.363931
0,0,0.00997922,0.394191,0.918974
0,0,-0.417489,-0.285744,0.862585
0,0,0.425954,-0.382483,0.819921
0,0,0.380118,-0.48801,0.78572
16.8185,24.209,-0.125734,-0.641383,0.756848
0,0,0.429816,-0.396534,0.811184
0,0,0.487882,-0.841152,0.233311
0,0,-0.757105,-0.44703,0.476398
0,0,0.921784,0.0933654,0.376294
0,0,-0.993763,-0.0339961,0.106204
0,0,0.962392,0.144176,0.230248
0,0,0.850623,-0.142479,0.506103
0,0,0.820519,0.562611,0.101077
0,0,0.186263,0.845286,0.500797
0,0,0.436544,-0.575274,0.691729
0,0,0.470021,0.699237,0.538653
0,0,-0.724496,-0.188378,0.663038
0,0,0.25267,0.525187,0.812611
0,0,0.123122,0.645649,0.753643
0,0,0.10995,-0.768502,0.63033
0,0,-0.27059,0.960001,0.0719614
0,0,0.0402597,-0.8674,0.495981
0,0,0.489368,0.651005,0.580268
0,0,-0.0636646,0.670418,0.739247
0,0,0.886474,0.215394,0.409596
0,0,0.037904,0.893672,0.447117
0,0,-0.387539,0.38086,0.8395
0,0,-0.437226,0.658437,0.612613
0,0,-0.760139,-0.549768,0.346328
0,0,0.213832,-0.89621,0.388695
0,0,-0.863513,-0.0264295,0.503634
0,0,0.0307438,-0.99923,0.0243963
0,0,0.0516694,0.996805,0.0609138
0,0,0.912772,0.357712,0.197204
0,0,-0.298794,0.776465,0.55482
0,0,-0.372238,0.560083,0.740099
0,0,-0.484962,-0.188777,0.853917
0,0,0.861109,-0.0970831,0.499065
0,0,-0.231793,0.867961,0.439222
0,0,-0.847871,-0.496951,0.18481
0,0,-0.0907248,-0.924698,0.369733
0,0,0.823335,0.474322,0.31167
0,0,0.920622,0.386721,0.0538613
0,0,-0.960939,0.00371647,0.276737
0,0,0.355154,-0.875274,0.32827
0,0,-0.674753,0.564798,0.475091
0,0,0.587463,-0.481411,0.650485
0,0,0.0789715,0.944364,0.319279
0,0,-0.0122223,0.993287,0.115026
0,0,-0.894159,-0.133041,0.427527
0,0,0.453498,0.41688,0.78775
0,0,-0.50256,-0.697452,0.510875
0,0,0.124411,0.679295,0.723243
0,0,-0.315706,0.587403,0.745176
0,0,0.851572,-0.0602828,0.520761
0,0,-0.768156,-0.508163,0.389494
0,0,-0.357312,0.84889,0.389506
0,0,-0.735542,-0.657533,0.163181
0,0,0.96431,-0.263773,0.0230069
0,0,0.381018,-0.0762015,0.921422
0,0,-0.61811,0.021097,0.785808
0,0,-0.21286,-0.97365,0.0818337
0,0,0.270552,0.872831,0.406163
0,0,0.790539,-0.477495,0.383465
0,0,-0.96928,-0.11483,0.217508
0,0,0.872486,0.0160691,0.488374
0,0,-0.518124,0.557661,0.648507
0,0,-0.872432,0.320391,0.369068
0,0,-0.2835,-0.935827,0.209417
0,0,0.516263,-0.844769,0.140844
0,0,0.680916,0.732332,0.00651255
0,0,0.319945,0.752796,0.575267
0,0,-0.536165,0.803564,0.258478
0,0,0.794817,0.291305,0.53236
0,0,0.944347,-0.299863,0.135243
0,0,-0.199922,-0.851388,0.484942
0,0,-0.717287,-0.355088,0.599509
0,0,0.106173,-0.991767,0.0715877
0,0,0.205865,0.469198,0.858762
0,0,-0.398097,-0.143506,0.906049
0,0,-0.938285,0.345119,0.0226608
0,0,-0.94388,0.206359,0.25789
0,0,-0.354716,-0.905143,0.234291
0,0,0.0367674,-0.969113,0.24386
0,0,0.257486,-0.67983,0.686682
0,0,-0.247818,0.900845,0.35646
0,0,-0.404497,-0.0109922,0.914473
0,0,0.940616,-0.0558265,0.334852
0,0,0.0521469,0.946994,0.316991
0,0,0.470537,0.874636,0.116648
0,0,0.491947,0.755161,0.433267
0,0,0.716428,0.682401,0.145119
0,0,0.0669699,0.258308,0.963739
0,0,-0.534167,0.215493,0.817452
0,0,0.388901,0.0993884,0.915903
0,0,-0.300808,0.852479,0.427546
0,0,-0.483032,0.728683,0.485491
0,0,-0.547601,-0.599555,0.583667
0,0,-0.985974,-0.0457838,0.160497
0,0,0.393562,-0.0992012,0.91393
0,0,-0.180441,0.967474,0.177297
0,0,0.966654,-0.0553082,0.250044
0,0,-0.246116,0.968626,0.0344912
0,0,-0.689817,0.561614,0.456882
0,0,-0.88876,0.357029,0.287465
0,0,0.28907,0.92374,0.251282
0,0,-0.865611,0.381304,0.324539
0,0,0.0902192,-0.864605,0.494286
0,0,0.470853,-0.683207,0.558144
0,0,0.777781,-0.341955,0.527375
0,0,0.766496,-0.62583,0.144293
0,0,0.138416,0.929348,0.342277
0,0,0.641215,-0.295542,0.708165
0,0,0.788271,-0.00502893,0.615308
0,0,0.706458,-0.51316,0.487426
0,0,-0.890727,-0.239559,0.386285
0,0,0.311046,0.050272,0.949064
0,0,0.840327,-0.535719,0.0828045
0,0,-0.515479,0.316343,0.796372
0,0,-0.258139,0.405681,0.876805
0,0,0.341138,-0.0669388,0.937627
0,0,-0.219176,0.96348,0.153846
0,0,0.459434,0.139724,0.877153
0,0,0.848816,-0.526741,0.045344
0,0,-0.371573,-0.206313,0.90519
0,0,0.545134,0.559049,0.624734
0,0,-0.327369,0.399747,0.856173
0,0,-0.462038,-0.875094,0.143982
0,0,0.678054,-0.279878,0.67964
0,0,-0.0337551,0.951155,0.306861
11.9137,14.149,0.0978607,0.29673,0.949934
0,0,-0.515772,-0.842227,0.156948
0,0,0.458554,0.520133,0.720549
13.9991,20.8752,0.14127,-0.291701,0.94602
0,0,0.298463,-0.535342,0.790145
0,0,-0.740269,-0.623212,0.25221
0,0,0.737663,0.669438,0.0877889
0,0,0.206995,-0.721129,0.661155
0,0,0.114211,0.976,0.185416
0,0,-0.958515,0.109295,0.263255
0,0,-0.736205,0.209877,0.643392
0,0,0.0407354,-0.603391,0.796404
0,0,0.0672556,0.56932,0.819361
0,0,0.919066,0.0383876,0.392231
0,0,0.019751,-0.746576,0.665007
0,0,0.893457,0.251383,0.372211
0,0,-0.655269,0.310163,0.688782
0,0,-0.897269,-0.120885,0.424611
0,0,0.533825,0.397023,0.746595
0,0,0.208294,0.934412,0.288942
0,0,0.099709,0.485378,0.8686
0,0,-0.0190028,-0.828546,0.559598
0,0,0.114545,0.689249,0.715413
0,0,-0.316961,0.937419,0.144159
0,0,-0.221507,0.828491,0.514333
0,0,-0.997891,-0.00255362,0.0648648
0,0,0.839142,0.0286027,0.54316
0,0,-0.58946,0.023145,0.807466
0,0,-0.671446,0.261976,0.693202
0,0,0.137821,0.984063,0.112363
0,0,-0.747836,-0.598782,0.286707
0,0,-0.445176,0.556575,0.701458
0,0,-0.577536,-0.203639,0.790559
0,0,-0.994163,0.0750816,0.077475
0,0,0.493017,-0.156916,0.855752
0,0,0.656331,-0.342265,0.672373
0,0,-0.6884,0.579298,0.436484
0,0,0.691408,0.377331,0.616098
0,0,0.441592,-0.878296,0.183282
0,0,-0.10882,0.426707,0.897819
22.4567,34.0211,-0.135537,0.108234,0.984843
0,0,-0.913138,-0.235333,0.332863
0,0,-0.224545,-0.418233,0.880148
0,0,0.732656,-0.297478,0.612145
0,0,0.82279,0.307312,0.478097
0,0,-0.317512,-0.718903,0.618356
21.1375,29.3914,0.00339141,0.298384,0.95444
0,0,-0.786524,0.354673,0.505556
0,0,-0.0799497,0.98034,0.180392
0,0,0.589443,0.788918,0.173683
0,0,0.856754,0.401066,0.324218
0,0,-0.0202335,0.684604,0.728634
0,0,0.137932,0.524796,0.839978
0,0,-0.656914,-0.543962,0.522081
0,0,0.709382,-0.620506,0.33429
0,0,-0.884705,-0.434696,0.168336
0,0,0.436078,-0.371858,0.819486
0,0,-0.638794,-0.670259,0.377749
0,0,0.730088,-0.443349,0.520013
0,0,-0.498582,-0.194639,0.844708
0,0,-0.963452,0.211788,0.164032
0,0,-0.726778,-0.363065,0.583075
0,0,0.81597,-0.546515,0.188453
0,0,0.954399,0.0902113,0.284578
0,0,0.405057,0.89496,0.187016
0,0,-0.605911,0.0469813,0.794144
0,0,-0.330665,0.563629,0.756956
0,0,0.5017,0.422552,0.754816
0,0,0.993373,0.061742,0.0969404
0,0,-0.908152,-0.141832,0.393883
0,0,0.315676,0.40487,0.858154
0,0,0.154677,0.817999,0.554033
0,0,0.0240583,-0.866216,0.49909
0,0,-0.785996,-0.355193,0.506012
0,0,0.0868969,-0.967112,0.239048
0,0,0.513762,0.840048,0.174264
22.3263,29.2441,0.756937,-0.567839,0.323426
0,0,-0.171933,-0.877961,0.446793
0,0,0.549974,0.340498,0.76262
0,0,-0.187258,-0.696671,0.69252
0,0,-0.666214,-0.332326,0.667621
0,0,-0.36786,0.0548489,0.928262
0,0,-0.996118,-0.0744006,0.0470479
0,0,-0.34342,-0.00930891,0.939136
0,0,-0.151859,-0.746454,0.647878
0,0,-0.994362,-0.0794726,0.0702027
0,0,-0.0519201,0.819052,0.571365
0,0,0.471435,0.777384,0.416441
0,0,-0.315806,0.35527,0.879801
0,0,0.986868,0.157491,0.035881
0,0,-0.816929,-0.522261,0.244687
0,0,-0.85841,0.376546,0.348347
0,0,-0.281795,-0.587155,0.758841
0,0,-0.785798,-0.359513,0.503261
0,0,0.197413,-0.917451,0.345415
0,0,0.461997,0.882276,0.0902589
22.7267,32.4421,0.329469,0.126486,-0.935656
0,0,0.351505,-0.470857,0.809159
0,0,0.840651,-0.476041,0.258245
0,0,-0.296696,-0.303101,0.905594
0,0,0.131367,-0.69743,0.70451
0,0,-0.518224,0.769823,0.37258
0,0,0.990995,0.0939973,0.0953597
0,0,0.420706,0.43051,0.798541
0,0,0.397793,0.3522,0.847181
0,0,-0.368431,0.735003,0.569236
0,0,-0.53298,-0.621143,0.574555
0,0,0.364685,-0.885969,0.286469
0,0,-0.928143,-0.023068,0.371508
0,0,-0.534039,-0.755422,0.379658
0,0,-0.332587,0.91439,0.230819
0,0,0.652874,-0.740093,0.161304
0,0,-0.666774,-0.70556,0.239996
0,0,0.790494,-0.342046,0.508059
9.31698,14.6466,0.0582772,-0.277893,0.958843
0,0,0.867286,-0.34483,0.359036
0,0,0.594372,0.457394,0.661447
0,0,-0.613369,-0.287289,0.735693
0,0,-0.859547,-0.474576,0.18962
0,0,0.142567,-0.351416,0.925301
0,0,0.950466,-0.0790032,0.300619
0,0,-0.234473,0.48708,0.841294
0,0,-0.691979,-0.0196937,0.721649
0,0,-0.369826,0.646249,0.667526
0,0,-0.306488,-0.929218,0.206444
0,0,0.628352,0.770802,0.105063
0,0,0.763602,-0.117361,0.634932
0,0,-0.80799,-0.580448,0.101156
0,0,0.0121802,-0.599049,0.80062
0,0,0.549581,-0.831914,0.0766808
0,0,0.302684,0.554789,0.774978
0,0,-0.189181,0.917001,0.351168
0,0,-0.317116,0.899552,0.300405
0,0,0.117607,0.88686,0.446821
0,0,-0.71011,-0.70211,0.0527701
0,0,-0.704712,-0.38242,0.597608
0,0,0.906097,-0.374752,0.196342
0,0,0.875296,0.404479,0.265054
0,0,0.335871,-0.728384,0.5972
0,0,0.585895,0.724694,0.362692
0,0,0.119313,0.805674,0.580218
0,0,-0.350518,0.631406,0.691711
0,0,0.345375,0.90736,0.239613
0,0,0.628777,-0.767866,0.122563
0,0,0.154326,-0.948637,0.276174
3.58387,5.27846,-0.314327,0.31393,0.895905
0,0,-0.10721,0.4978,0.86064
0,0,-0.288657,-0.56128,0.775656
0,0,-0.883464,0.0963072,0.458494
0,0,0.99518,0.0330778,0.0923214
0,0,0.548985,0.772771,0.318497
0,0,-0.250102,-0.403945,0.87993
0,0,-0.883004,0.0182484,0.46901
0,0,-0.83348,0.206447,0.512533
0,0,0.403245,-0.00747631,0.915061
0,0,-0.799189,-0.00705634,0.601039
0,0,-0.610216,0.789845,0.0614935
0,0,0.393799,-0.71747,0.574595
0,0,-0.0199501,-0.604643,0.796247
0,0,0.666864,-0.717546,0.201048
0,0,0.0457851,0.621969,0.781703
0,0,-0.883962,0.114018,0.453444
0,0,0.561488,-0.771881,0.298211
0,0,-0.512703,0.239101,0.824601
0,0,-0.0764093,-0.437687,0.895875
0,0,-0.2163,0.602878,0.767954
0,0,0.120292,0.988286,0.0939174
22.2488,33.0286,-0.219221,-0.787396,0.576151
0,0,-0.405408,-0.801414,0.43975
0,0,0.717894,-0.612932,0.330064
0,0,0.435489,-0.35751,0.826157
0,0,-0.924485,-0.182623,0.334629
0,0,-0.413993,-0.698473,0.583734
0,0,0.898509,0.325909,0.29405
0,0,-0.255041,0.521733,0.814094
0,0,0.798375,-0.0474639,0.600287
0,0,-0.880567,0.0116158,0.47378
0,0,-0.0901495,-0.0462943,0.994852
0,0,-0.465202,0.877847,0.113895
0,0,-0.302252,0.380639,0.873932
0,0,-0.01993,0.29302,0.955898
0,0,-0.317923,0.911074,0.262428
0,0,-0.853587,0.285804,0.435552
0,0,0.351376,0.126575,0.927639
0,0,-0.269991,-0.339918,0.900867
0,0,0.861306,0.435768,0.261264
0,0,0.896043,0.0199068,0.44352
0,0,-0.519604,0.105054,0.847924
0,0,0.885843,0.418098,0.201189
0,0,0.0790967,-0.862198,0.500358
0,0,0.539448,0.311457,0.782298
0,0,0.57684,-0.483033,0.658738
0,0,0.730813,-0.211965,0.648832
0,0,0.369227,-0.390778,0.843187
0,0,-0.586023,0.286075,0.758115
0,0,0.126136,-0.488204,0.863566
0,0,-0.295286,-0.646732,0.703238
0,0,0.35952,0.206734,0.909949
0,0,-0.651029,0.565394,0.50645
0,0,0.598777,0.264664,0.755923
0,0,-0.0757908,0.793537,0.603783
4.97367,7.81243,0.212365,0.512771,0.831845
0,0,-0.0366705,-0.302169,0.952549
0,0,0.605796,0.607963,0.513217
0,0,-0.208146,-0.250024,0.945602
18.9505,25.5311,-0.988352,-0.0975752,0.116785
0,0,-0.861981,-0.50008,0.0831232
0,0,0.435053,-0.874412,0.214788
0,0,-0.00849291,-0.586029,0.810246
0,0,0.607138,-0.467089,0.642816
0,0,0.35441,-0.83864,0.413614
0,0,-0.316576,-0.146631,0.937165
0,0,0.864016,-0.502541,0.0304899
0,0,0.261013,0.82564,0.500191
0,0,-0.513541,0.28879,0.808007
0,0,0.391064,-0.659316,0.642162
0,0,0.216643,0.754893,0.619033
0,0,0.936365,0.126122,0.327587
0,0,-0.0900109,0.67466,0.732619
0,0,-0.125877,0.481038,0.867616
0,0,0.516738,0.652906,0.553801
0,0,-0.120539,0.280957,0.95212
0,0,-0.489885,0.754785,0.436247
0,0,0.104576,0.455673,0.883983
0,0,-0.682759,0.683954,0.256997
0,0,0.262255,-0.964998,0.000535295
0,0,0.817553,0.459767,0.346731
0,0,-0.230404,-0.550631,0.802321
0,0,-0.357766,0.70686,0.610207
0,0,-0.356783,-0.831012,0.426762
0,0,-0.656686,-0.159567,0.73709
0,0,-0.766686,-0.488939,0.41609
0,0,-0.385503,-0.1954,0.901779
0,0,0.0440642,0.599289,0.799319
0,0,-0.193375,0.849757,0.490427
0,0,0.642531,0.766248,0.00431522
0,0,0.770754,-0.371957,0.517287
0,0,-0.180676,0.789195,0.586965
0,0,-0.418233,0.482742,0.769442
0,0,-0.0781046,-0.580853,0.810253
0,0,0.697604,-0.642181,0.31773
0,0,0.571518,0.578858,0.581628
0,0,0.689622,-0.281874,0.66706
0,0,0.16092,-0.957351,0.239968
0,0,0.018817,0.860777,0.508634
0,0,-0.322943,-0.460284,0.82695
0,0,-0.443581,-0.377981,0.812629
0,0,0.904787,0.282719,0.31848
0,0,0.408986,0.77747,0.477777
0,0,0.936467,-0.240024,0.25577
0,0,-0.91872,-0.389844,0.0630556
0,0,0.847765,-0.0158933,0.530134
0,0,0.136751,0.95104,0.277168
0,0,0.34134,-0.731332,0.590458
0,0,0.887394,-0.447231,0.111879
0,0,-0.0655297,0.900798,0.429265
0,0,-0.753954,0.656441,0.025262
0,0,0.0156201,-0.895484,0.444819
0,0,-0.487147,0.529527,0.694471
0,0,0.364845,0.552512,0.749412
0,0,0.490327,0.698664,0.521007
0,0,-0.619339,-0.590037,0.517953
0,0,0.815175,0.239239,0.527498
0,0,0.300792,0.767843,0.565633
0,0,0.514083,0.754926,0.407191
0,0,0.473557,0.374626,0.797119
0,0,0.64327,0.703857,0.301312
0,0,-0.245653,0.657032,0.712715
0,0,0.489167,0.407032,0.771389
0,0,-0.303656,0.29243,0.906795
0,0,-0.849407,-0.222411,0.478583
0,0,-0.89889,-0.43254,0.0700444
0,0,0.53848,-0.0372737,0.841813
0,0,-0.135094,0.896878,0.421141
0,0,0.330868,0.267642,0.904928
0,0,-0.969445,-0.0716211,0.23462
0,0,-0.0548061,-0.746863,0.662716
0,0,0.32438,-0.889708,0.321244
0,0,-0.994838,-0.0206006,0.0993625
0,0,0.474595,0.660329,0.582001
0,0,-0.26485,0.880146,0.39395
0,0,-0.334922,-0.942118,0.0155403
0,0,-0.228636,-0.347288,0.909459
0,0,0.788326,0.212606,0.577356
0,0,-0.417517,-0.746596,0.517953
0,0,0.24429,0.909085,0.337471
0,0,0.46464,-0.225488,0.856309
0,0,-0.227825,0.573934,0.786572
0,0,0.71026,0.67969,0.18317
0,0,-0.532373,-0.350997,0.770312
0,0,-0.846794,-0.0858009,0.524956
0,0,0.478278,-0.580163,0.659288
0,0,0.836182,0.543248,0.0753826
0,0,-0.301541,-0.595493,0.744621
0,0,0.660977,-0.411632,0.62743
0,0,-0.807247,-0.388363,0.444439
0,0,-0.106901,0.989359,0.0987012
0,0,0.871323,-0.151593,0.466708
0,0,0.865274,0.307493,0.395915
0,0,-0.421262,0.897771,0.128629
0,0,0.597576,0.302683,0.742486
0,0,0.35835,-0.789918,0.497609
0,0,-0.32664,0.538947,0.776429
0,0,0.0181468,-0.699491,0.714411
0,0,0.726411,-0.685127,0.0541217
0,0,-0.924138,0.263563,0.276594
0,0,-0.742001,-0.203968,0.638616
0,0,-0.988563,-0.100815,0.11216
0,0,0.657113,-0.154475,0.737794
0,0,0.704332,-0.700429,0.115393
0,0,-0.150073,0.769464,0.620808
0,0,-0.058085,-0.660285,0.748765
0,0,-0.310785,0.948418,0.0625752
0,0,0.0828769,-0.407252,0.909548
0,0,-0.630279,-0.532515,0.564956
0,0,0.42524,0.711268,0.559704
0,0,-0.136867,0.694429,0.706424
0,0,0.589733,-0.708302,0.387973
0,0,0.706471,0.377157,0.598875
0,0,-0.403648,0.846651,0.34677
13.9803,19.0251,0.0838337,-0.37183,0.924508
0,0,0.93769,0.245445,0.245956
0,0,0.967442,-0.225709,0.114504
0,0,0.980359,0.19711,0.00654614
0,0,0.913122,0.38137,0.144103
0,0,-0.512139,0.173518,0.841193
3.87674,5.15277,0.0757181,-0.0278151,0.996741
0,0,0.980092,-0.190699,0.0552612
0,0,-0.342819,-0.533473,0.773228
0,0,0.240414,0.783609,0.572851
0,0,-0.14578,-0.975033,0.167509
0,0,-0.360543,-0.00442325,0.932732
0,0,0.976884,-0.1908,0.0963974
0,0,-0.760226,0.497167,0.418189
0,0,0.542666,-0.825065,0.157419
5.73566,7.91727,-0.409389,-0.182766,0.893867
22.9192,28.8199,0.203755,0.162982,0.96536
0,0,0.00589155,-0.631457,0.775388
0,0,0.000637085,-0.747101,0.664711
0,0,0.190094,-0.708607,0.679515
0,0,0.168355,-0.860853,0.480196
0,0,-0.290954,0.935124,0.202209
0,0,-0.065016,0.858681,0.508371
0,0,0.40485,0.586826,0.701236
0,0,0.207885,0.946224,0.247879
0,0,-0.1838,-0.447814,0.875032
0,0,0.308065,0.896392,0.318713
0,0,0.682484,0.678159,0.272608
0,0,-0.321408,-0.814357,0.483238
0,0,0.46964,-0.841855,0.26593
0,0,-0.677316,-0.178709,0.713657
0,0,0.547809,-0.802479,0.236502
0,0,-0.924247,-0.331547,0.189325
0,0,-0.165576,-0.293249,0.941589
0,0,-0.00140012,0.993783,0.111327
0,0,-0.301578,-0.0274798,0.953045
0,0,-0.44592,0.895027,0.00899643
20.7004,29.9173,-0.731123,-0.439451,-0.521865
0,0,0.844777,-0.526287,0.0968178
0,0,0.675779,-0.444095,0.588305
0,0,0.112112,0.929201,0.352159
0,0,0.917398,0.310736,0.248644
0,0,-0.357747,-0.927128,0.111582
0,0,-0.282689,0.722742,0.630659
0,0,-0.366066,0.584329,0.724262
0,0,-0.166704,0.519753,0.837894
0,0,-0.338428,-0.939081,0.0599429
0,0,0.289137,0.621381,0.728207
0,0,0.122633,0.938124,0.323859
0,0,0.598372,0.354063,0.718742
0,0,0.29648,0.157142,0.942022
0,0,0.0464139,0.848026,0.527918
0,0,-0.772533,0.233383,0.59053
0,0,-0.147734,-0.432088,0.889649
0,0,-0.744101,0.327102,0.58251
0,0,-0.406112,-0.456119,0.791851
0,0,-0.793878,0.0133772,0.607929
0,0,0.833699,0.332563,0.440849
0,0,0.336204,0.885718,0.320111
0,0,0.154791,0.816326,0.556464
0,0,0.428035,-0.0769553,0.90048
0,0,-0.463242,0.756255,0.462044
0,0,0.489079,0.000296742,0.872239
0,0,0.739484,-0.672898,0.0192702
0,0,0.720604,-0.153144,0.676222
0,0,0.890423,0.151094,0.429323
0,0,0.737431,-0.628137,0.248272
0,0,-0.739397,-0.628381,0.241721
0,0,-0.850827,-0.430963,0.300606
0,0,-0.411809,0.658877,0.62952
0,0,0.390304,-0.916324,0.0895189
0,0,-0.752883,0.523759,0.398551
0,0,-0.893933,-0.159878,0.418716
0,0,0.481967,-0.178739,0.857764
0,0,0.627062,-0.531416,0.569553
0,0,0.962238,0.0895063,0.257073
0,0,-0.0778826,0.808109,0.583861
0,0,0.679959,0.160907,0.715377
0,0,0.499682,-0.504996,0.703773
0,0,-0.829141,-0.551373,0.0922649
0,0,0.516448,0.434113,0.738124
0,0,-0.197933,0.910791,0.362329
0,0,-0.989034,-0.107855,0.10089
0,0,-0.149603,-0.772933,0.616599
0,0,0.416252,0.622409,0.662828
0,0,-0.55598,-0.0150748,0.831059
0,0,-0.606224,0.596473,0.526035
0,0,-0.238239,0.927417,0.28834
0,0,0.237164,0.615907,0.751274
0,0,0.90182,0.15104,0.404854
0,0,-0.278177,0.0348917,0.959896
0,0,-0.413351,0.301207,0.859311
0,0,0.686449,-0.725632,0.0473905
0,0,0.0696484,-0.473107,0.878248
0,0,0.742064,0.266894,0.614905
0,0,-0.32374,-0.943491,0.0708284
0,0,-0.267881,0.65874,0.703066
0,0,0.592174,0.791783,0.149695
0,0,0.674767,-0.73803,0.00110847
0,0,-0.849909,0.311644,0.424891
0,0,0.217733,-0.591279,0.776519
0,0,-0.678915,0.7342,0.00498857
0,0,0.218953,-0.932067,0.288636
0,0,-0.420336,-0.888824,0.182508
0,0,0.332988,0.189946,0.923602
0,0,-0.271001,-0.84521,0.460629
0,0,0.0242418,0.961869,0.272434
0,0,-0.401382,-0.843342,0.357305
0,0,0.473497,0.211318,0.85507
0,0,0.19684,-0.912967,0.357413
0,0,0.782525,-0.598187,0.172704
0,0,-0.892855,0.129617,0.431287
0,0,-0.346742,0.921751,0.173626
0,0,-0.50718,0.861166,0.0340758
0,0,-0.226495,0.61036,0.759052
0,0,-0.175745,0.0236611,0.984151
0,0,0.0889666,-0.380592,0.920454
8.6359,14.582,0.832683,0.546151,0.0914235
0,0,-0.706057,-0.649932,0.281197
0,0,-0.387283,0.840951,0.377907
0,0,0.93742,0.34784,-0.0158571
0,0,-0.823654,0.0202299,0.566732
0,0,-0.0192361,0.999793,0.00657766
0,0,0.862173,-0.352925,0.363457
0,0,0.933027,0.107943,0.343233
0,0,-0.25432,-0.845761,0.469051
0,0,0.122766,-0.837206,0.53293
0,0,-0.852754,0.0261599,0.521656
0,0,0.183693,0.122029,0.97538
0,0,0.737401,0.608068,0.294097
0,0,0.923347,0.381636,0.0422495
0,0,-0.560428,-0.74024,0.371437
0,0,-0.532172,0.106304,0.839936
0,0,-0.81604,-0.363791,0.449149
0,0,-0.496596,0.212878,0.841472
0,0,-0.56416,0.518939,0.642204
0,0,0.534543,-0.592644,0.602525
0,0,0.125034,-0.972735,0.195329
0,0,0.563053,0.295366,0.771836
0,0,0.814794,0.127654,0.565522
0,0,0.0974038,-0.98801,0.119788
0,0,-0.663327,0.554487,0.502534
0,0,0.35364,-0.550945,0.755909
0,0,0.244349,0.94087,0.234644
0,0,-0.971379,0.131486,0.197824
0,0,-0.454513,0.656561,0.601952
0,0,-0.896852,0.44107,0.033376
0,0,0.0955042,0.805351,0.585055
0,0,-0.102498,-0.963123,0.248775
0,0,-0.0474663,0.718494,0.693911
0,0,0.268969,0.0148972,0.963034
0,0,0.355521,-0.482766,0.800339
0,0,-0.186648,0.97849,0.0878618
0,0,0.244829,-0.954224,0.171803
0,0,0.3026,-0.853366,0.4245
0,0,-0.218222,0.170008,0.960977
0,0,-0.36383,0.855493,0.368456
0,0,-0.903296,0.333322,0.270099
0,0,-0.935108,-0.25405,0.247047
0,0,0.508963,0.614005,0.603287
0,0,-0.797077,0.575725,0.182236
0,0,-0.579016,0.614206,0.536182
0,0,-0.498771,0.487138,0.716885
0,0,-0.755624,0.647653,0.0978666
0,0,-0.0980142,-0.377263,0.920905
0,0,-0.20309,-0.667513,0.716366
0,0,0.708007,-0.241742,0.663541
0,0,0.603509,0.0966101,0.791482
0,0,-0.817718,0.316945,0.480503
0,0,0.230413,0.857517,0.459972
0,0,0.576767,-0.694928,0.429435
0,0,0.800873,-0.191884,0.567259
0,0,0.731446,-0.540249,0.416074
15.3351,22.5428,0.847629,-0.331318,0.414432
0,0,0.151442,0.651378,0.743486
0,0,-0.928015,0.126027,0.350577
0,0,0.125943,0.981126,0.146734
0,0,-0.693403,-0.699807,0.171646
0,0,-0.14175,0.780467,0.608915
0,0,0.614148,0.344354,0.7101
0,0,0.370298,0.500812,0.782347
0,0,0.196313,0.922658,0.331908
0,0,-0.0932148,0.778816,0.620287
0,0,-0.361072,0.364384,0.8584
0,0,0.82274,-0.051831,0.56605
0,0,-0.540862,-0.791812,0.283728
0,0,0.406351,-0.333719,0.850594
0,0,0.39685,0.909041,0.127101
0,0,0.602037,0.264249,0.753474
0,0,-0.453818,-0.889447,0.0541609
0,0,-0.0704501,0.972918,0.220155
0,0,-0.645142,-0.554168,0.526013
0,0,-0.309785,0.627396,0.714428
0,0,0.308965,0.905377,0.291261
0,0,-0.776886,-0.0818051,0.624305
0,0,-0.477675,-0.244819,0.843736
0,0,0.74477,0.656457,0.119926
0,0,0.0208147,0.965999,0.257707
0,0,0.174876,-0.911881,0.371336
0,0,-0.109832,0.959631,0.258932
0,0,0.120146,-0.954039,0.274544
0,0,0.0367277,0.867079,0.496815
0,0,-0.746316,-0.658688,0.0956157
0,0,-0.0427388,-0.997678,0.0530257
0,0,0.65562,0.622947,0.42673
0,0,0.021107,0.674355,0.738105
0,0,-0.77616,0.613818,0.14423
0,0,0.994393,0.00389126,0.105677
0,0,0.298673,-0.954247,0.0143649
0,0,0.692826,-0.464213,0.551815
0,0,0.903796,-0.161775,0.39621
0,0,0.134059,0.611943,0.779457
8.59983,12.9198,0.300449,0.936276,0.181981
0,0,-0.950621,-0.290645,0.108835
0,0,-0.913888,-0.397564,0.0821701
0,0,0.655159,-0.497542,0.568523
0,0,-0.90888,0.09705,0.405608
0,0,0.444543,0.297637,0.844863
0,0,-0.104222,-0.519036,0.848375
0,0,0.469747,-0.0254465,0.882434
0,0,-0.735917,-0.675583,0.0448858
0,0,0.989806,0.137481,0.0371891
0,0,-0.349056,-0.918694,0.184828
0,0,0.708835,0.597736,0.37452
0,0,-0.390701,-0.894962,0.215396
0,0,-0.95153,-0.295029,0.0868847
0,0,0.742341,-0.609269,0.278785
0,0,0.0317875,0.772781,0.633877
0,0,0.837097,0.307835,0.452223
0,0,0.922126,-0.249357,0.29581
0,0,-0.887783,0.459142,0.0320938
0,0,0.787215,0.385211,0.481565
0,0,0.532931,-0.790513,0.301785
0,0,0.105863,-0.704365,0.701899
15.3937,20.7225,-0.353838,0.257774,0.899084
0,0,0.899591,-0.436676,0.00705143
0,0,-0.0194862,0.339945,0.940243
0,0,-0.703071,-0.475844,0.528453
0,0,0.937616,0.118544,0.326838
18.9623,27.8035,-0.192169,-0.322683,0.926794
0,0,0.209905,0.671862,0.710311
0,0,-0.447265,-0.631729,0.633145
0,0,0.178189,0.768985,0.613931
21.166,28.8953,0.714001,-0.13995,0.686015
0,0,-0.168797,0.91088,0.376571
0,0,-0.672313,-0.248778,0.697213
0,0,0.123501,0.834286,0.537322
0,0,0.529596,0.452175,0.717681
0,0,-0.484977,-0.86017,0.15781
0,0,-0.473128,-0.2408,0.847446
0,0,-0.947423,0.194461,0.254114
0,0,-0.568847,0.657374,0.494239
0,0,0.282207,-0.801677,0.526947
0,0,-0.579252,0.0369443,0.814311
0,0,-0.939704,-0.334112,0.0729807
0,0,-0.925529,-0.116674,0.360254
0,0,0.0926196,0.184275,0.978501
0,0,-0.645125,0.613432,0.455538
0,0,0.56981,0.821675,0.0128936
0,0,0.465071,0.405929,0.786721
0,0,0.502543,-0.496065,0.708075
0,0,-0.232656,-0.971552,0.044243
0,0,-0.45175,-0.212207,0.866539
0,0,-0.151981,-0.933373,0.325142
0,0,0.583244,-0.790805,0.185617
0,0,0.551148,0.799696,0.238164
0,0,0.721782,0.315269,0.616146
0,0,0.285285,0.658664,0.696257
0,0,-0.765738,0.323042,0.556138
0,0,-0.101418,0.411971,0.905535
0,0,-0.193381,0.436013,0.878918
0,0,0.582194,0.580188,0.56959
0,0,-0.159669,0.656093,0.737596
0,0,0.928852,-0.113569,0.352613
0,0,-0.418161,-0.0798985,0.904852
0,0,-0.129722,0.988968,0.0715205
0,0,-0.327136,-0.876169,0.353991
0,0,0.122692,0.916652,0.380388
0,0,-0.612946,-0.466502,0.637709
0,0,0.035042,-0.307978,0.950748
0,0,0.0977196,0.994347,0.04153
0,0,-0.24063,-0.669374,0.702877
0,0,0.615256,-0.642757,0.456424
0,0,0.783402,-0.463373,0.414206
0,0,-0.124798,-0.984158,0.125931
0,0,-0.941688,0.203037,0.268329
0,0,0.885247,0.446629,0.129846
0,0,0.251441,-0.655345,0.71225
0,0,-0.0077094,-0.859679,0.510777
8.46964,11.5678,0.121938,0.301738,0.945561
0,0,-0.0251068,0.786174,0.617494
0,0,0.0137893,0.742292,0.669935
0,0,-0.601338,0.753655,0.265323
0,0,0.167084,-0.882782,0.439066
0,0,-0.328212,-0.769362,0.54805
0,0,-0.47524,0.541032,0.693852
0,0,0.0172928,-0.977293,0.211184
0,0,-0.580597,0.573263,0.578166
0,0,0.345472,-0.267193,0.899587
0,0,0.472162,0.789906,0.391294
0,0,-0.932545,0.313748,0.178669
0,0,-0.312828,0.830175,0.461463
0,0,-0.8184,-0.373203,0.436967
0,0,-0.594326,0.669485,0.445607
0,0,-0.584038,0.411586,0.69964
0,0,-0.689921,-0.658557,0.300519
0,0,0.440697,-0.524822,0.72825
0,0,-0.968072,0.238966,0.0757078
0,0,0.911458,0.295105,0.286631
0,0,-0.0591649,-0.881506,0.468452
0,0,0.00748022,0.944279,0.329062
0,0,0.854851,0.42913,0.291681
0,0,-0.757908,-0.420932,0.498389
0,0,0.4501,0.867597,0.21139
0,0,-0.990208,0.050316,0.130214
0,0,0.92336,0.0516721,0.380443
0,0,-0.414057,-0.859693,0.299139
0,0,-0.100282,0.953827,0.283123
0,0,-0.279851,0.666635,0.690855
0,0,0.978929,-0.0938242,0.181371
0,0,-0.64926,-0.454906,0.609526
0,0,-0.793089,-0.398691,0.460495
0,0,0.625703,0.0948593,0.774272
0,0,-0.556973,-0.82323,0.109881
0,0,-0.0832422,-0.96459,0.250274
0,0,0.693964,0.34709,0.630827
0,0,0.805694,-0.0949068,0.584679
0,0,0.639921,0.0811913,0.76414
0,0,0.778959,-0.590363,0.21141
0,0,-0.925898,0.356418,0.125215
21.9254,30.1645,0.138168,-0.392092,0.909491
0,0,0.587439,0.672092,0.450786
0,0,0.668832,-0.589324,0.453168
19.4086,27.677,-0.487162,0.0139422,0.8732
0,0,0.454005,0.801882,0.388414
0,0,-0.922441,-0.328422,0.203079
0,0,-0.0338141,0.973112,0.227837
0,0,0.363035,-0.922714,0.129632
0,0,0.468061,-0.491656,0.734298
0,0,-0.570077,-0.476107,0.669577
0,0,-0.816704,-0.205522,0.539217
0,0,0.271096,0.945883,0.17836
24.0239,37.2847,-0.835997,0.523528,-0.164399
0,0,-0.159081,0.898014,0.4102
0,0,-0.989986,0.0409896,0.135081
0,0,0.303442,0.51455,0.801973
0,0,0.676168,0.416966,0.607401
0,0,0.351087,0.861985,0.365677
0,0,-0.0326308,-0.254167,0.96661
0,0,0.51758,0.451754,0.726656
0,0,0.354311,-0.227756,0.906968
0,0,0.999253,0.00370769,0.038477
0,0,-0.887669,0.015157,0.460232
0,0,0.921002,-0.0717095,0.3829
0,0,0.805027,-0.0429455,0.591682
0,0,-0.748184,0.47503,0.463214
0,0,0.377078,-0.373109,0.847704
23.978,32.184,-0.711364,-0.00399136,-0.702813
0,0,0.800547,-0.355759,0.482245
0,0,0.453835,-0.419879,0.785962
0,0,-0.763066,0.644454,0.0490922
0,0,-0.126802,-0.803314,0.5819
0,0,-0.913682,0.401643,0.062185
0,0,-0.307595,-0.935315,0.174847
0,0,0.258322,0.764448,0.590668
0,0,-0.198053,-0.527218,0.826327
0,0,0.237715,0.440617,0.865649
0,0,0.728068,0.647014,0.226472
0,0,0.779757,-0.102239,0.617679
0,0,-0.350337,0.864771,0.359771
0,0,-0.418354,-0.65681,0.62736
0,0,0.956948,-0.0684287,0.282078
0,0,0.661368,0.256224,0.70494
0,0,0.346005,-0.26289,0.900649
0,0,0.253306,-0.573089,0.779362
0,0,0.419044,0.756388,0.502274
0,0,-0.421535,0.731691,0.535664
0,0,0.675553,-0.288856,0.678373
0,0,-0.585577,0.638302,0.49967
10.0666,13.5733,-0.346526,-0.102355,0.932439
0,0,0.558425,-0.544222,0.626085
19.5811,26.7376,-0.363773,0.506256,0.781904
0,0,0.408952,0.772726,0.48544
0,0,-0.0408325,-0.378555,0.924678
7.89875,12.0151,0.555281,-0.811751,-0.180899
0,0,0.567901,-0.299327,0.766741
0,0,0.757995,-0.298396,0.580003
0,0,-0.645906,0.694448,0.317093
0,0,0.873275,0.223479,0.432953
0,0,-0.172905,-0.910961,0.374504
0,0,0.941694,-0.17407,0.287943
0,0,-0.690425,0.722728,0.0312758
0,0,0.249289,0.148509,0.956974
0,0,-0.537766,0.668095,0.514253
0,0,0.845541,0.438518,0.30457
0,0,0.902098,0.368097,0.225218
0,0,-0.652279,0.746384,0.132069
0,0,-0.0220174,-0.691404,0.722132
0,0,-0.029554,0.963483,0.266135
0,0,0.432999,-0.160304,0.887026
0,0,-0.533,-0.846115,0.000389074
0,0,0.713304,0.62117,0.324569
0,0,0.931678,0.265522,0.24794
0,0,-0.701121,-0.702708,0.120957
0,0,0.181254,0.914742,0.361101
0,0,-0.304106,-0.0539487,0.95111
0,0,-0.205732,-0.904756,0.372949
0,0,0.63626,-0.535842,0.55502
0,0,-0.304555,-0.922615,0.2367
0,0,0.856474,-0.0866125,0.508871
0,0,-0.602019,0.738012,0.304814
0,0,0.112755,0.495253,0.861401
0,0,0.917892,0.369546,0.144605
0,0,0.981627,0.184691,0.0479306
0,0,0.564652,0.0447455,0.824115
0,0,-0.408172,0.3404,0.847068
0,0,0.148325,0.710387,0.688004
0,0,0.286154,0.911266,0.296159
0,0,0.0347092,-0.256054,0.966039
0,0,0.063378,0.500016,0.863694
0,0,-0.857041,0.507311,0.0900862
0,0,0.875326,0.401916,0.268827
0,0,-0.758768,0.113778,0.641346
0,0,0.343591,0.393724,0.8526
0,0,-0.635023,-0.738952,0.225159
0,0,0.563004,-0.154086,0.811963
0,0,0.236815,-0.960593,0.145531
0,0,0.586867,0.143891,0.796795
0,0,-0.868825,0.448576,0.209579
0,0,-0.66421,-0.511745,0.544923
0,0,0.913995,-0.395636,0.0899184
0,0,0.365913,-0.833158,0.414675
0,0,-0.241031,-0.365651,0.899001
0,0,-0.904301,-0.32728,0.274094
0,0,-0.991975,0.0950647,0.0833517
0,0,-0.662937,0.747,0.0500587
0,0,0.94139,-0.286262,0.178434
0,0,0.746268,-0.553766,0.369361
0,0,-0.0341655,-0.95216,0.303684
0,0,0.870351,0.335605,0.360358
0,0,-0.693754,0.134451,0.707551
0,0,0.542815,-0.72178,0.429402
0,0,0.722497,0.0317853,0.690643
9.87557,12.8911,0.457811,0.149328,0.876419
0,0,-0.291476,0.940039,0.17711
0,0,-0.460882,-0.193429,0.866125
0,0,-0.55952,0.24394,0.792105
0,0,0.281249,-0.804446,0.523227
0,0,-0.389299,-0.491283,0.779158
16.6444,23.1974,-0.103778,0.168669,0.980194
0,0,0.981899,-0.134211,0.133651
0,0,-0.889992,-0.413804,0.191523
0,0,-0.867315,0.324315,0.377604
0,0,0.608792,0.634654,0.476012
0,0,0.798919,-0.600803,0.0276533
0,0,0.346104,0.401695,0.847852
0,0,0.503263,0.813826,0.290541
0,0,0.349996,0.850834,0.391899
0,0,-0.701547,-0.413908,0.580097
0,0,0.230284,-0.942943,0.240475
0,0,-0.212961,0.0887486,0.973022
0,0,0.804509,0.52751,0.272944
0,0,0.389486,-0.450363,0.803414
0,0,0.727678,0.0528263,0.683881
0,0,0.947362,-0.182067,0.263355
0,0,-0.689262,-0.569076,0.448409
0,0,-0.823738,0.498966,0.269238
0,0,-0.206583,0.923007,0.324624
0,0,-0.642791,0.32862,0.691974
18.9382,28.0792,0.593644,0.677961,0.433538
0,0,-0.333737,-0.763197,0.553308
0,0,-0.302652,0.740363,0.60022
0,0,-0.956258,0.0396749,0.289822
0,0,0.0382229,0.881451,0.470727
0,0,0.39274,-0.780155,0.486943
0,0,-0.537861,-0.05584,0.841182
0,0,0.246025,0.425888,0.870684
0,0,-0.676588,-0.450262,0.58266
0,0,0.741114,-0.0475361,0.669694
0,0,0.294374,-0.18091,0.938411
0,0,0.00033137,-0.723629,0.69019
0,0,-0.00621812,0.997568,0.0694256
0,0,-0.804932,-0.432717,0.406005
0,0,0.514265,-0.833401,0.202422
0,0,0.99515,-0.0546906,0.0817585
0,0,0.656869,-0.0185811,0.753776
0,0,0.728485,0.00363577,0.685052
0,0,0.48466,0.867575,0.111441
0,0,0.433136,-0.769688,0.469012
0,0,-0.811592,0.53944,0.224328
0,0,-0.897915,0.324467,0.297438
0,0,0.865335,0.339455,0.368735
0,0,0.830631,-0.5566,0.0157582
0,0,-0.592629,-0.804614,0.0372514
0,0,-0.113141,0.989746,0.0871922
0,0,-0.952688,0.0487695,0.300013
0,0,0.479059,-0.479403,0.735306
0,0,0.0364755,0.998065,0.0503647
0,0,0.559074,-0.659535,0.502444
0,0,-0.961969,0.269932,0.0418553
0,0,-0.531412,0.846869,0.0203588
0,0,-0.391303,-0.413789,0.821986
0,0,0.0181662,0.99697,0.0756339
0,0,0.84242,0.354618,0.405678
0,0,0.862328,-0.311528,0.399174
0,0,0.797456,-0.278391,0.535315
0,0,-0.442463,-0.875645,0.19358
0,0,-0.689764,-0.70107,0.180904
0,0,-0.802855,-0.0718853,0.591825
0,0,-0.052819,0.854635,0.516536
0,0,-0.677796,-0.0687976,0.732024
0,0,0.51307,0.39859,0.760188
0,0,0.481987,-0.62918,0.609771
0,0,-0.96184,-0.22512,0.155516
0,0,0.53009,-0.530506,0.661489
0,0,-0.00571802,0.882538,0.470207
0,0,0.805489,-0.267544,0.528779
0,0,0.943152,-0.331549,0.0232416
0,0,0.525969,-0.467095,0.710759
0,0,0.659014,-0.436939,0.612197
0,0,0.1675,-0.489505,0.855762
0,0,-0.870938,-0.486007,0.0725556
0,0,0.895058,0.418842,0.153108
0,0,0.506074,-0.241757,0.827914
0,0,0.449856,0.823582,0.34546
0,0,-0.480257,-0.132537,0.867057
0,0,0.309749,0.600122,0.737501
0,0,-0.693322,-0.720171,0.0256468
0,0,-0.405215,-0.914024,0.0189745
0,0,0.843102,0.530868,0.0857789
22.8372,32.0225,0.750618,0.609758,0.254496
0,0,0.18659,-0.951906,0.24302
0,0,0.663954,-0.588153,0.46178
0,0,0.544476,-0.833825,0.091003
23.1771,32.7596,-0.0063105,0.436564,0.899651
0,0,0.666596,0.548123,0.505184
0,0,0.103591,-0.923523,0.369289
0,0,-0.748403,-0.0929868,0.656693
0,0,0.454153,-0.084959,0.886864
0,0,0.739899,0.637867,0.213718
0,0,-0.757237,-0.532816,0.377756
0,0,0.767627,0.595149,0.237794
0,0,0.124702,0.869581,0.477784
0,0,0.8785,0.107128,0.465577
0,0,-0.471742,0.0645539,0.87937
0,0,0.32033,-0.164371,0.932936
0,0,0.441228,0.739439,0.508475
0,0,0.752123,-0.637861,0.165663
0,0,-0.0656353,0.869278,0.489947
0,0,-0.692388,-0.387919,0.608373
0,0,0.664436,-0.597393,0.44905
0,0,-0.830087,-0.467039,0.304681
0,0,-0.508354,-0.0538032,0.859465
0,0,-0.43362,0.458642,0.775643
0,0,-0.749809,-0.268535,0.604711
0,0,0.535746,-0.553242,0.637887
0,0,-0.453592,0.0607899,0.889134
0,0,-0.59534,0.803439,0.00754199
0,0,-0.0453475,0.886269,0.460945
0,0,-0.80487,-0.287276,0.519285
0,0,-0.660362,0.68903,0.298594
0,0,0.866622,-0.338892,0.366222
0,0,0.89524,0.402518,0.191116
0,0,-0.996077,0.0442741,0.0766151
0,0,-0.670534,0.0047563,0.741864
0,0,0.0728236,0.0534998,0.995909
0,0,-0.70445,-0.597292,0.383397
0,0,0.451797,-0.823208,0.343815
0,0,-0.450104,-0.823146,0.346175
0,0,0.409687,-0.832262,0.373492
0,0,0.841722,0.177555,0.50988
0,0,0.923663,0.383189,0.00348873
0,0,-0.250105,0.965298,0.0751451
0,0,-0.163711,-0.98612,0.0276787
9.40403,11.7945,0.19924,0.73224,0.651251
0,0,-0.45766,0.146472,0.876979
0,0,0.140039,-0.50151,0.853743
0,0,0.940929,-0.325373,0.0937248
0,0,0.750783,-0.0870861,0.654783
0,0,-0.132708,0.912856,0.386113
0,0,0.64687,0.558345,0.519433
0,0,0.600182,-0.717087,0.354355
0,0,0.761649,0.488271,0.426007
0,0,-0.869178,-0.429482,0.245101
21.1536,29.5292,-0.771447,0.0239708,0.635842
22.9392,33.6438,0.179424,0.868268,0.462513
0,0,-0.31568,-0.225961,0.921568
0,0,0.83699,0.441302,0.323576
0,0,-0.828543,0.11659,0.547652
0,0,0.774668,0.490788,0.398769
0,0,-0.000619415,0.579048,0.815293
0,0,-0.912012,-0.0601075,0.405736
0,0,0.929333,-0.280834,0.239732
0,0,0.874454,0.394254,0.282656
0,0,-0.894052,0.356399,0.271388
0,0,-0.74419,-0.141496,0.652809
0,0,-0.239661,0.272219,0.931912
0,0,0.163375,-0.716254,0.678446
0,0,0.360509,-0.456426,0.813455
0,0,-0.00196323,-0.82126,0.57055
0,0,0.21879,0.235416,0.946948
0,0,-0.271984,0.712468,0.646849
0,0,-0.516869,-0.489985,0.70197
0,0,-0.0471919,0.996627,0.0671402
0,0,-0.269632,-0.860683,0.431883
0,0,-0.142522,0.0449215,0.988772
0,0,-0.555051,-0.506649,0.659716
0,0,0.620067,-0.55844,0.551055
0,0,0.371757,-0.63361,0.67848
0,0,0.307308,0.835669,0.455213
0,0,0.302718,0.375042,0.876188
0,0,0.566348,0.0706745,0.82113
0,0,-0.484362,0.866415,0.12132
0,0,-0.313814,-0.578416,0.752965
0,0,-0.762813,0.158401,0.626917
0,0,-0.908986,0.308026,0.280829
16.9112,23.8498,0.00774502,-0.345254,0.938477
0,0,0.639609,0.702088,0.313004
0,0,-0.262248,0.319698,0.910505
0,0,0.755013,-0.546494,0.362354
0,0,-0.342027,-0.93739,0.0657055
0,0,0.0427964,-0.502581,0.86347
0,0,-0.371664,0.847201,0.379628
0,0,-0.734326,-0.677415,0.0432906
0,0,-0.221316,-0.354713,0.908404
0,0,-0.616813,-0.371061,0.694158
0,0,0.686331,0.487584,0.539641
0,0,0.711856,0.702024,0.0205791
0,0,-0.921879,-0.233931,0.308895
0,0,-0.0192274,-0.891347,0.452913
0,0,-0.149423,0.586886,0.795762
0,0,-0.958428,0.276214,0.071563
0,0,0.530648,-0.610298,0.588174
0,0,0.963018,-0.0763637,0.258389
0,0,0.769404,0.265577,0.580935
0,0,-0.532254,-0.585397,0.611569
0,0,-0.564062,-0.536439,0.627747
0,0,-0.813594,-0.555514,0.171665
0,0,0.140244,-0.588805,0.796015
0,0,-0.716981,-0.232498,0.657178
0,0,-0.783698,0.549763,0.2891
0,0,0.703265,0.455426,0.545898
0,0,-0.974474,0.0858547,0.207434
0,0,0.487618,-0.853584,0.183367
0,0,0.3779,0.7458,0.54861
0,0,-0.0691033,-0.633449,0.770692
0,0,0.754598,-0.266653,0.599565
0,0,0.025668,0.475202,0.879502
0,0,-0.581082,-0.366743,0.726528
0,0,-0.081893,0.978448,0.189562
0,0,0.343304,-0.689077,0.638212
0,0,0.135015,0.828848,0.542938
0,0,-0.823531,-0.560281,0.0887812
0,0,-0.778415,0.0325823,0.626903
0,0,0.595909,-0.799463,0.0758438
0,0,0.575077,-0.210403,0.79058
0,0,-0.814484,0.0206132,0.57982
0,0,-0.597453,-0.614856,0.514783
0,0,-0.680686,0.693929,0.234795
0,0,0.897931,-0.40592,0.170145
0,0,0.112233,0.985833,0.124649
0,0,0.842481,-0.191895,0.503391
0,0,0.0168861,0.999348,0.0319105
0,0,-0.971521,-0.0952783,0.216954
0,0,-0.668825,0.0346307,0.742613
0,0,0.28736,-0.881579,0.37449
0,0,0.150636,-0.696681,0.701387
0,0,0.892309,0.308679,0.329396
0,0,0.741697,-0.645258,0.183105
11.6251,16.614,0.288878,-0.209921,0.934068
0,0,0.501895,-0.862015,0.0709346
23.56,36.6514,-0.530698,-0.750901,-0.393074
0,0,0.729796,0.0867026,0.678145
0,0,-0.69783,0.142093,0.702028
0,0,-0.434274,0.45006,0.78029
0,0,0.600609,0.680717,0.419396
0,0,0.0604286,0.694546,0.716906
0,0,-0.0801678,0.410292,0.908424
0,0,0.736163,-0.181873,0.651909
0,0,-0.576201,0.632201,0.517991
0,0,0.347167,0.746098,0.568166
0,0,-0.831321,0.255578,0.493544
0,0,-0.799735,0.181256,0.572338
0,0,0.992839,-0.104553,0.057792
0,0,0.752902,-0.0745202,0.6539
0,0,-0.382462,0.851102,0.359651
0,0,-0.165991,0.960384,0.223852
0,0,-0.823962,0.362848,0.435233
0,0,-0.693281,-0.317757,0.646832
0,0,0.789004,0.533797,0.304194
0,0,-0.607442,-0.788707,0.0946342
0,0,0.170329,0.985181,0.0201404
0,0,-0.84558,-0.197489,0.495977
0,0,0.37277,-0.79939,0.471188
0,0,-0.614457,0.580579,0.534201
0,0,-0.323426,-0.0518885,0.94483
0,0,0.819234,0.511136,0.259991
0,0,-0.78451,0.272338,0.557114
0,0,-0.499988,-0.820448,0.277267
0,0,0.379205,0.763562,0.522663
0,0,0.811966,-0.531048,0.242278
0,0,0.437119,-0.0710881,0.89659
0,0,-0.815738,0.16451,0.554534
0,0,0.477367,-0.842232,0.25053
2.99334,4.86293,-0.259646,0.14998,0.953986
0,0,-0.186006,-0.897509,0.399849
0,0,-0.671413,0.483478,0.561653
0,0,-0.390486,-0.143263,0.909393
0,0,0.36888,0.689142,0.623708
0,0,-0.809722,-0.464105,0.359105
0,0,0.472823,0.370098,0.799666
0,0,-0.56719,0.22476,0.792325
0,0,-0.97762,-0.203792,0.0522372
0,0,0.243546,-0.277847,0.92924
0,0,-0.591201,-0.432185,0.680953
11.1002,14.1404,0.0738423,-0.0761399,0.994359
0,0,0.250293,-0.493754,0.832803
0,0,0.621101,0.703721,0.344977
0,0,-0.43484,-0.379191,0.816779
0,0,0.758415,0.535215,0.371955
0,0,0.0117405,-0.00519236,0.999918
0,0,0.730058,-0.379085,0.568603
0,0,0.79525,-0.282316,0.53654
0,0,0.886599,-0.334194,0.319775
0,0,0.751183,0.614376,0.241382
0,0,-0.391995,-0.235147,0.889407
0,0,0.509194,0.22887,0.829663
0,0,-0.882075,0.382193,0.275449
14.2788,18.6489,0.480301,-0.373518,0.793596
0,0,0.0792653,0.287438,0.954514
0,0,-0.429002,0.0124191,0.903218
0,0,0.474525,0.826593,0.302606
0,0,-0.196132,0.416824,0.887576
0,0,-0.282871,-0.810429,0.51302
0,0,0.381822,0.891255,0.244698
0,0,0.700776,-0.318936,0.638117
0,0,-0.2673,-0.424453,0.865095
0,0,-0.735627,0.584473,0.34241
0,0,0.240034,0.799276,0.550946
0,0,-0.859651,-0.300765,0.412966
0,0,-0.553377,0.225505,0.801824
0,0,0.519415,0.65936,0.543555
0,0,0.812045,0.312405,0.492936
0,0,0.393232,0.1278,0.910514
5.9169,8.76292,0.370347,0.39744,0.839574
0,0,0.060848,-0.784511,0.617122
0,0,0.0222986,0.797812,0.602493
0,0,0.800505,-0.580428,0.149318
0,0,-0.89349,-0.432423,0.121187
0,0,-0.783558,-0.452776,0.425477
0,0,-0.59637,-0.492376,0.633963
0,0,-0.047357,0.85344,0.519036
0,0,0.64223,-0.0516883,0.764767
0,0,-0.512092,-0.131995,0.848728
0,0,0.216527,0.804307,0.553359
0,0,-0.934637,0.161826,0.316648
0,0,0.912142,-0.223525,0.343559
0,0,-0.67522,-0.494504,0.547306
0,0,-0.0666167,-0.997726,0.0102603
0,0,0.377041,-0.487005,0.787824
0,0,0.628347,0.235527,0.741422
0,0,-0.731393,0.634084,0.251004
0,0,-0.6159,0.372295,0.694308
0,0,-0.424924,0.818318,0.387035
18.4872,25.1825,-0.645617,0.754908,-0.115294
0,0,0.360371,-0.805482,0.470459
0,0,0.534839,0.839683,0.094232
0,0,0.344571,0.690541,0.635943
0,0,-0.426761,0.186926,0.884835
0,0,0.591143,-0.149284,0.792631
0,0,-0.125315,0.143477,0.981688
0,0,0.114157,0.992011,0.0536873
0,0,0.847901,0.448999,0.281893
0,0,0.608387,-0.29048,0.738571
0,0,-0.958201,-0.0847246,0.273261
0,0,0.767196,-0.604193,0.215317
0,0,-0.612337,-0.585349,0.531422
0,0,0.180351,-0.965545,0.187605
0,0,0.831943,0.362635,0.419961
0,0,0.050015,0.00960923,0.998702
0,0,0.0682474,-0.975002,0.211454
0,0,-0.404558,0.753231,0.51863
0,0,-0.265565,-0.772768,0.576459
0,0,-0.912193,-0.014808,0.409494
0,0,0.39209,0.897046,0.203898
0,0,0.751912,0.399979,0.524066
0,0,0.178151,0.321268,0.93008
0,0,-0.126443,0.565144,0.815245
0,0,0.568263,0.659354,0.49227
0,0,-0.0300892,-0.692483,0.720806
0,0,0.989269,0.146,0.00550593
23.4853,32.8412,0.117123,-0.0638925,0.99106
0,0,-0.0766064,-0.890056,0.449369
0,0,0.867337,-0.497708,0.00371827
0,0,-0.508295,0.622398,0.595195
0,0,0.0957426,-0.190223,0.977061
0,0,0.783157,-0.180678,0.594997
0,0,-0.470066,0.284655,0.83547
0,0,0.78578,-0.191747,0.588033
0,0,-0.827666,0.152173,0.540196
0,0,-0.900469,0.298448,0.316362
0,0,0.885853,0.459878,0.0614568
0,0,-0.145787,-0.675214,0.723071
0,0,-0.469414,-0.200681,0.859871
0,0,-0.491419,-0.808757,0.323139
0,0,-0.476547,0.299308,0.82663
0,0,-0.77196,-0.415013,0.4815
0,0,0.637639,-0.540123,0.549258
0,0,-0.687486,0.449184,0.57061
0,0,0.707956,0.373576,0.599365
0,0,-0.130675,0.922972,0.362005
0,0,-0.901434,-0.427305,0.0694811
0,0,-0.661424,-0.212317,0.719333
20.3701,28.9813,-0.349357,0.435962,0.829389
0,0,-0.44249,-0.895724,0.0433695
0,0,-0.785971,0.616359,0.0484865
0,0,-0.455923,0.838987,0.297046
0,0,-0.984636,-0.026448,0.172607
0,0,0.929202,0.348046,0.124286
0,0,0.411558,-0.810187,0.417393
0,0,-0.846531,-0.138602,0.513979
0,0,0.510028,-0.780322,0.361896
0,0,-0.05838,-0.860489,0.506113
0,0,-0.236583,0.709949,0.663326
0,0,-0.248654,-0.0319349,0.968066
0,0,0.269099,-0.758267,0.593815
0,0,0.79939,-0.00172411,0.60081
0,0,0.870397,-0.489785,0.0501897
0,0,-0.899368,-0.432242,0.0656016
0,0,0.867855,0.483835,0.112834
0,0,0.0924222,0.98878,0.117357
0,0,-0.0663431,0.00963564,0.99775
0,0,0.278949,-0.803928,0.52525
0,0,-0.953664,-0.209139,0.2163
0,0,-0.405737,-0.0959213,0.908942
0,0,0.797488,-0.344346,0.495418
0,0,-0.835333,-0.233527,0.497679
0,0,0.308463,0.944093,0.11636
0,0,0.424991,0.45086,0.784926
0,0,-0.4862,-0.873841,0.00331619
0,0,-0.152563,0.279678,0.947895
0,0,-0.359244,0.656241,0.663544
0,0,0.485082,-0.828199,0.280682
0,0,-0.512423,-0.0220205,0.858451
0,0,-0.107241,0.931883,0.346545
0,0,0.759421,0.381442,0.52705
0,0,-0.928498,0.253016,0.2718
0,0,0.885618,0.462018,0.0471284
0,0,0.803963,0.594218,0.0234172
0,0,0.706802,-0.595013,0.382611
0,0,-0.254669,-0.945019,0.205142
0,0,-0.806974,0.551638,0.210922
0,0,0.69942,-0.0511247,0.71288
0,0,0.772259,0.620694,0.135483
0,0,0.80109,-0.143032,0.581203
0,0,0.664329,-0.183874,0.72447
0,0,0.0308396,0.174658,0.984146
0,0,-0.367301,-0.468506,0.803487
0,0,-0.604516,-0.0759458,0.792965
0,0,0.540295,0.81202,0.220692
0,0,-0.149344,0.684032,0.714
0,0,-0.958578,0.221062,0.179612
0,0,0.61298,-0.686547,0.391034
0,0,0.527393,-0.659849,0.535216
0,0,0.337577,-0.568754,0.750041
0,0,0.0404084,-0.454938,0.889606
0,0,0.636981,-0.743265,0.204482
21.1574,26.8405,-0.347137,-0.161984,0.923719
0,0,-0.590349,0.799332,0.112054
0,0,-0.389373,-0.565173,0.727302
0,0,0.813648,-0.452494,0.365001
0,0,-0.527139,-0.560581,0.63865
10.0167,15.4848,0.391192,0.0784934,0.916956
0,0,-0.0445492,0.341775,0.938725
0,0,0.9338,-0.0793285,0.34889
0,0,-0.759471,0.497348,0.419343
0,0,0.975925,0.217362,0.0180287
0,0,0.617116,-0.201896,0.76053
0,0,0.490252,0.316223,0.812192
0,0,0.27564,-0.505452,0.817643
0,0,0.858513,-0.462442,0.221592
0,0,-0.506914,0.809117,0.297266
0,0,-0.987599,-0.103548,0.118012
0,0,-0.705985,-0.0619254,0.705514
0,0,-0.570852,0.248453,0.782559
0,0,-0.246068,-0.842652,0.478945
0,0,-0.00702868,0.738589,0.674119
0,0,-0.0312346,0.788206,0.614618
0,0,0.921512,0.135425,0.363973
0,0,-0.398933,0.89181,0.213371
0,0,0.834984,0.273761,0.477344
0,0,0.928725,0.360869,0.0851126
0,0,0.742117,0.340427,0.577383
0,0,-0.52059,-0.832749,0.188456
0,0,-0.334795,-0.929202,0.156512
0,0,0.688017,0.625959,0.367161
0,0,-0.671869,-0.448397,0.589518
0,0,-0.782997,-0.587772,0.203567
0,0,0.083582,0.572927,0.815333
0,0,0.623274,0.0761436,0.778287
0,0,-0.995148,0.0628597,0.075686
0,0,-0.400109,0.4533,0.796513
0,0,0.612559,0.535125,0.581732
0,0,-0.0757653,0.169144,0.982675
0,0,-0.369481,0.564208,0.738345
0,0,0.724065,0.185451,0.664333
0,0,-0.458017,-0.777791,0.430421
0,0,-0.92916,0.301442,0.213998
0,0,0.405206,0.519481,0.752295
0,0,0.0496823,-0.945447,0.321965
0,0,0.835286,-0.435227,0.335969
0,0,0.673887,-0.185072,0.71528
0,0,-0.664099,0.261257,0.700512
18.6896,28.8596,0.196732,-0.323709,0.925478
0,0,0.773422,0.481719,0.412025
0,0,-0.378538,-0.748734,0.544157
0,0,0.376999,-0.823994,0.422973
0,0,0.822575,-0.543099,0.168561
0,0,-0.162698,0.878907,0.448389
0,0,0.627265,0.285807,0.724468
0,0,-0.0946432,-0.635363,0.766392
0,0,0.18184,-0.544577,0.818762
0,0,0.757678,0.0503205,0.650686
0,0,-0.702481,-0.0612418,0.709062
0,0,-0.540353,-0.795976,0.272837
0,0,-0.312304,-0.475302,0.822529
0,0,0.123943,-0.789063,0.601679
0,0,-0.813365,0.390875,0.430877
0,0,0.0034889,0.973679,0.227896
0,0,0.413526,0.760833,0.50013
0,0,-0.263617,0.672611,0.691448
0,0,-0.911886,0.385202,0.141712
0,0,-0.909627,0.19413,0.367277
0,0,-0.227163,-0.928548,0.293591
0,0,0.370781,0.838452,0.399398
0,0,-0.628374,0.69805,0.343326
0,0,0.371161,0.644655,0.668325
0,0,-0.596803,-0.662676,0.452423
0,0,-0.683937,-0.532491,0.498682
0,0,-0.597989,0.572588,0.560849
0,0,-0.12908,0.967662,0.216721
0,0,0.898733,-0.426455,0.102052
0,0,0.597802,-0.636302,0.487599
23.2529,33.1861,0.0339552,-0.317533,0.947639
0,0,0.413293,0.276448,0.867621
0,0,0.598013,0.108581,0.794097
0,0,-0.364437,-0.185178,0.91263
0,0,0.896828,0.261941,0.356492
0,0,0.110607,0.427567,0.897191
0,0,0.238521,0.50114,0.831846
0,0,0.941095,0.316069,0.120167
0,0,-0.174691,-0.26647,0.94788
0,0,0.431476,0.463223,0.774115
0,0,0.627822,-0.74482,0.226013
0,0,0.996665,0.0511379,0.0635857
0,0,0.0451011,0.533656,0.844498
0,0,-0.323553,0.852632,0.410282
0,0,-0.212762,-0.816868,0.536151
0,0,-0.84834,0.371446,0.37729
0,0,-0.560061,0.465358,0.685401
0,0,0.983105,-0.176202,0.049573
0,0,-0.687248,-0.697412,0.20324
0,0,-0.194512,-0.853485,0.483454
0,0,-0.156163,-0.954386,0.254479
0,0,0.239017,-0.0700038,0.968489
0,0,-0.866603,-0.452267,0.210841
0,0,0.467542,-0.877407,0.107524
0,0,0.474372,0.188088,0.859997
0,0,0.541944,0.379329,0.749938
0,0,0.872941,0.462061,0.156441
0,0,-0.0659736,-0.358833,0.931067
0,0,0.204245,-0.954121,0.218946
0,0,-0.0296994,-0.776447,0.629482
0,0,-0.721722,0.348484,0.598061
0,0,-0.733498,-0.194088,0.651391
0,0,-0.492824,-0.648709,0.579915
0,0,0.791726,0.430009,0.433893
0,0,0.354404,-0.681668,0.640098
0,0,-0.555712,-0.801317,0.221532
0,0,-0.948113,-0.0937056,0.303812
0,0,-0.561113,-0.595978,0.574424
0,0,-0.047671,-0.81311,0.580155
0,0,-0.280669,0.919835,0.274096
0,0,-0.50319,-0.289571,0.814216
0,0,-0.986295,0.150127,0.0684367
0,0,-0.335078,0.941923,0.0224424
0,0,0.352759,-0.789902,0.501613
0,0,0.350263,-0.869014,0.349472
0,0,0.473188,-0.355894,0.805874
0,0,-0.623315,-0.672287,0.399386
0,0,-0.535632,0.152202,0.830622
0,0,0.249513,-0.697221,0.672031
0,0,0.977702,-0.206328,0.0390836
0,0,-0.741922,-0.429314,0.515016
0,0,0.470823,-0.615487,0.632061
0,0,0.499636,0.339815,0.796799
24.3041,31.8186,0.825919,0.0712254,0.559272
21.5233,29.3247,0.281804,0.0885885,0.955373
0,0,0.478017,0.631636,0.610358
0,0,0.683748,-0.657242,0.317052
0,0,-0.346862,0.0578823,0.936129
0,0,-0.913973,-0.114983,0.389144
0,0,0.510042,-0.713379,0.48057
0,0,0.253259,-0.907722,0.334514
0,0,0.547244,-0.209133,0.810424
0,0,0.605851,-0.790567,0.0891513
0,0,0.779347,0.618999,0.097259
0,0,-0.85502,0.0215065,0.518149
0,0,-0.412406,-0.806207,0.424206
0,0,0.226383,0.0479256,0.972859
0,0,-0.575803,-0.747805,0.330512
0,0,0.895982,-0.442746,0.0345428
0,0,-0.136101,0.0334476,0.99013
0,0,0.738447,0.634394,0.228562
0,0,-0.527525,-0.316778,0.78827
0,0,0.924625,0.145472,0.352003
0,0,0.971884,-0.171965,0.160839
0,0,0.443608,-0.610552,0.656078
0,0,-0.521467,0.534262,0.665309
0,0,-0.47014,0.637262,0.610628
0,0,-0.456157,0.845998,0.276059
0,0,0.984711,-0.172,0.0275636
0,0,-0.554189,0.293465,0.778944
0,0,0.0539121,-0.810984,0.582579
0,0,-0.312178,0.353518,0.881799
18.9123,28.4839,-0.136783,0.0224152,0.990347
0,0,-0.62489,-0.089022,0.775621
0,0,-0.942526,0.00275301,0.334122
0,0,-0.888395,-0.23977,0.39149
0,0,-0.152693,-0.415223,0.896813
0,0,0.215947,-0.410287,0.88602
0,0,-0.0947711,-0.635953,0.765887
0,0,0.251801,-0.908561,0.333336
0,0,0.990905,-0.112509,0.0738215
0,0,-0.735241,-0.0751227,0.67363
0,0,-0.968275,-0.166136,0.186661
0,0,0.291339,0.291736,0.91105
0,0,-0.00629073,0.499055,0.866547
0,0,0.896547,0.434827,0.084431
0,0,-0.0518976,-0.895335,0.442359
0,0,0.150945,0.600486,0.785259
0,0,-0.703167,-0.0720987,0.70736
0,0,-0.214894,0.976262,0.0270901
0,0,0.832855,-0.480122,0.275382
0,0,0.0626144,0.850197,0.522728
0,0,0.578293,-0.616657,0.534146
0,0,0.671153,0.647081,0.361718
0,0,-0.230027,0.309596,0.922626
0,0,0.275081,0.583376,0.764201
0,0,0.975552,-0.160151,0.150497
0,0,0.313105,0.354394,0.881119
0,0,0.616733,-0.586298,0.525256
0,0,0.191602,-0.0243688,0.98117
0,0,0.208222,-0.973125,0.0983469
0,0,-0.481162,0.186759,0.856507
0,0,0.967083,-0.0274973,0.252972
0,0,0.00141509,0.937679,0.347499
0,0,-0.0221855,-0.753633,0.656921
0,0,0.258748,-0.596288,0.759927
0,0,0.721282,0.689829,0.0623518
0,0,0.476924,0.754794,0.450366
0,0,-0.679463,-0.719971,0.141322
0,0,-0.594892,-0.261637,0.760033
0,0,0.870684,-0.394907,0.293186
0,0,0.869757,-0.0991784,0.483411
0,0,-0.0626805,0.701941,0.709472
0,0,0.916094,0.0567619,0.396926
0,0,0.422639,0.678528,0.600813
0,0,-0.785661,-0.199655,0.585555
0,0,-0.224623,-0.971809,0.0716391
0,0,-0.107647,0.523859,0.844975
0,0,-0.595542,-0.73261,0.329564
0,0,-0.938415,0.015272,0.345172
0,0,0.521147,0.224984,0.823279
0,0,-0.640932,-0.532046,0.553293
0,0,-0.464783,0.884797,0.0333371
0,0,-0.880367,0.324252,0.346142
0,0,0.354665,0.362472,0.861874
0,0,0.0542368,0.988107,0.143884
0,0,0.941367,0.124881,0.313421
0,0,-0.194343,0.30896,0.931007
0,0,0.500716,-0.631964,0.591528
0,0,-0.332581,-0.406345,0.851043
0,0,-0.603089,0.372254,0.705486
0,0,0.45692,0.723767,0.517093
0,0,-0.305352,0.771743,0.557829
0,0,-0.0820054,0.677728,0.730726
0,0,-0.318284,0.853848,0.411873
0,0,-0.31552,0.529418,0.787505
0,0,0.646999,-0.677024,0.350756
0,0,0.934866,0.100402,0.340507
0,0,-0.0315528,0.673937,0.738115
0,0,-0.868942,-0.481912,0.112696
0,0,-0.242229,0.697296,0.674614
0,0,-0.204246,-0.817452,0.538567
0,0,-0.259458,0.596114,0.759823
0,0,0.167485,-0.978599,0.119553
0,0,-0.713358,0.56205,0.418592
0,0,0.54363,0.520068,0.658783
0,0,-0.308859,-0.463056,0.830774
0,0,0.67177,0.700162,0.241863
0,0,-0.0594092,0.4957,0.86646
0,0,-0.608126,-0.615104,0.501826
0,0,0.57815,0.794616,0.185279
0,0,-0.160755,-0.6019,0.782224
0,0,0.50839,-0.857384,0.0802
0,0,-0.442475,-0.836071,0.324348
0,0,-0.60122,0.242948,0.761256
0,0,0.33703,-0.376551,0.862914
0,0,-0.384002,0.481525,0.78783
0,0,0.740638,-0.671806,0.0114907
0,0,-0.444356,-0.748268,0.492588
0,0,0.505783,0.616181,0.603742
0,0,0.809645,-0.152131,0.566861
0,0,0.785733,-0.576898,0.223187
0,0,0.688725,0.710286,0.145441
0,0,-0.589287,-0.258769,0.765362
0,0,0.73757,0.404769,0.540512
0,0,-0.10884,0.0443137,0.993071
0,0,-0.911013,0.239809,0.335482
0,0,0.315107,0.52532,0.790409
0,0,0.805244,-0.0584356,0.590057
0,0,-0.392341,0.738229,0.548713
0,0,-0.945532,0.24285,0.216777
0,0,0.836049,0.127732,0.533579
0,0,-0.867462,-0.432023,0.24671
23.9555,32.5504,0.168201,-0.790874,0.58841
0,0,-0.786841,-0.55068,0.278625
0,0,-0.860391,0.265697,0.434893
0,0,-0.787031,-0.616725,0.0152285
0,0,0.986119,-0.143039,0.0843193
0,0,-0.780485,0.275469,0.561213
0,0,-0.956991,-0.280693,0.0733489
0,0,-0.549381,-0.616896,0.563577
0,0,-0.558273,0.681296,0.473463
0,0,0.836733,0.539716,0.092649
19.7614,29.3063,-0.251596,0.817736,0.517695
0,0,-0.578973,-0.478492,0.660179
0,0,0.870446,-0.0718773,0.486989
0,0,-0.0275352,0.242226,0.969829
0,0,-0.345396,0.400031,0.848927
0,0,-0.805667,-0.104902,0.583007
0,0,0.431336,-0.475325,0.766821
0,0,-0.39388,-0.900942,0.182103
0,0,0.327012,0.426037,0.843538
0,0,0.972186,-0.0924326,0.215198
0,0,-0.999094,-0.00736551,0.0419246
0,0,0.970268,-0.188746,0.151507
23.2635,34.7454,0.0388445,0.529211,0.8476
0,0,-0.938596,-0.0956446,0.331497
0,0,-0.753351,-0.459571,0.470379
0,0,0.325648,-0.942381,0.0766191
0,0,-0.856021,-0.408084,0.317325
0,0,-0.420122,-0.760131,0.49568
0,0,0.696672,0.349357,0.626577
0,0,-0.497769,0.628112,0.598082
0,0,0.625728,-0.558985,0.544059
0,0,-0.120111,-0.325169,0.937997
0,0,-0.07873,-0.939716,0.33277
0,0,0.569974,-0.73324,0.370796
0,0,-0.478616,-0.688111,0.545372
0,0,0.918702,0.329942,0.217083
0,0,-0.599809,0.253383,0.758964
0,0,0.285047,0.915999,0.282302
0,0,-0.275091,-0.890237,0.363047
0,0,-0.315467,-0.497748,0.807915
0,0,-0.375201,0.88343,0.280669
0,0,0.0902816,0.989408,0.113674
0,0,-0.215747,-0.542182,0.812091
0,0,0.24874,0.734203,0.631723
0,0,-0.913935,-0.20138,0.352376
0,0,0.459029,-0.887695,0.0359323
0,0,-0.0848465,0.672722,0.735014
0,0,-0.69274,-0.684011,0.22856
0,0,0.734884,-0.675474,0.0606744
0,0,0.769695,0.420369,0.480479
0,0,-0.0285311,0.286495,0.957657
0,0,0.654944,0.447024,0.609277
0,0,0.312469,-0.672141,0.67126
0,0,-0.508448,-0.0729352,0.857998
0,0,-0.069201,-0.610553,0.788946
0,0,-0.575962,-0.81599,0.0492706
0,0,0.522985,0.759683,0.386483
0,0,-0.635412,-0.706713,0.311141
0,0,-0.271691,0.517332,0.811512
0,0,0.486078,0.214596,0.847158
0,0,0.244078,-0.492522,0.835373
0,0,0.165054,-0.317572,0.933759
0,0,0.800045,-0.586517,0.126198
0,0,0.502766,0.214074,0.837495
0,0,-0.169005,0.976795,0.131561
0,0,0.757342,0.65157,0.043483
0,0,0.569292,0.223924,0.791053
0,0,-0.475896,-0.719594,0.505676
0,0,0.322082,0.206953,0.923815
0,0,0.262236,-0.825666,0.499508
0,0,0.616206,0.19165,0.763911
0,0,-0.112508,-0.476294,0.872058
0,0,0.650323,0.341409,0.678616
0,0,-0.690501,-0.471855,0.548234
0,0,-0.983849,-0.176997,0.0267054
0,0,0.298507,-0.452129,0.840519
0,0,-0.457272,0.165429,0.873805
0,0,0.433027,-0.270175,0.859938
0,0,0.914721,0.222642,0.337218
0,0,0.291948,-0.0266173,0.956064
0,0,0.287342,-0.95026,0.120172
0,0,-0.711608,-0.363942,0.600965
0,0,-0.722645,0.682249,0.110996
0,0,0.117611,0.482213,0.868124
0,0,-0.591316,0.523015,0.613841
0,0,0.523295,-0.725545,0.44693
0,0,0.352437,0.576307,0.737332
0,0,-0.00120197,-0.381093,0.924536
0,0,0.809833,0.271929,0.519831
0,0,0.268656,0.486811,0.831167
0,0,-0.802013,0.522649,0.289159
0,0,-0.341354,-0.380101,0.859651
0,0,0.204331,0.60671,0.768213
0,0,-0.350955,0.0489857,0.93511
0,0,0.487184,-0.273797,0.829269
0,0,0.203166,0.472684,0.857492
0,0,0.609011,-0.710134,0.353293
0,0,-0.0147957,-0.395709,0.918257
0,0,-0.820944,0.474198,0.318099
0,0,-0.959572,0.0154629,0.28104
0,0,0.980738,-0.166991,0.101323
0,0,-0.621034,0.732749,0.2782
0,0,0.455454,0.620747,0.63815
0,0,0.776798,-0.593861,0.209558
0,0,-0.712766,-0.535125,0.453437
0,0,-0.787192,-0.359786,0.500883
0,0,0.489486,-0.153348,0.858422
0,0,-0.832582,-0.303625,0.46327
0,0,0.224122,-0.972792,0.0586938
0,0,0.878182,-0.395363,0.269231
0,0,0.379396,0.705573,0.598519
0,0,0.68257,-0.570516,0.456738
0,0,-0.858838,0.240033,0.452527
0,0,-0.520804,-0.279193,0.80673
11.8318,16.4582,-0.0531918,0.274154,0.960214
0,0,0.223323,0.974546,0.0196806
0,0,-0.130072,0.129331,0.983034
4.65997,6.8685,0.47128,0.878541,-0.0778576
0,0,-0.959519,-0.269459,0.0819481
0,0,0.535079,0.831928,0.146919
0,0,0.480562,0.866835,0.132882
0,0,-0.24618,-0.599293,0.761737
0,0,0.281451,0.41404,0.865654
0,0,0.448964,-0.828582,0.33449
0,0,0.0143925,0.268798,0.963089
0,0,0.259211,-0.85116,0.456439
17.6458,25.1128,-0.153963,0.929346,0.335577
0,0,-0.6058,0.314924,0.730636
0,0,0.117268,0.897949,0.424189
0,0,0.88188,0.436637,0.177863
0,0,-0.918665,-0.375725,0.122003
0,0,-0.455322,-0.642644,0.61619
0,0,0.704676,-0.679819,0.203169
0,0,0.758152,-0.533174,0.375406
0,0,-0.250235,-0.837083,0.486492
0,0,-0.972369,-0.161007,0.169043
0,0,0.514819,0.824933,0.233338
0,0,-0.802014,0.595892,0.0410647
0,0,-0.616355,-0.745558,0.253475
0,0,0.6956,-0.477017,0.537211
0,0,-0.594886,0.23733,0.767975
0,0,-0.237739,0.956958,0.166466
0,0,-0.466538,0.870801,0.155076
0,0,0.814437,-0.573331,0.089356
0,0,-0.799036,0.570836,0.188911
0,0,-0.848848,0.15758,0.504604
0,0,0.550405,-0.178303,0.815636
0,0,-0.966748,-0.24517,0.0727252
0,0,0.914099,0.210215,0.346745
0,0,-0.322875,-0.751059,0.5759
0,0,0.146324,0.986593,0.0722769
0,0,-0.983547,0.147093,0.104881
0,0,0.75875,0.612071,0.222862
0.045906,0.0738757,0.167708,0.319912,0.932486
0,0,-0.779465,0.477762,0.405189
0,0,0.650571,-0.529158,0.544748
0,0,0.157215,-0.154712,0.97537
0,0,-0.200251,-0.681145,0.704231
0,0,-0.580996,0.782487,0.223957
0,0,-0.354896,-0.597945,0.718687
0,0,-0.304518,-0.950487,0.0620002
0,0,-0.390664,0.780726,0.487697
0,0,0.662616,-0.379558,0.645659
0,0,0.591712,-0.734249,0.332798
0,0,-0.975108,-0.0395547,0.218176
0,0,-0.265392,-0.770009,0.580218
0,0,0.541681,0.16103,0.825016
0,0,-0.596516,-0.421477,0.683027
0,0,0.702997,0.177366,0.688721
0,0,0.363295,-0.241169,0.899919
0,0,0.676386,0.63139,0.379273
0,0,-0.231535,-0.226402,0.946115
0,0,0.960578,-0.255446,0.109715
0,0,-0.402398,-0.535164,0.742749
0,0,-0.21787,-0.974827,0.0473789
0,0,0.430013,0.555004,0.712081
0,0,-0.823966,0.503128,0.260655
0,0,-0.669342,-0.229513,0.706615
0,0,0.809122,0.533141,0.247148
0,0,0.585067,0.787156,0.195145
0,0,-0.136519,0.172985,0.975417
0,0,-0.742551,-0.142304,0.654498
0,0,0.783147,0.0298644,0.621119
0,0,0.0186748,0.480364,0.876871
0,0,-0.144228,0.367353,0.918831
0,0,-0.10966,-0.857672,0.502368
0,0,-0.765895,0.617043,0.180726
0,0,-0.217526,0.595028,0.773708
0,0,-0.386858,-0.699367,0.601021
0,0,0.965496,0.150625,0.212437
0,0,0.981083,-0.0575419,0.184836
0,0,0.304223,-0.834074,0.460183
0,0,-0.987203,-0.12487,0.099184
0,0,-0.0251083,-0.732806,0.679974
0,0,-0.494301,0.582529,0.645234
0,0,-0.850063,0.108473,0.515389
0,0,0.338863,-0.77276,0.536669
0,0,0.962416,-0.259086,0.0814257
0,0,-0.26939,0.89881,0.345789
0,0,0.782854,0.122474,0.610033
0,0,-0.921303,0.21224,0.325813
0,0,-0.510858,0.857177,0.0653588
0,0,-0.351762,0.909732,0.22057
0,0,-0.465105,0.827046,0.315708
0,0,-0.101358,-0.125548,0.986896
0,0,0.495393,0.507254,0.70518
0,0,-0.798245,0.514301,0.313528
0,0,0.273504,0.110354,0.955519
0,0,0.977349,-0.179974,0.111352
0,0,0.108469,0.766641,0.632847
0,0,-0.317211,-0.94733,0.0440734
3.17119,4.37715,0.0215365,0.392531,0.919487
0,0,0.876117,-0.154183,0.456778
0,0,0.269082,0.720906,0.638663
0,0,0.0328258,0.319608,0.946981
0,0,0.495365,0.226897,0.838529
0,0,-0.238019,0.755579,0.610285
0,0,-0.48153,0.551237,0.681371
0,0,-0.314615,0.674906,0.667472
0,0,0.448421,0.859556,0.245116
0,0,-0.224799,0.956834,0.184211
0,0,-0.376407,0.820961,0.429348
0,0,-0.231626,-0.0760212,0.96983
0,0,-0.431936,-0.761236,0.483685
0,0,0.954686,-0.185707,0.232567
0,0,-0.891746,-0.130661,0.433262
0,0,0.0339324,0.774204,0.632025
0,0,0.887226,-0.433438,0.157993
0,0,-0.434273,0.175606,0.883498
0,0,0.352145,0.538106,0.765791
0,0,-0.709846,-0.663742,0.235722
0,0,-0.386636,-0.221669,0.895196
0,0,-0.897854,0.337922,0.282255
0,0,0.109625,0.059697,0.992179
0,0,-0.767987,0.0965043,0.633153
0,0,-0.885195,0.442478,0.143674
0,0,0.315453,0.0512008,0.947559
0,0,-0.882822,0.238748,0.404505
0,0,-0.988876,0.137381,0.057021
0,0,-0.0189572,0.931212,0.363984
0,0,-0.461354,-0.374307,0.804392
0,0,0.194573,0.84847,0.492178
0,0,0.614419,0.648648,0.449162
0,0,0.606495,-0.239751,0.758079
0,0,0.446058,-0.890603,0.0886446
0,0,-0.675976,-0.540125,0.501319
0,0,-0.621261,0.1162,0.77494
0,0,0.681375,0.0506769,0.730178
0,0,-0.278883,0.548524,0.788255
0,0,-0.392446,-0.811527,0.432909
0,0,0.573929,0.777825,0.256111
0,0,0.423229,-0.596882,0.681622
0,0,-0.547098,-0.130732,0.826797
0,0,0.262832,-0.914189,0.308509
0,0,-0.658348,0.725928,0.199014
10.2407,13.81,0.597485,0.155056,0.786746
0,0,-0.712947,-0.0703955,0.697676
0,0,-0.682622,0.585057,0.437876
0,0,0.605746,0.742536,0.285853
0,0,0.899649,-0.390029,0.196236
0,0,0.231538,0.904896,0.357146
0,0,0.17754,0.982,0.0644569
0,0,0.864225,0.374802,0.335617
0,0,0.81028,0.56327,0.16178
0,0,0.681376,0.536777,0.497592
0,0,-0.27448,0.916103,0.292261
0,0,-0.675342,0.242238,0.696587
0,0,-0.649673,-0.414865,0.637033
0,0,0.958541,0.108696,0.263408
0,0,0.737315,-0.309743,0.600355
0,0,0.852731,0.283871,0.438482
0,0,-0.787429,-0.613685,0.05785
0,0,0.611674,-0.517713,0.598187
0,0,0.191059,-0.977368,0.0908244
0,0,0.693376,0.00509647,0.720558
0,0,0.505827,-0.209771,0.836741
0,0,-0.667706,0.286725,0.686992
0,0,0.580235,-0.802969,0.136265
0,0,-0.750167,-0.641166,0.161729
0,0,-0.51328,0.571373,0.640372
0,0,-0.884413,0.222399,0.410308
0,0,0.988383,0.150677,0.0198998
0,0,-0.460442,-0.877015,0.137252
0,0,0.488917,0.0408934,0.871371
0,0,0.0850785,-0.108131,0.990489
0,0,-0.193467,0.702909,0.684463
0,0,-0.00454277,-0.492332,0.870396
0,0,0.724078,0.272718,0.633511
0,0,0.678713,-0.58405,0.445234
0,0,0.414374,-0.745554,0.521961
0,0,-0.352521,-0.773546,0.526645
0,0,0.929075,0.0779789,0.361579
0,0,-0.0444745,0.997783,0.049508
0,0,-0.312418,0.0928575,0.945395
0,0,-0.190753,-0.648895,0.736579
0,0,0.93989,-0.129457,0.315987
0,0,-0.914491,0.245865,0.321335
0,0,0.442017,-0.226771,0.867868
0,0,0.3153,0.903996,0.288752
0,0,0.471655,-0.834581,0.284634
0,0,0.65834,0.730866,0.180065
0,0,-0.576641,0.304938,0.757956
0,0,-0.126031,0.54398,0.82958
0,0,0.468753,-0.838999,0.276317
0,0,-0.709759,-0.57603,0.405501
0,0,0.325945,0.937676,0.120513
0,0,0.730865,0.302063,0.612041
0,0,0.258099,0.959601,0.11203
0,0,0.925397,-0.373644,0.0634941
0,0,-0.728694,-0.672418,0.129845
0,0,-0.432148,-0.899369,0.0662095
0,0,-0.425793,0.437758,0.791876
0,0,-0.498105,-0.0907413,0.862356
0,0,0.242835,-0.753953,0.610399
0,0,-0.822725,-0.0273564,0.567781
0,0,-0.472054,-0.0922365,0.876731
0,0,-0.96476,-0.0288535,0.261543
0,0,-0.923932,-0.363379,0.119603
0,0,-0.251152,-0.627304,0.737165
0,0,-0.709499,-0.432226,0.556589
0,0,-0.477881,-0.678205,0.558272
0,0,0.579864,-0.240798,0.778315
0,0,0.317867,0.739596,0.593261
0,0,0.750021,-0.650738,0.11836
0,0,-0.582197,-0.616122,0.53051
0,0,0.781863,-0.4797,0.398219
0,0,-0.614449,-0.787276,0.0514647
0,0,0.928604,-0.255578,0.269024
0,0,-0.272725,-0.221707,0.936198
0,0,0.0258147,0.515339,0.856598
0,0,0.0593677,0.98677,0.150868
0,0,0.31596,0.133866,0.939281
0,0,-0.0899842,0.343948,0.934667
0,0,-0.41863,-0.852554,0.31289
0,0,-0.568003,-0.026164,0.822611
0,0,0.539509,-0.839313,0.0669595
0,0,0.261048,0.939246,0.222869
0,0,0.0774872,-0.301815,0.950212
0,0,0.155268,-0.769065,0.620025
0,0,-0.804092,-0.593477,0.0349495
0,0,0.999368,-0.0261235,0.024117
13.8133,18.9244,-0.303792,-0.509899,0.804807
0,0,0.895667,0.292902,0.334647
0,0,-0.215847,-0.779927,0.587472
0,0,-0.407096,0.673373,0.617124
0,0,0.728794,-0.38133,0.568723
0,0,0.186902,0.362439,0.913075
21.7047,30.4928,-0.160307,0.128454,0.978673
0,0,0.834002,-0.1327,0.535567
0,0,-0.625192,-0.354064,0.695538
0,0,0.635812,0.466723,0.614746
0,0,-0.965286,-0.0868332,0.246337
0,0,0.199523,-0.979562,0.0254792
0,0,0.271408,-0.48332,0.83231
0,0,0.832883,0.552043,0.0394222
0,0,0.773377,0.571128,0.275139
0,0,0.555407,0.150253,0.817892
0,0,0.143523,-0.901228,0.408888
0,0,0.309783,0.75442,0.578693
0,0,0.262574,0.950102,0.168406
0,0,0.00308818,-0.622865,0.782323
0,0,0.352444,-0.874244,0.333889
0,0,-0.557846,-0.392794,0.731109
0,0,0.891384,0.453244,0.00218721
0,0,-0.402703,-0.792009,0.458859
0,0,-0.105487,0.94354,0.314014
0,0,0.775024,-0.217892,0.593178
0,0,0.496257,0.44617,0.744756
0,0,0.368586,-0.707658,0.602797
0,0,0.597471,-0.628665,0.497804
0,0,-0.605258,-0.0256593,0.795616
0,0,0.921199,0.25576,0.293222
0,0,0.483702,-0.637484,0.599705
0,0,0.733396,0.390415,0.556513
0,0,-0.422548,-0.795489,0.43434
0,0,0.909035,0.323572,0.262597
0,0,0.335457,0.279061,0.899774
0,0,-0.00773103,0.8445,0.535499
0,0,0.949116,0.2258,0.219531
0,0,-0.462113,0.8157,0.347972
0,0,-0.158129,-0.957143,0.242636
0,0,-0.211837,-0.709386,0.672233
0,0,0.328927,0.117732,0.936988
0,0,0.634583,-0.405176,0.658131
0,0,0.657072,0.320207,0.68244
0,0,-0.758845,-0.650843,0.0236188
0,0,-0.0492062,-0.50377,0.862435
0,0,-0.651116,-0.697266,0.299781
0,0,0.149303,0.459329,0.875628
0,0,-0.0369594,0.692501,0.72047
0,0,0.777177,-0.542225,0.319355
0,0,0.662678,0.177922,0.727462
0,0,0.605046,0.686336,0.403562
0,0,0.579564,-0.800747,0.151356
0,0,0.130819,-0.474153,0.87067
0,0,0.945273,0.295326,0.138715
0,0,0.478202,-0.101009,0.872422
0,0,0.115155,-0.800398,0.588304
0,0,0.647913,0.718886,0.251817
0,0,0.938079,0.198391,0.283986
0,0,-0.701655,-0.705103,0.102521
0,0,-0.409167,-0.500394,0.763012
0,0,-0.430139,-0.215729,0.876608
0,0,-0.613311,0.112605,0.781774
0,0,0.55709,-0.760594,0.333389
0,0,-0.47824,-0.52145,0.706666
0,0,-0.70797,0.694498,0.128263
0,0,-0.814101,-0.343204,0.468456
0,0,-0.988345,0.141127,0.0570711
0,0,-0.268951,-0.306894,0.912952
0,0,0.0388447,0.797278,0.602361
0,0,-0.048818,-0.217871,0.974756
0,0,0.810475,-0.579955,0.0823527
0,0,0.179301,0.505562,0.843954
0,0,-0.421027,-0.0482039,0.905767
0,0,-0.406703,-0.899313,0.160714
0,0,0.374301,-0.257332,0.890887
0,0,-0.185525,-0.0360046,0.98198
0,0,0.363224,-0.811313,0.458082
0,0,-0.00851331,-0.0389658,0.999204
0,0,-0.875982,0.416956,0.242494
0,0,-0.135613,0.574111,0.807468
0,0,-0.0377899,0.511065,0.858711
0,0,-0.818178,-0.556595,0.144174
0,0,-0.702929,0.353161,0.617388
0,0,0.421631,0.86787,0.262732
0,0,-0.316418,0.627002,0.711863
0,0,-0.999471,0.0316914,0.00729439
0,0,0.955078,0.269561,0.123139
0,0,-0.677279,-0.735321,0.0244366
0,0,0.800659,-0.57253,0.17651
0,0,-0.574704,0.806982,0.135998
0,0,0.0141049,0.982123,0.187709
0,0,0.0238485,0.829272,0.558336
0,0,-0.424843,0.414432,0.804832
0,0,0.744018,-0.638295,0.197527
12.0752,19.0051,-0.22826,0.263551,0.93725
0,0,0.969692,-0.243246,0.0229783
0,0,0.773981,0.619417,0.131439
0,0,0.428529,0.484226,0.762816
0,0,-0.738866,-0.0542308,0.671667
0,0,-0.162702,0.864759,0.475101
0,0,-0.451549,0.879585,0.149781
0,0,0.450494,-0.557025,0.697695
0,0,0.558954,0.258012,0.788035
1.57519,2.79167,0.144124,-0.273012,0.951153
0,0,-0.408212,-0.895925,0.175162
0,0,0.6009,0.439342,0.667756
0,0,-0.0687332,-0.652316,0.754825
0,0,0.976248,-0.0410669,0.212727
0,0,0.824777,-0.542209,0.160477
0,0,-0.324235,-0.927975,0.183666
0,0,-0.379953,0.644319,0.663693
0,0,-0.626259,0.245636,0.739907
0,0,-0.472943,0.767924,0.431994
0,0,0.813321,-0.462149,0.35345
0,0,-0.396824,-0.315837,0.861846
0,0,0.396932,-0.784871,0.47584
0,0,0.717478,-0.564965,0.40748
0,0,-0.34253,-0.151845,0.927155
0,0,0.125909,0.122759,0.984417
0,0,-0.092649,0.995597,0.0142463
0,0,-0.114557,0.694095,0.71071
0,0,0.296004,-0.910429,0.288965
0,0,-0.628265,0.613814,0.478033
0,0,-0.755537,0.223988,0.615625
0,0,0.141027,0.785599,0.602449
0,0,0.131027,-0.824945,0.549816
0,0,-0.640106,0.695083,0.327299
0,0,-0.262984,-0.107567,0.958785
0,0,0.681403,-0.337432,0.649484
0,0,-0.202682,-0.0433123,0.978286
0,0,-0.46185,-0.880671,0.105421
0,0,-0.373293,0.326351,0.868417
0,0,0.537107,-0.366244,0.759856
0,0,0.0716085,-0.741785,0.666803
0,0,0.282742,-0.848419,0.447484
0,0,-0.354841,0.796945,0.488842
0,0,-0.35441,0.714545,0.603174
0,0,-0.11595,-0.817913,0.563537
0,0,0.791209,0.00699328,0.611506
0,0,-0.89967,-0.391001,0.194193
0,0,-0.783759,-0.361385,0.505097
0,0,-0.991582,0.0497725,0.119536
0,0,-0.863144,0.0728937,0.499668
0,0,0.968013,0.0126149,0.250581
0,0,-0.79904,-0.58195,0.151226
0,0,0.107598,0.869417,0.48222
0,0,0.911825,0.119267,0.392876
0,0,-0.344249,0.188857,0.919688
0,0,-0.452329,-0.01843,0.891661
0,0,0.713222,0.565977,0.413503
0,0,0.648495,0.231122,0.725284
0,0,-0.711107,-0.0655836,0.700018
15.4771,21.7331,-0.892784,-0.331379,0.305163
0,0,0.812834,-0.38464,0.43744
0,0,-0.0224478,-0.0261796,0.999405
0,0,0.211241,-0.547262,0.809865
0,0,-0.827926,-0.518197,0.214502
0,0,0.0703368,0.580365,0.811313
0,0,0.0481008,-0.988298,0.144753
0,0,0.703842,0.337466,0.625078
0,0,-0.261222,-0.874049,0.409636
0,0,0.177587,-0.37859,0.908368
20.8369,31.9231,0.439984,-0.745737,0.50029
0,0,-0.713475,0.599999,0.361876
0,0,0.605502,0.369613,0.704807
0,0,-0.0799933,0.952104,0.295126
0,0,0.810935,-0.562407,0.161501
0,0,0.437737,-0.18038,0.880823
0,0,0.299435,-0.409689,0.861681
0,0,0.57256,-0.508404,0.643196
0,0,-0.154628,-0.553445,0.818406
0,0,-0.163528,0.244936,0.955649
0,0,0.851508,-0.35886,0.3823
0,0,0.644619,0.265734,0.716835
0,0,0.143657,-0.314984,0.938162
0,0,-0.873556,-0.229199,0.429381
0,0,-0.101377,-0.951796,0.289496
0,0,-0.228782,0.19129,0.954498
0,0,-0.578907,0.436249,0.688879
0,0,-0.719762,-0.589977,0.365882
0,0,-0.324153,0.558891,0.763259
0,0,0.576505,0.0374161,0.816237
0,0,0.449274,-0.770107,0.452866
0,0,-0.818729,-0.409316,0.402671
0,0,0.82835,-0.0493572,0.558033
0,0,-0.607545,0.698267,0.378564
0,0,-0.317909,-0.706132,0.632702
0,0,-0.604459,-0.699011,0.382116
0,0,0.585609,0.322286,0.74377
0,0,-0.524069,-0.174029,0.833706
0,0,0.418859,-0.386356,0.821758
0,0,-0.706449,0.051691,0.705874
0,0,0.243014,0.261151,0.934208
0,0,-0.618381,0.609335,0.496302
0,0,-0.506284,-0.828946,0.237749
0,0,-0.416355,0.347261,0.840273
0,0,0.712457,0.701122,0.0288627
0,0,-0.0297263,0.980082,0.196354
0,0,-0.203939,-0.605297,0.769432
0,0,-0.849869,0.482724,0.211423
0,0,-0.577319,-0.211143,0.788747
0,0,-0.31714,-0.912902,0.256966
0,0,0.479678,-0.843022,0.243356
0,0,0.229711,-0.963932,0.13442
0,0,0.93954,0.227304,0.256118
0,0,0.120081,-0.983788,0.133197
0,0,-0.415326,-0.733168,0.538488
0,0,-0.871362,-0.0945131,0.481451
0,0,0.218825,-0.377043,0.899975
0,0,-0.84492,0.180022,0.503689
0,0,-0.447905,-0.6807,0.57968
0,0,0.754709,-0.49106,0.435056
0,0,0.0931586,0.392439,0.915048
0,0,-0.804644,0.445763,0.392229
0,0,-0.887544,0.0366117,0.459265
0,0,0.959166,0.0123574,0.282572
0,0,-0.998466,0.0539132,0.0126458
0,0,-0.538861,-0.821528,0.186333
0,0,0.810928,-0.0964752,0.577137
0,0,0.964476,-0.260493,0.0439155
0,0,0.857728,0.513031,0.0331895
0,0,-0.505531,-0.0308211,0.862258
0,0,0.122129,-0.638572,0.75981
0,0,-0.0699494,0.751398,0.656131
0,0,0.824441,0.21066,0.525281
0,0,0.576385,0.221883,0.786478
0,0,0.949383,0.263763,0.170592
0,0,-0.959111,-0.00975152,0.282863
0,0,0.441947,0.469601,0.764302
0,0,-0.640986,0.244986,0.727405
0,0,0.0467363,-0.460153,0.886609
0,0,-0.81324,0.571365,0.110375
0,0,0.164961,0.936993,0.307949
0,0,-0.391003,0.32009,0.862936
0,0,0.583786,0.694207,0.421036
0,0,-0.324864,-0.320836,0.889679
0,0,0.404396,0.46127,0.789743
0,0,-0.924571,-0.0501989,0.377688
0,0,0.791936,0.497993,0.353328
0,0,-0.444698,0.143132,0.88417
0,0,-0.647866,-0.0817062,0.757359
0,0,0.840903,-0.0190133,0.540851
0,0,0.564634,0.333685,0.754879
0,0,-0.505025,0.542207,0.671537
0,0,0.642898,0.691555,0.329292
0,0,0.836011,0.460686,0.298083
0,0,0.619492,0.357292,0.69898
9.77903,12.3792,0.788545,-0.512979,0.33919
0,0,0.26328,0.28724,0.920965
0,0,0.869774,0.192381,0.454403
0,0,0.976593,-0.128981,0.172134
17.2759,25.6861,-0.106462,0.183316,0.977272
0,0,-0.407207,-0.26691,0.873465
0,0,-0.983432,0.155115,0.0938129
0,0,0.629494,0.711037,0.31331
0,0,-0.467068,-0.743622,0.478408
0,0,-0.675266,0.0562625,0.735425
0,0,-0.756076,-0.517789,0.400304
0,0,0.385954,-0.228343,0.893812
0,0,-0.315808,-0.319214,0.893514
0,0,0.0151515,0.282172,0.959244
0,0,0.446605,-0.144951,0.882912
0,0,-0.31569,-0.753586,0.576583
0,0,-0.928589,0.267125,0.257616
0,0,-0.314029,0.02953,0.948954
0,0,-0.994271,0.0616695,0.0873086
0,0,0.701188,-0.63099,0.331943
0,0,0.819269,0.529536,0.219978
0,0,-0.535051,-0.0518036,0.84323
0,0,0.477119,-0.563436,0.67446
0,0,0.842625,0.507636,0.17969
0,0,0.562875,-0.0440448,0.825367
0,0,-0.514227,-0.457494,0.725445
0,0,-0.413319,0.697941,0.584847
0,0,0.297301,-0.766631,0.569112
0,0,0.390038,-0.510576,0.766278
0,0,0.556466,-0.81063,0.182275
0,0,-0.654785,0.0212662,0.755516
0,0,0.22172,-0.348115,0.910855
0,0,-0.514973,0.759648,0.397162
0,0,0.897881,-0.415373,0.14586
0,0,0.0760142,-0.68165,0.727719
0,0,0.620251,0.0158223,0.784244
0,0,0.35904,0.368076,0.857677
0,0,-0.575576,-0.527927,0.624504
0,0,0.514704,-0.713398,0.475545
0,0,-0.211877,-0.834449,0.508727
0,0,0.96526,-0.0740591,0.250576
0,0,-0.331588,-0.70492,0.627007
0,0,0.0251514,0.0176094,0.999529
22.7817,32.3032,-0.221574,0.619905,0.752743
0,0,-0.769831,0.635216,0.0621313
0,0,-0.873692,0.143263,0.464906
0,0,0.00867955,-0.896489,0.442981
0,0,-0.278914,-0.814269,0.50909
0,0,-0.763422,0.267913,0.587715
0,0,-0.37766,0.69126,0.616062
0,0,-0.533158,0.0862062,0.841612
0,0,-0.404994,0.911871,0.0668661
0,0,0.35396,0.415336,0.837979
0,0,-0.687,0.0271123,0.726152
0,0,-0.988437,0.131725,0.0751098
0,0,-0.822979,-0.445206,0.352842
0,0,-0.820317,-0.569732,0.0498493
0,0,0.917702,0.15376,0.366307
0,0,-0.0372146,0.920404,0.389193
0,0,-0.697979,-0.617691,0.362329
0,0,0.304076,0.815372,0.492652
0,0,0.391504,-0.889703,0.234849
0,0,0.938087,-0.248425,0.241408
0,0,0.339184,-0.178249,0.923678
0,0,0.0416949,-0.805879,0.59061
23.6991,33.133,0.835712,-0.0132203,0.549008
0,0,0.832965,-0.386298,0.39616
0,0,0.453131,-0.593851,0.664841
0,0,-0.936606,-0.119604,0.329339
0,0,-0.545373,-0.246185,0.801225
0,0,-0.422674,-0.847088,0.322162
0,0,-0.881953,0.257078,0.395057
0,0,-0.866973,0.497341,0.0317764
0,0,-0.819612,-0.302346,0.486644
0,0,0.381616,0.897578,0.220735
0,0,0.404561,-0.861496,0.306848
0,0,0.448306,-0.435448,0.780645
0,0,0.739705,0.264589,0.618732
0,0,-0.636024,0.127697,0.76103
0,0,-0.302795,-0.487643,0.818853
0,0,-0.186331,0.147389,0.971369
0,0,0.30581,-0.949962,0.0636544
0,0,-0.96077,-0.0451873,0.273641
0,0,-0.398308,0.896689,0.193132
0,0,0.285209,-0.681587,0.673866
0,0,-0.612189,-0.429815,0.663689
0,0,-0.439346,0.109409,0.89163
0,0,-0.961189,-0.263915,0.0804085
9.95608,14.3801,0.170299,-0.594052,0.786194
0,0,-0.165464,0.527638,0.833199
0,0,-0.941541,0.124773,0.312941
0,0,0.233472,-0.540554,0.808265
0,0,0.237766,0.370605,0.897842
0,0,-0.666635,-0.61754,0.417423
0,0,-0.202761,0.384638,0.900523
0,0,-0.069656,-0.724222,0.68604
0,0,-0.79683,0.596269,0.0975952
0,0,0.641445,-0.306784,0.703159
0,0,0.838393,-0.233175,0.492673
0,0,0.307425,0.0845265,0.947811
0,0,-0.0431306,0.700347,0.712498
0,0,-0.694547,0.300828,0.653535
0,0,-0.653066,0.540046,0.5309
0,0,0.226646,-0.747748,0.624103
0,0,0.520416,0.0508814,0.852396
0,0,0.420929,-0.885617,0.196219
0,0,0.250763,0.456424,0.853695
0,0,-0.969749,0.23748,0.0564719
0,0,-0.787127,0.57027,0.234996
0,0,-0.73428,0.58364,0.346695
0,0,0.57419,0.353969,0.738249
0,0,-0.375144,0.322537,0.869044
0,0,-0.249026,0.888119,0.386303
0,0,0.533677,0.487736,0.690871
0,0,-0.887184,-0.0686184,0.456286
0,0,0.601445,0.549709,0.579727
0,0,-0.589664,0.176229,0.788187
0,0,-0.0411726,0.912009,0.408099
0,0,0.951995,0.133043,0.275689
0,0,-0.359525,-0.578869,0.731883
0,0,0.888406,0.218996,0.403455
0,0,0.741081,0.484597,0.464721
0,0,0.695196,-0.685178,0.217334
0,0,0.522954,0.370724,0.767517
0,0,0.294022,0.878005,0.377701
0,0,-0.236523,0.616696,0.750828
0,0,-0.309617,-0.192306,0.931212
0,0,0.601523,-0.782208,0.162235
0,0,0.179028,-0.95172,0.249354
0,0,-0.232269,0.826729,0.512416
0,0,-0.0429831,0.695912,0.716839
0,0,-0.990631,-0.0760034,0.113461
0,0,0.834968,-0.00145778,0.550296
0,0,-0.550833,0.124053,0.825345
0,0,-0.855527,0.498763,0.138956
0,0,-0.981008,0.193646,0.0111733
0,0,0.605082,0.62607,0.491845
0,0,-0.52436,-0.756415,0.391001
0,0,-0.00698378,-0.345106,0.938538
0,0,0.998856,0.0475038,0.00557171
0,0,0.833847,-0.539614,0.11626
0,0,0.809932,0.411467,0.417977
0,0,-0.611367,-0.542682,0.575957
0,0,0.516184,-0.519514,0.680925
0,0,0.134703,0.940621,0.311589
0,0,0.865924,-0.347367,0.359877
0,0,-0.962273,-0.171392,0.211321
0.191224,0.398132,0.885199,0.43258,0.171163
0,0,0.119491,-0.223502,0.967351
0,0,-0.899413,0.432317,0.0644835
0,0,0.476131,-0.152343,0.866078
0,0,0.382136,-0.436584,0.814473
0,0,-0.221312,0.746537,0.627459
0,0,-0.878222,0.478105,0.0119099
0,0,0.598149,0.537665,0.594251
0,0,-0.367021,0.60468,0.706864
0,0,-0.110924,0.95807,0.264194
0,0,-0.440584,0.79371,0.419415
0,0,0.534324,-0.772,0.344259
0,0,0.496959,0.754783,0.428176
0,0,0.181746,0.529331,0.82872
0,0,-0.716771,-0.160705,0.678537
0,0,-0.394263,-0.047007,0.917795
0,0,0.386021,0.0395311,0.921642
0,0,-0.724247,-0.188793,0.663193
0,0,0.558509,-0.0903693,0.824561
0,0,0.160807,0.201319,0.966236
0,0,-0.364439,-0.371336,0.853987
0,0,-0.793644,-0.112924,0.597811
0,0,-0.0663869,-0.212572,0.974888
0,0,0.787136,-0.604697,0.121486
0,0,0.700947,0.458301,0.546474
0,0,0.461249,0.709655,0.532578
0,0,-0.831238,0.0759219,0.550709
0,0,-0.559769,-0.183853,0.807996
0,0,-0.112714,-0.920889,0.373173
0,0,0.862557,0.504997,0.0312053
0,0,-0.740947,0.132942,0.658273
0,0,-0.887697,-0.389206,0.245994
0,0,-0.083465,-0.604473,0.792241
0,0,0.884309,0.440568,0.154585
0,0,-0.525549,-0.0918464,0.845791
0,0,-0.619364,-0.142318,0.772097
0,0,-0.380254,-0.000609902,0.924882
0,0,-0.370299,0.706562,0.603034
0,0,-0.667352,-0.11913,0.735153
0,0,0.823275,-0.293751,0.485724
0,0,-0.492337,0.558794,0.667349
0,0,0.866054,0.497931,0.0448886
0,0,-0.379678,0.881389,0.281064
0,0,0.58017,-0.677026,0.452811
0,0,-0.607578,0.76984,0.195436
0,0,-0.642587,0.721891,0.256818
0,0,-0.142007,0.954963,0.260537
0,0,0.00164337,-0.845229,0.534402
0,0,-0.267097,-0.928074,0.259494
0,0,-0.750638,0.637714,0.172812
0,0,0.339819,0.6737,0.656241
0,0,-0.410319,-0.878865,0.24338
0,0,0.390582,0.73629,0.55256
15.0307,21.2791,-0.142992,-0.444566,0.884259
0,0,0.257301,-0.739337,0.622236
0,0,0.375327,-0.11703,0.919475
0,0,0.402587,0.803914,0.437774
0,0,-0.715569,0.375653,0.588936
0,0,-0.8498,-0.152911,0.504438
0,0,0.387644,0.465389,0.795704
0,0,0.301039,-0.395355,0.867796
0,0,0.897678,-0.331192,0.290665
0,0,-0.162966,-0.852516,0.496648
0,0,0.671067,0.616536,0.411768
0,0,0.0922944,0.984061,0.152005
0,0,-0.673166,0.701732,0.23328
0,0,-0.673166,0.701732,0.23328
0,0,0.917994,-0.395127,0.0340783
0,0,-0.311683,0.478849,0.820705
0,0,0.632167,-0.770659,0.0803145
0,0,-0.38038,0.859747,0.340802
0,0,-0.892088,-0.409856,0.190256
0,0,-0.748842,0.634265,0.19221
13.9078,21.703,0.030169,-0.326596,0.944682
0,0,0.499468,-0.0558587,0.86453
0,0,0.188428,0.298838,0.935516
0,0,0.998447,-0.0542305,0.012756
0,0,0.0450402,-0.823569,0.565425
0,0,0.538099,0.255045,0.803369
0,0,0.952874,0.294938,0.0710098
0,0,0.835251,0.545274,0.0709413
0,0,-0.468371,0.752172,0.463536
0,0,0.364766,0.00204606,0.931097
0,0,0.226837,-0.878789,0.419852
0,0,-0.452568,-0.795558,0.402826
0,0,0.00995195,0.744318,0.667751
0,0,-0.793359,-0.504785,0.340255
0,0,0.610365,-0.51787,0.599387
0,0,0.426227,0.678023,0.598844
0,0,-0.182918,0.976392,0.114887
0,0,0.683855,0.0270511,0.729117
0,0,0.373908,-0.927448,0.00579913
0,0,0.420149,0.510306,0.750375
0,0,0.219421,0.964856,0.144592
0,0,-0.152624,0.31911,0.935347
0,0,-0.0274071,-0.399386,0.916373
0,0,0.845813,0.342015,0.409423
0,0,0.140255,-0.718252,0.681501
0,0,0.311175,-0.640073,0.702479
0,0,-0.231339,-0.855148,0.463901
0,0,0.880515,-0.452575,0.140959
0,0,0.354773,-0.928558,0.109162
0,0,0.942834,-0.248207,0.22239
0,0,-0.809552,-0.418514,0.411669
0,0,-0.186391,0.639314,0.746013
13.7412,17.3312,-0.955936,0.287409,-0.0598522
0,0,0.613412,0.603386,0.509559
0,0,0.519978,-0.0665008,0.851587
0,0,-0.782873,0.598555,0.169829
0,0,0.957661,0.286359,0.0297341
0,0,-0.508538,-0.848521,0.146292
0,0,-0.607294,0.541311,0.58153
0,0,0.0996961,-0.854496,0.509801
0,0,0.0550721,0.54729,0.835129
0,0,-0.725265,-0.687204,0.0417328
0,0,0.756889,-0.65123,0.0549374
0,0,0.768743,0.527342,0.361863
0,0,-0.976541,-0.0178496,0.214589
0,0,0.506291,-0.657441,0.558069
0,0,-0.651236,0.735579,0.186586
0,0,0.113098,-0.992385,0.0487893
0,0,-0.549665,-0.559708,0.620158
0,0,0.905573,0.322757,0.275255
0,0,-0.37351,0.821479,0.430886
0,0,-0.51431,0.65641,0.551916
0,0,0.869983,0.105717,0.481616
0,0,0.0764559,0.917451,0.390433
0,0,0.795039,0.475071,0.377121
0,0,-0.352802,-0.930768,0.0959224
0,0,0.0923056,0.121524,0.988287
0,0,-0.715417,-0.0898689,0.692894
0,0,0.76148,-0.401943,0.508518
0,0,-0.618756,-0.528356,0.581361
0,0,0.535576,0.823565,0.186814
0,0,0.925592,-0.226807,0.303048
14.8799,19.7521,0.0592885,-0.153929,0.986302
0,0,0.612262,0.119997,0.781496
0,0,-0.0426904,0.355165,0.933828
0,0,-0.304706,0.902419,0.304621
0,0,0.239797,-0.297063,0.924257
0,0,-0.0633185,-0.996935,0.0459408
0,0,0.288837,0.901952,0.321022
0,0,-0.584395,-0.728349,0.357758
0,0,0.964514,-0.0723353,0.253928
0,0,-0.857943,0.457719,0.233296
0,0,-0.638106,-0.251202,0.727817
0,0,0.0240657,0.638492,0.769252
0,0,0.503767,-0.805659,0.311661
0,0,-0.888691,-0.162326,0.428811
0,0,-0.29568,-0.399265,0.867848
0,0,-0.474543,0.5302,0.702636
0,0,-0.865132,-0.0914356,0.493139
0,0,0.558437,-0.653973,0.510359
0,0,-0.453362,-0.891294,0.00758594
0,0,-0.542479,-0.461341,0.702055
0,0,-0.595576,0.242833,0.765716
0,0,-0.779343,0.580486,0.235923
0,0,-0.236637,-0.900121,0.365765
0,0,0.497916,-0.536979,0.68098
0,0,0.188712,0.976488,0.104203
0,0,-0.535164,-0.582674,0.611629
0,0,-0.996184,-0.0252975,0.0835312
0,0,-0.999722,0.00456573,0.0231439
0,0,-0.849594,0.491443,0.191503
0,0,-0.398634,0.682425,0.612688
0,0,0.221455,0.851381,0.475509
0,0,-0.920579,-0.0113751,0.390391
0,0,0.48595,0.757585,0.435795
0,0,0.833791,-0.382457,0.398144
0,0,-0.618257,-0.4882,0.61597
0,0,-0.240865,-0.505697,0.828405
0,0,-0.197087,0.803606,0.561581
0,0,0.00212169,-0.59275,0.805384
0,0,0.450279,0.379156,0.808387
0,0,0.97455,-0.213318,0.0689114
0,0,-0.37089,0.218211,0.902676
0,0,0.867775,-0.00789682,0.496895
0,0,-0.0535214,0.389012,0.919677
0,0,0.429412,-0.869595,0.24374
0,0,-0.506116,0.85739,0.0934308
0,0,-0.507688,0.118992,0.853284
0,0,0.847837,-0.494368,0.191764
0,0,0.910741,-0.0859787,0.403928
0,0,0.330133,-0.611091,0.719431
0,0,0.379022,0.580065,0.721018
0,0,0.498262,0.383351,0.777675
0,0,-0.982473,-0.0630657,0.175411
0,0,-0.143414,-0.932958,0.330185
0,0,-0.872694,-0.0642244,0.484026
0,0,0.481945,-0.786951,0.385276
0,0,-0.961051,0.134679,0.241333
0,0,0.993109,-0.0722532,0.09227
0,0,0.554657,0.403767,0.727549
0,0,-0.64074,-0.14447,0.754043
0,0,0.621149,0.761188,0.186458
0,0,0.269785,0.0649077,0.96073
0,0,-0.230093,0.921528,0.312799
0,0,0.994419,-0.0773013,0.0718006
0,0,-0.555926,0.135201,0.820163
0,0,0.670705,0.650244,0.356844
0,0,0.43598,-0.749729,0.497823
0,0,-0.22168,0.494612,0.840367
0,0,-0.667151,-0.63315,0.392466
0,0,0.433483,0.766248,0.474296
0,0,0.440141,-0.528843,0.725673
0,0,-0.545751,0.72789,0.41513
0,0,0.189887,-0.546899,0.81538
0,0,-0.248307,-0.338863,0.907478
0,0,0.811988,-0.581246,0.0531888
0,0,0.96806,-0.169975,0.184307
0,0,-0.278822,-0.205046,0.938198
0,0,-0.696726,-0.67379,0.246128
0,0,-0.82718,-0.34667,0.442259
0,0,-0.468798,0.603199,0.645275
0,0,0.173847,-0.982914,0.0604838
0,0,0.709716,0.704474,0.00435042
0,0,-0.550342,0.715336,0.430601
0,0,-0.754104,-0.626858,0.195899
0,0,-0.181349,-0.769835,0.611937
0,0,0.0176912,0.6742,0.738337
0,0,-0.221615,-0.322348,0.920314
0,0,-0.756354,0.277004,0.59262
0,0,-0.996716,-0.0192667,0.0786562
0,0,-0.780639,0.00240092,0.624978
0,0,0.50134,-0.863779,0.0504504
0,0,-0.107621,0.446768,0.888153
0,0,-0.910349,0.13242,0.392085
0,0,-0.189573,0.418407,0.888255
0,0,-0.350842,-0.817766,0.456254
0,0,-0.691999,-0.578527,0.43179
0,0,0.577731,0.111385,0.808591
0,0,0.312074,-0.833185,0.456523
0,0,-0.222789,-0.894202,0.38829
0,0,0.396175,-0.596226,0.698255
14.3927,20.5815,0.224656,0.0225147,0.974178
0,0,-0.622602,-0.0738604,0.779045
0,0,0.304444,0.114264,0.945652
0,0,-0.580374,0.801505,0.144068
0,0,0.343926,-0.717664,0.605535
0,0,-0.0123149,-0.983696,0.179416
0,0,0.188525,-0.89842,0.39661
0,0,0.740473,-0.159016,0.653004
0,0,-0.0584291,-0.827949,0.557751
0,0,0.934601,-0.324036,0.146705
0,0,-0.723635,-0.287535,0.627436
0,0,-0.31505,-0.82552,0.468252
0,0,-0.483157,-0.852064,0.201361
0,0,-0.523958,-0.593154,0.611259
0,0,-0.820697,0.446203,0.356874
0,0,-0.629607,0.0416683,0.775795
0,0,0.132076,-0.991182,0.0107306
0,0,-0.0578441,-0.555781,0.829314
0,0,0.0436735,0.0642731,0.996976
0,0,0.830931,0.553948,0.0519191
0,0,0.41096,0.802755,0.432084
0,0,-0.517398,-0.537498,0.665879
0,0,-0.312917,-0.745664,0.588276
0,0,-0.0739333,0.603284,0.794092
0,0,0.210503,-0.663146,0.71828
0,0,0.983915,0.158082,0.0831907
0,0,-0.685937,-0.642105,0.342332
0,0,0.12085,0.699461,0.704379
0,0,-0.307715,-0.455706,0.835251
0,0,-0.0376956,0.743921,0.667203
0,0,-0.0153685,0.103784,0.994481
0,0,-0.608492,-0.503282,0.613551
0,0,-0.867925,0.122584,0.48133
0,0,0.265066,0.95442,0.137193
0,0,-0.839405,0.543481,0.00520713
0,0,0.674344,0.620096,0.400925
0,0,0.780283,0.215561,0.587105
0,0,-0.538266,0.114304,0.834988
0,0,0.357078,-0.722713,0.591761
0,0,0.175502,-0.936008,0.305102
0,0,-0.289243,-0.106177,0.951349
0,0,0.0683515,0.910036,0.408855
0,0,0.39293,-0.91025,0.130579
0,0,0.979745,0.189053,0.0660208
0,0,-0.712704,0.381069,0.588931
0,0,-0.800985,-0.480067,0.357713
0,0,0.175631,-0.96553,0.192109
0,0,0.772622,-0.083696,0.629325
0,0,0.865591,0.495688,0.0710255
0,0,0.663039,0.471048,0.581802
0,0,-0.345174,-0.188857,0.919341
0,0,-0.737588,-0.66737,0.102862
0,0,-0.869155,-0.00957697,0.494446
0,0,-0.6245,0.701132,0.344113
0,0,-0.340008,0.570259,0.747796
0,0,-0.303556,0.951527,0.0494896
0,0,0.379476,0.535794,0.75427
0,0,-0.774402,0.0412693,0.631346
0,0,0.854587,-0.509232,0.101807
8.70942,12.2735,-0.214753,-0.1418,0.96632
0,0,0.756183,0.0102677,0.65428
0,0,-0.786436,-0.191827,0.587129
0,0,-0.231406,-0.785254,0.574307
0,0,0.608178,-0.423648,0.671298
0,0,-0.756593,-0.523325,0.392043
0,0,-0.271746,0.810796,0.518425
0,0,0.424244,0.854153,0.30073
0,0,-0.576145,0.459229,0.67614
0,0,0.0557013,-0.991515,0.117455
0,0,-0.993123,0.0299043,0.113194
0,0,-0.710228,-0.00628231,0.703943
0,0,0.901,0.181885,0.393849
0,0,-0.426549,-0.615451,0.662779
0,0,-0.0325741,-0.745053,0.666209
0,0,0.577582,0.121575,0.807229
0,0,-0.0108941,-0.817218,0.576226
0,0,0.761241,0.587515,0.274478
0,0,0.253757,0.637539,0.727428
0,0,0.942579,0.0846616,0.323074
0,0,-0.886369,-0.431389,0.168089
0,0,0.331125,0.89137,0.309542
0,0,0.820399,0.318349,0.474973
0,0,-0.487731,0.486355,0.724967
0,0,0.390653,0.455393,0.800005
0,0,-0.293279,0.912938,0.283781
0,0,-0.659213,-0.449548,0.602781
0,0,0.0978425,-0.322541,0.941485
0,0,-0.681916,0.665804,0.302813
0,0,-0.748329,0.366702,0.552751
0,0,-0.31567,-0.147364,0.937356
0,0,-0.693525,0.154864,0.703591
0,0,0.474826,-0.542684,0.692845
0,0,-0.656824,-0.351331,0.667194
0,0,-0.469475,-0.577385,0.667997
0,0,-0.558219,-0.133928,0.818813
0,0,-0.39449,0.672102,0.626623
0,0,0.0118274,-0.721685,0.692121
0,0,0.640041,-0.18932,0.744651
0,0,-0.450356,0.079045,0.889343
0,0,-0.0390206,0.715521,0.697501
0,0,-0.192614,-0.818585,0.541127
0,0,-0.586733,-0.744307,0.318985
0,0,0.929932,0.338585,0.143482
0,0,-0.164834,-0.931787,0.323422
0,0,0.218491,0.425332,0.878268
0,0,-0.969665,-0.0715009,0.233748
0,0,0.935414,-0.0322005,0.352085
0,0,-0.0523018,-0.521257,0.851795
0,0,0.264743,-0.523038,0.81015
0,0,0.0959123,0.91393,0.394377
0,0,-0.637592,0.600716,0.482304
0,0,-0.874219,0.396446,0.280305
0,0,-0.955709,0.16531,0.243501
0,0,0.616267,0.581665,0.530925
0,0,0.0449769,0.0169609,0.998844
0,0,-0.348555,-0.514318,0.783573
0,0,0.820951,-0.0887582,0.564058
0,0,-0.829084,-0.437423,0.348254
0,0,0.799752,0.35329,0.485369
0,0,-0.880165,0.463942,0.100334
0,0,0.959927,-0.271076,0.0711234
0,0,0.199945,-0.979088,0.0375255
0,0,-0.61696,-0.466806,0.633603
0,0,-0.298819,0.775251,0.556501
0,0,-0.0612137,-0.969041,0.23919
0,0,0.156364,0.848239,0.506004
0,0,0.250926,0.232265,0.939728
0,0,-0.00910819,-0.396134,0.918148
16.9951,24.5336,0.276274,0.508764,0.815372
0,0,-0.361034,0.430358,0.827313
0,0,0.467078,0.656783,0.592009
0,0,-0.575895,-0.116132,0.809233
0,0,0.550523,0.797027,0.24834
0,0,-0.842147,-0.225898,0.489652
0,0,0.828467,-0.147515,0.540261
0,0,-0.217104,-0.969105,0.117053
0,0,0.0392968,0.610762,0.790838
0,0,-0.272528,0.22807,0.934726
0,0,-0.10342,-0.564948,0.81862
0,0,-0.427022,-0.813594,0.39461
21.5736,28.8592,-0.352238,-0.298262,0.887112
0,0,0.848938,-0.0157682,0.528257
0,0,0.524222,-0.742302,0.417349
0,0,0.194103,-0.901971,0.38571
0,0,-0.434395,-0.546259,0.716172
0,0,-0.577567,-0.698255,0.422915
0,0,0.631436,0.0871603,0.770514
0,0,-0.85929,0.48972,0.147634
0,0,0.949473,0.307099,0.0647402
0,0,0.971668,0.210933,0.106621
0,0,0.828897,-0.345033,0.440321
0,0,-0.718418,-0.221713,0.659332
0,0,-0.411592,0.0310832,0.910838
0,0,-0.612044,0.766715,0.193779
0,0,0.532301,0.221068,0.817181
0,0,-0.039145,-0.480108,0.876336
0,0,-0.102088,0.648462,0.754371
0,0,-0.419274,0.904214,0.0812795
0,0,0.125599,0.428934,0.894562
0,0,-0.366236,-0.840097,0.400135
18.6533,26.2985,0.335766,-0.446462,0.829417
0,0,0.421291,-0.338216,0.841501
0,0,0.815921,-0.558137,0.150849
0,0,0.647483,0.697733,0.306489
0,0,0.751976,0.383219,0.536353
0,0,-0.923355,-0.376155,0.076962
0,0,0.271787,0.857429,0.436975
0,0,-0.840225,-0.131906,0.525949
0,0,-0.358206,-0.669584,0.65065
0,0,0.852688,-0.107025,0.51134
0,0,-0.418876,0.735793,0.53212
0,0,0.64384,0.286581,0.709466
0,0,-0.359688,0.628783,0.689388
0,0,0.275019,0.848106,0.452858
0,0,-0.555391,-0.716566,0.421988
0,0,0.581942,-0.356781,0.730788
0,0,-0.189825,0.427414,0.883902
0,0,0.0972213,0.049578,0.994027
0,0,0.247127,0.434794,0.865957
0,0,-0.572811,-0.117019,0.811292
0,0,0.710566,-0.293103,0.639676
0,0,-0.579511,-0.365198,0.728558
0,0,0.939384,-0.0365174,0.340918
0,0,-0.897956,0.432341,0.0821996
20.6909,30.4715,0.147555,-0.462799,0.874097
0,0,0.47376,-0.726068,0.498375
0,0,0.666352,0.621904,0.411353
0,0,-0.700884,0.597553,0.389477
0,0,0.204519,-0.364337,0.908532
0,0,0.954309,-0.0195847,0.29818
0,0,-0.518575,-0.849021,0.101211
0,0,-0.801486,0.207377,0.560905
0,0,0.690664,-0.191886,0.697254
0,0,-0.950613,0.215489,0.22338
0,0,0.691693,-0.147334,0.707004
0,0,0.724979,0.270034,0.63363
21.8845,31.9966,-0.579396,0.758512,0.298263
0,0,0.83359,-0.0433039,0.550683
0,0,-0.946602,0.321912,0.0177966
0,0,0.232062,-0.0743917,0.969852
0,0,0.94383,0.102185,0.314234
0,0,0.381733,0.828148,0.410428
0,0,-0.853211,-0.40273,0.331419
0,0,-0.418312,-0.298189,0.857961
0,0,0.25019,-0.419477,0.872608
0,0,0.340472,0.444723,0.828433
0,0,0.485367,-0.0247416,0.873961
0,0,-0.84848,0.518811,0.104482
0,0,-0.984657,0.154946,0.0802661
15.867,22.383,-0.813995,-0.456418,0.359298
0,0,-0.976565,-0.188208,0.104395
0,0,-0.553454,0.43983,0.707275
0,0,-0.376757,0.798071,0.470252
0,0,0.74625,0.268499,0.609113
0,0,-0.804037,-0.537879,0.253396
0,0,-0.531891,-0.797657,0.284317
0,0,0.089817,-0.864552,0.494452
0,0,-0.0107099,-0.969815,0.243605
0,0,-0.921663,0.366588,0.127086
0,0,0.048616,0.332681,0.941786
0,0,0.0852426,-0.975482,0.202901
0,0,0.30628,0.595405,0.742755
0,0,-0.12187,-0.891149,0.437036
0,0,0.0176597,0.738049,0.674516
0,0,-0.42261,-0.180648,0.888126
0,0,-0.693467,-0.278694,0.664404
0,0,0.322604,0.365045,0.873309
0,0,0.279388,-0.909162,0.308816
0,0,0.485495,0.641062,0.59442
0,0,0.351556,-0.900039,0.257563
0,0,-0.906364,-0.137985,0.399329
0,0,-0.681916,-0.438398,0.585489
0,0,-0.324134,-0.821811,0.468576
0,0,-0.607985,0.221124,0.762534
0,0,-0.405474,-0.206219,0.890542
0,0,-0.557095,0.404974,0.725012
6.5888,8.98575,-0.346586,-0.580527,0.736795
0,0,-0.842718,0.518716,0.144085
0,0,0.781655,-0.497431,0.376269
0,0,0.696507,-0.71138,0.0938934
0,0,-0.313473,0.334041,0.888905
0,0,-0.741656,-0.524488,0.418162
0,0,-0.628752,-0.528024,0.570842
0,0,0.294021,0.49549,0.817338
0,0,0.468783,0.641708,0.607004
0,0,0.301234,0.597935,0.742786
0,0,0.834083,-0.508054,0.214911
0,0,-0.997604,-0.018778,0.0665895
0,0,0.751978,-0.000726498,0.659187
0,0,0.345179,-0.817779,0.460531
0,0,0.109733,-0.667051,0.736886
0,0,-0.89297,0.126381,0.432009
0,0,0.312666,0.923894,0.220591
0,0,0.54998,0.637545,0.539498
0,0,0.874151,-0.462118,0.149353
0,0,-0.784694,0.553707,0.278682
0,0,-0.280232,0.144966,0.948923
0,0,0.108058,0.871904,0.477605
0,0,-0.596317,0.605392,0.527168
0,0,-0.0876308,-0.772804,0.628566
0,0,0.989159,0.0138395,0.146196
0,0,0.984403,0.174343,0.0235726
0,0,-0.330134,0.876513,0.350338
0,0,0.403944,-0.504211,0.763283
0,0,0.941285,0.187271,0.280912
0,0,-0.373754,0.114507,0.920433
0,0,0.959736,-0.0354924,0.278652
0,0,-0.282412,0.812096,0.51063
0,0,-0.170973,0.974143,0.147694
0,0,-0.798317,0.56807,0.199965
0,0,0.813063,0.386966,0.434954
0,0,-0.863682,-0.302022,0.40353
0,0,-0.722271,0.118423,0.681396
0,0,-0.851298,-0.278494,0.444671
0,0,-0.961171,0.275954,0.000595457
0,0,-0.4525,0.722617,0.52256
0,0,0.752139,-0.374746,0.542081
0,0,0.974424,-0.129335,0.183765
0,0,0.300143,-0.942859,0.144676
0,0,-0.117957,0.707489,0.696811
0,0,-0.974646,0.22338,0.0129113
0,0,0.597675,-0.474159,0.646497
0,0,-0.705834,0.70837,0.00337415
0,0,-0.695344,0.636174,0.334334
0,0,-0.169822,0.544384,0.821466
0,0,0.60707,-0.299073,0.73622
0,0,0.568793,0.753464,0.329797
0,0,-0.285388,0.930464,0.229761
0,0,-0.499694,-0.445599,0.742797
17.3934,26.2112,0.115714,-0.146097,0.982479
0,0,0.263836,-0.438888,0.858934
0,0,0.602223,0.407735,0.686352
0,0,0.940596,0.255038,0.22413
0,0,0.456257,0.781439,0.425655
0,0,-0.241124,-0.500381,0.831552
0,0,-0.700437,-0.0271463,0.713197
0,0,-0.911812,0.26064,0.317278
0,0,0.574733,-0.480556,0.66238
0,0,-0.325861,-0.554237,0.765922
0,0,-0.275394,0.548619,0.789414
0,0,-0.142462,0.989087,0.0375611
0,0,0.300077,0.525606,0.796048
0,0,-0.691163,0.645737,0.324528
23.0708,33.5359,0.432934,-0.405228,0.805207
0,0,0.636576,0.677978,0.367583
0,0,0.301559,-0.94161,0.149776
0,0,-0.409779,0.819568,0.400487
0,0,-0.878291,0.0238642,0.477531
0,0,0.586789,-0.678481,0.441976
0,0,0.991193,-0.0921669,0.0950833
0,0,-0.0985533,-0.0611408,0.993252
0,0,0.853617,-0.520902,0.000497201
0,0,-0.113941,0.0833179,0.989988
0,0,0.661533,-0.165438,0.73144
0,0,0.838378,0.402271,0.367833
0,0,0.550534,-0.832071,0.0676009
0,0,0.739631,0.48711,0.464404
0,0,-0.961205,0.175791,0.212561
0,0,-0.374418,0.305832,0.875373
0,0,-0.0514721,-0.556797,0.829052
0,0,0.947097,0.0256929,0.319918
0,0,-0.73642,-0.651611,0.1819
0,0,0.731917,0.456688,0.505701
0,0,-0.625992,0.733006,0.266152
0,0,-0.902604,-0.0231924,0.429846
0,0,0.772299,-0.585885,0.245546
0,0,0.00322292,-0.356632,0.934239
0,0,0.525853,0.60664,0.596211
0,0,-0.833301,-0.545325,0.0907227
0,0,-0.408384,0.133344,0.903018
0,0,0.963736,-0.256534,0.0735073
0,0,-0.74029,0.622126,0.254813
0,0,0.295039,0.93093,0.215224
0,0,-0.127842,-0.460545,0.878382
0,0,0.0528003,0.894234,0.444475
0,0,0.810923,-0.578631,0.0871209
0,0,-0.731484,0.592137,0.33809
0,0,-0.424676,-0.884462,0.193333
0,0,0.301667,0.89726,0.322369
0,0,0.61626,0.770817,0.161446
0,0,0.118011,0.992787,0.0211739
10.2729,15.618,0.80419,-0.515967,0.295051
0,0,0.55658,-0.207015,0.804589
0,0,0.125876,-0.878572,0.460723
0,0,-0.189372,-0.962598,0.193759
0,0,-0.922926,-0.384809,0.0113657
0,0,-0.666649,-0.40772,0.623974
0,0,-0.567565,0.161465,0.807341
0,0,0.976368,-0.210536,0.0487793
0,0,0.111949,-0.897635,0.426285
0,0,-0.358276,0.700582,0.617109
0,0,0.377968,0.472204,0.796344
0,0,-0.055165,-0.14597,0.98775
0,0,-0.333555,0.364198,0.869541
0,0,0.500641,-0.814236,0.293902
0,0,0.790447,-0.545769,0.278081
6.8056,10.4196,-0.717941,0.405719,-0.565644
0,0,-0.858768,-0.401449,0.318364
0,0,0.810931,0.387864,0.438124
0,0,0.237095,0.841662,0.485171
0,0,0.280865,-0.530405,0.799866
0,0,-0.199502,-0.289502,0.936156
0,0,0.482428,0.0645388,0.873555
0,0,-0.221712,-0.601604,0.767409
0,0,-0.641803,0.215118,0.736079
0,0,0.811957,0.344181,0.47145
0,0,0.56165,0.566075,0.603414
0,0,0.862244,0.49692,0.0980085
0,0,0.47685,0.699325,0.532503
0,0,0.328124,0.00855479,0.944596
0,0,-0.655489,0.62073,0.430149
0,0,0.875713,-0.098562,0.472665
0,0,0.644793,-0.58585,0.490939
0,0,0.266991,-0.843399,0.466254
0,0,-0.481685,-0.468123,0.740838
0,0,0.996679,-0.0268419,0.0768771
0,0,0.443495,0.189941,0.875919
0,0,-0.910886,0.313743,0.268054
0,0,0.144442,0.971963,0.185536
0,0,-0.673891,0.318775,0.666523
0,0,0.951211,-0.26653,0.155432
0,0,-0.280441,-0.939815,0.195196
0,0,0.840789,-0.361559,0.402926
0,0,-0.184276,-0.886976,0.423457
0,0,-0.708186,-0.6872,0.161954
0,0,0.580929,0.75631,0.30086
0,0,-0.804079,-0.504295,0.31487
0,0,0.181405,0.805212,0.564558
0,0,-0.968968,0.0512472,0.241814
0,0,-0.203456,-0.883288,0.422384
0,0,-0.828355,0.505027,0.242437
0,0,-0.775371,0.101584,0.623282
0,0,-0.375099,0.846743,0.377262
0,0,-0.796111,-0.127964,0.591466
0,0,0.870001,0.0668113,0.488503
0,0,0.641211,-0.218852,0.735495
2.54373,3.85674,-0.271637,-0.559867,0.782791
0,0,-0.085555,0.989008,0.120592
0,0,0.985758,0.0324404,0.16501
0,0,0.35441,-0.678234,0.643733
0,0,0.323002,-0.87798,0.3533
0,0,-0.907008,0.346126,0.239862
0,0,0.137488,0.375046,0.916754
0.74084,1.34231,0.309901,0.374119,0.874069
0,0,-0.853917,-0.47798,0.205815
0,0,0.637311,-0.756666,0.145915
0,0,0.329165,-0.670919,0.664468
0,0,-0.434697,-0.577736,0.690839
0,0,-0.412701,0.881088,0.231003
0,0,0.578338,-0.423997,0.696958
0,0,-0.832635,-0.0482629,0.551715
0,0,0.571875,0.816989,0.0740788
0,0,0.736803,0.371099,0.56516
0,0,-0.23614,-0.0222941,0.971463
0,0,0.63856,0.75619,0.14289
0,0,0.657851,0.0756341,0.749341
0,0,0.45964,-0.1977,0.865821
0,0,-0.901884,0.0018529,0.431974
0,0,0.632924,0.116725,0.765364
0,0,0.123604,-0.991233,0.0466776
0,0,0.588852,0.329018,0.738241
0,0,0.131464,0.872686,0.470251
0,0,0.101683,0.836572,0.538338
0,0,0.773851,0.393126,0.496595
0,0,0.385968,-0.772344,0.504494
0,0,-0.16882,-0.942588,0.288145
0,0,-0.839958,-0.256128,0.478402
0,0,0.00511988,0.944315,0.329004
0,0,0.476081,0.391601,0.787398
0,0,-0.989001,-0.0900556,0.117337
0,0,0.482393,0.427725,0.764427
0,0,-0.968416,-0.0635615,0.241103
0,0,0.69423,-0.281519,0.662413
0,0,0.00970302,0.984867,0.173039
0,0,0.435861,0.79395,0.423874
0,0,-0.398491,-0.915573,0.0541361
0,0,0.612517,0.00762814,0.790421
0,0,-0.793946,-0.595812,0.121072
0,0,0.708014,-0.453143,0.541643
0,0,0.251585,0.359194,0.898713
0,0,-0.27519,0.820775,0.500598
0,0,-0.398865,-0.914044,0.0736867
0,0,-0.226602,0.967411,0.112995
0,0,-0.60007,0.797958,0.0563837
0,0,-0.869475,0.432036,0.239495
0,0,-0.693648,-0.134252,0.707693
0,0,-0.382781,0.915346,0.124982
0,0,-0.0054846,0.7177,0.69633
0,0,0.33096,-0.793368,0.510914
0,0,-0.598775,0.702341,0.38495
0,0,-0.279454,0.880505,0.382906
0,0,-0.527053,0.542728,0.653959
0,0,-0.867413,-0.190562,0.459653
0,0,-0.832178,-0.376254,0.407325
0,0,0.433504,0.272609,0.858928
0,0,-0.790336,-0.329534,0.516504
0,0,-0.344633,0.868952,0.355176
0,0,-0.236897,-0.785509,0.571712
0,0,0.353407,0.900925,0.251868
0,0,-0.445112,0.0203738,0.895243
0,0,-0.702928,0.305378,0.642368
0,0,-0.579689,0.813375,0.0487945
0,0,0.897938,0.406555,0.168584
0,0,0.451689,0.789966,0.414645
0,0,-0.554665,-0.00625691,0.83205
0,0,0.43168,-0.587064,0.684842
0,0,0.971114,-0.211974,0.109569
0,0,-0.584239,0.491051,0.646169
0,0,0.25409,-0.495922,0.830361
0,0,-0.919805,0.187565,0.344643
0,0,-0.847604,-0.517712,0.116372
0,0,-0.959721,-0.0140296,0.280603
0,0,-0.389675,0.271695,0.879963
0,0,-0.998916,0.0299581,0.0356253
0,0,-0.0239004,-0.658161,0.752498
0,0,-0.183624,0.332641,0.925004
0,0,-0.560464,0.407855,0.720787
0,0,0.349417,0.0122553,0.936887
0,0,0.252678,-0.636444,0.728761
0,0,-0.0430419,-0.475662,0.878574
0,0,0.0359839,0.86308,0.503784
0,0,0.167096,0.802174,0.573232
0,0,-0.68736,-0.556955,0.466194
0,0,-0.203018,0.437473,0.876015
0,0,0.240607,0.869079,0.432215
0,0,-0.962689,-0.0795965,0.25864
0,0,-0.689069,-0.724679,0.00488743
0,0,-0.38683,-0.378511,0.840888
0,0,-0.638277,0.736905,0.22265
0,0,0.633264,-0.768777,0.0892133
0,0,-0.738829,0.415113,0.53086
0,0,-0.14936,0.214147,0.965315
0,0,-0.11467,0.531651,0.839165
0,0,0.439159,0.0351316,0.897722
0,0,0.747808,-0.0688448,0.660336
0,0,-0.569917,-0.571581,0.59033
0,0,0.693902,0.373736,0.615484
0,0,-0.109038,0.830233,0.546648
0,0,-0.415093,0.885144,0.210282
0,0,0.283502,0.956978,0.061803
0,0,-0.42579,0.155648,0.891334
0,0,0.551576,-0.65722,0.51364
0,0,0.613638,-0.651097,0.446678
0,0,0.210491,0.977299,0.0241007
0,0,-0.842987,0.340923,0.416106
0,0,-0.552795,-0.730643,0.400722
0,0,0.527748,-0.428108,0.733625
0,0,0.885011,-0.126927,0.447934
0,0,0.941642,-0.0406466,0.334152
0,0,-0.211202,-0.965418,0.152849
0,0,-0.0437605,0.542577,0.838866
0,0,-0.553854,-0.171307,0.814801
0,0,-0.479674,0.633769,0.606836
0,0,-0.773926,-0.151519,0.614882
0,0,0.312046,-0.48648,0.816067
0,0,-0.0749726,-0.60196,0.794999
0,0,0.797892,-0.51799,0.30831
0,0,-0.457629,-0.313294,0.83212
0,0,0.626708,-0.575608,0.525273
0,0,-0.337094,-0.940219,0.0485336
0,0,0.354697,-0.777646,0.519092
0,0,0.149797,-0.0931069,0.984323
0,0,-0.133829,0.476883,0.868719
0,0,0.089228,0.981216,0.171037
0,0,-0.816583,0.537874,0.209486
0,0,-0.893122,-0.449814,0.000737331
0,0,0.395277,0.238721,0.887
0,0,0.600876,0.269416,0.752571
0,0,-0.0551984,0.945068,0.322179
0,0,-0.523322,0.809872,0.265033
0,0,0.496242,0.810659,0.310766
0,0,0.525991,0.395439,0.752969
0,0,0.678632,-0.368595,0.635293
0,0,0.353859,0.924011,0.144873
0,0,0.712607,0.196256,0.673553
0,0,0.437248,-0.139847,0.888401
0,0,-0.491111,0.559934,0.667296
0,0,-0.215666,0.898586,0.38214
0,0,-0.462209,0.881576,0.0958446
0,0,-0.0664624,-0.801491,0.594302
0,0,0.783971,-0.163865,0.598781
0,0,-0.201853,-0.975871,0.0832487
0,0,0.333365,-0.569965,0.751005
0,0,0.183929,-0.855987,0.483173
0,0,0.324021,-0.726628,0.605824
0,0,0.19587,-0.417533,0.8873
0,0,0.84354,0.46073,0.275986
0,0,0.528785,-0.175306,0.830454
0,0,0.870519,0.26121,0.417093
0,0,0.349324,-0.734204,0.582166
0,0,-0.320397,-0.834725,0.447861
0,0,-0.296355,0.890363,0.345582
0,0,0.660207,-0.48253,0.575579
0,0,-0.851938,0.290175,0.435891
24.053,30.6453,0.557124,0.672952,-0.486569
0,0,0.644581,0.229422,0.729302
0,0,-0.887769,0.423809,0.179589
0,0,-0.544336,0.747393,0.380923
0,0,0.334133,0.920209,0.203888
0,0,-0.490927,0.0286696,0.870729
0,0,0.735945,0.0784787,0.672478
0,0,-0.865966,-0.341694,0.365168
0,0,0.159675,-0.328246,0.930999
0,0,0.889826,0.0899688,0.447343
0,0,-0.669008,0.0302397,0.74264
0,0,0.562877,-0.283359,0.776451
0,0,-0.741476,0.381988,0.551632
0,0,0.670761,0.381135,0.636252
0,0,-0.645859,0.752646,0.128025
0,0,-0.125111,0.825982,0.549638
0,0,-0.825987,-0.462838,0.321756
0,0,-0.0575732,0.179078,0.982149
0,0,0.0456022,-0.677794,0.733836
0,0,0.972523,0.203846,0.112451
0,0,0.801073,-0.590675,0.0968737
0,0,-0.408917,0.194028,0.891706
0,0,-0.762817,-0.331101,0.555412
0,0,0.155324,0.874635,0.459226
0,0,0.268666,0.629634,0.728958
20.452,31.2582,0.0550285,0.410427,0.910231
0,0,0.943584,-0.306652,0.124959
0,0,-0.868552,0.184559,0.459951
0,0,0.531228,0.762236,0.369854
0,0,0.662637,-0.010296,0.74887
0,0,0.35988,0.923617,0.131975
0,0,0.790223,0.444606,0.421749
0,0,0.920148,-0.381026,0.0902555
0,0,0.403659,-0.892218,0.2025
0,0,0.273369,0.732309,0.623693
0,0,-0.0353737,-0.985649,0.165061
22.5263,33.1889,0.547529,0.63312,0.547148
0,0,-0.0953549,-0.805005,0.585555
0,0,0.527376,0.157239,0.834955
0,0,0.350118,-0.829765,0.434636
0,0,-0.535185,-0.481325,0.694193
0,0,0.53474,0.476911,0.697573
0,0,-0.182362,0.845206,0.502366
0,0,-0.855499,-0.222035,0.467784
0,0,-0.826385,0.541148,0.155714
0,0,0.0660664,0.683444,0.727007
0,0,0.729505,-0.632514,0.260283
0,0,0.973959,0.22511,0.0269938
0,0,0.871983,0.163933,0.461271
0,0,0.600922,-0.645103,0.471948
0,0,0.050529,-0.916945,0.395801
0,0,-0.341976,0.656936,0.671928
0,0,-0.863262,0.377181,0.335431
0,0,0.528477,-0.789473,0.31216
0,0,-0.600502,-0.792229,0.108496
0,0,0.61048,0.102327,0.785393
0,0,-0.706956,0.57898,0.406196
0,0,-0.313579,-0.336021,0.88812
0,0,0.295018,-0.543167,0.786088
0,0,0.493121,0.728438,0.475614
0,0,0.510877,0.278092,0.813431
0,0,-0.719418,-0.61183,0.328789
0,0,-0.762593,0.0933279,0.640111
0,0,-0.464031,0.883744,0.0605959
0,0,-0.0558694,-0.643842,0.763116
0,0,0.679069,0.38906,0.622493
0,0,0.540062,0.811961,0.221476
0,0,0.701419,0.687901,0.186555
0,0,0.633346,0.133998,0.76218
0,0,-0.236051,-0.917297,0.320697
0,0,0.390095,-0.399974,0.829366
0,0,-0.502658,-0.815136,0.287904
0,0,-0.371563,-0.0797206,0.924979
0,0,-0.370127,-0.327099,0.86949
0,0,-0.585759,-0.214648,0.781545
0,0,-0.139829,0.980391,0.138859
0,0,-0.794903,-0.0228148,0.606307
0,0,-0.599544,0.579422,0.552102
0,0,0.885875,-0.422013,0.192694
0,0,0.920251,-0.190653,0.341746
0,0,-0.818861,0.281665,0.500131
0,0,0.628356,-0.762071,0.156256
0,0,0.932958,-0.354972,0.0598677
0,0,0.704566,0.619104,0.346839
0,0,0.344414,0.478391,0.807788
0,0,0.542633,-0.681943,0.490412
0,0,0.0329413,-0.399178,0.916281
0,0,-0.350692,0.222162,0.909758
0,0,0.740818,0.573959,0.348941
0,0,-0.270765,-0.750554,0.602789
0,0,0.651587,-0.0910069,0.753095
0,0,0.115559,-0.950509,0.288406
0,0,0.88384,-0.402503,0.238364
0,0,0.509538,-0.64305,0.571714
0,0,0.918063,-0.191486,0.347121
0,0,0.963304,-0.228855,0.140256
0,0,-0.928647,-0.228414,0.292304
0,0,0.277146,-0.952755,0.12429
0,0,-0.804276,0.312142,0.505676
0,0,0.475546,0.695481,0.538666
0,0,-0.842648,-0.107472,0.52763
0,0,-0.382578,0.366506,0.84812
0,0,0.876266,0.125281,0.465255
0,0,0.234624,0.951382,0.199562
0,0,-0.985725,-0.0213864,0.167001
0,0,-0.753998,0.6429,0.134788
0,0,0.844069,-0.387241,0.370934
0,0,0.225151,0.598013,0.769212
0,0,0.837912,-0.261679,0.478986
0,0,0.832921,0.0234126,0.552896
0,0,0.385436,-0.790582,0.475836
0,0,0.931436,-0.0631164,0.35839
3.01444,4.31735,-0.0429146,0.481352,0.875476
0,0,-0.512888,-0.450183,0.730945
0,0,-0.304682,0.0816012,0.948952
0,0,0.0108105,0.447882,0.894027
22.7246,32.5257,0.0514071,-0.979249,0.196034
0,0,0.216723,-0.437546,0.872688
0,0,0.264026,0.916826,0.299533
0,0,-0.691921,-0.422332,0.585561
0,0,0.520112,-0.843628,0.133321
0,0,0.874465,0.47977,0.071631
0,0,-0.0275493,0.968717,0.246635
0,0,0.137138,-0.780061,0.61049
0,0,0.900758,0.423715,0.0953957
0,0,0.746464,-0.394872,0.535601
0,0,0.590764,0.74696,0.305039
0,0,-0.578242,-0.815566,0.0221097
16.7393,23.2572,-0.435096,0.284082,0.854394
0,0,0.490665,-0.0496597,0.869932
0,0,0.709239,-0.426328,0.561449
0,0,-0.65149,0.317292,0.68912
0,0,-0.168624,-0.666287,0.72638
0,0,-0.369504,-0.921042,0.123079
0,0,0.313164,-0.869476,0.382021
0,0,0.0167222,0.930213,0.36664
0,0,0.627945,0.107218,0.770837
0,0,-0.127818,0.782288,0.609662
0,0,-0.156484,-0.223932,0.96196
0,0,0.501471,-0.44069,0.744526
0,0,-0.559634,-0.546874,0.622686
0,0,-0.729224,0.28818,0.620633
0,0,0.317124,0.419109,0.850753
0,0,-0.851198,0.191083,0.488825
0,0,0.853849,-0.303951,0.422558
0,0,-0.426258,0.716486,0.552225
0,0,-0.121854,0.959162,0.255266
0,0,0.794171,-0.334279,0.507493
0,0,0.594896,0.639675,0.486739
0,0,0.793518,-0.502291,0.343558
0,0,-0.0176553,-0.737812,0.674775
0,0,-0.725838,-0.115208,0.67815
0,0,-0.911467,0.0857415,0.402338
0,0,0.667572,-0.739557,0.0860399
0,0,0.0318015,0.415995,0.908811
0,0,0.730142,-0.49564,0.470354
0,0,-0.0445931,-0.850267,0.524459
0,0,0.695874,0.520545,0.494765
0,0,-0.601324,0.161746,0.782463
0,0,0.759993,-0.240796,0.603678
0,0,-0.979216,-0.178166,0.0969178
0,0,-0.499474,0.770501,0.396048
0,0,-0.564087,-0.680188,0.468135
0,0,-0.877435,-0.111633,0.466525
0,0,0.569614,-0.780285,0.258255
0,0,0.135089,-0.628587,0.765917
0,0,0.703362,0.622712,0.342801
0,0,-0.717157,0.472115,0.512634
0,0,-0.600871,0.792833,0.101837
0,0,0.793254,0.597511,0.117174
0,0,-0.997869,-0.0353922,0.0548226
0,0,-0.427924,0.285645,0.857489
0,0,0.570877,-0.536336,0.621646
0,0,0.839548,-0.21476,0.499037
0,0,0.83679,0.268817,0.47699
0,0,0.4517,-0.728843,0.514544
0,0,0.0149998,-0.447431,0.894193
0,0,0.803933,0.142616,0.577366
0,0,0.946703,-0.321428,0.0209043
0,0,-0.99156,0.0987191,0.0840405
0,0,-0.832955,-0.382087,0.400244
0,0,0.736325,0.514957,0.438914
0,0,-0.096514,0.936324,0.337612
0,0,-0.391489,-0.592786,0.703804
0,0,0.493435,-0.798734,0.344304
0,0,0.298722,-0.335109,0.89357
0,0,0.490358,0.865884,0.0989686
0,0,-0.631937,0.172043,0.755683
0,0,-0.775865,0.557254,0.295807
0,0,0.642818,-0.703524,0.303049
0,0,-0.447893,-0.420596,0.788981
0,0,-0.854316,0.349259,0.384918
0,0,0.330787,0.394457,0.857312
0,0,-0.156814,-0.754063,0.637807
0,0,-0.579581,0.162617,0.798525
0,0,-0.0722887,-0.647237,0.758854
0,0,-0.0762721,0.602781,0.794253
0,0,-0.493262,-0.73719,0.461783
0,0,-0.0800223,-0.91232,0.401583
12.0409,16.3861,0.227914,0.106957,0.967789
0,0,0.37143,-0.799277,0.472437
0,0,0.322451,0.825478,0.463262
0,0,0.722208,-0.0412671,0.690444
0,0,-0.714561,0.699516,0.00895756
0,0,0.121113,-0.907856,0.401408
0,0,0.551189,-0.328347,0.767059
0,0,0.0279859,0.795583,0.605197
0,0,-0.371099,-0.92607,0.0684097
0,0,0.307574,-0.149484,0.939709
0,0,-0.646962,0.310858,0.696281
0,0,0.854706,-0.517132,0.0453077
0,0,0.233717,-0.519044,0.822174
0,0,-0.58244,-0.794197,0.173246
0,0,0.308995,0.566819,0.7637
0,0,-0.869653,0.283005,0.40449
0,0,-0.70699,-0.568429,0.420777
0,0,0.971388,0.163375,0.172378
0,0,-0.0964976,0.925733,0.365659
0,0,0.0462482,0.644503,0.763202
0,0,-0.5741,0.146437,0.805584
0,0,-0.663129,0.672228,0.329194
0,0,0.548099,-0.578099,0.604474
0,0,0.519473,-0.436161,0.734787
0,0,0.435376,0.340787,0.833254
0,0,-0.748141,0.62935,0.210246
0,0,-0.000586319,-0.995095,0.0989219
0,0,0.898001,0.340434,0.278745
0,0,-0.949019,-0.093415,0.30106
0,0,0.955388,-0.284783,0.0783113
0,0,-0.730744,0.437619,0.52393
0,0,-0.017982,-0.0806449,0.996581
0,0,0.800272,-0.469015,0.373618
0,0,0.777904,0.609999,0.150887
0,0,-0.269929,-0.702333,0.658685
0,0,0.945879,-0.280412,0.163349
0,0,-0.234749,0.915762,0.325995
0,0,0.657437,-0.139563,0.740472
0,0,0.926922,0.293795,0.233451
0,0,-0.697879,-0.230425,0.678136
0,0,-0.744919,0.15589,0.648686
0,0,0.00395689,-0.0684316,0.997648
0,0,0.0598016,0.63932,0.766612
0,0,0.956152,-0.22459,0.187972
0,0,0.460201,0.647287,0.607647
0,0,-0.457168,0.485589,0.745118
0,0,-0.219863,-0.447099,0.867043
0,0,-0.258151,0.579885,0.772717
0,0,-0.177959,-0.689773,0.701814
0,0,0.437732,-0.747358,0.499846
0,0,0.548137,0.304666,0.778925
22.3969,33.7838,0.367101,0.00290003,0.930177
0,0,-0.680059,-0.0403328,0.732047
0,0,0.403416,-0.761677,0.507053
0,0,-0.593373,0.530109,0.605717
0,0,-0.673475,-0.0351402,0.738375
0,0,-0.471551,0.827828,0.303875
10.8217,15.8496,0.322849,-0.835106,-0.445384
0,0,0.922184,-0.385672,0.0288757
0,0,-0.433904,-0.899979,0.0420126
0,0,0.418468,0.897784,0.13736
0,0,0.604393,-0.475506,0.63922
0,0,-0.24957,-0.755214,0.606108
0,0,-0.610422,-0.252072,0.750896
0,0,-0.782229,0.339023,0.522667
0,0,0.267862,0.191374,0.944259
0,0,0.64218,0.137237,0.754169
0,0,-0.405689,-0.677727,0.613273
0,0,0.381286,0.775185,0.503696
0,0,0.486897,0.488813,0.723874
0,0,0.340531,0.335626,0.87829
0,0,0.402436,0.748391,0.527215
0,0,0.0544653,-0.287169,0.95633
0,0,-0.235645,0.922812,0.304778
0,0,0.536955,0.10666,0.836841
0,0,-0.217931,0.795005,0.566104
0,0,-0.691137,-0.298695,0.658112
0,0,0.528544,-0.639078,0.558767
0,0,0.991865,0.0414811,0.120348
0,0,-0.967332,-0.0288796,0.251864
0,0,0.207874,-0.223447,0.952292
0,0,-0.279415,0.863913,0.419026
0,0,0.35273,-0.935111,0.0338856
0,0,-0.0534514,-0.722637,0.689158
0,0,0.938038,0.160341,0.307206
0,0,-0.694784,0.0793257,0.714831
0,0,0.636951,-0.602537,0.480877
0,0,0.0891988,-0.929265,0.358482
0,0,0.988811,0.129973,0.0732112
0,0,-0.132876,-0.741908,0.657204
0,0,-0.382398,-0.601179,0.701681
0,0,-0.492441,0.074214,0.867176
0,0,-0.91746,0.168395,0.360432
0,0,-0.910423,0.393514,0.127583
0,0,0.940061,-0.33664,0.0543903
0,0,0.676854,-0.492208,0.547357
0,0,-0.619144,0.745543,0.246629
0,0,0.548758,-0.632049,0.547155
0,0,-0.680566,0.383967,0.624018
0,0,-0.368172,0.492422,0.788651
0,0,0.12292,0.903899,0.409705
0,0,-0.592438,0.46755,0.65606
0,0,-0.270901,-0.782999,0.559933
0,0,-0.257928,0.497431,0.828273
0,0,-0.657473,0.704436,0.267393
0,0,0.574984,0.451735,0.68215
0,0,0.884174,0.328155,0.332491
0,0,-0.557196,0.67004,0.490488
0,0,0.123491,0.183373,0.975256
0,0,0.72463,0.620723,0.299357
0,0,-0.504531,-0.862613,0.036695
0,0,-0.692304,-0.233724,0.682707
0,0,0.702193,0.688597,0.180994
0,0,-0.953984,0.209473,0.214558
0,0,-0.98146,-0.191122,0.0144484
0,0,-0.967118,0.195522,0.162649
0,0,0.940526,-0.15591,0.301833
0,0,0.903333,0.161164,0.397512
0,0,0.439741,0.788532,0.429936
0,0,0.347266,0.924366,0.157968
0,0,0.814036,-0.567123,0.125366
0,0,-0.205662,-0.973687,0.0981643
0,0,0.328292,-0.93548,0.13077
0,0,0.323276,-0.380297,0.866526
0,0,0.314317,-0.908524,0.275298
0,0,-0.337863,-0.600423,0.724804
0,0,0.156428,-0.575852,0.802449
0,0,0.0147498,-0.999889,0.00194376
0,0,0.286522,-0.432584,0.854854
0,0,0.512596,0.84762,0.137063
0,0,0.0459027,-0.719022,0.693469
0,0,-0.976802,0.214006,0.0076632
0,0,-0.413871,0.654485,0.63274
0,0,-0.877821,-0.0722753,0.473504
0,0,-0.575288,0.434057,0.693281
0,0,-0.79445,-0.537984,0.281819
0,0,0.322743,0.940403,0.107138
0,0,-0.692287,-0.718758,0.0642286
0,0,-0.147246,0.511541,0.846549
0,0,-0.706198,-0.599506,0.376664
0,0,0.289761,0.504733,0.813193
0,0,-0.320259,0.364952,0.874211
0,0,-0.141161,-0.884669,0.444336
0,0,-0.574069,-0.40118,0.713792
0,0,0.867844,-0.330402,0.371054
0,0,0.549047,-0.508259,0.663491
0,0,-0.812088,0.555669,0.178173
0,0,-0.0066069,-0.937032,0.349181
0,0,0.701443,-0.652057,0.287751
0,0,-0.896034,0.265532,0.355832
0,0,0.58275,-0.574297,0.574966
0,0,-0.615842,-0.629751,0.473447
0,0,-0.390666,0.0635007,0.91834
0,0,0.994312,0.0936221,0.0507737
0,0,-0.832556,0.358638,0.422172
0,0,-0.972443,-0.155699,0.173528
0,0,-0.0260538,0.986649,0.160765
0,0,0.583465,0.0586355,0.810019
0,0,-0.25722,0.960562,0.105634
0,0,0.461311,0.46137,0.757845
0,0,-0.416638,-0.446634,0.79179
0,0,0.114486,0.989876,0.0838948
0,0,-0.140803,0.956464,0.255638
0,0,-0.275406,0.958032,0.079537
0,0,-0.365218,0.46469,0.806647
0,0,-0.985834,-0.0292917,0.165147
0,0,-0.850748,0.435875,0.293668
0,0,0.978405,-0.195132,0.0681702
0,0,-0.73597,-0.600789,0.312093
0,0,0.407676,-0.648283,0.643062
0,0,0.0216294,0.701534,0.712308
0,0,-0.857523,0.103469,0.503933
0,0,-0.36232,-0.664094,0.65399
17.3967,25.4625,0.24659,0.133112,0.959935
0,0,0.444205,0.157481,0.881976
0,0,0.94886,-0.310385,0.0576779
0,0,0.472288,-0.454219,0.7554
0,0,0.343399,-0.319644,0.883122
0,0,-0.149084,-0.141071,0.97871
0,0,-0.664423,-0.637306,0.390364
0,0,0.676593,-0.732263,0.0775454
0,0,-0.302686,-0.167035,0.938339
0,0,0.915887,0.392936,0.082174
0,0,-0.197318,0.632032,0.7494
0,0,-0.964165,0.194688,0.180227
0,0,-0.232645,-0.903985,0.358732
0,0,0.875023,0.216072,0.433182
0,0,0.984422,0.00990969,0.175543
0,0,-0.191718,0.463343,0.865192
0,0,0.762149,0.643291,0.0728392
0,0,-0.885974,0.461543,0.0450206
0,0,-0.0381277,-0.77657,0.628877
15.4748,21.4957,-0.507875,0.252269,0.823664
0,0,-0.155007,0.979866,0.12584
0,0,-0.848159,0.227899,0.478214
0,0,-0.955708,-0.253083,0.150236
0,0,-0.818442,0.555157,0.148168
0,0,-0.670241,-0.492093,0.555537
0,0,-0.694308,0.0933381,0.7136
0,0,0.552616,-0.286789,0.782539
0,0,0.341303,-0.179072,0.922738
0,0,0.616475,-0.459449,0.639426
0,0,-0.362965,-0.667723,0.649925
0,0,0.916903,-0.379451,0.123717
0,0,-0.370013,0.0512598,0.927611
0,0,0.942202,-0.333881,0.0278996
0,0,-0.233138,-0.101925,0.967087
0,0,0.230814,-0.552181,0.801137
0,0,0.556628,-0.733644,0.389786
0,0,0.12564,-0.809501,0.573518
0,0,-0.755184,0.346775,0.556277
0,0,0.0784158,-0.834783,0.544967
0,0,0.297894,-0.822551,0.484427
0,0,-0.880433,0.30193,0.365618
0,0,-0.752389,-0.408415,0.516825
0,0,0.201631,-0.694262,0.690902
0,0,0.696086,0.665362,0.269736
0,0,0.933474,-0.0673903,0.352256
0,0,-0.958966,0.111666,0.260605
0,0,-0.193938,-0.616349,0.763218
0,0,0.126976,0.305263,0.943765
0,0,-0.366774,-0.71615,0.593806
0,0,-0.800618,-0.540382,0.25884
0,0,-0.360105,0.60646,0.708894
0,0,-0.884771,-0.431871,0.175124
0,0,-0.53607,-0.455768,0.710566
0,0,0.670229,-0.710533,0.214325
0,0,0.0660162,-0.984249,0.164002
0,0,-0.920664,-0.266256,0.285458
0,0,-0.937634,-0.138151,0.318993
0,0,-0.185275,0.651268,0.735882
0,0,-0.0875637,0.979809,0.179741
0,0,-0.0183414,-0.381438,0.924212
0,0,-0.929145,-0.119361,0.349918
0,0,0.11467,0.408186,0.905668
0,0,-0.549597,-0.044651,0.834236
0,0,-0.655684,0.108036,0.747266
0,0,0.280458,-0.935609,0.214426
0,0,-0.685504,0.524303,0.505164
0,0,0.465174,0.503013,0.728417
0,0,0.676295,-0.73304,0.0726515
0,0,0.713613,-0.587882,0.380987
0,0,0.893959,0.060405,0.444059
0,0,0.156885,0.525889,0.835959
0,0,0.384008,0.330562,0.862129
0,0,-0.241802,0.830338,0.502066
0,0,0.309717,-0.175104,0.934566
0,0,-0.749918,0.186983,0.634555
0,0,-0.268414,0.923186,0.275101
0,0,0.442417,-0.874772,0.197589
0,0,-0.153107,0.0700663,0.985723
0,0,-0.800394,-0.0719088,0.595146
0,0,-0.230607,0.373628,0.898455
0,0,-0.530772,0.818067,0.221466
0,0,0.354486,-0.660595,0.661781
0,0,0.681768,-0.0847242,0.726646
0,0,-0.0968263,-0.83992,0.534002
0,0,0.997796,0.00813674,0.0658607
0,0,0.898246,-0.429302,0.0940984
0,0,0.0784139,0.560208,0.824632
0,0,0.965098,-0.244581,0.0936217
0,0,-0.678426,-0.180355,0.712187
0,0,0.943277,-0.309409,0.120391
0,0,0.255502,-0.666953,0.699923
0,0,0.241529,-0.867901,0.434063
0,0,0.709275,0.692531,0.131643
0,0,-0.594318,-0.0465737,0.80288
0,0,-0.0929845,0.0378614,0.994947
0,0,0.874924,-0.484177,0.00899253
0,0,-0.995152,-0.0979985,0.00826829
0,0,0.636344,-0.146052,0.757453
0,0,0.406197,0.727031,0.553561
22.6461,34.282,0.130791,-0.0130872,0.991324
0,0,0.164285,0.606829,0.777669
0,0,0.419287,-0.823044,0.38314
0,0,-0.207389,-0.977829,0.0289982
0,0,-0.528199,-0.836967,0.143148
0,0,-0.609886,-0.28529,0.739357
0,0,-0.898249,-0.439136,0.0175592
0,0,-0.753235,-0.550472,0.360025
0,0,0.211916,0.701359,0.680578
0,0,-0.185063,-0.749772,0.63529
0,0,-0.276611,0.620214,0.734044
0,0,0.0532622,0.834957,0.547731
0,0,0.285606,0.429979,0.856474
0,0,0.915372,-0.381488,0.128691
0,0,-0.961212,-0.232444,0.148463
0,0,-0.825456,0.153901,0.54308
13.2398,17.567,-0.202631,0.0990724,0.974231
0,0,-0.441613,0.111526,0.890247
0,0,-0.309209,-0.86872,0.38693
0,0,-0.970137,-0.0603028,0.234944
0,0,0.234263,-0.91549,0.327107
0,0,-0.890811,-0.454374,4.75008e-05
1.90862,2.67997,0.266843,0.186088,0.945603
0,0,0.377883,-0.899998,0.217276
0,0,-0.944628,-0.213316,0.249346
0,0,-0.546679,-0.233312,0.804181
0,0,0.754804,-0.102385,0.647911
0,0,-0.433535,-0.775704,0.458618
0,0,-0.391085,0.286482,0.874631
0,0,-0.715771,-0.499959,0.487558
0,0,0.57265,0.0311141,0.819209
0,0,-0.594544,-0.550675,0.585897
0,0,-0.67495,-0.217489,0.705082
0,0,0.874462,-0.310105,0.373029
0,0,0.839313,0.139424,0.525466
0,0,-0.786853,-0.377637,0.488112
0,0,-0.447978,-0.257932,0.85603
0,0,0.886791,-0.305653,0.346666
0,0,0.465423,-0.878819,0.105163
0,0,0.516852,0.686514,0.511432
0,0,-0.689195,-0.484994,0.538323
0,0,-0.36338,-0.717966,0.593701
0,0,-0.571972,0.201952,0.795024
0,0,-0.246293,-0.365636,0.89758
0,0,-0.121473,0.45076,0.884341
0,0,0.981464,0.17139,0.0857591
0,0,0.260814,0.613586,0.74531
0,0,0.486972,0.832935,0.262827
0,0,0.829289,0.216035,0.515372
0,0,-0.12178,0.992425,0.0161737
0,0,-0.631418,-0.657434,0.411208
0,0,-0.454969,0.117073,0.882778
0.0340134,0.0763835,0.0310374,0.477054,0.878326
0,0,0.81784,-0.384557,0.428082
0,0,0.215785,-0.60655,0.765202
0,0,-0.839715,0.507745,0.192546
0,0,-0.430607,-0.863103,0.263876
0,0,0.587421,0.797904,0.135227
0,0,0.582662,0.216311,0.783399
0,0,0.523552,-0.847656,0.0858654
0,0,0.548891,0.641598,0.53579
0,0,0.884537,0.313254,0.345638
0,0,0.691484,0.488721,0.53198
0,0,-0.285364,0.372531,0.883056
0,0,0.812922,0.4955,0.306002
0,0,-0.0497005,0.814391,0.578184
0,0,-0.756919,0.48385,0.439275
0,0,0.676173,-0.648684,0.349282
0,0,0.68122,-0.473673,0.558187
0,0,-0.290732,0.951588,0.0997775
13.1479,18.9623,0.753112,-0.51955,0.403595
0,0,-0.991638,-0.0927186,0.0897632
0,0,0.0339269,-0.896462,0.441819
0,0,0.36609,0.56897,0.736377
0,0,0.95576,-0.246185,0.160987
0,0,-0.887718,0.46001,0.0186441
0,0,-0.642546,0.0879515,0.761183
0,0,0.294434,0.68464,0.666766
0,0,-0.149577,0.629359,0.762584
0,0,-0.414908,-0.706919,0.572815
0,0,-0.828974,-0.494163,0.261926
0,0,-0.921931,-0.35065,0.164585
0,0,0.342884,-0.883276,0.319773
0,0,0.786398,-0.498333,0.365024
0,0,0.402977,-0.790983,0.460386
0,0,0.677018,-0.221898,0.701718
0,0,-0.310653,0.875523,0.370072
0,0,-0.134641,-0.57967,0.803651
0,0,-0.583383,-0.728143,0.359822
0,0,0.580445,0.150343,0.8003
0,0,0.975921,-0.187454,0.11153
0,0,0.873515,-0.474665,0.108007
0,0,-0.815902,-0.352343,0.45843
0,0,0.0248589,-0.989418,0.142947
0,0,0.95071,0.200596,0.236457
0,0,0.635918,0.303317,0.709653
0,0,0.748684,0.557531,0.358652
0,0,0.00969207,0.99364,0.112188
0,0,-0.661645,-0.352364,0.661865
0,0,0.71696,-0.691145,0.0910283
0,0,-0.291199,0.951167,0.102395
0,0,-0.479455,0.164652,0.861981
0,0,-0.729533,-0.624311,0.279318
0,0,-0.287178,0.188222,0.939202
0,0,-0.0362484,0.782294,0.621854
0,0,-0.177661,-0.814518,0.552266
0,0,-0.398182,-0.914766,0.068219
0,0,-0.346049,-0.904633,0.248776
0,0,-0.800444,0.253106,0.543347
0,0,0.684498,0.0612854,0.726434
0,0,-0.503898,-0.457391,0.732721
0,0,-0.616419,-0.695032,0.370078
0,0,0.208895,0.894895,0.394367
0,0,0.793791,0.564725,0.225791
0,0,0.734643,-0.379332,0.5625
0,0,0.245099,0.804784,0.5406
0,0,-0.98316,0.168224,0.0713907
0,0,0.523874,-0.532771,0.664613
0,0,0.34209,0.0115482,0.939596
0,0,-0.279222,0.102411,0.95475
0,0,-0.0793306,0.840382,0.536157
0,0,0.531401,-0.827812,0.179834
0,0,-0.949699,0.0953174,0.298305
0,0,0.125912,0.438863,0.889688
0,0,0.900645,0.149287,0.408107
0,0,-0.831233,0.138779,0.538324
0,0,0.384976,-0.810747,0.441002
0,0,-0.646967,0.4605,0.607761
0,0,0.673082,0.54041,0.504894
0,0,-0.497543,-0.63532,0.590609
0,0,-0.0583565,-0.809815,0.583776
0,0,0.435861,-0.274695,0.857069
0,0,0.6599,-0.451614,0.60048
0,0,0.670992,-0.674365,0.308223
0,0,0.966479,0.251752,0.0503865
0,0,0.294811,-0.861565,0.413271
0,0,0.361119,0.722728,0.589285
0,0,-0.308834,0.279602,0.90909
0,0,0.138096,0.981504,0.132586
0,0,0.870227,-0.448179,0.204551
0,0,0.230039,-0.692855,0.683399
0,0,-0.308746,-0.530433,0.789504
0,0,0.730141,-0.244739,0.637963
0,0,0.859564,-0.475488,0.187244
0,0,-0.291072,0.955768,0.0422386
0,0,0.788148,-0.244748,0.564731
0,0,-0.939722,-0.250039,0.233242
0,0,-0.904163,0.0267294,0.426351
0,0,0.050961,0.950098,0.307762
0,0,0.5736,0.809124,0.127674
0,0,-0.540741,0.771684,0.334816
0,0,-0.844345,0.461192,0.272732
0,0,-0.590882,0.777388,0.215701
0,0,0.771708,0.384536,0.506557
0,0,-0.734188,0.0248134,0.678492
0,0,-0.408639,-0.847888,0.337787
0,0,0.102561,0.414771,0.904127
0,0,-0.857908,-0.229068,0.459915
0,0,-0.740981,0.44706,0.501084
0,0,0.507466,-0.182195,0.84219
0,0,0.650207,0.699927,0.295523
0,0,-0.791334,-0.389102,0.471583
0,0,0.601421,0.638729,0.479915
15.6898,22.1259,0.82267,-0.284159,0.49241
0,0,0.25285,-0.871705,0.419759
0,0,-0.88662,0.395256,0.240162
0,0,-0.0163147,0.499796,0.86599
0,0,0.664534,0.0352673,0.746425
0,0,-0.316195,0.472686,0.82255
0,0,0.66369,-0.0761691,0.74412
0,0,-0.602011,-0.309067,0.736248
0,0,0.165761,-0.968512,0.185763
0,0,0.922898,-0.113289,0.368002
0,0,0.0562248,0.951044,0.303897
0,0,0.145192,0.982496,0.116711
0,0,0.587269,0.452959,0.670778
0,0,-0.261202,-0.192106,0.945975
0,0,-0.302339,-0.224552,0.926373
0,0,0.696661,0.716404,0.0378035
0,0,-0.729126,-0.662882,0.170181
0,0,-0.65238,-0.498542,0.570838
0,0,0.698573,0.464916,0.543921
0,0,-0.9908,-0.0724998,0.114273
0,0,0.536615,0.805284,0.252116
0,0,0.447081,-0.24531,0.860199
0,0,0.54411,0.57109,0.614655
0,0,-0.477837,0.671018,0.566927
0,0,0.866031,0.499877,-0.0106052
0,0,-0.887337,-0.400414,0.228695
0,0,0.16835,-0.0290485,0.985299
0,0,0.372381,0.785591,0.494144
0,0,0.697803,0.250321,0.671126
0,0,-0.803171,-0.438283,0.403516
0,0,-0.311947,0.825136,0.470999
0,0,0.259839,-0.780009,0.569271
0,0,-0.585351,-0.810751,0.00684996
0,0,0.619507,0.495147,0.609131
0,0,-0.17151,0.79119,0.587029
0,0,0.0992516,0.983114,0.153742
0,0,-0.589523,0.520041,0.618078
0,0,0.107053,0.984419,0.139497
0,0,0.37643,0.881694,0.284457
0,0,0.110183,0.818029,0.564525
0,0,0.481693,0.835966,0.262931
0,0,0.641216,-0.66481,0.383236
0,0,0.394781,0.552865,0.733817
0,0,0.245642,0.45399,0.856477
0,0,0.990519,-0.0650451,0.120999
0,0,0.976404,0.140288,0.164177
0,0,-0.515086,-0.821937,0.243118
0,0,0.34577,-0.839245,0.419656
0,0,0.707099,-0.345887,0.616744
0,0,-0.255196,0.947794,0.191212
0,0,0.814008,0.219998,0.53758
0,0,0.95826,-0.266906,0.102465
0,0,0.552973,0.718663,0.421598
0,0,-0.143341,0.506565,0.850203
0,0,-0.178907,0.952076,0.248078
0,0,-0.853324,-0.302333,0.424774
0,0,0.089513,0.97443,0.206092
17.0253,23.9582,0.253315,0.0435039,0.966405
0,0,0.963571,-0.107716,0.244802
0,0,0.0400491,-0.194751,0.980035
0,0,0.732843,0.0647992,0.677305
0,0,-0.945323,0.325438,0.0213099
0,0,-0.565641,0.779854,0.268099
0,0,-0.829046,-0.332215,0.449796
0,0,-0.706291,-0.44468,0.55083
0,0,-0.635419,0.749251,0.186723
0,0,-0.0589497,0.857554,0.511005
0,0,0.167017,-0.945853,0.278328
0,0,-0.501601,0.857035,0.117848
0,0,-0.72315,-0.484788,0.491971
0,0,0.226887,0.862889,0.451602
0,0,-0.5092,0.229087,0.829599
0,0,0.904247,-0.345717,0.250633
0,0,0.714089,-0.564588,0.413904
0,0,-0.38418,-0.274113,0.881628
0,0,0.164948,-0.276263,0.946822
0,0,0.963415,0.0453784,0.264143
0,0,0.109982,0.872659,0.475784
0,0,0.712594,0.568795,0.41071
0,0,0.773876,-0.629788,0.066961
0,0,-0.971852,0.227268,0.0620686
0,0,-0.280313,-0.059645,0.958054
0,0,0.17984,0.535411,0.825222
0,0,-0.691755,0.488212,0.532093
0,0,0.21024,-0.973454,0.0904811
0,0,-0.193235,0.521546,0.831054
0,0,0.603768,0.783275,0.148137
11.4648,16.7818,-0.914758,0.00865162,-0.403909
0,0,0.532182,-0.531641,0.658893
0,0,0.625105,0.266702,0.733562
0,0,0.506518,-0.482234,0.714765
0,0,-0.760803,0.461735,0.456048
0,0,0.460808,-0.878686,0.124769
0,0,0.872044,0.371377,0.318775
0,0,0.275997,-0.928491,0.248455
0,0,0.20164,-0.908636,0.365681
0,0,-0.858272,0.307184,0.411106
0,0,-0.805678,0.0521655,0.590052
0,0,0.898936,0.357727,0.252874
0,0,-0.327411,-0.881062,0.341368
0,0,0.205125,-0.941832,0.266226
0,0,-0.524016,0.49676,0.691836
0,0,0.706348,-0.366016,0.605892
0,0,0.458842,-0.875245,0.153003
0,0,0.734761,-0.413725,0.537548
0,0,-0.882297,-0.260938,0.391744
0,0,0.948781,-0.268091,0.167157
0,0,-0.675258,0.613984,0.408718
0,0,0.310141,-0.933587,0.179524
0,0,-0.810824,-0.166029,0.561248
0,0,0.125465,-0.612413,0.780519
0,0,-0.767925,-0.301842,0.564963
0,0,0.0813888,0.97123,0.223806
0,0,0.950933,0.248906,0.183772
0,0,-0.998642,-0.0383869,0.0352228
0,0,-0.174835,0.46909,0.865672
0,0,-0.577261,-0.326271,0.748543
0,0,0.589609,0.681736,0.433125
0,0,0.917883,-0.279196,0.282029
0,0,0.238146,0.966497,0.0957643
0,0,0.318183,0.795504,0.515688
0,0,-0.364175,-0.694718,0.620276
21.6677,31.2991,-0.10903,-0.288337,0.951301
0,0,-0.692266,0.54134,0.477198
0,0,0.675526,0.647999,0.351798
0,0,-0.23364,0.662479,0.711712
0,0,-0.629492,0.598252,0.495817
0,0,0.958312,-0.128864,0.255014
0,0,0.130278,-0.984516,0.117286
0,0,-0.244049,0.392381,0.886836
0,0,-0.0781858,-0.565846,0.820795
0,0,-0.488074,-0.0917624,0.867965
0,0,0.425701,0.2009,0.88228
0,0,0.773693,-0.428965,0.466249
0,0,0.100688,0.950335,0.294492
0,0,-0.0675257,-0.26872,0.960848
0,0,-0.181641,0.805623,0.563896
0,0,0.0913639,0.994837,0.0441886
0,0,-0.287503,0.891398,0.350358
0,0,0.274704,-0.732424,0.622971
0,0,-0.767004,-0.33262,0.548697
0,0,-0.896506,-0.442789,0.0146561
0,0,0.836773,0.46474,0.28953
0,0,-0.479787,0.829471,0.285976
0,0,-0.600304,0.731389,0.323583
0,0,0.172741,-0.686281,0.706526
0,0,-0.473661,-0.372493,0.798057
0,0,-0.5487,-0.798189,0.248642
0,0,-0.13373,0.913035,0.385336
0,0,0.718887,0.0235922,0.694727
0,0,-0.924731,-0.342131,0.166789
0,0,-0.803417,-0.578032,0.142827
0,0,-0.261877,0.441678,0.858103
0,0,-0.503117,-0.858128,0.102417
0,0,-0.687313,-0.0643814,0.723503
0,0,0.00749887,0.923423,0.383711
0,0,0.566124,-0.302362,0.766864
0,0,-0.324954,0.775447,0.541375
0,0,0.765921,-0.340036,0.545656
0,0,0.558842,0.366436,0.743922
0,0,-0.932502,-0.145248,0.33067
0,0,0.475251,-0.862327,0.174726
0,0,0.917691,0.0762792,0.389905
0,0,0.807014,0.446167,0.386863
0,0,0.312087,0.911477,0.267975
0,0,-0.915116,0.0506827,0.399991
0,0,0.212903,-0.884194,0.41578
4.50368,6.28816,-0.599885,0.627022,-0.496972
0,0,0.0940587,-0.788095,0.608324
0,0,0.129894,0.406788,0.904241
0,0,-0.061267,0.29498,0.953537
0,0,0.691664,-0.586304,0.42172
0,0,-0.925018,-0.312329,0.216316
0,0,0.510803,0.260066,0.819418
0,0,-0.694473,0.460724,0.552667
23.0503,31.8318,-0.283092,0.270962,-0.920021
0,0,-0.763705,0.622733,0.170172
0,0,-0.747769,-0.453357,0.485087
0,0,0.00736247,0.641982,0.766684
0,0,-0.866568,0.498932,0.0112865
0,0,-0.270227,-0.960139,0.0714883
0,0,0.439945,0.47359,0.762995
0,0,0.205232,-0.364859,0.908162
0,0,-0.595819,-0.183751,0.781815
0,0,0.750675,-0.0592206,0.658012
0,0,0.922798,0.173215,0.34415
0,0,-0.667841,-0.660793,0.342551
0,0,-0.55449,0.799153,0.232155
0,0,0.359153,-0.525544,0.771241
0,0,0.566213,0.813431,0.133168
0,0,0.835805,0.192806,0.514058
0,0,-0.451779,-0.109065,0.885438
0,0,0.0938946,0.992853,0.0736683
0,0,0.252597,-0.658391,0.709025
0,0,0.859438,-0.0463749,0.509133
0,0,-0.526409,0.809339,0.260508
0,0,0.173818,0.924139,0.340227
0,0,0.526665,-0.239813,0.815545
0,0,-0.582277,0.768697,0.264684
0,0,0.615999,0.0609474,0.785386
0,0,-0.709876,-0.703628,0.0313649
0,0,0.721315,-0.691161,0.0447272
0,0,0.082183,0.782182,0.617606
0,0,-0.712112,-0.198912,0.673298
0,0,0.0993849,-0.536964,0.83773
0,0,0.10301,0.843013,0.527937
0,0,-0.256955,-0.770674,0.583125
0,0,-0.0798439,-0.205774,0.975337
0,0,0.297154,-0.865739,0.402735
0,0,0.146886,0.9876,0.0554097
0,0,-0.361542,-0.769253,0.526818
0,0,0.760634,-0.649169,0.0038363
0,0,-0.0942499,0.662153,0.743418
0,0,-0.837905,0.0825561,0.539536
0,0,-0.693684,-0.556948,0.45674
0,0,-0.912787,-0.399987,0.0826471
0,0,-0.561161,-0.058912,0.825607
0,0,-0.0694103,0.968801,0.237921
0,0,-0.523599,-0.771153,0.362172
0,0,-0.981799,-0.0767487,0.173727
0,0,0.747937,0.173416,0.640717
0,0,0.837071,-0.542788,0.0685154
0,0,0.17839,-0.713282,0.677795
0,0,-0.157277,0.918039,0.363961
0,0,-0.327763,0.824149,0.461898
0,0,0.725985,0.440218,0.52835
0,0,-0.0959423,0.984208,0.148763
0,0,0.588822,-0.773603,0.234154
0,0,0.0884431,0.782602,0.616208
0,0,-0.0222099,0.931262,0.363673
0,0,0.533431,-0.783913,0.317699
0,0,-0.937488,0.137503,0.319701
0,0,0.252633,0.447017,0.85811
0,0,0.963914,-0.182326,0.193976
0,0,-0.741024,-0.59625,0.308818
0,0,-0.252579,0.821006,0.512008
0,0,-0.569012,0.664578,0.484315
0,0,-0.583354,0.810626,0.0508294
0,0,-0.186806,-0.848553,0.495037
0,0,0.444098,-0.87018,0.213455
0,0,-0.241724,-0.47392,0.846741
0,0,0.199709,-0.965832,0.16518
0,0,0.303367,-0.243971,0.921112
0,0,-0.530291,0.250432,0.809985
0,0,0.939726,0.236993,0.246475
0,0,-0.999834,-0.0181875,0.0009531
0,0,0.178228,-0.605852,0.775357
0,0,0.495062,0.633193,0.594962
0,0,0.679256,-0.657896,0.325245
0,0,0.715522,-0.54128,0.441638
0,0,-0.805274,0.569848,0.163726
0,0,0.927819,-0.332624,0.168861
0,0,0.368592,0.898275,0.239252
0,0,-0.677031,-0.350318,0.64723
0,0,-0.536225,0.0231391,0.843758
0,0,-0.0672657,0.605545,0.792963
0,0,-0.253651,0.634913,0.729758
0,0,0.43564,-0.737493,0.516063
0,0,0.384708,0.898225,0.212584
0,0,0.665397,0.739364,0.102897
0,0,-0.954678,-0.0656867,0.290301
0,0,0.907477,0.0452907,0.417654
0,0,-0.584639,-0.623322,0.519294
0,0,-0.367436,0.87916,0.303428
0,0,0.938713,-0.202918,0.278643
0,0,0.79301,-0.0122811,0.609085
0,0,0.599707,0.656815,0.457105
8.51729,12.822,-0.353555,0.172193,0.919428
0,0,0.484813,-0.615485,0.621397
0,0,0.458809,0.682252,0.569233
0,0,-0.739275,0.613143,0.278437
0,0,0.753096,-0.241284,0.612068
0,0,-0.695078,0.00110913,0.718934
0,0,-0.966798,-0.226333,0.118641
0,0,0.870098,0.483991,0.0931819
0,0,-0.429497,-0.560463,0.708105
0,0,-0.722414,-0.135102,0.678134
0,0,0.866104,0.0280014,0.49908
0,0,0.359012,0.922325,0.14292
0,0,0.855647,0.510583,0.0846883
0,0,-0.230711,-0.828904,0.509598
0,0,-0.817846,-0.309905,0.484858
0,0,-0.490789,-0.360452,0.793221
0,0,-0.120309,-0.987353,0.10325
0,0,0.37094,-0.360968,0.855631
0,0,0.385547,-0.920829,0.0585396
0,0,-0.854493,0.425065,0.298598
0,0,-0.0513632,0.544014,0.837503
0,0,-0.440129,0.199049,0.875595
0,0,0.808436,0.471505,0.352298
0,0,0.910301,-0.364395,0.196387
0,0,0.337114,0.158793,0.927976
0,0,0.846089,0.205738,0.491737
0,0,-0.5792,0.780886,0.233977
0,0,0.726578,-0.670458,0.150233
0,0,0.177387,-0.442675,0.878961
0,0,0.72409,0.127368,0.677842
23.0324,32.9776,-0.33837,0.292979,0.894242
0,0,0.346154,-0.936529,0.0555957
0,0,0.254942,-0.400263,0.880224
0,0,0.269485,-0.877199,0.397366
0,0,-0.351711,0.57837,0.736062
0,0,-0.840278,0.527399,0.125629
0,0,0.677519,-0.24601,0.693143
0,0,0.719571,-0.645706,0.255501
0,0,-0.0941759,-0.992425,0.0788892
0,0,-0.429347,0.485271,0.761691
0,0,-0.0527923,0.899198,0.434346
0,0,-0.766072,0.487517,0.41888
0,0,0.725076,0.688614,0.0086821
0,0,0.656693,-0.66814,0.349776
6.57819,9.23681,-0.261499,0.700716,0.663789
0,0,-0.188319,0.378722,0.906149
0,0,0.505479,0.835297,0.216265
0,0,-0.324837,-0.897435,0.298481
0,0,-0.825478,0.202621,0.526812
0,0,-0.644102,0.747627,0.161819
0,0,0.703697,0.188023,0.68517
0,0,0.114036,0.929098,0.351812
8.91129,12.3795,0.480437,0.789429,0.382077
0,0,0.619159,0.748811,0.236485
0,0,0.705276,-0.67722,0.209664
0,0,0.421753,-0.666618,0.61461
0,0,-0.551809,0.187,0.812735
0,0,0.464425,0.885249,0.0253761
0,0,0.654011,0.414239,0.632989
0,0,-0.239449,0.932918,0.268938
0,0,-0.188401,0.966459,0.174534
0,0,-0.839749,-0.116581,0.530312
0,0,0.872179,-0.433463,0.226744
0,0,-0.961972,-0.0240718,0.272084
0,0,-0.723538,-0.654733,0.218674
0,0,0.986599,-0.161786,0.0211796
0,0,0.0940767,0.575182,0.812598
0,0,0.65763,0.297292,0.692199
0,0,-0.718649,-0.181478,0.671274
0,0,0.0901586,0.99388,0.0638301
0,0,0.266037,-0.622083,0.736368
0,0,0.502512,-0.17777,0.846097
0,0,-0.427169,-0.43217,0.794201
0,0,0.594438,0.670125,0.444495
1.38818,1.98779,-0.260189,0.496623,0.82805
0,0,-0.615166,0.768348,0.176668
0,0,0.475955,0.0627461,0.877229
0,0,0.151383,0.985917,0.0710684
0,0,0.85495,-0.414395,0.311988
0,0,-0.0850773,0.990734,0.105865
0,0,0.244259,-0.967671,0.062849
0,0,-0.997088,-0.0755098,0.0106297
0,0,-0.588867,-0.808197,0.00722679
0,0,0.668302,-0.135985,0.731355
0,0,-0.735237,-0.178089,0.653996
0,0,0.310065,0.813172,0.492556
0,0,0.175316,-0.0123406,0.984435
0,0,0.0968698,-0.947687,0.304148
0,0,-0.865431,0.0224793,0.500524
0,0,0.235336,0.409507,0.881431
0,0,0.0263496,0.52714,0.84937
0,0,0.743197,-0.617438,0.257738
0,0,0.764452,0.542014,0.349047
0,0,0.901678,0.431422,0.0291846
0,0,-0.0776794,-0.962136,0.261267
0,0,0.288744,-0.398358,0.870596
0,0,0.549637,-0.820106,0.15914
0,0,-0.766718,-0.595761,0.239192
0,0,-0.259796,-0.444592,0.85723
0,0,0.615531,0.770683,0.164829
0,0,0.00693224,-0.0268824,0.999615
0,0,-0.852882,0.352623,0.385032
0,0,0.415666,-0.827653,0.377112
0,0,0.583225,-0.264941,0.76789
0,0,0.0436518,-0.998107,0.0433169
0,0,0.674468,0.65775,0.335346
0,0,0.8584,0.312119,0.407101
0,0,-0.429771,0.801683,0.415452
0,0,-0.617268,0.595213,0.514492
0,0,-0.841199,-0.404143,0.359239
0,0,0.951902,0.0574373,0.30097
0,0,0.0934765,0.497088,0.86265
0,0,0.50406,0.125481,0.854505
0,0,0.189273,0.821309,0.53817
0,0,0.43687,-0.861313,0.259394
0,0,0.249088,0.657026,0.711528
0,0,-0.0442376,0.501898,0.863795
0,0,-0.901008,0.161132,0.402768
0,0,0.792777,0.509078,0.335176
0,0,0.626438,-0.729476,0.274662
0,0,0.496015,-0.867815,0.029425
0,0,-0.0744576,0.895546,0.438695
0,0,0.569328,-0.584597,0.578024
0,0,0.57334,-0.672849,0.467498
0,0,0.452596,-0.0782907,0.888272
0,0,0.00406658,0.928252,0.37193
0,0,0.838972,0.530113,0.122907
0,0,-0.381216,-0.447367,0.809035
0,0,0.628607,0.142905,0.764481
0,0,-0.360227,-0.216171,0.907473
0,0,-0.603093,-0.326449,0.727811
0,0,-0.967667,-0.197385,0.157031
0,0,0.27784,0.704567,0.652985
0,0,-0.972079,0.196502,0.128256
0,0,0.21429,-0.825864,0.521564
0,0,-0.939037,-0.170909,0.298327
0,0,0.411298,0.622146,0.666159
0,0,-0.160853,0.74298,0.649698
0,0,0.655299,0.755345,0.0060637
0,0,0.771194,-0.105085,0.627867
0,0,0.272313,-0.818333,0.506139
0,0,-0.305018,0.739983,0.599491
0,0,0.340691,-0.382326,0.858927
0,0,0.772498,-0.590064,0.234674
0,0,0.636122,-0.428828,0.641448
0,0,0.694475,-0.257039,0.672038
0,0,-0.663506,0.496405,0.559769
0,0,0.292165,-0.905432,0.307949
0,0,0.609222,0.504797,0.611579
0,0,-0.347603,0.591467,0.727557
0,0,-0.53338,-0.508639,0.675864
0,0,0.18106,-0.49417,0.850302
0,0,0.589277,-0.0383373,0.807021
0,0,-0.119504,0.821122,0.558102
0,0,-0.833099,-0.245866,0.495475
0,0,0.987122,-0.106766,0.119124
0,0,-0.961904,0.00222645,0.273379
0,0,0.29979,-0.921649,0.246351
23.9258,32.0617,0.529393,0.757873,0.381277
0,0,-0.177102,0.948254,0.263531
0,0,-0.572253,-0.820077,0.000408479
0,0,0.84278,-0.532147,0.0808752
0,0,-0.525187,0.850982,0.00284017
0,0,0.619228,0.424473,0.66059
0,0,0.316344,-0.892563,0.321338
0,0,0.0414372,0.547871,0.835536
0,0,-0.165482,-0.551167,0.817821
0,0,-0.292601,0.955243,0.0435296
0,0,0.455803,-0.224594,0.861279
0,0,0.222707,-0.973295,0.0556635
14.8639,23.0288,0.0245106,0.509332,0.860221
0,0,-0.349926,0.458759,0.816757
0,0,0.320702,-0.861996,0.392572
0,0,-0.437809,0.811053,0.387965
0,0,0.830827,0.294241,0.472387
0,0,-0.131174,-0.982724,0.130567
0,0,-0.658064,-0.557518,0.506088
0,0,-0.496822,-0.345241,0.796226
0,0,-0.609037,0.0249603,0.792749
0,0,0.688629,0.217614,0.691689
0,0,0.0123933,0.572105,0.820087
0,0,-0.101151,-0.74001,0.664947
0,0,-0.181157,0.978503,0.0985547
0,0,0.644188,0.607417,0.464829
0,0,0.777563,-0.628386,0.0229709
0,0,0.0296783,-0.558589,0.828914
0,0,-0.473616,-0.550435,0.687539
0,0,-0.749912,-0.472177,0.463336
0,0,-0.853819,-0.285212,0.435485
0,0,-0.56772,-0.579072,0.585124
0,0,-0.312223,0.104254,0.944271
0,0,-0.866471,-0.495017,0.0646995
0,0,0.357038,-0.907688,0.220514
0,0,0.228111,-0.812245,0.536865
0,0,-0.817533,0.211491,0.535641
0,0,-0.669027,0.73256,0.125534
0,0,-0.838128,-0.0296435,0.544667
0,0,0.082211,0.344753,0.935087
0,0,-0.963434,-0.0733656,0.257707
0,0,0.41659,-0.75408,0.507756
0,0,0.440947,0.209709,0.87269
0,0,-0.786185,0.331764,0.521388
0,0,0.703945,-0.319357,0.634407
0,0,-0.867199,0.405969,0.288366
0,0,-0.949709,-0.272982,0.153405
0,0,-0.462337,-0.884978,0.0553114
0,0,-0.844111,0.182837,0.504031
0,0,0.651633,-0.757953,0.0296843
0,0,-0.0506418,0.93164,0.359837
0,0,-0.494747,-0.0378446,0.868212
0,0,-0.739228,0.668165,0.084243
0,0,0.0108536,0.520448,0.853824
0,0,0.119947,0.38235,0.916199
0,0,0.87183,-0.41855,0.254417
0,0,-0.499536,-0.348576,0.793069
0,0,-0.642715,-0.619268,0.451027
0,0,-0.783674,0.546737,0.294846
0,0,-0.49167,-0.733143,0.469852
0,0,-0.066929,0.583216,0.809556
0,0,-0.0518165,0.993881,0.097547
0,0,-0.059274,-0.710161,0.70154
0,0,-0.582682,0.355244,0.730947
0,0,0.0433869,-0.0321214,0.998542
0,0,0.741292,-0.100728,0.663581
0,0,-0.881796,-0.453719,0.128745
0,0,0.454357,-0.614647,0.644802
0,0,-0.95758,0.183916,0.221846
0,0,0.904201,-0.359017,0.23136
0,0,0.247103,0.105077,0.963275
0,0,0.552285,0.609929,0.568303
0,0,-0.990682,-0.037148,0.131033
0,0,-0.00245435,0.997047,0.0767481
0,0,0.83711,-0.144277,0.527665
0,0,-0.952464,0.293115,0.0830434
0,0,-0.648089,0.603319,0.464744
0,0,-0.526944,0.444683,0.724284
8.21899,11.3415,-0.450576,0.0812289,0.889035
0,0,-0.816494,-0.237179,0.526387
18.9235,26.4921,0.331312,0.230968,-0.914815
0,0,-0.212428,-0.286529,0.934224
19.6621,28.1042,-0.201085,0.315357,0.927424
0,0,0.84448,0.534151,0.0391835
0,0,0.440847,0.896983,0.0327852
21.7012,31.6122,-0.298093,0.889675,0.34586
0,0,-0.264368,-0.806024,0.529561
0,0,0.321312,0.661106,0.67801
0,0,0.741436,-0.513616,0.431823
0,0,-0.577329,0.449856,0.68141
0,0,-0.838191,-0.270023,0.473839
0,0,-0.975812,-0.128789,0.176645
0,0,0.147306,-0.897868,0.414891
0,0,0.358479,0.530059,0.768459
0,0,-0.119595,0.61,0.783324
0,0,0.0691914,-0.536565,0.841018
0,0,0.442094,-0.830768,0.338197
0,0,0.635518,0.70488,0.315057
0,0,-0.349077,-0.654457,0.670695
0,0,-0.335612,-0.737159,0.586481
0,0,0.89413,0.129544,0.428661
0,0,-0.379408,-0.711511,0.59144
0,0,-0.266505,0.010884,0.963772
0,0,-0.590825,0.641096,0.489817
0,0,-0.964533,-0.245419,0.0971871
0,0,-0.286892,0.216751,0.93312
0,0,0.456045,-0.570683,0.682894
0,0,-0.803606,-0.0912291,0.588129
0,0,-0.309248,0.188479,0.932116
0,0,-0.438134,0.721428,0.536265
0,0,0.852946,0.468416,0.230368
0,0,0.837623,0.441705,0.321378
0,0,-0.416269,-0.822586,0.387392
0,0,-0.723943,0.624248,0.293633
0,0,-0.0785341,-0.37909,0.922021
0,0,0.375107,-0.926506,0.029676
0,0,-0.175271,-0.9363,0.304339
0,0,0.00224143,-0.461884,0.886937
0,0,-0.61211,-0.767675,0.189726
0,0,0.16592,-0.657829,0.734664
0,0,-0.610523,-0.738834,0.285282
0,0,0.807827,0.391764,0.440383
0,0,-0.173104,-0.365943,0.914396
0,0,0.167763,0.620716,0.765877
0,0,-0.312563,-0.94947,0.0284825
0,0,0.932358,0.361149,0.0167321
0,0,-0.618137,0.658291,0.429603
0,0,-0.104265,0.972132,0.209973
0,0,0.325399,-0.743975,0.583624
0,0,-0.654016,-0.247809,0.714741
0,0,-0.863332,-0.499785,0.0698151
0,0,0.414456,0.886068,0.20763
0,0,-0.703163,-0.559719,0.438493
0,0,-0.652045,-0.0741694,0.754544
0,0,-0.173317,0.938345,0.299115
0,0,-0.0711631,0.914933,0.397283
0,0,-0.182812,0.383559,0.905242
0,0,-0.562321,0.754479,0.338462
0,0,0.424968,-0.319269,0.847036
0,0,-0.137907,0.863031,0.485962
0,0,0.0980252,-0.976761,0.190603
0,0,0.33797,0.875025,0.346566
0,0,0.985846,0.167466,0.00790159
0,0,-0.494421,0.865515,0.0801943
0,0,-0.863171,0.417321,0.284215
0,0,0.677286,0.730916,0.0839382
0,0,0.102963,-0.391861,0.914245
0,0,0.843293,0.256441,0.472329
0,0,0.31931,-0.507019,0.800607
0,0,0.807396,-0.556883,0.194917
0,0,-0.538102,-0.684054,0.49246
0,0,0.897798,0.0705487,0.43472
0,0,-0.518397,0.855127,0.0047795
0,0,0.992712,0.0814355,0.0888343
0,0,0.733414,-0.677602,0.0544071
0,0,-0.180027,-0.643148,0.744278
11.201,15.1314,-0.505103,0.641253,0.577638
0,0,-0.222485,-0.536529,0.814025
0,0,-0.507707,-0.217447,0.833637
0,0,-0.608365,-0.775271,0.169844
0,0,-0.616205,0.0175286,0.787391
0,0,0.687856,-0.412584,0.597184
0,0,-0.606246,-0.11595,0.786779
0,0,0.51398,-0.401306,0.758141
0,0,-0.160072,-0.980535,0.113704
0,0,-0.238785,0.699953,0.673088
0,0,0.119348,0.0549704,0.99133
0,0,-0.534728,-0.81861,0.209627
0,0,0.612285,-0.790068,0.0299929
0,0,-0.111732,0.912159,0.394312
0,0,0.320193,0.620223,0.716101
0,0,0.820291,0.535948,0.199704
0,0,-0.812022,-0.0177414,0.583357
0,0,0.393966,0.838485,0.376475
0,0,-0.830016,-0.0513058,0.555374
0,0,-0.393867,0.379804,0.837029
0,0,-0.541039,0.840894,0.0131867
0,0,0.468321,-0.325648,0.821358
0,0,0.456508,-0.115779,0.882154
0,0,-0.759757,-0.544811,0.354895
0,0,-0.101043,0.873369,0.476463
0,0,-0.684747,0.461121,0.564349
0,0,-0.702798,0.495123,0.510811
0,0,0.711264,-0.701433,0.0457704
0,0,0.874799,-0.255723,0.4115
0,0,-0.955541,-0.23617,0.176537
0,0,0.405539,0.694385,0.594447
0,0,0.0149812,0.823756,0.566746
0,0,-0.177024,-0.163504,0.97053
0,0,0.28879,-0.906395,0.308298
0,0,0.284566,-0.295385,0.912014
0,0,0.956793,-0.207031,0.204167
0,0,0.0154436,-0.937774,0.346904
0,0,-0.91761,-0.34935,0.189596
0,0,-0.49977,-0.407659,0.764228
0,0,-0.07657,-0.516887,0.852622
0,0,-0.611373,-0.180225,0.770546
0,0,-0.521296,0.806598,0.278656
0,0,-0.884145,0.466843,0.0185807
0,0,0.115805,0.787227,0.605692
0,0,-0.884998,0.241121,0.398296
0,0,0.530695,0.323353,0.783457
0,0,0.0506637,0.946697,0.318117
0,0,-0.459962,-0.720789,0.518554
17.2632,23.4556,0.128608,0.223891,0.966092
0,0,0.835132,-0.00347494,0.550039
0,0,-0.628213,-0.772539,0.0923682
0,0,-0.85463,0.0372004,0.517903
0,0,0.613947,-0.424683,0.665367
0,0,0.157137,0.867696,0.471606
0,0,0.315562,0.209728,0.925438
0,0,0.953789,0.293722,0.0633522
0,0,0.0811372,0.378778,0.921924
0,0,0.0759101,-0.968822,0.235843
0,0,-0.610835,-0.348076,0.711143
0,0,0.411381,0.291755,0.863507
0,0,-0.951406,-0.0767221,0.298228
0,0,0.917897,0.330012,0.220358
0,0,-0.0843017,0.839773,0.536353
0,0,-0.380014,-0.138113,0.914612
0,0,0.632807,-0.0603567,0.771954
0,0,-0.725187,-0.430508,0.53737
0,0,-0.120107,0.327165,0.937303
0,0,-0.133011,-0.548578,0.825452
0,0,-0.10316,0.755537,0.646932
0,0,-0.570142,0.221587,0.791099
0,0,-0.726367,0.517486,0.452326
0,0,0.112129,0.99304,0.0360369
0,0,-0.0969431,0.806112,0.583768
0,0,-0.722934,0.673793,0.152869
0,0,0.734515,-0.534323,0.418314
0,0,0.146152,-0.516619,0.843649
0,0,0.862008,0.264641,0.432328
0,0,0.943263,-0.162986,0.289291
0,0,0.493897,-0.440505,0.749681
0,0,0.379359,0.708295,0.595319
0,0,0.450569,-0.878601,0.158266
0,0,-0.756818,0.333078,0.562393
0,0,-0.879785,-0.446039,0.1644
0,0,-0.74196,-0.467648,0.480417
0,0,-0.763198,0.48201,0.430343
0,0,-0.767368,0.620535,0.161502
0,0,-0.281546,0.433081,0.856255
0,0,-0.425972,0.702781,0.569778
0,0,0.499346,0.374155,0.781449
0,0,-0.456193,0.0274889,0.889456
23.0315,32.3245,-0.100397,0.0999115,0.989918
0,0,0.732092,0.678084,0.0651444
0,0,-0.483589,-0.822011,0.300732
0,0,-0.444586,0.851088,0.279271
0,0,0.318496,0.389344,0.864275
0,0,0.0403542,-0.997959,0.0494846
0,0,0.457109,0.852509,0.253535
0,0,0.872717,-0.474181,0.116264
0,0,-0.233084,0.900501,0.367109
0,0,0.284703,0.862423,0.418534
0,0,-0.44815,-0.0474284,0.892699
0,0,-0.72476,0.684553,0.0781682
0,0,-0.29921,-0.537711,0.788252
0,0,0.994451,0.0885128,0.0568633
0,0,-0.489258,0.339038,0.803542
0,0,-0.499108,0.488217,0.715916
0,0,-0.760304,0.431339,0.485679
0,0,-0.795868,-0.399425,0.455031
0,0,0.627123,0.0943909,0.77318
0,0,0.215535,0.957392,0.192212
0,0,-0.463603,0.483592,0.742436
0,0,-0.469848,-0.824641,0.314975
0,0,0.211796,0.905196,0.36846
0,0,0.123744,0.464743,0.876756
0,0,-0.312862,-0.651284,0.691337
0,0,0.400915,0.899509,0.173639
0,0,0.982248,-0.181314,0.0480957
0,0,-0.668092,0.12698,0.733164
21.7606,28.9404,-0.203419,0.706291,0.678066
0,0,-0.535147,-0.260253,0.803671
0,0,-0.39814,-0.709588,0.581351
0,0,0.269606,0.661311,0.699986
5.42237,7.7168,-0.57283,-0.588579,0.570474
0,0,0.526011,0.484114,0.699247
0,0,0.822816,0.273496,0.49817
0,0,0.832106,0.542431,0.115623
0,0,0.50291,-0.847267,0.170938
0,0,0.223061,0.947667,0.228412
0,0,0.272777,-0.0873518,0.958104
0,0,0.338668,0.900443,0.272959
0,0,0.29803,0.940916,0.160795
0,0,-0.018146,-0.775904,0.63059
0,0,-0.657543,0.457138,0.598884
0,0,-0.747832,-0.0500736,0.661997
0,0,-0.758338,0.59793,0.25962
0,0,-0.259516,0.964317,0.0523832
0,0,-0.149633,-0.675857,0.721683
0,0,0.0626263,-0.944545,0.322356
0,0,-0.417003,0.174902,0.891918
0,0,0.952737,-0.0318423,0.302124
0,0,-0.218673,0.181225,0.958822
0,0,-0.470846,0.817626,0.331348
0,0,-0.776586,-0.235495,0.584342
0,0,-0.238464,-0.879775,0.411256
0,0,-0.0208617,-0.783146,0.621488
0,0,-0.822437,0.0487953,0.56676
0,0,-0.474468,-0.212285,0.854292
0,0,0.429442,-0.708808,0.559617
0,0,-0.349906,-0.72216,0.5967
0,0,0.321971,-0.941114,0.103145
0,0,-0.562442,-0.508391,0.652072
0,0,0.456094,-0.85618,0.242765
0,0,-0.837387,-0.498959,0.22321
0,0,0.927141,0.0834376,0.365304
0,0,0.549536,0.116752,0.827272
0,0,-0.376395,-0.278211,0.8837
0,0,-0.847332,-0.49374,0.195572
0,0,0.879097,0.408938,0.244864
0,0,-0.944572,-0.159393,0.287014
0,0,0.357673,0.930508,0.0788954
0,0,0.635012,0.727391,0.260119
0,0,0.52401,0.244632,0.815824
0,0,0.799609,0.278238,0.532174
0,0,-0.28403,0.885489,0.367744
0,0,0.889528,0.255148,0.378998
0,0,0.436405,-0.886751,0.152389
0,0,0.287943,0.433932,0.853693
0,0,0.0611416,-0.912477,0.404533
0,0,0.789647,-0.59408,0.153383
0,0,0.279871,0.698821,0.658271
0,0,-0.0439079,-0.644002,0.763763
0,0,0.00366973,0.998454,0.0554699
0,0,-0.688658,-0.477066,0.546039
0,0,-0.255703,-0.513899,0.818855
0,0,-0.042645,0.569859,0.820635
0,0,0.0981653,-0.663862,0.741384
0,0,0.226364,0.765013,0.602922
0,0,0.627968,-0.287641,0.723131
0,0,0.902843,0.207578,0.376544
0,0,0.145176,0.989391,0.00547236
0,0,0.117777,0.956071,0.268435
0,0,-0.0943814,-0.687752,0.719785
0,0,-0.690491,-0.67081,0.270622
0,0,0.35348,-0.876533,0.326712
0,0,0.73279,0.326216,0.597161
0,0,0.0504526,0.779531,0.624329
0,0,-0.368652,-0.229204,0.900867
0,0,0.928722,0.178192,0.32515
0,0,-0.72018,-0.682041,0.127127
0,0,0.529133,0.0368353,0.847739
0,0,-0.209753,-0.973434,0.0918174
0,0,-0.810664,0.505133,0.296082
0,0,0.271493,0.385711,0.88177
0,0,0.945552,0.0557471,0.320661
0,0,0.15451,-0.857803,0.490204
0,0,0.614288,-0.511514,0.600835
0,0,-0.172218,-0.868791,0.464266
0,0,-0.673917,0.235685,0.700206
0,0,-0.135841,0.989106,0.0567216
0,0,0.902366,0.0441097,0.428708
0,0,0.82583,-0.081491,0.558
0,0,0.91886,0.39241,0.0413554
0,0,0.835886,-0.180737,0.518295
0,0,0.767324,0.283443,0.575216
0,0,0.838307,0.143691,0.525922
0,0,-0.247233,-0.258848,0.933742
0,0,0.762928,0.354061,0.540908
0,0,-0.213138,0.960378,0.179575
0,0,-0.961412,-0.0224907,0.274193
0,0,-0.297048,-0.33938,0.892516
0,0,-0.81639,0.549318,0.178203
0,0,0.56784,0.569168,0.594647
0,0,-0.103761,0.993557,0.0455793
0,0,0.261266,-0.893911,0.364229
5.08622,7.1949,0.783515,0.534913,0.316184
0,0,-0.434953,0.217874,0.873697
0,0,-0.689803,-0.650729,0.317369
0,0,-0.153266,0.985536,0.0723083
0,0,-0.731576,0.67435,0.100243
0,0,0.205194,0.00418822,0.978712
0,0,-0.993151,0.116829,0.00151767
0,0,-0.189826,0.919793,0.343433
0,0,0.467908,0.416038,0.779727
0,0,0.929812,-0.255241,0.265145
0,0,0.419915,-0.577941,0.699754
0,0,-0.464596,-0.129011,0.876075
0,0,0.0801196,0.665359,0.742212
0,0,0.919295,0.383441,0.0887165
0,0,-0.782798,0.435049,0.444927
0,0,0.214912,-0.790412,0.573639
0,0,0.719465,0.367452,0.589363
0,0,-0.395994,-0.491164,0.775853
0,0,0.076354,-0.879456,0.469815
0,0,0.0604602,0.894933,0.442085
0,0,-0.791919,0.195225,0.578577
0,0,-0.436239,-0.692974,0.574006
0,0,0.568951,-0.0736767,0.819065
0,0,-0.328917,0.481807,0.812204
0,0,0.914489,-0.363728,0.177235
14.4568,21.6103,0.810533,0.582437,-0.0616661
0,0,0.583756,0.101303,0.805584
0,0,-0.741061,0.600423,0.300533
0,0,0.330259,-0.943477,0.0279135
0,0,0.159075,-0.968635,0.190898
0,0,-0.625059,-0.44997,0.637831
0,0,-0.417787,-0.16615,0.893224
0,0,0.0601629,-0.756011,0.651788
0,0,-0.655815,-0.561123,0.505023
0,0,0.529905,-0.745225,0.404771
0,0,0.063078,0.91983,0.387213
0,0,0.157259,0.596202,0.787282
0,0,0.294616,0.171531,0.940095
0,0,0.296513,0.13734,0.945102
0,0,-0.749714,0.508198,0.423867
0,0,-0.704619,-0.600693,0.377731
0,0,0.79623,0.122092,0.592547
0,0,0.55621,0.822849,0.116407
0,0,0.299278,0.954086,0.0123565
0,0,-0.994302,0.0640124,0.0852358
0,0,-0.222181,-0.139776,0.964934
0,0,0.496293,0.793848,0.351423
0,0,0.816061,0.565722,0.118336
0,0,0.648954,0.0852797,0.756033
0,0,0.455576,0.599222,0.658318
0,0,0.470745,0.593875,0.652465
0,0,-0.670156,-0.334719,0.66246
0,0,-0.244182,-0.752495,0.611659
0,0,0.748244,-0.538782,0.387098
0,0,-0.754868,0.62869,0.186878
0,0,0.898271,0.418777,0.133174
0,0,0.522072,-0.42394,0.740078
0,0,-0.838299,-0.544797,0.0212263
13.0744,17.3482,-0.135639,-0.0319438,0.990243
0,0,-0.440522,-0.185205,0.87843
0,0,-0.199409,0.97576,0.0901591
0,0,0.972741,0.166088,0.161831
0,0,0.239004,0.949895,0.201438
0,0,-0.189945,0.665199,0.722102
0,0,0.26117,0.629562,0.731739
0,0,0.434709,0.899483,0.0442433
0,0,0.120198,0.941212,0.31571
0,0,0.234244,-0.654073,0.719248
0,0,0.479279,0.12475,0.868751
21.9883,30.613,0.96681,0.228591,-0.114126
0,0,-0.0564246,-0.355978,0.932789
0,0,0.7875,0.580604,0.206746
0,0,-0.0444448,0.980648,0.190665
0,0,0.783017,-0.530203,0.32522
0,0,0.0639359,0.97356,0.219301
0,0,-0.453322,-0.72625,0.516779
0,0,0.655312,0.75461,0.0335971
0,0,0.692952,-0.367738,0.62015
0,0,0.15905,0.986754,0.031938
0,0,-0.179465,0.36384,0.914009
0,0,-0.509628,-0.156067,0.846122
0,0,-0.76296,-0.380353,0.522708
0,0,0.165913,0.96246,0.214809
17.2748,25.299,-0.871414,-0.126135,-0.474055
0,0,0.74704,0.259587,0.612002
0,0,-0.194231,0.886882,0.419183
0,0,0.0647343,0.831034,0.552441
0,0,-0.764259,-0.165735,0.62325
0,0,-0.758449,0.519335,0.39376
0,0,-0.0218373,0.597304,0.801717
0,0,-0.719312,0.572782,0.393078
0,0,-0.610404,0.681307,0.404013
0,0,-0.276241,0.409244,0.869603
0,0,-0.176612,-0.928124,0.327711
0,0,-0.172009,-0.620664,0.764976
0,0,-0.236808,-0.8116,0.534067
0,0,-0.759534,-0.343244,0.552533
0,0,0.219109,0.609763,0.761696
0,0,-0.896213,0.198633,0.396671
0,0,-0.752762,0.00761488,0.658249
0,0,-0.577416,0.412946,0.70432
0,0,0.277817,-0.838053,0.469559
0,0,0.0260381,-0.698375,0.715258
0,0,0.708639,-0.661862,0.244479
0,0,-0.444146,-0.754138,0.483747
0,0,0.764457,-0.644425,0.0179434
0,0,0.785647,-0.337271,0.518658
1.55197,2.13243,-0.135003,-0.612649,0.77874
0,0,0.205602,0.948448,0.241191
0,0,0.269292,-0.933291,0.237591
0,0,0.343684,0.76073,0.55061
0,0,-0.0565663,0.963782,0.260624
0,0,0.784894,0.364113,0.501361
0,0,0.400929,0.139897,0.905364
0,0,-0.858942,0.483581,0.168425
0,0,-0.50445,0.858628,0.0910446
0,0,0.65364,-0.443658,0.613126
0,0,0.378231,-0.43607,0.816569
0,0,-0.0417085,-0.523257,0.851154
0,0,-0.921625,-0.0188549,0.387623
0,0,-0.738953,0.626449,0.248012
0,0,-0.174658,-0.947161,0.269035
0,0,0.652753,0.757405,0.0158652
0,0,-0.471114,-0.0811512,0.878331
0,0,0.761811,0.586498,0.275073
0,0,-0.440004,-0.226187,0.869043
0,0,-0.0534821,-0.31652,0.947077
20.8404,30.0686,0.814596,0.0884948,0.573239
0,0,-0.0642711,-0.639048,0.766477
0,0,0.710796,0.0985751,0.696457
0,0,-0.530289,0.723146,0.442553
0,0,0.370512,-0.751596,0.545733
0,0,0.609365,-0.764682,0.20961
0,0,-0.0789297,0.996878,0.00196872
0,0,0.800786,0.235921,0.55053
0,0,-0.787591,0.551398,0.275065
0,0,-0.743249,-0.623609,0.242264
0,0,0.778515,0.504217,0.373737
0,0,0.13664,0.737749,0.661103
0,0,-0.720713,-0.108605,0.684674
0,0,0.645383,0.226892,0.729384
0,0,0.318653,0.774277,0.546769
0,0,0.592692,-0.786082,0.175474
0,0,0.444085,-0.764938,0.466538
0,0,0.919281,-0.111448,0.377495
0,0,0.565374,-0.637649,0.523217
0,0,0.284722,-0.534535,0.795742
0,0,-0.258422,-0.163221,0.952143
0,0,0.0493319,0.347109,0.936526
0,0,-0.980306,0.103793,0.168011
0,0,-0.14599,-0.617216,0.773131
0,0,-0.753008,0.650927,0.096297
0,0,0.160866,-0.866159,0.473171
0,0,0.362532,0.353939,0.862147
0,0,0.256047,-0.965093,0.0551019
0,0,-0.867396,0.318377,0.382439
0,0,-0.212319,-0.277808,0.93688
0,0,0.566987,0.0305278,0.823161
0,0,-0.341157,0.588062,0.733345
0,0,-0.0936333,-0.446371,0.889936
0,0,0.662906,-0.745778,0.0661092
0,0,0.0471327,-0.980806,0.189202
0,0,-0.336234,0.670187,0.661662
0,0,0.270765,-0.822376,0.500384
0,0,0.579972,0.533895,0.615296
0,0,-0.794547,-0.426669,0.432028
0,0,0.956608,0.0952966,0.275355
0,0,-0.948623,-0.146244,0.280582
0,0,-0.0432088,-0.580076,0.813415
0,0,-0.30621,-0.927105,0.216129
0,0,0.444903,0.845762,0.294529
0,0,-0.0521087,0.436793,0.898051
0,0,-0.659359,-0.60353,0.448327
0,0,-0.998659,-0.0491408,0.0162842
0,0,-0.500541,0.391561,0.7721
0,0,0.387788,0.140403,0.910993
0,0,-0.390746,-0.893618,0.220829
0,0,-0.0887735,-0.868711,0.487298
0,0,0.87508,-0.212063,0.435044
0,0,0.337572,0.940998,0.0238427
0,0,-0.592954,-0.805216,0.00573864
0,0,-0.948011,0.0324976,0.316575
0,0,-0.55759,-0.564369,0.608753
0,0,-0.148165,0.789861,0.595119
0,0,-0.868949,0.421603,0.259188
0,0,-0.766259,0.62989,0.126827
0,0,0.471828,-0.361614,0.804123
0,0,-0.860772,-0.508254,0.0273863
0,0,-0.119422,-0.537144,0.834994
0,0,-0.34839,0.809282,0.472956
0,0,0.658767,0.192075,0.727415
0,0,0.0173274,-0.978139,0.207228
0,0,-0.813687,-0.274751,0.512275
0,0,0.746053,0.303922,0.592483
0,0,0.413101,-0.449755,0.791877
0,0,-0.460733,0.489307,0.740476
0,0,0.71523,0.508724,0.479214
0,0,-0.606231,0.161511,0.778715
0,0,0.0862564,-0.400448,0.912251
0,0,-0.555824,-0.0788083,0.827556
0,0,0.829866,-0.364375,0.422555
0,0,0.965122,0.25159,0.0723956
0,0,-0.534307,0.791618,0.296406
0,0,0.347696,0.486726,0.801377
0,0,-0.680689,-0.531987,0.503639
0,0,-0.94519,-0.112443,0.306549
0,0,-0.620193,0.540658,0.568374
0,0,-0.819295,0.565338,0.0956495
0,0,0.0336611,0.918621,0.393703
0,0,0.9594,-0.18772,0.210507
0,0,-0.565195,0.813777,0.135354
0,0,-0.456938,-0.773147,0.439831
0,0,-0.466109,0.244997,0.850129
0,0,-0.70108,-0.687184,0.190435
0,0,0.556619,0.799483,0.225836
0,0,0.833945,0.525139,0.169601
0,0,0.121534,-0.660492,0.740932
0,0,0.413709,0.595294,0.688818
0,0,0.838064,-0.214392,0.501682
0,0,-0.234347,0.52993,0.815019
0,0,0.921957,-0.332791,0.198103
0,0,-0.955772,-0.0273422,0.292836
0,0,0.578399,0.81131,0.0850331
0,0,0.935568,-0.0477266,0.349908
0,0,-0.711883,0.70171,0.028745
0,0,0.604907,0.000686681,0.796296
0,0,0.366222,-0.0609417,0.92853
0,0,0.416164,-0.0163355,0.909143
0,0,0.30785,0.945643,0.104825
0,0,-0.563522,-0.191477,0.803604
0,0,-0.351057,0.28818,0.890905
0,0,-0.546812,0.77724,0.311279
0,0,-0.6056,-0.794751,0.0402473
0,0,-0.0663964,0.131174,0.989133
0,0,0.620368,-0.77013,0.148472
0,0,0.813822,0.518107,0.263171
0,0,-0.0698263,0.943867,0.322861
0,0,-0.797683,-0.50114,0.335499
0,0,-0.79857,0.493403,0.344732
0,0,0.496269,0.867993,0.017458
0,0,-0.0481525,0.59641,0.801234
0,0,-0.683764,0.563744,0.463313
0,0,0.359093,0.675917,0.643575
0,0,-0.695843,-0.711684,0.0964816
0,0,0.799835,0.400176,0.447352
0,0,0.269123,0.240737,0.932533
0,0,0.801534,0.596675,0.0390259
0,0,0.385003,-0.592136,0.707918
0,0,0.970552,-0.226944,0.0807775
0,0,0.0322282,0.361909,0.931656
0,0,-0.824814,-0.0604414,0.562164
0,0,0.245397,0.927621,0.281602
0,0,-0.88383,-0.21387,0.416058
0,0,0.41278,0.907634,0.076242
0,0,0.845242,-0.48035,0.234159
0,0,0.831955,-0.547581,0.0894766
0,0,-0.876608,0.0693655,0.47618
0,0,0.666362,0.500363,0.55281
0,0,0.0253122,-0.994352,0.103072
0,0,-0.0427951,-0.951199,0.305595
0,0,0.176217,0.976379,0.125023
0,0,-0.647746,-0.654928,0.389221
0,0,-0.38751,-0.918448,0.0793109
0,0,-0.547268,-0.101313,0.830803
0,0,-0.891964,-0.392254,0.224802
0,0,0.112117,-0.335734,0.935261
0,0,-0.857408,0.048224,0.512372
0,0,0.85572,-0.132528,0.50018
0,0,-0.0740712,0.997116,0.0165127
0,0,-0.766917,-0.144238,0.625327
0,0,0.234401,0.94681,0.220469
0,0,0.707678,0.567725,0.420571
0,0,0.797847,0.483111,0.360615
0,0,-0.568111,-0.0683453,0.820109
0,0,0.9642,0.110019,0.241277
0,0,0.600348,-0.731729,0.322729
3.80313,5.78586,0.0102439,-0.351941,0.935966
0,0,-0.264601,0.895509,0.35784
0,0,0.298626,0.850535,0.432913
0,0,0.931273,0.0891964,0.353236
0,0,0.540698,0.829167,0.14187
0,0,0.358078,-0.199687,0.912088
0,0,-0.409056,0.8869,0.214667
0,0,-0.865128,-0.086378,0.494058
0,0,-0.64529,0.248437,0.722412
22.5202,33.1854,0.0811542,0.51667,0.85233
0,0,-0.704843,0.294477,0.645353
0,0,0.941628,-0.145282,0.303695
0,0,-0.931475,-0.307827,0.193898
0,0,0.328468,-0.727329,0.602579
16.6759,23.511,-0.403916,0.813476,-0.418459
0,0,-0.0154424,-0.37506,0.926872
0,0,-0.01063,-0.780758,0.624743
0,0,-0.499058,0.669497,0.550196
0,0,-0.888613,0.458658,0.000359702
0,0,-0.889481,0.142698,0.43412
0,0,-0.347666,-0.00104015,0.937618
0,0,0.164799,-0.0949411,0.981747
0,0,-0.952775,0.2104,0.218976
0,0,-0.402822,-0.783323,0.473433
0,0,-0.668986,-0.185007,0.719882
0,0,0.170605,0.344162,0.92328
0,0,-0.601653,0.540606,0.588012
0,0,-0.415753,-0.0230111,0.909186
0,0,-0.474854,0.388497,0.789673
0,0,-0.482363,-0.619997,0.618813
0,0,-0.775927,-0.587644,0.229372
0,0,0.653642,-0.509991,0.559162
0,0,-0.998492,0.0541151,0.00920355
0,0,0.202192,0.751909,0.627496
0,0,-0.873626,0.427118,0.233127
0,0,-0.199183,-0.955188,0.218954
0,0,0.984594,0.0619842,0.163501
0,0,0.584786,0.484474,0.650623
0,0,-0.0320737,0.823386,0.566575
0,0,-0.868178,0.492926,0.0573572
0,0,-0.845865,0.239615,0.476546
0,0,-0.593443,-0.619805,0.513485
0,0,-0.449546,0.560891,0.695204
0,0,0.0263423,-0.965787,0.257996
0,0,0.456154,0.705963,0.541793
0,0,0.5184,0.645058,0.561393
0,0,-0.210503,-0.892501,0.398912
0,0,-0.793049,0.559165,0.241677
0,0,0.509919,0.566965,0.646942
0,0,0.714547,-0.173724,0.677674
0,0,-0.662361,0.465139,0.587302
0,0,0.782765,0.218827,0.582576
0,0,-0.129168,-0.659698,0.740347
0,0,-0.952942,0.0407542,0.300402
0,0,-0.798979,0.450531,0.398314
23.1256,32.8251,0.62012,0.194206,0.760089
0,0,0.462489,-0.615619,0.638057
0,0,-0.482292,-0.841738,0.242635
0,0,-0.356516,0.932482,0.0580775
0,0,0.242372,0.859004,0.450964
0,0,-0.425039,-0.69325,0.582019
0,0,0.117613,-0.310017,0.943428
0,0,-0.164818,0.973124,0.160828
0,0,-0.234651,0.813999,0.531361
0,0,-0.750054,-0.531176,0.394045
0,0,-0.278589,-0.488044,0.827164
0,0,-0.905505,-0.194224,0.377278
0,0,-0.355211,0.888273,0.291198
0,0,-0.512834,-0.190336,0.837122
0,0,0.116175,-0.975549,0.18657
0,0,-0.0986171,-0.982429,0.158454
0,0,0.732123,-0.54768,0.405021
0,0,0.458798,-0.708013,0.536863
0,0,-0.243439,-0.479137,0.843306
0,0,-0.440995,-0.817765,0.369843
0,0,-0.30894,-0.538917,0.783661
0,0,0.60644,-0.762185,0.226506
12.7079,17.0483,0.315799,0.674573,0.66725
0,0,0.838798,-0.253827,0.481653
0,0,-0.332288,-0.943086,0.0131524
0,0,-0.0556353,0.91222,0.405906
0,0,0.731517,0.569382,0.375082
0,0,-0.178053,0.969705,0.16724
0,0,0.435428,-0.311055,0.844776
0,0,-0.490101,-0.870236,0.0499046
0,0,-0.0859917,0.575093,0.813556
0,0,-0.864535,-0.073841,0.497118
0,0,-0.994287,0.0835989,0.0663644
0,0,-0.217955,-0.448202,0.866955
0,0,-0.32522,0.831143,0.451036
0,0,-0.487474,0.86842,0.0906402
0,0,0.810702,-0.543392,0.217915
0,0,-0.311988,-0.368802,0.875585
0,0,-0.83892,-0.544215,0.00653059
0,0,0.0342775,0.552187,0.833016
0,0,-0.889401,-0.420944,0.178249
0,0,0.670865,-0.0335664,0.740819
0,0,0.342211,0.367689,0.864694
0,0,0.787874,-0.405044,0.46389
0,0,-0.947558,0.277316,0.158836
0,0,-0.543168,-0.82207,0.170791
0,0,-0.71708,-0.155768,0.679363
0,0,0.136024,-0.409405,0.902156
0,0,-0.119597,-0.644378,0.755297
0,0,-0.392697,-0.320299,0.862089
0,0,-0.205375,-0.580638,0.787833
0,0,0.304433,-0.786819,0.536877
0,0,-0.406669,0.89134,0.200331
0,0,0.929631,-0.270574,0.250153
0,0,-0.250591,0.778933,0.574864
0,0,-0.582215,-0.341301,0.737929
0,0,-0.746435,-0.28683,0.600469
0,0,0.662857,-0.640515,0.387763
0,0,0.366038,0.322624,0.872886
0,0,0.441039,-0.288912,0.849714
0,0,-0.253086,-0.148822,0.955929
0,0,-0.2401,0.93257,0.269567
0,0,0.172081,0.980599,0.0938843
0,0,-0.959067,0.00860626,0.283047
0,0,0.467072,0.882643,0.0527783
0,0,-0.486514,0.774487,0.404319
0,0,-0.246204,-0.120288,0.961725
23.0823,34.5443,-0.0538406,-0.732467,0.67867
0,0,-0.373156,0.685874,0.624765
0,0,-0.542375,0.0362838,0.839353
0,0,0.212816,-0.743945,0.633447
0,0,-0.318742,0.774337,0.546631
0,0,0.250358,0.934604,0.25266
0,0,0.610308,-0.767526,0.196033
0,0,0.119615,-0.992628,0.0195311
0,0,-0.980834,-0.0444166,0.189713
0,0,-0.391156,0.117005,0.912857
0,0,0.0686808,-0.393805,0.916625
0,0,0.72407,0.222396,0.652888
0,0,-0.392653,0.77585,0.493843
0,0,-0.488996,0.74266,0.457536
0,0,0.317623,-0.725975,0.609981
0,0,0.601019,-0.227274,0.766239
0,0,0.504319,-0.306299,0.807368
0,0,-0.30032,-0.530021,0.793023
0,0,0.337444,0.751304,0.567163
0,0,0.952913,-0.0757518,0.293629
23.7618,35.2643,0.805257,-0.490023,0.333825
0,0,-0.247784,-0.286231,0.925567
0,0,-0.130997,-0.931231,0.340071
0,0,0.347472,-0.747286,0.566415
0,0,-0.497754,-0.541631,0.677405
0,0,-0.714751,0.17557,0.676983
0,0,-0.0113731,0.395119,0.918559
0,0,-0.922979,0.335476,0.188586
0,0,-0.384677,0.0644493,0.920798
0,0,0.284248,0.93546,0.210043
0,0,-0.261444,0.376724,0.888665
0,0,-0.626397,0.403018,0.667236
0,0,0.505163,0.46248,0.728644
0,0,0.289816,0.577006,0.763591
0,0,-0.666375,-0.721226,0.189149
0,0,-0.360078,-0.471307,0.805117
0,0,-0.445876,0.531884,0.719927
0,0,0.458082,0.508221,0.729296
0,0,-0.3442,-0.850775,0.397125
0,0,-0.372833,0.908726,0.18765
0,0,-0.349985,0.744959,0.567932
0,0,-0.226934,0.906019,0.357255
0,0,0.819791,-0.0276481,0.571995
0,0,-0.870183,-0.454742,0.189713
0,0,-0.412021,0.359387,0.837305
0,0,-0.746345,-0.0251581,0.665084
0,0,-0.153921,0.118697,0.980928
0,0,-0.60785,-0.327293,0.723462
0,0,0.686502,0.449996,0.571156
0,0,0.979821,0.151347,0.130559
0,0,-0.713699,-0.620432,0.325112
0,0,0.349464,0.936736,0.0200054
0,0,0.530427,0.831142,0.166883
0,0,-0.127725,0.557355,0.820391
7.32499,9.61982,-0.375955,0.28538,0.881599
0,0,0.110752,-0.993621,0.0212536
0,0,-0.720005,0.684276,0.115582
0,0,-0.529004,0.746446,0.4037
0,0,0.662305,-0.320757,0.677101
0,0,-0.482631,-0.202825,0.852015
0,0,-0.865972,-0.20804,0.454767
0,0,-0.433392,0.884838,0.170978
0,0,0.782677,0.0829618,0.616875
0,0,0.160498,0.665048,0.72935
0,0,-0.271837,-0.217923,0.937344
0,0,-0.148185,-0.733955,0.662836
0,0,-0.288563,-0.95745,0.00447686
0,0,-0.935314,-0.0561608,0.349334
0,0,0.366536,-0.40433,0.837955
0,0,0.0465363,-0.0769352,0.995949
0,0,-0.358091,-0.872159,0.333331
0,0,-0.453071,0.611845,0.648361
0,0,-0.666123,0.433101,0.60721
0,0,-0.792523,0.605765,0.0704005
0,0,0.230316,-0.948017,0.219587
0,0,-0.964615,-0.137456,0.224996
0,0,-0.333438,-0.615202,0.714384
0,0,0.330295,-0.365544,0.87022
0,0,0.212899,0.654891,0.725115
0,0,-0.513952,0.35081,0.782806
0,0,0.858704,0.507807,0.0689935
0,0,-0.905672,-0.410237,0.107068
0,0,-0.225415,-0.173772,0.958641
0,0,0.578323,0.767375,0.276907
0,0,-0.556031,0.764426,0.326316
0,0,-0.641712,0.751253,0.15435
0,0,-0.788073,-0.392502,0.474219
0,0,0.428376,-0.681236,0.593643
0,0,-0.154029,-0.820463,0.550559
0,0,-0.0829051,0.994953,0.0565324
0,0,-0.979089,0.112729,0.169345
0,0,-0.000476019,-0.997737,0.0672382
0,0,-0.857715,0.509811,0.0664614
0,0,0.936594,-0.350124,0.014307
0,0,-0.391224,0.916186,0.0868775
0,0,-0.476673,-0.24499,0.844253
0,0,0.0349312,-0.999335,0.010428
0,0,-0.625926,0.768917,0.130319
0,0,-0.486945,-0.741099,0.46223
0,0,0.726747,0.630343,0.272959
0,0,-0.814119,-0.261762,0.518354
0,0,-0.4825,0.837033,0.258011
0,0,0.885476,0.344396,0.311967
0,0,-0.671827,-0.324163,0.666008
0,0,0.408322,0.878508,0.247986
0,0,-0.427967,-0.78768,0.443176
0,0,-0.807958,0.564691,0.168309
0,0,-0.747617,-0.0828258,0.658945
23.167,32.2776,0.129132,-0.947312,0.293129
0,0,0.253154,-0.4827,0.8384
0,0,-0.694498,0.715812,0.0726969
0,0,-0.672148,0.607736,0.422935
0,0,-0.0389209,-0.98535,0.166045
0,0,-0.24348,0.959898,0.13897
0,0,0.348932,-0.618104,0.704411
0,0,-0.334755,-0.910176,0.243966
0,0,0.830618,-0.138472,0.539351
0,0,0.900405,0.0270194,0.434212
0,0,-0.870986,-0.46896,0.146494
0,0,0.201203,-0.584611,0.785969
0,0,0.825227,0.564753,0.00739721
0,0,-0.469349,-0.879848,0.0746944
0,0,0.32659,0.562086,0.759868
0,0,0.999522,-0.0214909,0.0222106
0,0,-0.103041,0.994585,0.0135427
0,0,0.664061,-0.460835,0.588773
0,0,0.225805,-0.120619,0.966676
0,0,-0.191336,0.940576,0.280549
0,0,-0.768484,0.199937,0.607831
0,0,-0.649139,0.677169,0.346499
0,0,0.237117,-0.518645,0.821452
0,0,0.158345,-0.971073,0.178729
0,0,-0.430437,-0.821433,0.374129
0,0,-0.717835,-0.312525,0.622127
0,0,0.867518,-0.467553,0.169723
0,0,-0.191349,-0.981154,0.026872
0,0,0.886876,-0.0203968,0.461557
0,0,0.571166,0.636526,0.51827
0,0,0.328398,-0.397082,0.857018
0,0,0.810367,-0.214027,0.545434
0,0,-0.915273,0.255012,0.31184
0,0,0.628491,-0.64865,0.429246
0,0,-0.631473,0.356461,0.688606
0,0,0.845135,0.42689,0.321732
0,0,0.675945,-0.247531,0.694137
0,0,-0.907581,0.0552703,0.416223
0,0,-0.426976,-0.514808,0.743413
22.0057,28.7045,0.145911,0.112257,0.982908
0,0,0.330365,-0.353483,0.875162
0,0,-0.474796,-0.469253,0.744561
0,0,0.867934,0.270485,0.416567
0,0,-0.916168,0.243922,0.318022
0,0,-0.421789,0.22822,0.877502
0,0,0.77829,-0.59789,0.191815
0,0,0.904734,0.352803,0.238721
0,0,-0.832246,0.370475,0.41245
0,0,-0.365268,0.653758,0.662707
0,0,0.170023,0.533079,0.828806
0,0,-0.200772,0.663464,0.720768
0,0,0.723413,0.261401,0.639017
0,0,-0.369304,-0.635516,0.678037
0,0,0.976866,-0.160318,0.14153
0,0,-0.751341,-0.532872,0.389273
0,0,-0.274962,-0.0042362,0.961446
0,0,0.441869,0.534449,0.720497
0,0,0.384147,0.843995,0.374303
0,0,0.0650192,0.992776,0.100838
0,0,0.857269,0.45004,0.250107
0,0,-0.516603,-0.481047,0.708318
0,0,-0.119027,-0.962971,0.241907
0,0,0.458947,-0.0949865,0.883372
0,0,-0.557516,-0.485911,0.673102
0,0,0.396403,-0.102334,0.912355
0,0,-0.638776,0.603178,0.477642
0,0,0.360219,0.852259,0.379338
0,0,-0.674306,0.137951,0.725452
0,0,-0.599745,-0.749869,0.27929
0,0,-0.572302,-0.716861,0.398221
0,0,-0.994323,0.0580692,0.0891643
0,0,0.77315,0.632841,0.0418419
0,0,-0.254749,-0.60071,0.757794
0,0,0.207542,0.889263,0.407599
0,0,-0.482872,-0.872973,0.0689497
0,0,-0.567652,0.67996,0.46414
0,0,0.016171,0.548642,0.835901
0,0,-0.697979,-0.685795,0.206181
0,0,-0.196946,0.94794,0.250243
0,0,-0.27099,0.962174,0.0280405
0,0,0.969597,0.00393336,0.244676
0,0,0.961925,0.146583,0.230681
0,0,-0.728735,-0.678678,0.0913338
0,0,-0.541125,-0.663725,0.516384
0,0,0.101912,0.80813,0.580121
0,0,-0.591448,0.0550352,0.804463
0,0,0.733388,-0.670542,0.11187
0,0,-0.540892,-0.487034,0.685736
0,0,-0.0507465,-0.711826,0.70052
0,0,0.916241,-0.374994,0.141005
0,0,0.255461,0.600751,0.757521
0,0,0.472864,-0.285067,0.833748
0,0,-0.323252,0.461047,0.826404
0,0,0.0100511,-0.621804,0.783109
0,0,-0.214555,-0.974231,0.0695759
0,0,0.803305,0.372239,0.464908
0,0,0.45478,0.791945,0.407429
0,0,0.208845,-0.942144,0.262198
0,0,0.224533,-0.595503,0.771337
0,0,0.330321,0.834271,0.441453
0,0,-0.604907,-0.669234,0.431525
24.1764,33.755,0.183084,0.522845,-0.832534
0,0,0.126189,0.963108,0.237696
0,0,-0.0781683,0.948423,0.30722
0,0,-0.536169,0.465,0.704484
0,0,-0.903212,0.229841,0.362466
0,0,0.824908,-0.453034,0.338063
0,0,0.356559,0.842726,0.403335
0,0,-0.96457,-0.174247,0.198096
0,0,-0.66144,0.744337,0.091976
0,0,0.00752806,-0.948401,0.316984
0,0,0.588141,0.264083,0.764428
0,0,-0.952007,0.255184,0.169006
0,0,-0.157569,-0.980141,0.120395
0,0,0.872247,0.309925,0.378327
0,0,-0.778089,-0.628147,0.00306191
0,0,0.391929,-0.866838,0.308195
0,0,0.106642,0.121795,0.98681
0,0,0.14325,0.226548,0.963408
0,0,0.964143,-0.182064,0.193085
0,0,-0.193632,-0.98044,0.035281
0,0,-0.715211,-0.204078,0.668449
0,0,-0.31576,0.295969,0.901498
0,0,0.101686,0.0226142,0.994559
0,0,0.149737,0.957594,0.246155
0,0,-0.549904,0.522074,0.651954
0,0,0.743275,0.668891,0.0112591
0,0,0.816597,0.0633877,0.573718
0,0,-0.288037,0.64818,0.704909
0,0,0.342157,-0.887261,0.309347
0,0,-0.100799,0.46984,0.876978
0,0,0.640573,-0.243476,0.728275
0,0,0.346397,-0.888084,0.302184
0,0,0.123939,-0.5356,0.835327
0,0,0.390083,-0.854588,0.342804
0,0,-0.888641,-0.17161,0.425285
0,0,-0.891272,0.387874,0.234922
0,0,0.68235,-0.730202,0.0346896
0,0,0.170395,-0.867364,0.467595
0,0,0.00854108,-0.390689,0.920483
0,0,-0.05739,0.482037,0.874269
0,0,-0.734866,-0.449159,0.508161
0,0,-0.83704,-0.502252,0.217039
0,0,0.315549,-0.674849,0.667089
0,0,-0.119344,-0.989583,0.0805167
0,0,0.552277,-0.550994,0.625617
0,0,0.383532,0.587706,0.712394
0,0,-0.862978,0.442163,0.24446
0,0,-0.227405,-0.969765,0.0885615
17.9162,27.7453,-0.624023,0.0110656,0.781328
0,0,-0.0910788,-0.960032,0.264656
0,0,0.222796,-0.627686,0.745904
0,0,-0.422347,-0.892788,0.156694
0,0,-0.540625,-0.319673,0.77816
0,0,-0.0302404,0.806763,0.5901
0,0,-0.418089,-0.627112,0.657216
0,0,0.996731,0.0208194,0.0780671
0,0,-0.517606,0.0144936,0.855496
0,0,-0.425822,-0.902726,0.061328
0,0,-0.0358881,0.888932,0.456631
0,0,0.51254,-0.852193,0.105211
0,0,0.311977,0.669043,0.674576
0,0,0.0345352,-0.197512,0.979692
0,0,0.797386,0.46886,0.379929
0,0,0.111188,-0.328398,0.937972
0,0,-0.768045,0.0125812,0.640273
0,0,0.402469,0.351662,0.845194
0,0,0.874981,-0.311669,0.370501
0,0,-0.427443,0.774682,0.466005
0,0,-0.24539,0.834783,0.49287
0,0,-0.386901,-0.887151,0.251536
0,0,-0.129802,-0.747462,0.651499
0,0,-0.47853,0.583692,0.655983
0,0,-0.671957,0.680875,0.291349
0,0,0.0139311,0.686277,0.727207
0,0,-0.340947,0.096617,0.935104
0,0,0.434585,-0.543893,0.717855
0,0,-0.624065,0.748171,0.225349
0,0,0.790523,0.163825,0.590114
0,0,-0.255213,-0.356765,0.898658
0,0,0.466258,-0.871491,0.152013
0,0,-0.764078,0.464413,0.447779
0,0,0.863634,-0.413851,0.28786
0,0,-0.979327,-0.00588594,0.202197
0,0,-0.573064,0.648912,0.500511
0,0,-0.223147,0.973674,0.0465224
0,0,0.160842,0.826432,0.539574
0,0,-0.961387,-0.0934839,0.258834
0,0,-0.777042,0.26605,0.570459
0,0,0.726629,0.450735,0.518506
0,0,-0.781111,-0.558875,0.278432
0,0,-0.930952,0.31567,0.183526
0,0,0.471001,-0.425098,0.772949
0,0,-0.799537,-0.491342,0.345431
0,0,0.617846,-0.29488,0.728912
0,0,-0.413379,-0.44365,0.795168
0,0,0.624945,-0.383659,0.67989
0,0,0.172293,-0.389421,0.904802
23.8679,32.7861,0.452823,-0.769027,0.451164
0,0,-0.26771,0.667645,0.694681
0,0,-0.325372,0.841448,0.431391
0,0,-0.0281509,0.449279,0.892948
0,0,-0.150684,-0.5474,0.823193
0,0,-0.434952,0.776252,0.456344
0,0,0.0249059,0.951402,0.306944
0,0,-0.635098,0.606829,0.477921
22.2419,31.9878,0.536893,-0.238411,0.809263
0,0,0.16428,0.861386,0.480652
0,0,0.707607,0.139737,0.692652
0,0,-0.0519205,-0.932774,0.356702
0,0,-0.00757753,0.797182,0.603692
0,0,0.528903,-0.256997,0.808835
0,0,0.169316,-0.936063,0.308412
0,0,0.79482,0.606606,0.01701
0,0,-0.497434,-0.195911,0.84509
0,0,-0.497403,0.152218,0.854061
0,0,0.932155,0.335213,0.136821
0,0,0.96104,-0.143301,0.236363
0,0,-0.547771,-0.782436,0.296211
0,0,0.951276,-0.265014,0.157611
0,0,0.885988,0.0212307,0.463221
0,0,-0.648334,-0.760125,0.0432849
0,0,-0.810063,0.501253,0.30421
0,0,0.426526,-0.784199,0.450674
0,0,-0.693341,-0.0449732,0.719205
0,0,-0.0524953,0.927587,0.369901
0,0,-0.00283078,0.97823,0.207504
0,0,0.591323,-0.066795,0.803664
0,0,0.451492,-0.880294,0.145731
0,0,0.688853,0.600825,0.405576
0,0,0.58403,0.603819,0.542504
0,0,-0.426097,0.42053,0.800997
0,0,0.0883715,0.929632,0.357737
0,0,0.524926,-0.661898,0.535112
0,0,0.421112,0.777589,0.466925
0,0,-0.73495,-0.21942,0.641641
0,0,-0.946463,-0.322296,0.0182328
0,0,-0.226949,0.973436,0.0302803
0,0,-0.443954,-0.84505,0.297986
0,0,0.438169,-0.821905,0.363977
9.03998,10.9214,0.164291,-0.604597,0.779404
0,0,-0.41709,-0.878273,0.233823
0,0,0.978482,0.12969,0.160478
0,0,0.330788,0.572964,0.749861
0,0,-0.121211,0.938486,0.323344
0,0,0.565283,-0.447156,0.693186
10.1336,14.5766,-0.32216,0.0143024,0.946577
0,0,0.0392071,-0.645925,0.762393
0,0,0.584256,-0.706089,0.400105
0,0,0.069783,0.617891,0.783161
0,0,0.966943,-0.223788,0.122234
0,0,0.240216,0.969043,0.0570285
0,0,0.723098,-0.685403,0.0857386
0,0,-0.283528,0.859099,0.426099
0,0,0.875606,0.353965,0.328668
0,0,-0.201581,0.274745,0.940149
0,0,0.508432,-0.72807,0.459794
0,0,0.984822,0.00534277,0.173488
0,0,-0.962304,-0.0485915,0.267599
0,0,-0.376654,0.514458,0.770367
0,0,-0.874594,-0.428286,0.227281
0,0,-0.922188,-0.0956793,0.37472
0,0,-0.307023,-0.810131,0.499425
0,0,0.761419,0.645442,0.060376
0,0,-0.735803,-0.185339,0.65134
0,0,0.271167,0.182334,0.945105
0,0,-0.325549,0.709098,0.625458
0,0,-0.120152,-0.709575,0.694311
0,0,0.610589,-0.456502,0.647137
0,0,-0.204068,-0.899622,0.386053
0,0,-0.768805,0.558839,0.310866
0,0,0.728543,-0.127565,0.673017
0,0,0.780507,0.0867143,0.619103
0,0,0.248762,0.968564,0.00119693
0,0,-0.870673,-0.0463807,0.489671
0,0,-0.779461,-0.428326,0.45714
0,0,0.550661,-0.542071,0.634769
0,0,0.593054,-0.340295,0.729717
0,0,0.323453,0.628763,0.707132
0,0,-0.590893,-0.0064438,0.806724
0,0,-0.863972,0.107201,0.491996
0,0,0.598611,-0.710399,0.370133
0,0,-0.555174,-0.251548,0.792783
0,0,-0.769472,-0.556676,0.313088
0,0,-0.853896,-0.320781,0.409831
0,0,-0.237212,-0.613037,0.753602
0,0,0.135479,0.726036,0.674179
0,0,0.110304,0.710518,0.69498
0,0,-0.605647,0.100633,0.789344
0,0,-0.25575,-0.871607,0.418203
22.3045,30.9706,-0.00577683,0.580419,0.814298
0,0,-0.811749,0.457853,0.36254
0,0,-0.0674477,0.349921,0.934348
0,0,-0.197831,-0.649045,0.734577
0,0,-0.683856,0.721593,0.107913
0,0,-0.536085,0.737755,0.41028
0,0,-0.248824,0.160834,0.955102
0,0,-0.9828,0.181369,0.0347675
0,0,-0.800217,0.462939,0.381236
0,0,0.54621,-0.658485,0.517737
0,0,0.594836,-0.59409,0.541504
0,0,0.0773441,-0.923817,0.37494
0,0,0.117656,-0.502406,0.856589
0,0,0.0969821,-0.47713,0.873465
0,0,-0.208035,0.930434,0.301686
0,0,-0.320498,0.671002,0.668609
3.21635,4.90319,-0.382223,-0.650741,0.656081
0,0,0.704378,-0.416921,0.574481
0,0,-0.433822,-0.381168,0.816401
0,0,-0.353022,-0.118536,0.928076
0,0,0.840998,-0.23668,0.486524
0,0,0.446186,0.262675,0.855523
0,0,-0.929633,-0.33788,0.147035
0,0,0.170182,-0.818347,0.54895
0,0,0.379603,0.915067,0.136211
0,0,0.145659,0.178487,0.973101
0,0,0.451585,-0.234104,0.860968
0,0,0.703546,0.710564,0.0110196
0,0,-0.475137,0.222718,0.851259
0,0,-0.983289,0.140131,0.116213
0,0,-0.393237,0.738778,0.547331
0,0,-0.142906,-0.667662,0.730619
0,0,0.141293,0.63801,0.756955
0,0,-0.682802,0.155483,0.713867
19.7272,28.5949,-0.029593,-0.324718,0.945348
0,0,-0.356233,-0.24084,0.902825
20.7414,29.8838,0.124148,0.0800881,-0.989026
0,0,-0.636759,-0.0618157,0.768581
0,0,-0.574957,0.43473,0.693134
0,0,-0.723626,-0.071731,0.686455
0,0,0.436093,-0.690463,0.577134
0,0,-0.261389,-0.73011,0.63136
0,0,0.0679557,-0.352371,0.93339
0,0,-0.569812,0.717974,0.399785
0,0,0.40007,0.149766,0.904165
0,0,0.164055,-0.526652,0.834101
0,0,-0.660884,-0.615356,0.429616
0,0,-0.471276,-0.876141,0.101365
0,0,0.326097,0.773187,0.543913
0,0,-0.697177,0.0416557,0.715688
0,0,-0.557875,0.13005,0.819672
0,0,0.167665,-0.120412,0.978463
0,0,-0.703895,-0.682116,0.198114
0,0,0.95776,0.0707351,0.278735
0,0,-0.22924,-0.00582664,0.973352
0,0,0.100176,-0.48235,0.870232
0,0,0.855215,-0.0693885,0.513608
0,0,0.221219,-0.946502,0.234938
0,0,-0.34421,-0.433309,0.832925
0,0,-0.0941097,-0.80288,0.588666
0,0,0.586031,-0.795803,0.152529
0,0,0.802668,0.172837,0.570833
0,0,-0.389105,-0.85964,0.331082
0,0,-0.048956,-0.994001,0.097799
0,0,0.469975,-0.747721,0.469081
0,0,0.306485,0.59477,0.743179
0,0,-0.276325,-0.442838,0.852959
0,0,-0.813112,-0.529285,0.242295
0,0,-0.548549,-0.824928,0.136336
0,0,-0.528574,0.61173,0.588554
0,0,0.272362,0.895693,0.351502
0,0,0.669206,-0.283194,0.686997
0,0,-0.710234,-0.336644,0.618255
0,0,-0.837696,-0.526658,0.14456
0,0,-0.258751,-0.689363,0.676629
0,0,0.763134,0.0779548,0.641522
0,0,0.635976,0.728033,0.255935
0,0,-0.225055,0.830257,0.509926
0,0,0.769931,-0.623983,0.13361
0,0,-0.55829,0.586346,0.58695
0,0,-0.245968,0.467491,0.849089
0,0,-0.220942,-0.648872,0.728114
0,0,-0.0615978,-0.945254,0.32047
0,0,-0.592412,-0.689666,0.416424
0,0,-0.822843,-0.26126,0.504651
0,0,0.0694016,0.205519,0.976189
0,0,0.94873,-0.167028,0.268353
0,0,0.786709,-0.477073,0.391778
0,0,0.500779,0.0559464,0.863765
0,0,-0.420064,-0.0201419,0.907271
0,0,0.700369,-0.686702,0.194739
0,0,-0.2843,0.386775,0.877256
0,0,0.818773,0.194188,0.540279
0,0,-0.436007,0.586598,0.682496
0,0,0.860715,-0.270941,0.430999
0,0,-0.549421,-0.773327,0.316389
0,0,-0.760212,-0.0218355,0.649308
0,0,0.6399,-0.680758,0.356506
0,0,-0.456366,0.17745,0.871918
0,0,-0.325361,-0.617841,0.71583
0,0,0.709465,0.699796,0.0833414
0,0,-0.932164,-0.198996,0.302442
0,0,0.73597,-0.0229085,0.676627
0,0,0.45895,0.377118,0.804455
0,0,0.0579325,0.993483,0.0981643
0,0,0.58171,-0.810323,0.0706361
0,0,0.854104,0.192946,0.482989
0,0,0.96402,-0.16529,0.208195
0,0,-0.911204,-0.0874332,0.402569
0,0,0.261338,0.726526,0.635502
0,0,0.464154,0.498631,0.732071
0,0,0.327895,0.698048,0.636563
0,0,0.188551,0.0521981,0.980675
0,0,-0.0707064,0.604043,0.793809
0,0,0.989621,0.134287,0.0511568
0,0,-0.0170267,-0.490302,0.871386
0,0,0.0387934,0.0540973,0.997782
0,0,-0.0149139,-0.789276,0.613858
0,0,0.473046,-0.537511,0.698076
13.4086,15.7878,0.156155,0.000195351,0.987732
0,0,0.454261,0.310978,0.834829
0,0,-0.83391,0.161556,0.527725
0,0,-0.207446,0.338538,0.917801
0,0,-0.882019,-0.453683,0.127332
0,0,-0.036673,0.762657,0.645762
0,0,0.2541,0.375657,0.891244
0,0,-0.819053,-0.0157365,0.573502
0,0,0.496594,0.413905,0.762939
0,0,0.0838543,-0.710682,0.698498
0,0,0.00547296,0.849009,0.52835
0,0,-0.864611,0.280247,0.417024
0,0,0.597396,0.299814,0.743794
0,0,0.390763,0.917395,0.0754292
0,0,-0.0271383,-0.581943,0.812777
0,0,0.883853,-0.212002,0.416964
0,0,-0.109684,0.917179,0.383082
0,0,-0.0870663,0.816066,0.571364
0,0,-0.703052,-0.0744212,0.707233
0,0,-0.777169,0.329739,0.535985
0,0,-0.087698,-0.992492,0.0852541
0,0,0.518143,-0.480766,0.707384
0,0,-0.26499,0.935015,0.235641
0,0,-0.225687,0.717176,0.659336
0,0,0.175375,-0.755809,0.630869
0,0,0.335703,0.916974,0.215551
0,0,0.871013,0.180271,0.456989
0,0,-0.0257441,0.931333,0.363258
0,0,0.856466,-0.194761,0.478053
0,0,-0.173165,0.861683,0.476986
0,0,0.81185,-0.353009,0.465063
0,0,-0.24686,0.551276,0.796966
0,0,-0.586529,0.79525,0.153498
0,0,0.547587,0.490243,0.678093
0,0,0.816682,-0.0276646,0.576424
0,0,-0.305257,0.231239,0.923767
0,0,0.0470755,0.953333,0.298227
0,0,0.9488,-0.262439,0.175795
0,0,0.816181,0.572158,0.0805255
0,0,-0.871498,0.158223,0.464174
0,0,0.243932,0.603594,0.75906
0,0,-0.98361,0.0548599,0.171759
0,0,-0.793722,-0.594836,0.127184
0,0,-0.660857,-0.602828,0.447064
0,0,-0.966115,0.235776,0.105034
0,0,0.197945,-0.725455,0.659191
0,0,0.297755,-0.889466,0.346688
0,0,0.915513,0.402255,0.00518905
16.736,25.5397,-0.276238,0.465697,0.840725
0,0,-0.36856,0.505618,0.780073
0,0,-0.149134,0.908604,0.390125
0,0,0.844287,0.533159,0.0540485
0,0,-0.593455,-0.708138,0.38256
0,0,0.801572,0.212492,0.558865
0,0,0.71435,0.690077,0.116181
0,0,-0.22105,0.480426,0.848721
0,0,-0.291636,0.946313,0.139429
0,0,-0.0825821,0.331367,0.939881
0,0,-0.940731,-0.338561,0.0200228
0,0,-0.336069,-0.937128,0.0940689
0,0,-0.453502,0.839916,0.298121
0,0,0.775824,-0.0360105,0.62992
0,0,0.655238,0.529,0.539279
0,0,0.846054,-0.00409961,0.533082
0,0,-0.534498,-0.690916,0.486772
0,0,0.789735,0.445381,0.421846
0,0,-0.556282,0.773043,0.304886
0,0,0.221563,-0.29229,0.93031
0,0,0.385621,-0.915416,0.115374
0,0,-0.162401,0.982499,0.0912206
0,0,0.36933,0.915344,0.160439
0,0,0.383932,0.369277,0.846304
0,0,-0.641749,0.722447,0.257351
0,0,0.309534,-0.866651,0.391286
0,0,-0.949045,-0.201082,0.242652
0,0,-0.89248,-0.446504,0.0641407
15.4271,21.0275,-0.1763,-0.0373013,0.98363
0,0,-0.222616,-0.35716,0.907126
0,0,0.377932,0.231864,0.89633
0,0,-0.244256,0.800464,0.547354
0,0,-0.627195,0.650364,0.428548
0,0,-0.727547,0.530429,0.435109
0,0,0.619336,-0.514749,0.592838
0,0,0.103653,-0.784277,0.611691
0,0,0.919577,0.291313,0.263658
0,0,0.00465783,-0.65383,0.756627
0,0,0.249413,0.0825678,0.964871
0,0,-0.866391,0.390008,0.311866
0,0,-0.531144,0.483389,0.69586
0,0,-0.889015,0.299459,0.346376
0,0,0.649245,0.37856,0.659677
9.53688,12.7028,0.0444324,0.0901865,0.994933
0,0,-0.0189858,0.35847,0.933348
0,0,0.266676,-0.826658,0.4955
0,0,0.0614622,0.936975,0.343947
0,0,-0.464618,-0.884128,0.0494828
0,0,0.739521,0.107443,0.664503
0,0,0.615033,-0.787318,0.0431743
0,0,-0.291809,0.42048,0.859095
0,0,0.724479,-0.128934,0.677131
0,0,-0.343056,-0.828659,0.442309
0,0,0.871719,-0.448681,0.196956
0,0,0.186969,-0.914901,0.35777
0,0,-0.622383,-0.365781,0.691986
0,0,-0.508459,0.711044,0.48568
0,0,0.228328,-0.750576,0.620082
0,0,0.112747,0.833629,0.540695
0,0,0.078932,0.667617,0.740309
0,0,-0.0696104,-0.197793,0.977769
0,0,0.926886,-0.303124,0.221357
0,0,-0.412468,0.106168,0.904764
0,0,0.996684,0.0710606,0.0396508
0,0,0.463732,0.880486,0.0984748
0,0,0.288201,-0.0298341,0.957105
0,0,0.614019,-0.28623,0.735563
0,0,0.263156,-0.593917,0.760271
0,0,-0.0986358,-0.492252,0.864846
0,0,-0.118896,-0.233305,0.965108
0,0,0.00656034,-0.679127,0.733992
0,0,-0.422956,-0.906124,0.00690769
0,0,0.926965,-0.357019,0.115208
0,0,0.970557,0.0490612,0.235823
0,0,0.724977,0.560122,0.400838
0,0,0.716497,-0.679871,0.156228
0,0,0.301993,-0.930381,0.207825
0,0,-0.931626,0.310951,0.188103
0,0,0.401939,0.398617,0.824348
0,0,0.221103,-0.120606,0.967764
18.702,26.0506,0.141581,0.123619,0.982178
0,0,-0.310778,0.487928,0.815686
0,0,-0.104915,0.556153,0.824431
0,0,0.859435,0.509831,0.037993
0,0,-0.0627531,0.54815,0.834023
0,0,0.363119,-0.525795,0.76921
0,0,0.993956,-0.106276,0.0275161
0,0,0.146638,-0.905805,0.39751
0,0,-0.20685,0.618716,0.757894
0,0,-0.521909,-0.148606,0.839957
0,0,-0.78899,0.541799,0.28974
0,0,-0.908067,-0.265918,0.323576
0,0,0.179193,0.952001,0.248161
0,0,0.394179,0.860594,0.322492
0,0,-0.100562,0.816599,0.568377
0,0,-0.821651,-0.261663,0.506382
0,0,-0.807289,0.531753,0.255977
0,0,-0.976704,0.0828793,0.19794
0,0,0.0443041,-0.809771,0.585072
0,0,0.159472,-0.777392,0.608465
0,0,-0.464989,-0.767241,0.441732
0,0,-0.674675,-0.530658,0.513046
0,0,-0.771853,0.563507,0.294454
0,0,0.47532,-0.374113,0.79631
0,0,-0.221952,-0.642083,0.733803
0,0,-0.842049,-0.507093,0.183875
0,0,0.393999,-0.530732,0.750392
0,0,0.949534,-0.181633,0.255725
0,0,0.981464,0.0261055,0.189859
0,0,0.0499716,-0.977091,0.206874
24.167,34.465,-0.228875,-0.241042,0.943141
0,0,0.427123,0.821198,0.378418
0,0,0.994518,-0.00571847,0.104411
0,0,-0.287798,-0.954298,0.0805415
0,0,-0.271549,-0.768161,0.579818
0,0,0.612767,0.622435,0.48692
0,0,-0.827516,-0.524361,0.200656
0,0,-0.80914,-0.304392,0.502632
0,0,-0.904226,-0.0375008,0.425404
0,0,0.907644,0.13333,0.398002
0,0,-0.208203,-0.903231,0.375267
0,0,0.440589,0.579328,0.685755
0,0,0.651185,-0.729276,0.210034
0,0,0.140552,-0.983559,0.113388
0,0,0.821626,0.541839,0.177035
0,0,0.782479,0.210757,0.585925
0,0,-0.918206,-0.140812,0.370229
0,0,-0.218756,0.975364,0.0284771
0,0,-0.3236,-0.723052,0.610311
0,0,-0.29643,0.506285,0.809818
0,0,-0.788236,-0.0370982,0.614253
0,0,-0.826157,0.445807,0.344559
0,0,0.462355,0.357352,0.811497
0,0,0.92326,-0.11369,0.366968
0,0,-0.196449,-0.90989,0.365387
0,0,0.89549,0.334554,0.29355
0,0,-0.415493,-0.903844,0.102133
0,0,-0.444406,0.524107,0.726509
0,0,0.75361,-0.586184,0.297424
0,0,-0.340367,0.108688,0.93399
0,0,0.58518,0.760893,0.280369
0,0,0.442998,0.444045,0.77883
0,0,0.123014,-0.813649,0.568193
0,0,-0.171896,0.977918,0.118859
0,0,0.620423,0.756752,0.205919
0,0,0.0932629,-0.589012,0.802725
0,0,0.187372,0.934875,0.301496
0,0,0.103035,0.732887,0.672503
0,0,-0.582979,-0.674169,0.453465
17.0033,24.4053,-0.603239,-0.0330895,0.796874
0,0,0.071287,-0.647568,0.758666
0,0,0.748742,-0.470837,0.466581
0,0,-0.590873,-0.605693,0.532922
0,0,0.571606,-0.765856,0.294504
0,0,-0.151156,0.601653,0.784325
0,0,-0.807078,0.577929,0.120925
0,0,0.577117,0.705602,0.411171
0,0,-0.0392763,-0.738028,0.673626
0,0,0.082169,-0.996335,0.0237633
0,0,-0.792644,0.158918,0.588609
0,0,-0.450014,0.589853,0.670493
0,0,-0.880537,-0.287863,0.376549
0,0,0.732816,0.566575,0.376793
0,0,-0.118059,0.953477,0.277387
0,0,0.676827,0.396862,0.620005
0,0,-0.859018,0.464873,0.214432
0,0,-0.348918,0.783621,0.513999
0,0,0.807399,-0.572566,0.14239
0,0,-0.963062,0.246024,0.109474
0,0,0.233976,0.952923,0.192854
0,0,0.186939,0.853764,0.485943
0,0,-0.788736,0.598792,0.139083
0,0,0.320184,-0.000721992,0.947355
0,0,0.881488,0.204815,0.425476
0,0,-0.47646,-0.214708,0.852576
0,0,0.460723,0.528937,0.712713
0,0,0.576093,-0.214393,0.788767
0,0,-0.849436,-0.336395,0.406567
0,0,0.852441,-0.304364,0.425096
0,0,0.63832,-0.736446,0.224041
0,0,0.175394,-0.431412,0.884941
0,0,0.775517,0.616449,0.136248
0,0,-0.679088,0.315434,0.662828
0,0,0.688978,0.570066,0.447586
0,0,0.386782,-0.919277,0.0730096
0,0,-0.398343,0.873358,0.2803
0,0,-0.907126,0.275737,0.317948
0,0,0.455477,-0.763548,0.457749
0,0,0.0163051,0.946093,0.323483
0,0,-0.819342,0.550303,0.160764
0,0,-0.562254,0.814698,0.141908
0,0,0.704968,-0.689942,0.164315
0,0,0.366479,0.926983,0.079972
0,0,0.767364,-0.568429,0.296717
0,0,0.816952,-0.418439,0.396861
0,0,0.347694,-0.777866,0.523483
0,0,-0.38133,-0.375143,0.8449
17.1965,26.9258,-0.427038,0.443222,0.788158
0,0,-0.309401,0.889983,0.334964
0,0,-0.145689,0.56528,0.811932
0,0,0.56371,0.389429,0.728407
4.90272,7.76423,-0.815272,-0.260811,0.517019
0,0,0.422232,0.892555,0.158321
0,0,0.971119,-0.197534,0.133825
0,0,-0.126547,-0.246143,0.960937
0,0,-0.82926,-0.552252,0.0857054
0,0,0.455367,-0.807128,0.375747
0,0,0.579275,0.690241,0.433599
0,0,0.314998,-0.7809,0.539417
0,0,-0.179959,-0.591268,0.786141
0,0,0.568341,-0.822279,0.0290728
0,0,0.266503,-0.410915,0.871851
0,0,-0.747645,0.527163,0.403889
0,0,0.714402,0.0475078,0.698121
0,0,-0.211994,-0.738035,0.640596
0,0,-0.884818,-0.24422,0.396805
0,0,0.282485,0.573014,0.769322
0,0,-0.215688,-0.907887,0.359471
0,0,0.448811,0.567657,0.69017
0,0,-0.997906,-0.0573772,0.0298674
0,0,-0.251119,0.744199,0.618956
0,0,-0.458937,0.290582,0.839607
0,0,-0.922486,-0.299885,0.243083
0,0,0.697699,-0.591133,0.404696
0,0,-0.944932,-0.314688,0.0898657
0,0,0.192274,0.631736,0.75096
0,0,-0.423111,0.892942,0.153728
0,0,0.394617,-0.139997,0.908118
0,0,0.166272,-0.78752,0.593435
0,0,-0.202437,-0.345464,0.916337
0,0,-0.692212,0.191394,0.695853
0,0,-0.893596,0.365544,0.260508
0,0,0.653217,0.753622,0.0732224
0,0,0.44944,0.749194,0.486531
0,0,0.679822,-0.612264,0.403701
0,0,-0.256933,-0.963097,0.0801866
0,0,0.619029,0.769865,0.155277
0,0,-0.568442,0.529761,0.629466
0,0,0.515811,0.477609,0.711216
0,0,0.438654,-0.659403,0.610549
0,0,0.253061,-0.923805,0.287305
0,0,0.472456,0.593217,0.651827
0,0,-0.775797,-0.233009,0.586383
0,0,-0.966098,0.0890069,0.242348
0,0,0.385622,-0.310483,0.868847
0,0,0.898133,0.163867,0.40805
0,0,-0.596111,0.769249,0.230016
0,0,0.312988,-0.257577,0.914162
0,0,-0.605355,0.710219,0.359353
0,0,0.159119,-0.95198,0.261563
0,0,-0.154059,-0.825614,0.542795
0,0,0.00638127,-0.836191,0.548401
0,0,0.194976,0.663655,0.722182
0,0,-0.392906,-0.848727,0.353959
0,0,-0.0191721,0.885151,0.464908
0,0,-0.895303,0.314466,0.315505
0,0,0.345857,-0.524078,0.778283
21.4225,29.624,-0.174917,-0.037986,0.98385
0,0,-0.470471,-0.672862,0.570889
0,0,-0.492578,0.80698,0.325807
0,0,-0.992668,0.0510631,0.109561
0,0,0.610176,0.390015,0.689619
0,0,0.175759,0.977397,0.117494
0,0,0.826599,-0.320483,0.462627
0,0,0.258501,-0.960478,0.103246
0,0,-0.957563,0.279901,0.0687654
0,0,0.334816,0.902227,0.271819
0,0,0.791352,0.424646,0.439816
0,0,0.217625,-0.0864996,0.972192
0,0,-0.270451,-0.31279,0.910505
0,0,-0.859287,0.318171,0.400491
0,0,-0.521976,0.0597416,0.850866
0,0,0.845094,0.120292,0.520909
0,0,-0.46164,0.604632,0.649082
0,0,-0.880972,0.0906923,0.464395
0,0,-0.451443,-0.859392,0.240094
0,0,0.288641,0.868668,0.40262
0,0,-0.0576892,0.95944,0.275948
0,0,0.932883,0.251282,0.258043
0,0,-0.053346,0.942244,0.33065
0,0,0.548471,0.602931,0.579356
0,0,-0.474075,0.627366,0.61779
0,0,0.950958,0.215949,0.221459
0,0,0.253896,0.962459,0.0959635
0,0,-0.475588,-0.627745,0.61624
0,0,0.169243,0.954306,0.246287
0,0,0.527892,0.0752695,0.845969
0,0,0.0734789,-0.923764,0.375847
0,0,-0.723609,-0.688729,0.045202
0,0,0.00210067,-0.696762,0.717299
0,0,-0.822198,0.407443,0.397467
0,0,0.838104,0.176021,0.516331
0,0,0.716464,-0.340362,0.60896
0,0,-0.660469,0.72649,0.189719
0,0,-0.162781,-0.884834,0.436544
0,0,0.0701039,0.33775,0.938622
0,0,0.977608,-0.208212,0.030501
0,0,0.150248,-0.584341,0.797478
0,0,-0.131109,-0.884033,0.44866
0,0,0.957831,0.250979,0.13989
0,0,0.924758,0.273428,0.264687
0,0,0.260908,0.961165,0.0899341
0,0,0.384756,-0.14197,0.912035
0,0,0.0033816,-0.495056,0.868855
0,0,-0.713549,-0.506949,0.483581
0,0,-0.998387,-0.0366324,0.0433823
0,0,0.769494,-0.0390212,0.637461
0,0,0.40522,-0.748283,0.525232
0,0,0.294907,-0.874233,0.385675
0,0,-0.097934,0.993374,0.0601445
0,0,0.717669,0.671529,0.18439
0,0,0.83711,-0.127502,0.531968
0,0,-0.594889,0.688789,0.41434
0,0,0.38604,0.798139,0.462545
0,0,-0.935721,0.352726,0.00310581
0,0,-0.969009,0.181484,0.167587
0,0,0.223538,-0.583269,0.780915
0,0,-0.844339,-0.308484,0.438096
0,0,0.345785,0.144255,0.927159
0,0,-0.411243,-0.426132,0.805786
0,0,0.20931,0.887439,0.41066
0,0,-0.542093,-0.0809457,0.836411
0,0,0.0451847,0.989494,0.137334
0,0,0.247731,0.430431,0.867963
0,0,0.0826183,-0.319437,0.943999
0,0,-0.385419,-0.85774,0.340197
0,0,0.755067,0.184819,0.629059
0,0,-0.523217,-0.0916696,0.847255
0,0,0.0525692,0.998559,0.0107551
0,0,0.53886,0.298814,0.787617
0,0,0.281481,-0.549412,0.786711
0,0,-0.985666,-0.168085,0.0145136
0,0,0.87446,0.215566,0.43457
0,0,-0.910681,0.323032,0.25751
0,0,-0.364234,0.304852,0.88
0,0,0.409282,-0.166318,0.897121
0,0,-0.400632,-0.563343,0.722592
0,0,-0.860132,0.125233,0.49446
0,0,0.408047,0.358422,0.839661
0,0,0.0349074,-0.521675,0.85243
0,0,-0.452625,-0.824719,0.33907
0,0,0.130265,0.986593,0.0983137
0,0,0.916356,0.295694,0.26992
0,0,0.801109,-0.0500614,0.596421
0,0,-0.560285,0.759992,0.329383
0,0,-0.361116,-0.709962,0.604607
0,0,0.0814735,-0.847793,0.524032
8.18874,11.9204,-0.601728,0.122255,0.789289
0,0,-0.89805,-0.241076,0.367951
0,0,-0.947095,0.241802,0.211052
0,0,0.954571,-0.29401,0.0485037
0,0,-0.817954,0.572228,0.0592118
0,0,0.269303,0.561236,0.782617
0,0,0.751335,0.62805,0.202605
0,0,-0.340301,0.887222,0.311501
0,0,-0.184311,0.312088,0.932004
0,0,0.472233,-0.465106,0.74878
0,0,0.03129,0.813274,0.58104
0,0,-0.634092,0.747632,0.197419
0,0,-0.830008,-0.484479,0.276346
0,0,-0.395811,-0.855416,0.33406
0,0,-0.188494,-0.415733,0.889739
0,0,0.679156,0.138526,0.720803
0,0,-0.907217,-0.316528,0.277068
0,0,-0.207625,-0.896827,0.390632
19.1011,26.5192,0.457761,-0.175008,0.871681
0,0,-0.830846,0.226273,0.508425
0,0,0.687493,-0.592558,0.419795
0,0,0.0202265,0.967854,0.250699
0,0,-0.183251,0.817987,0.545268
0,0,-0.559756,0.826943,0.05327
0,0,-0.10055,0.885177,0.454258
0,0,0.759017,-0.622465,0.19087
0,0,0.435041,0.750825,0.496992
0,0,0.467149,0.410322,0.783204
0,0,0.790609,0.458148,0.406249
0,0,0.741498,-0.669571,0.0430853
0,0,-0.894331,-0.361299,0.263884
0,0,-0.633554,-0.707179,0.313859
0,0,-0.918642,0.283382,0.275301
0,0,-0.754727,-0.127637,0.643503
0,0,0.361769,0.189785,0.912746
0,0,0.255309,-0.506011,0.823875
0,0,0.534407,-0.260718,0.804012
0,0,-0.841753,-0.338369,0.420665
0,0,0.0208017,-0.990442,0.136355
7.13048,11.36,0.31834,0.195209,0.92766
0,0,-0.271611,0.955375,0.116132
0,0,-0.449616,-0.62109,0.641945
0,0,-0.792792,-0.609037,0.0235411
0,0,-0.749121,-0.483046,0.453304
0,0,0.253914,0.457944,0.851947
0,0,0.446719,-0.0672834,0.892141
0,0,-0.836548,-0.0054218,0.547867
0,0,-0.429963,-0.902481,0.0256709
0,0,0.436663,-0.886984,0.150285
0,0,0.396445,-0.831104,0.389997
0,0,-0.332715,-0.747882,0.574434
23.5104,34.3337,-0.0708248,0.541016,0.838025
0,0,0.662076,0.693846,0.283254
0,0,0.126014,0.974122,0.187635
0,0,0.326686,0.941421,0.0836809
0,0,0.315206,-0.351451,0.881548
0,0,-0.899143,-0.429005,0.0865797
0,0,-0.960729,0.254699,0.11013
0,0,-0.854663,0.423478,0.300362
0,0,-0.639661,-0.731865,0.234962
0,0,-0.107076,0.569322,0.815112
0,0,-0.420558,-0.402612,0.81304
0,0,-0.730048,0.284836,0.621207
0,0,-0.0461463,0.995302,0.0851154
0,0,-0.802627,-0.552749,0.224185
0,0,-0.872247,0.340301,0.351257
0,0,0.296043,-0.64999,0.699908
0,0,0.453002,0.246859,0.856651
0,0,0.482652,0.032103,0.875224
0,0,0.62036,0.617349,0.48377
0,0,0.972431,0.209686,0.102028
0,0,-0.205196,-0.0295895,0.978273
0,0,0.420525,-0.161599,0.892773
0,0,0.562378,0.797162,0.219692
0,0,0.815371,-0.118581,0.566664
0,0,0.243796,-0.952627,0.181836
0,0,-0.125517,0.605411,0.785953
0,0,0.16001,0.798916,0.579767
0,0,-0.319352,0.224254,0.92072
0,0,0.256331,-0.820017,0.511729
0,0,0.908321,0.366501,0.201567
0,0,-0.380192,0.70067,0.603752
0,0,-0.349151,-0.402153,0.846385
0,0,0.957132,0.272665,0.0977382
0,0,0.322245,-0.702018,0.635082
0,0,0.843668,0.114929,0.52442
0,0,0.437821,0.824803,0.357788
0,0,0.659113,0.698061,0.279788
0,0,-0.286766,-0.914341,0.285913
0,0,-0.0162497,-0.986233,0.16456
0,0,-0.316459,-0.696768,0.643714
0,0,-0.19261,-0.0792983,0.978066
22.7801,32.8212,-0.125258,-0.214908,0.968569
0,0,-0.155514,-0.955101,0.252184
0,0,-0.743593,0.565073,0.357439
0,0,-0.312422,0.533515,0.785974
0,0,0.0118579,-0.906309,0.42245
0,0,0.912083,-0.123954,0.390821
0,0,0.534225,-0.3796,0.75532
0,0,-0.779085,-0.571833,0.256969
0,0,-0.313602,-0.93678,0.155231
0,0,0.475906,-0.871085,0.121342
0,0,-0.861433,-0.446294,0.242392
0,0,-0.565915,0.680218,0.46588
0,0,-0.108186,-0.790371,0.603
0,0,0.906796,0.417878,0.0556781
0,0,-0.396544,-0.41317,0.819783
0,0,0.218082,-0.937568,0.270935
0,0,-0.228613,-0.945074,0.233603
0,0,0.441321,-0.814854,0.375831
0,0,-0.445915,-0.811485,0.377692
0,0,0.327573,0.408934,0.851745
0,0,-0.474774,-0.875892,0.0860425
0,0,0.61922,-0.00506335,0.785201
0,0,-0.532728,0.12709,0.836689
0,0,0.801924,0.597053,0.0210818
0,0,-0.301807,-0.910734,0.281916
0,0,-0.63822,0.0519698,0.768098
0,0,0.789295,0.314006,0.527649
0,0,-0.489784,0.293258,0.821043
24.3383,34.8615,-0.625965,0.757996,0.18333
0,0,0.840521,0.533986,0.0915628
0,0,-0.828236,-0.556092,0.0691849
0,0,-0.202294,0.72536,0.657974
0,0,-0.84499,-0.514644,0.145374
0,0,-0.102448,0.988443,-0.111734
0,0,-0.880267,0.0438357,0.47245
0,0,0.573784,0.054887,0.817165
0,0,-0.361537,-0.817759,0.44784
0,0,-0.163843,-0.570744,0.804616
0,0,-0.102033,0.925305,0.365239
0,0,0.72648,0.644706,0.237867
0,0,-0.0839228,0.366087,0.926789
0,0,-0.342603,-0.310078,0.886834
0,0,-0.719464,0.311495,0.62076
0,0,-0.713436,0.666554,0.216139
0,0,0.527967,-0.639317,0.559039
0,0,-0.629219,-0.344466,0.696726
0,0,-0.727929,0.436598,0.528679
0,0,0.596329,-0.269774,0.756051
0,0,-0.167088,-0.961844,0.21665
0,0,0.487958,-0.805779,0.335584
0,0,0.273865,-0.153761,0.949398
0,0,0.521902,-0.744565,0.416222
0,0,-0.460391,-0.144471,0.875881
0,0,-0.123097,-0.0465971,0.9913
0,0,-0.691211,-0.285433,0.663894
0,0,0.511239,-0.50593,0.694744
0,0,-0.190423,-0.555102,0.809692
0,0,0.132163,-0.339307,0.931345
10.3762,13.0581,-0.450155,0.612318,0.649943
0,0,-0.61962,0.546229,0.563652
0,0,-0.478803,0.877874,0.00920655
0,0,0.608601,-0.192131,0.769864
0,0,-0.363245,-0.172284,0.915626
0,0,0.438806,-0.361757,0.822546
0,0,-0.971982,0.0298213,0.233157
0,0,-0.673474,-0.413027,0.613059
0,0,-0.0819812,0.85746,0.507978
0,0,-0.421853,-0.882728,0.206955
0,0,-0.957695,0.0718347,0.278676
0,0,0.608202,0.4868,0.62699
0,0,-0.185234,0.853852,0.486442
0,0,-0.185609,0.919784,0.345755
0,0,-0.132309,-0.59192,0.795063
0,0,-0.361638,-0.789482,0.495919
0,0,0.920161,-0.390391,0.0299602
0,0,-0.0721083,-0.76276,0.642649
0,0,0.675746,0.637394,0.370266
0.337435,0.425963,0.76261,0.0461133,0.645213
0,0,0.176399,0.657194,0.732789
1.90298,1.8042,0.410927,0.515714,0.751783
0,0,-0.293855,-0.778507,0.554596
0,0,-0.145816,0.84549,0.513697
0,0,0.511833,-0.850805,0.118986
0,0,-0.778197,0.277813,0.563231
0,0,0.330117,0.942911,0.0440685
0,0,-0.0418502,0.996962,0.0656845
0,0,0.759393,-0.605952,0.236947
0,0,0.809817,-0.527032,0.257746
0,0,0.316482,0.932534,0.173839
0,0,0.71385,-0.698909,0.0440859
0,0,-0.543068,-0.04425,0.838522
21.9573,31.2166,-0.718803,-0.486176,-0.496946
0,0,-0.594761,-0.32927,0.733376
0,0,-0.543022,-0.677842,0.495638
0,0,0.759459,0.628929,0.166342
0,0,-0.849843,0.0105113,0.52693
0,0,0.571337,-0.808692,0.139971
0,0,0.671917,-0.421058,0.609293
0,0,0.601529,0.713881,0.358521
0,0,0.0906413,0.919593,0.382273
0,0,0.26765,-0.374749,0.887652
0,0,0.633459,-0.651395,0.417629
0,0,0.374373,0.650321,0.661005
0,0,0.997748,0.065632,0.013861
0,0,-0.341738,0.90043,0.269149
0,0,-0.425519,-0.411599,0.805928
0,0,0.30706,0.859701,0.408201
0,0,0.237264,0.943982,0.229353
2.10045,3.31628,-0.73852,-0.519683,0.429556
0,0,0.229247,0.917627,0.324663
0,0,-0.633553,-0.359767,0.684965
0,0,0.842987,0.187937,0.504035
0,0,-0.40407,0.312068,0.859849
0,0,0.85001,0.369742,0.375199
0,0,0.293352,0.573728,0.76471
0,0,-0.427037,0.818182,0.38499
0,0,0.0895255,0.703267,0.705267
0,0,0.606411,0.776662,0.170475
0,0,0.383862,-0.876102,0.291711
18.9718,25.3035,0.133793,0.263704,0.95528
0,0,0.545756,0.55318,0.629399
0,0,0.847028,-0.52696,0.0696906
0,0,0.114824,0.928009,0.354422
0,0,-0.782694,-0.281642,0.555039
0,0,0.675512,-0.471145,0.567191
0,0,-0.71388,0.619822,0.325876
0,0,0.162105,-0.591373,0.789937
0,0,-0.560538,0.0785387,0.824396
0,0,0.0429319,-0.992661,0.113057
0,0,-0.0963456,-0.609909,0.786593
0,0,-0.423148,-0.237127,0.87448
0,0,-0.618432,-0.655061,0.434094
0,0,-0.652624,0.415554,0.633559
0,0,0.40726,-0.533285,0.741449
0,0,-0.294416,0.192892,0.936009
0,0,0.90944,0.415582,0.0144773
0,0,-0.667679,-0.333273,0.665683
0,0,0.955939,0.0755375,0.283681
0,0,0.353714,0.900737,0.25211
0,0,-0.61345,0.0185721,0.789515
0,0,-0.803767,-0.47581,0.357161
0,0,-0.567245,-0.817348,0.100875
0,0,0.473052,-0.712089,0.518798
0,0,-0.964069,0.263227,0.0358137
0,0,0.713827,0.678927,0.171781
0,0,-0.0326876,-0.0118943,0.999395
0,0,0.383156,0.772628,0.5062
0,0,0.736884,0.669144,0.0961681
0,0,-0.838649,0.425836,0.339607
0,0,-0.996009,-0.0452363,0.0769408
0,0,0.124692,-0.056481,0.990587
0,0,0.845293,-0.409101,0.343681
0,0,0.506293,-0.408991,0.759206
0,0,0.0682922,-0.225129,0.971933
0,0,0.719199,0.629183,0.294758
0,0,0.271394,0.900538,0.339671
0,0,0.710969,0.599513,0.36757
0,0,0.643102,-0.562163,0.519993
0,0,0.141546,-0.235334,0.961552
0,0,-0.31043,0.866216,0.39154
0,0,-0.446335,0.574722,0.685915
0,0,-0.639485,0.710749,0.293078
0,0,-0.811362,-0.0634294,0.581092
0,0,-0.690097,0.175738,0.702055
0,0,-0.786323,0.408642,0.463367
0,0,-0.0128605,0.271536,0.962342
0,0,-0.103177,-0.767646,0.632514
0,0,-0.745799,-0.478524,0.463465
0,0,-0.0355603,-0.953419,0.299546
0,0,-0.0385784,0.989875,0.136601
0,0,0.902672,0.119121,0.413513
0,0,0.287495,-0.935966,0.20326
0,0,-0.0906062,0.716321,0.691863
0,0,0.854177,0.516742,0.0579552
0,0,0.318723,0.849892,0.419642
0,0,0.552037,0.638116,0.536715
24.489,35.2272,-0.728147,0.671227,-0.138767
0,0,-0.103484,0.454914,0.884502
0,0,0.941168,0.314794,0.122914
0,0,-0.337827,-0.148817,0.929369
0,0,-0.906232,0.30128,0.296605
0,0,0.952691,-0.267749,0.143842
0,0,0.457938,-0.636271,0.620848
0,0,-0.288125,-0.68122,0.672996
0,0,-0.477895,0.343692,0.808388
0,0,-0.353001,0.114272,0.928619
0,0,0.0713959,0.183683,0.980389
0,0,0.387601,-0.394279,0.833252
7.42413,11.8325,-0.391549,-0.169788,0.904357
0,0,-0.718364,-0.468696,0.514079
0,0,0.38097,0.454395,0.805225
0,0,-0.661679,0.747944,0.0525416
0,0,0.872557,-0.291872,0.391733
0,0,0.565236,-0.776109,0.279578
0,0,-0.0985112,-0.98618,0.133212
0,0,-0.636721,0.548919,0.541548
0,0,0.7994,0.11573,0.589547
0,0,-0.266175,-0.919508,0.289233
0,0,0.00260433,-0.887511,0.460779
0,0,-0.793552,-0.608385,0.0119534
0,0,0.317816,-0.828247,0.461518
0,0,-0.384106,0.646205,0.659456
0,0,0.450918,0.443236,0.774736
0,0,-0.236359,-0.934122,0.267491
0,0,-0.475619,0.875774,0.0825025
0,0,-0.809452,0.253089,0.529842
0,0,0.887123,-0.234878,0.397296
0,0,-0.988643,0.0389936,0.145135
0,0,-0.50591,0.105326,0.856132
0,0,0.57308,0.786646,0.229712
0,0,-0.2041,-0.872435,0.444072
0,0,-0.769516,-0.633392,0.0816072
0,0,-0.699746,0.714336,0.00891732
0,0,-0.813263,0.366027,0.452359
0,0,0.256269,-0.62964,0.733403
0,0,0.885368,0.14298,0.442358
0,0,-0.228395,0.284034,0.931215
0,0,-0.632262,0.575426,0.518778
0,0,-0.67641,-0.306874,0.669551
0,0,-0.124838,0.923407,0.362954
0,0,-0.979715,0.12714,0.154898
0,0,0.201539,-0.915798,0.347414
0,0,0.0240121,-0.859484,0.510598
0,0,0.862517,0.200814,0.464477
0,0,-0.465765,0.728974,0.501656
0,0,-0.280026,-0.93692,0.209203
0,0,-0.722626,0.52852,0.445508
0,0,-0.0198417,-0.999336,0.030553
21.8506,32.3048,0.29368,-0.559511,0.775048
0,0,0.800526,-0.203521,0.563682
0,0,0.258496,-0.963691,0.0669355
0,0,0.52002,-0.664227,0.537012
0,0,-0.205135,0.967672,0.146734
0,0,0.409491,-0.821693,0.396407
0,0,0.640175,0.0784708,0.764211
0,0,-0.251245,-0.860553,0.443084
0,0,0.40783,-0.894825,0.181559
0,0,-0.316738,0.84513,0.430619
0,0,0.949888,0.311415,0.0270903
0,0,-0.420531,0.0536696,0.90569
0,0,-0.595343,0.381294,0.707235
0,0,0.645615,-0.722996,0.245882
0,0,-0.0669211,-0.684201,0.726217
0,0,-0.112346,-0.662133,0.740917
0,0,-0.76943,-0.510018,0.384525
0,0,0.770086,0.109395,0.62849
0,0,-0.647059,-0.697364,0.308218
0,0,0.195824,0.828845,0.524089
0,0,-0.88191,0.430329,0.19249
0,0,-0.84365,-0.495892,0.205781
0,0,-0.911379,-0.267706,0.312604
0,0,0.181878,0.234072,0.955055
0,0,-0.854967,0.233858,0.462972
0,0,-0.295671,-0.70673,0.642737
0,0,-0.943003,-0.287158,0.168183
0,0,-0.65044,-0.755461,0.0787738
0,0,-0.503023,-0.758041,0.415141
0,0,-0.327821,0.322606,0.887952
0,0,-0.585538,0.730603,0.351233
0,0,-0.748372,0.431591,0.503655
0,0,0.973778,0.158487,0.163214
0,0,-0.666517,-0.017229,0.745291
5.9644,6.73394,-0.378945,-0.176716,0.90839
0,0,-0.908558,0.301398,0.289279
0,0,-0.678625,0.692634,0.24439
0,0,0.716499,-0.672492,0.185428
0,0,0.704522,-0.173707,0.688095
0,0,0.697655,0.611325,0.373576
24.489,34.7099,-0.0768652,0.853891,-0.514745
0,0,-0.374273,0.8884,0.265829
0,0,0.434431,-0.586325,0.683735
0,0,-0.556674,-0.454093,0.695639
0,0,-0.531168,-0.533683,0.65806
0,0,0.324187,-0.644953,0.692053
0,0,0.917924,-0.0874344,0.387003
0,0,0.843243,-0.530475,0.0868217
0,0,-0.352068,0.357037,0.865201
0,0,0.00648954,0.36547,0.930801
0,0,0.768185,0.637875,0.0548392
0,0,-0.652171,0.570388,0.49933
0,0,0.1442,-0.919413,0.365904
0,0,-0.534816,-0.764098,0.360731
0,0,-0.596529,-0.6163,0.514128
0,0,0.0292427,-0.752058,0.658448
0,0,0.714566,-0.578042,0.394034
0,0,0.093667,0.978524,0.183624
0,0,0.732451,-0.6533,0.19161
0,0,0.312308,-0.52114,0.794277
0,0,-0.710638,-0.625569,0.321959
0,0,-0.408608,-0.111572,0.905865
0,0,0.299176,0.917518,0.262021
0,0,0.0160181,0.357372,0.933825
0,0,0.560933,-0.80284,0.201997
0,0,0.358425,0.918531,0.166831
0,0,-0.417517,0.906005,0.0695336
0,0,-0.289386,0.907747,0.303729
0,0,0.691805,-0.0795659,0.717688
0,0,0.194484,0.878386,0.436594
0,0,-0.538463,-0.780857,0.316733
0,0,-0.0908263,-0.595736,0.798028
0,0,-0.718735,0.227027,0.657175
0,0,-0.0672945,0.901339,0.427854
0,0,-0.904878,-0.391715,0.166598
0,0,0.863945,-0.457369,0.210741
0,0,0.977344,-0.174149,0.120296
0,0,0.22246,-0.758146,0.612966
0,0,-0.443621,0.0450624,0.895081
0,0,-0.708385,-0.499799,0.498389
0,0,-0.306754,-0.629311,0.714052
0,0,0.205275,-0.0865132,0.974873
0,0,0.208652,0.977165,0.040161
0,0,-0.145704,-0.652145,0.743961
0,0,-0.746891,-0.620963,0.237821
0,0,-0.485433,0.519831,0.702944
0,0,-0.67561,0.70945,0.200578
0,0,0.416994,0.751177,0.511712
0,0,0.388256,-0.724174,0.569938
0,0,-0.166058,0.442811,0.881104
0,0,0.258295,0.546593,0.796567
0,0,-0.293303,0.7858,0.54451
0,0,0.978082,0.0650229,0.197805
0,0,0.439804,0.236264,0.866459
0,0,-0.933743,-0.225433,0.278038
13.8507,19.7699,-0.106042,0.538227,0.836102
0,0,0.729354,-0.682661,0.0449053
0,0,-0.412462,0.908721,0.0640487
0,0,-0.00823622,0.94385,0.330271
0,0,-0.869743,0.458839,0.181697
0,0,-0.208005,-0.87554,0.436077
0,0,0.714404,-0.260212,0.649551
0,0,-0.377904,0.150924,0.913461
0,0,-0.812856,-0.531324,0.238663
0,0,0.312418,0.318007,0.895135
0,0,0.064506,-0.633139,0.771345
0,0,0.521821,0.783291,0.337873
0,0,-0.256694,0.28103,0.924732
0,0,-0.516469,0.305921,0.799795
0,0,0.102842,-0.98025,0.168917
0,0,-0.984294,0.0770139,0.158852
0,0,-0.559794,-0.401795,0.724701
0,0,-0.322191,-0.621245,0.714316
0,0,0.91031,-0.161411,0.381159
0,0,0.821811,0.454551,0.343527
0,0,-0.641974,-0.432026,0.633421
0,0,0.621709,-0.0464786,0.781868
0,0,-0.386115,0.917259,0.0977271
0,0,-0.822962,-0.471216,0.317314
0,0,-0.907458,-0.189912,0.374772
0,0,-0.51294,0.567947,0.643683
0,0,0.535658,-0.580036,0.613701
0,0,0.544367,0.82462,0.153836
0,0,0.475198,-0.780656,0.40591
0,0,0.145902,0.967415,0.206931
0,0,0.401457,0.915111,0.0374659
0,0,0.972086,-0.229481,0.0488677
0,0,0.388791,-0.873224,0.293806
0,0,0.950478,-0.308758,0.035493
0,0,0.176835,0.704,0.687833
0,0,0.694864,-0.566144,0.443448
0,0,-0.485688,-0.767221,0.418903
0,0,-0.0339882,-0.539397,0.841365
18.3334,23.6138,-0.388749,0.577754,0.717687
0,0,0.783585,-0.392258,0.481797
0,0,0.704497,0.371708,0.604581
0,0,-0.727323,0.0336588,0.68547
0,0,0.883511,0.3197,0.342344
0,0,0.0406797,-0.996583,0.0718803
0,0,-0.243573,-0.465142,0.851067
0,0,0.00429545,0.460927,0.887428
0,0,-0.553158,0.300065,0.77716
14.5496,21.5082,0.58972,0.629473,0.505959
0,0,-0.847726,0.0810644,0.524204
0,0,0.614094,-0.772592,0.161217
0,0,-0.282021,0.641487,0.713414
0,0,0.00909646,0.995739,0.0917627
0,0,-0.372006,0.853868,0.364034
0,0,-0.774308,-0.631276,0.0440301
0,0,-0.870574,0.209903,0.44502
0,0,-0.512993,-0.489824,0.704919
0,0,-0.815392,-0.0633528,0.575432
0,0,0.0952166,-0.923311,0.372063
0,0,0.540995,0.568689,0.619611
0,0,0.89882,-0.148122,0.412531
0,0,-0.695295,-0.302158,0.652123
0,0,-0.974202,0.224812,0.019724
0,0,0.50238,-0.703328,0.502935
0,0,0.724667,0.687733,0.0433675
0,0,0.55239,-0.833491,0.0125546
0,0,-0.0544334,-0.846852,0.529036
0,0,0.117267,0.982767,0.142886
0,0,-0.609548,0.788517,0.0818059
0,0,0.529577,0.781832,0.32907
0,0,0.0391929,0.995302,0.0885359
0,0,0.445815,0.798288,0.404951
0,0,0.753052,0.657449,0.0259332
0,0,-0.831617,-0.435072,0.345146
0,0,-0.910223,0.204112,0.360322
0,0,-0.903024,0.405014,0.143214
0,0,0.74608,0.0229882,0.665459
0,0,0.86927,0.0854092,0.486903
0,0,-0.929857,0.250355,0.26961
0,0,-0.508774,0.855195,0.0989517
0,0,0.281438,-0.420987,0.862301
0,0,0.937462,-0.228124,0.262916
0,0,0.547607,0.749148,0.372697
0,0,-0.804097,-0.340621,0.487243
0,0,0.320993,0.273642,0.906688
0,0,0.811556,-0.536739,0.230842
0,0,-0.112439,0.361343,0.925629
0,0,-0.696457,0.336524,0.633797
0,0,-0.889507,0.456695,0.0144114
0,0,0.443754,-0.229167,0.866351
0,0,-0.111766,-0.892067,0.437864
0,0,0.748383,0.613325,0.252496
0,0,0.71631,0.525474,0.459105
0,0,0.783997,-0.0947657,0.613488
0,0,-0.295858,0.379986,0.876401
0,0,-0.463882,0.422733,0.778531
0,0,0.246004,-0.816246,0.522708
0,0,0.346788,0.613578,0.709408
0,0,0.114309,0.806325,0.580322
0,0,0.586166,0.804158,0.098688
0,0,0.98359,-0.17985,0.0143138
0,0,-0.944816,0.295683,0.141046
0,0,0.0780808,-0.987584,0.136311
15.1043,20.9414,-0.505926,-0.654444,-0.561909
0,0,0.629389,-0.72669,0.275302
0,0,0.767671,-0.282094,0.575416
0,0,0.90554,0.222397,0.361298
0,0,-0.51686,-0.372404,0.770825
0,0,0.0182606,0.482629,0.875634
0,0,0.950028,-0.0662083,0.305062
0,0,0.314031,0.203126,0.927429
0,0,0.907312,-0.190824,0.37466
0,0,0.702798,0.0417091,0.710165
0,0,-0.814903,-0.452448,0.362248
0,0,0.407848,0.508814,0.758135
0,0,-0.320996,0.800914,0.505468
0,0,0.687263,-0.678977,0.258185
0,0,-0.304286,0.623274,0.720375
0,0,0.31164,-0.879187,0.360431
0,0,0.92008,-0.347611,0.180606
0,0,-0.629596,-0.559741,0.538793
0,0,-0.264299,0.955002,0.134603
0,0,-0.41766,-0.825165,0.380346
0,0,-0.141677,0.657681,0.739854
0,0,0.636771,-0.360654,0.681507
0,0,-0.106453,-0.863409,0.493146
0,0,-0.271688,-0.44178,0.854995
0,0,0.38493,-0.897133,0.21675
0,0,0.174427,0.569721,0.803115
0,0,0.0222486,0.708059,0.705803
0,0,-0.750437,-0.548205,0.36921
0,0,-0.829803,0.199758,0.521079
0,0,0.668989,-0.213122,0.712062
0,0,-0.412836,0.859279,0.302002
0,0,-0.148287,0.719535,0.67844
0,0,-0.179009,0.0572564,0.98218
0,0,0.330561,0.562345,0.757956
0,0,0.303451,-0.948456,0.0913725
0,0,0.805363,-0.295254,0.514018
0,0,0.97616,-0.180475,0.120586
0,0,-0.13706,-0.169466,0.975959
0,0,0.371887,0.927349,0.0415115
0,0,0.900844,0.248595,0.355924
0,0,0.318207,0.484547,0.814837
0,0,-0.932311,0.0665567,0.355479
0,0,0.564454,-0.491939,0.662863
5.30503,8.18057,-0.184481,0.120708,0.975395
0,0,-0.421009,-0.736263,0.529781
0,0,-0.343811,0.885567,0.312354
0,0,-0.852091,0.325916,0.409535
0,0,0.0541732,-0.55398,0.830766
0,0,0.714041,0.607967,0.347163
0,0,-0.714311,-0.153588,0.682767
0,0,-0.839541,-0.37152,0.396413
0,0,-0.370945,-0.57799,0.726861
0,0,0.301756,0.933298,0.194677
0,0,-0.956032,0.288841,0.0507289
0,0,-0.464448,0.80306,0.373339
0,0,-0.472084,0.47945,0.739773
0,0,-0.327389,0.650606,0.685222
4.21111,6.78966,-0.104317,-0.992649,-0.0613651
2.25455,3.72451,-0.272665,0.261933,0.925767
0,0,-0.0302666,-0.933704,0.356766
0,0,-0.723826,0.585127,0.365652
0,0,0.777061,-0.0137466,0.629275
0,0,-0.118928,0.518717,0.846634
0,0,0.475245,-0.77786,0.411188
0,0,-0.391352,-0.699281,0.598205
0,0,-0.223582,0.934656,0.276458
0,0,0.823529,0.131735,0.551766
0,0,-0.389917,0.0392987,0.920011
0,0,0.610196,0.787811,0.0837527
0,0,0.212101,0.845594,0.489882
0,0,-0.614539,-0.152451,0.774016
3.06648,3.85458,-0.0811503,0.0061358,0.996683
0,0,-0.346194,0.368053,0.862952
0,0,-0.460673,0.221383,0.859518
0,0,0.204876,0.895241,0.395689
0,0,0.920099,0.376004,0.109725
0,0,-0.694541,0.317746,0.645484
0,0,-0.0429031,-0.467799,0.882793
0,0,0.253064,-0.0257365,0.967107
0,0,0.498631,0.811153,0.305611
0,0,-0.0700367,-0.645385,0.76064
0,0,0.286982,0.694388,0.659898
0,0,0.297252,-0.249301,0.921678
0,0,-0.559925,0.826234,0.0618179
0,0,0.101902,-0.57849,0.8093
0,0,0.00985803,-0.490472,0.871401
0,0,0.214791,0.227264,0.94985
0,0,-0.197556,-0.95335,0.228246
0,0,-0.237202,0.880345,0.410766
5.67679,8.60145,-0.401246,0.276392,0.873275
0,0,-0.969306,-0.193084,0.152198
0,0,0.106708,0.951078,0.289939
0,0,-0.322314,0.379107,0.867405
0,0,-0.419502,0.821571,0.386056
0,0,0.999847,-0.0174382,0.00153663
0,0,-0.319315,-0.884811,0.339334
0,0,-0.0137762,-0.841651,0.539847
0,0,-0.45535,-0.180097,0.871907
0,0,0.318823,0.825725,0.465328
0,0,-0.356118,-0.345883,0.86807
0,0,-0.13862,0.384395,0.912702
0,0,0.803066,-0.409046,0.433319
0,0,0.273776,0.545774,0.791945
0,0,-0.368563,0.900192,0.231981
0,0,0.100519,-0.991242,0.0856478
0,0,-0.863079,-0.467214,0.191848
0,0,-0.751218,-0.347786,0.560995
0,0,0.559395,-0.0404912,0.827912
0,0,0.638509,0.719556,0.273031
0,0,-0.212191,0.221496,0.951795
0,0,-0.305059,0.951866,0.0298407
0,0,-0.0690868,-0.927715,0.366839
0,0,-0.575319,0.588529,0.568016
0,0,-0.178108,-0.835276,0.520185
0,0,0.768272,-0.574029,0.283282
0,0,0.287308,0.696954,0.657045
0,0,-0.3186,-0.290061,0.902418
0,0,0.0976173,-0.987571,0.123182
0,0,0.288395,0.95427,0.0787157
0,0,0.309136,0.868926,0.386527
0,0,-0.67648,0.394946,0.621605
0,0,-0.353081,0.265079,0.897255
0,0,-0.286796,0.844729,0.451864
0,0,-0.569817,-0.522567,0.634217
0,0,-0.0949898,-0.497987,0.861966
0,0,-0.227774,-0.951684,0.205955
0,0,-0.959166,-0.274861,0.0667151
0,0,-0.884069,-0.385995,0.263496
0,0,-0.0753266,0.974832,0.20983
0,0,-0.622071,0.652582,0.432625
0,0,-0.035045,0.938307,0.344023
0,0,0.408322,0.8933,0.18785
0,0,-0.815517,-0.0323243,0.57783
0,0,-0.448461,0.860209,0.242743
0,0,-0.302098,0.601095,0.73988
0,0,-0.745845,0.427742,0.510638
0,0,-0.0895921,-0.368615,0.925255
0,0,-0.923118,0.383031,0.0337603
0,0,0.0115772,0.69869,0.715331
0,0,-0.594037,0.660511,0.459178
0,0,-0.0396423,0.911641,0.409072
0,0,0.117809,0.968865,0.217766
0,0,0.816092,0.322073,0.479858
0,0,-0.299925,-0.213726,0.929713
0,0,-0.120092,0.766793,0.63056
0,0,0.247755,-0.366612,0.896779
0,0,0.82147,-0.567989,0.0507468
0,0,-0.134038,0.901205,0.412144
0,0,-0.122115,-0.775178,0.619829
0,0,-0.135993,-0.652041,0.745888
0,0,0.845764,-0.47966,0.233686
0,0,-0.494804,0.310005,0.811829
0,0,-0.226977,0.924346,0.306702
0,0,-0.997132,-0.0383137,0.0652714
0,0,-0.28382,0.952269,0.11238
0,0,0.368969,0.409755,0.834244
0,0,0.962257,-0.206685,0.177036
0,0,-0.651313,-0.0737254,0.755219
0,0,0.453715,-0.309198,0.835787
0,0,0.291248,-0.0677063,0.954249
0,0,-0.73657,-0.543783,0.402199
0,0,0.581358,0.757665,0.296592
0,0,0.769593,-0.585925,0.253806
0,0,0.801664,-0.497074,0.332042
0,0,0.148931,-0.619712,0.770569
0,0,0.202504,0.645648,0.736295
0,0,0.116412,-0.570545,0.812974
0,0,0.151427,0.718255,0.679102
0,0,0.230186,0.281813,0.931448
0,0,-0.726219,-0.0810123,0.682674
0,0,-0.435532,0.107073,0.893783
0,0,-0.349148,0.827697,0.439333
0.520776,0.620458,-0.247584,-0.0158108,0.968737
0,0,-0.255644,0.9189,0.300447
0,0,0.668167,-0.658923,0.345505
0,0,0.846776,0.317976,0.426453
0,0,0.877626,0.378008,0.294759
0,0,0.367763,-0.580937,0.726128
0,0,-0.777725,-0.566687,0.272048
0,0,-0.877292,-0.372065,0.303195
0,0,-0.0145644,-0.900262,0.435104
0,0,-0.363129,-0.669318,0.64819
0,0,-0.656401,-0.736135,0.165053
0,0,-0.477906,0.766347,0.429323
0,0,0.118618,0.825635,0.551595
17.7439,25.4099,-0.63622,-0.535078,-0.555802
0,0,0.752859,-0.448856,0.481384
20.3332,29.4119,0.384414,-0.345412,0.856105
0,0,0.182876,-0.857368,0.481121
0,0,0.585714,0.543774,0.60104
0,0,0.226483,0.926118,0.301682
0,0,-0.748439,-0.149739,0.646078
0,0,-0.88712,0.333796,0.318744
0,0,-0.719092,0.296446,0.628512
0,0,-0.889704,-0.392037,0.233951
0,0,-0.502917,0.340517,0.794432
0,0,0.872965,-0.487476,0.0172983
0,0,0.658313,0.539865,0.524566
0,0,-0.344076,0.857091,0.383415
0,0,-0.529969,-0.0270537,0.847586
0,0,0.266198,0.904248,0.333878
0,0,0.367322,-0.922478,0.118782
0,0,0.517714,-0.00280736,0.855549
0,0,0.464505,0.27417,0.84206
0,0,-0.450829,-0.797445,0.401042
0,0,-0.605623,0.350186,0.714556
0,0,-0.804957,0.508188,0.306249
0,0,0.965062,-0.228109,0.128926
0,0,0.397248,0.903743,0.159507
0,0,0.838121,-0.0858843,0.53868
0,0,-0.474618,0.341843,0.811098
0,0,-0.95522,0.202659,0.215603
0,0,0.36063,-0.460829,0.810915
0,0,0.229488,-0.065803,0.971084
0,0,-0.654422,-0.694683,0.298575
0,0,-0.11837,-0.872082,0.474828
9.45277,13.1918,-0.228614,-0.0466746,0.972398
0,0,0.26261,-0.578288,0.772411
0,0,-0.392128,0.820469,0.416013
0,0,-0.66892,0.321454,0.670233
0,0,0.914806,0.0932507,0.392982
0,0,0.0320077,-0.791592,0.610211
0,0,-0.620895,-0.193405,0.75966
0,0,0.762743,0.180191,0.621091
0,0,-0.653947,-0.693197,0.303036
0,0,0.633526,0.197808,0.748009
0,0,0.571667,-0.819575,0.0386451
0,0,-0.333896,0.676129,0.656782
0,0,-0.846906,-0.530779,0.0320102
0,0,-0.165224,-0.367881,0.915076
0,0,0.250817,0.525297,0.813114
0,0,0.834658,-0.513159,0.200037
0,0,-0.520594,0.837793,0.164575
0,0,-0.844263,0.453251,0.285977
0,0,-0.878853,-0.448507,0.16266
0,0,0.349782,-0.912083,0.213908
0,0,0.739955,-0.603332,0.297418
0,0,0.459493,0.237062,0.85596
0,0,-0.750762,-0.0365622,0.65956
0,0,0.200042,0.961422,0.188815
0,0,-0.0388521,0.425983,0.903897
0,0,0.917216,0.0685322,0.392451
0,0,-0.197756,-0.929722,0.31066
0,0,0.368861,-0.840083,0.397747
0,0,-0.622287,-0.636159,0.456136
0,0,0.571767,0.769414,0.284753
0,0,0.316591,0.834612,0.45077
0,0,0.3814,-0.31982,0.867323
0,0,-0.49821,0.86702,0.00794778
0,0,0.503486,0.745969,0.435926
0,0,0.190812,-0.97596,0.105321
0,0,0.878412,-0.304184,0.368599
0,0,-0.628954,-0.549045,0.550424
0,0,-0.0232105,0.983656,0.178557
0,0,-0.125831,0.977852,0.167248
0,0,-0.864171,-0.402244,0.302339
0,0,0.0645221,-0.995803,0.0649149
0,0,0.270348,-0.571982,0.774435
0,0,0.406092,0.340287,0.848112
0,0,0.51713,0.648954,0.558064
0,0,-0.488415,-0.852703,0.185333
0,0,0.0456799,0.176651,0.983213
0,0,0.1128,0.320484,0.940514
0,0,-0.976135,0.0285793,0.215274
0,0,0.598189,-0.289673,0.747168
0,0,0.4244,-0.821021,0.38185
0,0,-0.36895,-0.351419,0.860454
22.4061,32.0819,0.223399,-0.0925595,0.970322
0,0,0.844921,-0.50443,0.177931
0,0,-0.576167,0.815295,0.0576616
0,0,0.114064,-0.988057,0.103604
0,0,0.153455,0.812728,0.562071
0,0,-0.910553,-0.211362,0.355273
0,0,0.230394,0.7095,0.665979
0,0,0.122277,-0.301865,0.945477
0,0,-0.649035,0.0603412,0.758362
0,0,0.701998,0.633476,0.325433
0,0,0.446171,-0.691099,0.568606
0,0,0.324424,-0.742736,0.58574
0,0,-0.475387,0.583739,0.658222
0,0,0.422594,0.888782,0.17743
0,0,-0.87437,-0.370889,0.31292
0,0,0.581447,-0.563566,0.586782
0,0,0.95349,-0.300533,0.023187
0,0,-0.872197,-0.468567,0.140417
0,0,0.304557,-0.095196,0.947725
0,0,-0.434687,-0.844424,0.31304
0,0,-0.0860262,0.533999,0.841097
0,0,0.943527,0.320241,0.0848636
0,0,-0.503457,0.840709,0.199348
0,0,-0.348633,-0.780571,0.518811
0,0,0.313402,0.911377,0.266778
0,0,-0.820025,-0.14403,0.553909
0,0,0.548875,-0.523376,0.651778
0,0,0.503339,-0.392221,0.769943
0,0,-0.164712,-0.822773,0.54398
0,0,-0.0526304,0.678519,0.732695
0,0,-0.821003,0.429874,0.375716
0,0,-0.309695,0.645921,0.697765
0,0,-0.815344,-0.0350641,0.577914
0,0,-0.709829,-0.463613,0.530288
0,0,0.196275,0.801257,0.565211
0,0,0.873876,0.471479,0.118527
0,0,-0.647401,-0.267531,0.713652
0,0,-0.0198372,-0.827834,0.560622
0,0,0.804589,-0.357557,0.474119
0,0,0.743201,0.014861,0.668903
0,0,0.444241,0.233323,0.864991
0,0,0.0643034,0.690105,0.720847
0,0,-0.0546269,0.20727,0.976757
0,0,-0.362114,0.0974862,0.927022
0,0,0.720452,-0.164995,0.673592
0,0,0.595309,-0.0178254,0.803299
0,0,0.750636,-0.15148,0.643117
0,0,0.0816263,-0.597245,0.797895
0,0,-0.574672,0.563362,0.593612
0,0,-0.68454,0.711576,0.158319
11.4729,14.6182,-0.385001,-0.759505,0.524334
0,0,-0.462443,0.380165,0.801012
0,0,-0.106429,0.856605,0.504877
0,0,0.804487,0.439631,0.399406
0,0,0.870301,-0.484862,0.0865136
0,0,0.5421,0.481718,0.688531
12.8035,17.5243,0.448019,0.215606,0.867636
0,0,0.918743,-0.383589,0.0936493
0,0,0.0791311,0.896371,0.436184
0,0,-0.183649,0.84542,0.501536
0,0,0.780276,0.173043,0.601021
0,0,-0.726519,-0.65574,0.205368
0,0,0.202059,-0.962944,0.178635
0,0,0.356139,0.684607,0.635986
0,0,-0.449989,-0.422328,0.78686
0,0,0.504192,-0.798122,0.329835
0,0,-0.0146332,-0.751124,0.659999
0,0,0.880986,0.437046,0.18126
0,0,-0.485717,-0.8474,0.214457
0,0,0.323593,0.915393,0.239463
0,0,0.364329,0.746669,0.556552
0,0,-0.872227,0.0627757,0.485056
12.4542,17.3195,-0.316656,0.538625,0.780777
0,0,-0.945197,0.125241,0.301526
0,0,-0.475642,0.135725,0.869105
0,0,0.0597249,-0.988415,0.139531
0,0,-0.366366,0.16048,0.916527
0,0,-0.0218727,0.0551464,0.998239
0,0,0.734696,0.0100539,0.678322
0,0,-0.64114,0.672581,0.369561
0,0,-0.541006,-0.307577,0.782757
0,0,-0.670677,-0.256768,0.695889
0,0,-0.50222,0.664791,0.553017
0,0,0.0975027,0.430657,0.897233
0,0,0.821144,-0.56852,0.0500717
0,0,0.884747,0.464603,0.0369558
0,0,0.70849,-0.37966,0.594895
0,0,-0.365647,0.892636,0.263636
0,0,0.546744,0.751407,0.369403
0,0,-0.875558,-0.388021,0.287817
0,0,-0.593415,0.420017,0.686619
0,0,-0.454173,0.714288,0.532466
14.2704,20.4068,-0.301381,-0.158324,0.940267
0,0,-0.202682,0.653237,0.729522
0,0,-0.334451,0.25853,0.906259
0,0,-0.609545,-0.637654,0.471012
0,0,0.248763,0.166812,0.954092
0,0,-0.372968,0.836875,0.400667
0,0,-0.610677,-0.487263,0.624219
0,0,-0.572604,-0.762954,0.300042
0,0,0.576409,-0.669362,0.468729
0,0,0.366866,0.828778,0.422535
0,0,0.514777,-0.195463,0.834745
0,0,0.0197068,-0.906999,0.420671
0,0,-0.174423,-0.88697,0.427622
0,0,-0.68658,-0.604908,0.403354
0,0,0.219813,0.930485,0.293052
0,0,-0.831777,-0.489428,0.261929
0,0,-0.38724,-0.921278,0.035961
0,0,-0.0195544,-0.0231657,0.99954
0,0,0.0495658,0.438352,0.897436
18.8963,28.1425,-0.192497,0.2368,0.952298
0,0,-0.255701,-0.149127,0.955185
0,0,0.0361576,-0.932102,0.360386
0,0,0.719621,-0.354677,0.59695
0,0,-0.0341499,-0.990465,0.133466
0,0,0.705868,0.113366,0.699213
0,0,0.25038,-0.949033,0.191434
0,0,-0.951054,-0.233651,0.202246
0,0,0.139865,-0.616503,0.77483
0,0,0.52557,-0.821923,0.219586
0,0,0.814691,0.367075,0.448925
0,0,-0.674159,-0.335329,0.658076
0,0,0.608297,-0.494919,0.620508
0,0,0.503741,0.384451,0.773591
0,0,0.867995,-0.338472,0.363349
0,0,-0.291967,-0.191171,0.937128
0,0,0.332455,-0.9241,0.188449
0,0,0.0478188,-0.853391,0.519074
0,0,0.740148,-0.486062,0.464677
0,0,0.860676,0.0922946,0.500718
0,0,-0.756908,0.0937297,0.646765
0.0699111,0.13823,-0.3264,0.159029,0.931758
3.5746,4.80062,0.435548,-0.465371,-0.770537
0,0,-0.603276,0.535048,0.591423
0,0,-0.589767,-0.742976,0.316484
0,0,-0.172243,-0.949702,0.261533
0,0,0.944748,-0.323136,0.0550949
0,0,0.414628,0.655631,0.631057
0,0,0.276268,-0.960367,0.0370332
0,0,0.0621696,0.822589,0.565228
0,0,-0.733016,0.427191,0.529335
0,0,0.000434945,-0.808885,0.587967
0,0,-0.897602,0.408931,0.164577
0,0,-0.346042,-0.478882,0.8068
0,0,0.831197,0.43739,0.343222
0,0,-0.647115,-0.265162,0.714794
0,0,0.705032,-0.342838,0.620799
0,0,-0.851502,-0.0925211,0.516123
0,0,-0.785912,-0.588357,0.190206
0,0,-0.843989,0.532064,0.0677518
0,0,0.520541,-0.781837,0.343173
22.6962,33.4584,0.244,-0.426198,0.871103
0,0,-0.927651,0.191101,0.320849
0,0,0.996127,-0.0433611,0.0764944
0,0,0.243846,-0.913281,0.326276
0,0,0.793945,-0.543522,0.272461
0,0,0.973515,0.20911,0.0924214
0,0,0.0294775,0.96622,0.256029
0,0,0.0690382,0.0161232,0.997484
0,0,-0.924529,-0.247765,0.289584
0,0,-0.252206,-0.817824,0.517259
0,0,-0.661289,-0.74972,0.0248481
0,0,-0.635855,-0.587792,0.500189
0,0,0.171446,-0.244386,0.954401
0,0,0.891703,-0.190659,0.410505
0,0,-0.407623,0.877448,0.252841
0,0,0.79036,-0.59942,0.126598
0,0,0.261658,-0.762619,0.591563
0,0,-0.330119,-0.91538,0.230435
0,0,0.67445,-0.737194,0.040765
0,0,0.0488863,-0.89362,0.446155
0,0,0.185145,0.330032,0.925635
0,0,-0.716687,-0.635002,0.288326
0,0,-0.340933,0.813067,0.471897
0,0,-0.533169,0.577649,0.618104
0,0,-0.512261,0.228322,0.827924
0,0,-0.0145098,-0.775666,0.630977
0,0,-0.70131,0.282047,0.654686
0,0,0.491667,-0.396592,0.775228
0,0,0.5198,-0.642141,0.563438
0,0,0.615851,0.551452,0.562698
0,0,0.366713,0.533401,0.762237
0,0,0.391007,0.86222,0.32201
0,0,-0.481593,-0.236571,0.843862
0,0,-0.338024,-0.937561,0.0819684
0,0,-0.523397,0.76186,0.381609
0,0,0.836105,-0.545934,0.053711
0,0,-0.439041,-0.213865,0.872642
0,0,0.0584079,0.609448,0.790672
0,0,0.89935,0.421801,0.11512
0,0,0.904752,0.0991184,0.414245
19.222,29.1235,-0.261145,-0.740614,0.619108
0,0,-0.151013,0.488524,0.859383
0,0,0.10807,-0.600511,0.79228
0,0,0.977606,-0.203286,0.0544117
0,0,-0.365527,-0.362325,0.857386
0,0,-0.931122,0.0116005,0.364522
0,0,-0.320651,0.341334,0.883558
0,0,0.723669,0.668409,0.171851
0,0,-0.569438,0.71624,0.403411
0,0,-0.646067,0.544048,0.535359
0,0,0.6694,-0.704091,0.23698
0,0,-0.292471,-0.177594,0.939639
0,0,-0.214765,0.794173,0.568477
0,0,-0.211979,0.559942,0.800955
0,0,0.573893,-0.0530247,0.817212
0,0,0.39753,-0.749509,0.529345
8.5108,12.3234,0.139234,0.47693,0.867843
0,0,-0.548503,-0.790174,0.27344
0,0,0.721976,-0.434747,0.53828
0,0,0.845892,0.260135,0.465614
0,0,-0.00118403,0.041668,0.999131
0,0,-0.161007,-0.268778,0.94965
0,0,-0.199421,0.0245305,0.979607
0,0,-0.182254,0.930872,0.316639
0,0,-0.0488908,-0.352605,0.934494
0,0,-0.147513,-0.355279,0.923047
0,0,-0.580751,-0.728526,0.363287
0,0,-0.899081,0.437688,0.00913437
0,0,-0.983772,0.0576659,0.169904
0,0,0.158781,0.915784,0.368956
0,0,-0.328199,0.83504,0.441581
0,0,0.869295,0.369349,0.328494
0,0,0.862064,-0.453756,0.225724
0,0,0.25006,-0.877989,0.408174
0,0,-0.832712,-0.148885,0.533314
0,0,0.484557,0.858333,0.168726
0,0,-0.621858,-0.782785,0.0232534
0,0,0.6763,0.00292668,0.736621
0,0,0.682214,-0.291073,0.670717
0,0,-0.428472,0.58352,0.689867
0,0,-0.597309,0.458347,0.658134
0,0,0.503003,0.733612,0.456948
0,0,0.884787,-0.30538,0.351988
0,0,0.503584,0.0237096,0.863621
0,0,-0.634327,-0.372021,0.677665
0,0,0.320704,0.482128,0.815292
0,0,-0.487119,0.688415,0.537402
0,0,0.422981,-0.858074,0.291197
0,0,0.57891,-0.502452,0.642188
0,0,-0.382027,-0.900871,0.206124
0,0,-0.0989852,0.94046,0.325172
0,0,-0.70334,0.346587,0.620637
18.398,27.2938,-0.0221235,0.316676,0.948276
0,0,-0.718846,-0.513465,0.46863
0,0,0.431619,0.596095,0.677035
0,0,-0.776701,-0.629355,0.0254726
0,0,0.12768,-0.975248,0.180524
0,0,0.810426,0.308623,0.497957
0,0,0.904498,0.0196011,0.426026
0,0,0.281282,0.957456,0.0644798
0,0,-0.750084,0.162326,0.641112
24.6633,34.7661,0.636319,0.241016,0.732809
0,0,0.167353,0.970744,0.172186
0,0,0.200494,-0.291312,0.935382
0,0,-0.385631,-0.433034,0.814721
0,0,0.187229,0.974644,0.122536
0,0,-0.604851,-0.560699,0.565485
0,0,-0.180466,0.878214,0.442914
0,0,-0.465507,0.190898,0.864211
19.3037,28.2434,0.0268974,0.515485,0.856477
0,0,0.758377,0.594631,0.266979
0,0,0.309121,0.16191,0.937139
0,0,-0.308387,0.238308,0.920927
0,0,0.790841,0.32791,0.516764
0,0,0.339697,-0.166759,0.925633
0,0,0.305132,-0.824832,0.47597
0,0,-0.426483,0.805483,0.411472
0,0,0.234436,-0.970205,0.0611673
0,0,0.523482,0.408531,0.747709
0,0,-0.573396,0.502272,0.647256
0,0,-0.64126,-0.324572,0.695297
0,0,-0.0352351,-0.399615,0.916006
0,0,-0.0047506,0.908205,0.418498
0,0,-0.185098,-0.586735,0.788341
0,0,-0.987591,-0.10191,0.119496
0,0,0.259658,0.910142,0.322831
0,0,0.906656,-0.414283,0.0796552
0,0,-0.303292,0.0636858,0.950767
0,0,-0.585643,-0.63535,0.503341
0,0,0.0438198,-0.517573,0.854517
0,0,0.320238,-0.784622,0.530863
0,0,-0.0473315,0.143341,0.988541
14.5913,20.5804,-0.0309514,0.625398,0.779692
0,0,-0.495093,-0.488373,0.718592
0,0,-0.223373,0.669666,0.708274
0,0,0.149285,-0.859042,0.489655
0,0,-0.742044,0.12017,0.659492
0,0,0.299057,-0.734939,0.608629
0,0,-0.440355,-0.454125,0.774505
0,0,-0.427439,-0.59623,0.679563
0,0,-0.373763,-0.835275,0.403257
0,0,0.10095,-0.459011,0.882676
0,0,-0.177163,0.919048,0.352085
0,0,-0.44397,0.345806,0.826625
0,0,0.203787,0.502728,0.840081
0,0,0.442543,0.64874,0.619105
0,0,0.757753,0.0545053,0.650261
0,0,0.643407,-0.135592,0.75342
0,0,-0.700929,0.317503,0.638663
0,0,0.167176,0.901175,0.399919
0,0,0.77083,-0.298722,0.56266
0,0,0.381433,-0.342187,0.85873
0,0,-0.823759,-0.473903,0.311187
0,0,0.775145,-0.064123,0.628521
0,0,0.574125,0.5293,0.624678
0,0,-0.343381,-0.345121,0.873488
0,0,-0.337434,-0.574102,0.746019
0,0,-0.45027,0.856702,0.251631
0,0,0.938785,0.304245,0.16161
0,0,0.674525,-0.737876,0.023554
0,0,-0.2258,0.972128,0.0631022
0,0,0.968527,0.130839,0.211747
0,0,-0.624154,0.0463648,0.779924
0,0,-0.481225,0.522132,0.704131
0,0,0.310865,-0.483346,0.818376
0,0,-0.480863,0.281868,0.830254
0,0,0.204492,-0.438809,0.875003
0,0,-0.103343,-0.771553,0.627716
0,0,0.270472,-0.962133,0.0338436
0,0,-0.61912,0.131153,0.774267
0,0,-0.775931,-0.512482,0.367822
0,0,0.231947,0.9606,0.153127
0,0,0.649937,0.43705,0.621747
0,0,0.170646,0.283119,0.943782
0,0,-0.880682,0.0321253,0.472618
0,0,0.40707,-0.778835,0.477189
0,0,-0.547897,0.739195,0.391662
0,0,-0.906042,-0.256375,0.336689
0,0,-0.0856113,0.369074,0.925448
0,0,0.417257,-0.89257,0.170924
0,0,0.70205,0.681483,0.206653
0,0,0.296366,-0.947508,0.119982
0,0,-0.439885,-0.87807,0.188398
0,0,-0.0405829,-0.818517,0.573047
0,0,0.878956,0.37488,0.294789
0,0,-0.36955,0.757735,0.537838
0,0,-0.593678,0.798895,0.0964996
0,0,-0.726987,-0.434804,0.531447
0,0,0.738308,0.607261,0.293489
0,0,0.188153,0.811138,0.553763
0,0,-0.813354,0.574243,0.0932774
0,0,0.642032,-0.139193,0.753937
0,0,0.620082,0.584875,0.522895
0,0,-0.719563,0.365667,0.590353
0,0,-0.772528,-0.611973,0.169378
0,0,-0.746487,0.662196,0.0652124
0,0,-0.223445,0.970835,0.0869037
0,0,0.492819,0.517942,0.699189
0,0,0.397569,0.163836,0.902827
0,0,-0.723578,0.469038,0.506397
0,0,-0.908442,0.109571,0.403394
0,0,0.783514,-0.619718,0.0453327
0,0,-0.0546586,0.759709,0.647962
0,0,-0.0850803,0.991143,0.101966
0,0,-0.0717721,-0.968713,0.23758
0,0,0.320276,0.917453,0.236015
0,0,-0.180628,0.790025,0.585861
0,0,0.484062,-0.16896,0.858566
0,0,0.666646,-0.503086,0.549989
0,0,-0.569337,0.0953593,0.816555
0,0,-0.608966,-0.752336,0.251298
0,0,-0.382753,0.903657,0.192107
0,0,-0.317264,-0.0614181,0.946346
0,0,-0.0882009,-0.99105,0.100201
0,0,0.408168,0.889404,0.205814
0,0,0.220312,-0.363125,0.905319
0,0,0.553892,-0.831862,0.0347784
0,0,0.117436,0.691682,0.71259
0,0,0.724868,0.177812,0.665544
0,0,-0.427446,0.598974,0.677141
0,0,0.842831,-0.422157,0.333796
0,0,-0.647465,-0.714605,0.264818
0,0,-0.651048,-0.467666,0.597851
0,0,-0.625579,-0.234669,0.744031
0,0,0.261566,-0.327217,0.908027
0,0,0.551866,0.832955,0.0403622
0,0,0.178399,-0.509438,0.841812
0,0,0.448365,0.0345926,0.893181
0,0,0.518766,-0.831785,0.197522
0,0,-0.1113,-0.221947,0.968686
0,0,0.699285,-0.696375,0.16144
0,0,0.922069,-0.386236,0.0247081
0,0,-0.658951,0.411908,0.629377
0,0,0.593075,-0.486698,0.641395
0,0,0.184298,0.0313466,0.98237
0,0,0.312758,-0.515172,0.797985
0,0,-0.475131,0.595647,0.647654
0,0,0.147088,0.767993,0.62334
0,0,0.912156,-0.314539,0.262749
0,0,-0.873806,0.0534543,0.483327
0,0,-0.992931,-0.0625131,0.100901
0,0,-0.621705,-0.704151,0.343009
0,0,0.455578,0.652552,0.605496
0,0,-0.495304,0.68827,0.530056
0,0,-0.0378307,-0.766517,0.641109
0,0,0.104649,-0.528729,0.842315
0,0,-0.38719,0.675634,0.627377
0,0,-0.426647,0.525249,0.736265
0,0,0.450182,-0.892779,0.0167915
0,0,0.789143,-0.587801,0.178169
0,0,-0.621534,0.257223,0.739954
21.9872,32.776,-0.655512,-0.516511,0.550926
0,0,-0.820425,-0.524571,0.227437
0,0,-0.737364,-0.650487,0.182102
0,0,0.469514,-0.845412,0.254629
0,0,0.175358,-0.354015,0.918653
0,0,0.630674,-0.405658,0.661583
0,0,0.48792,-0.840959,0.233926
0,0,-0.683122,-0.725482,0.0837863
0,0,-0.249984,0.967998,0.0221014
0,0,0.678416,-0.734628,0.00861286
0,0,0.338287,-0.83986,0.424495
0,0,-0.0775721,-0.722112,0.687413
0,0,0.628143,-0.461596,0.626391
0,0,-0.88472,0.13011,0.447595
0,0,-0.649684,0.601257,0.465189
0,0,-0.0261419,-0.962621,0.269586
0,0,-0.864636,-0.220601,0.451375
0,0,-0.0139288,0.278508,0.960333
0,0,0.0231524,-0.940902,0.337888
0,0,-0.372451,0.569202,0.733
0,0,0.725209,0.307069,0.616264
0,0,0.497641,-0.734667,0.461105
0,0,-0.485866,-0.415537,0.768937
0,0,0.778432,-0.262337,0.570283
0,0,-0.661446,0.655517,0.364399
0,0,-0.828459,0.276364,0.487112
0,0,0.701727,-0.643156,0.306479
0,0,-0.411064,-0.906971,0.0918142
14.8475,21.7698,0.452874,-0.542967,-0.707172
0,0,0.491903,0.0858857,0.866404
0,0,0.707255,-0.56151,0.429531
0,0,-0.461289,-0.521569,0.717759
0,0,0.52981,0.529621,0.662422
0,0,-0.947737,0.309025,0.0793617
0,0,0.555671,0.348734,0.754728
0,0,0.92507,-0.34119,0.16684
0,0,0.101846,-0.666211,0.738776
0,0,0.451895,0.689568,0.565939
0,0,0.0967515,-0.928996,0.357218
0,0,0.0763617,-0.997003,0.0124051
0,0,0.929311,0.112243,0.351828
0,0,0.209751,0.550827,0.807833
0,0,-0.776141,0.488256,0.399013
0,0,0.879126,0.41434,0.235501
0,0,-0.631635,0.775074,0.0172243
0,0,-0.430307,-0.194315,0.88152
0,0,0.805912,-0.186099,0.562025
0,0,-0.509979,-0.425123,0.747791
0,0,0.696226,-0.246481,0.674178
0,0,-0.398498,-0.703658,0.588273
0,0,-0.834374,0.52578,0.165454
0,0,0.697245,-0.0538267,0.714809
0,0,-0.284128,0.499473,0.818412
0,0,0.00951478,-0.887818,0.460097
0,0,0.780479,-0.537961,0.318512
0,0,0.122526,-0.820642,0.558152
0,0,0.271823,0.712497,0.646885
0,0,-0.12294,-0.629139,0.767509
0,0,0.835605,-0.0315258,0.548426
0,0,-0.468648,0.872169,0.140322
0,0,0.312304,-0.437267,0.843365
0,0,0.298431,-0.938655,0.17282
0,0,0.381459,-0.595545,0.706976
0,0,-0.507626,0.574098,0.642439
0,0,-0.217377,0.742176,0.633973
0,0,0.386794,0.903522,0.184494
0,0,-0.209604,-0.551793,0.807211
0,0,-0.79374,0.472047,0.383598
0,0,-0.0943077,-0.3611,0.927746
0,0,0.252345,0.864278,0.435138
0,0,0.120753,0.18326,0.97562
0,0,0.753319,-0.490223,0.438396
0,0,0.148925,0.898617,0.412685
0,0,-0.453937,0.369128,0.810978
0,0,0.439324,-0.730406,0.522974
0,0,0.767708,-0.610076,0.196042
0,0,0.600433,-0.565255,0.565657
0,0,0.417577,0.756306,0.503617
0,0,-0.871775,0.26433,0.412477
0,0,-0.610411,-0.625727,0.485658
0,0,0.892976,-0.396,0.213959
0,0,-0.398172,0.255873,0.880902
0,0,0.0272889,-0.957923,0.285726
0,0,0.032566,0.997991,0.0543382
0,0,0.324804,-0.0991331,0.940572
0,0,-0.997925,0.0568361,0.0302458
0,0,-0.690147,0.69035,0.217057
0,0,-0.977764,0.0628628,0.200065
0,0,-0.470423,-0.852788,0.226835
0,0,0.288056,-0.923443,0.253528
0,0,-0.292748,0.68359,0.668583
0,0,-0.806376,-0.518294,0.284832
0,0,0.129982,0.256589,0.95774
0,0,0.825812,-0.335788,0.45308
0,0,0.439625,-0.555537,0.705768
0,0,0.736664,0.39955,0.545606
0,0,0.241396,-0.88038,0.408238
0,0,0.936987,-0.348461,0.0251176
0,0,0.396842,-0.789471,0.468244
0,0,-0.701771,0.137403,0.699026
0,0,-0.00925408,0.930373,0.366498
0,0,-0.401537,-0.632038,0.662794
0,0,-0.934688,-0.354719,0.0230595
0,0,0.210403,-0.889202,0.406263
0,0,-0.231941,-0.573339,0.785803
0,0,0.866327,0.397992,0.301795
0,0,0.622125,-0.207193,0.755005
0,0,-0.54635,0.0479518,0.836183
0,0,-0.455405,-0.768589,0.449308
0,0,0.0297653,0.533541,0.84525
0,0,0.0619623,0.974952,0.213612
0,0,-0.0367382,-0.76898,0.638216
0,0,0.740588,-0.633018,0.225429
0,0,-0.570833,0.791064,0.219926
0,0,-0.971347,-0.212969,0.105492
0,0,-0.357307,-0.391558,0.847947
0,0,0.382669,0.90332,0.19385
0,0,0.446487,-0.314822,0.837578
0,0,0.150769,0.986214,0.0681949
0,0,0.125496,-0.499948,0.856915
0,0,0.585357,-0.0131694,0.810669
0,0,-0.808846,0.177438,0.56061
0,0,0.419939,-0.74026,0.52504
0,0,0.797205,0.493308,0.348011
0,0,0.0343047,0.42265,0.905644
18.4974,25.5177,0.772634,0.632203,0.0579326
0,0,-0.519206,0.316331,0.793952
0,0,-0.148385,0.964106,0.220183
14.7034,21.5595,0.107754,0.962115,-0.250448
4.38173,7.10302,-0.172451,-0.128395,0.976614
0,0,0.58833,-0.434738,0.681814
0,0,0.701516,-0.441264,0.559608
0,0,0.389281,-0.573599,0.720725
0,0,0.659404,0.0061228,0.751764
0,0,-0.660351,-0.606234,0.443189
0,0,0.807286,-0.540098,0.237873
0,0,-0.825989,0.28298,0.487508
0,0,0.510515,-0.837559,0.194601
0,0,-0.946259,0.0016176,0.323406
0,0,0.0228591,0.650636,0.759046
0,0,0.763521,0.532244,0.365721
0,0,0.0394535,0.400864,0.915288
0,0,0.791613,0.183935,0.582681
0,0,-0.0401933,-0.490847,0.870318
0,0,0.446244,-0.593985,0.669364
0,0,-0.895305,0.434858,0.096582
0,0,-0.184583,0.932996,0.308947
0,0,0.268185,0.546983,0.793023
0,0,0.299679,-0.945006,0.130979
0,0,-0.546307,0.0171012,0.83741
0,0,-0.99243,0.0195289,0.121252
0,0,-0.00617801,0.658798,0.752294
0,0,-0.132783,0.989307,0.0603298
0,0,0.0533554,-0.903238,0.42581
0,0,-0.840104,0.48344,0.245989
0,0,-0.134328,-0.92594,0.352975
0,0,0.100869,0.0442832,0.993914
0,0,-0.730514,0.459954,0.504768
0,0,0.340956,-0.77963,0.525286
0,0,0.367622,0.878648,0.304683
0,0,-0.572224,-0.293178,0.765902
0,0,0.826204,0.439514,0.352441
0,0,-0.864754,-0.30209,0.401176
0,0,-0.791588,-0.13866,0.595115
0,0,0.413889,-0.906108,0.0875438
0,0,0.3589,-0.275975,0.891644
0,0,0.195167,-0.537057,0.820658
0,0,0.356904,0.918322,0.171188
0,0,0.643688,0.734983,0.213227
0,0,0.973988,-0.00563354,0.226529
0,0,0.0911776,0.720344,0.687598
0,0,0.630397,-0.542084,0.555648
0,0,-0.694497,0.603561,0.391647
0,0,-0.152849,0.705709,0.691817
0,0,-0.821181,-0.349125,0.451412
0,0,0.659633,0.257713,0.706023
0,0,0.747706,-0.195913,0.634472
0,0,-0.711011,-0.582631,0.393705
0,0,-0.230637,0.308498,0.922841
0,0,-0.23654,-0.752345,0.614838
0,0,0.970178,0.218672,0.104582
0,0,-0.251191,0.917628,0.307997
0,0,0.0886235,0.198251,0.976136
0,0,-0.507892,0.856223,0.0944856
0,0,0.758995,-0.634824,0.144656
0,0,0.00307142,-0.323825,0.946112
0,0,0.937129,0.0358012,0.347141
0,0,-0.763762,0.584681,0.273526
0,0,0.245477,0.600608,0.760928
0,0,-0.0745791,-0.372638,0.924975
0,0,-0.520388,-0.336867,0.784676
0,0,0.390225,0.144676,0.909282
0,0,0.127291,0.427384,0.895064
0,0,-0.4419,-0.853291,0.2768
0,0,-0.769474,-0.574269,0.279508
0,0,0.79592,-0.0825138,0.599752
0,0,0.344323,0.638978,0.687858
0,0,-0.241134,-0.325208,0.914382
0,0,0.758047,0.293657,0.58235
0,0,0.891542,0.0925822,0.443374
0,0,-0.310306,-0.611386,0.727955
0,0,-0.442552,0.123638,0.888179
0,0,0.507664,0.849222,0.145255
0,0,0.287863,-0.387443,0.875798
0,0,-0.0259804,0.496207,0.867815
0,0,-0.20967,0.963448,0.166753
0,0,-0.790625,0.350966,0.501732
0,0,-0.901109,0.012489,0.433412
0,0,-0.583756,-0.471353,0.661102
0,0,0.961343,0.267262,0.0662626
0,0,0.321196,0.945527,0.0530204
0,0,-0.615786,0.0272819,0.787441
0,0,-0.360075,-0.190508,0.913265
0,0,-0.683396,-0.64484,0.342273
0,0,-0.906242,0.333328,0.260034
0,0,-0.307994,0.95095,0.02887
0,0,-0.789808,-0.492443,0.365654
0,0,-0.00142162,-0.971982,0.235053
0,0,0.420951,0.44763,0.788941
0,0,0.0985167,-0.991011,0.090503
0,0,-0.387766,-0.337923,0.857581
0,0,0.445816,-0.857737,0.255998
0,0,-0.164002,0.512109,0.843118
0,0,0.636389,-0.357774,0.683379
0,0,-0.338893,0.844115,0.415477
0,0,-0.583652,-0.134368,0.80081
0,0,0.4528,-0.774378,0.44194
0,0,-0.18418,-0.928905,0.321268
0,0,0.983142,0.177414,0.0442204
0,0,0.632735,-0.764736,0.121763
0,0,-0.884596,-0.369671,0.284313
0,0,0.440871,-0.0308284,0.897041
18.9115,26.906,-0.469081,-0.447905,0.761147
0,0,0.662387,0.528008,0.531461
0,0,0.364052,0.373008,0.853424
0,0,-0.318086,-0.221681,0.92178
0,0,0.365261,0.660093,0.6564
0,0,-0.622674,-0.740039,0.254202
0,0,-0.942788,-0.00683786,0.333324
0,0,-0.451695,-0.882745,0.129358
0,0,0.79003,-0.561086,0.247052
0,0,0.608946,0.352303,0.710681
24.2321,33.5594,-0.369041,-0.929086,-0.0246582
0,0,-0.00718711,-0.393179,0.919434
0,0,-0.144802,0.854249,0.49929
0,0,-0.348709,-0.840934,0.413802
0,0,0.554776,-0.749335,0.361554
0,0,-0.885636,-0.441376,0.144345
0,0,0.372829,0.810643,0.451505
0,0,-0.280634,-0.0153149,0.959693
0,0,-0.508103,0.86013,0.0447944
0,0,-0.0362364,-0.99855,0.0398021
0,0,-0.0769391,0.845738,0.528023
0,0,0.132248,0.686551,0.714954
0,0,0.311908,0.928474,0.201616
0,0,-0.44133,-0.281924,0.851908
0,0,-0.896264,0.28237,0.342021
0,0,0.353793,0.30043,0.885761
0,0,0.0201058,0.9387,0.344147
0,0,-0.630331,-0.423303,0.650767
0,0,0.751934,-0.049411,0.657385
10.078,15.7883,0.247097,0.0422678,0.968069
0,0,0.701095,0.665998,0.25478
0,0,-0.694005,-0.563781,0.447781
0,0,-0.288836,-0.601833,0.744561
0,0,0.824805,-0.245654,0.509265
0,0,-0.618451,-0.306612,0.723538
0,0,-0.714426,-0.48723,0.502197
0,0,-0.11045,-0.982193,0.15198
0,0,0.408413,0.891626,0.195452
0,0,-0.824205,-0.318425,0.468285
0,0,-0.657142,0.753306,0.0263637
14.1775,20.6043,-0.687402,-0.705761,-0.171405
0,0,0.610575,-0.73001,0.307057
0,0,-0.0287751,0.259451,0.965328
0,0,-0.077498,0.32122,0.943828
0,0,-0.0315008,-0.596929,0.801675
0,0,-0.789187,-0.47166,0.393347
0,0,0.622048,-0.210397,0.754181
0,0,-0.932803,-0.355299,0.0603408
0,0,0.477584,-0.372428,0.795746
0,0,-0.493305,-0.265182,0.82845
0,0,0.0109771,-0.715722,0.698299
0,0,-0.843843,0.44076,0.306038
0,0,-0.184931,-0.374795,0.908476
0,0,-0.400862,-0.846279,0.350887
0,0,0.404371,0.56175,0.721749
0,0,-0.553967,-0.756855,0.34683
0,0,-0.646213,-0.120758,0.753542
0,0,0.630676,-0.771541,0.0834988
0,0,0.616693,-0.747991,0.245355
0,0,-0.454056,0.253569,0.854129
0,0,-0.365805,0.883282,0.293258
0,0,-0.49914,0.548561,0.670775
0,0,-0.622002,-0.761026,0.184263
0,0,0.798836,0.260748,0.5421
0,0,0.313208,-0.941506,0.124367
0,0,-0.0845893,0.329876,0.940227
0,0,-0.193354,0.978154,0.0763521
0,0,-0.823199,0.564047,0.064761
0,0,0.505096,-0.854738,0.119585
0,0,-0.445078,0.241838,0.862218
0,0,0.0767118,-0.514603,0.85399
0,0,-0.309145,0.0541165,0.949474
0,0,0.145883,-0.88423,0.443685
0,0,-0.0580205,0.562203,0.824961
0,0,-0.59773,-0.5838,0.549451
0,0,-0.97825,-0.178208,0.10616
0,0,0.872476,-0.154093,0.463726
0,0,-0.826597,0.561827,0.0329897
0,0,0.486309,-0.615421,0.620291
0,0,-0.527162,0.695689,0.487973
0,0,0.169428,0.577982,0.798267
0,0,-0.0307166,-0.584304,0.810953
0,0,-0.863534,-0.455229,0.216968
0,0,0.155833,0.535068,0.830312
0,0,0.264062,0.323534,0.908624
0,0,-0.250586,-0.916257,0.312537
0,0,-0.160346,0.444211,0.881457
0.318425,0.625674,-0.268683,0.0179039,0.963062
0,0,0.316294,0.602788,0.732533
0,0,-0.328612,-0.485667,0.810026
0,0,0.827277,-0.536492,0.166698
0,0,0.406913,0.177695,0.896017
0,0,-0.735804,0.529757,0.421841
0,0,0.194117,0.975597,0.102612
0,0,-0.685067,0.662557,0.302821
0,0,0.688301,-0.613334,0.387381
19.4069,28.878,-0.0244878,0.224013,0.974278
0,0,0.407822,0.884918,0.224947
0,0,-0.69798,-0.715816,0.0207746
0,0,-0.208303,0.945208,0.251381
0,0,-0.466099,0.789291,0.399713
14.7336,21.1843,0.47392,0.123469,0.871869
0,0,-0.403604,-0.799152,0.445488
0,0,-0.574575,0.811419,0.107064
0,0,0.673986,0.172307,0.718368
0,0,0.0578256,0.209471,0.976104
0,0,0.892177,0.447341,0.0625078
0,0,0.28727,0.172295,0.942226
0,0,-0.356987,0.923932,0.137518
9.62963,14.7645,-0.0281448,-0.747511,-0.663652
0,0,0.0331782,-0.945394,0.324237
0,0,-0.357443,-0.750754,0.55552
0,0,0.788784,0.355177,0.501666
0,0,0.226393,0.457655,0.859824
0,0,-0.319524,-0.143077,0.936714
0,0,-0.760252,0.638762,0.118326
0,0,-0.883802,0.330806,0.330849
0,0,0.0913342,0.851318,0.516639
0,0,0.222812,0.499475,0.837186
0,0,0.147733,-0.214246,0.965543
0,0,0.663907,0.67863,0.314146
0,0,0.848416,0.176802,0.49893
0,0,-0.952179,-0.0458281,0.302086
0,0,0.117813,0.579861,0.806152
20.9867,29.272,-0.315413,-0.14759,0.937407
16.8311,23.0378,0.259204,-0.281975,0.923744
13.1496,18.413,-0.0479459,-0.318739,0.946629
0,0,0.0516197,-0.934238,0.352894
0,0,0.778002,0.315056,0.543555
0,0,-0.337516,0.941286,0.00802376
0,0,-0.43446,-0.803544,0.406893
0,0,0.794541,-0.310739,0.521676
0,0,-0.870894,0.385643,0.304671
0,0,-0.646572,-0.615597,0.450539
0,0,-0.696483,0.674759,0.244154
0,0,0.018093,-0.895388,0.444919
0,0,0.130267,0.977363,0.166708
0,0,-0.571483,-0.74759,0.338403
0,0,-0.707643,0.525415,0.472419
0,0,0.00450864,-0.040343,0.999176
0,0,0.229858,0.816881,0.529028
0,0,-0.0633073,0.993543,0.0941474
0,0,0.0128909,-0.999548,0.0271539
0,0,-0.432519,0.681749,0.590039
0,0,-0.660704,-0.138673,0.737726
0,0,-0.810742,-0.355045,0.465447
0,0,-0.287086,0.642148,0.710794
0,0,0.836881,-0.107471,0.536732
0,0,0.534681,0.417213,0.73488
0,0,-0.867847,0.334843,0.367044
10.4343,15.106,0.701849,0.214594,0.679233
17.3181,25.9704,-0.179161,-0.19917,0.963448
0,0,0.107763,0.523608,0.845117
0,0,-0.514563,0.598274,0.614242
0,0,0.692355,0.552021,0.46467
0,0,0.126522,0.263903,0.956215
0,0,-0.95292,0.294773,0.0710748
0,0,-0.400434,0.785616,0.471658
0,0,-0.868103,0.42042,0.2639
0,0,-0.61817,0.563834,0.547683
0,0,0.482863,-0.787332,0.383343
0,0,-0.32731,0.668819,0.667495
8.69696,12.6749,-0.52011,-0.105979,0.847498
0,0,0.233161,0.0203244,0.972226
0,0,0.815277,0.233405,0.529949
0,0,-0.414347,-0.88121,0.227564
0,0,-0.709473,0.0448129,0.703306
0,0,-0.369798,-0.443014,0.816693
0,0,0.467101,-0.769048,0.436328
0,0,0.140579,0.377141,0.915424
7.785,11.3696,-0.145417,-0.268871,0.952136
2.78562,3.76261,-0.0779386,0.954886,0.286562
0,0,-0.634713,-0.762996,0.122379
0,0,0.266352,0.558973,0.785242
0,0,-0.951169,-0.295666,0.0886506
0,0,-0.385963,0.498697,0.776102
0,0,0.664721,-0.67337,0.323602
0,0,-0.136366,-0.654581,0.743592
0,0,0.871833,-0.486234,0.0590174
0,0,0.499107,0.560589,0.660781
0,0,-0.288752,0.107536,0.951345
0,0,-0.597326,0.382752,0.704771
0,0,0.152471,-0.612063,0.775972
0,0,0.761361,-0.518863,0.388729
20.8791,28.3337,0.102165,-0.229472,0.967939
0,0,0.489204,-0.600895,0.632143
0,0,-0.545473,0.234741,0.804584
0,0,-0.844546,0.404524,0.350859
0,0,0.827341,-0.461611,0.320034
0,0,0.966605,-0.162507,0.198158
0,0,-0.840946,-0.405137,0.358711
0,0,-0.153032,-0.987882,0.0258994
0,0,0.366688,-0.870764,0.327582
0,0,0.533549,0.833841,0.141546
0,0,-0.861806,-0.353877,0.363404
0,0,0.496543,0.742678,0.449304
4.34026,7.04941,0.365367,-0.107396,0.924648
0,0,0.726947,0.658043,0.196284
0,0,-0.63989,0.751421,0.160955
0,0,0.373728,0.924345,0.0768987
0,0,-0.0813272,-0.923806,0.374124
0,0,0.508609,-0.0560816,0.859169
0,0,-0.432137,-0.860341,0.270317
0,0,-0.967504,0.218696,0.12692
0,0,0.87402,0.376489,0.307155
0,0,0.220832,0.936299,0.27309
0,0,-0.490549,-0.51155,0.705464
0,0,0.450831,0.752215,0.480546
0,0,0.105318,0.329509,0.93826
0,0,-0.721077,-0.00483712,0.692838
0,0,-0.0778332,-0.93644,0.342086
0,0,-0.579298,-0.243176,0.777997
0,0,-0.0588742,0.520666,0.851728
0,0,0.532663,0.692375,0.486711
0,0,-0.15283,-0.903655,0.400062
0,0,0.345588,-0.181753,0.920617
0,0,-0.774245,-0.282441,0.566367
0,0,-0.444346,-0.0430744,0.894819
0,0,0.0747988,-0.970042,0.231136
0,0,0.761271,0.509219,0.40145
0,0,-0.352746,0.130234,0.926612
0,0,-0.479962,0.778029,0.405348
0,0,0.742966,-0.360833,0.563738
0,0,0.458124,0.646512,0.610036
0,0,-0.49754,0.120202,0.859072
0,0,-0.795162,-0.268322,0.543801
0,0,-0.945362,-0.325473,0.0189369
0,0,-0.679867,-0.73184,0.0468161
0,0,-0.334416,0.868865,0.36502
0,0,0.602283,0.276993,0.748686
0,0,-0.0944213,0.856625,0.507226
0,0,0.752425,-0.62892,0.195743
0,0,0.0893729,-0.585941,0.80541
0,0,0.73389,0.161084,0.659892
0,0,0.564186,0.394294,0.725414
0,0,0.242219,-0.909951,0.33663
0,0,-0.580869,0.630269,0.515124
0,0,0.379131,0.286375,0.879914
0,0,0.140268,-0.909601,0.391089
0,0,0.122896,0.815571,0.565455
0,0,0.99256,0.0326401,0.117298
0,0,-0.404814,0.765943,0.499457
0,0,0.248524,0.480572,0.841003
0,0,-0.856968,0.194424,0.477289
0,0,0.428962,-0.19847,0.88125
0,0,-0.654133,0.458127,0.601855
0,0,0.31026,0.332112,0.890752
0,0,0.230633,-0.938878,0.255572
0,0,0.080817,-0.299152,0.950777
0,0,0.151128,0.35638,0.922038
0,0,-0.850175,0.349502,0.393765
0,0,-0.967194,0.182096,0.177135
0,0,0.751938,0.106981,0.650496
0,0,-0.693071,-0.41245,0.591216
0,0,-0.44554,0.870892,0.207465
0,0,0.916914,0.383227,0.11138
0,0,-0.868356,0.226567,0.441163
0,0,0.927649,-0.288847,0.236717
0,0,-0.020668,0.948169,0.317093
0,0,0.74994,0.411864,0.517647
0,0,-0.534408,-0.811002,0.238084
0,0,-0.208315,-0.0203108,0.977851
0,0,-0.922724,0.0837701,0.376249
0,0,-0.618073,-0.648002,0.44506
0,0,-0.581555,-0.775193,0.246719
0,0,0.222509,-0.932506,0.284468
0,0,0.137701,0.750671,0.646166
0,0,0.688239,-0.330919,0.645616
0,0,0.213238,0.263876,0.940691
0,0,0.18215,-0.730682,0.65797
0,0,-0.551909,0.738131,0.388018
0,0,-0.949438,-0.22092,0.223075
0,0,-0.020367,-0.424822,0.905048
0,0,0.720354,0.257139,0.644182
0,0,-0.166461,0.985932,0.0151551
0,0,0.454017,-0.740774,0.495098
0,0,-0.713513,0.695521,0.0845531
0,0,-0.178176,-0.88138,0.43752
0,0,0.903191,0.0393297,0.427433
0,0,0.0538934,0.498947,0.864955
0,0,0.393237,-0.0324251,0.918865
0,0,0.394342,0.87678,0.275229
0,0,0.744526,-0.365691,0.558526
0,0,0.980841,0.0353948,0.19157
0,0,0.253137,0.626289,0.737349
0,0,-0.810403,-0.572835,0.12291
0,0,-0.875147,-0.0999384,0.473424
0,0,0.695597,0.671405,0.255658
0,0,0.935297,0.349689,0.0541947
0,0,0.728641,-0.601916,0.326772
0,0,0.404541,-0.310232,0.860292
0,0,0.22586,0.606684,0.762182
0,0,-0.26529,-0.835974,0.480384
0,0,-0.260863,-0.904644,0.337002
0,0,-0.961597,0.220218,0.163817
0,0,-0.591284,-0.521194,0.615418
0,0,-0.709536,-0.109553,0.696101
0,0,-0.640067,-0.510083,0.574569
0,0,0.221548,-0.478591,0.849628
0,0,-0.16657,0.985968,0.0109975
0,0,0.111156,-0.903399,0.414144
0,0,0.660753,-0.0257383,0.750162
0,0,-0.268498,-0.828526,0.491379
0,0,-0.433057,-0.858525,0.274583
0,0,-0.399276,-0.813745,0.422371
0,0,0.0798675,0.91654,0.391888
0,0,-0.0873852,0.839781,0.535847
0,0,0.296692,0.48085,0.82508
0,0,0.433872,-0.4179,0.798194
0,0,0.621788,0.159959,0.766676
0,0,0.90547,0.0426916,0.422257
0,0,-0.122091,-0.926678,0.355474
0,0,0.798631,0.601784,0.00665685
0,0,0.442702,-0.774568,0.451729
0,0,0.999931,-0.0061349,0.0100359
0,0,-0.363657,-0.314704,0.876764
0,0,0.0545926,-0.99743,0.0463946
0,0,-0.904255,0.409808,0.119916
0,0,-0.846107,0.310757,0.433051
0,0,0.212929,-0.39249,0.89477
0,0,0.657296,-0.525513,0.540184
0,0,-0.0471272,-0.753502,0.655754
0,0,-0.213285,-0.94359,0.253274
0,0,0.803394,-0.034402,0.594453
0,0,-0.802126,0.14138,0.580177
0,0,0.17619,0.163051,0.970758
0,0,0.0512751,0.938626,0.341105
0,0,-0.934022,-0.336517,0.119834
0,0,0.787025,0.550343,0.278774
0,0,0.493271,-0.182831,0.850445
0,0,0.223041,0.730118,0.645895
0,0,-0.827866,0.528417,0.188183
0,0,0.664044,0.232411,0.710655
0,0,0.342931,-0.734512,0.585568
0,0,0.348753,0.936687,0.0314363
0,0,-0.948197,-0.081923,0.306939
0,0,-0.942354,-0.305769,0.13592
0,0,0.15731,0.410562,0.89816
0,0,-0.672677,-0.73695,0.0664161
0,0,-0.346548,-0.720517,0.600632
0,0,-0.920541,-0.382946,0.0771775
0,0,0.835934,-0.146751,0.528847
0,0,-0.520938,-0.364674,0.771775
0,0,-0.563443,-0.810466,0.160241
0,0,-0.0764514,0.189647,0.978871
0,0,-0.244252,-0.732025,0.635988
0,0,0.468465,0.150608,0.87055
0,0,-0.936127,0.257495,0.239507
0,0,-0.770538,0.631065,0.0896015
0,0,-0.452082,0.864179,0.220946
21.6199,28.3898,0.135804,-0.320558,0.937443
0,0,0.513735,-0.119629,0.849568
0,0,-0.645101,0.560266,0.519564
0,0,-0.981557,0.190582,0.0149832
0,0,0.0911014,0.176819,0.980018
0,0,-0.767852,-0.504468,0.39486
0,0,0.486679,0.866558,0.110546
0,0,-0.610838,-0.0538528,0.789922
0,0,0.253992,0.963429,0.0853917
0,0,0.834526,-0.458854,0.30499
0,0,0.347694,-0.0777414,0.934379
0,0,-0.348381,0.564933,0.747985
0,0,-0.933624,0.286755,0.214749
0,0,-0.872524,-0.429412,0.233039
0,0,0.415824,-0.75468,0.507492
0,0,0.601332,0.739754,0.301934
0,0,0.217592,0.976038,0.001747
0,0,-0.938318,-0.146862,0.313034
0,0,0.825536,0.378808,0.418324
0,0,0.281885,-0.833723,0.474812
0,0,0.577071,0.689513,0.437676
0,0,0.0954175,0.853665,0.512007
0,0,-0.160661,-0.464237,0.871018
0,0,0.0293556,0.406685,0.913097
0,0,-0.841408,-0.246992,0.480654
0,0,0.671842,0.699714,0.242956
0,0,0.46316,0.884324,0.0587651
0,0,0.434071,0.411256,0.80153
0,0,-0.156076,-0.663827,0.731419
0,0,-0.70607,-0.691646,0.151957
0,0,0.482984,-0.671169,0.562368
0,0,-0.910019,0.414273,0.0156228
0,0,0.93526,0.326816,0.135942
0,0,0.56439,-0.813014,0.143082
0,0,-0.761425,0.558845,0.328518
0,0,-0.902495,0.392443,0.177455
0,0,0.474208,0.403976,0.782259
0,0,-0.488136,0.447363,0.749393
0,0,0.570632,0.817179,0.0812273
0,0,-0.139201,0.328653,0.934136
0,0,0.795463,-0.324109,0.512047
0,0,0.489994,-0.409922,0.769331
0,0,-0.752832,-0.320335,0.575003
0,0,-0.546137,0.756562,0.359649
0,0,-0.951536,-0.183471,0.246817
0,0,-0.463503,-0.542563,0.700564
0,0,0.265958,0.530592,0.804822
0,0,-0.0280263,0.382118,0.923688
0,0,-0.716392,0.389079,0.579137
0,0,0.522918,0.487684,0.699086
0,0,0.844232,-0.530803,0.0743034
0,0,0.70159,-0.71255,0.00664317
0,0,-0.299502,0.684833,0.664306
0,0,0.37725,0.362762,0.852107
0,0,0.73734,0.583337,0.340656
0,0,-0.614584,0.560977,0.554609
0,0,-0.375514,-0.92301,0.0839209
0,0,0.248926,0.927447,0.279067
0,0,-0.0276426,0.998616,0.0447353
0,0,0.630346,0.771978,0.0819394
0,0,-0.269768,-0.940884,0.204848
0,0,-0.549003,0.504931,0.666064
0,0,0.343799,-0.278951,0.896654
0,0,0.072189,-0.857796,0.508896
0,0,-0.639368,0.614743,0.461843
0,0,-0.0189781,-0.872797,0.487715
0,0,-0.809771,-0.554167,0.192796
0,0,0.540256,0.839589,0.0566861
0,0,0.867807,0.0622809,0.492983
0,0,-0.264938,-0.91406,0.307086
0,0,0.463679,0.818074,0.34023
0,0,0.844303,0.401573,0.354812
0,0,0.383851,-0.260806,0.885798
0,0,0.802726,0.198037,0.562505
0,0,-0.317951,-0.214347,0.92356
0,0,-0.551935,-0.610197,0.568355
0,0,0.990673,-0.0833816,0.107766
0,0,-0.351469,-0.645007,0.678554
0,0,0.653269,-0.430855,0.622578
0,0,0.290109,0.640033,0.711474
0,0,-0.748597,0.540156,0.384493
0,0,0.870983,-0.489489,0.0422938
0,0,-0.182927,0.914982,0.359647
0,0,-0.575388,-0.700908,0.421493
0,0,0.156079,0.85756,0.490132
0,0,-0.091482,-0.694407,0.713744
0,0,0.145319,0.989037,0.0262225
0,0,0.416695,0.535862,0.734314
0,0,-0.166972,-0.657603,0.734629
18.0449,25.3553,-0.0376091,0.7679,-0.639465
0,0,-0.71251,-0.388348,0.584393
0,0,-0.10214,-0.748896,0.654769
0,0,0.437122,-0.888421,0.140119
0,0,0.202907,0.211447,0.956096
0,0,0.723436,0.418082,0.549407
0,0,-0.604579,-0.629808,0.487674
0,0,-0.922783,-0.343645,0.174299
0,0,0.877965,-0.473304,0.0718428
0,0,0.219066,-0.793961,0.567129
0,0,-0.113052,-0.878697,0.4638
0,0,-0.380619,-0.612256,0.693017
0,0,-0.319802,-0.853037,0.412376
0,0,0.256335,-0.914042,0.314355
0,0,-0.70221,0.702677,0.114659
0,0,-0.62737,-0.67893,0.381394
0,0,0.382906,-0.0730918,0.920891
0,0,0.715515,0.00866685,0.698543
0,0,0.301314,0.362404,0.881971
0,0,0.841448,-0.386654,0.377443
0,0,0.328208,0.918959,0.218619
0,0,-0.432655,0.25401,0.865037
0,0,0.603504,-0.796341,0.0403109
0,0,0.399861,-0.916554,0.00633433
0,0,-0.507893,-0.228852,0.830464
0,0,0.568704,0.636939,0.520466
0,0,-0.784261,0.586353,0.202792
0,0,-0.368431,0.824637,0.429224
0,0,0.310821,-0.135532,0.940756
0,0,-0.308247,0.90183,0.302798
0,0,-0.0427286,-0.765834,0.641617
0,0,0.433331,-0.74088,0.513147
0,0,-0.461957,0.580494,0.670539
0,0,-0.254086,-0.753079,0.606887
0,0,0.675033,-0.567691,0.471229
0,0,-0.589936,0.249408,0.767966
0,0,-0.461677,0.050543,0.885607
0,0,0.647252,-0.685216,0.333982
0,0,0.70406,-0.200787,0.681164
0,0,0.224461,0.953923,0.199117
0,0,0.328769,-0.596385,0.732281
0,0,-0.849994,0.484691,0.20636
0,0,0.947698,0.0492488,0.315345
0,0,0.96085,0.00600307,0.277004
0,0,-0.330708,-0.94213,0.0549829
0,0,0.648743,-0.0193817,0.760761
0,0,0.302983,0.0675713,0.950597
0,0,0.080997,-0.297466,0.95129
0,0,-0.155283,-0.209001,0.965508
0,0,0.0175111,-0.506459,0.862086
0,0,0.150001,-0.477636,0.865658
21.6412,29.0336,0.32538,0.709341,0.62527
0,0,0.73901,0.669554,0.0745697
0,0,0.999841,0.0133425,0.0118578
0,0,-0.33227,-0.88283,0.331977
0,0,-0.676775,0.322482,0.661802
0,0,-0.081123,0.510705,0.85592
0,0,0.00294588,0.964616,0.263643
0,0,0.666961,-0.308368,0.678286
0,0,-0.40472,0.0386259,0.913625
0,0,0.695671,0.710614,0.105212
0,0,-0.79076,-0.358824,0.495928
0,0,-0.364938,0.0162374,0.93089
0,0,-0.406468,-0.425104,0.808746
0,0,0.0216483,0.428935,0.903076
0,0,-0.997963,0.0594195,0.0232059
0,0,-0.608003,-0.502227,0.614898
0,0,0.645558,-0.740537,0.186708
0,0,-0.132208,0.781126,0.610216
0,0,0.0855318,0.962463,0.257583
0,0,-0.854077,-0.232829,0.465128
0,0,0.250654,-0.940303,0.230223
0,0,0.392739,-0.832193,0.391421
0,0,-0.687461,0.725344,0.0356899
0,0,0.0719559,-0.552595,0.830338
0,0,0.318983,0.946175,0.0548048
0,0,0.740803,0.382852,0.551937
0,0,0.844682,-0.042624,0.533568
0,0,-0.549389,0.743217,0.381837
0,0,0.434257,0.900769,0.00593522
0,0,0.924441,0.0323022,0.379954
0,0,-0.692494,-0.721379,0.00807318
0,0,-0.42838,-0.394877,0.81275
0,0,0.849381,-0.527772,0.00302354
0,0,-0.954002,0.292048,0.0677367
0,0,0.628721,-0.777544,0.0116219
0,0,0.179895,-0.920636,0.346507
0,0,-0.0681864,-0.721102,0.689465
0,0,0.888425,-0.383982,0.251513
0,0,0.726076,0.577177,0.373739
0,0,0.591736,0.801597,0.0853865
0,0,-0.134318,0.0201759,0.990733
0,0,0.0744201,-0.70458,0.705711
0,0,-0.61661,-0.780303,0.104493
0,0,0.416153,0.467012,0.780203
0,0,0.148709,0.868896,0.472129
0,0,0.691799,-0.711646,0.122373
0,0,-0.548907,0.54535,0.633478
0,0,-0.402624,0.637133,0.657233
0,0,0.562091,-0.0197657,0.826839
0,0,0.00912031,-0.977224,0.212015
0,0,0.661215,0.60244,0.447058
0,0,-0.308807,-0.828954,0.466341
0,0,-0.794476,0.22895,0.562485
0,0,-0.747135,-0.357629,0.56026
0,0,0.291337,-0.857423,0.424204
9.26878,13.72,0.0368183,0.115256,0.992653
0,0,-0.888021,0.446518,0.109733
0,0,0.015989,0.99966,0.0206118
0,0,-0.528228,-0.691005,0.493444
0,0,-0.761194,0.637239,0.120454
0,0,-0.598116,0.43262,0.674609
0,0,-0.920465,0.193573,0.339518
0,0,-0.316138,0.288145,0.903897
0,0,-0.738808,0.659706,0.137661
0,0,-0.865435,0.499767,0.0354406
0,0,-0.682699,0.0486859,0.729076
0,0,0.737236,0.524453,0.425949
0,0,0.406228,0.134443,0.903827
0,0,-0.408227,-0.46287,0.78683
0,0,0.589882,-0.0997537,0.801304
0,0,0.737136,-0.642287,0.209993
0,0,0.226872,0.247307,0.942003
0,0,0.131216,-0.681378,0.720074
0,0,-0.685283,-0.242288,0.686793
0,0,-0.1572,0.983696,0.0873555
0,0,0.490906,-0.394938,0.776553
0,0,-0.115615,-0.912385,0.392667
0,0,-0.425955,-0.646297,0.633137
0,0,0.343994,0.552332,0.75934
0,0,0.663102,-0.693297,0.282197
0,0,0.0893252,-0.902072,0.42224
0,0,0.630264,-0.756888,0.172883
0,0,0.897897,-0.0364477,0.438695
0,0,-0.50616,0.793724,0.337349
0,0,0.753825,0.0734515,0.652957
0,0,0.546245,0.756786,0.359013
0,0,0.225141,-0.960015,0.166381
0,0,-0.181411,0.31933,0.930117
0,0,-0.173163,0.980298,0.0950312
0,0,0.864557,-0.42573,0.267014
0,0,0.984976,-0.143471,0.0961206
0,0,-0.709248,0.316044,0.630145
0,0,0.922053,0.184019,0.340521
0,0,-0.638877,-0.619725,0.455826
0,0,-0.356907,0.864269,0.35448
0,0,-0.185432,0.943867,0.273368
0,0,-0.649699,-0.734656,0.195378
0,0,-0.788923,0.224895,0.571859
0,0,-0.392039,-0.561594,0.728641
0,0,0.154746,-0.659987,0.735167
0,0,0.0654078,-0.605918,0.792833
0,0,0.494186,-0.594025,0.634756
0,0,0.0969342,-0.868586,0.485964
0,0,0.976257,0.0368006,0.213467
0,0,-0.678857,-0.660317,0.321145
0,0,0.409088,0.471522,0.781226
0,0,-0.62739,0.70076,0.339584
0,0,-0.286322,-0.730664,0.619798
0,0,-0.484726,-0.246485,0.839217
0,0,0.667879,0.682943,0.29585
0,0,0.786549,0.532515,0.31268
0,0,0.0953808,-0.76434,0.63772
0,0,0.677555,0.721711,0.141608
0,0,0.395535,-0.640193,0.658563
0,0,-0.492962,0.116004,0.862283
0,0,-0.167216,-0.97851,0.120649
0,0,0.194193,-0.942746,0.271143
0,0,0.0209814,0.942452,0.333683
0,0,0.17638,-0.964185,0.198082
0,0,-0.434791,-0.552087,0.711447
22.1953,33.9028,-0.600921,-0.443795,0.664785
0,0,0.429447,0.741014,0.516211
0,0,-0.367207,-0.661414,0.653981
0,0,-0.0785494,0.937041,0.340269
0,0,0.924326,0.284863,0.25392
0,0,0.838797,-0.344079,0.421935
0,0,-0.174942,0.186363,0.96678
15.3706,23.0023,0.340597,-0.0360209,0.939519
0,0,0.111156,-0.777755,0.618661
0,0,0.587138,-0.80532,0.0820272
0,0,-0.603245,0.769107,0.211115
0,0,0.329098,-0.497415,0.802666
0,0,-0.391269,-0.911896,0.123913
0,0,-0.21365,0.252831,0.943626
0,0,0.795951,-0.295731,0.52821
0,0,0.52549,-0.517644,0.675208
0,0,0.171314,0.955572,0.239861
0,0,-0.325334,-0.942094,0.0813373
0,0,-0.780573,0.0913089,0.618359
0,0,0.343387,0.918478,0.196173
0,0,0.750968,0.621986,0.221767
0,0,-0.0785677,-0.973344,0.215471
0,0,-0.324216,0.738663,0.590984
0,0,0.112525,-0.625515,0.772055
0,0,-0.511407,0.747214,0.424422
0,0,0.576881,-0.47656,0.663399
0,0,0.373701,-0.587003,0.718175
0,0,-0.0713398,-0.913579,0.400355
3.25972,3.98761,-0.157264,0.00496316,0.987544
0,0,0.204402,-0.816,0.540706
0,0,-0.949505,-0.180146,0.25688
0,0,0.676943,0.709233,0.196818
0,0,-0.13923,-0.489649,0.860732
0,0,-0.0449,-0.467358,0.882927
0,0,-0.528585,-0.389519,0.754237
0,0,-0.369873,-0.92524,0.0844105
0,0,0.261674,0.352309,0.898557
0,0,-0.0714902,0.82212,0.564808
0,0,0.0311078,0.500529,0.865161
0,0,0.43023,0.111288,0.895833
0,0,-0.594603,0.739784,0.314908
0,0,0.525947,-0.520239,0.672852
0,0,-0.249755,-0.96803,0.0232576
0,0,-0.42102,-0.899324,0.118146
0,0,-0.664451,-0.00284187,0.747326
0,0,-0.621895,0.361184,0.694833
0,0,-0.201823,-0.808748,0.552443
0,0,-0.682487,-0.411706,0.603911
0,0,-0.00252405,-0.43243,0.901664
0,0,0.955844,0.292373,0.0296544
0,0,-0.373905,-0.927392,0.011772
0,0,-0.331239,0.932661,0.142913
0,0,0.966782,-0.00204544,0.255595
0,0,-0.321364,-0.946938,0.00573954
0,0,-0.72586,-0.572991,0.380537
0,0,0.35805,0.169739,0.918144
0,0,-0.891501,0.0322374,0.45187
0,0,0.175995,-0.12505,0.976416
0,0,-0.981951,0.18212,0.0510368
0,0,-0.317297,-0.197019,0.927635
0,0,-0.784807,0.228797,0.57596
0,0,0.508687,0.628748,0.588145
0,0,0.451329,0.81309,0.367677
0,0,-0.964184,0.0910494,0.249116
0,0,-0.83199,-0.492003,0.256371
0,0,0.390095,0.919903,0.0400607
0,0,-0.457318,0.587536,0.667579
0,0,0.584976,0.453383,0.672493
0,0,-0.540468,0.511171,0.66828
0,0,0.373908,-0.312059,0.873391
0,0,-0.640245,-0.374877,0.670488
0,0,-0.350542,-0.771483,0.530974
0,0,-0.938415,-0.241896,0.246704
0,0,0.031456,-0.403203,0.91457
1.80576,1.54375,-0.241908,-0.16551,0.956079
0,0,0.687805,-0.666393,0.287828
0,0,0.438253,0.832646,0.338577
0,0,0.363454,-0.931412,0.0193396
0,0,-0.669707,-0.401122,0.624974
0,0,-0.238544,-0.892398,0.383045
0,0,-0.772245,-0.394301,0.498161
0,0,0.387082,0.821689,0.418324
0,0,0.844647,-0.324662,0.425636
0,0,-0.950097,-0.308238,0.0480089
0,0,0.446244,0.840956,0.306037
0,0,-0.758204,0.594909,0.266852
0,0,-0.404322,-0.746136,0.528965
0,0,-0.953497,0.220203,0.205801
0,0,0.458387,-0.724789,0.514357
0,0,-0.911052,-0.307941,0.274148
0,0,0.959321,0.0795819,0.27087
0,0,0.0327151,0.992338,0.119144
0,0,-0.186041,-0.97879,0.0857822
0,0,0.898996,0.372834,0.229786
0,0,0.949232,-0.222165,0.222713
0,0,0.963367,-0.165276,0.211207
0,0,-0.234341,0.718779,0.654554
0,0,-0.604079,0.713428,0.355118
0,0,0.918919,-0.0546411,0.390644
0,0,0.479918,-0.840263,0.252264
0,0,0.596909,-0.45988,0.657427
0,0,0.728117,-0.387637,0.565317
0,0,-0.880617,-0.465007,0.0910102
0,0,0.390001,-0.689097,0.610773
0,0,0.5757,-0.66017,0.482437
0,0,-0.931642,-0.280438,0.231079
21.0904,26.7978,-0.927644,0.365619,0.076157
0,0,0.201802,-0.507289,0.837815
0,0,-0.878416,-0.167995,0.447396
0,0,0.242305,-0.90834,0.34089
0,0,0.240869,0.639388,0.730182
0,0,0.814553,-0.487916,0.313753
0,0,0.459697,0.553571,0.694433
0,0,0.657653,0.541934,0.523259
0,0,-0.332274,-0.72177,0.607159
0,0,0.314029,-0.72685,0.610798
0,0,-0.0980371,-0.979638,0.175211
0,0,0.688251,-0.517296,0.508641
20.325,28.7671,-0.115312,0.190869,0.974819
0,0,-0.049228,-0.830186,0.555309
0,0,0.261763,-0.52014,0.812979
0,0,-0.28512,0.217106,0.93358
0,0,-0.211377,0.902831,0.374455
0,0,-0.920284,-0.129936,0.369044
0,0,0.406069,0.0208832,0.913604
0,0,0.56789,-0.259504,0.781126
0,0,-0.353432,-0.565665,0.745056
0,0,0.232539,0.971716,0.0411414
0,0,0.217762,-0.418407,0.881768
0,0,0.80517,-0.564264,0.182502
0,0,-0.861328,0.268938,0.431029
0,0,-0.406075,-0.775596,0.483275
0,0,-0.998845,-0.0418283,0.0236434
0,0,-0.920514,-0.200363,0.335423
0,0,-0.307355,0.856855,0.413924
0,0,0.571739,-0.807481,0.14522
0,0,-0.23132,-0.336657,0.912772
0,0,-0.56271,0.280465,0.777622
0,0,-0.900358,0.36727,0.233385
0,0,0.309403,-0.489564,0.815228
0,0,0.418731,0.448357,0.789709
0,0,-0.83944,-0.0829611,0.537083
0,0,-0.685359,0.362757,0.63142
0,0,-0.110586,0.791381,0.601238
0,0,0.923395,-0.319309,0.213035
0,0,0.843537,0.357568,0.400738
0,0,-0.804987,0.395553,0.442192
0,0,-0.824573,-0.0645438,0.562061
0,0,0.787553,0.574744,0.222327
0,0,0.82337,0.050977,0.56521
0,0,-0.93235,-0.293473,0.211179
0,0,-0.314436,0.712822,0.626909
0,0,0.878696,0.132679,0.458574
0,0,0.0981655,-0.409923,0.906822
0,0,-0.567744,0.0630465,0.820787
0,0,-0.937863,0.0402835,0.344659
0,0,-0.929177,-0.339611,0.145928
0,0,-0.39084,0.900811,0.189168
0,0,0.570804,0.814716,0.102084
0,0,0.419241,-0.596956,0.684018
16.6817,24.2413,0.196364,0.738865,0.644608
0,0,-0.738708,0.434025,0.515687
0,0,0.315516,0.945484,0.0806783
0,0,0.185196,-0.596646,0.780843
0,0,0.260828,-0.44033,0.859115
0,0,0.688265,0.711961,0.139291
0,0,-0.46701,-0.352152,0.811104
0,0,-0.362527,0.114816,0.924874
0,0,0.705896,0.423644,0.567659
0,0,-0.348436,0.76361,0.543592
0,0,0.438796,-0.839126,0.321443
0,0,0.587354,-0.752946,0.296797
0,0,0.797207,0.567032,0.207206
0,0,-0.0346394,0.536242,0.843354
0,0,-0.283088,0.31033,0.9075
0,0,-0.87982,-0.11313,0.461647
0,0,0.30571,-0.916477,0.258091
0,0,0.327711,-0.8982,0.292988
0,0,0.726114,-0.622961,0.290994
0,0,0.0494394,0.486577,0.872238
0,0,0.200414,0.643693,0.738575
0,0,0.185616,0.711217,0.678025
0,0,-0.672041,-0.678179,0.297379
0,0,-0.490343,0.21282,0.845146
0,0,-0.740226,0.386886,0.549894
0,0,0.454812,-0.86107,0.227384
0,0,-0.979444,0.180342,0.0903689
0,0,-0.179228,-0.96294,0.201553
0,0,0.980231,0.134211,0.145378
0,0,-0.709121,-0.703204,0.0514832
0,0,0.806952,-0.126942,0.576813
0,0,0.34969,0.662585,0.662343
0,0,0.262628,-0.372498,0.890097
0,0,0.657843,0.413124,0.629739
0,0,-0.315067,-0.507922,0.801716
0,0,-0.625031,0.583958,0.518005
0,0,0.503586,-0.0639893,0.861572
0,0,0.483816,0.625756,0.611842
0,0,-0.995514,0.0921283,0.0215249
14.415,19.401,-0.182802,-0.624132,0.759633
0,0,-0.87601,-0.374754,0.303587
0,0,0.921617,0.100187,0.374945
0,0,-0.902476,0.185759,0.388626
0,0,-0.914452,0.24308,0.323557
0,0,-0.135174,-0.910458,0.390889
0,0,0.259069,0.0700072,0.963318
0,0,-0.660659,-0.0114857,0.750598
0,0,-0.852502,-0.521419,0.0369134
0,0,-0.437485,-0.523809,0.730912
0,0,-0.722816,-0.0922092,0.684861
0,0,0.965915,-0.106844,0.235779
0,0,-0.094889,0.439496,0.893219
0,0,-0.825767,0.560451,0.0632762
0,0,-0.61446,-0.118298,0.780029
0,0,-0.556169,0.669521,0.492359
0,0,0.47385,0.0526549,0.87903
0,0,0.382708,0.805574,0.45231
0,0,-0.0848971,-0.987179,0.135169
0,0,0.032432,0.968181,0.248141
0,0,0.260262,0.516755,0.815615
0,0,0.199703,-0.720052,0.664563
0,0,-0.50656,0.0569727,0.86032
0,0,0.979658,0.0898713,0.179427
0,0,-0.862919,-0.505298,0.00660857
0,0,0.198696,-0.960285,0.19589
0,0,-0.996949,0.077057,0.012426
0,0,0.497639,-0.160418,0.852421
7.24097,11.3862,0.476972,0.189383,0.858273
0,0,-0.678676,-0.733445,0.0381702
15.7404,21.3296,0.298712,0.913268,0.276971
0,0,-0.00258213,-0.482007,0.876164
0,0,0.202206,0.810779,0.549318
0,0,-0.167885,0.865836,0.471321
0,0,0.62217,0.650952,0.434932
0,0,0.524934,0.021858,0.850862
0,0,0.105536,-0.993129,0.0505598
0,0,-0.469641,0.817904,0.332371
0,0,-0.441321,-0.873833,0.204085
0,0,-0.653014,-0.453578,0.606498
0,0,-0.559345,0.828799,0.0150119
0,0,0.220599,-0.501425,0.836606
0,0,-0.470374,0.717965,0.513103
0,0,0.51013,-0.649569,0.563763
0,0,-0.776325,-0.0460742,0.628647
0,0,0.90523,0.0951603,0.414129
0,0,-0.0499427,-0.689901,0.722178
0,0,-0.615045,-0.763863,0.195531
0,0,0.847607,-0.0936302,0.522298
0,0,0.0795331,-0.99608,0.0387118
0,0,0.726756,-0.534146,0.431873
0,0,0.660821,-0.218918,0.717907
0,0,-0.361105,-0.453097,0.81505
0,0,0.261695,0.636928,0.725147
0,0,0.0262579,0.56259,0.826319
0,0,0.548105,-0.430241,0.717268
0,0,0.416423,-0.906444,0.0703607
0,0,-0.312577,-0.610887,0.727401
0,0,-0.555528,-0.818389,0.147064
0,0,-0.677157,0.519979,0.520654
0,0,0.957091,0.00722023,0.289697
19.0254,24.4198,0.0374618,0.481897,0.875426
0,0,0.373799,0.817532,0.438082
22.4843,33.3874,-0.529854,-0.425932,0.733374
0,0,0.987535,-0.129054,0.0901068
0,0,-0.191315,-0.932949,0.304965
9.2025,11.7906,0.593655,0.371152,0.714016
0,0,0.461599,0.0679939,0.884479
0,0,-0.405854,0.699977,0.587634
0,0,-0.078847,0.995251,0.0570783
0,0,0.492615,0.758486,0.426649
0,0,-0.305419,-0.938166,0.162982
0,0,-0.524104,0.564549,0.637652
0,0,-0.867566,-0.368108,0.334404
0,0,-0.792469,0.17791,0.583388
0,0,0.357319,0.662718,0.658125
0,0,0.813784,0.525044,0.249166
0,0,0.826775,0.0758327,0.557397
0,0,-0.655109,-0.728699,0.199576
0,0,0.315585,0.465124,0.827083
0,0,0.321124,0.801838,0.50392
0,0,-0.167086,0.295419,0.940643
0,0,0.449354,0.589476,0.671266
0,0,0.665339,-0.532072,0.523663
22.956,33.8011,0.31543,-0.660433,-0.681419
0,0,-0.408954,-0.907548,0.0954634
0,0,-0.0758685,0.527844,0.845946
0,0,-0.250602,0.564852,0.786219
0,0,0.716906,-0.640036,0.276405
0,0,0.884253,-0.399683,0.241557
0,0,0.151492,-0.148979,0.977167
0,0,-0.977751,0.161649,0.133685
17.3082,24.4254,0.84595,-0.424026,-0.323374
0,0,-0.913906,0.0377673,0.404165
0,0,0.7559,0.0405064,0.653433
0,0,0.858442,0.10533,0.501978
0,0,-0.695434,-0.351603,0.626695
0,0,0.0256587,0.601289,0.798619
0,0,0.724978,0.401617,0.559563
0,0,-0.044748,0.826975,0.560455
0,0,-0.000595003,-0.56179,0.82728
10.026,14.7848,0.496245,-0.0666217,0.865623
0,0,0.0141471,-0.973603,0.227811
0,0,-0.174536,0.35628,0.917934
0,0,0.411062,-0.248104,0.877196
0,0,0.165372,-0.34624,0.923455
0,0,-0.269172,-0.960654,0.0684908
22.5561,32.7636,0.69541,0.613707,0.373857
6.82798,11.1027,0.01993,-0.488095,0.872563
0,0,0.414245,-0.857446,0.305267
0,0,-0.134529,0.11418,0.984309
0,0,0.446408,-0.668157,0.595219
0,0,-0.378744,-0.910728,0.164706
0,0,-0.478633,0.843744,0.242914
0,0,-0.410476,0.480791,0.774823
0,0,0.560337,0.311097,0.76762
0,0,-0.3759,0.926635,0.0067538
0,0,0.434353,-0.321311,0.841485
0,0,-0.557773,-0.0946652,0.824578
0,0,0.261496,0.536944,0.802067
0,0,0.710462,0.578563,0.400635
0,0,0.0364766,-0.956534,0.289331
0,0,-0.604156,0.663541,0.441258
0,0,-0.367372,0.65785,0.657474
0,0,-0.728097,-0.656337,0.197729
0,0,-0.549031,0.531865,0.644736
0,0,-0.847829,-0.281882,0.449143
12.7671,18.6007,-0.723701,0.533444,0.437829
0,0,-0.759844,-0.147634,0.633121
0,0,-0.602089,-0.765901,0.225574
0,0,0.97621,-0.0218142,0.215727
0,0,0.861192,0.505467,0.0533981
0,0,-0.576504,0.768695,0.277041
0,0,0.00465355,0.900056,0.435749
0,0,-0.0177802,0.572695,0.819576
19.3543,30.1481,-0.120577,-0.541311,-0.832132
0,0,-0.856754,0.393362,0.333526
0,0,0.536638,-0.70935,0.456993
0,0,-0.0825778,0.903671,0.42019
0,0,0.352272,0.289963,0.889846
0,0,0.870752,-0.490026,0.0408142
0,0,-0.657037,-0.749424,0.0816509
0,0,0.616175,0.257155,0.744446
0,0,0.555274,0.608993,0.566391
0,0,-0.988335,-0.0788961,0.130268
0,0,0.4438,-0.0180653,0.895944
0,0,-0.317296,0.869193,0.379245
0,0,0.570559,-0.817004,0.0834666
0,0,-0.667016,-0.733251,0.132035
0,0,-0.710515,-0.0756773,0.6996
0,0,0.96351,-0.246244,0.104941
0,0,-0.358024,0.901554,0.242937
0,0,0.469978,-0.0301615,0.882162
0,0,0.415171,0.14035,0.898852
6.33688,7.98333,-0.372072,-0.559795,0.7404
0,0,-0.71817,-0.0861146,0.690519
0,0,0.368022,-0.375465,0.850639
0,0,0.329571,-0.470167,0.818734
0,0,0.758827,-0.479773,0.440454
0,0,-0.651635,-0.555879,0.516111
0,0,-0.684472,-0.728656,0.0236416
0,0,0.166083,-0.863989,0.47533
0,0,-0.350774,-0.66405,0.660299
0,0,-0.124132,-0.786199,0.605378
0,0,-0.0315257,-0.994695,0.0979196
0,0,-0.620506,0.330213,0.711289
0,0,0.677125,-0.674713,0.293708
0,0,-0.376105,-0.34182,0.861222
0,0,0.67083,0.607164,0.425839
0,0,0.247065,0.276375,0.92875
0,0,-0.655094,0.101571,0.748689
0,0,0.767719,-0.538216,0.34775
0,0,-0.35077,-0.445857,0.823511
0,0,-0.610654,-0.242536,0.753842
0,0,-0.669182,-0.156689,0.726391
0,0,0.49655,-0.406744,0.76681
0,0,-0.460275,0.308277,0.832533
0,0,-0.522612,0.243994,0.816911
0,0,0.59771,-0.163549,0.784853
0,0,0.305007,0.90288,0.302949
0,0,-0.526158,-0.427842,0.734921
0,0,-0.50762,-0.661064,0.552554
0,0,-0.549421,-0.416088,0.724574
0,0,0.0462607,0.551911,0.832619
0,0,0.943244,0.228886,0.240627
12.2094,18.145,0.399421,0.847363,0.349912
15.1308,21.3418,0.312283,0.173128,0.93408
0,0,0.805485,0.569438,0.164118
0,0,0.554576,-0.617892,0.557365
0,0,0.281504,-0.557306,0.781131
0,0,-0.273275,-0.191393,0.942703
0,0,-0.958186,0.135382,0.252094
0,0,0.215194,0.741104,0.635969
0,0,-0.895394,0.289156,0.338612
0,0,0.834633,0.508588,0.211483
0,0,-0.971353,0.0754784,0.225335
0,0,-0.959516,0.0987503,0.263776
0,0,0.335243,-0.763811,0.551547
0,0,-0.671237,-0.521785,0.52648
23.4211,35.0425,0.0263603,-0.986745,-0.160126
0,0,-0.712925,0.257736,0.652158
0,0,-0.643156,-0.755631,0.123983
0,0,0.904985,0.188224,0.381543
0,0,0.595677,0.477149,0.64614
0,0,-0.836017,-0.253848,0.486454
0,0,0.780269,0.439525,0.444969
0,0,-0.193809,-0.416819,0.888088
0,0,-0.223185,0.763935,0.605468
0,0,0.135502,-0.943153,0.303482
0,0,0.773237,0.154174,0.615089
0,0,-0.234821,0.598085,0.766259
0,0,0.174899,0.395637,0.9016
0,0,0.869771,-0.439898,0.223581
0,0,-0.630924,0.125925,0.765557
0,0,0.628406,-0.440882,0.640881
0,0,0.181083,0.684596,0.706072
0,0,0.375025,-0.487941,0.788207
0,0,-0.817472,-0.371636,0.44003
0,0,-0.215647,-0.976461,0.00456354
0,0,-0.124709,0.813826,0.56757
0,0,-0.19557,-0.935278,0.294969
0,0,0.451321,-0.328476,0.829706
0,0,-0.157777,0.764887,0.624544
0,0,0.574885,-0.752264,0.321879
0,0,0.497712,0.21816,0.839457
0,0,-0.431553,0.897539,0.0904703
0,0,-0.266046,-0.778595,0.56834
0,0,0.0617971,0.0740042,0.995341
0,0,0.414302,-0.519789,0.74711
0,0,-0.71264,-0.288273,0.639565
0,0,0.610042,0.255623,0.750004
0,0,-0.896518,0.143696,0.419055
0,0,0.349807,0.342335,0.872033
0,0,0.819145,-0.268774,0.506717
0,0,-0.855309,-0.515763,0.0493558
0,0,-0.655047,-0.558865,0.508511
0,0,0.521181,-0.766985,0.374306
0,0,0.179781,-0.983422,0.0236742
0,0,-0.600262,0.462527,0.652498
0,0,-0.137878,0.975835,0.169518
0,0,0.848935,0.522901,0.0767101
0,0,-0.241712,0.966354,0.0879525
23.8479,31.8294,0.968618,0.0519052,-0.243073
0,0,0.367683,0.56349,0.739789
0,0,0.0307005,0.971185,0.236342
20.4396,28.1032,0.770802,-0.518575,0.37006
0,0,-0.154548,-0.328681,0.93171
0,0,0.87647,-0.410287,0.251924
0,0,0.819601,0.0985439,0.564396
0,0,-0.536656,-0.771192,0.342438
0,0,0.361565,-0.771681,0.523238
0,0,0.32297,-0.745301,0.583281
12.3698,19.6101,0.362366,-0.00559907,0.932019
0,0,-0.943598,-0.0982656,0.316177
0,0,-0.411025,0.904426,0.114335
0,0,-0.731112,-0.679196,0.064561
0,0,0.300051,0.923382,0.239448
0,0,0.61812,0.556831,0.554858
0,0,-0.296587,0.846615,0.441904
0,0,-0.504827,-0.817972,0.275811
0,0,-0.571076,0.710272,0.411565
0,0,-0.319102,0.789654,0.524043
0,0,-0.653862,0.741733,0.14932
0,0,0.392095,-0.743279,0.542031
0,0,0.7712,0.371642,0.516849
0,0,-0.199768,0.955588,0.216665
0,0,0.368937,0.0125173,0.92937
0,0,0.0308103,0.341429,0.939402
0,0,-0.746237,-0.35666,0.562072
0,0,0.958145,0.263266,0.11247
0,0,-0.742505,-0.625368,0.240001
0,0,0.879423,-0.312618,0.359006
0,0,-0.535865,-0.825542,0.177003
0,0,0.110451,-0.752866,0.64884
0,0,-0.692168,-0.422529,0.585126
0,0,-0.790318,0.16157,0.591009
0,0,-0.80159,0.592523,0.0798141
0,0,-0.520703,0.0929987,0.848658
0,0,-0.950091,0.275593,0.146201
0,0,0.528665,-0.0914594,0.843889
0,0,-0.877547,-0.196515,0.43737
0,0,-0.860433,-0.501458,0.0905232
0,0,-0.935136,0.328496,0.132702
6.51976,9.82416,0.474584,0.749021,0.462317
0,0,-0.68036,-0.256759,0.686429
0,0,-0.647104,-0.0103205,0.762332
0,0,-0.453256,-0.278216,0.84685
0,0,0.31929,-0.885167,0.338427
0,0,0.730258,0.208432,0.6506
0,0,0.258593,0.803497,0.536211
0,0,0.537927,0.39361,0.745457
0,0,0.466862,-0.785538,0.406165
0,0,0.56126,-0.314056,0.765739
0,0,-0.363003,-0.564852,0.741061
21.536,29.454,-0.911795,-0.261442,-0.316667
0,0,0.654382,0.333708,0.678545
0,0,-0.69013,-0.225234,0.687743
0,0,0.830424,0.00900981,0.557059
0,0,0.274458,0.0353417,0.96095
0,0,-0.443095,-0.643767,0.623883
0,0,-0.0960606,-0.358558,0.928552
0,0,-0.92535,0.253912,0.281525
0,0,0.585141,0.304418,0.751625
0,0,0.6563,-0.249321,0.712116
0,0,0.254473,-0.939373,0.22983
0,0,-0.908286,-0.413574,0.0630393
0,0,-0.805836,0.224845,0.547789
0,0,0.0484161,0.794097,0.605859
0,0,0.132155,0.383405,0.914076
0,0,0.620333,-0.0515348,0.782643
0,0,-0.30238,0.88285,0.359362
0,0,-0.361066,0.728906,0.58166
0,0,-0.684691,-0.6771,0.269693
0,0,-0.921693,0.304635,0.240166
0,0,-0.822872,-0.527969,0.210072
0,0,-0.344979,-0.0766202,0.935478
0,0,-0.75455,0.652732,0.0677945
0,0,0.646411,-0.687118,0.331694
0,0,0.982318,-0.187208,0.00202142
0,0,0.919792,0.36286,0.149383
0,0,0.170503,0.972009,0.161641
0,0,0.848231,0.0307997,0.528729
0,0,-0.674,-0.593333,0.44009
0,0,-0.355725,0.297149,0.886094
0,0,0.597827,0.729473,0.332373
0,0,0.790064,0.613013,0.00369257
0,0,0.047383,0.950763,0.306276
0,0,0.0952031,-0.782726,0.615042
0,0,0.531966,0.130562,0.83664
3.85151,4.91148,0.313501,0.130387,0.940594
18.7128,30.4012,0.801896,-0.53617,0.263599
0,0,-0.295245,-0.0875903,0.951398
0,0,0.248725,0.173165,0.952969
0,0,-0.891281,-0.422792,0.163909
0,0,-0.506323,-0.838399,0.201803
0,0,0.183749,0.312568,0.931954
0,0,0.83835,-0.49105,0.236727
0,0,0.991581,-0.110839,0.0669416
0,0,-0.525297,0.0902121,0.846123
0,0,0.338114,0.905485,0.25647
0,0,-0.930034,0.311847,0.194393
0,0,-0.64335,-0.455177,0.61556
0,0,0.306993,-0.122247,0.943828
0,0,0.216269,-0.97101,0.101822
0,0,-0.843907,-0.0366338,0.535238
0,0,0.40213,0.20309,0.892774
0,0,0.783682,0.181914,0.593928
0,0,-0.27472,0.679187,0.680613
0,0,0.119352,0.365827,0.922998
0,0,0.252189,0.336728,0.907202
0,0,0.0256327,0.994813,0.0984377
0,0,-0.457887,0.833819,0.30836
17.306,23.4259,0.206251,-0.0290659,0.978067
0,0,-0.688514,-0.63345,0.353113
0,0,0.826672,0.193058,0.528529
23.0854,34.5932,-0.0905942,0.560369,0.823273
0,0,0.0940668,0.883967,0.457988
0,0,-0.27626,-0.929174,0.245592
0,0,-0.659271,-0.226577,0.716955
0,0,0.173003,-0.343174,0.923202
0,0,-0.95283,-0.203393,0.225269
0,0,-0.794949,0.261567,0.547393
0,0,-0.602583,0.786046,0.137931
0,0,0.443488,0.541066,0.714539
0,0,-0.687632,0.104233,0.718539
0,0,0.157451,0.836932,0.52417
0,0,-0.259965,-0.584064,0.768952
0,0,0.120771,-0.31981,0.939753
0,0,0.203847,-0.349145,0.914628
0,0,0.348523,0.93667,0.0343715
0,0,-0.515128,0.832753,0.202892
0,0,0.660887,0.580805,0.475283
0,0,0.972466,0.229734,0.0391426
0,0,0.660552,0.333172,0.672806
0,0,0.832117,0.525571,0.177076
0,0,0.650328,-0.723032,0.23302
0,0,0.656968,0.692733,0.297511
0,0,-0.695334,-0.57753,0.42775
0,0,0.591425,0.640196,0.490271
0,0,0.786202,0.203513,0.583498
0,0,-0.522316,-0.00581081,0.852732
0,0,0.776207,-0.419845,0.470354
2.86744,3.51467,0.149112,-0.95412,0.259654
0,0,-0.466976,-0.327673,0.821318
0,0,0.482497,0.87537,0.0303934
0,0,0.181707,-0.751837,0.633817
0,0,0.365162,0.764325,0.531473
0,0,-0.420126,-0.899361,0.121014
0,0,-0.826985,0.424566,0.368563
0,0,0.690045,-0.662379,0.291705
0,0,-0.199653,-0.961658,0.188023
0,0,0.581613,-0.493339,0.646794
0,0,-0.95808,0.255151,0.130311
0,0,0.966785,-0.205441,0.152056
0,0,-0.0332988,-0.798227,0.601436
0,0,0.441376,0.54035,0.716386
0,0,-0.971134,0.0575514,0.231486
0,0,-0.992416,-0.0844843,0.0892935
0,0,0.779203,-0.113691,0.616374
0,0,-0.13531,-0.886309,0.442886
0,0,-0.11752,0.570375,0.812934
0,0,-0.27511,-0.744099,0.608795
0,0,-0.0276385,0.902474,0.429856
0,0,0.689178,-0.391787,0.609538
0,0,0.602224,-0.379951,0.702114
0,0,0.358215,0.747329,0.559626
0,0,0.438291,0.812632,0.384097
19.0102,26.9191,0.917931,0.182453,-0.352298
17.2259,25.1786,0.193017,-0.242149,0.950846
0,0,0.440618,-0.310755,0.842192
0,0,-0.296251,-0.255514,0.920298
0,0,-0.0492323,-0.782105,0.621199
0,0,-0.513863,0.291234,0.806925
0,0,-0.778928,0.163702,0.60537
0,0,0.844157,0.360288,0.396979
0,0,-0.842475,0.13673,0.521096
0,0,0.728501,-0.304006,0.613894
0,0,0.6022,-0.676289,0.42425
0,0,-0.0781732,-0.654042,0.752408
0,0,-0.229221,0.937406,0.262159
0,0,0.336952,0.109222,0.935165
0,0,-0.386567,0.397658,0.832126
0,0,0.865297,-0.499847,0.0376059
0,0,0.587857,0.277754,0.759788
0,0,0.386217,0.921339,0.0443841
0,0,0.849672,0.481381,0.215245
0,0,0.662454,0.59178,0.459294
0,0,0.430138,0.671823,0.603022
0,0,0.0228158,-0.695162,0.718491
0,0,0.514961,0.856992,0.019486
0,0,-0.665275,0.631365,0.398483
0,0,-0.32659,0.389897,0.860999
0,0,-0.309039,0.0687488,0.948561
0,0,-0.578838,-0.193479,0.792157
0,0,-0.0620932,-0.614781,0.78625
0,0,-0.636171,0.06904,0.768453
0,0,-0.57085,0.794104,0.208637
0,0,0.479414,-0.877561,0.00697941
0,0,-0.473438,-0.797465,0.374039
0,0,-0.212274,0.726177,0.653917
0,0,-0.891717,-0.452593,0.000288314
0,0,0.697421,0.673618,0.244629
0,0,-0.427253,0.853802,0.297451
0,0,-0.188602,0.326553,0.926171
0,0,0.521796,-0.852636,0.0272159
0,0,0.215024,-0.663614,0.716506
0,0,0.363168,0.741543,0.564113
0,0,0.255111,0.965322,0.0554334
0,0,-0.0316957,-0.19114,0.981051
0,0,-0.780256,-0.552906,0.292397
0,0,-0.731108,-0.652188,0.200327
0,0,-0.326431,0.822509,0.465749
0,0,0.377962,0.32076,0.86848
0,0,-0.572937,0.297873,0.763554
0,0,0.646682,0.619576,0.444891
0,0,-0.767115,-0.353797,0.535129
0,0,-0.728257,0.0875737,0.679685
0,0,0.938718,0.0696282,0.33758
0,0,-0.452442,-0.581394,0.676222
0,0,-0.0522252,-0.892864,0.447287
0,0,0.103375,-0.989235,0.103574
0,0,-0.307393,-0.579925,0.754451
0,0,0.0865014,-0.922094,0.377174
0,0,0.734483,0.55833,0.385748
0,0,0.996332,-0.00475335,0.0854389
0,0,-0.363963,0.777831,0.512357
0,0,0.640279,0.502749,0.580764
20.8147,30.7579,-0.916047,0.377127,0.1365
0,0,0.196595,0.772675,0.603593
0,0,-0.522428,-0.362599,0.771746
0,0,0.601014,0.321251,0.731833
23.4048,33.2936,-0.33829,0.869193,0.360643
0,0,0.734427,0.0299791,0.678025
0,0,-0.111683,-0.302416,0.946611
0,0,-0.633374,0.696105,0.338046
0,0,-0.170149,0.184507,0.967991
0,0,-0.764553,0.413571,0.494386
0,0,0.320291,0.905921,0.276985
0,0,0.887905,-0.389656,0.244526
0,0,0.837118,-1.65917e-06,0.547023
0,0,-0.950687,0.21526,0.223287
0,0,0.993657,-0.0465337,0.102376
0,0,-0.310509,0.591923,0.743782
0,0,0.510463,0.140765,0.8483
22.7545,30.6348,-0.0954475,-0.458097,0.883763
0,0,0.643258,-0.76098,0.084433
0,0,0.138083,-0.442658,0.885995
0,0,0.889896,-0.382984,0.247807
0,0,-0.523809,-0.720805,0.453944
0,0,0.435278,-0.820888,0.369698
0,0,-0.546194,0.384635,0.744129
0,0,-0.646578,0.583907,0.490907
0,0,0.934894,-0.262555,0.238826
0,0,0.894344,-0.287957,0.342389
0,0,-0.267502,-0.822927,0.501233
0,0,-0.418308,0.0862818,0.904198
0,0,-0.770411,0.363858,0.52352
0,0,-0.57413,-0.801613,0.166709
0,0,0.423695,0.371882,0.825946
0,0,0.791363,-0.0115758,0.611237
0,0,-0.237134,0.107341,0.965529
0,0,0.226944,0.0200471,0.973701
0,0,-0.597325,0.363359,0.714964
17.6065,25.2491,-0.187736,-0.0542678,0.980719
0,0,0.578631,0.35295,0.735263
0,0,-0.158152,-0.925127,0.34515
0,0,-0.330749,0.780594,0.530356
0,0,0.670173,-0.145599,0.727783
0,0,-0.616963,-0.786918,0.0108454
0,0,0.974424,-0.0365626,0.221724
0,0,-0.649846,-0.601077,0.465195
0,0,-0.343772,-0.914351,0.213969
0,0,-0.721578,-0.443938,0.531266
0,0,0.185738,-0.931234,0.313537
0,0,0.080425,0.49422,0.865609
0,0,0.566411,0.782699,0.257993
0,0,-0.444311,0.870305,0.212502
0,0,0.5389,0.620042,0.570206
0,0,-0.230299,0.942058,0.243906
0,0,-0.960783,-0.262705,0.0887825
0,0,-0.0863185,-0.736578,0.670822
0,0,-0.428926,0.899217,0.0862101
0,0,-0.197586,0.704872,0.68126
0,0,-0.343037,0.634089,0.693005
0,0,-0.179981,0.746377,0.640725
0,0,-0.927423,0.202256,0.314608
0,0,-0.723791,0.324493,0.608958
0,0,0.0482818,0.992695,0.110565
0,0,0.436122,-0.864297,0.250575
0,0,0.4304,-0.885138,0.176879
0,0,-0.422628,0.243083,0.873096
0,0,0.462645,-0.88394,0.0678962
0,0,0.287405,-0.821205,0.492971
0,0,-0.195348,-0.736926,0.647132
0,0,0.2896,-0.92483,0.246618
0,0,0.546289,-0.83749,0.0133722
0,0,0.630134,-0.717197,0.297589
0,0,0.581522,0.6968,0.419883
0,0,0.242335,0.787448,0.566745
0,0,-0.0381799,-0.74948,0.660925
0,0,0.65308,0.655896,0.378532
0,0,0.276353,-0.865968,0.416808
0,0,0.183677,0.92091,0.343785
0,0,-0.155698,-0.60305,0.782361
0,0,0.483765,-0.856896,0.178046
0,0,-0.286895,-0.6011,0.745902
0,0,0.614451,0.408552,0.674934
0,0,-0.594658,-0.0817175,0.799815
0,0,0.297693,-0.0157551,0.954532
0,0,-0.29171,-0.301809,0.907644
0,0,0.581975,0.616652,0.530137
0,0,0.369385,0.257572,0.892867
0,0,-0.239281,-0.761018,0.60299
0,0,-0.592169,-0.0603619,0.80355
0,0,0.879053,0.270883,0.392286
0,0,0.891996,0.292231,0.344881
0,0,0.075174,-0.656304,0.750742
0,0,-0.39725,0.345124,0.850342
0,0,-0.240508,-0.458919,0.855306
0,0,-0.561645,-0.373484,0.738285
0,0,0.934698,-0.0152457,0.355117
0,0,0.427849,-0.284969,0.857752
20.3347,28.1738,-0.417497,0.105496,0.902533
0,0,0.436821,0.674498,0.595181
0,0,-0.136669,-0.594226,0.792602
0,0,-0.289612,0.922431,0.255435
0,0,-0.657737,0.681965,0.319854
0,0,0.497101,-0.845867,0.19339
0,0,0.897292,-0.0457097,0.439065
0,0,0.988687,0.0830061,0.124929
0,0,-0.867497,0.387863,0.311465
0,0,0.62643,0.497508,0.600059
0,0,0.127692,0.686112,0.716201
0,0,-0.350695,0.428776,0.832565
0,0,-0.984213,-0.0659106,0.164255
0,0,-0.612517,-0.434222,0.660511
0,0,0.97237,0.100013,0.210938
0,0,0.692288,0.683248,0.232185
0,0,-0.292145,-0.185946,0.938123
0,0,0.343189,-0.294289,0.891973
13.7542,19.5726,-0.430239,-0.302348,0.850577
0,0,0.973869,0.120573,0.19246
0,0,0.126089,-0.757422,0.640636
19.5564,27.841,-0.821161,0.389459,0.417151
0,0,0.184142,0.920745,0.343978
0,0,0.430334,-0.465493,0.773388
0,0,0.437496,-0.384185,0.813019
0,0,-0.797639,0.270299,0.539176
0,0,0.117016,0.700644,0.70385
0,0,0.660216,0.70032,0.271417
0,0,0.901504,-0.197724,0.384961
0,0,-0.0444755,0.903851,0.425529
0,0,-0.0398216,0.492092,0.869632
0,0,0.815158,-0.151446,0.559089
0,0,0.857017,0.324555,0.400234
0,0,-0.73649,-0.0812984,0.671546
0,0,0.679799,0.679941,0.27487
0,0,0.019306,-0.97037,0.24085
0,0,-0.552412,-0.540103,0.634925
0,0,-0.94272,-0.245722,0.225611
0,0,0.137202,0.0596278,0.988747
0,0,-0.00501618,0.573525,0.819172
0,0,-0.782651,0.36217,0.506252
0,0,0.931536,0.186735,0.312042
0,0,0.184171,-0.965331,0.18498
0,0,-0.483563,-0.752773,0.446654
0,0,0.829631,0.552399,0.0810351
0,0,0.903413,0.404892,0.141093
0,0,-0.573178,0.650479,0.498341
0,0,-0.220373,-0.35524,0.908427
0,0,0.993112,0.1092,0.042465
0,0,0.247016,-0.342503,0.906463
0,0,0.449034,-0.0932875,0.888632
0,0,-0.353418,0.35991,0.863459
0,0,-0.969262,-0.231347,0.0837221
0,0,-0.96162,-0.0818206,0.2619
0,0,-0.440693,-0.194538,0.876324
0,0,0.989529,0.107099,0.096754
0,0,0.639043,-0.751291,0.164881
0,0,-0.469835,-0.649181,0.598179
0,0,0.403718,-0.515683,0.7557
0,0,-0.193424,0.831674,0.520486
0,0,-0.369804,-0.928915,0.0190255
0,0,0.737452,-0.361628,0.570429
0,0,-0.78198,-0.616524,0.0916813
0,0,-0.75476,-0.360992,0.547743
0,0,0.428883,0.847835,0.311827
0,0,0.284888,-0.950226,0.126136
0,0,0.835238,-0.207801,0.509112
0,0,-0.697641,0.235423,0.676663
0,0,-0.79653,-0.528507,0.293631
0,0,-0.84795,-0.0416367,0.528438
0,0,-0.0846448,0.809822,0.580538
0,0,-0.509455,-0.736022,0.445789
0,0,0.12917,-0.762193,0.634332
0,0,-0.53582,0.785857,0.308749
0,0,-0.291345,0.956616,0.00205018
0,0,0.484712,-0.350419,0.801412
0,0,-0.878855,-0.472658,0.0648703
0,0,0.060326,-0.454659,0.888621
0,0,-0.359861,-0.714099,0.600469
0,0,0.83985,-0.495871,0.220825
0,0,-0.236652,-0.920031,0.312312
0,0,-0.995369,0.0711272,0.0646577
0,0,0.246641,0.867646,0.431693
0,0,-0.0320574,-0.568474,0.822076
0,0,-0.341131,0.233394,0.910581
0,0,-0.584143,-0.800406,0.134636
0,0,0.715581,0.228201,0.660202
0,0,-0.512222,0.430193,0.743346
0,0,-0.103095,0.614168,0.782412
0,0,-0.0991064,0.650144,0.753319
0,0,-0.150416,-0.694824,0.703274
0,0,-0.406578,0.848631,0.338408
0,0,0.789979,0.0190708,0.612837
0,0,-0.745297,-0.0641119,0.663643
0,0,-0.00369364,-0.99605,0.0887188
0,0,0.490542,0.609857,0.622449
0,0,0.17565,-0.983487,0.0435987
0,0,-0.913582,0.0126269,0.406459
0,0,-0.982352,-0.0831336,0.167554
0,0,0.399054,0.319263,0.859551
0,0,0.458201,-0.575693,0.677222
0,0,-0.215128,-0.632042,0.744475
0,0,0.575601,0.61773,0.535811
0,0,-0.73782,0.618128,0.271182
5.21229,7.8207,0.733611,-0.506431,-0.453147
0,0,0.467588,0.883588,0.025171
0,0,-0.339314,-0.667335,0.66297
0,0,-0.540629,-0.497802,0.678169
0,0,-0.390411,0.735471,0.55377
0,0,0.272277,-0.73404,0.622133
0,0,0.529312,0.0437586,0.847298
0,0,-0.166771,-0.150477,0.974446
0,0,-0.749549,0.654321,0.100205
0,0,-0.465522,-0.87273,0.147079
0,0,-0.386062,0.725618,0.569591
0,0,0.529781,-0.806772,0.261632
0,0,-0.718502,-0.150992,0.678938
0,0,-0.281867,-0.951939,0.119848
2.90589,3.98773,0.251861,0.238405,0.937939
0,0,-0.114183,0.89507,0.431058
0,0,-0.930845,0.0571646,0.360915
0,0,-0.792779,0.461512,0.398132
0,0,0.865082,0.376389,0.331609
0,0,0.84462,0.216218,0.489762
0,0,-0.716507,0.374166,0.588743
0,0,-0.244008,-0.968511,0.0494525
0,0,-0.304103,-0.145552,0.941454
0,0,0.556887,0.830504,0.0118009
0,0,-0.39004,0.298939,0.870921
0,0,-0.848337,-0.472742,0.23841
0,0,0.554476,-0.818177,0.15213
0,0,0.556977,0.00342898,0.830521
11.768,16.02,0.102673,-0.551235,0.828009
0,0,-0.144016,0.822505,0.550223
0,0,-0.00384433,0.0440532,0.999022
0,0,-0.500681,-0.224192,0.836096
0,0,-0.359177,-0.339353,0.869386
0,0,0.975239,0.0626809,0.212087
0,0,-0.321726,-0.561713,0.762215
0,0,0.262263,0.157526,0.952052
0,0,-0.700178,0.13258,0.70155
0,0,0.397824,-0.830456,0.389973
0,0,0.788096,0.609594,0.085442
0,0,-0.233713,-0.962061,0.140773
0,0,-0.448422,-0.467757,0.761657
0,0,-0.580232,0.814103,0.023809
0,0,0.336038,0.558326,0.758519
0,0,0.402042,-0.787307,0.46745
0,0,-0.397349,-0.479673,0.782322
0,0,-0.788423,0.20098,0.581375
0,0,0.942548,-0.243709,0.228494
0,0,-0.882197,0.4486,0.143133
0,0,-0.963595,-0.246175,0.10432
0,0,-0.326637,0.344006,0.880323
0,0,0.501842,0.831692,0.237578
0,0,0.872094,0.435671,0.222806
0,0,0.996643,0.0792771,0.0204278
0,0,0.772737,-0.20649,0.600199
0,0,0.734058,0.377544,0.564463
0,0,0.596284,0.775249,0.208409
0,0,0.125251,0.259797,0.957506
0,0,-0.104617,-0.929808,0.352863
0,0,0.0972846,0.895137,0.435046
0,0,-0.251049,-0.515803,0.819098
0,0,0.12724,-0.457876,0.879864
0,0,-0.180287,-0.797661,0.57553
0,0,0.352333,-0.473379,0.807325
0,0,-0.58689,0.00728659,0.809634
0,0,-0.280379,0.619229,0.733446
0,0,-0.189864,0.356734,0.914709
0,0,-0.632275,0.465565,0.619256
0,0,0.711835,-0.301588,0.634299
0,0,0.194219,0.883144,0.427008
0,0,0.986583,-0.127221,0.102319
0,0,-0.952674,0.0669984,0.296519
0,0,0.920193,-0.389902,0.0349514
0,0,-0.918096,-0.124475,0.376305
0,0,0.460475,0.820056,0.339811
0,0,-0.744155,0.325333,0.583432
0,0,0.372119,-0.884772,0.280547
0,0,0.860182,0.146179,0.488588
0,0,-0.879185,-0.412967,0.23768
0,0,0.774384,-0.628908,0.0693037
0,0,0.114606,-0.965947,0.231975
0,0,-0.697532,0.197145,0.6889
0,0,-0.722472,-0.632085,0.280183
0,0,0.864247,-0.190229,0.465714
0,0,-0.326317,0.779001,0.535421
0,0,-0.93075,0.356411,0.0817038
0,0,0.646833,-0.528364,0.549944
0,0,-0.940774,-0.163269,0.297133
0,0,-0.276873,0.670601,0.688212
0,0,0.677975,-0.370605,0.634825
0,0,-0.732898,0.620831,0.27826
0,0,0.735564,-0.256482,0.627026
0,0,-0.950328,0.129309,0.283119
0,0,-0.408737,0.204682,0.889404
0,0,-0.451824,-0.297309,0.841108
0,0,-0.601767,-0.739078,0.302722
0,0,0.438021,-0.837773,0.325996
0,0,0.833937,0.211283,0.509813
0,0,0.77751,0.257339,0.573807
0,0,0.205797,-0.954355,0.216458
0,0,0.529604,-0.460987,0.712047
0,0,0.59001,0.340656,0.732012
0,0,-0.303979,-0.889018,0.342409
0,0,-0.760537,0.0905403,0.642951
0,0,0.95112,0.0849567,0.296904
0,0,0.21688,0.946979,0.237054
0,0,0.857701,0.370816,0.356153
0,0,-0.877026,-0.437365,0.198837
0,0,0.131002,0.942232,0.308282
0,0,-0.689771,-0.202105,0.695248
0,0,-0.815194,0.313536,0.486985
0,0,-0.745743,0.601163,0.287177
0,0,0.183783,-0.954711,0.233987
0,0,-0.995969,-0.0531469,0.0722568
0,0,0.662707,-0.363888,0.654526
0,0,-0.788124,-0.0745097,0.61099
0,0,-0.825142,-0.525815,0.206542
0,0,0.90937,0.253925,0.329498
0,0,0.176895,-0.572605,0.80052
0,0,0.298109,0.593682,0.747444
1.28053,1.63073,-0.102042,0.170864,0.979996
0,0,-0.141493,-0.419384,0.896714
0,0,0.96116,-0.0527506,0.270905
0,0,0.731784,-0.169564,0.660106
0,0,0.854231,0.0225862,0.519402
11.0903,15.411,-0.565937,0.737241,0.369039
0,0,-0.973314,-0.0839803,0.213557
0,0,0.340448,0.885664,0.315744
0,0,-0.699911,-0.0331328,0.713461
0,0,-0.174733,-0.984257,0.0265772
0,0,0.489,-0.826463,0.278993
0,0,-0.204452,-0.443748,0.872518
0,0,-0.782977,-0.178806,0.595798
0,0,0.215566,0.961122,0.172556
0,0,-0.286178,0.32985,0.899612
0,0,-0.786413,-0.390132,0.478907
0,0,0.300907,-0.212842,0.929598
0,0,-0.431577,-0.11267,0.895012
0,0,-0.706282,0.170826,0.687011
0,0,-0.0659477,0.407724,0.910721
0,0,-0.280332,-0.162984,0.945965
0,0,0.266923,-0.958685,0.0983673
0,0,0.597408,-0.278878,0.751885
0,0,-0.750799,-0.108605,0.651541
0,0,0.203244,0.960726,0.188939
0,0,0.740771,0.669216,0.0583865
0,0,0.971821,0.0621239,0.227388
0,0,0.44788,-0.0543331,0.892441
0,0,0.623928,0.0675554,0.778556
0,0,-0.74456,-0.00843174,0.667502
0,0,-0.738156,-0.579669,0.345122
0,0,-0.642993,0.614763,0.456757
0,0,0.400774,-0.613597,0.680352
0,0,-0.308916,-0.932118,0.189014
0,0,-0.847049,0.493097,0.1984
0,0,0.220345,-0.954887,0.199098
0,0,-0.953451,-0.294374,0.0653809
0,0,0.722436,-0.291985,0.626762
0,0,-0.486979,-0.661617,0.570188
0,0,0.433707,0.599157,0.672985
0,0,-0.413042,0.809963,0.416361
0,0,-0.875985,0.472396,0.0974283
0,0,0.604601,0.172738,0.777573
0,0,0.430374,0.873905,0.225984
0,0,-0.90251,-0.0123289,0.430492
0,0,0.402562,0.512169,0.758701
0,0,-0.316946,0.907855,0.274489
17.5331,25.0604,-0.438998,-0.0405363,0.897573
0,0,-0.471948,-0.842334,0.260265
0,0,0.202079,0.794062,0.573263
0,0,-0.0761563,0.020123,0.996893
0,0,-0.957889,-0.175533,0.227238
0,0,0.204327,-0.93688,0.283735
17.3046,24.4006,0.326642,0.488279,0.809252
0,0,-0.396631,-0.916394,0.0539053
0,0,-0.842276,-0.519568,0.143596
0,0,0.478208,0.651532,0.588916
0,0,0.286408,-0.845801,0.450101
0,0,0.852042,0.0539723,0.520684
0,0,0.00434996,0.500355,0.865809
0,0,-0.697972,0.381864,0.605817
0,0,-0.0453852,0.776168,0.628891
0,0,-0.0444568,-0.923258,0.3816
0,0,0.518562,-0.167176,0.838538
0,0,-0.283217,-0.732125,0.619501
0,0,0.461271,-0.698876,0.546628
0,0,0.829237,0.21299,0.516722
0,0,-0.0921127,-0.503481,0.859082
0,0,-0.0453833,-0.219687,0.974514
0,0,-0.122246,0.848254,0.515287
0,0,-0.115807,-0.576032,0.809182
0,0,0.427702,0.175524,0.886714
0,0,-0.18142,0.313045,0.93225
0,0,-0.961089,0.069894,0.267252
0,0,-0.669241,0.0627707,0.740389
0,0,0.344948,0.138046,0.928415
0,0,-0.492536,0.735698,0.464927
0,0,0.989352,-7.88054e-05,0.145539
0,0,-0.088836,-0.894128,0.438911
0,0,0.514578,0.789332,0.33491
0,0,-0.604005,-0.394777,0.692336
0,0,0.667509,-0.0911929,0.738996
0,0,-0.875435,0.0833996,0.476087
0,0,0.160589,-0.470064,0.8679
0,0,0.155997,0.966406,0.204266
0,0,0.232944,0.377837,0.89609
3.27004,4.76918,0.382599,-0.00407675,0.923906
0,0,0.147689,0.276863,0.949492
0,0,0.224219,-0.320972,0.920165
0,0,0.201335,-0.962378,0.182465
0,0,-0.650825,-0.0215836,0.758921
0,0,0.886468,-0.212902,0.41091
0,0,0.957855,-0.0539904,0.282133
0,0,-0.266429,0.690801,0.672168
0,0,0.655073,0.753905,0.0500599
0,0,0.855443,-0.514521,0.0590371
0,0,-0.23616,-0.302107,0.923558
0,0,-0.21647,-0.976176,0.014862
0,0,0.703658,-0.157839,0.692786
0,0,-0.281141,-0.959545,0.0152533
0,0,-0.460912,0.849082,0.25811
0,0,0.0631971,0.997175,0.0406055
0,0,-0.75233,-0.625261,0.20748
0,0,-0.859152,0.486908,0.157411
0,0,0.226117,0.828667,0.512037
0,0,-0.62269,0.676053,0.393965
0,0,0.776647,0.363235,0.514665
0,0,-0.31961,-0.150569,0.93551
0,0,0.248989,-0.907085,0.339414
0,0,0.556094,0.0730141,0.827906
0,0,0.0205794,-0.263429,0.964459
0,0,-0.611937,0.291081,0.735395
0,0,0.531048,-0.742937,0.407472
0,0,0.61862,-0.772484,0.143448
0,0,0.968614,0.0671417,0.23933
0,0,-0.916484,0.399855,0.0131472
0,0,0.634255,0.194012,0.748384
0,0,-0.532556,-0.0047227,0.846382
0,0,-0.28148,-0.267178,0.921621
0,0,-0.85943,-0.376583,0.345782
0,0,-0.954346,0.2356,0.18362
0,0,0.088941,0.826102,0.556458
0,0,0.989182,0.124202,0.0780622
0,0,0.193407,-0.0926906,0.97673
0,0,-0.64014,-0.27849,0.716005
0,0,0.897005,-0.0283073,0.441113
0,0,0.290216,0.883319,0.368133
0,0,0.796953,0.583191,0.157333
0,0,-0.981006,0.161072,0.108088
0,0,0.912018,0.28746,0.292558
0,0,-0.554184,-0.227019,0.800838
0,0,0.671213,-0.0222035,0.740932
0,0,-0.863898,-0.0987075,0.4939
0,0,-0.634937,0.172527,0.753053
0,0,0.751413,0.657677,0.0532839
0,0,-0.0987833,-0.642976,0.759489
0,0,-0.595112,0.703729,0.388081
0,0,-0.248181,-0.819093,0.517197
0,0,-0.201073,-0.725502,0.658192
0,0,0.519147,0.602497,0.606204
0,0,0.249504,0.876667,0.411344
0,0,-0.315462,-0.789441,0.526561
0,0,0.617775,0.0839732,0.781858
0,0,0.41313,-0.225352,0.882349
0,0,-0.271712,-0.559015,0.783374
0,0,0.751485,-0.654612,0.082179
0,0,0.343359,-0.658575,0.669615
0,0,-0.535479,-0.362176,0.762949
0,0,-0.813787,-0.145238,0.562722
0,0,0.53506,0.136497,0.833714
0,0,0.176138,0.98384,0.0321665
0,0,-0.561187,-0.216122,0.798974
0,0,-0.120354,0.788017,0.603776
0,0,-0.62869,-0.495701,0.599191
0,0,-0.231955,0.861704,0.451291
0,0,-0.0135698,0.843117,0.537559
0,0,0.541935,-0.692949,0.47553
0,0,-0.843577,0.479411,0.241955
0,0,0.84817,0.205057,0.488425
0,0,-0.430169,-0.864524,0.259909
0,0,-0.115733,0.993267,0.0050553
0,0,0.325955,-0.293295,0.898739
0,0,-0.615605,-0.709979,0.341995
0,0,-0.77679,0.0671824,0.626166
0,0,-0.942134,-0.203967,0.266045
0,0,-0.197636,-0.840615,0.504288
19.1227,24.3647,0.298821,-0.0464695,0.953177
0,0,-0.479971,0.422362,0.76892
0,0,0.213979,-0.34287,0.914687
0,0,0.735974,-0.674588,0.0572027
0,0,0.48806,0.686068,0.539544
0,0,0.850293,0.491687,0.187735
0,0,0.803736,-0.593151,0.0466961
0,0,-0.0915474,0.895492,0.43556
0,0,-0.470862,-0.880235,0.0589593
0,0,-0.412327,0.12252,0.90276
0,0,0.925862,0.191135,0.325955
0,0,0.0823727,-0.619869,0.78037
0,0,0.602817,-0.490264,0.629487
0,0,-0.477471,0.562286,0.675171
0,0,0.337754,-0.803564,0.49011
0,0,0.8767,-0.131511,0.462711
0,0,-0.0769089,-0.388648,0.918171
0,0,0.133057,0.876314,0.463
0,0,-0.196953,0.160655,0.967161
0,0,0.495971,0.64212,0.584546
0,0,-0.801892,0.403686,0.440462
0,0,-0.929415,0.368851,0.0117216
0,0,0.509298,-0.859236,0.048267
0,0,-0.672071,-0.560484,0.483919
0,0,-0.966747,-0.125515,0.222813
0,0,-0.836069,0.548388,0.0160867
0,0,-0.757507,-0.450239,0.472723
0,0,-0.670073,-0.483814,0.562962
14.5576,22.122,-0.125343,-0.0152576,0.991996
0,0,-0.430667,-0.564,0.704578
0,0,0.997369,0.021295,0.0692866
0,0,-0.954889,0.111051,0.275417
0,0,-0.965951,0.256554,0.0334518
0,0,-0.244344,-0.171013,0.95449
0,0,-0.645203,-0.632335,0.428795
23.1348,33.0151,0.227544,0.596042,0.770037
0,0,-0.953507,-0.300369,0.0245418
0,0,0.426897,-0.90286,0.0510161
0,0,-0.0321392,-0.174388,0.984152
0,0,0.454358,0.00131117,0.890818
0,0,0.967719,0.0558968,0.245755
0,0,0.376047,0.925932,0.0351883
0,0,-0.546858,-0.623609,0.558621
0,0,0.366805,-0.158634,0.916673
0,0,0.921009,-0.298316,0.250497
0,0,-0.682975,0.477131,0.553075
0,0,-0.273914,-0.781509,0.560549
0,0,0.462977,-0.581298,0.669138
0,0,0.406585,-0.689026,0.599943
0,0,0.660568,0.750322,0.0258264
0,0,0.472138,-0.642402,0.60366
0,0,-0.751298,0.302989,0.586301
0,0,0.854647,-0.296086,0.426512
0,0,0.771077,0.400967,0.494636
0,0,-0.902692,-0.168163,0.396066
0,0,-0.921295,0.386537,0.042476
0,0,-0.367252,-0.767951,0.524764
0,0,0.213517,-0.796269,0.56601
0,0,0.0384789,-0.667405,0.7437
0,0,0.133234,-0.549136,0.825045
0,0,0.823095,0.399335,0.40379
0,0,-0.0343332,0.981887,0.186333
0,0,0.23467,-0.292216,0.927114
0,0,-0.0215163,-0.527487,0.849291
0,0,-0.478406,0.74447,0.465717
21.9924,29.1035,-0.480993,-0.241632,0.842769
0,0,0.131803,-0.584048,0.800947
0,0,-0.542214,0.574403,0.613242
0,0,0.707758,0.627569,0.324401
0,0,0.051776,-0.910497,0.410261
0,0,0.339143,-0.878497,0.33649
0,0,0.597627,0.796296,0.0935645
0,0,0.267145,0.858348,0.438033
0,0,-0.0374688,0.471972,0.880817
0,0,0.117804,0.342086,0.932255
0,0,-0.623862,0.468369,0.625641
0,0,-0.679633,-0.722407,0.127386
0,0,-0.647643,-0.504208,0.571255
0,0,0.131397,0.776854,0.615818
0,0,0.400067,-0.881692,0.250133
0,0,-0.802639,-0.233246,0.548969
0,0,-0.658254,0.224482,0.718546
0,0,0.397451,-0.832471,0.386038
0,0,0.0527822,-0.998498,0.0147222
0,0,-0.420035,0.285305,0.861494
0,0,0.859393,0.274464,0.431409
0,0,0.727291,-0.511074,0.458095
0,0,0.723848,-0.465428,0.509334
0,0,0.688956,0.380601,0.616833
0,0,0.81182,-0.0436761,0.582272
0,0,0.692596,-0.159721,0.703421
0,0,0.791069,-0.60778,0.0693722
0,0,-0.755424,-0.568498,0.325799
0,0,-0.587234,-0.739374,0.329367
0,0,-0.746934,-0.240548,0.61986
0,0,0.958882,0.244687,0.14378
0,0,0.071789,0.99742,0.000211778
0,0,-0.572357,0.444446,0.689112
0,0,-0.878773,0.348034,0.326543
0,0,0.0868973,0.712515,0.696255
0,0,0.594078,-0.710395,0.377373
0,0,0.621697,-0.68655,0.377018
0,0,-0.503797,-0.773006,0.385553
0,0,-0.933696,0.0301534,0.356794
0,0,-0.0407386,0.415997,0.908453
0,0,-0.0267712,0.999557,0.0130355
0,0,0.472294,-0.0518614,0.879914
0,0,-0.372044,-0.908083,0.192273
0,0,0.403208,-0.896054,0.185771
0,0,0.296942,-0.48207,0.824278
0,0,0.764191,0.552866,0.332193
7.2403,11.7787,0.122527,0.151611,0.980817
0,0,0.0694444,0.712272,0.69846
0,0,0.390782,0.909472,0.141952
0,0,0.650908,-0.475514,0.591781
0,0,-0.355019,0.533649,0.76758
0,0,-0.318289,0.88217,0.347086
0,0,0.598225,0.749583,0.283288
0,0,-0.374548,-0.767044,0.520919
0,0,0.290076,0.950078,0.114926
0,0,-0.182947,0.37517,0.908723
0,0,0.899247,-0.0141283,0.437213
0,0,0.712156,0.236138,0.661114
0,0,0.430788,-0.691763,0.579557
0,0,0.614139,0.21296,0.759922
0,0,-0.360491,0.843346,0.398515
0,0,0.271086,-0.640264,0.718731
0,0,-0.175963,0.984298,0.0139404
0,0,0.316728,-0.22284,0.921968
0,0,0.0902826,-0.995187,0.0380994
0,0,-0.599384,-0.789117,0.134291
0,0,0.0256385,-0.894082,0.447168
0,0,-0.736772,0.519986,0.432182
0,0,0.210058,-0.608671,0.765111
0,0,0.964665,-0.00076945,0.263478
0,0,0.0904074,-0.779584,0.619739
0,0,-0.493156,0.739415,0.458326
0,0,-0.353136,-0.701626,0.618883
0,0,0.771557,0.456518,0.443048
0,0,0.0367382,-0.886672,0.460938
0,0,0.486157,0.706254,0.514642
0,0,-0.549207,0.748744,0.371152
0,0,-0.454856,0.0686999,0.887911
0,0,0.436903,-0.603039,0.667428
0,0,0.0471991,0.988121,0.146254
0,0,-0.383581,0.920703,0.0719173
0,0,0.32852,-0.823559,0.462413
0,0,0.629276,-0.713874,0.30724
0,0,0.569576,0.426118,0.702856
0,0,-0.96192,-0.235683,0.138432
0,0,-0.756784,-0.0731157,0.649563
0,0,-0.0684362,-0.168082,0.983395
0,0,0.270246,-0.447118,0.852674
0,0,0.713152,-0.0229633,0.700633
0.917152,1.74752,0.19123,-0.193579,0.962267
0,0,0.0337627,0.729662,0.682974
0,0,-0.86579,-0.0870088,0.492785
0,0,0.746709,-0.615801,0.251426
0,0,-0.559762,0.668098,0.490215
0,0,-0.665989,-0.668171,0.331673
0,0,-0.265653,0.773088,0.57599
0,0,0.704223,-0.202883,0.680374
0,0,0.628863,-0.762489,0.152128
0,0,-0.527337,0.676479,0.514093
0,0,0.812078,0.145544,0.565107
0,0,0.287523,-0.744944,0.601988
0,0,0.730061,-0.479485,0.486934
0,0,-0.533124,-0.536708,0.654006
0,0,-0.881594,0.342443,0.324847
0,0,-0.956179,0.256892,0.140456
0,0,0.579187,-0.299744,0.758087
0,0,0.185578,-0.981933,0.0369974
0,0,0.076683,-0.700108,0.709908
0,0,-0.407278,0.888457,0.211586
0,0,-0.174206,0.93278,0.315553
0,0,-0.0506043,-0.876708,0.478354
0,0,0.355749,0.137183,0.924459
0,0,-0.527168,-0.414387,0.741874
0,0,-0.559369,-0.497421,0.663083
0,0,0.514632,0.848785,0.121315
0,0,-0.267965,-0.963022,0.0279773
0,0,0.375655,-0.471211,0.798025
0,0,0.0782529,0.922772,0.377317
0,0,0.700708,-0.327665,0.633753
0,0,0.714867,0.21173,0.666435
0,0,-0.71284,-0.581442,0.392154
0,0,-0.681723,-0.178119,0.709596
0,0,-0.964422,0.254833,0.0703629
0,0,0.693749,0.262916,0.670513
0,0,0.413783,-0.468821,0.780379
0,0,0.707728,-0.316791,0.631478
0,0,0.853795,0.475183,0.212687
0,0,0.184428,0.889509,0.418043
0,0,0.678025,0.164558,0.716381
0,0,-0.851552,-0.498208,0.163241
0,0,-0.904281,0.331533,0.269
0,0,-0.77806,0.596629,0.196612
0,0,-0.146688,-0.894207,0.422937
21.7816,30.5951,0.128226,0.496965,0.858245
0,0,-0.87857,-0.0714196,0.472243
0,0,0.043186,0.971146,0.234544
0,0,0.855824,0.0893552,0.509491
0,0,0.620706,0.559863,0.548888
0,0,0.410824,-0.183631,0.89303
0,0,0.653575,0.756205,0.0315352
0,0,-0.678264,-0.282177,0.67848
0,0,-0.56129,0.813278,0.153404
0,0,-0.200972,0.458872,0.865475
0,0,0.471709,-0.000253867,0.881754
0,0,-0.716851,-0.378689,0.585423
0,0,-0.760467,0.592086,0.266692
0,0,0.372651,-0.0853041,0.924042
1.58927,2.12198,-0.549028,-0.513465,0.659486
0,0,-0.208606,0.9712,0.115129
0,0,-0.457559,0.050262,0.887758
0,0,-0.591744,-0.327613,0.736552
0,0,-0.492251,-0.861148,0.126935
0,0,0.20437,0.899718,0.385668
0,0,0.2148,-0.379587,0.899875
0,0,-0.943373,-0.315227,0.103342
0,0,0.334502,0.90606,0.25916
0,0,0.183656,0.818551,0.544284
0,0,0.111601,0.992263,0.0543947
0,0,0.0910796,-0.93134,0.352578
0,0,0.266234,-0.872421,0.409878
0,0,0.413901,0.57808,0.703214
0,0,-0.883703,0.00247458,0.468042
0,0,0.438743,0.316843,0.840901
0,0,-0.508675,0.550882,0.661649
0,0,0.533953,0.588032,0.607546
0,0,0.505234,-0.0942486,0.85782
18.362,25.2078,0.740489,0.152644,0.654505
0,0,-0.959129,-0.104675,0.262898
0,0,0.051729,0.929504,0.365166
0,0,-0.0699024,-0.993536,0.0894399
0,0,-0.785102,0.614232,0.0795867
0,0,0.0181865,-0.898945,0.437683
0,0,0.931109,0.351595,0.0970442
0,0,-0.432618,-0.0478063,0.900309
0,0,0.00968288,0.826984,0.562143
0,0,0.991192,0.0972402,0.0899042
0,0,-0.366526,0.893169,0.260593
0,0,0.687604,-0.54618,0.478422
0,0,0.202479,0.580803,0.788461
0,0,-0.890459,-0.45298,0.0435
0,0,-0.19802,0.974914,0.10164
0,0,-0.435917,-0.747939,0.500563
0,0,-0.453602,-0.00466964,0.891192
0,0,0.224316,-0.889196,0.398765
0,0,-0.30191,-0.944698,0.128045
0,0,0.472132,-0.14439,0.869622
0,0,-0.535453,0.457546,0.709889
21.2398,28.3857,-0.719755,-0.101822,0.686721
0,0,-0.199271,-0.441977,0.874613
0,0,-0.967303,0.194484,0.162791
0,0,0.210376,-0.949371,0.233315
0,0,0.793682,-0.600343,0.0982741
0,0,0.680683,-0.208377,0.702318
0,0,-0.636159,0.611448,0.470567
0,0,-0.155203,0.822827,0.546688
0,0,0.230588,-0.432214,0.871792
0,0,0.261792,-0.306438,0.915183
0,0,0.227397,-0.960104,0.162763
0,0,-0.448038,0.298307,0.842778
0,0,0.80643,0.134891,0.575738
0,0,-0.615732,0.182295,0.766578
0,0,-0.508552,0.251998,0.823329
0,0,-0.873063,0.194413,0.447175
0,0,0.0455036,-0.68578,0.726385
0,0,0.0686228,-0.103473,0.992262
0,0,0.860362,-0.485763,0.154311
0,0,-0.903735,0.361807,0.228821
0,0,0.823742,0.447032,0.348729
0,0,0.513091,-0.138123,0.847148
0,0,0.436455,0.846672,0.30439
0,0,-0.102478,0.361797,0.926607
23.3561,34.4871,0.214262,0.119863,0.969394
0,0,-0.35769,0.468785,0.80765
0,0,-0.492535,-0.780517,0.384972
0,0,-0.0309067,-0.996612,0.0762155
0,0,0.375986,0.694285,0.613679
0,0,0.233762,0.730217,0.64198
0,0,-0.502016,0.62127,0.601667
0,0,-0.925789,-0.214928,0.310999
0,0,-0.129043,0.623421,0.771164
0,0,-0.377531,0.200334,0.904067
0,0,-0.256751,0.365988,0.894501
0,0,-0.249218,0.806376,0.536329
17.8667,27.7527,-0.305838,-0.208437,0.928987
23.6727,32.2143,0.279158,-0.877767,0.389352
0,0,-0.67616,0.734651,0.055638
0,0,-0.866635,-0.116368,0.485183
0,0,-0.391471,-0.47081,0.790626
0,0,-0.561113,-0.705052,0.433652
17.5721,25.3018,-0.149424,0.114967,0.982067
0,0,0.86598,-0.164534,0.472237
0,0,-0.0239904,0.704524,0.709274
0,0,-0.471402,0.600681,0.645727
0,0,-0.656323,-0.716704,0.235745
0,0,-0.135711,0.590204,0.795765
0,0,-0.998302,0.0572586,0.0106796
0,0,0.935527,-0.345333,0.0743891
0,0,0.818819,0.0118248,0.57393
0,0,-0.825435,0.0816897,0.558554
0,0,0.553714,0.00208014,0.832704
0,0,0.61219,-0.705334,0.357388
0,0,-0.437902,-0.752012,0.492666
0,0,-0.329159,0.316547,0.889636
0,0,0.490283,-0.201631,0.847919
0,0,0.268472,-0.614953,0.741455
0,0,0.778222,-0.607386,0.159539
0,0,-0.66101,-0.246914,0.70859
0,0,0.36782,-0.902238,0.225112
0,0,-0.588224,-0.795534,0.145317
0,0,-0.555682,-0.829028,0.0626948
0,0,0.827521,0.0262384,0.560821
0,0,0.578042,0.672098,0.462766
0,0,-0.28585,-0.806075,0.518202
0,0,-0.428812,0.903291,0.0136485
0,0,0.747679,0.652551,0.123096
0,0,0.0938811,0.995099,0.0310508
0,0,0.763799,0.0274082,0.644872
0,0,-0.658339,0.752609,0.0130007
0,0,0.126539,-0.836689,0.532859
0,0,0.652363,-0.603746,0.458163
0,0,-0.975865,-0.182613,0.119752
0,0,-0.853711,0.332725,0.400588
0,0,-0.182964,-0.914957,0.359691
0,0,0.982929,-0.0513363,0.176677
0,0,0.711234,-0.264834,0.65116
0,0,-0.811705,-0.583955,0.0114564
0,0,-0.653045,-0.695847,0.29888
0,0,-0.466933,-0.66402,0.583996
0,0,0.368111,0.826671,0.425569
0,0,0.141607,-0.800555,0.582288
0,0,-0.227663,-0.40202,0.886876
0,0,0.20546,0.926645,0.314825
0,0,0.706014,-0.528455,0.471466
0,0,-0.415241,0.0528163,0.908177
0,0,-0.494759,0.794557,0.351983
0,0,-0.469951,0.778226,0.416545
0,0,-0.940618,-0.296494,0.165313
0,0,-0.11698,-0.833261,0.540363
0,0,-0.791922,-0.045393,0.608932
0,0,-0.562505,-0.210234,0.799619
0,0,0.0648747,-0.767658,0.637568
0,0,0.931604,0.0666198,0.357319
0,0,-0.428837,-0.375371,0.821703
0,0,0.896632,0.401575,0.186517
0,0,0.487571,0.370318,0.790658
0,0,0.334593,-0.614244,0.714669
19.8979,31.569,0.305146,0.841314,-0.44618
0,0,0.541802,-0.483515,0.687506
0,0,-0.263891,0.827559,0.495488
0,0,-0.367104,-0.641195,0.673872
0,0,0.75356,-0.654018,0.0663929
0,0,-0.308099,0.795107,0.52238
0,0,-0.0524516,-0.823775,0.564485
0,0,-0.766566,0.628775,0.130454
0,0,0.217376,-0.626673,0.748351
0,0,0.417012,-0.611275,0.67264
0,0,-0.132773,0.613107,0.778763
0,0,0.300377,-0.656548,0.691895
0,0,-0.744418,-0.319113,0.586522
0,0,0.288181,-0.888494,0.357115
0,0,-0.760935,0.357626,0.54137
0,0,0.051786,-0.992394,0.111684
0,0,-0.866595,-0.209294,0.453001
0,0,-0.3019,0.515227,0.802121
0,0,-0.563268,-0.82606,0.0188336
0,0,0.343183,0.572392,0.74471
0,0,-0.0247388,0.903963,0.426895
0,0,-0.434446,0.636257,0.637522
0,0,0.81181,-0.360986,0.45897
21.5733,32.835,0.185572,-0.206849,0.960612
0,0,0.522113,-0.0869819,0.848429
0,0,-0.916949,0.178187,0.357008
0,0,-0.131427,-0.471037,0.872268
0,0,0.603414,-0.587833,0.538835
0,0,0.89263,0.347766,0.286827
0,0,0.390526,-0.33336,0.858115
0,0,0.559697,-0.681843,0.470988
0,0,0.901135,-0.245889,0.357063
0,0,-0.308643,0.593925,0.742962
0,0,0.00239911,-0.949468,0.313853
0,0,-0.614444,-0.403627,0.677897
0,0,0.793347,-0.568036,0.218944
0,0,-0.186296,-0.807276,0.559999
0,0,0.901946,0.386787,0.192068
0,0,-0.758101,0.14342,0.636171
0,0,0.824438,-0.519059,0.225566
0,0,0.364405,-0.722122,0.588004
20.8757,31.3461,0.415413,-0.901315,-0.122734
1.95698,3.2348,0.140966,-0.270358,0.952384
0,0,-0.689005,-0.547175,0.475261
0,0,0.894788,0.0121581,0.446326
0,0,-0.354354,-0.855181,0.378283
0,0,-0.347138,0.833861,0.429152
0,0,0.492705,-0.67235,0.552437
0,0,0.0129794,0.0584552,0.998206
0,0,-0.883368,-0.444868,0.147487
20.5145,29.8696,0.197255,0.879453,-0.433189
0,0,0.0318496,0.964363,0.26266
0,0,-0.58476,-0.695205,0.418026
0,0,0.972892,0.0321818,0.229011
0,0,-0.953234,-0.27349,0.128641
0,0,0.91253,-0.168757,0.372573
19.5615,27.0752,-0.718473,0.534704,0.444846
0,0,0.596441,0.598112,0.535275
0,0,-0.796033,0.325439,0.510315
0,0,0.0591761,-0.953689,0.294916
0,0,0.670609,0.710807,0.212218
0,0,-0.612024,0.347946,0.710184
0,0,-0.945199,-0.297812,0.133817
0,0,0.725295,-0.470459,0.502609
0,0,-0.0806185,0.61671,0.783051
0,0,-0.392857,0.749129,0.533357
0,0,0.742535,-0.638412,0.202663
0,0,-0.475095,0.808601,0.347058
0,0,0.965032,0.26023,0.0315361
0,0,-0.460612,-0.740071,0.490031
0,0,0.0284616,-0.979255,0.200624
0,0,-0.169799,-0.944808,0.280191
0,0,0.177812,0.575352,0.798344
0,0,-0.142531,0.984913,0.0981413
0,0,0.67733,0.550323,0.48823
0,0,0.171294,0.474312,0.863531
0,0,-0.878849,-0.460378,0.125205
0,0,0.901246,0.377906,0.211996
0,0,-0.768777,0.373195,0.519333
0,0,-0.360648,-0.740834,0.566655
0,0,0.524732,-0.851063,0.0186877
0,0,-0.0927306,-0.530868,0.842366
0,0,-0.977843,-0.208861,0.0141442
0,0,0.991545,-0.106856,0.0736297
0,0,-0.247194,-0.663371,0.706282
0,0,0.676966,-0.558895,0.478908
0,0,-0.293516,0.742098,0.60261
0,0,0.692793,0.0462039,0.719654
0,0,0.791604,0.468875,0.391814
0,0,0.315968,0.117812,0.941427
0,0,-0.423215,-0.145106,0.894334
0,0,-0.596803,0.768734,0.229942
0,0,0.791168,0.406177,0.457246
0,0,-0.864849,-0.199045,0.460887
0,0,-0.941549,-0.111269,0.317969
0,0,0.0699735,-0.865377,0.496212
20.537,28.3336,-0.378611,0.729519,-0.56961
0,0,-0.749407,0.100411,0.654451
0,0,-0.343636,-0.892495,0.292176
0,0,0.179983,0.501632,0.846151
0,0,0.554303,-0.332343,0.763083
0,0,-0.303673,-0.442718,0.843673
0,0,-0.98912,-0.0881243,0.117799
0,0,-0.905704,-0.110309,0.409306
0,0,-0.0366859,-0.871059,0.489807
0,0,0.771778,-0.60811,0.185905
0,0,0.8146,0.428152,0.391297
0,0,0.724311,-0.261362,0.638015
0,0,0.93353,0.291717,0.208383
0,0,0.724456,0.629762,0.28029
0,0,0.0915769,-0.563932,0.820728
0,0,-0.350262,-0.577945,0.737086
0,0,-0.620476,0.720569,0.309498
0,0,-0.661179,-0.500339,0.55902
0,0,-0.882187,-0.131042,0.452298
0,0,-0.643534,-0.172807,0.745656
0,0,0.0732773,0.853786,0.515441
0,0,0.655335,0.736202,0.168945
0,0,-0.189898,-0.861755,0.470444
0,0,0.00136914,-0.998843,0.0480736
0,0,-0.212707,-0.954221,0.210282
0,0,-0.91101,0.367734,0.186633
0,0,-0.0634557,-0.345295,0.936346
0,0,0.465692,0.856014,0.224434
0,0,0.776001,0.503616,0.379728
0,0,0.0709875,-0.777533,0.624822
0,0,0.359803,0.724016,0.588509
0,0,0.352591,0.828338,0.435356
0,0,0.872263,0.268985,0.408417
0,0,0.872184,-0.290085,0.393885
0,0,0.796227,-0.108814,0.595132
0,0,-0.131179,-0.45575,0.880389
0,0,-0.0332289,0.971274,0.235633
0,0,-0.232172,0.587313,0.775345
0,0,-0.214995,0.873886,0.436006
0,0,0.135647,0.925203,0.354401
0,0,-0.605528,-0.508103,0.612509
0,0,0.106769,0.661297,0.742487
0,0,0.228789,-0.769401,0.596387
0,0,-0.434068,0.246862,0.866397
0,0,-0.655904,-0.43557,0.616498
0,0,-0.52577,0.387749,0.757111
0,0,0.30304,0.207018,0.930221
0,0,0.779829,0.541132,0.314712
22.8908,32.8747,0.204719,-0.958213,-0.199797
0,0,0.310408,0.332198,0.890669
0,0,-0.196179,0.966489,0.165567
0,0,0.993172,0.115441,0.0168121
0,0,-0.140677,-0.392627,0.908875
0,0,0.69123,-0.649545,0.316691
0,0,0.2804,-0.228697,0.932241
0,0,-0.973058,-0.201521,0.112014
0,0,0.688536,0.116895,0.715719
0,0,-0.860681,0.245474,0.446061
0,0,-0.990448,-0.126034,0.0559304
0,0,-0.0722264,-0.102333,0.992125
0,0,-0.377679,0.318741,0.869346
0,0,0.154948,-0.685024,0.711852
0,0,0.62192,0.768495,0.150433
0,0,-0.0768976,-0.871269,0.484744
0,0,0.0826199,0.996165,0.0287954
0,0,0.593923,-0.537858,0.598302
0,0,-0.213208,0.849118,0.48326
0,0,-0.0769684,0.391155,0.917101
0,0,-0.479343,-0.860138,0.174333
0,0,0.955407,0.19659,0.220341
0,0,-0.371814,-0.924508,0.0838982
0,0,-0.692426,0.0241585,0.721085
0,0,0.315581,0.867867,0.383687
0,0,-0.694425,0.143731,0.705064
0,0,-0.447315,-0.350137,0.822991
0,0,0.754952,-0.558552,0.343608
0,0,0.753416,0.627229,0.197353
0,0,0.536757,-0.507228,0.674249
0,0,-0.692952,0.696094,0.187803
0,0,-0.451264,-0.88102,0.142003
0,0,-0.969909,0.152058,0.190146
0,0,-0.255284,0.850231,0.460367
0,0,0.939973,0.153291,0.30488
0,0,0.135685,0.962335,0.235586
0,0,0.955463,-0.288174,0.0636033
0,0,0.463304,-0.1767,0.868405
0,0,0.786394,0.210211,0.580858
0,0,-0.0157502,0.410573,0.911692
0,0,0.907321,-0.259601,0.330721
0,0,-0.195782,-0.113729,0.97403
0,0,-0.149263,0.93301,0.327434
0,0,-0.900853,0.419253,0.112652
0,0,-0.944735,0.290513,0.151915
0,0,0.158525,0.972947,0.168058
0,0,-0.204831,0.29607,0.932945
0,0,0.488544,-0.706984,0.511368
0,0,-0.819023,0.385015,0.4254
0,0,-0.505866,-0.143758,0.850549
0,0,-0.371361,-0.116358,0.921169
0,0,-0.877461,-0.212312,0.430101
0,0,-0.457784,-0.200335,0.866198
0,0,0.78246,0.138898,0.607012
0,0,-0.98333,-0.0358715,0.178257
0,0,-0.999521,-0.0172933,0.0256545
0,0,-0.84947,0.307014,0.429119
0,0,-0.0976599,0.182856,0.978277
0,0,-0.243329,-0.842887,0.47993
0,0,-0.560924,-0.755414,0.338695
0,0,-0.782043,-0.269642,0.561874
0,0,-0.152744,0.483561,0.86188
0,0,-0.46401,0.811658,0.354834
0,0,-0.819272,-0.247099,0.517432
0,0,-0.412077,-0.531417,0.740127
0,0,-0.374259,0.708753,0.597996
0,0,0.130827,-0.629107,0.766231
0,0,0.409881,0.636567,0.653284
0,0,-0.788767,-0.25272,0.560338
0,0,0.191078,0.929952,0.314132
0,0,0.387754,0.748839,0.537483
0,0,-0.456101,0.0905729,0.885307
0,0,0.81551,0.363287,0.450518
0,0,-0.417554,-0.835743,0.356626
0,0,-0.164513,-0.320134,0.932979
0,0,-0.468934,-0.564054,0.679664
0,0,-0.00294597,0.736707,0.676206
0,0,0.118573,0.476048,0.871389
0,0,-0.880125,-0.238071,0.410733
0,0,-0.772702,0.0848531,0.629072
0,0,0.742635,-0.669681,0.00446659
0,0,-0.00352972,0.817756,0.575554
0,0,0.261339,0.110821,0.958864
0,0,-0.206842,0.978371,0.00237673
0,0,0.15709,0.0915926,0.983328
0,0,0.117566,0.866019,0.485994
0,0,0.430947,-0.762196,0.483055
0,0,-0.293192,0.916435,0.272369
0,0,0.887217,-0.362453,0.285435
0,0,0.368928,0.196078,0.90854
0,0,-0.646953,-0.290918,0.704854
0,0,0.85842,0.390655,0.332422
0,0,-0.671709,0.169356,0.721198
0,0,-0.619264,-0.554059,0.556354
0,0,-0.659832,-0.430677,0.615743
0,0,0.846293,-0.113686,0.520446
0,0,-0.40677,0.855084,0.32151
0,0,0.992692,-0.0807527,0.0896802
0,0,-0.916133,0.222571,0.333411
0,0,0.558111,-0.494516,0.666308
0,0,0.814248,-0.123423,0.567246
0,0,0.522334,-0.83811,0.157288
0,0,-0.542226,0.821525,0.176315
0,0,-0.127185,-0.776139,0.617602
0,0,-0.530317,-0.242058,0.812509
0,0,0.262948,-0.829427,0.492859
0,0,-0.68358,0.687818,0.244181
0,0,0.721824,-0.245626,0.647023
0,0,-0.779291,-0.164446,0.604701
0,0,-0.986169,0.165638,0.00594688
0,0,0.30001,-0.725997,0.618807
0,0,0.50433,-0.784598,0.360635
0,0,-0.428234,0.898363,0.0977776
0,0,0.998698,-0.0152619,0.048677
0,0,0.640807,0.218395,0.735982
0,0,0.700827,-0.257067,0.665401
0,0,0.43202,0.89864,0.0761858
0,0,-0.55903,0.200377,0.804571
0,0,0.348869,0.447737,0.8233
0,0,-0.810956,-0.332351,0.481553
0,0,-0.288932,0.861664,0.417196
0,0,0.943163,0.272706,0.189936
0,0,0.943613,0.305938,0.126475
0,0,0.26112,0.388445,0.883701
9.64947,13.9603,-0.248563,-0.207513,0.946126
0,0,0.276838,-0.457666,0.844928
0,0,-0.752326,0.235838,0.61513
0,0,-0.84738,0.287714,0.446283
0,0,-0.652211,-0.644936,0.398344
0,0,-0.380668,0.832376,0.402793
0,0,0.993387,0.0775999,0.0846156
0,0,-0.445538,0.892358,0.0720596
0,0,-0.275894,-0.191952,0.941826
0,0,0.142673,0.844948,0.515468
0,0,0.777982,0.201158,0.595214
0,0,-0.0891426,0.984645,0.15009
0,0,-0.275836,-0.796472,0.538096
0,0,0.541537,-0.651332,0.531511
0,0,-0.776159,-0.467862,0.422709
0,0,0.54385,0.498542,0.675043
0,0,0.720672,0.0430162,0.69194
0,0,-0.836967,0.544672,0.053095
0,0,-0.150464,-0.988426,0.0193421
0,0,-0.931876,-0.307043,0.193213
0,0,0.928209,-0.371372,0.0226011
0,0,-0.650748,-0.361721,0.667596
0,0,0.733518,-0.208835,0.646791
0,0,-0.333276,0.568222,0.752364
0,0,0.095936,0.957974,0.270338
0,0,0.00653735,0.974405,0.224706
0,0,0.895355,0.395464,0.204809
0,0,0.418038,0.888289,0.190226
0,0,-0.113179,0.432869,0.894324
0,0,-0.0319501,-0.917746,0.395881
0,0,0.851679,-0.44687,0.273771
0,0,0.0733747,-0.944405,0.320494
0,0,-0.933714,-0.327903,0.143729
0,0,-0.652894,0.0234201,0.757087
0,0,-0.0644272,0.946919,0.314951
0,0,0.501635,-0.861167,0.0821858
0,0,-0.949833,0.310823,0.0347283
0,0,-0.0506198,0.942496,0.330362
0,0,0.514327,-0.799423,0.310468
0,0,-0.945067,0.315832,0.0842491
0,0,0.180712,0.961281,0.208042
0,0,-0.936933,-0.0659986,0.343221
0,0,0.0553065,0.9907,0.124317
0,0,-0.723883,0.336021,0.602564
0,0,0.228931,-0.833226,0.503314
0,0,0.35569,0.15123,0.922288
0,0,-0.170875,-0.982975,0.0675353
0,0,-0.550368,0.0675118,0.832188
0,0,0.611278,0.138649,0.779176
0,0,0.401907,0.187594,0.896258
0,0,-0.595537,-0.300455,0.745025
0,0,-0.986561,0.0364272,0.159278
0,0,0.995346,-0.0597122,0.0756305
0,0,0.6627,0.529204,0.529879
0,0,0.641849,0.121815,0.757094
0,0,-0.0812466,-0.993525,0.0794129
0,0,0.924158,0.108357,0.366321
0,0,0.907475,0.085649,0.411283
0,0,0.827137,-0.409637,0.384763
0,0,0.659671,-0.40208,0.634954
0,0,0.0224168,-0.469714,0.882534
0,0,0.0975411,0.934462,0.342442
0,0,-0.660382,0.00102632,0.750929
0,0,0.387056,-0.160487,0.907982
0,0,0.651631,-0.550455,0.521898
0,0,-0.818886,-0.551275,0.159752
0,0,-0.290279,-0.227779,0.929438
0,0,0.152859,0.942384,0.297568
0,0,0.161564,-0.4951,0.853682
0,0,0.768882,0.638428,0.0350706
0,0,-0.814021,0.289857,0.503342
0,0,-0.704136,-0.247566,0.66551
0,0,-0.351258,-0.0820458,0.932677
0,0,-0.993384,0.0870873,0.074854
0,0,0.76537,0.250018,0.593042
0,0,-0.0976259,-0.269,0.95818
0,0,0.940077,0.224854,0.256312
0,0,-0.579754,-0.549505,0.601606
0,0,0.866622,-0.23576,0.439755
0,0,-0.618184,0.505893,0.601599
0,0,-0.863995,0.0373407,0.502113
0,0,-0.174498,-0.76675,0.617774
0,0,0.361436,-0.0779504,0.929133
0,0,0.187345,-0.435249,0.880602
0,0,0.796291,-0.520886,0.307567
0,0,0.572072,0.125332,0.810571
0,0,-0.974189,-0.18012,0.136058
0,0,-0.734663,-0.245299,0.632534
0,0,0.965339,0.248831,0.078769
0,0,0.622712,0.722658,0.29999
0,0,-0.434468,-0.49427,0.752951
0,0,0.925615,0.367285,0.0913154
0,0,-0.0234314,0.662955,0.748293
0,0,-0.850665,0.502094,0.155789
0,0,-0.421079,-0.712123,0.561759
23.1334,32.6591,0.220873,-0.134017,0.966051
0,0,0.201842,0.638055,0.743066
5.31232,8.74482,0.343068,0.306246,0.887985
0,0,-0.984652,0.17005,0.039277
0,0,-0.300681,0.570426,0.764333
0,0,0.870041,0.309612,0.383627
0,0,0.468582,-0.140595,0.872161
0,0,-0.420849,0.643283,0.639588
0,0,0.789937,-0.212527,0.57518
0,0,0.622008,-0.525504,0.580476
0,0,-0.443119,0.701011,0.558776
0,0,0.83561,0.0456248,0.547425
0,0,0.603309,0.254002,0.755977
0,0,-0.197004,0.620668,0.75892
0,0,0.932628,-0.267076,0.242641
0,0,-0.168817,0.103945,0.980151
0,0,-0.993741,0.111148,0.011176
0,0,0.26765,-0.744215,0.61197
0,0,0.929021,0.202718,0.309557
0,0,-0.64472,-0.543706,0.537327
0,0,0.100147,-0.938888,0.329332
0,0,0.403278,0.287728,0.868665
0,0,0.680329,-0.62385,0.384661
0,0,-0.731351,0.162603,0.662334
0,0,-0.714997,-0.688982,0.118675
0,0,0.612281,-0.771865,0.17128
0,0,0.960674,-0.0453399,0.273952
17.7977,23.1602,-0.0116775,0.363905,0.931363
0,0,-0.45113,0.340411,0.824986
0,0,0.555652,-0.652381,0.515412
0,0,0.710116,-0.494985,0.500724
0,0,0.64851,0.752973,0.111652
0,0,-0.245642,0.717732,0.651553
0,0,-0.829714,-0.205196,0.519104
0,0,-0.333792,0.48782,0.806607
0,0,0.440593,-0.861896,0.251026
0,0,0.343711,-0.902255,0.26038
0,0,0.0353347,-0.951573,0.305386
0,0,0.30876,-0.877977,0.365819
0,0,0.596934,-0.300913,0.743721
0,0,-0.646071,-0.724589,0.239925
0,0,0.704316,0.69167,0.159787
0,0,0.372559,0.863789,0.339218
0,0,-0.889777,0.108961,0.443198
0,0,-0.363769,-0.877228,0.313277
0,0,-0.134903,-0.987519,0.0812882
0,0,0.310051,0.385256,0.869164
0,0,0.844918,-0.457018,0.277935
0,0,-0.380972,0.641502,0.665835
0,0,-0.312859,-0.886852,0.34002
0,0,0.478237,0.495454,0.725131
0,0,-0.082866,0.456526,0.885843
0,0,0.505801,0.859988,0.0677166
0,0,0.902392,0.430912,0.00171666
0,0,0.9171,-0.397725,0.0272392
0,0,-0.962109,-0.272147,0.0168111
0,0,0.436756,0.448458,0.779827
0,0,-0.663562,0.323136,0.674737
0,0,-0.144855,0.790957,0.594478
0,0,-0.235724,0.89457,0.379709
0,0,0.830926,0.313007,0.459988
0,0,0.844104,-0.0307694,0.535296
0,0,0.275404,-0.666132,0.693123
0,0,0.314958,0.619749,0.718827
0,0,-0.788461,-0.149673,0.596596
0,0,-0.0260618,0.523784,0.851452
0,0,0.801463,-0.594149,0.0681529
0,0,-0.516802,-0.378762,0.76776
0,0,0.586082,0.0722325,0.807025
0,0,-0.311264,0.862444,0.399131
0,0,-0.686938,0.578342,0.440042
0,0,0.0723216,0.78273,0.618145
0,0,0.419379,0.389773,0.819877
0,0,0.0128005,0.21409,0.97673
0,0,-0.835159,0.189774,0.516231
0,0,-0.240599,0.618889,0.747722
0,0,-0.400099,-0.131237,0.907027
0,0,0.12692,-0.263129,0.956376
0,0,-0.0175475,0.33729,0.941237
0,0,-0.900972,0.339029,0.270755
0,0,0.705674,-0.638448,0.30726
0,0,0.208609,-0.760692,0.614679
0,0,0.0575831,-0.716086,0.695633
0,0,-0.632016,0.709982,0.310614
0,0,0.542089,0.780671,0.310955
0,0,-0.120499,-0.980049,0.158064
0,0,0.956465,0.247723,0.154298
0,0,0.957354,-0.165727,0.23666
0,0,0.953387,0.301656,0.00751152
0,0,0.12585,0.986907,0.100879
0,0,0.311381,0.237287,0.920183
0,0,-0.479525,0.494515,0.724921
0,0,0.327557,0.372742,0.868199
0,0,0.166316,-0.968792,0.183797
0,0,-0.17599,0.984133,0.022582
0,0,-0.796067,0.0832218,0.59946
0,0,-0.0188941,0.511363,0.859157
0,0,0.917331,0.321496,0.234828
0,0,-0.753663,0.0586765,0.654637
0,0,-0.0934863,0.534701,0.839854
0,0,-0.993391,-0.109188,0.0353882
0,0,0.632505,-0.731661,0.254183
0,0,-0.730124,-0.288276,0.619529
0,0,0.179782,-0.834633,0.52064
0,0,0.105938,0.744857,0.65876
0,0,0.587032,0.807999,0.050311
0,0,0.165477,-0.663591,0.729565
0,0,0.542449,-0.834236,0.0989921
0,0,-0.950674,0.155958,0.268134
0,0,0.342787,-0.467423,0.81487
0,0,0.521831,-0.284115,0.804345
0,0,-0.831605,0.350772,0.430573
0,0,-0.436936,0.836037,0.331859
0,0,0.859537,0.00403891,0.511057
0,0,0.842126,0.371633,0.390785
0,0,-0.193389,-0.758221,0.622657
0,0,0.913538,0.39823,0.0828334
0,0,-0.326855,0.519898,0.789222
1.14525,1.70651,0.191834,-0.0270833,0.981054
0,0,0.666193,0.735197,0.125186
0,0,-0.49654,0.437742,0.749553
0,0,0.260332,0.919589,0.29425
15.6928,23.1529,-0.183389,-0.190676,0.964371
0,0,0.6532,0.457148,0.603611
0,0,0.863535,-0.223046,0.45228
0,0,0.105565,0.764085,0.636419
0,0,-0.829665,-0.0254041,0.557683
0,0,0.163143,0.970431,0.177901
0,0,-0.456353,0.882493,0.113794
0,0,-0.488518,0.694457,0.52828
0,0,-0.279656,0.259238,0.924439
0,0,-0.708901,-0.250341,0.659385
0,0,-0.419706,-0.900735,0.111907
0,0,-0.963353,0.220981,0.152048
0,0,-0.44745,-0.123137,0.885791
0,0,0.189703,-0.591629,0.783574
0,0,0.72778,-0.661167,0.182191
0,0,-0.934899,-0.230467,0.269905
0,0,0.806089,-0.429776,0.406833
0,0,0.374401,0.354751,0.856724
0,0,0.608217,0.503154,0.613929
0,0,-0.0681454,-0.924948,0.373935
0,0,0.965837,-0.0418483,0.255749
0,0,-0.46649,0.742625,0.480516
0,0,-0.199861,0.812467,0.547679
0,0,0.931773,-0.150956,0.330167
0,0,-0.167187,-0.872187,0.459715
0,0,-0.667441,-0.552318,0.499467
0,0,0.456906,-0.888024,0.051473
0,0,-0.645645,-0.746078,0.162821
0,0,0.636137,-0.457191,0.621535
0,0,0.801345,-0.276815,0.530302
0,0,-0.116196,-0.840591,0.529061
0,0,0.00501607,-0.137603,0.990475
0,0,0.606171,-0.340327,0.718842
0,0,0.205466,0.221021,0.95338
0,0,0.922219,-0.259206,0.286922
0,0,-0.380876,-0.477422,0.791834
0,0,0.790505,-0.297978,0.53508
0,0,0.948531,-0.112125,0.296172
0,0,0.683537,-0.409653,0.60412
0,0,-0.434523,-0.900116,0.0313038
0,0,-0.872852,0.147136,0.465275
0,0,-0.516204,-0.429538,0.740966
0,0,-0.983137,0.179743,0.0336697
0,0,0.672912,0.646953,0.358665
0,0,-0.359051,0.24408,0.900837
0,0,0.0766926,-0.93259,0.352695
0,0,0.513345,0.621591,0.591693
0,0,0.609041,-0.378331,0.69709
0,0,-0.438756,-0.694989,0.569635
0,0,0.694826,-0.430201,0.576319
0,0,0.64267,-0.249087,0.724521
0,0,-0.987399,0.158242,0.00159886
0,0,0.913603,-0.368643,0.171557
0,0,-0.631703,0.239422,0.737312
0,0,0.38268,0.774455,0.503762
0,0,-0.700459,-0.613298,0.364998
0,0,-0.748971,0.382445,0.54109
0,0,-0.840204,0.388045,0.378785
0,0,0.462951,0.336767,0.819917
0,0,0.52932,0.831226,0.169955
0,0,0.5821,-0.804527,0.117882
0,0,0.659596,0.560587,0.500674
0,0,0.226836,0.423515,0.877029
0,0,-0.951471,-0.0940835,0.293002
0,0,0.100972,0.509434,0.854565
0,0,0.508078,-0.827456,0.239111
0,0,0.406955,0.421266,0.810508
0,0,0.959168,0.280509,0.0362239
0,0,0.853571,0.207938,0.477681
0,0,-0.334871,-0.939222,0.0756579
20.5154,30.0728,0.899406,0.334039,0.281933
0,0,-0.907507,-0.41823,0.0389134
0,0,-0.943501,0.280076,0.177098
0,0,0.445901,0.75731,0.47713
0,0,0.536608,0.49189,0.685636
0,0,0.575863,-0.806118,0.136219
0,0,-0.381025,-0.173488,0.908142
0,0,-0.103791,-0.957769,0.268152
0,0,0.674736,0.737671,0.0239455
0,0,0.273884,-0.720811,0.636725
0,0,-0.970324,-0.241802,0.00199975
0,0,-0.99476,-0.101974,0.0073251
0,0,0.676635,0.180771,0.713784
0,0,0.397225,-0.741473,0.540768
4.39914,6.60661,-0.222465,-0.149776,0.963367
0,0,-0.578772,0.815262,0.0192786
0,0,-0.505087,0.164261,0.847293
0,0,0.402418,-0.901529,0.159076
0,0,-0.0869918,-0.984143,0.154581
0,0,0.389382,0.0610633,0.91905
0,0,0.696712,-0.677199,0.236633
0,0,-0.275946,0.422546,0.863312
0,0,-0.389577,0.247424,0.887136
0,0,0.43603,0.505737,0.744384
0,0,-0.565796,0.6568,0.498486
0,0,0.342118,-0.0377582,0.938898
0,0,0.310352,0.873271,0.375606
0,0,0.761861,0.154334,0.629086
0,0,0.366616,-0.653114,0.662597
0,0,-0.898263,-0.428753,0.0964081
0,0,-0.152127,-0.54215,0.826397
0,0,-0.314666,-0.683567,0.658576
0,0,-0.313477,0.516168,0.797059
0,0,0.416249,0.852567,0.316017
19.0317,25.6436,0.134842,0.658813,0.740124
0,0,-0.130019,-0.808794,0.57354
0,0,0.579544,0.418658,0.699181
0,0,-0.00147663,-0.376781,0.926301
0,0,0.320141,-0.843329,0.431631
0,0,-0.664426,0.265457,0.698621
0,0,-0.554077,0.632657,0.541058
0,0,-0.948252,-0.315935,0.031688
0,0,-0.762819,0.626315,0.160739
0,0,-0.82654,0.210439,0.522061
0,0,-0.817509,-0.0276516,0.575252
0,0,0.963688,-0.00622003,0.266959
0,0,0.565392,0.719417,0.403448
0,0,0.743806,0.493557,0.450725
0,0,0.198373,0.810322,0.551386
0,0,0.194684,-0.306928,0.931608
0,0,-0.806605,0.339277,0.484024
0,0,0.414898,0.387217,0.823361
0,0,-0.605826,-0.770374,0.198742
0,0,-0.818341,0.402887,0.409878
0,0,-0.551491,0.834027,0.0160184
0,0,-0.872703,-0.478398,0.0975973
0,0,0.499798,-0.186327,0.845863
0,0,-0.00566686,-0.989563,0.143992
0,0,0.0914061,0.862299,0.498082
0,0,-0.130542,-0.789321,0.599942
0,0,-0.894361,-0.169661,0.413924
0,0,0.237226,0.679089,0.694666
0,0,0.425657,0.834869,0.349012
0,0,-0.765481,-0.242982,0.595818
0,0,-0.924664,0.101927,0.366888
0,0,0.526523,-0.845612,0.0878267
0,0,-0.670414,-0.737943,0.0773671
0,0,-0.644974,0.0963297,0.758109
0,0,-0.125539,-0.931227,0.342134
0,0,0.800128,-0.215659,0.559719
0,0,-0.478346,0.190229,0.85732
0,0,0.0841945,0.553805,0.828379
0,0,0.565358,0.776015,0.279591
0,0,0.909593,0.4149,0.0223348
0,0,-0.768373,-0.388317,0.508737
0,0,-0.643198,0.631606,0.432863
0,0,-0.700357,0.551752,0.452847
0,0,0.974447,0.169715,0.147141
0,0,-0.676731,-0.0957094,0.729982
0,0,-0.156646,0.987376,0.023453
0,0,-0.148782,0.444204,0.883485
0,0,-0.298449,0.543786,0.784363
0,0,-0.640604,0.75531,0.138324
0,0,-0.360777,-0.57238,0.736357
0,0,-0.383201,0.567539,0.728736
0,0,-0.341506,-0.147129,0.928292
0,0,-0.456254,-0.324635,0.828519
0,0,0.190649,-0.628747,0.753877
0,0,0.806655,-0.322319,0.495397
0,0,-0.384618,-0.174808,0.906372
0,0,0.0810358,0.768276,0.634968
0,0,0.340299,0.70214,0.625457
0,0,0.374495,0.874808,0.307349
0,0,-0.798327,0.532608,0.281074
0,0,-0.675317,0.686786,0.268834
0,0,-0.200398,0.871857,0.446884
0,0,0.689464,-0.718308,0.0931303
0,0,0.635753,0.771599,0.0212951
0,0,-0.779696,0.385589,0.493352
12.7742,18.7536,-0.0585981,0.045207,0.997258
0,0,0.228043,-0.205328,0.951755
0,0,-0.453939,-0.853945,0.254395
0,0,0.260366,0.256039,0.930942
0,0,-0.311492,0.895398,0.318174
0,0,-0.269248,0.499681,0.823301
0,0,0.341167,0.32295,0.882784
0,0,0.666692,0.7101,0.226449
0,0,-0.445358,-0.666219,0.598171
0,0,0.353473,0.0399247,0.934592
0,0,-0.127661,-0.950953,0.281765
0,0,-0.371071,-0.904722,0.209248
0,0,-0.68012,-0.243025,0.691647
0,0,0.974887,-0.13236,0.1791
0,0,0.781014,-0.589302,0.206738
0,0,-0.192254,0.895904,0.400493
0,0,0.194348,0.968075,0.158305
0,0,-0.922775,-0.191917,0.334146
0,0,-0.462227,0.791054,0.400724
0,0,0.867887,0.463473,0.178787
0,0,0.0996812,-0.994758,0.0227913
0,0,-0.846708,0.127698,0.516506
0,0,-0.384477,-0.538655,0.749685
0,0,-0.53209,-0.0494242,0.845244
0,0,0.174689,0.81114,0.558153
0,0,0.593775,0.801711,0.0684819
1.01488,1.73849,-0.0128346,0.121286,0.992535
0,0,0.1208,-0.986365,0.111764
0,0,0.959767,0.234401,0.15461
0,0,-0.571478,0.395365,0.719096
0,0,0.622316,-0.521009,0.584186
0,0,-0.462431,0.240467,0.853424
0,0,-0.394418,0.552362,0.734391
0,0,-0.970508,-0.178958,0.161517
0,0,-0.539618,-0.541639,0.644546
0,0,-0.402254,0.0350049,0.914859
0,0,-0.581762,0.533784,0.6137
0,0,0.9979,0.064365,0.00726481
0,0,0.717244,-0.237282,0.655179
0,0,-0.233834,0.606582,0.759855
0,0,-0.884053,0.0782521,0.46079
0,0,-0.033727,0.95989,0.278341
0,0,-0.65657,0.677311,0.331912
0,0,0.865423,-0.489019,0.109103
0,0,0.733662,-0.614789,0.289439
0,0,-0.797786,0.113566,0.592149
0,0,0.919823,-0.328238,0.214908
0,0,-0.730637,-0.144989,0.667194
0,0,-0.103521,0.859929,0.499805
0,0,-0.725347,-0.687858,0.0268888
0,0,-0.0544996,0.936832,0.345509
0,0,0.94742,-0.319965,0.00416462
0,0,-0.318383,0.354409,0.879219
0,0,0.782462,-0.333529,0.525844
0,0,0.638834,0.655869,0.402154
0,0,0.530315,-0.6093,0.589508
16.4891,22.8735,0.755641,0.0278863,0.654392
0,0,0.637941,0.559781,0.528845
0,0,0.639221,-0.259697,0.723846
0,0,-0.666939,-0.743019,0.0558137
0,0,0.59957,0.798952,0.0468198
0,0,0.164485,0.658382,0.734492
21.4359,33.1734,0.625908,-0.435702,0.646841
0,0,-0.862456,-0.299143,0.408267
0,0,-0.813792,-0.552761,0.179439
0,0,0.714841,0.610856,0.340377
0,0,0.476877,-0.659192,0.581425
0,0,0.96522,-0.140885,0.220233
0,0,-0.900342,-0.424782,0.0945733
0,0,-0.255606,-0.475076,0.842003
0,0,0.332645,-0.686204,0.646894
0,0,-0.699721,-0.670265,0.247256
0,0,0.832433,0.43356,0.345082
0,0,-0.704571,-0.0294611,0.709021
0,0,0.562287,0.222004,0.796585
0,0,-0.918392,-0.364672,0.153525
0,0,0.283286,-0.731968,0.619655
0,0,0.321987,0.942113,0.0935323
0,0,0.617829,0.75279,0.227143
0,0,-0.315097,0.564505,0.762921
0,0,0.901702,-0.415656,0.119009
0,0,-0.711602,-0.596719,0.370876
0,0,0.390488,-0.88331,0.25939
0,0,-0.164846,-0.805851,0.568709
0,0,0.507271,0.744534,0.433987
0,0,-0.51306,0.377655,0.770809
0,0,0.863175,0.475737,0.169125
0,0,0.783153,-0.578669,0.227625
0,0,0.0110755,-0.89992,0.435915
0,0,0.275875,0.945221,0.174499
0,0,0.303196,-0.927376,0.219192
0,0,-0.00870319,0.0260347,0.999623
0,0,0.393537,0.811128,0.432666
0,0,-0.109837,-0.510019,0.853122
0,0,-0.73715,0.0846609,0.670405
0,0,0.211026,-0.97194,0.103928
0,0,-0.842061,0.193276,0.503565
0,0,-0.42626,0.508251,0.748321
0,0,0.342019,-0.573124,0.744682
0,0,-0.885442,0.0370839,0.463267
0,0,-0.13675,-0.05671,0.988981
0,0,-0.646663,-0.66582,0.372171
21.8223,29.9985,-0.492006,-0.189964,-0.849614
0,0,-0.364244,-0.0589032,0.929439
0,0,0.65706,-0.734855,0.168109
0,0,0.915074,0.0329089,0.401941
0,0,0.182189,0.376621,0.908275
0,0,-0.67337,0.670871,0.31065
0,0,-0.527179,-0.813661,0.245028
0,0,0.564458,-0.344857,0.749974
0,0,-0.427312,-0.820242,0.380272
0,0,0.478915,0.81469,0.326988
0,0,-0.280661,0.715801,0.639421
0,0,-0.483275,0.391551,0.783028
0,0,0.301761,-0.78498,0.541061
0,0,0.331687,-0.326679,0.885022
0,0,0.276249,-0.879353,0.387847
0,0,0.329631,-0.915013,0.232582
0,0,0.436263,0.564168,0.700991
0,0,0.538928,-0.631754,0.557175
0,0,-0.45616,-0.482323,0.747852
0,0,0.164271,-0.533827,0.829484
0,0,0.122895,-0.527874,0.840384
0,0,-0.981703,-0.106196,0.158056
0,0,-0.0803934,-0.67917,0.729565
0,0,0.709059,0.645244,0.28442
0,0,0.42629,-0.279117,0.860448
0,0,0.581052,-0.756842,0.29928
0,0,0.651676,-0.638905,0.408802
2.27242,3.36021,0.371597,0.289092,0.882237
0,0,0.0649951,-0.964233,0.256963
0,0,0.706191,0.39389,0.588341
0,0,0.36198,-0.184027,0.913841
0,0,-0.537843,0.467558,0.701508
0,0,-0.510264,-0.243059,0.824956
0,0,0.143391,0.388599,0.910181
0,0,-0.730645,-0.565569,0.382478
0,0,-0.420786,-0.869771,0.257754
0,0,-0.485968,0.4302,0.760764
0,0,0.598445,-0.524136,0.605926
0,0,0.552395,0.516295,0.654446
0,0,0.359854,-0.432133,0.826902
0,0,0.821614,-0.434705,0.368757
21.4466,30.8414,0.46802,0.43551,0.768953
0,0,-0.701632,-0.521717,0.485308
0,0,-0.794141,0.281144,0.538793
0,0,0.375025,-0.860888,0.343842
0,0,-0.706936,0.154147,0.690276
0,0,-0.933109,0.116814,0.34009
0,0,0.390752,-0.60775,0.691341
0,0,-0.0860279,-0.451406,0.888162
0,0,-0.998259,-0.0457786,0.0371988
0,0,0.55001,0.26492,0.792027
0,0,0.0526414,0.835487,0.546983
0,0,0.11421,0.471005,0.874706
0,0,-0.0273127,0.878822,0.476367
0,0,0.564233,-0.401258,0.72155
0,0,-0.938496,-0.0158597,0.344925
0,0,-0.936702,-0.32926,0.119065
0,0,0.689748,0.516045,0.507883
0,0,0.239226,-0.632785,0.736447
0,0,-0.00713575,0.999941,0.00814964
0,0,-0.778049,-0.450512,0.437811
0,0,-0.122385,-0.989974,0.0705185
0,0,-0.118419,0.99294,0.00692217
0,0,-0.698875,-0.133217,0.702728
0,0,0.0239832,0.620665,0.783709
0,0,0.666921,-0.725875,0.16829
0,0,0.581761,-0.670415,0.46054
0,0,-0.630691,0.211587,0.746632
0,0,0.434261,0.43104,0.790963
14.6419,19.4363,-0.977364,0.0502313,-0.205514
0,0,0.119279,-0.989105,0.0862779
0,0,0.0527219,-0.89036,0.452193
0,0,-0.525378,-0.0244445,0.850518
0,0,0.323108,0.651808,0.686111
0,0,-0.238104,0.787698,0.568189
0,0,-0.31717,-0.0642052,0.946193
0,0,0.629707,0.393575,0.669752
0,0,0.268756,0.735042,0.622482
0,0,0.617642,0.761714,0.195728
0,0,-0.783359,-0.108962,0.611944
0,0,0.952178,-0.167623,0.255459
0,0,-0.597473,0.801421,0.0273957
0,0,-0.725781,0.484113,0.48875
0,0,-0.80297,0.542249,0.247397
0,0,-0.904358,0.325763,0.275709
0,0,-0.0365678,-0.772994,0.633359
0,0,-0.704433,-0.561744,0.433841
0,0,-0.470603,-0.849095,0.239938
0,0,-0.442947,0.889913,0.108866
0,0,0.293516,0.947333,0.128095
0,0,0.71914,-0.0433511,0.693511
0,0,-0.173063,0.843273,0.508862
0,0,0.749197,0.550017,0.369032
0,0,-0.865561,0.187062,0.464555
0,0,0.502771,0.746246,0.436277
0,0,-0.556944,0.465453,0.687871
0,0,-0.100078,-0.900307,0.423593
0,0,0.357048,-0.626429,0.692895
0,0,-0.451466,-0.679567,0.578245
0,0,0.762793,0.624576,0.167485
0,0,-0.716978,-0.557044,0.419099
0,0,-0.652409,-0.15823,0.741165
0,0,-0.398954,0.526615,0.750675
0,0,0.617765,-0.0417312,0.785254
0,0,-0.981802,-0.0636224,0.178935
0,0,-0.574874,-0.497287,0.649789
0,0,0.117007,-0.306763,0.944566
0,0,0.409513,0.508228,0.75763
0,0,-0.70817,0.127665,0.694404
0,0,0.0988101,0.0919773,0.990846
0,0,0.529304,-0.743458,0.408788
0,0,-0.626667,0.193304,0.754932
0,0,0.0279332,-0.718831,0.694624
0,0,-0.670604,-0.349759,0.654186
0,0,0.658281,0.369544,0.655823
0,0,-0.135388,-0.649218,0.748456
0,0,-0.417595,-0.868009,0.268655
0,0,0.201374,-0.966091,0.161605
0,0,0.851022,0.286751,0.439926
0,0,0.174486,-0.794201,0.582064
13.733,19.9481,0.0843751,0.587764,0.80462
16.3859,21.6425,-0.809689,0.504211,0.300291
0,0,0.378666,-0.925006,0.0312582
0,0,0.679548,0.263384,0.684722
0,0,0.724004,-0.149715,0.673353
0,0,0.173676,0.654695,0.735671
0,0,0.0529578,0.797788,0.600608
0,0,0.3917,-0.341924,0.854201
0,0,-0.180122,0.982903,0.0381678
0,0,-0.427908,-0.897986,0.102545
0,0,-0.888694,0.423631,0.175382
0,0,-0.853227,0.42299,0.305094
0,0,0.677312,-0.684199,0.270406
0,0,0.0996152,-0.903473,0.41691
0,0,-0.720998,-0.125301,0.681514
0,0,-0.321108,0.712974,0.623344
0,0,0.0650019,0.983722,0.167531
0,0,0.220269,0.713987,0.664608
0,0,-0.252109,0.622794,0.740654
0,0,0.287783,0.857951,0.425559
0,0,0.894649,0.402898,0.19307
0,0,0.972519,0.177996,0.150079
0,0,0.268439,-0.894258,0.358109
0,0,0.0974681,-0.911917,0.398632
0,0,0.374063,0.407281,0.833186
0,0,-0.456781,-0.76926,0.446755
0,0,0.980764,-0.162682,0.107873
0,0,-0.129727,0.582464,0.802438
0,0,0.0972341,-0.24158,0.965497
0,0,-0.505946,-0.747042,0.431216
0,0,-0.846918,0.313207,0.429687
0,0,0.276363,-0.118878,0.953673
0,0,0.770418,0.477043,0.422949
0,0,0.343447,-0.599496,0.722945
0,0,0.0912026,-0.176097,0.980139
0,0,0.342511,-0.809758,0.476422
0,0,0.976042,-0.179379,0.123147
0,0,-0.813602,-0.437961,0.382417
0,0,-0.723704,0.160144,0.671272
0,0,-0.930011,0.34344,0.130875
0,0,-0.20146,-0.217172,0.955118
0,0,-0.660153,-0.0995387,0.744506
0,0,0.337847,-0.479817,0.809713
0,0,0.475469,0.775772,0.414859
0,0,-0.30092,0.320996,0.898002
0,0,-0.126011,-0.942997,0.308021
0,0,-0.98255,-0.0164699,0.185269
0,0,0.0179239,0.534519,0.844966
0,0,-0.244841,-0.95301,0.178395
15.2495,22.9927,0.654335,0.0650763,0.7534
0,0,-0.17343,0.696143,0.69664
0,0,0.765384,-0.566759,0.304913
0,0,-0.811401,0.578198,0.0855238
0,0,-0.662797,0.624416,0.413286
0,0,-0.718862,-0.0418381,0.693893
0,0,-0.77877,-0.00228896,0.627305
0,0,0.773688,0.179285,0.607671
0,0,-0.0291605,-0.684712,0.72823
0,0,-0.490754,-0.614694,0.617504
0,0,-0.531093,-0.482009,0.696856
0,0,0.669182,-0.378454,0.639506
0,0,-0.210117,-0.361404,0.908426
0,0,-0.625284,-0.581514,0.520444
0,0,0.844016,-0.51907,0.134918
0,0,-0.459608,0.886029,0.0609414
0,0,-0.549423,0.187544,0.814225
0,0,-0.689103,-0.594228,0.414766
0,0,0.269862,-0.786855,0.555008
0,0,-0.342322,-0.85626,0.386826
0,0,0.8294,0.463095,0.312473
0,0,-0.266466,0.396043,0.878718
0,0,0.356413,-0.717025,0.599037
0,0,-0.573823,0.708745,0.410375
0,0,-0.910204,-0.368406,0.189223
0,0,0.631336,0.235846,0.738777
0,0,-0.568488,-0.822691,0.0010445
0,0,-0.985633,-0.100296,0.1359
0,0,0.229847,0.642704,0.730823
0,0,0.927915,0.222617,0.299024
0,0,0.376211,0.688865,0.619621
0,0,-0.960968,-0.23421,0.147263
0,0,0.412012,-0.764796,0.495312
0,0,-0.0992619,0.989353,0.106433
0,0,-0.421452,-0.879297,0.221843
0,0,0.516344,-0.637051,0.572324
0,0,0.898758,0.432626,0.0712004
0,0,0.808736,0.145994,0.569765
0,0,0.385481,-0.0713449,0.919953
0,0,-0.362392,0.77625,0.515857
0,0,0.768633,-0.361684,0.527625
0,0,-0.805589,-0.396182,0.44053
0,0,-0.856508,0.431131,0.283763
0,0,0.29861,-0.352097,0.887051
0,0,-0.662702,0.108967,0.740913
0,0,0.541943,0.153479,0.826282
0,0,0.0277951,-0.727274,0.685785
0,0,0.224197,-0.485511,0.844994
13.1694,18.2897,0.166258,0.304549,0.937874
0,0,0.239598,-0.528598,0.814357
0,0,-0.779984,0.241663,0.577256
0,0,0.403036,-0.121824,0.90704
0,0,0.0931197,-0.537174,0.838316
0,0,-0.584353,0.741587,0.329516
0,0,0.504638,-0.394632,0.767858
0,0,-0.900192,-0.140343,0.41226
0,0,-0.137653,0.939435,0.313868
0,0,-0.917829,-0.127692,0.375879
0,0,-0.103418,-0.96802,0.228564
0,0,-0.0147762,-0.622507,0.782474
0,0,0.0346472,-0.986952,0.157241
1.40916,1.78605,0.0150246,0.233551,0.972228
0,0,-0.141773,-0.764831,0.628438
0,0,-0.258447,0.494578,0.829818
0,0,-0.335856,-0.289772,0.896232
0,0,0.398042,0.269161,0.876992
0,0,0.768095,0.381689,0.514144
0,0,0.373428,-0.486079,0.790114
0,0,0.234975,-0.672218,0.702075
0,0,-0.193649,0.839841,0.507117
0,0,-0.569071,-0.443859,0.692205
0,0,0.0635122,-0.994838,0.0791414
0,0,-0.487345,-0.447926,0.749571
0,0,0.897668,-0.0252316,0.43995
0,0,-0.654279,-0.0264681,0.75579
0,0,0.428224,0.856613,0.287817
0,0,0.00140393,-0.917924,0.396754
0,0,-0.178245,-0.961017,0.211364
0,0,0.187097,-0.235669,0.953653
0,0,-0.923147,-0.220882,0.31466
0,0,-0.999167,-0.0311601,0.0263596
0,0,0.260444,0.505925,0.822319
0,0,-0.903237,-0.132657,0.408123
0,0,-0.264036,-0.16117,0.950952
0,0,-0.453039,-0.86803,0.203172
0,0,0.249297,0.932983,0.259602
0,0,-0.682339,0.675784,0.2788
0,0,-0.290613,-0.949467,0.118565
0,0,0.856053,-0.352607,0.377944
0,0,0.529893,0.511104,0.676746
0,0,0.495785,-0.86717,0.0470488
0,0,0.965973,-0.071246,0.248638
0,0,-0.54585,0.619279,0.564395
0,0,0.672699,-0.720564,0.168118
0,0,-0.54625,-0.647592,0.531259
0,0,-0.291759,0.779193,0.554738
0,0,-0.191766,0.940348,0.281018
0,0,0.834855,-0.408748,0.368703
0,0,0.461364,-0.338684,0.820022
0,0,-0.804536,-0.0694816,0.589826
0,0,0.575886,0.0805694,0.81355
0,0,-0.515897,-0.800882,0.304037
0,0,0.625492,-0.195668,0.755297
0,0,0.42574,0.281581,0.859917
0,0,-0.993054,0.074238,0.0912846
0,0,-0.880002,-0.22651,0.41748
0,0,0.151399,-0.0862428,0.984703
0,0,-0.506899,-0.718031,0.476953
0,0,0.772224,-0.189314,0.606491
0,0,-0.178048,0.111102,0.97773
0,0,0.0479638,0.155816,0.986621
0,0,0.600227,-0.570306,0.560784
0,0,0.401312,0.4959,0.770086
0,0,-0.926192,-0.155412,0.343533
0,0,0.867958,0.0780611,0.490464
0,0,-0.723363,0.592885,0.353882
0,0,0.401078,-0.907113,0.127603
0,0,0.0929177,0.603472,0.791952
0,0,0.513022,0.199788,0.834801
0,0,-0.853111,0.242572,0.461909
0,0,-0.0923252,0.994126,0.0564762
0,0,0.556546,-0.726175,0.403641
0,0,0.587303,-0.170668,0.791169
0,0,0.00161836,-0.689569,0.724218
0,0,-0.992439,0.106885,0.0603339
0,0,0.106904,0.675298,0.729756
0,0,-0.71373,-0.281443,0.641389
0,0,0.673726,-0.503137,0.541245
0,0,0.025369,0.443037,0.896144
0,0,0.82435,-0.427704,0.370832
0,0,-0.818258,-0.414367,0.39844
0,0,-0.446572,-0.894258,0.0295888
0,0,0.816877,-0.173711,0.550033
0,0,-0.654976,-0.282462,0.700872
0,0,0.0595889,0.640698,0.765477
0,0,0.692986,-0.697637,0.181857
0,0,-0.663104,-0.702317,0.258928
0,0,0.883024,-0.337165,0.326478
0,0,0.980118,0.169191,0.103649
0,0,0.695889,0.717481,0.0309691
0,0,0.624928,-0.662437,0.413089
0,0,0.468445,-0.37493,0.799991
0,0,0.801493,0.429447,0.416154
0,0,-0.997647,-0.0192332,0.0658138
0,0,-0.548847,0.132508,0.825354
0,0,-0.733537,-0.30104,0.609342
0,0,0.598207,0.0107885,0.801269
0,0,-0.988585,0.0739605,0.131265
0,0,0.250662,0.524228,0.813851
0,0,-0.93276,0.34998,0.0864415
0,0,-0.89615,-0.439579,0.0607053
0,0,0.281922,0.568188,0.773099
0,0,0.435276,-0.0215778,0.900038
0,0,-0.112083,-0.936635,0.331892
0,0,-0.36336,-0.252232,0.896855
0,0,0.316095,-0.175417,0.932369
0,0,0.687328,-0.146426,0.711434
0,0,-0.0740579,-0.821585,0.565256
0,0,0.153576,-0.84764,0.507859
0,0,0.0439201,-0.289613,0.956136
0,0,-0.186317,0.46494,0.865515
0,0,-0.265219,0.350935,0.898055
0,0,-0.608778,-0.787136,0.0990298
0,0,-0.514958,-0.833777,0.199082
0,0,-0.564696,0.200914,0.80047
0,0,0.104235,-0.349762,0.931022
0,0,0.0286865,0.427396,0.90361
0,0,0.680313,-0.148466,0.717727
0,0,0.824966,-0.472007,0.310871
0,0,-0.135654,0.502582,0.85382
0,0,-0.581425,0.369853,0.724675
0,0,-0.627574,-0.663324,0.407617
0,0,0.35143,-0.814748,0.461175
0,0,0.305718,-0.826555,0.472592
0,0,0.308163,0.882242,0.355928
0,0,-0.787699,0.46192,0.407628
0,0,-0.922121,-0.27311,0.274049
0,0,0.509439,0.673712,0.535336
0,0,-0.832447,0.506589,0.224499
0,0,-0.808121,0.209248,0.550596
22.7154,29.9322,-0.147445,0.107943,0.983162
0,0,0.775044,-0.623497,0.102755
0,0,0.613601,-0.735556,0.287145
0,0,-0.701252,-0.458355,0.546037
0,0,-0.692231,0.337896,0.637686
0,0,-0.505751,-0.0595499,0.860622
0,0,0.413882,0.789456,0.453278
0,0,-0.702893,-0.272373,0.65708
9.03139,11.437,-0.162336,0.020426,0.986524
0,0,-0.433375,0.0130444,0.901119
0,0,0.290661,-0.0546123,0.955266
0,0,-0.496282,-0.861915,0.103953
0,0,-0.0297792,0.297093,0.954384
0,0,0.574466,0.768322,0.28226
0,0,0.337641,0.722833,0.602919
0,0,-0.790441,-0.0476752,0.61068
0,0,0.482283,0.696364,0.531489
0,0,-0.880376,-0.10386,0.462765
0,0,0.979445,-0.181942,0.0870867
0,0,0.816506,0.489522,0.306082
0,0,0.279993,-0.401201,0.872148
0,0,-0.739278,-0.0944498,0.666744
0,0,-0.274174,-0.949778,0.150833
0,0,-0.515097,-0.352922,0.781103
0,0,-0.333223,-0.794491,0.507687
0,0,0.909997,0.0736302,0.408024
0,0,0.381166,-0.924447,0.0105376
0,0,-0.101754,-0.535919,0.838115
0,0,0.538688,0.840691,0.0552553
0,0,0.926313,0.150801,0.345258
0,0,0.984358,-0.0659048,0.163391
0,0,0.826452,-0.501065,0.25673
0,0,-0.956498,-0.123195,0.264451
12.6559,19.8855,0.654154,0.692562,-0.30404
0,0,-0.686135,0.343012,0.641531
0,0,0.884421,0.0779194,0.460139
0,0,0.990357,0.114979,0.0772818
0,0,0.794452,-0.50943,0.330647
0,0,0.509924,0.0989431,0.85451
0,0,-0.481578,0.00177867,0.876401
0,0,0.979832,0.199722,0.00630317
0,0,-0.439993,-0.370302,0.818097
0,0,0.525007,-0.505618,0.68463
0,0,0.484283,-0.650873,0.584666
0,0,0.0993014,0.690365,0.716614
0,0,-0.538811,0.50417,0.674904
0,0,-0.413202,0.517712,0.749159
0,0,0.697651,-0.100961,0.709289
0,0,0.399941,-0.830717,0.387242
0.65445,0.919493,-0.110512,-0.32738,0.938408
0,0,0.160927,-0.966983,0.197602
0,0,0.614794,-0.648815,0.448406
0,0,-0.899954,0.12083,0.418907
0,0,0.263097,0.888071,0.376976
0,0,0.996699,0.0782221,0.021727
0,0,0.148193,0.738032,0.658292
0,0,0.432601,0.599621,0.673284
0,0,0.663969,-0.665338,0.341278
0,0,-0.224675,-0.73937,0.634708
0,0,-0.990658,0.101012,0.0916171
0,0,0.656312,0.75437,0.0134646
0,0,0.803215,-0.0139727,0.595525
0,0,-0.761576,-0.544849,0.350914
0,0,0.829481,0.516705,0.212079
0,0,-0.911172,-0.318584,0.261283
0,0,0.474421,-0.550914,0.6866
0,0,0.67927,-0.732225,0.0493779
0,0,-0.178952,-0.941872,0.284348
0,0,-0.420608,-0.894752,0.150023
0,0,0.69959,0.511327,0.499119
0,0,0.311139,0.512111,0.800584
0,0,-0.6009,0.322889,0.731206
13.8208,20.938,0.872682,-0.436412,0.219021
0,0,0.738085,-0.183762,0.649202
0,0,0.7691,-0.515997,0.377137
0,0,-0.270602,-0.177748,0.94614
0,0,-0.103286,-0.9756,0.193746
0,0,-0.441993,-0.108358,0.89045
0,0,-0.166112,-0.554701,0.8153
0,0,0.40885,0.81924,0.402103
0,0,0.991456,-0.112473,0.0660642
0,0,0.236473,0.962545,0.132622
0,0,-0.0246866,-0.866161,0.499155
0,0,-0.402075,0.65937,0.635269
0,0,-0.812191,0.246738,0.528646
0,0,0.208224,0.128769,0.969568
0,0,-0.491812,-0.545191,0.678887
0,0,-0.42049,0.122395,0.899004
0,0,0.0202585,-0.0121944,0.99972
0,0,-0.320525,0.567135,0.758697
0,0,0.444371,0.880748,0.163759
0,0,-0.491837,-0.597148,0.633649
0,0,-0.825423,0.45984,0.32745
0,0,-0.0100219,0.587098,0.809454
0,0,-0.45973,-0.538885,0.705869
0,0,0.494642,0.239495,0.835447
0,0,-0.561724,-0.00391924,0.827315
0,0,0.839881,-0.290868,0.458252
0,0,0.912421,0.280598,0.297915
0,0,0.942072,-0.00798831,0.335315
0,0,-0.314876,0.091993,0.944664
0,0,-0.175065,0.627448,0.758723
0,0,0.255162,0.638438,0.726147
0,0,0.153287,0.541613,0.826534
0,0,0.154132,0.373278,0.914826
0,0,-0.495317,-0.469027,0.731215
0,0,0.161713,-0.954438,0.250792
0,0,0.688386,0.186824,0.700872
0,0,-0.344603,0.142759,0.92783
0,0,0.911635,-0.376088,0.16577
0,0,0.87754,0.00191074,0.4795
0,0,-0.00675262,-0.58413,0.811632
0,0,-0.777288,0.0214169,0.628781
0,0,-0.99053,-0.021245,0.135641
0,0,-0.375626,0.879781,0.291359
0,0,-0.284228,-0.909691,0.302782
0,0,-0.968929,0.053083,0.241577
0,0,-0.118743,-0.763875,0.634346
0,0,0.577926,-0.808446,0.111427
0,0,0.972266,0.108339,0.20727
0,0,0.0427537,-0.0086453,0.999048
0,0,0.181631,-0.967078,0.178243
0,0,0.102457,-0.574124,0.812333
0,0,-0.80682,-0.586516,0.0709974
0,0,0.201657,-0.909246,0.364152
0,0,0.673401,-0.432646,0.599456
0,0,-0.0915157,0.397076,0.913212
0,0,-0.628377,-0.490945,0.60342
0,0,0.783132,-0.126315,0.608892
15.1338,23.1271,0.202434,0.341409,0.917857
0,0,0.457437,0.435439,0.775335
0,0,0.443788,0.00296909,0.896127
0,0,-0.247358,0.967781,0.0470559
0,0,-0.093234,0.700428,0.707608
0,0,0.94155,0.30053,0.152204
0,0,0.669575,0.696687,0.25748
0,0,-0.423674,0.660706,0.619651
0,0,0.0349144,-0.70292,0.710412
0,0,-0.183353,-0.578442,0.79485
0,0,0.890614,-0.437221,0.125079
18.664,26.3965,-0.0698893,-0.101917,0.992335
0,0,0.36731,0.0212736,0.929855
0,0,0.283796,0.405639,0.868859
0,0,-0.982001,-0.188558,0.0109894
0,0,-0.602872,-0.672099,0.429916
0,0,0.542788,-0.427102,0.723163
0,0,0.0608429,-0.844534,0.532034
0,0,-0.655411,0.133437,0.743391
0,0,-0.601045,0.748942,0.278982
0,0,0.423166,0.791363,0.441221
0,0,0.728745,-0.680064,0.0802744
0,0,-0.0430783,-0.40193,0.914656
0,0,-0.284878,-0.470414,0.835198
0,0,0.698683,0.684539,0.207962
0,0,-0.735094,-0.637815,0.229847
0,0,-0.750914,0.654097,0.0910226
0,0,-0.969947,-0.134296,0.202898
0,0,0.424365,-0.432333,0.795615
0,0,0.0807494,0.108052,0.99086
3.17013,4.72324,0.229733,0.0256886,0.972915
0,0,0.424427,0.790807,0.441005
0,0,-0.365638,0.248236,0.897044
0,0,0.0775852,0.992759,0.0917019
0,0,0.250163,-0.510793,0.822502
0,0,0.263107,0.794442,0.547391
0,0,-0.864783,-0.0195147,0.501766
0,0,0.93185,0.256725,0.256415
0,0,-0.761223,-0.517851,0.390345
0,0,0.0228953,0.913251,0.406754
0,0,-0.82223,-0.478698,0.307874
0,0,0.860258,-0.0043395,0.509841
0,0,0.472461,0.817553,0.329222
0,0,0.806452,0.576161,0.132941
0,0,0.532641,0.679925,0.50398
0,0,0.428662,-0.866658,0.25525
0,0,-0.779159,0.510625,0.363557
0,0,0.994358,0.0998491,0.0358216
0,0,-0.615648,0.518135,0.593728
0,0,-0.650292,-0.755716,0.0775533
0,0,0.179289,-0.221266,0.958591
0,0,0.361966,-0.24625,0.899078
0,0,-0.608859,0.471071,0.638266
0,0,0.37733,-0.130864,0.916786
0,0,0.258923,0.249249,0.933185
0,0,0.804544,0.151274,0.574303
0,0,-0.589673,-0.266297,0.762478
0,0,0.597799,-0.0568394,0.799628
8.10093,11.4385,-0.798307,0.509967,-0.320374
0,0,-0.439106,0.729341,0.52464
0,0,0.143118,-0.565842,0.811998
0,0,0.101981,-0.102323,0.98951
0,0,-0.0306981,-0.994638,0.0987574
0,0,-0.266535,0.895514,0.356391
0,0,-0.332699,-0.679496,0.653909
0,0,-0.484852,0.508291,0.71173
0,0,0.382939,-0.224852,0.895991
0,0,0.904821,0.0802606,0.41816
0,0,0.742852,0.202782,0.638005
0,0,0.963007,0.244001,0.114374
14.7731,21.2383,0.628949,-0.3064,0.714522
0,0,-0.339478,0.937564,0.0756859
0,0,-0.963912,0.176167,0.199599
0,0,-0.0981672,-0.965091,0.24282
0,0,0.79847,-0.0843436,0.596097
0,0,-0.761747,0.629908,0.151515
0,0,-0.473044,0.859416,0.193995
0,0,-0.320143,-0.727933,0.606318
0,0,0.0855254,-0.76395,0.639583
0,0,0.822007,-0.559446,0.106415
0,0,0.159188,0.968651,0.19072
0,0,0.31322,-0.937586,0.151086
0,0,0.766534,0.221323,0.602862
0,0,-0.780629,0.109121,0.615395
0,0,-0.594188,0.248269,0.765051
0,0,-0.302095,0.952796,0.0303003
0,0,0.467882,0.146955,0.871488
0,0,0.075188,-0.939151,0.335175
0,0,0.744677,-0.383938,0.545937
0,0,-0.914376,0.381024,0.136881
0,0,0.466385,0.83522,0.291363
0,0,0.825804,0.270369,0.494923
0,0,0.539087,-0.499506,0.678144
0,0,-0.0819664,-0.801617,0.592193
0,0,-0.963295,0.256314,0.0797864
0,0,-0.744215,0.262015,0.614404
0,0,-0.456322,-0.888911,0.040105
0,0,-0.0503859,0.991655,0.118668
0,0,0.428446,0.330152,0.841091
0,0,0.46234,0.228194,0.856836
0,0,0.936593,-0.342934,0.0720369
0,0,-0.758534,0.55749,0.337389
0,0,-0.728924,-0.285536,0.622205
0,0,0.386927,-0.428975,0.816253
0,0,-0.0873915,0.806638,0.584549
0,0,0.134474,-0.609434,0.781349
0,0,-0.805822,-0.56636,0.172881
0,0,-0.817213,0.30246,0.490592
0,0,0.0643287,-0.483643,0.872898
0,0,-0.237371,-0.837283,0.492556
0,0,-0.9408,-0.257128,0.220866
0,0,-0.0909705,0.679878,0.727661
0,0,0.487825,-0.721609,0.491231
7.37946,10.43,0.205359,-0.507354,0.836911
0,0,-0.947028,-0.320299,0.0233667
0,0,-0.501351,-0.795505,0.340322
0,0,0.295192,0.832632,0.4686
0,0,-0.548173,0.567937,0.613965
0,0,0.219102,-0.744491,0.630656
0,0,0.755923,0.430346,0.493338
0,0,-0.467829,-0.848904,0.245965
0,0,0.136037,-0.410838,0.901502
0,0,0.837997,-0.543596,0.0475781
0,0,-0.174882,0.346605,0.921564
0,0,0.872309,0.161313,0.461578
0,0,-0.523611,0.0793988,0.84825
0,0,0.573977,-0.611298,0.544852
0,0,0.329514,0.13557,0.934367
0,0,-0.723586,-0.422378,0.545912
0,0,0.630645,0.205285,0.748428
0,0,0.242753,0.381647,0.891861
0,0,-0.933583,0.305816,0.186813
0,0,0.273422,0.673532,0.686728
0,0,0.554057,-0.254324,0.792679
2.96136,3.17233,0.359275,-0.207534,0.909863
0,0,-0.043891,-0.787457,0.614805
0,0,0.206867,-0.330757,0.920764
0,0,-0.178948,0.973717,0.140902
0,0,0.332573,-0.940848,0.0648031
0,0,-0.431752,0.807121,0.402673
0,0,-0.115451,0.758873,0.640923
0,0,-0.427166,0.392162,0.814701
0,0,-0.297537,0.535769,0.790205
0,0,0.364727,0.789486,0.493645
0,0,-0.981378,0.138183,0.133427
0,0,-0.240151,0.761152,0.602475
0,0,0.888705,-0.141129,0.436219
0,0,0.149983,0.751095,0.642932
12.7445,18.0386,-0.108815,0.0301002,0.993606
0,0,-0.284457,-0.542277,0.790582
0,0,-0.389469,-0.879863,0.272314
0,0,0.611352,-0.363513,0.702927
0,0,-0.388238,0.921446,0.0144503
23.3415,31.6969,-0.725541,-0.38872,0.56788
0,0,0.0883673,-0.868638,0.487503
0,0,0.455185,0.885609,0.0922139
0,0,-0.971268,-0.143041,0.190206
0,0,0.775556,-0.0233148,0.630848
0,0,-0.178126,-0.743924,0.644087
0,0,-0.982891,0.0322779,0.18134
0,0,-0.932053,-0.0668647,0.356097
0,0,0.0866065,0.975558,0.201954
0,0,0.459642,0.35009,0.81619
0,0,-0.808597,0.152266,0.568318
0,0,0.682057,0.272822,0.678503
0,0,0.0609563,0.914605,0.399728
0,0,0.798735,-0.165074,0.578596
0,0,-0.0862558,0.967046,0.239546
0,0,0.0228625,0.951702,0.30617
0,0,0.659424,0.651862,0.37448
0,0,-0.201374,0.640915,0.740727
0,0,-0.422399,0.797246,0.431252
0,0,0.348617,0.875913,0.333531
0,0,0.299772,0.167351,0.939218
0,0,-0.240826,0.233969,0.941945
0,0,-0.792019,-0.553861,0.256795
0,0,0.404651,0.910949,0.0801786
0,0,-0.428914,0.767038,0.477164
0,0,-0.448213,0.853408,0.266082
0,0,0.581448,0.440055,0.684302
0,0,-0.497841,0.85572,0.141056
0,0,-0.740423,0.67202,0.0127606
0,0,0.0617784,0.99455,0.0839906
0,0,0.623944,-0.606656,0.492608
0,0,-0.983866,-0.176635,0.028419
13.9291,20.4366,-0.910642,-0.214294,-0.353284
0,0,-0.332314,-0.315154,0.888957
0,0,-0.579792,-0.171701,0.796468
0,0,-0.246538,-0.905836,0.344501
0,0,0.0701569,-0.020644,0.997322
0,0,-0.0945335,0.766836,0.634844
0,0,0.43174,0.901946,0.00964716
0,0,0.677094,0.702292,0.219839
0,0,-0.640937,-0.752253,0.15269
0,0,0.274949,0.537535,0.797157
0,0,-0.120365,-0.422154,0.898498
0,0,-0.342586,-0.171348,0.923729
0,0,0.32461,-0.79963,0.505193
0,0,0.490574,-0.465196,0.736838
0,0,-0.695803,-0.352525,0.625767
0,0,0.469084,0.880749,0.0651264
0,0,-0.145002,-0.536561,0.83131
0,0,-0.0661361,-0.535096,0.842198
0,0,-0.131098,-0.200759,0.970829
0,0,0.88891,0.134817,0.437794
0,0,-0.664565,-0.00595835,0.747207
0,0,0.80799,0.510452,0.294265
0,0,-0.544646,-0.83643,0.0612053
0,0,0.902378,0.0907487,0.421281
0,0,-0.855916,0.502523,0.121973
0,0,0.0160084,0.56607,0.824202
0,0,-0.828878,0.170515,0.53281
0,0,0.874602,-0.431431,0.221219
0,0,-0.0244657,0.959005,0.28233
0,0,-0.0160393,0.950284,0.31097
0,0,0.434991,-0.351292,0.829082
0,0,-0.764733,-0.639907,0.0755091
0,0,0.953389,0.293528,0.0699352
0,0,-0.827473,0.410685,0.382918
0,0,0.036659,-0.332942,0.942234
0,0,-0.850256,0.343563,0.398785
0,0,0.329576,0.906526,0.263799
0,0,0.444637,0.36325,0.818747
0,0,-0.461181,0.195583,0.865482
0,0,-0.826899,-0.559736,0.0541554
0,0,-0.83978,0.499991,0.211609
0,0,0.0264807,-0.506815,0.861648
0,0,-0.993158,0.0101419,0.116337
0,0,-0.774223,-0.188821,0.60409
0,0,-0.92157,-0.373383,0.106273
0,0,0.0529971,0.826817,0.559969
0,0,0.450449,-0.631061,0.631552
0,0,-0.870115,-0.479313,0.114715
0,0,-0.342883,0.937677,0.0565131
0,0,0.317358,-0.859625,0.400412
0,0,-0.303523,-0.25719,0.917457
0,0,0.407407,0.291966,0.865318
0,0,-0.673816,-0.725932,0.13782
0,0,0.39362,-0.779458,0.487348
0,0,-0.0109229,-0.989709,0.14268
0,0,-0.422165,0.77555,0.46936
22.2173,28.4964,0.538436,-0.72983,0.42123
0,0,0.314335,-0.80278,0.506692
0,0,-0.9863,-0.156047,0.0534985
0,0,0.358611,-0.619765,0.698062
0,0,0.337762,-0.333903,0.880015
0,0,-0.256946,0.941498,0.218082
0,0,-0.616062,0.787438,0.0202079
0,0,-0.418157,0.576908,0.701656
0,0,-0.861604,0.298412,0.410597
0,0,0.00187813,0.474423,0.880295
4.25596,6.39044,-0.738192,-0.144147,0.65901
0,0,-0.931038,-0.0414211,0.362563
0,0,0.299767,0.782003,0.546453
0,0,-0.240036,-0.949483,0.202152
0,0,-0.782222,0.563528,0.26564
0,0,0.175771,0.516745,0.837902
0,0,0.982069,0.179468,0.0577172
0,0,-0.993642,-0.0853541,0.0734179
0,0,-0.31258,0.61997,0.719674
0,0,0.672979,0.721401,0.163338
0,0,0.407819,-0.86616,0.288876
0,0,0.0704706,-0.65646,0.751062
0,0,-0.397885,0.644541,0.652882
0,0,-0.443163,-0.896377,0.0106785
0,0,-0.171599,-0.765062,0.620672
0,0,-0.209623,-0.37809,0.901724
0,0,-0.184161,-0.948753,0.256813
0,0,0.286982,-0.518531,0.80546
0,0,-0.441987,0.660757,0.60667
0,0,-0.859393,-0.488795,0.150077
0,0,-0.888411,0.372791,0.267866
0,0,-0.521654,0.737582,0.428776
0,0,0.463052,0.394972,0.793461
0,0,-0.900564,-0.365464,0.235415
0,0,0.52728,0.813803,0.244337
0,0,-0.385515,-0.252982,0.887343
0,0,0.322389,0.86969,0.373769
0,0,0.402954,-0.50677,0.76211
0,0,-0.772411,-0.592282,0.229312
0,0,0.256825,-0.588719,0.766453
0,0,-0.378184,-0.905732,0.191383
0,0,0.695348,-0.270981,0.665627
0,0,-0.861048,-0.453768,0.229545
0,0,0.457118,0.873077,0.169648
0,0,-0.919571,0.321526,0.225852
0,0,0.798603,-0.5979,0.0689127
0,0,-0.53725,-0.747629,0.390403
0,0,0.885401,0.463106,0.0399804
0,0,-0.825891,0.514991,0.229539
0,0,-0.491216,-0.338855,0.802424
0,0,-0.150183,0.709802,0.688205
0,0,0.844637,-0.515537,0.144254
0,0,-0.681666,0.306771,0.664246
0,0,0.828609,0.243085,0.504298
0,0,0.523924,0.42238,0.739661
0,0,-0.212597,0.236781,0.948018
0,0,-0.991391,-0.0495533,0.121199
0,0,-0.691665,0.683444,0.233459
0,0,-0.124294,-0.589999,0.797779
0,0,-0.35758,-0.817691,0.45113
0,0,0.305202,-0.503011,0.808599
0,0,0.779409,0.605974,0.159115
0,0,0.204877,-0.97652,0.0665869
0.183108,0.279461,-0.56477,0.239404,0.78976
0,0,0.241444,-0.797474,0.552938
0,0,-0.758866,-0.608322,0.232525
0,0,0.662117,0.637405,0.394102
0,0,0.291678,-0.69068,0.661729
0,0,-0.40621,0.891423,0.200893
0,0,0.920837,0.30897,0.2379
0,0,-0.623528,0.63274,0.459187
0,0,-0.682178,-0.0839743,0.726348
0,0,0.819892,0.522169,0.234771
0,0,0.238436,-0.825242,0.51198
0,0,-0.187297,-0.979806,0.0700015
0,0,0.0995438,-0.968969,0.226251
0,0,-0.407776,-0.0482968,0.911804
0,0,0.477837,0.66815,0.570305
0,0,-0.875971,-0.204693,0.436778
0,0,0.365998,-0.330847,0.869819
0,0,-0.76389,0.532892,0.364003
0,0,0.860818,-0.424505,0.280691
0,0,0.780686,0.196692,0.593162
0,0,0.839844,0.261186,0.475861
0,0,0.286533,0.814543,0.5044
0,0,0.00844309,-0.820932,0.570963
0,0,0.707738,-0.10305,0.698919
2.96747,4.93232,0.0834234,-0.109828,0.990443
12.5187,18.2253,0.796423,-0.257061,0.547385
0,0,0.983486,-0.0568235,0.171831
0,0,-0.541653,-0.812722,0.214697
0,0,-0.363319,-0.910888,0.19566
16.7588,24.3534,0.010893,-0.644104,0.76486
0,0,-0.494781,-0.319586,0.808119
0,0,0.821411,-0.474728,0.316097
0,0,-0.701757,0.610907,0.36651
0,0,-0.49872,-0.334209,0.799739
0,0,-0.437359,0.0534869,0.897695
0,0,0.0429197,0.922254,0.384193
0,0,-0.268141,0.957665,0.104779
0,0,0.791105,-0.211708,0.573875
0,0,-0.104748,0.519342,0.848122
0,0,-0.86033,0.390705,0.327386
0,0,-0.596395,0.768722,0.231041
0,0,0.501359,0.134239,0.854762
0,0,-0.65715,-0.512312,0.552893
0,0,-0.719863,-0.542342,0.433201
0,0,-0.0427082,0.867943,0.494825
0,0,-0.435182,-0.876205,0.207078
0,0,-0.474411,0.763504,0.438173
0,0,0.52602,0.837898,0.145705
0,0,-0.835883,-0.547984,0.031842
0,0,-0.694358,0.0625586,0.716906
0,0,0.455778,-0.769206,0.447871
0,0,0.167456,-0.860665,0.480847
0,0,-0.979117,-0.0379974,0.199715
0,0,0.17117,0.963985,0.203555
0,0,0.825472,0.197564,0.528739
0,0,-0.213828,0.92489,0.314413
0,0,-0.0745412,0.808457,0.583816
0,0,-0.754001,-0.592239,0.284139
0,0,-0.25063,-0.557735,0.791275
13.1658,20.3368,-0.313836,0.913951,0.257296
0,0,0.372964,-0.273439,0.886639
0,0,-0.336749,0.314227,0.887616
0,0,0.588301,-0.24585,0.770364
0,0,-0.209124,-0.892107,0.400515
0,0,-0.335348,-0.922093,0.193097
0,0,-0.399721,0.843665,0.358402
0,0,-0.341561,0.608675,0.716136
0,0,-0.410273,0.550706,0.72691
0,0,-0.98026,-0.183128,0.0745312
0,0,0.650827,-0.673189,0.351057
0,0,0.298719,0.0568898,0.952644
0,0,-0.128221,-0.968086,0.215335
0,0,-0.968651,-0.230216,0.0933611
0,0,0.634008,0.444504,0.632811
23.1052,32.7558,-0.374252,0.900546,-0.22125
0,0,-0.684557,-0.574431,0.448788
0,0,-0.614464,0.678467,0.402636
0,0,-0.872602,-0.467049,0.142938
0,0,-0.633924,-0.0724307,0.769996
0,0,-0.90005,-0.429421,0.0742168
0,0,0.0633234,0.475816,0.877262
0,0,-0.486351,0.0503398,0.872312
0,0,0.69338,-0.493772,0.524798
0,0,0.900838,0.295722,0.317867
0,0,-0.292378,-0.946557,0.136176
0,0,0.874428,0.447155,0.188222
0,0,-0.326448,0.618803,0.714503
0,0,-0.0743616,0.972219,0.221946
0,0,-0.951727,0.292351,0.0935255
0,0,-0.252674,-0.960599,0.115782
0,0,-0.449106,-0.585791,0.674649
0,0,0.329572,0.636675,0.697156
0,0,0.694588,-0.60069,0.395878
0,0,-0.0934019,0.49697,0.862727
0,0,0.8513,0.30485,0.427031
0,0,-0.147607,-0.984486,0.0948682
0,0,0.616613,0.300404,0.727699
0,0,0.500093,-0.564661,0.656555
0,0,0.453779,0.390491,0.801
0,0,-0.270051,-0.636672,0.722303
0,0,-0.145392,-0.740442,0.656206
0,0,-0.364131,0.0711833,0.928623
0,0,0.515647,0.174641,0.838814
0,0,0.0370807,-0.999234,0.0125151
0,0,0.123354,0.825031,0.55146
0,0,0.816023,0.0980791,0.569637
0,0,0.481463,0.138244,0.865495
0,0,-0.404337,-0.0385858,0.913796
0,0,0.787159,0.373433,0.490845
0,0,0.463394,0.776516,0.426953
0,0,0.516111,0.733148,0.442858
0,0,0.422398,-0.796628,0.432393
0,0,0.57508,0.810135,0.113863
0,0,0.147987,-0.878129,0.454961
0,0,0.607692,0.735448,0.299712
0,0,0.942736,0.0131854,0.33328
0,0,0.152082,0.700776,0.696982
0,0,-0.154231,0.977732,0.142311
0,0,0.911718,-0.357027,0.203231
0,0,-0.852812,-0.00789654,0.522159
0,0,-0.281158,-0.712914,0.64242
0,0,-0.111918,0.317477,0.941638
0,0,0.142292,0.660823,0.73693
0,0,-0.334892,0.188856,0.923136
0,0,0.93153,0.133205,0.338391
0,0,0.388282,-0.678,0.624141
0,0,0.802462,-0.332425,0.495529
0,0,0.604403,0.775175,0.18385
0,0,-0.667708,0.358856,0.652218
0,0,-0.453096,0.69917,0.553051
0,0,0.132932,-0.991113,0.00492593
0,0,0.18191,-0.977589,0.105967
5.03416,8.13749,0.870896,0.360694,0.333825
0,0,0.253524,0.905513,0.340252
0,0,0.277652,-0.91292,0.299144
0,0,-0.492902,-0.46764,0.733731
0,0,0.787089,-0.432637,0.439676
0,0,-0.869692,0.360911,0.336718
0,0,0.622933,-0.184088,0.760306
0,0,0.969996,0.0214716,0.24217
0,0,0.111788,0.911244,0.396405
0,0,-0.628147,-0.512333,0.585616
0,0,-0.86002,-0.185297,0.475426
12.3369,19.0801,0.285949,-0.906052,-0.311934
0,0,-0.499326,-0.772182,0.392947
0,0,0.606983,0.79325,0.0482396
0,0,-0.4062,0.130363,0.904438
0,0,-0.831272,-0.546481,0.101713
0,0,0.500084,0.847402,0.178397
0,0,-0.867707,-0.489866,0.084358
0,0,-0.0976408,-0.485495,0.86877
0,0,0.14916,-0.899742,0.410141
0,0,-0.721346,-0.661079,0.206482
0,0,-0.340482,-0.377832,0.860997
0,0,0.579406,-0.745752,0.328849
0,0,-0.603383,-0.401682,0.688898
0,0,-0.713029,0.0940722,0.694795
0,0,0.330151,0.775013,0.538847
0,0,0.731049,0.495145,0.469466
0,0,0.42002,0.258083,0.870044
0,0,-0.264913,0.609184,0.747473
0,0,-0.147242,0.71522,0.683213
0,0,-0.510553,0.850979,0.123166
0,0,0.918485,-0.0836522,0.386506
0,0,-0.954998,0.202202,0.217011
0,0,-0.317278,-0.722291,0.614517
0,0,-0.728865,0.680136,0.0785567
0,0,-0.923219,0.338279,0.182301
0,0,-0.559784,0.41267,0.718572
0,0,0.579351,-0.621988,0.526766
0,0,-0.613751,-0.0473843,0.788077
0,0,0.12384,-0.710676,0.692534
0,0,0.926283,-0.366452,0.0878281
0,0,0.487383,0.443023,0.752455
0,0,-0.926436,-0.0869411,0.366275
0,0,-0.882044,0.42479,0.203842
0,0,0.407652,0.00926331,0.91309
0,0,-0.534863,-0.840362,0.0878239
0,0,0.576231,0.810944,0.101626
0,0,0.70625,0.697065,0.123742
0,0,0.262387,-0.713985,0.649137
0,0,-0.2826,-0.262754,0.92255
0,0,0.852974,0.399937,0.335388
0,0,0.0640874,0.975102,0.212294
0,0,-0.541647,0.598654,0.590111
0,0,0.291059,-0.308551,0.905583
0,0,0.896557,0.405347,0.178547
0,0,-0.639585,0.716755,0.277837
0,0,0.0448821,-0.50173,0.863859
0,0,-0.871508,-0.389585,0.297821
0,0,-0.171354,0.430954,0.885955
0,0,0.54056,0.186127,0.820458
0,0,0.975571,-0.186803,0.115607
0,0,0.393737,0.0173862,0.919059
0,0,0.337239,0.301154,0.891951
0,0,-0.529426,0.648255,0.547242
0,0,0.424475,0.760399,0.491543
0,0,0.783781,-0.0214697,0.620666
0,0,-0.776557,0.275556,0.566593
0,0,-0.606221,0.688997,0.397214
0,0,0.612852,0.00294414,0.790192
0,0,-0.32834,-0.796205,0.508183
9.53156,14.5632,-0.390814,0.0467553,0.919282
0,0,0.657175,0.609849,0.44295
0,0,-0.168963,0.258095,0.95123
0,0,-0.864709,0.42231,0.271907
0,0,0.591277,-0.794667,0.137466
0,0,-0.113746,0.963206,0.243506
0,0,-0.843113,-0.448398,0.296816
0,0,0.638609,0.660895,0.394202
0,0,0.0288193,-0.923232,0.383161
0,0,-0.438234,0.856104,0.27393
0,0,0.492153,0.470643,0.732312
0,0,0.823231,-0.0884015,0.560781
0,0,0.308842,0.159017,0.937726
7.25967,9.63468,-0.938249,-0.145198,-0.314016
0,0,-0.568812,-0.174491,0.803745
0,0,-0.428088,-0.728449,0.534886
0,0,-0.88998,-0.424084,0.167597
0,0,0.451978,-0.476151,0.754318
0,0,-0.338214,0.561154,0.755458
0,0,0.334823,0.81651,0.470324
0,0,0.953058,0.241368,0.182816
0,0,-0.582645,0.294148,0.757629
0,0,-0.312679,-0.949656,0.0196271
0,0,0.90219,-0.00422609,0.431317
0,0,0.994781,0.0795622,0.0638774
0,0,0.554994,-0.741496,0.377048
0,0,0.158452,0.600761,0.783568
0,0,0.17609,0.983734,0.0354871
0,0,0.68551,-0.699947,0.200376
0,0,0.74241,-0.136814,0.655828
0,0,0.556407,-0.169527,0.813432
0,0,0.230886,0.868508,0.438618
0,0,-0.170843,0.760603,0.626335
0,0,0.220189,-0.922139,0.318082
0,0,0.189407,0.962387,0.194774
0,0,0.0361858,0.781537,0.622809
0,0,0.409598,0.139679,0.90151
0,0,-0.666203,-0.653581,0.359174
0,0,0.00582372,-0.785543,0.61878
9.46683,15.8536,0.8102,-0.320633,0.490683
0,0,0.418116,-0.729406,0.54143
0,0,-0.476435,0.272344,0.835965
0,0,-0.119588,-0.898429,0.42252
0,0,-0.706262,0.704122,0.0735295
0,0,0.827066,0.111362,0.550963
0,0,-0.66678,-0.701981,0.250253
0,0,-0.950294,0.268598,0.157466
0,0,0.700265,0.489808,0.519342
0,0,0.926166,0.197574,0.321217
0,0,-0.612781,-0.236885,0.753913
0,0,-0.271574,-0.825911,0.494084
0,0,0.915986,0.0789811,0.393359
0,0,0.629704,0.769448,0.10688
0,0,-0.726469,0.684099,0.0652006
0,0,-0.158114,-0.042291,0.986515
0,0,-0.845219,-0.404562,0.349191
0,0,0.629855,-0.317728,0.708753
0,0,-0.457739,-0.887162,0.0584696
0,0,-0.926242,0.00956497,0.376808
0,0,0.127662,0.948008,0.291519
0,0,-0.257333,0.806469,0.532342
0,0,0.60477,-0.7911,0.0917326
0,0,-0.317638,-0.0623356,0.946161
0,0,-0.756534,0.494541,0.427885
0,0,-0.764731,-0.490943,0.417327
0,0,0.0720618,-0.278186,0.95782
0,0,0.418862,0.907884,0.0173203
0,0,0.806001,0.175308,0.565358
0,0,-0.116577,-0.90563,0.407731
0,0,-0.515209,0.416665,0.748966
0,0,0.374632,0.0502282,0.925812
0,0,-0.241451,-0.854392,0.460125
0,0,0.770986,0.635093,0.0472957
0,0,-0.194074,-0.201858,0.959994
0,0,0.800883,0.544381,0.249471
0,0,0.728228,0.082784,0.680316
0,0,-0.670597,-0.0475931,0.740294
0,0,0.767893,0.630723,0.111931
0,0,-0.310463,0.731356,0.607232
0,0,0.242563,0.857689,0.453358
0,0,0.542119,-0.804846,0.241515
0,0,-0.00738197,-0.185965,0.982529
0,0,0.766452,0.543091,0.342934
0,0,-0.174435,-0.865317,0.469893
0,0,0.790572,0.595009,0.144777
0,0,-0.662603,0.363083,0.655078
0,0,-0.00990572,-0.662692,0.748827
0,0,0.897782,-0.364823,0.246764
0,0,-0.420081,0.800459,0.427547
0,0,0.0641352,-0.963117,0.261328
0,0,0.319552,-0.0773856,0.944404
13.3926,19.2648,-0.619192,-0.453524,0.641028
0,0,0.771869,0.633987,0.0477456
0,0,-0.769931,-0.0575622,0.635525
0,0,-0.208218,-0.64397,0.736171
0,0,0.260429,0.551181,0.792702
0,0,-0.472589,-0.485647,0.735395
0,0,0.378009,0.189053,0.906293
0,0,-0.369524,0.443809,0.816386
0,0,0.179197,-0.892052,0.414888
0,0,-0.511777,-0.443029,0.736077
0,0,-0.939955,-0.259643,0.221519
0,0,0.404832,-0.391301,0.826435
0,0,-0.696537,-0.0513798,0.715679
0,0,0.221278,0.706069,0.672683
0,0,-0.991012,-0.133745,0.00268236
0,0,-0.312197,-0.0990278,0.944842
0,0,0.255469,0.753074,0.606313
0,0,-0.34595,0.886362,0.307703
0,0,-0.319603,-0.748607,0.580897
0,0,-0.849817,0.291199,0.439333
0,0,0.388846,-0.359373,0.848322
0,0,-0.304457,-0.385485,0.871038
0,0,-0.0573607,-0.339497,0.938857
0,0,-0.805121,-0.425969,0.412712
0,0,0.505783,-0.496099,0.70574
0,0,-0.808209,-0.0366667,0.587753
0,0,-0.612813,0.0834054,0.785814
0,0,0.615035,0.681636,0.396363
0,0,-0.0512976,-0.986424,0.156002
0,0,-0.63538,0.52875,0.562776
0,0,0.0609024,-0.993978,0.0910918
0,0,-0.383171,-0.658102,0.648137
0,0,-0.380029,0.661524,0.646501
0,0,-0.522442,-0.692649,0.497285
0,0,0.0667093,-0.22077,0.973042
18.1793,27.4476,0.0661734,-0.441752,0.894693
0,0,-0.945708,0.256335,0.199823
0,0,0.339449,0.300676,0.891273
0,0,-0.795085,-0.572569,0.200011
0,0,0.984395,0.160225,0.0727643
0,0,0.85242,-0.465842,0.237427
0,0,-0.369443,-0.348559,0.861405
0,0,-0.499856,-0.749219,0.434529
0,0,0.644334,-0.74604,0.168104
0,0,0.943727,-0.104527,0.313772
0,0,0.5739,0.128032,0.808856
0,0,0.868089,0.0629676,0.492399
0,0,0.184016,0.971928,0.146611
0,0,0.0925703,-0.741921,0.664066
0,0,-0.282697,0.919934,0.271669
0,0,-0.976509,-0.103241,0.189135
0,0,-0.714596,-0.671182,0.197147
0,0,0.505925,-0.569748,0.647632
0,0,-0.950124,0.0600152,0.306042
0,0,0.523909,-0.722124,0.451725
0,0,-0.165995,-0.0324162,0.985594
0,0,-0.530474,0.819531,0.216716
0,0,0.616089,-0.17533,0.767915
0,0,0.638755,-0.643963,0.421075
0,0,0.34843,-0.687335,0.637312
0,0,0.611982,-0.736428,0.28836
0,0,-0.771738,-0.594039,0.22702
0,0,0.913129,-0.401368,0.0714063
0,0,0.91893,0.349933,0.181973
8.66664,12.9118,0.0573504,0.0237514,0.998072
0,0,-0.506633,-0.784719,0.357127
0,0,0.109861,0.975918,0.188455
0,0,0.844361,-0.0618943,0.532188
0,0,0.52173,-0.745426,0.414896
22.4282,32.3791,0.044153,0.182772,0.982163
21.6314,30.191,-0.268231,-0.437762,-0.858147
0,0,-0.802712,0.578238,0.145926
0,0,0.361913,0.920081,0.149899
0,0,-0.656879,0.750609,0.0713895
0,0,-0.531306,0.317915,0.785267
0,0,-0.0462313,-0.622353,0.781371
0,0,-0.9626,-0.216216,0.163253
0,0,-0.569522,-0.82126,0.0343195
0,0,-0.380494,-0.458772,0.802965
0,0,0.744032,0.61315,0.26545
0,0,-0.403768,-0.900178,0.16325
0,0,-0.573524,0.804542,0.154212
0,0,-0.976423,0.213079,0.0345734
0,0,-0.194126,-0.216347,0.956822
0,0,0.798203,0.294178,0.525672
0,0,0.416038,-0.353367,0.83788
0,0,0.183295,-0.524065,0.83172
0,0,-0.911707,-0.180729,0.368956
0,0,0.493934,-0.867954,0.0518197
0,0,0.444192,-0.825921,0.3472
0,0,-0.366133,0.697597,0.615877
0,0,0.990184,0.0114859,0.139296
0,0,-0.273321,0.787531,0.552351
0,0,-0.0998903,0.923108,0.371341
0,0,0.119392,0.911652,0.393238
0,0,-0.457075,0.145069,0.877518
0,0,-0.708127,-0.384625,0.592132
0,0,-0.588948,-0.808151,0.00572013
0,0,-0.960068,0.267156,0.0830457
0,0,0.0015241,-0.751046,0.660249
0,0,0.648824,0.279278,0.707836
0,0,-0.811277,0.421883,0.404777
0,0,0.643345,0.646678,0.409775
0,0,-0.209856,-0.703288,0.679225
0,0,-0.626151,0.775055,0.0849959
0,0,0.495677,0.719536,0.486387
0,0,0.174675,-0.971868,0.157991
0,0,0.303888,-0.600896,0.739308
0,0,0.175583,0.310256,0.934298
0,0,-0.0599798,0.684625,0.726423
0,0,0.539017,-0.814963,0.212829
0,0,-0.561576,0.431454,0.706031
0,0,-0.195923,0.980606,0.00506439
0,0,-0.550028,0.16393,0.8189
0,0,-0.17154,-0.734179,0.656929
0,0,0.514233,-0.0567365,0.855772
0,0,-0.0872768,0.988752,0.121462
0,0,0.840343,-0.193395,0.506382
0,0,0.626866,0.49583,0.600992
0,0,-0.244969,-0.754393,0.609
0,0,0.605945,0.449129,0.656592
0,0,0.0582162,0.780412,0.62255
0,0,0.491256,0.81672,0.302714
0,0,-0.0130048,-0.81228,0.583122
0,0,-0.0152413,0.527444,0.849453
0,0,-0.723859,-0.199587,0.66045
0,0,0.694051,-0.718628,-0.0432219
0,0,0.0718494,-0.656404,0.75098
9.45592,13.7837,-0.164224,-0.265914,0.949905
0,0,0.0875949,-0.918579,0.385409
0,0,0.29728,-0.290491,0.909527
0,0,0.953326,0.115978,0.27878
0,0,0.716334,-0.685028,0.132671
0,0,-0.870609,-0.488213,0.060724
0,0,0.866731,-0.296376,0.401171
0,0,0.504813,0.682386,0.52869
0,0,0.251425,0.655519,0.712096
0,0,0.320676,-0.0556228,0.945554
0,0,0.794323,0.559424,0.236846
0,0,-0.0952156,0.289143,0.952539
0,0,0.520297,0.452373,0.724327
0,0,0.723751,0.190758,0.663171
0,0,-0.273648,-0.204634,0.939809
0,0,-0.115342,-0.277294,0.953837
0,0,0.848207,0.479908,0.224128
0,0,-0.787202,-0.439539,0.432573
20.9927,27.6908,-0.0304934,0.0285951,0.999126
0,0,-0.446164,-0.602415,0.661841
0,0,-0.31472,-0.596116,0.738646
0,0,0.186938,0.685134,0.704021
0,0,-0.279664,0.478927,0.832116
0,0,-0.60546,-0.681732,0.410682
0,0,0.0211199,-0.850145,0.526124
0,0,-0.966819,-0.242485,0.0803903
0,0,-0.13141,-0.889119,0.438405
0,0,-0.979675,0.0534049,0.193351
0,0,-0.891767,-0.41587,0.178337
0,0,0.509152,0.406887,0.758424
0,0,0.657573,-0.462565,0.594669
0,0,-0.638508,-0.66139,0.393536
0,0,0.553797,0.813969,0.175395
0,0,0.157491,-0.931734,0.327213
0,0,-0.554906,0.635095,0.53734
0,0,-0.646968,-0.609879,0.457689
0,0,0.694945,-0.641091,0.325658
0,0,-0.585107,-0.693905,0.419697
0,0,-0.167738,0.591389,0.788748
0,0,-0.886951,-0.293334,0.356755
0,0,-0.533269,0.318366,0.783752
0,0,0.630972,0.641736,0.435947
0,0,0.85186,-0.0338039,0.522677
0,0,0.0797578,-0.117265,0.989893
0,0,0.499117,-0.205682,0.84177
0,0,-0.419192,0.20471,0.884518
0,0,0.387744,0.832047,0.396677
0,0,0.671716,-0.402391,0.621996
0,0,0.752088,0.656169,0.061691
0,0,0.543815,0.717329,0.43555
0,0,0.743097,-0.634886,0.211486
0,0,0.558819,-0.137979,0.81773
0,0,0.166188,0.545457,0.821498
0,0,-0.819283,-0.283832,0.498211
0,0,-0.474822,0.87948,0.0325425
0,0,0.605863,-0.207793,0.767953
0,0,0.0129706,-0.560086,0.828333
0,0,0.22238,-0.361143,0.905606
0,0,-0.874893,0.375179,0.306271
0,0,0.818527,-0.00130054,0.574466
0,0,-0.633039,0.470336,0.614855
0,0,-0.0569692,0.493744,0.867739
0,0,0.0602534,-0.0403313,0.997368
0,0,-0.65418,0.327192,0.681905
0,0,-0.54363,-0.733149,0.408607
0,0,-0.436411,0.360262,0.824474
0,0,0.823616,-0.55296,0.126062
0,0,0.811621,0.531457,0.242538
0,0,-0.341332,-0.514061,0.786914
0,0,-0.595793,-0.623282,0.506508
0,0,0.297869,-0.854362,0.425839
0,0,-0.0960035,-0.868277,0.486701
0,0,-0.477707,0.878108,0.0268692
0,0,0.659098,0.711393,0.243946
23.1642,32.454,0.268269,-0.787903,0.554293
0,0,0.905593,-0.296621,0.303179
0,0,-0.387269,-0.753249,0.531638
0,0,-0.57691,0.602763,0.551227
0,0,-0.878214,0.400814,0.260937
0,0,-0.479571,-0.709482,0.516379
0,0,0.35055,0.408172,0.842918
0,0,0.484854,-0.86363,0.138056
8.70457,12.2668,0.137764,0.197467,0.970581
0,0,-0.386512,-0.603119,0.697751
0,0,0.305665,0.46549,0.830595
0,0,0.4106,-0.901261,0.138332
0,0,0.0997017,0.469335,0.877374
0,0,0.524933,0.647158,0.55284
0,0,0.822435,-0.50536,0.261175
0,0,-0.847807,-0.468454,0.248543
0,0,0.755608,-0.464774,0.461564
0,0,-0.994048,-0.0467676,0.0983916
0,0,0.152774,0.858535,0.489466
0,0,-0.211112,-0.658242,0.722599
0,0,0.574477,-0.70001,0.42422
0,0,-0.794614,0.216706,0.567122
0,0,-0.17505,0.486036,0.856228
0,0,0.602515,0.11116,0.790329
4.62824,6.79463,-0.122355,0.018674,0.992311
0,0,0.444712,0.608801,0.656957
0,0,0.0676709,0.290412,0.954506
0,0,0.111955,0.840345,0.530364
0,0,0.553179,-0.833051,0.00429849
0,0,-0.343739,-0.700287,0.625653
0,0,0.694432,0.506651,0.510948
0,0,0.741635,0.409884,0.531011
0,0,-0.690795,-0.487713,0.533796
0,0,-0.870695,-0.476205,0.122962
0,0,-0.757962,0.19614,0.622111
0,0,0.450389,-0.0657838,0.890406
0,0,-0.515282,0.342344,0.785675
0,0,-0.211404,0.49166,0.844736
0,0,0.73194,0.234289,0.639823
0,0,0.722607,-0.143721,0.676154
17.315,24.8689,-0.841386,0.276011,0.464636
0,0,-0.337848,0.118314,0.933735
0,0,-0.00747807,0.536294,0.843998
0,0,-0.867978,-0.353446,0.348841
0,0,-0.243752,0.578251,0.778596
0,0,-0.28733,-0.331022,0.898814
0,0,-0.981498,-0.190585,0.0183981
0,0,0.86381,-0.0961122,0.494565
0,0,0.940567,-0.0741297,0.33142
0,0,-0.710047,0.47706,0.517926
0,0,0.601656,0.435528,0.669571
0,0,-0.436258,-0.786379,0.437364
0,0,0.624133,0.691289,0.364112
0,0,-0.622174,-0.767966,0.152076
0,0,0.00718331,-0.990402,0.138028
0,0,-0.0789927,-0.791519,0.606018
0,0,0.638587,-0.131571,0.758219
0,0,-0.0891648,-0.702419,0.706156
0,0,-0.952843,-0.138389,0.270073
0,0,-0.770693,-0.314066,0.554432
0,0,0.572811,-0.591728,0.567226
0,0,-0.892087,-0.381357,0.24238
0,0,-0.0218599,0.933378,0.358229
0,0,0.966842,-0.0779227,0.243198
0,0,0.869907,-0.485819,0.0850949
0,0,-0.225599,0.972179,0.0630349
0,0,-0.313586,0.156817,0.936521
0,0,0.691506,-0.580896,0.429393
0,0,0.739084,0.63626,0.221197
17.2563,23.7027,-0.110627,-0.313451,0.943138
0,0,-0.393841,0.493048,0.775753
0,0,0.649209,-0.424497,0.631134
0,0,0.512342,0.858775,0.00327548
0,0,0.160123,0.837441,0.522546
0,0,0.264146,0.957992,0.111704
0,0,0.407576,-0.47362,0.780747
0,0,-0.886361,0.142758,0.440437
0,0,-0.742991,0.0694595,0.665688
0,0,-0.815322,-0.248164,0.523129
0,0,-0.329168,0.80952,0.486133
0,0,0.875486,0.424308,0.231273
0,0,-0.437298,0.821713,0.365458
0,0,0.723434,-0.674015,0.149491
0,0,-0.456085,-0.730729,0.507958
0,0,0.740622,0.453818,0.495509
0,0,-0.000584619,0.986676,0.162698
0,0,0.970236,-0.166703,0.175648
0,0,0.719112,-0.531225,0.447971
0,0,0.872137,0.487999,0.0351149
0,0,-0.31838,-0.638434,0.70074
0,0,0.378233,-0.298718,0.876189
0,0,-0.948248,0.211917,0.236469
0,0,-0.726219,0.679381,0.105104
0,0,-0.668638,0.243138,0.702714
0,0,-0.0674417,0.589529,0.804927
0,0,-0.892705,-0.0165396,0.450337
0,0,-0.908568,0.368288,0.197151
0,0,0.997805,0.0108487,0.0653274
0,0,-0.0868027,0.992782,0.0827624
0,0,-0.733701,0.276013,0.620887
0,0,0.417465,-0.899232,0.130787
0,0,-0.652789,-0.172952,0.737532
0,0,0.38498,-0.326365,0.863294
0,0,0.191329,-0.977265,0.0913556
0,0,0.180104,0.614573,0.768025
0,0,0.889731,0.348247,0.295131
0,0,-0.874141,-0.26255,0.408588
0,0,0.631739,-0.417205,0.653335
0,0,0.808803,-0.0194088,0.58776
0,0,-0.211309,-0.969894,0.121055
0,0,-0.188939,0.730693,0.656041
0,0,-0.00225632,-0.815688,0.578488
0,0,0.169425,0.975223,0.14225
0,0,-0.124363,-0.984572,0.123092
0,0,0.612027,-0.0246061,0.790454
0,0,-0.392928,0.804921,0.444646
0,0,-0.575318,-0.817168,0.0352894
0,0,-0.707579,-0.379225,0.596255
0,0,0.760046,0.645462,0.0755566
0,0,-0.818845,0.275291,0.503694
0,0,-0.192533,0.573708,0.79611
0,0,-0.565055,-0.806032,0.176143
0,0,-0.614464,0.276467,0.738918
18.7449,29.0678,-0.621394,0.167868,-0.765304
0,0,0.371485,-0.917293,0.143431
0,0,-0.83846,-0.481171,0.25585
0,0,0.0750276,0.503895,0.8605
0,0,0.65007,-0.329302,0.684813
0,0,0.96396,0.201713,0.173474
0,0,-0.263821,-0.659115,0.704249
0,0,0.154988,0.939428,0.305701
0,0,0.973278,0.130408,0.189006
0,0,0.850119,0.377336,0.367307
0,0,0.9686,-0.201636,0.145455
0,0,0.74863,0.383153,0.541061
0,0,0.275511,-0.744964,0.607554
0,0,-0.379411,-0.925029,0.0192077
0,0,0.468978,-0.472021,0.746495
0,0,0.746091,0.665843,0.00112686
0,0,0.437061,0.537527,0.721139
0,0,-0.260845,-0.770148,0.582092
0,0,-0.601187,-0.477786,0.640542
0,0,-0.400999,0.0852764,0.912101
0,0,-0.741082,-0.0554348,0.669123
0,0,0.686473,-0.66891,0.285157
0,0,-0.639068,0.267798,0.721024
0,0,-0.210087,-0.442702,0.87171
0,0,0.533407,0.659976,0.529065
0,0,-0.585041,-0.809341,0.0518997
20.365,27.7071,-0.323226,0.915058,0.241233
0,0,-0.361152,0.932397,0.0142976
0,0,0.49374,-0.407129,0.768419
0,0,-0.543378,0.266352,0.796114
0,0,0.397409,-0.889538,0.225363
0,0,0.356352,-0.610952,0.706931
0,0,-0.969894,0.0337812,0.241172
0,0,-0.31433,0.941894,0.118457
0,0,-0.953793,-0.168356,0.248867
0,0,0.530433,0.459754,0.712227
0,0,-0.822259,0.568616,0.0237801
0,0,-0.901615,0.42929,0.0529266
0,0,0.897569,0.392471,0.20084
0,0,-0.870941,0.416686,0.26045
0,0,-0.487093,-0.0383736,0.872507
0,0,0.765257,0.278518,0.580354
0,0,0.578424,0.462627,0.671864
0,0,0.511363,0.824038,0.243861
0,0,0.00496498,0.773214,0.634126
0,0,-0.419855,-0.870468,0.256919
0,0,-0.89157,-0.428126,0.147687
0,0,0.824726,0.271229,0.496248
0,0,0.189352,0.915264,0.355581
0,0,-0.407019,-0.435217,0.80307
0,0,0.348296,0.0882486,0.933221
0,0,0.176943,-0.979991,0.0911528
0,0,0.20428,-0.552553,0.808056
0,0,0.58887,-0.426538,0.686511
0,0,-0.841811,0.363111,0.399381
0,0,0.804797,-0.456039,0.379907
0,0,0.484014,-0.608833,0.628533
0,0,0.341577,0.658263,0.670832
0,0,-0.651311,0.622124,0.43446
0,0,0.0564946,-0.740893,0.669243
0,0,-0.0332564,0.911381,0.410218
0,0,0.190003,0.652092,0.733945
0,0,-0.978534,-0.00749562,0.205949
2.10857,3.15975,-0.32528,0.791122,0.517995
0,0,0.201113,0.709487,0.675412
0,0,0.725476,0.452104,0.518928
0,0,-0.649834,0.446171,0.615343
0,0,-0.244213,-0.895254,0.372667
17.0067,25.1331,0.171698,-0.195421,0.965573
0,0,0.281565,0.954382,0.0993749
0,0,-0.112952,0.0806285,0.990324
0,0,-0.658269,-0.67819,0.326711
0,0,-0.45499,0.0339482,0.889849
0,0,-0.603034,-0.796872,0.036676
0,0,-0.329628,-0.943047,0.0448074
0,0,-0.805722,-0.281037,0.521374
0,0,-0.924468,-0.124146,0.360482
0,0,-0.673119,-0.408337,0.616581
0,0,0.0128672,0.844136,0.535975
0,0,-0.833969,0.491554,0.250739
0,0,-0.546707,0.837307,0.00535934
0,0,0.219348,-0.688476,0.691294
0,0,-0.302242,0.693392,0.654108
0,0,-0.65606,0.021056,0.754415
0,0,-0.71888,0.6695,0.187032
0,0,-0.707146,-0.658359,0.257891
0,0,0.574256,0.78526,0.23151
0,0,0.215003,-0.961631,0.170412
0,0,-0.464571,-0.156888,0.871528
0,0,0.961894,-0.185918,0.200486
0,0,0.208048,-0.86489,0.456817
0,0,0.126999,0.649128,0.750003
0,0,0.265828,-0.794821,0.545524
0,0,0.627104,0.16624,0.76099
0,0,0.272093,-0.77432,0.571309
0,0,-0.879188,0.462154,0.115945
0,0,-0.354047,0.746054,0.563963
0,0,-0.140017,-0.433391,0.890262
0,0,-0.0421991,-0.936248,0.348795
0,0,-0.0498943,0.663235,0.746746
0,0,-0.886261,0.416636,0.202375
0,0,0.420151,0.664589,0.617896
0,0,0.680621,0.53013,0.505684
0,0,0.281548,0.937617,0.203974
0,0,-0.91498,-0.310006,0.258277
0,0,0.976322,-0.119071,0.180605
0,0,-0.447904,-0.601986,0.661056
0,0,0.179782,0.93778,0.297063
0,0,0.221607,0.688978,0.690072
0,0,0.894296,0.16048,0.41771
0,0,-0.350721,-0.283262,0.892613
0,0,0.205452,-0.761908,0.614236
0,0,-0.525601,-0.153365,0.836793
0,0,0.128227,-0.910003,0.394275
0,0,0.712256,0.606525,0.353298
0,0,-0.894656,-0.42034,0.151346
0,0,-0.978,0.0989639,0.183638
0,0,-0.97191,-0.233379,0.0304288
0,0,0.685955,-0.454249,0.56844
0,0,0.741932,-0.55488,0.376358
0,0,0.614161,-0.670782,0.415761
0,0,0.969157,-0.0870344,0.230565
0,0,-0.783657,0.538006,0.310535
0,0,-0.916638,0.101599,0.38659
0,0,-0.237921,-0.963569,0.122183
0,0,0.397174,0.67328,0.623656
0,0,0.743512,0.529984,0.407807
0,0,0.547723,0.558315,0.623124
0,0,-0.130319,0.888285,0.440417
0,0,-0.739718,-0.539714,0.401903
0,0,-0.553628,0.471432,0.686475
0,0,-0.611452,-0.475305,0.632622
0,0,0.34097,0.836553,0.428858
0,0,0.571623,0.117711,0.812029
0,0,0.133446,0.642671,0.754431
0,0,-0.246113,0.739014,0.627126
0,0,0.932662,0.334441,0.13524
0,0,0.0792214,0.992777,0.0900969
0,0,0.37864,-0.655365,0.65355
0,0,-0.342226,0.854076,0.391709
0,0,0.302334,-0.639336,0.706996
0,0,-0.890907,0.343915,0.296659
0,0,0.0171866,0.366475,0.930269
0,0,-0.18864,0.96533,0.180424
0,0,-0.460929,0.886283,0.0452357
0,0,0.840303,0.105775,0.531698
0,0,-0.0123688,0.746813,0.664919
22.4656,31.101,0.804394,-0.393349,0.445226
0,0,0.922386,0.230626,0.309863
0,0,0.974183,-0.0307397,0.223656
0,0,-0.13583,0.159137,0.977868
0,0,0.407214,0.605003,0.684214
0,0,-0.937574,-0.334619,0.0947911
0,0,-0.437299,0.372404,0.818587
0,0,-0.0868212,0.722949,0.685425
0,0,-0.049928,0.992587,0.110803
0,0,-0.759522,0.546755,0.352398
0,0,0.484553,0.585052,0.650325
0,0,0.193592,0.971086,0.139692
0,0,-0.988762,0.00695362,0.149338
0,0,0.0527821,-0.951739,0.302335
7.78888,11.3589,0.0533232,-0.357796,0.932276
0,0,0.1485,0.629455,0.762715
0,0,-0.551678,0.474713,0.685784
0,0,0.46504,-0.260305,0.846155
0,0,0.503806,-0.508939,0.697969
0,0,-0.6802,-0.550386,0.484152
0,0,0.913366,-0.139387,0.382536
0,0,-0.195693,-0.967889,0.157783
0,0,0.00663204,0.9966,0.0821247
0,0,0.0743236,-0.543834,0.835895
0,0,0.150812,-0.803163,0.576354
8.50626,10.8458,-0.471103,-0.866776,0.163589
0,0,-0.991246,-0.127323,0.0349239
0,0,-0.788251,-0.320124,0.525529
0,0,-0.405596,0.0981591,0.908767
0,0,0.328032,0.501988,0.800252
0,0,0.89979,-0.221324,0.376023
0,0,-0.598548,-0.493342,0.631153
0,0,-0.382415,-0.602716,0.700351
0,0,0.331839,0.8696,0.365622
0,0,0.563345,0.582194,0.586252
0,0,0.791013,-0.376648,0.482116
0,0,0.914094,-0.113509,0.389292
0,0,0.778966,-0.150667,0.608697
0,0,0.579806,0.393383,0.713495
0,0,0.744345,0.631148,0.218181
0,0,-0.919207,-0.301714,0.253036
0,0,-0.577497,-0.335185,0.744411
0,0,-0.0911039,0.129604,0.987372
0,0,0.897882,-0.433716,0.0754932
17.0662,23.5429,-0.983991,0.151454,0.093936
16.4818,23.9223,-0.466711,-0.0289918,0.883935
0,0,0.61678,-0.4861,0.619103
0,0,-0.694221,-0.697088,0.179238
0,0,-0.937291,-0.282231,0.204527
0,0,-0.745665,0.442861,0.497854
0,0,0.528131,0.694487,0.488636
0,0,-0.0219549,-0.696253,0.717461
0,0,-0.678804,0.721453,0.136864
0,0,-0.824728,-0.304243,0.476718
0,0,-0.329229,-0.940945,0.0789309
0,0,-0.0371543,0.917363,0.396315
0,0,0.382568,0.692491,0.611635
0,0,0.0354186,0.975613,0.216619
0,0,-0.78287,0.251446,0.569113
0,0,-0.194817,-0.127295,0.972544
0,0,-0.781136,0.380026,0.495386
0,0,-0.870824,-0.259363,0.417607
0,0,0.822724,-0.46434,0.327893
0,0,0.68887,0.353791,0.632685
0,0,-0.951536,0.0429107,0.304529
0,0,-0.466572,0.783168,0.411046
0,0,0.578409,-0.490109,0.652102
0,0,0.137106,-0.632358,0.762447
0,0,0.0231594,-0.780677,0.624506
0,0,-0.376836,-0.0711312,0.923545
0,0,-0.802534,-0.13176,0.581875
0,0,-0.977215,0.207976,0.0423942
0,0,-0.632959,0.670522,0.386992
0,0,-0.509243,0.659337,0.553124
0,0,-0.502524,-0.736956,0.452068
0,0,-0.759309,-0.173138,0.627275
0,0,-0.810455,0.566454,0.149306
0,0,0.802698,0.447091,0.394698
0,0,-0.368929,-0.811858,0.452523
0,0,0.370159,0.758934,0.535725
0,0,0.431734,-0.70772,0.55923
21.7457,32.5577,0.0143869,-0.64653,0.762753
0,0,-0.485508,0.396293,0.779252
0,0,-0.519377,-0.00799816,0.854508
0,0,-0.766792,0.590771,0.251038
0,0,-0.249738,-0.868895,0.427379
0,0,0.751999,-0.470969,0.46118
0,0,-0.263737,-0.100974,0.959295
0,0,-0.887899,-0.425039,0.176005
0,0,-0.77412,0.16147,0.612099
0,0,0.829139,0.057097,0.55612
0,0,-0.799195,0.336001,0.498388
0,0,-0.0642566,0.304002,0.950502
0,0,-0.0685335,-0.616617,0.784274
0,0,-0.818642,-0.419929,0.391771
0,0,0.907297,0.0440939,0.418171
0,0,0.471452,0.242733,0.847829
0,0,0.492341,0.810625,0.316997
0,0,0.290014,-0.785042,0.547358
0,0,0.21868,-0.795537,0.565066
0,0,-0.562604,-0.580271,0.588865
0,0,0.0186932,-0.708714,0.705248
0,0,-0.898819,-0.366485,0.240443
0,0,-0.763869,-0.575945,0.291189
0,0,-0.463702,0.665247,0.585172
0,0,0.429737,-0.643495,0.633435
0,0,-0.336662,0.905867,0.257027
0,0,-0.336462,-0.797385,0.50097
0,0,0.333885,-0.94257,0.0091056
0,0,-0.593645,-0.27985,0.754499
0,0,-0.443173,0.197841,0.874332
0,0,-0.6918,-0.1684,0.702178
0,0,-0.776392,0.499275,0.38463
0,0,0.148786,-0.988868,0.0016737
0,0,0.993817,-0.0162021,0.109841
0,0,-0.907399,-0.193091,0.373286
0,0,-0.754581,0.275325,0.595654
24.6517,37.5909,-0.998865,0.0178776,-0.0441504
0,0,-0.747434,-0.659577,0.0793738
0,0,-0.778934,0.447976,0.438839
0,0,0.244395,-0.838356,0.487269
0,0,-0.706278,-0.344313,0.618563
0,0,-0.291473,0.33674,0.895349
0,0,0.658643,0.603292,0.449698
0,0,0.829977,0.428474,0.357137
0,0,-0.872565,0.410916,0.264155
0,0,0.359524,0.162034,0.91896
0,0,0.285132,-0.917038,0.27882
0,0,-0.0148331,0.997439,0.0699674
0,0,-0.0482923,-0.998777,0.0106021
0,0,0.516988,-0.800082,0.30429
0,0,0.901287,-0.286154,0.325265
6.71958,10.3503,0.383688,0.293547,0.875565
0,0,0.696937,0.716695,0.0250456
0,0,0.895566,0.160274,0.415059
0,0,-0.988428,-0.0660971,0.136534
0,0,-0.621564,-0.776234,0.105446
0,0,0.65326,0.508556,0.560912
0,0,0.358884,0.932935,0.0289006
0,0,-0.425711,-0.87974,0.211727
0,0,0.120418,0.96489,0.233424
0,0,0.539656,-0.135528,0.830905
0,0,-0.395493,-0.621092,0.676632
0,0,0.17438,0.973117,0.150446
0,0,-0.178035,-0.483872,0.856838
0,0,-0.376145,0.509982,0.773585
0,0,-0.159068,-0.930026,0.331284
0,0,0.0397589,-0.998686,0.0323435
0,0,-0.843446,-0.391393,0.367983
0,0,-0.599372,0.359348,0.715277
14.209,20.5491,-0.636456,0.623812,0.453632
0,0,0.493107,-0.851352,0.179013
0,0,-0.839015,0.158391,0.520544
0,0,-0.804225,-0.462979,0.372658
0,0,0.269335,0.723211,0.635944
0,0,0.860992,-0.334488,0.383159
0,0,0.283981,0.798854,0.530271
0,0,-0.929733,-0.0459661,0.365354
0,0,0.254049,-0.670071,0.69747
0,0,0.940509,0.320782,0.111987
0,0,0.406455,0.642094,0.650008
0,0,0.721389,-0.691671,0.0344872
0,0,-0.711069,0.68359,0.164576
0,0,0.525983,-0.132929,0.840043
0,0,-0.505812,0.253276,0.824624
0,0,0.272893,-0.961663,0.0270758
0,0,0.872012,-0.0570148,0.486153
0,0,-0.680028,-0.708471,0.188761
0,0,0.206139,-0.542501,0.81437
0,0,-0.44878,0.717081,0.533285
0,0,-0.268041,-0.806249,0.527368
0,0,-0.355878,0.157055,0.921241
0,0,-0.017981,0.91179,0.410263
0,0,-0.0984665,-0.944754,0.312641
0,0,-0.260205,0.183615,0.947934
0,0,-0.129346,-0.508301,0.85141
0,0,0.249038,0.793185,0.555732
0,0,0.0230767,-0.489142,0.871899
0,0,-0.0231258,0.633174,0.773664
0,0,0.292312,0.68851,0.663708
0,0,-0.30104,0.370346,0.87876
0,0,0.273145,0.869099,0.412383
0,0,0.188711,0.892202,0.410322
0,0,0.953321,-0.200741,0.22557
0,0,0.987692,-0.086536,0.13029
0,0,-0.303873,-0.641528,0.704346
0,0,0.711639,0.363413,0.601249
0,0,-0.974626,-0.0541785,0.217185
0,0,0.71868,0.442281,0.53655
0,0,0.49362,-0.71484,0.495322
0,0,-0.943459,0.314586,0.104501
0,0,-0.669487,0.724012,0.166112
0,0,0.321707,-0.929641,0.179646
0,0,0.56643,0.42472,0.706236
0,0,-0.491555,0.86635,0.0883803
0,0,-0.0239082,-0.788217,0.614933
0,0,0.990096,-0.140388,0.00111983
0,0,0.136081,0.271289,0.95283
0,0,0.398821,0.829103,0.391829
0,0,-0.0751444,-0.912334,0.402491
24.1075,31.7988,0.452361,0.871739,-0.188258
0,0,0.667228,0.731,0.14299
0,0,-0.37173,-0.858863,0.35238
0,0,0.945474,0.268403,0.184497
0,0,0.400265,-0.877642,0.26369
0,0,0.963546,-0.262882,0.0497169
0,0,-0.906818,0.403177,0.123004
0,0,-0.113657,0.0890248,0.989523
0,0,-0.325621,0.222069,0.919052
0,0,-0.0509583,-0.996655,0.0638888
0,0,-0.0744771,-0.957387,0.279041
0,0,0.193572,-0.799451,0.56869
0,0,-0.178922,-0.551663,0.81465
0,0,0.603706,0.661679,0.444657
0,0,0.9981,0.0586978,0.0187478
0,0,-0.412559,0.491494,0.76696
0,0,0.12967,0.354316,0.926092
0,0,0.821427,-0.178237,0.541746
0,0,-0.38006,-0.15238,0.912324
0,0,0.477792,-0.86438,0.156726
0,0,0.750251,-0.398498,0.527563
0,0,-0.148159,0.965763,0.212958
0,0,-0.170936,-0.357352,0.918194
0,0,0.541066,-0.373317,0.753579
0,0,0.691576,0.72201,0.0206042
0,0,0.74878,0.11146,0.65338
0,0,-0.221274,-0.565412,0.794573
0,0,0.361788,0.179108,0.914893
0,0,-0.214369,0.653391,0.726034
0,0,0.887893,0.333217,0.317193
0,0,0.141782,0.968124,0.206479
0,0,-0.580495,-0.759351,0.293958
0,0,0.99481,-0.0540213,0.0862245
0,0,-0.716949,-0.589356,0.372348
0,0,0.452189,-0.236341,0.86004
0,0,0.678348,0.265041,0.685271
0,0,-0.847405,0.511727,0.141564
0,0,0.475959,-0.480255,0.736762
0,0,-0.505428,0.579434,0.639374
0,0,0.975551,0.191422,0.107972
0,0,-0.195594,-0.389358,0.90008
0,0,-0.844562,0.525531,0.102622
0,0,-0.415168,-0.18452,0.890835
0,0,-0.615977,-0.24514,0.748652
0,0,0.592695,-0.660955,0.460272
0,0,-0.948245,0.131858,0.288869
0,0,-0.784959,0.489853,0.379319
0,0,0.588301,-0.706945,0.392594
0,0,-0.491181,0.574763,0.654515
0,0,0.407359,-0.907234,0.104814
0,0,0.164565,0.567477,0.806777
0,0,-0.710956,-0.251765,0.656624
0,0,-0.53645,-0.799114,0.271363
0,0,0.0673298,0.678346,0.731651
0,0,0.0706374,-0.503093,0.861341
0,0,0.903855,-0.167195,0.393818
0,0,-0.907502,-0.234902,0.348227
0,0,-0.831605,0.0271344,0.554705
0,0,-0.304823,0.528958,0.792014
0,0,-0.964127,-0.157554,0.213628
0,0,-0.805143,-0.378594,0.456521
0,0,0.603392,0.0780625,0.793615
7.57011,10.2777,-0.0515309,0.213376,0.97561
0,0,-0.949238,-0.128102,0.287292
0,0,-0.0953464,-0.798184,0.594821
0,0,-0.567874,0.229024,0.790612
0,0,-0.870785,-0.285209,0.400487
0,0,0.83335,-0.260562,0.487478
0,0,0.324927,0.225948,0.918352
0,0,0.425968,0.902435,0.0645219
0,0,0.79213,-0.570343,0.217348
0,0,0.269282,-0.410093,0.871384
0,0,0.200702,-0.96537,0.166674
0,0,-0.398413,-0.491226,0.774574
0,0,0.00253327,0.957252,0.289243
0,0,0.0182796,-0.910655,0.412762
0,0,-0.526499,0.553342,0.645454
0,0,0.45591,0.362928,0.812668
0,0,0.0789488,0.659208,0.747804
0,0,0.832896,-0.256514,0.490392
0,0,0.507745,-0.787869,0.348507
0,0,-0.469232,0.745132,0.47392
0,0,-0.603078,0.179218,0.777289
0,0,-0.361004,-0.627358,0.689999
0,0,-0.968635,0.214977,0.124622
0,0,-0.49675,-0.19941,0.844675
0,0,-0.121416,0.990227,0.0686204
0,0,-0.823044,-0.127506,0.55348
0,0,-0.147233,0.987125,0.0625061
0,0,-0.826043,-0.366259,0.428377
0,0,0.374756,0.523467,0.765206
0,0,0.717288,-0.600846,0.35282
0,0,-0.0597034,-0.525596,0.848637
0,0,-0.185333,-0.761038,0.62167
0,0,-0.435571,0.880217,0.188405
0,0,0.276522,-0.745721,0.606165
0,0,0.96024,-0.0623747,0.272117
0,0,-0.130427,0.163165,0.97794
0,0,-0.54007,0.726194,0.425402
0,0,0.851324,-0.121824,0.5103
0,0,-0.906917,-0.192678,0.37467
0,0,0.481327,-0.282997,0.829601
0,0,0.526533,-0.715818,0.458659
0,0,0.114262,0.646553,0.754263
0,0,-0.643059,0.342725,0.684847
0,0,-0.0619235,-0.81887,0.570629
0,0,-0.795807,-0.110251,0.595429
0,0,-0.767011,0.395369,0.505349
14.9558,21.8631,0.450646,-0.267275,0.851752
0,0,0.427103,-0.769338,0.475081
0,0,-0.317719,-0.301351,0.899023
0,0,0.373993,0.738844,0.56057
0,0,0.0426161,-0.559756,0.827561
0,0,-0.335729,-0.81141,0.478435
0,0,-0.775606,-0.610949,0.158672
0,0,0.643603,0.441797,0.624973
0,0,-0.817866,0.15315,0.554652
0,0,-0.508839,0.857777,0.0728143
0,0,-0.90521,-0.176688,0.386492
0,0,0.293814,-0.778576,0.55452
0,0,0.225674,0.535663,0.813717
0,0,-0.673195,-0.0693473,0.736206
0,0,-0.899568,0.396186,0.183883
0,0,-0.741036,0.289463,0.605869
0,0,0.929927,-0.280496,0.237817
0,0,-0.456013,-0.521933,0.72086
0,0,-0.815068,0.0285004,0.578664
0,0,-0.647556,-0.239113,0.72353
0,0,-0.430684,0.835814,0.340481
0,0,-0.275671,0.648957,0.709127
17.786,26.0936,-0.0319921,0.88583,-0.462905
0,0,-0.444557,-0.25503,0.858679
0,0,0.905003,0.31121,0.290031
0,0,0.68055,0.546825,0.487682
0,0,0.125456,0.90292,0.411092
0,0,0.197562,-0.0561244,0.978682
0,0,0.345542,0.692524,0.633255
0,0,-0.367962,-0.88718,0.278416
0,0,-0.919034,-0.298609,0.257312
0,0,-0.727339,-0.374874,0.574846
0,0,0.306857,-0.778625,0.547342
0,0,-0.779663,0.624232,0.0495954
0,0,-0.621954,0.754628,0.20907
0,0,-0.726082,0.201557,0.657404
0,0,0.796175,0.433958,0.421647
0,0,-0.300939,0.67776,0.670878
0,0,-0.306617,0.756072,0.578223
0,0,0.432234,-0.178596,0.883899
0,0,-0.0949499,0.414858,0.904918
13.6566,21.7704,0.805096,-0.42882,0.409796
0,0,0.350727,0.81061,0.468937
0,0,-0.204979,0.738344,0.64252
0,0,0.466202,0.849247,0.247861
0,0,0.216586,0.368163,0.904183
0,0,-0.163607,-0.890021,0.425552
0,0,0.513354,0.838386,0.183238
0,0,-0.639164,-0.413778,0.648272
0,0,0.666316,0.741157,0.0819158
0,0,0.844821,0.530154,0.0722054
0,0,0.147942,0.803673,0.576388
0,0,-0.434851,-0.815273,0.382407
0,0,-0.86729,-0.44853,0.215936
0,0,0.961027,0.173208,0.215469
0,0,0.199173,0.44591,0.872636
0,0,-0.727926,0.320438,0.606171
0,0,0.945176,0.17876,0.273291
0,0,-0.865633,0.472682,0.165081
0,0,0.749608,0.513331,0.417827
0,0,0.0769405,-0.963239,0.25739
0,0,0.454508,-0.675412,0.580725
0,0,0.137106,-0.677971,0.722189
0,0,-0.057332,-0.953075,0.297256
0,0,0.56019,0.766743,0.313516
0,0,0.299168,-0.419347,0.857115
0,0,-0.583233,-0.358502,0.728914
0,0,-0.23492,0.766062,0.598299
0,0,-0.10033,0.973023,0.207751
0,0,-0.19302,-0.732678,0.65263
16.6978,22.763,0.101395,-0.337692,0.935779
0,0,-0.408518,0.578452,0.70605
0,0,-0.478494,0.217812,0.850647
0,0,-0.663933,-0.745142,0.0629009
0,0,0.0272583,-0.0244935,0.999328
0,0,0.419172,0.90394,0.0847788
0,0,0.307519,-0.892465,0.330058
0,0,0.0359444,-0.47256,0.880565
0,0,0.732739,-0.245223,0.63479
0,0,-0.425368,0.000676822,0.90502
0,0,-0.599893,-0.648986,0.467916
0,0,-0.548067,-0.677602,0.490386
0,0,0.723212,0.657117,0.212511
0,0,0.858766,-0.284101,0.42639
0,0,-0.812406,0.522859,0.258099
0,0,-0.521345,-0.58902,0.617458
0,0,0.0308858,0.890236,0.454452
0,0,0.830394,0.545056,0.115585
0,0,-0.377301,-0.368737,0.849516
0,0,0.914656,0.172643,0.365512
0,0,-0.498535,0.525122,0.689717
0,0,0.801519,-0.597865,0.0111953
0,0,0.958954,0.150927,0.240059
0,0,0.802035,0.59617,0.0363486
0,0,0.0447919,0.605706,0.794427
0,0,-0.698994,-0.666812,0.258399
0,0,-0.753729,-0.62626,0.199224
0,0,0.363972,0.562477,0.74239
0,0,-0.921546,0.36592,0.12983
0,0,0.836546,0.538661,0.100177
0,0,-0.329736,-0.900374,0.283901
0,0,0.3901,-0.908183,0.151741
0,0,-0.760596,-0.563682,0.322112
0,0,0.391173,-0.775457,0.49563
0,0,0.491532,0.789396,0.367765
0,0,0.0882798,-0.0237985,0.995811
0,0,0.0622619,0.900762,0.429827
0,0,-0.320249,0.854247,0.409516
0,0,0.717171,-0.171833,0.675381
0,0,0.530578,0.0114926,0.847558
0,0,-0.846207,0.527874,0.0726832
0,0,-0.408202,-0.747184,0.524487
0,0,0.577586,0.797063,0.176309
0,0,-0.258056,-0.944369,0.203896
0,0,0.137279,0.893455,0.42766
19.559,27.9163,0.129646,0.465552,0.875473
0,0,-0.866314,-0.190237,0.461854
0,0,0.447401,-0.844159,0.295345
0,0,0.478498,0.871405,0.108132
0,0,0.688568,0.692897,0.213936
0,0,0.589058,0.545372,0.596305
0,0,-0.866464,-0.132002,0.481472
0,0,0.261324,0.746989,0.611324
0,0,0.186979,0.0989183,0.977371
0,0,0.371921,-0.677767,0.634277
0,0,-0.434416,-0.0576656,0.898865
0,0,0.892735,0.363548,0.26619
0,0,0.268847,-0.335199,0.902975
0,0,-0.77817,-0.505779,0.372344
0,0,-0.366169,0.879038,0.305307
0,0,-0.302012,0.732644,0.609936
0,0,0.387554,-0.32993,0.860784
0,0,0.963354,-0.255106,0.0828917
0,0,-0.781089,-0.14315,0.607789
0,0,0.00473398,0.565849,0.824495
0,0,0.85924,0.12788,0.495332
0,0,-0.824753,-0.366039,0.431044
0,0,0.99165,0.0728342,0.106424
0,0,-0.243596,-0.264464,0.933124
0,0,-0.743302,-0.627826,0.230946
0,0,-0.978247,-0.0322036,0.204927
24.4663,31.1023,0.986688,0.161693,-0.0173967
0,0,0.283696,0.236614,0.929263
0,0,0.72447,-0.658518,0.203707
0,0,-0.517228,-0.731371,0.444491
0,0,-0.628465,-0.638804,0.443803
0,0,0.276375,0.924982,0.260816
0,0,-0.0828269,0.875524,0.476022
0,0,-0.433147,0.734166,0.522861
0,0,-0.837301,-0.115521,0.534398
0,0,-0.432976,-0.85909,0.272941
0,0,-0.566897,0.113693,0.815905
0,0,-0.396077,-0.844142,0.361312
0,0,0.768325,0.523682,0.368013
0,0,0.781783,0.39301,0.484105
0,0,-0.496494,0.1149,0.860402
0,0,-0.917609,0.214526,0.334624
0,0,-0.666341,-0.671045,0.325097
0,0,-0.277945,0.819749,0.500758
0,0,0.843841,-0.411755,0.344077
24.0048,33.9029,0.826038,-0.319872,0.464052
0,0,-0.0274261,0.516264,0.855991
0,0,-0.861129,-0.294323,0.414525
0,0,-0.737533,0.669013,0.0920167
0,0,0.901337,-0.312568,0.299821
0,0,-0.884503,-0.0486888,0.463986
0,0,-0.0169922,0.864336,0.502627
0,0,0.94923,0.0887291,0.301809
0,0,0.630464,0.736471,0.245206
0,0,0.982886,-0.0743408,0.168547
0,0,0.870543,0.0716047,0.486855
0,0,0.226139,0.615175,0.755262
0,0,0.711866,0.683671,0.16075
0,0,-0.657561,0.239614,0.714282
0,0,-0.836483,0.418702,0.353531
0,0,-0.459505,-0.253365,0.85127
0,0,0.661833,0.721711,0.202758
0,0,0.754091,0.649697,0.0961272
0,0,0.31201,-0.445189,0.839319
0,0,-0.525174,0.841281,0.128209
0,0,0.124871,-0.987362,0.0975897
0,0,-0.321462,-0.941669,0.0996103
0,0,-0.787482,-0.340048,0.514043
0,0,0.0531641,-0.98432,0.168189
0,0,0.546538,-0.75283,0.366801
0,0,0.415947,0.68219,0.601336
0,0,-0.0621268,0.754727,0.653091
0,0,0.912702,-0.0142496,0.408376
0,0,0.039185,0.990759,0.129847
0,0,-0.169572,0.980028,0.103881
0,0,-0.85439,-0.195582,0.481421
0,0,0.480647,-0.014502,0.876794
0,0,-0.398178,0.307023,0.864402
0,0,-0.745827,0.0184376,0.665885
0,0,-0.58262,0.561983,0.587137
0,0,-0.227862,-0.292112,0.928843
0,0,-0.386074,0.346918,0.854748
0,0,-0.695895,0.665263,0.270472
0,0,0.953454,0.300907,0.0194953
0,0,-0.743468,0.525016,0.414263
0,0,-0.253723,0.914713,0.314522
0,0,-0.313063,-0.840334,0.442528
0,0,0.523026,-0.183643,0.832297
0,0,0.57569,-0.211574,0.789821
0,0,0.472566,0.789096,0.392441
0,0,-0.753391,0.341128,0.56217
19.5438,25.8471,-0.573982,0.729129,0.372715
0,0,0.994143,0.0427103,0.0992759
0,0,0.809464,0.393644,0.435675
0,0,-0.89471,0.133939,0.426092
0,0,0.856727,0.248682,0.451858
0,0,-0.800671,0.0833508,0.593277
0,0,-0.728831,0.447844,0.51792
0,0,-0.599793,-0.439652,0.668547
0,0,0.233055,0.606038,0.760528
0,0,-0.873664,-0.290044,0.390623
0,0,0.0660473,0.495022,0.866366
0,0,0.370519,-0.157369,0.915397
0,0,-0.45576,0.882032,0.119588
0,0,-0.562967,0.387203,0.730166
0,0,0.260891,-0.887854,0.379013
0,0,0.908004,0.394031,0.142368
0,0,0.351566,-0.657344,0.666559
0,0,0.955067,0.0783418,0.285849
0,0,-0.520913,-0.706829,0.478583
0,0,-0.318586,0.862262,0.393708
0,0,0.232517,-0.872433,0.429879
23.8401,32.2516,-0.644854,0.636327,0.423381
7.65019,11.4052,0.15966,0.159184,0.974253
0,0,-0.33037,-0.736173,0.590683
0,0,0.58975,0.298572,0.750367
0,0,0.934695,-0.12652,0.33217
0,0,-0.561558,0.389318,0.730126
0,0,-0.239375,-0.315017,0.918403
0,0,-0.325755,0.56941,0.754755
0,0,0.0464813,0.777175,0.627565
0,0,0.599037,0.53295,0.597595
0,0,-0.669072,0.0060845,0.743173
0,0,0.12036,-0.969352,0.214176
0,0,-0.993897,0.0296238,0.106258
0,0,-0.263068,-0.929373,0.258962
0,0,0.0938053,-0.358085,0.928965
0,0,0.0820008,-0.723202,0.685751
0,0,-0.969331,-0.244676,0.0230597
0,0,-0.79577,0.221143,0.563778
0,0,0.492299,-0.784165,0.377793
0,0,0.197041,0.941706,0.272699
0,0,0.573341,-0.148788,0.805694
0,0,-0.0187749,0.423297,0.905796
0,0,0.878194,0.25345,0.405633
0,0,-0.52642,0.686425,0.5017
0,0,-0.925892,0.274584,0.259475
0,0,0.922201,0.133902,0.36279
0,0,0.925692,-0.0984702,0.365237
0,0,0.473222,-0.88094,0.00236214
0,0,-0.540513,0.833115,0.117323
0,0,-0.62419,0.369434,0.688407
0,0,-0.229695,0.94223,0.243811
0,0,0.335741,-0.614367,0.714024
0,0,-0.460972,0.244005,0.853209
0,0,-0.404829,-0.206174,0.890845
0,0,0.687474,-0.600627,0.4082
0,0,0.711119,-0.277881,0.645827
0,0,-0.30871,-0.828099,0.467922
0,0,0.859307,-0.180911,0.478396
0,0,-0.0740429,-0.522884,0.849182
0,0,0.489761,-0.670492,0.557293
0,0,-0.169454,0.0576211,0.983852
0,0,0.881357,0.454016,0.13069
0,0,-0.293924,0.319495,0.900851
0,0,0.132086,-0.833699,0.53619
0,0,0.324012,0.536152,0.779459
0,0,0.319857,-0.327664,0.889004
0,0,0.395868,0.183349,0.899817
0,0,0.669022,-0.62257,0.405975
0,0,-0.634374,0.756906,0.157044
0,0,-0.964164,0.179862,0.195033
0,0,0.601611,0.718987,0.348026
0,0,0.533705,-0.540261,0.650597
0,0,0.334731,0.623945,0.70615
0,0,-0.505414,-0.614386,0.605876
0,0,-0.918539,-0.17135,0.356267
0,0,0.188278,-0.681819,0.706877
0,0,0.247381,0.856635,0.452746
0,0,-0.680755,-0.701806,0.209861
0,0,-0.186334,-0.981995,0.0310762
0,0,0.0454603,0.801463,0.596314
0,0,-0.586697,0.582366,0.562704
0,0,0.959992,0.232442,0.15616
0,0,0.680199,0.24093,0.692302
0,0,-0.0590175,-0.555875,0.829168
0,0,0.964567,-0.196213,0.176384
0,0,0.781647,-0.304225,0.544495
0,0,0.0113147,0.327537,0.944771
0,0,0.77178,-0.500015,0.392863
0,0,-0.215208,0.479753,0.850601
0,0,0.632668,-0.46574,0.618722
0,0,-0.459669,-0.570171,0.680888
0,0,-0.991568,-0.127153,0.0250147
0,0,0.11726,0.922484,0.367794
0,0,0.893543,-0.366878,0.25881
0,0,0.552324,0.833568,0.0101689
0,0,-0.700173,-0.369315,0.611035
0,0,0.869802,-0.0365875,0.492043
0,0,-0.290928,-0.305533,0.906648
0,0,-0.948404,0.167804,0.269018
0,0,-0.532454,0.699776,0.476243
0,0,-0.108251,-0.907799,0.405195
0,0,-0.679579,-0.733322,0.0202828
0,0,0.250131,0.403567,0.880096
0,0,0.0760811,-0.657471,0.749629
0,0,-0.343145,0.247159,0.906181
0,0,-0.170289,-0.922043,0.347618
0,0,0.443718,0.896091,0.0116145
0,0,0.632005,0.51841,0.576038
0,0,0.471662,0.796857,0.377564
0,0,-0.272527,0.958356,0.0853428
0,0,0.687394,-0.586034,0.429015
0,0,0.506062,0.703928,0.498384
0,0,0.664878,0.611066,0.429577
0,0,-0.243002,0.401892,0.882855
0,0,-0.810913,-0.579443,0.0816461
0,0,0.665856,0.627687,0.403291
0,0,0.387879,-0.795575,0.465414
0,0,0.343117,0.212853,0.914857
0,0,-0.678176,0.723412,0.12943
0,0,-0.778413,0.543564,0.314024
0,0,0.397211,-0.289755,0.870785
0,0,0.586092,0.765676,0.265023
0,0,0.383159,0.783851,0.488639
0,0,-0.827569,0.135657,0.544726
0,0,0.178235,0.645278,0.742865
0,0,0.283612,-0.199554,0.937946
0,0,0.196241,0.930964,0.307888
0,0,-0.230138,-0.970733,0.0686624
0,0,-0.762512,0.305758,0.570164
0,0,-0.987845,0.0358996,0.151237
0,0,-0.257104,0.737222,0.62482
0,0,-0.574461,-0.811049,0.110422
0,0,-0.263485,0.151069,0.952761
0,0,0.710858,-0.703326,0.00370385
0,0,-0.690649,0.436348,0.576719
0,0,0.538955,-0.56257,0.626931
0,0,-0.366803,-0.618296,0.695101
0,0,0.8285,0.559388,0.0259472
0,0,0.0434002,-0.173467,0.983883
0,0,-0.53326,-0.72315,0.438962
0,0,0.945651,0.0112392,0.32499
0,0,0.779763,0.371404,0.504012
0,0,0.709089,-0.0527336,0.703144
0,0,0.638284,0.600096,0.48216
0,0,-0.922011,0.340297,0.184643
0,0,0.703408,-0.534449,0.468596
0,0,0.885614,0.439119,0.151202
0,0,0.252616,0.967003,0.033011
0,0,-0.29457,-0.81428,0.500176
0,0,-0.610539,-0.779106,0.142255
0,0,0.0776464,-0.553312,0.829347
15.7021,20.7718,-0.246029,0.363264,0.898615
0,0,-0.0846337,-0.337286,0.93759
0,0,0.563164,-0.35419,0.746589
0,0,-0.133719,0.691826,0.709574
0,0,0.371321,-0.104654,0.922588
0,0,-0.460027,-0.831539,0.311316
0,0,0.648988,-0.516224,0.558863
0,0,0.462571,-0.871171,0.16459
0,0,-0.288671,0.588317,0.75535
0,0,-0.0195667,0.957374,0.288186
0,0,0.392927,0.110329,0.912927
0,0,0.595714,0.350311,0.722777
0,0,-0.6535,-0.240007,0.717868
0,0,-0.363784,-0.928305,0.0768802
0,0,-0.925454,-0.378793,0.00711738
0,0,0.547353,0.133105,0.826249
0,0,0.690771,0.580494,0.431117
0,0,0.310329,-0.918127,0.246452
0,0,-0.20304,0.396218,0.895425
0,0,0.635994,0.623712,0.454416
0,0,-0.109435,0.877951,0.466075
0,0,-0.982439,-0.186194,0.0120421
0,0,0.808262,0.365919,0.46132
0,0,0.68883,0.205761,0.695108
0,0,-0.883954,-0.264237,0.385752
0,0,-0.609741,0.751378,0.252283
0,0,0.429353,0.210956,0.878153
0,0,-0.395255,-0.41163,0.821178
0,0,-0.818047,-0.228701,0.527726
0,0,0.735068,0.538819,0.411521
0,0,0.245909,0.936307,0.250714
0.584111,1.0956,-0.652165,0.679749,-0.335592
0,0,0.47,-0.495414,0.730524
0,0,-0.804525,-0.591949,0.0483267
0,0,0.0335657,0.828154,0.559495
0,0,0.443479,-0.737715,0.509022
0,0,-0.319856,-0.237728,0.917157
0,0,0.233403,0.91813,0.32025
0,0,0.391796,-0.315773,0.864166
0,0,0.0829045,-0.911946,0.401848
0,0,-0.402389,0.236789,0.884316
0,0,-0.888228,0.117839,0.444033
0,0,0.86039,-0.268616,0.433098
0,0,-0.0227968,-0.235236,0.971671
0,0,-0.681308,-0.340909,0.647766
0,0,-0.313656,-0.747443,0.585619
0,0,-0.643824,0.185702,0.742298
0,0,-0.770693,0.585651,0.251089
0,0,-0.795548,0.170306,0.581462
0,0,0.528499,-0.160364,0.83365
0,0,-0.748243,0.663173,0.0182636
0,0,-0.475655,0.782613,0.401584
0,0,0.357649,0.305217,0.88257
0,0,-0.982329,-0.00740126,0.187019
0,0,-0.890262,-0.0763763,0.448999
0,0,0.875943,0.434417,0.209774
0,0,-0.761868,0.243176,0.600353
0,0,-0.355019,-0.534643,0.766889
0,0,0.412726,-0.381414,0.827152
0,0,0.291928,-0.651983,0.699783
0,0,-0.166113,0.623993,0.76357
0,0,-0.0949182,-0.97844,0.183427
0,0,-0.0367348,0.87816,0.476954
0,0,0.471702,0.288781,0.833129
0,0,0.539399,-0.421574,0.72892
0,0,0.124257,-0.171178,0.977373
0,0,-0.575404,0.0340046,0.817162
0,0,0.297343,0.1427,0.944047
0,0,0.36087,0.867301,0.342872
0,0,-0.13972,-0.978026,0.154736
0,0,-0.200956,-0.76386,0.613298
0,0,0.233007,-0.637738,0.734165
0,0,0.31441,0.218012,0.923914
0,0,-0.727462,0.562354,0.393139
0,0,0.2207,0.54015,0.812114
0,0,-0.399167,-0.493903,0.77248
0,0,-0.726573,-0.0918354,0.680925
0,0,-0.386604,-0.917328,0.0951099
0,0,-0.599189,-0.635153,0.487394
19.6264,27.6388,-0.221356,-0.23906,0.945437
0,0,0.691173,0.701171,0.17504
0,0,0.169013,0.63749,0.751692
0,0,0.434883,0.891072,0.129876
0,0,0.481489,-0.582171,0.655168
0,0,-0.797814,-0.0125063,0.602774
0,0,0.587673,0.257603,0.766995
0,0,-0.971766,0.00992256,0.23574
0,0,0.05498,-0.2431,0.968442
0,0,0.866018,-0.053591,0.497133
0,0,-0.67601,0.484051,0.555612
0,0,-0.505058,-0.394605,0.767596
0,0,-0.732144,-0.028201,0.680566
0,0,0.883723,0.30409,0.355758
0,0,0.89992,0.394586,0.185595
19.9682,29.9865,-0.909441,-0.415334,0.0203789
0,0,-0.284974,0.949513,0.131205
0,0,-0.799081,-0.247839,0.547764
0,0,0.00652577,0.989103,0.14708
0,0,0.280394,-0.435126,0.855596
0,0,0.700711,-0.674325,0.233002
0,0,0.325014,-0.104006,0.939973
0,0,0.357607,-0.927864,0.105766
0,0,0.430795,0.513031,0.742438
0,0,0.0697078,0.505513,0.859998
0,0,-0.0802708,-0.793167,0.603692
0,0,0.867581,-0.227172,0.442375
0,0,0.673651,-0.468562,0.571528
0,0,0.474939,0.880011,0.00376457
0,0,0.896941,0.437311,0.0652391
0,0,-0.472256,0.742087,0.475691
0,0,0.189573,0.981088,0.0390815
0,0,0.0289287,-0.37395,0.926997
0,0,0.653798,0.619668,0.434235
0,0,-0.659025,0.412837,0.62869
0,0,0.801122,-0.587687,0.11326
0,0,-0.94783,-0.314269,0.0534163
0,0,0.377265,0.190086,0.906388
0,0,0.529652,-0.368298,0.764085
0,0,-0.957113,-0.277315,0.0838546
0,0,0.563381,0.713351,0.416813
0,0,0.309195,0.886706,0.34373
0,0,0.834919,0.27597,0.476183
20.6317,31.324,-0.457344,-0.442815,0.771202
0,0,0.564383,-0.825392,0.0141303
0,0,-0.702774,-0.669244,0.241289
0,0,-0.327856,0.849668,0.413006
0,0,-0.701587,-0.526753,0.479904
0,0,0.910103,0.295266,0.290742
0,0,0.560386,-0.251828,0.789019
