#class tools::wcsv::ntuple
#title Edep and TrackL
#separator 44
#vector_separator 59
#column double Eabs
#column double Labs
#column double p_X
#column double p_Y
#column double p_Z
0.442347,0.444917,-0.269114,-0.512362,0.815514
0,0,-0.86575,-0.459718,-0.197831
0,0,-0.321298,0.909411,0.264083
0,0,0.801868,0.594181,0.0628982
0,0,0.358737,0.351079,0.8649
0,0,-0.493226,-0.550496,0.67356
0.06329,0.0171306,0.341541,0.749261,0.567414
0,0,0.797948,0.534525,0.278501
0.198671,0.154319,0.282647,0.807935,-0.51706
0.3519,0.231895,0.431437,-0.481274,0.763045
0,0,-0.801346,0.0191176,0.597895
0.991831,0.750946,0.429573,-0.84838,0.309383
0,0,0.201057,-0.631825,0.748581
0,0,0.523247,-0.776272,0.351588
0.473491,0.498786,0.157426,0.757231,0.633891
0,0,0.629315,0.58232,0.514651
0.0392412,0.00864459,0.0402368,-0.47681,0.878085
0.0648726,0.0235446,0.545429,0.507686,-0.666905
0,0,-0.967487,0.252248,0.0184563
0,0,0.862535,-0.42307,0.277569
0,0,-0.706808,0.702859,0.0800722
0.0143668,0.00138708,-0.349392,0.415948,0.83959
0,0,-0.71921,0.53105,0.448022
0.259579,0.0828039,-0.892362,0.232668,0.386725
0,0,0.702002,-0.240767,-0.670242
0,0,0.694662,-0.71872,0.0297707
0,0,0.453512,-0.890608,0.0338312
0,0,0.268159,0.184935,0.945457
0.609318,0.42961,0.619807,-0.365666,0.694354
0,0,-0.238833,-0.933027,0.269109
0,0,0.103658,-0.949795,0.295204
0,0,-0.870148,-0.341011,0.355745
0,0,0.583498,-0.32155,0.745745
0,0,0.939006,0.316618,0.134241
0,0,-0.931676,0.360863,0.0419285
0,0,0.561674,0.56994,0.599742
1.25608,1.88059,-0.0518472,-0.892575,0.447907
0,0,0.672577,0.517318,0.529172
0,0,0.556649,0.758011,0.339942
0.3519,0.178497,-0.134445,-0.707004,0.694313
0,0,-0.286233,0.919723,-0.268664
0,0,0.299279,0.931801,0.205375
0,0,-0.136433,-0.962438,0.234732
0.407471,0.291595,-0.735855,-0.243911,-0.631684
0,0,0.544001,-0.57432,0.611736
0,0,-0.271429,-0.926457,0.260776
0.3519,0.124646,0.0254295,-0.174472,0.984334
0.023574,0.00375562,-0.290688,0.269789,0.917995
1.10959,1.47296,0.199285,-0.966893,-0.159386
0,0,-0.722516,-0.245969,0.646119
0.09238,0.0386592,0.169325,0.55316,0.815685
0,0,0.912203,-0.316518,0.260197
0,0,0.0345574,0.993046,0.112537
0.06329,0.0177085,-0.456467,0.260598,0.850721
0,0,0.832418,0.454733,0.316698
0.772156,1.04786,-0.363212,-0.826374,0.430329
0,0,-0.347527,0.906823,0.23853
0,0,-0.838232,0.246747,0.486294
0.0958049,0.0258912,-0.302782,-0.778401,-0.549923
0,0,-0.0612195,-0.910984,0.407872
1.88391,2.7014,-0.8318,-0.483286,-0.273026
0,0,-0.217263,-0.102586,0.970707
0,0,0.991309,0.120021,0.0538676
0.170674,0.0787514,0.237429,0.694683,0.679001
0.140191,0.0770743,0.317847,0.457941,-0.830219
0.24191,0.110115,-0.359624,0.557575,0.748185
0,0,-0.858299,0.26524,0.439285
0,0,0.37986,0.816692,0.43442
0,0,0.593982,0.757434,0.271071
0,0,0.529152,-0.816278,0.231707
0,0,0.600974,-0.00116759,0.799267
0,0,0.889649,0.455603,0.0308198
0,0,0.213442,0.01066,0.976898
0,0,0.704076,0.679573,0.206053
0,0,-0.510041,-0.797767,0.321599
0,0,-0.744138,-0.658576,0.111967
0.2952,0.126518,0.144242,0.252596,0.95676
0,0,-0.976043,-0.217112,-0.0142236
0.05323,0.00380993,-0.329089,-0.704852,0.628399
0,0,-0.0952621,0.864187,0.49407
0.2952,0.117584,0.26142,-0.432115,0.863097
0,0,0.0439708,0.961827,0.270104
0,0,0.572391,0.803441,0.163865
0.76836,0.586903,0.315389,0.430243,0.845825
0.18599,0.0641756,0.360417,-0.0521559,0.931332
0.808907,0.601912,-0.332392,-0.939229,-0.0858134
0.0947359,0.04452,0.785499,-0.398089,0.473832
0,0,-0.783576,0.443156,0.435455
0,0,-0.760641,-0.585997,0.279344
0,0,0.147942,0.0814691,0.985635
0,0,-0.490198,-0.831866,0.260202
0,0,0.623349,0.738197,0.257877
0,0,-0.95206,-0.0917026,0.291844
1.37765,1.56731,-0.644008,0.280121,0.711889
0,0,-0.517351,0.0581705,0.853794
0.2952,0.182776,-0.568969,-0.0898444,0.817436
0,0,-0.216278,0.876006,0.431089
0,0,-0.700102,-0.0458314,0.712571
0,0,-0.987435,0.0839919,0.133858
0.18599,0.0785044,0.284433,0.376211,0.881795
0,0,-0.759554,-0.5899,0.274036
0,0,0.977364,0.15676,0.142078
0.3519,0.182499,0.349474,-0.0239243,0.936641
1.37765,1.67975,0.0794558,-0.46688,0.880744
0,0,-0.62034,0.716618,0.318804
0,0,-0.0508662,-0.945682,0.32109
0,0,-0.645928,-0.729696,0.224321
0,0,0.903654,0.0512963,0.42518
0,0,0.910952,-0.408795,0.0552511
0,0,0.22387,-0.960477,0.165426
0,0,0.0409034,-0.99632,0.0753247
0.3519,0.387912,-0.542977,0.228601,0.808033
0.609318,0.539118,0.312096,-0.489079,0.814493
0.785569,0.791727,-0.938947,0.0549511,0.339646
0,0,0.329382,0.842741,0.425787
0,0,0.375279,0.686547,0.622751
0,0,0.931066,0.197957,0.30648
0,0,-0.835553,-0.542194,0.0887543
1.66128,2.06822,0.108923,-0.169345,0.979519
0,0,-0.869537,0.437918,0.228328
0,0,-0.920572,-0.327186,0.213298
0,0,0.647615,0.714412,0.264972
0,0,-0.84184,0.398204,0.364333
0.0928,0.0316892,0.117718,0.460899,0.87961
0.609318,0.431186,-0.391574,0.277054,0.877446
0,0,0.963972,0.0498567,0.26129
0.425758,0.2648,0.107503,0.550342,-0.827989
0,0,0.228435,-0.558134,0.797686
0.371123,0.362313,-0.412513,0.900873,-0.135135
0,0,-0.547724,-0.796521,0.256032
0,0,-0.367992,-0.899238,0.236544
0,0,-0.73405,-0.555054,0.391263
0,0,-0.731552,-0.0818967,0.676849
0,0,-0.976817,0.212728,0.023985
0,0,0.594451,0.7672,0.2409
0,0,0.628611,0.775142,0.0632756
0.817488,0.766808,0.249597,0.966781,0.0551054
0,0,-0.598942,0.753768,0.270374
0.124236,0.0511942,0.701243,0.459257,0.545289
0,0,-0.678119,-0.573919,0.459098
0,0,-0.781946,-0.539714,0.31188
0,0,-0.77349,0.570411,0.276304
0.115181,0.0453048,-0.245199,0.810287,-0.532271
0,0,0.0837121,-0.98696,0.137487
0,0,0.232142,0.82922,0.508433
0,0,-0.214485,0.825464,0.522117
0,0,-0.0666339,0.611056,0.788778
0,0,0.0773586,-0.586615,0.806163
0,0,0.45917,0.637785,0.61838
1.66059,1.47936,0.11879,-0.904763,-0.409014
0,0,-0.20324,0.769908,0.604925
0,0,-0.648981,-0.261189,0.714566
0.06329,0.0147597,0.176596,0.309096,0.934491
0,0,-0.467606,-0.78145,0.413134
0,0,0.611326,-0.481781,0.627828
0,0,-0.614601,-0.788235,0.0308347
0,0,0.81145,-0.469066,0.348606
0,0,0.486845,0.172641,0.856257
0,0,-0.827628,-0.474612,0.299625
0,0,0.422087,0.612988,0.667898
0,0,0.106837,0.819986,0.562325
0,0,0.831078,0.0841452,0.549754
0,0,0.715716,0.456382,0.528646
0,0,0.244641,-0.956218,0.160614
0.1445,0.072324,0.304803,-0.0983182,0.947327
0,0,0.192355,0.491261,0.849507
0.120957,0.0567875,-0.684029,0.182006,0.706384
0,0,-0.531758,0.335654,0.777541
1.15519,1.29317,0.135266,0.0361045,0.990151
0,0,-0.891547,-0.420593,0.168066
1.52358,1.98094,-0.153904,-0.278671,-0.947975
0,0,-0.183235,-0.971388,0.151099
0.197693,0.117541,0.989503,-0.0431711,0.13791
0.24191,0.129914,-0.52129,0.235698,0.820185
0,0,-0.390204,0.776701,0.494446
0,0,-0.154588,0.724024,0.672229
0,0,-0.410548,0.533984,0.739129
0,0,-0.333895,0.927669,0.167165
0,0,-0.293595,0.955895,0.00815673
0.0825864,0.0152188,0.762483,-0.107069,0.638087
0,0,0.968628,0.197591,0.150727
0,0,0.25446,0.790805,0.556666
0.400538,0.300593,0.289967,0.951829,-0.0997028
0.76836,0.480881,-0.062854,0.195169,0.978753
0.609318,0.418632,0.162079,-0.00299308,0.986773
0,0,-0.721667,-0.573195,0.38813
0,0,0.789417,0.506084,0.34742
0.0642801,0.0217505,-0.329561,0.754889,-0.567038
0.45477,0.316609,0.77298,-0.0554356,0.632004
0,0,0.821083,-0.433397,0.371469
0,0,-0.0823241,0.342906,0.935756
0,0,0.603894,-0.154005,0.782045
0,0,-0.52838,0.757239,0.383932
0,0,-0.547768,0.316479,0.774462
0,0,-0.19451,-0.656896,0.72846
0,0,-0.353707,0.84861,0.393386
0.957405,0.868523,-0.800668,0.53283,-0.273904
0,0,0.840993,0.377923,0.387176
0,0,-0.449076,-0.733262,0.510546
0,0,-0.708687,0.124881,0.694383
0.05323,0.0104196,-0.176837,-0.0489773,0.983021
0.3519,0.168381,0.206713,0.0497471,0.977136
0,0,-0.171541,-0.96459,0.200351
0,0,-0.00482773,-0.543074,0.839671
0.06329,0.0153628,0.363577,-0.757314,0.542482
0,0,0.567931,-0.377168,0.731572
0,0,0.797797,0.355862,-0.486705
0,0,0.0561015,-0.723853,0.68767
0,0,-0.514397,-0.713837,0.475218
0,0,-0.293235,0.949961,0.107645
0,0,-0.062395,-0.998014,0.0086183
0.968661,1.141,-0.445897,-0.0808694,0.891424
0.0144946,0.00771717,-0.960713,0.265183,0.0819037
0,0,-0.620025,0.0716137,0.781307
0.76836,0.489621,0.0309827,0.696513,0.716875
0,0,0.355945,-0.215986,0.909205
0,0,-0.701124,0.437259,0.563232
0,0,-0.926852,0.301596,0.223573
0,0,-0.865366,-0.448717,0.223147
0,0,-0.465033,0.325204,0.823399
0,0,-0.0424903,0.326419,0.94427
0,0,0.0678659,-0.759262,0.647236
0.107915,0.0556756,-0.586297,-0.594578,-0.550212
0,0,-0.274793,-0.899729,0.339081
0,0,0.468098,0.769271,0.434863
0,0,0.233287,-0.895773,0.378375
0.738686,0.831806,-0.0198072,0.991181,-0.131025
0,0,0.937177,-0.20529,0.282057
0.249804,0.0986842,0.219962,-0.909293,0.353275
0,0,-0.533339,-0.828132,0.172471
0,0,-0.402456,0.808647,0.429092
0,0,0.862974,0.216164,0.456672
0,0,0.723373,-0.675538,0.142756
0,0,0.830647,-0.232064,0.506134
0,0,-0.646125,-0.568865,0.508837
0,0,0.938163,-0.293308,0.183904
0.93405,0.887955,0.760148,0.138748,0.634763
0,0,-0.627505,-0.484192,0.609751
0,0,-0.646162,0.735536,0.203622
0,0,0.622452,0.110308,0.774846
0,0,0.730371,0.677029,0.0904975
0,0,-0.438526,-0.608268,0.661593
0,0,-0.212502,0.863099,0.458152
0.495685,0.516201,-0.695118,-0.664593,0.274092
0,0,-0.361829,-0.884233,0.295317
0,0,-0.891005,0.427893,0.151718
0,0,-0.62805,0.776901,0.044483
0,0,0.865799,0.497879,0.0500922
0.06329,0.017432,0.542443,0.310058,0.780781
0,0,-0.00799251,0.973594,0.228147
0.3519,0.219175,-0.530084,0.340199,0.776708
0.203438,0.102164,0.423398,-0.64012,0.641078
0,0,-0.407073,0.673934,0.616527
0,0,-0.690355,0.593939,0.413093
0,0,0.462871,-0.883123,0.0764463
1.46547,2.35712,0.337713,-0.513862,-0.788604
0,0,-0.544285,-0.011869,0.838816
0,0,-0.863911,0.066131,0.499284
0,0,0.649296,-0.541451,0.534084
1.38208,1.7146,0.93646,-0.346585,-0.0540459
0,0,-0.586049,-0.600606,0.543893
0,0,0.855851,-0.153927,0.493787
0,0,0.121918,0.156954,0.980052
0,0,-0.573558,0.241889,0.782637
0,0,-0.190022,-0.971187,0.14383
0.103922,0.0444303,0.524852,0.498523,0.689932
0,0,0.0799812,0.864262,0.496642
0,0,-0.876844,0.465598,0.119848
0.201233,0.13755,0.52767,-0.411846,-0.742932
0,0,0.346492,-0.840526,0.416485
0,0,0.908885,-0.14839,0.389755
0,0,-0.930302,0.238732,-0.27847
0,0,0.492542,-0.588384,0.641254
0,0,-0.693572,0.384745,0.609039
0,0,0.466237,0.504999,0.72636
0,0,0.457308,0.755657,0.468883
0.152204,0.262695,-0.643064,-0.318091,0.696625
0,0,-0.486215,-0.00504006,0.873825
0,0,-0.529214,-0.532218,0.660815
0,0,0.183236,-0.97634,0.114827
0.3519,0.308636,-0.207284,0.109604,0.972122
0,0,-0.625451,0.180242,0.75916
1.18203,1.19586,-0.229596,-0.96341,-0.138302
0,0,-0.788362,-0.490374,0.371509
0,0,-0.16527,-0.808739,0.564471
0.0371207,0.00706114,-0.769518,0.563666,0.300205
0.24191,0.138022,-0.293221,0.0971002,0.951101
0,0,-0.138484,-0.971229,0.193743
0,0,0.764519,0.0616346,-0.641648
0,0,0.455044,-0.581972,0.673976
0,0,-0.97065,0.180941,0.158428
0,0,-0.951145,-0.306795,0.034655
0,0,0.295592,0.946937,0.126241
0,0,-0.0509649,0.985433,0.162246
0,0,-0.751845,0.434697,0.49575
0,0,0.215636,-0.516879,0.828455
0,0,-0.622193,0.522481,0.583
0,0,-0.823761,0.566112,0.0305684
0,0,-0.770033,-0.208685,0.602909
0,0,0.505564,0.861461,0.0478628
0,0,-0.30268,0.930657,0.205578
0,0,0.819745,-0.22624,0.52615
0,0,0.687565,-0.606381,0.399446
0,0,-0.566095,-0.777468,0.274005
0,0,0.819814,-0.572541,0.0100508
0,0,0.463739,0.849034,0.253155
0.289896,0.270973,0.854964,0.158345,0.493926
0,0,-0.692263,-0.694034,0.197709
0,0,0.535973,-0.630881,0.561001
0,0,-0.613871,-0.764303,0.197493
0,0,0.522596,0.685848,0.506464
0,0,-0.0499865,0.998554,0.019788
0,0,0.968955,0.223894,0.104866
0,0,0.415651,0.831602,0.368338
0.06329,0.0147891,-0.643838,0.21468,0.734428
0,0,-0.590617,0.736523,0.329706
0.3519,0.25917,0.0430359,-0.383072,0.922715
0.577179,0.628652,-0.452014,-0.454869,0.767319
0,0,-0.14884,-0.870007,0.470036
0,0,0.69066,-0.710014,0.137367
0,0,0.066101,-0.90054,0.429718
0.130582,0.0427408,0.16367,0.963484,0.21192
0,0,0.989464,-0.118949,0.082532
0,0,0.742099,0.121155,0.65925
0,0,-0.320473,-0.935557,0.148425
0,0,-0.567606,0.595722,0.568277
0,0,0.419811,0.523425,0.741475
0,0,0.671807,0.730335,0.123635
0,0,-0.349766,-0.788783,0.505456
0.0928,0.0337719,-0.697896,-0.460322,0.548675
0.0475011,0.0138359,0.787306,0.3437,0.511879
0,0,0.79384,-0.417486,0.442181
0.24191,0.0794257,0.34418,0.212459,0.91455
0,0,0.693246,-0.383709,0.610064
0,0,0.142607,0.361535,0.921388
0.0465,0.00797235,0.512813,-0.381188,0.769232
0,0,0.852754,0.186115,0.488029
0,0,-0.966982,0.125639,0.221723
0,0,-0.32035,-0.914315,0.247798
0,0,-0.662241,-0.73759,0.131899
0.3519,0.208919,0.578548,0.444279,0.684031
0.609318,0.440669,-0.177489,-0.108243,0.978152
0.180383,0.0884977,0.865827,-0.336311,-0.370457
0,0,0.421789,-0.719788,0.551361
0,0,-0.298116,-0.80499,0.51295
0,0,-0.509604,0.289706,0.81017
0.0512592,0.0161889,0.513239,-0.199925,0.834635
0.0448669,0.0106585,-0.0387373,-0.11688,0.99239
0,0,-0.300113,0.938522,0.170615
1.42218,1.36986,0.4557,-0.824977,-0.334292
0.2952,0.168325,-0.520368,0.0314766,0.853362
0.219898,0.15778,-0.709198,0.00205434,-0.705007
0,0,0.585219,-0.586321,0.560131
0,0,-0.257406,-0.859199,0.442177
0.3519,0.145778,-0.05202,-0.711308,0.700953
0,0,0.904228,-0.41632,0.0951243
0,0,-0.683621,0.679725,0.265774
0,0,-0.283016,0.956031,0.0768481
0.0782112,0.00611541,-0.503424,-0.559606,0.658335
0.3519,0.335419,-0.227227,-0.157255,0.961061
0.0507864,0.015637,-0.390586,0.410686,0.823881
0,0,-0.117474,0.844306,0.522827
0.658616,0.648062,0.529125,-0.509698,-0.678406
0.0602899,0.0186662,-0.567661,0.578719,0.585529
0,0,0.811102,-0.583127,0.0455633
0.09238,0.0339234,0.63329,0.19896,0.747903
0,0,-0.335466,-0.706795,0.622819
0,0,0.998142,0.0590346,0.0150574
0,0,0.12609,-0.724236,0.677926
0,0,0.843964,-0.535723,0.0269517
0,0,0.156317,0.755191,0.636594
0,0,0.587035,0.762003,0.273387
0.235553,0.0829816,-0.719402,0.622429,0.30829
0,0,-0.165725,0.720663,0.673187
0,0,0.38087,0.919467,0.0975671
0,0,-0.655893,-0.328899,0.679434
0,0,-0.954929,-0.241577,0.172483
0.0465,0.00784131,0.765472,0.3083,0.564804
0,0,0.791921,0.347417,0.502157
0,0,-0.643082,0.516965,0.564971
0,0,-0.812723,0.189124,0.551101
0.0218986,0.0371931,0.414478,0.909923,-0.0157265
0,0,0.406049,0.818685,0.406053
0,0,0.947744,0.305678,0.0913408
0,0,0.370336,-0.47099,0.800637
0,0,-0.744217,-0.64796,0.162138
0,0,-0.498901,-0.715867,0.4885
1.09766,1.74496,-0.736529,0.132502,0.663301
0,0,-0.418036,-0.69908,0.580114
0,0,0.0712093,0.900143,0.429736
0,0,0.781488,-0.370019,0.502357
0,0,-0.758497,0.65161,0.00929618
0,0,0.519703,-0.848465,0.100081
0,0,0.115939,-0.194686,0.97399
0,0,-0.0447949,0.939595,0.339345
0,0,-0.663652,-0.728351,0.170502
0,0,0.842193,-0.466,0.271209
0,0,0.615924,0.408983,0.673328
0,0,0.956895,0.290343,0.0072205
0,0,0.725147,0.542977,0.423483
0,0,-0.83778,-0.522331,0.159043
0.205815,0.105957,-0.304544,-0.693322,-0.653114
0,0,-0.488849,-0.653841,0.577511
0,0,-0.921583,0.278189,0.270734
0.0327909,0.00614891,-0.039492,-0.959569,0.278689
0,0,0.891011,0.38426,0.241753
0.0617036,0.0157979,-0.238901,0.948328,0.208805
0.3519,0.236306,-0.252791,0.243147,0.93647
0,0,0.186602,-0.982423,0.00500236
0,0,0.547813,0.803685,0.232361
0,0,0.0793591,0.931595,0.354729
0.445816,0.373771,-0.0340905,0.362427,0.931389
0,0,-0.679726,0.705731,0.199792
0,0,-0.593541,-0.647137,0.478459
0,0,-0.398169,0.790897,0.464698
0,0,-0.875326,-0.348781,0.334897
0.373802,0.318566,0.242945,-0.628788,0.73865
0,0,-0.877642,0.0139959,0.479113
0,0,-0.343912,0.760692,0.55052
0,0,-0.646527,-0.651287,0.397276
0,0,-0.539162,-0.822699,0.180198
0.18599,0.0935203,0.5306,-0.364944,0.765036
0,0,0.461628,0.587858,0.664321
0,0,0.811323,0.450355,-0.372739
0.198994,0.137282,0.43204,0.182503,0.883196
0,0,0.227411,-0.395638,0.889806
0,0,0.906465,-0.139979,0.398406
0,0,-0.803011,0.580399,0.135318
0.24191,0.184613,0.377185,-0.240254,0.894433
0,0,-0.41567,-0.758036,0.502593
0,0,-0.0123881,-0.312004,0.95
0,0,-0.792193,0.575712,0.202449
0.32561,0.214261,-0.688683,-0.719992,-0.0856034
0,0,0.81226,-0.552071,0.188287
0,0,0.715864,-0.482804,0.504419
0,0,0.946891,-0.31878,0.0421379
0,0,0.539604,-0.616695,0.573162
0,0,-0.867611,-0.337978,0.364722
0,0,0.870259,0.481306,0.104856
0,0,-0.729151,0.237524,0.64181
0,0,0.979281,0.0696996,0.190135
1.57744,1.7239,-0.446627,-0.795199,-0.410102
0.0635132,0.0249478,0.178188,0.678038,0.713101
0,0,-0.431193,-0.891514,0.138837
0,0,-0.745191,-0.320755,0.584643
0,0,-0.964129,-0.185322,0.19003
0,0,0.334422,-0.461134,0.821899
0,0,-0.0711948,-0.663721,0.744585
0.304203,0.273277,0.16241,0.039921,0.985916
0,0,-0.535719,0.830658,0.151696
0,0,0.168804,0.408236,0.897134
0,0,0.0625727,0.038635,0.997292
0,0,-0.866538,0.451379,0.213
0,0,0.944116,0.251816,0.212685
0,0,0.0259866,0.997827,0.0605545
0.107231,0.0532811,-0.366346,-0.543175,0.755481
0.323787,0.224984,-0.635081,0.311017,0.707065
0,0,0.549059,-0.445032,0.707447
0,0,0.911889,0.126891,0.39033
0,0,0.976888,0.171572,0.127483
0.128465,0.0712351,0.499891,0.327609,0.801737
0.0928,0.0357939,-0.0803527,0.377067,0.922694
0,0,-0.485782,-0.481082,0.729778
0,0,0.776261,-0.598312,0.198599
0,0,0.650763,-0.739053,0.174095
0.433539,0.47402,0.890257,-0.0393724,-0.453754
0,0,-0.654476,-0.691352,0.306095
0,0,0.668826,-0.474182,0.572558
0,0,-0.748354,0.614772,0.249043
0,0,0.901383,0.378366,0.210588
0,0,0.628979,-0.777042,0.0242944
0,0,0.415434,0.830214,0.371698
0.783002,0.830668,-0.747164,0.307334,-0.589315
0,0,0.856198,-0.421687,0.298504
0.0928,0.0302845,0.821421,-0.180963,0.540851
0,0,-0.842994,0.118171,0.524783
0,0,0.84128,0.425697,0.333211
0,0,0.625104,0.690451,0.364037
0,0,-0.435808,-0.693111,0.574168
0,0,-0.905223,-0.302304,0.298638
0,0,-0.459739,-0.8799,0.120063
0,0,0.348343,-0.461827,0.815704
0.208016,0.15158,-0.00611539,0.582961,-0.812477
0,0,0.580409,-0.777211,0.24304
0,0,-0.650655,0.593154,0.474149
0,0,0.342389,-0.88293,0.321254
0.177764,0.110508,0.559157,0.685043,-0.466969
0.3519,0.232014,0.128447,-0.503669,0.854295
0,0,0.234825,-0.479247,0.845683
0.0900453,0.0383539,-0.5993,0.769357,0.221202
0,0,0.482338,0.688437,0.541668
0.241609,0.224537,0.591635,-0.179685,0.785927
0,0,0.543355,-0.258925,0.798576
0,0,0.937786,-0.305276,0.165423
0.220378,0.0739455,0.0690068,0.237751,0.968872
0,0,-0.360106,0.503866,0.785138
0.395501,0.389475,-0.841063,0.52857,0.115006
0,0,0.732353,0.643308,0.223188
0,0,0.889003,-0.325523,0.322037
0,0,-0.877253,-0.451201,0.163846
0.3519,0.264989,-0.196962,-0.382008,0.902926
0,0,-0.665494,-0.27868,0.692427
0.0333721,0.00702773,-0.472654,0.270999,0.838545
0,0,0.411472,0.905082,0.107321
0,0,0.364315,0.482623,0.796461
0,0,-0.269418,-0.713895,0.646349
0,0,-0.142666,-0.460829,0.875947
0,0,0.883319,0.46489,0.0602011
0,0,-0.250556,-0.967713,0.0274449
0,0,0.0731512,-0.760281,0.645462
0.609318,0.47449,0.0708735,0.696496,0.714052
0,0,-0.415726,0.270389,0.868367
0,0,0.462364,-0.246804,0.85165
0,0,0.254714,-0.65274,0.713479
0,0,0.419027,0.842728,0.337972
0,0,0.606093,-0.74196,0.286614
0,0,0.0438182,0.277601,0.959697
0,0,0.724061,0.364792,0.585373
0,0,0.236687,0.818888,0.522879
0,0,0.805526,0.578538,0.128152
0,0,0.139329,0.87721,0.459446
0.15966,0.0864474,-0.999832,-0.0175086,-0.0054404
0,0,0.196987,0.854879,0.479977
0,0,0.0386001,0.508343,0.860289
0,0,0.936389,-0.299655,0.182709
0.641732,0.73594,-0.90712,-0.00932824,0.420769
0,0,0.108187,-0.79713,0.594036
0,0,-0.718357,-0.511828,0.471165
0.0928,0.0200055,-0.318816,-0.670309,0.670106
0,0,-0.447573,-0.0792684,0.890727
0.609318,0.412202,0.555698,0.0566945,0.829449
0,0,0.761341,0.624927,0.172704
0,0,-0.47752,-0.746052,0.464092
0,0,-0.324331,-0.922805,0.207942
0,0,-0.558332,0.752015,0.35034
0,0,0.659231,0.610828,0.438523
0,0,-0.010346,0.954034,0.29952
0,0,0.33738,-0.910952,0.237363
0,0,0.883531,-0.465644,0.0504799
0.24191,0.102594,0.144661,0.297986,0.943545
0,0,-0.964019,0.218961,0.150745
0,0,0.51637,0.765469,0.383952
0,0,-0.602313,0.690963,0.399736
0,0,0.796455,-0.553188,0.244217
0,0,-0.693319,0.682798,0.230425
0.022081,0.00359262,0.198544,0.527611,-0.825958
0,0,-0.000880343,0.794176,0.607687
0,0,0.068578,-0.828797,0.555331
0,0,0.70681,0.349148,0.615236
0.262846,0.178612,0.994522,0.101083,-0.0266265
0,0,0.0836292,-0.993001,0.083402
0.0146515,0.00150601,0.404554,0.851767,-0.332909
0,0,0.671249,0.505713,0.541922
0,0,0.813434,-0.114109,0.570354
0,0,0.413599,-0.813945,0.407958
0,0,-0.467769,-0.824537,0.318325
0,0,0.166385,0.953199,0.252443
0,0,-0.622759,-0.482542,0.615893
0,0,-0.862136,-0.321853,0.39132
0.06329,0.0217352,-0.765547,-0.138714,0.628249
0,0,0.497661,-0.237963,0.834091
0.609318,0.583735,-0.505051,0.338933,0.793756
0,0,-0.892705,0.0712841,0.444967
0,0,0.696582,-0.486001,0.527803
0,0,-0.765787,-0.41887,0.487973
0,0,0.975562,-0.209705,0.0655978
0,0,-0.0303369,0.845849,0.532559
0,0,-0.0139904,-0.701672,0.712363
0,0,0.623741,-0.748857,0.223965
0.609318,0.541715,-0.433986,0.206562,0.87692
0,0,-0.194807,0.833471,0.517084
0,0,0.974143,-0.225206,0.0180828
0,0,-0.923531,0.377889,0.0655055
0,0,-0.822369,-0.220607,0.524443
0,0,0.466232,0.78298,0.41179
0,0,0.541721,0.100163,0.834569
0,0,0.808167,0.567726,0.156696
0,0,0.636321,-0.741849,0.211555
0,0,-0.103439,-0.953622,0.282674
0.0928,0.0282427,0.150388,0.807865,0.569857
0.502129,0.393849,0.772189,-0.612214,-0.170051
0.411537,0.495086,0.482506,0.700616,-0.525666
0,0,-0.800784,-0.540008,0.259105
0.0928,0.0383855,0.0746619,-0.173817,0.981944
0,0,-0.911147,0.346938,0.222361
0,0,-0.880942,-0.470302,0.0525021
0,0,0.537316,-0.835382,0.115886
0,0,0.811602,0.579312,0.0755024
0.032488,0.0063539,0.488189,-0.849485,0.200117
0,0,-0.680525,0.532432,0.50339
0,0,-0.634407,0.684934,0.358321
0,0,-0.676321,0.664117,0.31865
0,0,0.0708677,-0.793609,0.604287
0,0,-0.863717,-0.209086,0.458558
0,0,0.733886,0.32812,0.594768
0,0,-0.975435,-0.202205,0.0874109
0,0,0.247983,-0.858422,0.449016
0.609318,0.621338,0.263883,0.11567,0.957594
0.0465,0.0080526,-0.452202,-0.594822,0.664606
0,0,0.0728807,0.697208,0.713154
0,0,-0.795029,0.557456,0.239105
0.06329,0.0166086,-0.680889,0.360466,0.637537
0.138754,0.219544,0.771337,-0.404842,0.491062
0,0,0.971822,0.222938,0.0765496
0,0,-0.427434,0.897124,0.111665
0,0,-0.0368369,0.971113,0.23576
0,0,0.452138,0.891937,0.00446789
0.05323,0.0109082,-0.484496,0.150848,0.861689
0,0,0.457919,-0.509647,0.728402
0,0,0.854439,0.241921,0.459792
0,0,-0.411826,0.187501,0.891764
0,0,-0.722127,0.67648,0.144593
0,0,0.633199,0.245236,0.73411
0,0,-0.999807,0.0152528,0.0123705
0,0,0.45284,-0.789883,0.413546
0,0,-0.507944,0.722051,0.469718
0,0,-0.317199,-0.612987,-0.723624
0.0335382,0.00699882,0.488038,0.75176,0.443481
0,0,-0.64447,0.102283,0.757757
0,0,-0.813193,0.419685,0.403213
0.3519,0.142461,-0.566416,0.392651,0.724567
0,0,0.988931,-0.0941898,0.114646
0,0,0.669588,0.591337,0.449413
0,0,-0.742884,-0.372205,-0.556405
0,0,0.216043,-0.746323,0.629545
0,0,0.509872,0.819074,0.262961
1.23512,1.38568,0.533801,-0.0108831,0.84554
0,0,0.716553,0.0574553,0.695163
0,0,-0.196916,0.0634718,0.978364
0,0,0.93941,0.0245045,0.341919
0,0,0.594801,-0.545341,0.590606
1.04361,1.46843,0.695434,0.716734,0.0516102
0,0,-0.213405,-0.848469,0.484312
0,0,0.8501,-0.526618,0.00188871
0,0,-0.172815,-0.911619,0.372942
0,0,0.76824,0.596746,0.231737
0.09238,0.0267355,-0.133337,-0.603894,0.785833
0.0465,0.00746906,-0.00779852,-0.33302,0.942887
0.366943,0.292641,-0.429987,0.833187,-0.347723
0.609318,0.469781,0.563642,-0.387307,0.729589
0,0,-0.675482,-0.242459,0.696374
0,0,-0.848459,0.271527,0.454302
0,0,0.645864,0.744116,0.170735
0,0,-0.668026,-0.206914,0.714792
0,0,0.413846,-0.640047,-0.647358
0.609318,0.455586,0.54586,0.363303,0.755015
0,0,-0.961866,0.109819,0.250506
0,0,-0.649043,-0.731524,0.208846
0.0297083,0.00256746,-0.63593,0.152845,0.75646
0,0,0.75624,0.596425,0.269033
0,0,-0.460917,0.747698,0.47802
0.459294,0.305446,0.917397,0.218307,-0.332752
0,0,0.458689,-0.745395,0.483726
0,0,0.435639,0.566554,0.699454
0,0,0.772034,0.284376,0.568414
0,0,-0.498735,0.779137,0.379749
0.516867,0.613469,-0.296785,-0.937746,0.180417
0,0,0.849719,0.484466,0.208018
0,0,0.432936,-0.228794,0.871906
0,0,0.899148,-0.404646,0.166718
0,0,-0.167594,-0.759784,0.628204
0,0,0.539887,0.672993,0.505571
0,0,0.321187,-0.789082,0.523631
0,0,0.856946,-0.425651,0.290627
0,0,0.380704,0.924696,0.000868278
0,0,-0.984317,-0.16917,0.0500224
0.185465,0.125115,-0.344586,-0.504014,0.791979
0,0,-0.956994,-0.00332136,0.290089
0,0,0.700501,0.599678,0.386891
0.3519,0.179021,0.10422,0.308003,0.94566
0,0,0.416245,0.677583,0.606317
0,0,-0.738451,0.629613,0.241408
0.248739,0.133672,0.0767517,-0.35506,0.931687
0,0,0.992928,-0.0834711,0.0844199
0,0,-0.460486,0.88691,0.0366589
0,0,-0.0297103,-0.974603,0.221959
0,0,0.868271,-0.303903,0.392108
0,0,0.823795,-0.565373,0.0414175
0,0,0.302076,-0.64535,0.701623
1.13572,1.61219,-0.322572,0.839543,0.437168
0,0,0.849047,-0.490352,0.196655
0,0,0.941261,-0.261469,0.213684
0,0,-0.763624,0.485956,0.425117
0.211099,0.0545075,0.605735,0.160199,0.779373
0,0,-0.545306,-0.837364,0.0382464
0,0,-0.941868,0.0134608,0.335713
0,0,-0.550998,0.834497,0.00397498
0,0,0.875254,-0.382673,0.29579
0,0,-0.303886,-0.382844,0.872401
0.609318,0.58486,0.410873,-0.51833,0.750011
0,0,0.362216,0.92204,0.136537
0.268038,0.243339,-0.361927,-0.930585,-0.0549568
0,0,0.814194,-0.397188,0.423474
0,0,-0.248225,-0.88867,0.385551
0,0,-0.338871,0.799461,0.496012
0,0,-0.361256,0.826687,0.431374
0,0,0.810637,0.583024,0.0543197
0,0,0.216417,-0.780995,0.585842
0.3519,0.227836,0.102213,-0.102114,0.989508
0,0,0.595244,-0.172198,0.784878
0,0,-0.306506,0.948075,0.0848935
0,0,0.0221071,0.402478,0.915163
0,0,0.578641,0.319932,0.750212
0,0,0.191837,0.81138,0.552142
0.2952,0.158871,0.392475,-0.56274,0.727522
0.2952,0.122128,-0.125843,0.0705821,0.989536
0.0928,0.0260203,0.0968921,0.281778,0.954575
0,0,-0.974905,-0.110139,0.193466
0.3519,0.13438,0.240422,0.107201,0.964731
0,0,0.214359,-0.810652,0.544879
0,0,-0.224219,-0.586074,0.778616
0,0,-0.669181,-0.607704,0.42766
0,0,0.581499,-0.791442,0.188358
0.220963,0.0433448,0.801788,-0.201261,0.562699
0.288481,0.257375,-0.832913,0.544511,0.0988137
0,0,-0.628061,0.775462,0.0647985
0,0,-0.788186,0.474035,0.392496
0,0,-0.0230905,0.999366,0.0270861
0,0,-0.293186,-0.868663,0.399332
0,0,0.965925,0.0172494,0.258248
0,0,-0.908179,0.254591,0.332257
0.0408478,0.0102933,-0.841382,0.163604,0.515083
0,0,0.020455,0.160556,0.986815
0.368296,0.323361,-0.350369,0.853852,-0.384941
0,0,-0.529841,0.845751,0.063038
0,0,0.860837,0.236643,0.450512
0,0,-0.676135,-0.70496,0.214181
0.24191,0.182096,-0.278446,0.124925,0.952293
0,0,-0.214982,-0.455605,0.863833
0.06329,0.0172715,0.663754,-0.168041,0.72883
0,0,-0.871492,0.490334,0.00857644
0,0,0.444767,-0.881526,0.158409
0,0,0.443592,-0.662854,0.6032
0.3519,0.194481,-0.595478,0.242328,0.765952
0,0,0.965827,-0.0329058,0.25709
0,0,0.786331,0.592082,0.176417
0,0,0.57932,0.815075,0.00647503
0,0,-0.804278,0.468253,-0.365891
0,0,0.432863,0.89608,0.098341
0.465321,0.328473,0.637547,-0.770381,0.00688772
0,0,0.268146,-0.961105,0.0661427
0,0,-0.512975,-0.424067,0.746341
0,0,0.457859,0.78585,0.415698
2.01796,2.77774,0.423178,0.774881,-0.469552
0,0,0.160483,-0.968543,0.190182
1.12028,0.84401,-0.415683,-0.601585,0.682132
0,0,-0.617598,0.78378,0.0652866
0,0,-0.995479,-0.0652,0.0690722
0,0,0.33728,0.938753,0.0706083
0,0,0.636705,-0.76075,0.125961
0,0,0.675184,-0.189126,0.712993
0.09238,0.0337045,-0.731019,0.115642,0.672487
0,0,-0.562409,0.718262,0.409628
0.0465,0.00766834,0.0613472,-0.241724,0.968404
0,0,0.150362,0.280577,0.947981
0.2952,0.123374,-0.541733,-0.00267088,0.840546
0,0,-0.222489,0.949436,0.221515
0,0,-0.233097,-0.657652,0.716352
0,0,-0.910189,0.275934,0.308897
0,0,-0.705947,0.524904,0.475516
0,0,0.444165,0.240001,0.863201
0.060959,0.0240352,0.285657,0.515191,0.808071
0.049302,0.013301,0.576809,0.222565,0.785974
0,0,0.692334,0.310286,-0.651457
0.0301889,0.00414494,0.546367,0.762228,-0.34712
0.222526,0.118263,0.172179,-0.361355,-0.916393
0,0,-0.141444,-0.831521,0.537184
0,0,0.119465,0.59214,0.796931
0.0223413,0.00197655,0.657648,0.72173,0.215882
0,0,0.771257,-0.396936,0.497598
0,0,0.676367,0.12734,0.725474
0,0,0.106997,0.932733,0.344326
0,0,0.951751,0.239019,0.192457
0,0,-0.459783,0.0129678,0.887937
0.176673,0.080228,-0.50399,0.397512,0.766797
0,0,-0.521576,0.624151,0.581716
0,0,-0.730809,-0.62711,0.269539
0,0,0.279472,-0.900525,0.333091
0,0,0.776344,0.630299,0.00366402
0,0,0.983085,-0.00699722,0.183016
0,0,0.161717,-0.76925,0.618144
0,0,-0.0299353,-0.974592,0.22198
0.882635,1.1586,0.772387,-0.634799,0.0211624
0.0333337,0.0285863,0.18711,0.333997,0.923816
0,0,0.389056,-0.737661,0.551808
2.06244,2.60381,0.0367882,0.756259,0.653238
0,0,-0.935532,0.284805,0.208963
0,0,-0.383808,0.170725,0.907494
0,0,0.974358,-0.163532,0.154543
0.06329,0.0151455,0.396994,-0.0427027,0.916827
0,0,0.130966,0.97906,0.15585
0,0,0.369497,-0.0637602,0.927042
0,0,-0.442498,0.465789,0.766314
0.00736418,0.000385664,-0.815769,0.208025,-0.539673
0.89609,1.247,0.0933358,0.105575,-0.990021
0,0,-0.137371,-0.987023,0.0831504
0,0,-0.955207,-0.218098,0.200032
0,0,-0.500284,0.819977,0.278124
0.18599,0.126234,0.189688,-0.0191715,0.981657
0.609318,0.307668,0.167412,0.298664,0.93956
0,0,-0.722407,0.197095,0.662783
0.06329,0.0173218,-0.346192,0.00933651,0.938117
0,0,0.460117,0.886132,0.0553458
0,0,0.290782,0.839068,0.459794
0,0,-0.872333,0.453418,0.182888
0.06329,0.0147727,-0.69833,-0.44933,0.557169
0,0,-0.313623,0.909363,0.27331
0.350891,0.266718,-0.407754,-0.426481,0.807373
0,0,-0.978816,0.0689905,0.192766
0.609318,0.382349,-0.474679,-0.266282,0.838913
0,0,-0.132595,0.716503,0.684867
0,0,-0.573381,-0.806538,0.143983
0,0,0.395905,0.210597,0.893817
0,0,-0.648168,-0.719936,0.248135
0,0,-0.264742,0.853461,0.448906
1.34898,0.974803,-0.716792,-0.504459,0.481384
0,0,0.42568,-0.8942,0.138577
0.609318,0.540469,-0.09966,0.0023,0.995019
0,0,-0.187529,-0.240933,0.952252
0.0368215,0.00868685,-0.0473967,-0.501768,0.863703
0,0,0.894634,0.445872,-0.0287661
0,0,-0.139059,-0.986694,0.0842526
0.3519,0.349275,0.430351,0.363723,0.826138
0,0,0.201866,-0.575191,0.79272
0,0,0.943911,-0.236824,0.2301
0,0,-0.821437,-0.332562,-0.463297
0,0,-0.298166,0.942233,0.152625
0,0,0.0912326,0.99565,0.0189291
0,0,0.252674,0.862571,0.438324
0,0,-0.453038,-0.180218,0.873085
0,0,0.377422,0.433175,0.818481
0.0809695,0.0340294,-0.406682,-0.748555,0.523713
0,0,0.122972,-0.874578,0.469033
0,0,-0.446608,-0.615438,0.649444
0,0,-0.64321,0.755469,0.124689
0.372649,0.291681,-0.248048,0.564174,-0.787515
0,0,0.490076,0.09468,0.866522
0,0,-0.162715,0.694002,0.701345
0,0,-0.483216,0.831618,0.273705
0,0,-0.208353,0.53277,0.820211
0,0,-0.441463,0.882478,0.162305
0,0,-0.0641854,0.978335,0.196829
0.119666,0.0674113,0.993615,-0.0122086,-0.112162
0,0,-0.684906,0.723812,0.0836628
0.3519,0.188986,0.633774,0.156711,0.757478
0,0,-0.781571,-0.430016,0.451921
0.24191,0.113488,-0.341053,0.305396,0.889053
0,0,-0.396278,0.812748,0.427089
0,0,-0.227688,-0.668,0.708473
0.0132766,0.00129506,-0.353757,-0.62545,0.695463
0,0,-0.804588,0.467815,0.365771
0,0,0.397457,0.795806,0.456859
0,0,0.640689,0.688638,0.339552
0.115048,0.0459958,0.246611,0.807533,0.535793
0,0,0.903695,-0.281369,0.322749
0.66545,0.758246,-0.424716,-0.0333631,0.904711
0,0,-0.975777,-0.0282844,0.21693
0,0,0.88068,-0.212693,0.423278
0,0,0.514207,0.826324,0.229736
0,0,-0.486027,-0.864005,0.131428
0,0,0.163602,0.56235,0.810554
0,0,-0.271338,0.880942,0.387706
0,0,0.97424,0.185885,0.127681
0,0,-0.181766,-0.832846,0.522808
0,0,-0.777794,0.546499,0.310444
0.15435,0.0676506,-0.893043,0.203108,0.401523
0,0,0.905086,0.350003,0.241489
0.609318,0.51516,0.669248,-0.165983,0.724263
0.01398,0.00105261,-0.417288,0.125065,0.900127
0.06329,0.0162372,-0.705352,-0.271525,0.654792
0,0,0.0320922,-0.943981,0.328436
0,0,-0.296142,-0.0846501,0.951386
0,0,-0.459936,-0.541125,0.704019
0,0,-0.327699,0.659336,0.676675
0,0,-0.00224821,0.878457,0.477815
0,0,-0.00424255,-0.866818,0.498606
0,0,-0.552376,0.0784713,0.829893
0.06329,0.0148083,-0.123283,0.102396,0.987075
0,0,-0.600605,-0.79402,0.0938393
0,0,0.917988,-0.38594,0.0913698
0.24191,0.182915,-0.277381,-0.565638,0.776604
0,0,-0.738504,0.523974,0.424338
0,0,-0.736043,-0.157008,0.658475
0.872465,0.920862,0.307637,-0.435581,-0.845948
0,0,-0.917687,0.303909,0.255911
0,0,-0.562483,-0.766625,0.309677
0,0,-0.197137,0.859834,0.47098
0,0,-0.0516527,-0.530114,0.846352
0,0,-0.545666,0.787027,0.287814
0,0,0.897619,-0.409851,0.162182
0.18599,0.0629586,-0.270549,0.213907,0.938641
0,0,0.965768,-0.109405,0.235209
0,0,0.284865,-0.845053,0.452479
0,0,-0.25009,0.946346,-0.204656
0,0,-0.428022,0.189619,0.883653
0,0,0.071991,0.399295,0.913992
0.534886,0.570994,0.479603,-0.874978,-0.0662858
0,0,-0.991756,-0.00859549,0.127856
0.263376,0.101116,0.280705,0.375759,0.883182
0.3519,0.321787,0.341664,0.192397,0.919918
0,0,0.627821,-0.482509,0.610758
0,0,-0.305831,0.0140372,0.951982
0,0,0.766312,-0.222824,0.60259
0,0,-0.964764,-0.247363,0.0896713
0,0,-0.589231,-0.771347,0.240481
0,0,-0.370719,0.0193159,0.928544
0.087886,0.0388763,0.0559161,-0.396899,0.916158
0.760859,0.953195,0.17,0.386422,0.90652
0,0,-0.468541,0.88336,0.0120189
0,0,0.623881,0.533648,0.570958
0.18599,0.0693372,0.513265,0.655458,0.554015
0,0,-0.577645,-0.813509,0.0672991
0,0,0.905302,0.146929,0.398549
0,0,0.125646,0.990456,0.0566536
0.76836,0.787694,0.430225,0.53676,0.725806
0,0,0.608158,0.293876,0.737415
0,0,0.524825,-0.700855,0.483075
0,0,-0.427956,0.578069,0.694759
0,0,0.557088,0.814999,0.159463
0,0,-0.879423,0.119103,0.4609
0.2952,0.143342,-0.0999252,0.619358,0.778724
0,0,-0.203804,0.749104,0.630323
0,0,-0.955654,-0.112408,-0.272194
0.531553,0.546881,-0.98961,-0.0584186,-0.131375
0,0,-0.993601,-0.0519015,0.100314
0,0,-0.422833,-0.762657,0.489455
0,0,-0.896533,0.143443,0.41911
0,0,0.440289,0.776937,0.450016
0.0465,0.00774472,-0.163955,-0.273686,0.947742
0,0,-0.0124227,-0.975046,0.221656
0,0,0.692369,0.330034,0.641641
0,0,0.676475,0.389315,0.625152
0,0,0.263197,-0.886215,0.381249
0,0,-0.487383,0.860889,0.146038
0,0,0.642443,0.74389,0.184105
0,0,-0.868095,0.0315179,0.495397
0,0,0.802907,0.491972,0.336606
0.0180859,0.00254053,-0.571881,-0.229909,0.787461
0.430154,0.341613,-0.53249,-0.0342932,-0.845742
0,0,-0.858436,0.328185,0.394186
0,0,-0.663755,0.600427,0.446001
0,0,-0.802331,-0.587034,0.107966
0,0,-0.965902,-0.256167,0.0375866
0,0,-0.910036,-0.409338,0.0653997
0.0309492,0.00611619,0.957861,0.0107732,0.287032
0.757016,0.676757,-0.156534,0.862929,0.480469
0,0,-0.583745,0.791462,0.18119
0.0979523,0.0425084,-0.46223,0.599039,-0.653832
0,0,-0.4565,0.84185,0.287918
0,0,-0.54312,0.710377,0.447644
0,0,0.47005,-0.876619,0.102917
0,0,-0.746442,-0.657684,0.101373
0,0,0.104352,0.963337,0.24717
0,0,0.663739,-0.608663,0.434717
1.03072,1.50006,0.769335,0.451832,-0.451633
0,0,-0.0219966,-0.988626,0.148781
0.475528,0.402297,-0.0700659,-0.96018,-0.270453
0.3519,0.14678,-0.08481,0.274655,0.957795
0,0,-0.410537,0.856583,0.312611
0,0,0.961204,0.0605555,0.26911
0,0,-0.916437,-0.391231,0.0841476
0,0,0.279254,-0.611598,0.740247
0,0,-0.499056,0.685068,0.530684
0.566913,0.39482,0.0521559,0.0695928,0.996211
0,0,-0.725881,-0.607176,0.323162
0,0,-0.91896,-0.186641,0.347386
1.52884,2.43972,-0.169991,-0.295213,-0.940188
0,0,-0.718694,0.626247,0.302149
0,0,-0.751231,-0.62352,0.216508
0,0,-0.496972,0.723417,0.479255
0,0,0.931222,-0.170853,-0.321923
0,0,-0.551312,-0.827245,0.108257
0,0,-0.99562,0.0178549,0.0917696
0.06329,0.0182907,0.384981,-0.231443,0.893433
0,0,0.331264,-0.847298,0.415151
0,0,0.171118,0.967173,0.187869
0.2952,0.149637,-0.239982,-0.408931,0.880445
0.250816,0.143064,-0.0671403,0.4961,0.865666
0,0,-0.205008,-0.830451,0.517998
0,0,-0.49095,0.853495,0.174687
0,0,-0.544766,0.826417,0.142351
0.0167496,0.00178136,0.45991,0.235271,0.85623
0.0194578,0.00263081,0.186177,-0.000791647,0.982516
0,0,-0.904825,-0.350405,0.241886
0,0,-0.648525,-0.691266,0.318694
0,0,0.118469,0.0296852,0.992514
0,0,0.116824,-0.984583,0.130184
0,0,0.666833,-0.726605,0.165468
0,0,0.449935,0.735749,0.506194
0,0,0.612829,0.499342,0.612453
0,0,0.764727,-0.600997,0.232368
1.00207,1.37007,0.625982,0.13922,-0.767309
0,0,0.736233,0.423762,0.527624
0,0,-0.157893,-0.920265,0.358025
0,0,0.283439,0.800141,0.528618
0,0,-0.788649,-0.450712,0.418201
0,0,0.763459,-0.629569,0.144132
0,0,0.0729606,-0.72069,0.689407
0,0,0.998646,0.0163468,0.0493906
0,0,-0.596303,-0.34941,0.722728
0.0180807,0.00243709,0.793072,-0.486363,0.366725
0,0,-0.532763,-0.0636242,0.843869
0,0,-0.983486,0.0505277,0.173789
0,0,0.699446,0.226606,0.677809
0,0,-0.865114,0.195003,0.462117
0.2952,0.162518,-0.406564,-0.167683,0.898103
0,0,0.808279,-0.15468,0.568119
0,0,-0.931249,-0.364252,0.00982488
0,0,-0.924893,-0.172548,0.338822
0.609318,0.354837,0.253113,-0.216587,0.942881
0,0,-0.64898,0.708508,0.277201
0,0,-0.250478,0.716464,0.651107
0,0,0.447189,-0.500744,0.741132
0,0,0.847397,0.119362,0.517369
0,0,-0.125562,-0.852005,0.508254
0,0,-0.176363,0.984323,0.0019143
0,0,0.405735,0.893164,0.194004
0,0,0.757488,-0.526004,0.386694
0,0,0.892068,0.316301,0.322753
0.0644938,0.0192006,-0.254981,0.226467,0.940052
0,0,0.705919,-0.699112,0.113674
0.2952,0.0984844,0.0949718,-0.381977,0.919279
0,0,-0.0156147,-0.998573,0.0510637
0,0,-0.154304,-0.714206,0.682716
0,0,0.319505,-0.921406,0.221194
0,0,0.163531,-0.486392,0.858301
0.0319703,0.00594915,-0.152637,0.841016,0.519032
0,0,0.0694863,0.445125,-0.892769
0,0,-0.49265,0.866824,0.0768921
0,0,0.93847,0.33681,0.0763714
0,0,-0.369014,0.926538,0.0731897
0,0,0.325485,0.945536,0.00455684
0,0,-0.527167,0.703814,0.476173
0,0,-0.332806,0.941054,0.0604766
0,0,0.446251,-0.522436,0.726581
0.0264923,0.0491497,0.626949,-0.370827,0.685144
0.0465,0.00798572,-0.671034,0.333784,0.662044
0,0,0.192083,-0.959929,0.204062
0,0,0.98066,-0.0919471,0.172779
0.198275,0.122422,0.621617,0.11362,-0.775037
0.609318,0.434695,0.654263,-0.322186,0.684205
0.3519,0.184009,-0.327465,-0.0249693,0.944533
0.3519,0.165218,-0.244139,-0.45756,0.855006
0.18599,0.0667955,0.311605,0.0580622,0.948436
0.0321596,0.00610692,-0.656447,-0.400396,0.639344
0,0,-0.177065,0.722836,0.667949
0,0,-0.195438,0.61814,0.761385
0,0,0.240586,0.7293,0.640499
0,0,0.369106,-0.620046,0.692318
0,0,-0.937921,-0.217679,0.270036
0,0,0.836253,-0.323612,0.442671
0,0,0.706035,-0.240088,0.666237
0,0,-0.868625,0.293921,0.398875
0,0,-0.463923,0.671796,0.577465
0.93405,0.858476,-0.309334,-0.345992,0.885778
0,0,0.64262,-0.579247,0.501511
0,0,-0.906223,-0.093616,0.412305
0.251487,0.167922,-0.71831,0.563368,0.408225
0,0,0.164194,0.711624,0.683105
0.609318,0.354123,-0.23575,-0.291826,0.926962
1.15519,1.05581,0.207867,0.213737,0.954519
0,0,-0.691652,0.113533,0.713251
0,0,-0.126354,0.877424,0.462777
0,0,0.771426,-0.528995,0.353648
0,0,-0.949886,0.252376,0.184451
0,0,-0.84019,0.493042,0.225809
0,0,-0.512236,0.836656,0.193963
0,0,-0.0269602,-0.909455,0.414927
0.481358,0.341353,0.422768,0.678426,-0.600837
0,0,-0.820865,0.219239,0.527367
0,0,0.994641,0.103064,0.00813855
0,0,0.161292,0.914654,0.370666
0,0,-0.887836,-0.137848,0.439027
0.0465,0.00747226,-0.157982,0.623492,0.765702
0,0,-0.164897,-0.945269,0.281558
0,0,-0.819935,-0.506332,0.267085
0,0,0.25403,-0.755355,0.604076
0.188598,0.11725,0.978849,0.00765819,-0.20444
0,0,-0.524619,-0.222795,0.821667
1.7645,2.22014,0.635188,-0.513855,0.576619
0,0,0.804391,0.492672,0.332008
0.167936,0.159345,-0.785071,-0.55381,0.277414
0,0,0.634826,0.689781,0.348136
0,0,-0.477722,0.695021,0.537334
0,0,0.688131,-0.498667,0.527074
0.427146,0.33623,-0.326665,-0.902474,-0.280768
0,0,0.43665,-0.785155,0.439168
0.140308,0.0816423,0.613948,0.647871,-0.450923
0.2952,0.154229,0.315255,-0.455466,0.832566
0.533303,0.547424,-0.308341,0.560149,0.768869
0.028864,0.00564129,0.410147,0.814115,0.411092
0,0,-0.534556,-0.560672,0.632374
0,0,0.0166167,-0.805655,0.592153
0,0,-0.993567,0.0265225,0.110095
0,0,0.668921,-0.131484,0.731612
0,0,-0.413983,-0.901699,0.124732
0,0,-0.355196,0.75337,0.553417
0,0,-0.866003,-0.34486,0.362091
0.2952,0.18102,0.0256968,-0.758937,0.650657
0,0,0.115005,-0.992825,0.0327417
0,0,-0.0393862,-0.926794,0.3735
0.0488309,0.00658738,-0.820817,-0.33257,0.464389
1.12028,1.35794,-0.308883,0.00104844,0.9511
0,0,-0.857739,-0.420279,0.296057
0,0,-0.649638,0.544902,0.530143
0.78595,0.549564,0.197351,0.533025,0.822762
0,0,0.191444,-0.930935,0.310982
0,0,0.133031,-0.96772,0.214059
0,0,-0.194229,0.939458,0.282302
0.06329,0.0115378,-0.511219,-0.602189,0.613208
0,0,0.979434,0.180154,0.090846
0,0,0.204129,0.000438123,0.978944
0.351473,0.125363,0.692078,0.560681,0.454603
0,0,-0.308528,-0.711874,0.630909
0,0,-0.863824,0.498822,0.0706053
0,0,0.852038,0.0408199,0.521886
0,0,-0.0918617,0.985792,0.140629
0,0,0.207428,-0.978009,0.0217186
0,0,0.728195,0.43464,0.529925
0,0,-0.717697,0.270301,0.641754
0,0,-0.959753,-0.257417,0.112295
0,0,0.777122,0.277987,0.564628
0.0485595,0.00854521,-0.403733,0.399483,0.823051
0,0,0.415392,-0.351859,0.838835
0.241983,0.137684,-0.352598,0.61016,0.709492
0,0,-0.720806,-0.609939,0.329262
0,0,-0.951016,-0.282972,0.124485
0,0,0.690746,-0.706613,0.153517
0,0,-0.972933,-0.229609,0.026105
0,0,-0.0870217,0.0430613,0.995275
0.33449,0.278007,-0.101422,-0.281624,0.95415
0,0,0.858396,0.405379,0.314364
0,0,-0.99116,-0.132374,0.00885979
0.0564072,0.0157135,0.720235,0.214305,0.659799
0,0,0.890575,-0.151287,0.428939
0,0,-0.690709,0.291557,0.661752
0,0,0.370145,0.92564,0.0786369
0,0,0.498507,0.798171,0.338252
0,0,-0.400282,-0.91606,0.0246581
0,0,-0.958353,0.283152,0.0372052
0.06329,0.0141869,0.55669,0.125291,0.821218
0,0,0.591821,-0.52924,0.607991
0,0,-0.752607,-0.366806,0.546842
0,0,-0.635231,0.753275,0.170465
0.0465,0.00669359,-0.489967,-0.676942,0.549256
0.411915,0.164255,0.116402,0.951667,0.28422
0,0,-0.136163,-0.674107,0.725975
0,0,-0.265091,0.913902,0.307424
0.24191,0.103829,0.312514,-0.289503,0.904723
0,0,0.629615,-0.69338,0.350441
0,0,0.894993,0.424675,0.136521
0,0,-0.71926,0.548592,0.426277
0,0,-0.822532,-0.47922,0.30625
0,0,-0.108177,-0.97105,0.212979
0,0,-0.528,-0.743682,0.410064
0,0,-0.975361,-0.130515,0.177867
0,0,0.911523,-0.0321519,0.40999
0,0,0.228943,0.934248,0.273435
0,0,0.910667,0.237034,0.33838
0,0,-0.819667,0.393246,0.416538
0,0,0.0898058,-0.862639,0.497784
0,0,-0.481334,-0.869608,0.109998
0,0,0.0941121,0.143231,0.985204
0,0,0.82382,0.380619,0.42006
0.0465,0.00737063,0.00699115,0.786779,0.617196
0,0,0.306283,-0.937296,0.166332
0,0,-0.425839,0.882477,0.199738
0,0,-0.698465,-0.666597,0.260373
0,0,0.0595836,0.206374,0.976657
0,0,-0.401521,0.914882,0.0420834
0,0,0.217309,0.941758,0.25665
0.3519,0.360371,0.0865066,-0.272563,0.958241
0,0,-0.386727,-0.778246,0.494749
0.06329,0.0144687,-0.188732,0.0619961,0.98007
0.3519,0.326037,0.303255,-0.330729,0.893675
0,0,0.0104863,-0.854645,0.519108
0,0,0.655483,-0.747877,0.104988
0,0,-0.592495,-0.418928,0.688077
0.047398,0.0116171,-0.0938619,-0.228991,0.968893
0,0,-0.980605,-0.0463405,0.190439
0,0,-0.890269,-0.0754316,0.449146
0,0,0.164244,0.974966,0.149882
0.244036,0.165817,-0.493906,0.746662,0.445592
0,0,-0.343526,-0.936414,0.0715403
0,0,0.784665,0.0504513,0.617864
0,0,0.792371,-0.471257,0.387382
0.12497,0.0636416,-0.0710604,0.58281,0.809496
0,0,-0.393158,0.648553,0.651771
0,0,0.752758,0.653957,0.0754707
0,0,0.135083,-0.270002,0.953337
0,0,-0.11098,-0.848804,0.516928
0,0,0.311065,0.385518,0.868685
0,0,0.280386,0.951234,0.1286
0,0,0.375827,0.924517,0.0634191
0,0,0.429997,-0.283734,0.857087
0,0,-0.598252,0.798153,0.0710382
0,0,0.34481,-0.884445,0.314425
0,0,0.532945,-0.513144,0.672794
0,0,0.730775,-0.659178,0.177348
0.413163,0.39802,0.0687927,-0.550074,0.832278
0,0,-0.492064,-0.411139,0.767358
0,0,-0.815357,0.00954331,0.57888
0.057596,0.0169498,0.691152,-0.59724,0.406956
0,0,-0.230087,0.885431,0.403822
0,0,-0.0133736,0.991761,0.127403
0,0,-0.900049,0.371837,0.227263
0.609318,0.415731,-0.393579,0.328027,0.858775
0,0,0.784533,0.246789,0.568861
0.18599,0.0853162,-0.325014,-0.241593,0.91433
0,0,-0.869838,0.0991696,0.483267
0,0,0.717308,-0.372487,0.588832
0,0,0.993896,-0.00869627,0.109982
0,0,0.847224,-0.469012,0.24948
0,0,0.90757,-0.354256,0.225431
0,0,0.269724,-0.487293,0.830539
0,0,0.0478208,-0.819386,0.571244
0,0,0.931511,-0.3357,0.139975
0,0,0.132888,0.772588,0.620845
0,0,0.521519,0.710044,0.473134
0,0,-0.644672,-0.754848,0.120845
0.382207,0.322272,0.4667,-0.590375,0.65852
0.3519,0.160361,-0.339948,-0.258419,0.904243
1.24541,1.51369,-0.0611553,0.389265,-0.919093
0,0,-0.274491,-0.961009,0.0334162
0,0,-0.24727,0.470939,0.846803
0,0,0.859006,-0.500615,0.107205
0,0,-0.167055,0.938201,0.303103
0.09238,0.0252035,-0.534289,0.073658,0.842087
0,0,-0.728789,0.28107,0.624392
0.157256,0.107148,-0.430389,-0.104872,0.896531
0.153623,0.083581,0.870004,-0.444419,0.213506
0,0,-0.550475,0.662798,0.507618
0.06329,0.0140789,-0.638264,-0.237925,0.732128
0,0,0.0164168,0.976951,0.21283
0,0,-0.426615,0.236277,0.873025
0,0,-0.186345,0.980812,0.0572923
0,0,0.584063,-0.669819,0.458489
0.0788817,0.0261047,-0.618919,0.646553,0.445991
0.274146,0.136506,0.437062,-0.798718,0.413553
0,0,0.239673,0.948293,0.20808
0,0,0.231262,-0.135571,0.963399
0,0,-0.0406816,0.163176,0.985758
0,0,0.648232,0.617295,0.445805
0,0,-0.341514,-0.805359,0.484525
0,0,-0.697861,0.536976,0.47397
0,0,-0.0225037,-0.0935114,0.995364
0,0,-0.097727,0.958987,0.266069
0.18599,0.0721048,-0.528284,-0.497134,0.688312
0,0,-0.545062,0.703198,0.456531
0,0,0.846107,0.21331,0.488469
0.000896724,2.3435e-05,-0.477506,0.391966,0.786353
0,0,0.534378,0.843552,0.0534803
0,0,-0.54049,-0.630303,0.557305
0,0,0.308294,0.677352,0.667944
0,0,-0.0856621,-0.659396,0.7469
0.3519,0.187079,-0.662842,-0.0675657,0.745705
0,0,-0.453216,0.386225,0.803384
0,0,-0.958912,0.28357,0.0086578
0,0,-0.123449,0.674335,0.728033
0,0,-0.337498,0.931616,0.134856
1.25808,1.63652,0.0736486,-0.866282,0.494096
0,0,0.638415,0.686609,0.347843
0,0,0.582523,0.439695,0.68362
0,0,-0.467072,0.828954,0.307698
0,0,0.97412,-0.0630455,0.217062
0,0,-0.227379,0.129857,0.965109
0.609318,0.495055,0.0454511,-0.46446,0.884427
1.12028,1.21578,0.104527,0.0125422,0.994443
0.3519,0.321059,-0.127926,-0.471604,0.872482
0,0,-0.29619,0.8676,0.399427
0,0,-0.201854,-0.934935,0.291806
0.169094,0.118783,0.214944,0.747802,0.628165
0,0,0.667714,-0.323105,0.670642
0,0,-0.682994,0.255645,0.684225
0.150066,0.0570047,0.306391,-0.889509,0.338965
0,0,-0.9194,0.330338,0.213497
0,0,0.576131,0.185047,0.796135
0,0,0.346672,-0.869578,0.351642
0,0,-0.930984,-0.0223201,0.364376
0,0,0.625377,-0.713662,0.31558
0,0,-0.585535,0.559248,0.586848
0,0,0.929696,-0.292945,0.223269
0.609318,0.500047,-0.434592,0.625094,0.648373
0.609318,0.383921,0.0671767,-0.439563,0.895696
0,0,0.840824,-0.0762613,0.53591
0,0,0.905559,0.377062,0.19439
0,0,-0.408164,0.853642,0.323568
0,0,-0.822384,0.015273,0.568728
0.552263,0.75075,-0.70201,-0.171124,-0.691302
0,0,-0.828425,0.125254,0.545916
0,0,-0.379443,-0.872816,0.306947
0,0,-0.517524,-0.813259,0.266043
0,0,-0.362919,0.93075,0.0446704
0,0,0.875622,-0.162484,0.454845
0,0,-0.138378,-0.960397,0.241844
0,0,0.5531,-0.689496,0.467627
0,0,0.381621,-0.774467,0.504545
0,0,0.537343,-0.0653375,0.840829
0,0,-0.994786,0.0972749,0.0306385
0,0,0.904478,-0.388396,0.176263
0.0465,0.00791396,0.784388,0.0325233,0.619417
1.12163,1.50177,0.472564,0.485597,-0.735444
0.587904,0.747876,-0.346367,-0.84561,0.40617
0,0,0.127423,-0.920032,0.370547
0,0,-0.495984,-0.76505,0.41073
0,0,0.855264,-0.326002,0.402798
0,0,0.902519,0.353738,-0.245619
0,0,-0.638958,-0.603807,0.476602
0,0,0.888317,0.450121,0.0910205
0.206456,0.124579,-0.09587,0.9163,0.388849
0,0,0.587431,-0.164599,0.792359
0.2952,0.127785,0.0300428,0.440151,0.897421
0,0,0.917899,0.369486,0.144713
0,0,0.153651,-0.988125,0.000856473
0.0165797,0.00202477,0.356165,0.796889,0.487969
0.697183,0.832508,0.345614,0.599549,-0.721867
0,0,0.0286692,0.889885,0.455284
0,0,-0.160367,0.384028,0.909288
0,0,0.546518,-0.404978,0.733015
0,0,0.227221,-0.482702,0.845795
0.3519,0.21768,0.474333,0.445363,0.759382
0.0357206,0.00803247,0.719361,0.306178,0.623518
0.0358174,0.00812457,0.512988,0.107674,0.851616
0,0,0.727908,-0.638008,0.25119
0,0,-0.677618,-0.720142,0.149093
0,0,0.636372,0.695817,0.332971
0.794281,0.587167,0.879588,0.47202,-0.0593449
0,0,0.0714375,-0.622763,0.779142
0.31999,0.209603,0.698176,0.0500187,-0.714177
0,0,-0.561607,0.530435,0.635009
0,0,-0.467985,-0.132214,0.87379
0,0,0.427378,-0.857325,0.286952
0,0,-0.827302,-0.433809,0.356905
0,0,-0.727534,-0.537221,0.426718
0,0,-0.203199,-0.978152,0.0439248
0.06329,0.014227,-0.193213,0.745652,0.637708
0.148081,0.105507,-0.0497916,0.51708,-0.854488
0,0,0.945423,0.318692,0.067902
0,0,0.664745,-0.747015,0.009157
0,0,-0.587681,0.808492,0.031179
0,0,0.313689,0.861509,0.399252
0,0,-0.51697,-0.819397,0.247651
0,0,0.208154,-0.946656,0.245998
0,0,0.136029,0.919239,0.369453
0,0,0.633186,-0.771636,0.060443
0,0,-0.480262,-0.552952,0.680876
1.12028,1.28716,0.205359,0.601755,0.771828
0,0,0.576799,0.806916,0.127237
0.573599,0.711111,-0.17036,-0.170414,-0.970534
0.310313,0.215315,-0.546317,0.0911246,0.832607
0,0,-0.616519,0.64501,0.451516
0,0,-0.00426545,-0.877279,0.479962
0,0,0.769559,-0.599406,0.220208
0,0,-0.743932,0.34238,0.573882
0,0,-0.392004,-0.430142,0.81321
0,0,0.811127,0.570998,-0.126629
0.392695,0.244643,0.932982,-0.0768911,-0.351615
0,0,0.493161,0.680319,0.54218
0,0,0.577481,-0.149046,0.802684
0,0,-0.635839,0.173323,0.752109
0.360411,0.374912,-0.142899,0.559057,0.816722
0,0,0.708694,-0.578931,0.403227
0,0,0.450763,-0.873099,0.185772
0,0,0.488061,0.10266,0.866751
1.01858,1.02718,-0.468918,-0.778869,-0.416507
0,0,0.101472,-0.923346,0.370318
0,0,0.621981,0.746287,0.237056
0.58826,0.777694,-0.0468579,0.80002,0.59814
0,0,0.3366,0.902436,0.268905
0.2952,0.176695,-0.205216,0.28813,0.935344
0,0,-0.177922,0.776159,0.604914
0.3519,0.160147,-0.101508,0.442539,0.890986
0,0,0.51618,0.406239,0.754008
0,0,-0.50243,0.510275,0.697986
0.00625454,0.00039969,-0.00410221,0.051159,0.998682
0.0188626,0.00258401,-0.380811,0.0752607,0.921585
0,0,0.486574,0.870716,0.0714092
0,0,-0.980231,0.0840006,0.179137
0.0875337,0.0286628,0.0723694,-0.934708,0.347971
0,0,0.459458,-0.556074,0.692589
0,0,-0.284174,0.887358,0.363098
0,0,-0.958728,-0.142769,0.245882
0,0,-0.882144,0.263009,0.390701
0,0,-0.638533,0.11198,0.761404
0,0,-0.563813,0.404319,0.720168
0,0,-0.90444,0.338375,0.25979
0,0,0.415468,-0.896086,0.156255
0,0,-0.962766,-0.0808836,0.257951
0,0,-0.932012,0.357105,0.0618808
0,0,-0.759552,-0.525851,0.382834
0,0,-0.578767,0.506962,0.638763
0,0,-0.806295,-0.38148,0.452063
0,0,-0.686221,0.633329,0.357763
0,0,-0.933703,-0.300413,0.194808
0,0,-0.779138,-0.295039,0.553079
0,0,0.045851,0.877409,0.477547
0.513852,0.417316,0.387775,-0.920762,0.0427423
0,0,0.422747,0.905502,0.0367627
0,0,-0.811464,0.429666,0.396122
0,0,-0.625133,0.191423,0.756681
0.423018,0.341968,0.443445,0.559874,-0.699926
0,0,0.538237,-0.707226,0.458402
0.374049,0.309154,0.764185,0.639278,-0.085704
1.6931,1.65513,0.90829,0.416496,-0.0392434
0,0,-0.5609,-0.809221,0.174791
0.609318,0.549468,0.305027,-0.0279944,0.951932
0,0,-0.647424,-0.44857,0.616139
0,0,-0.999728,-0.000631303,0.023329
0,0,-0.0727641,-0.907549,0.413595
0,0,-0.451595,0.685032,0.571658
0,0,-0.812279,-0.578393,0.0752622
0,0,0.872556,0.0680603,0.483749
0.06329,0.015088,0.170791,-0.60475,0.777887
0.856363,1.14911,-0.0880782,-0.685387,0.722832
0,0,0.722239,0.528135,0.446593
0,0,0.971805,0.00996649,-0.235577
0,0,-0.833231,-0.207729,0.51242
0,0,0.64603,-0.563116,0.515311
0,0,0.472567,-0.866211,0.162356
1.35583,1.98979,0.961939,-0.0227302,0.272318
0,0,-0.848826,0.167127,0.50156
0,0,-0.505185,0.683852,0.526435
0,0,0.245178,0.86204,0.443592
0,0,-0.479876,0.434448,0.762216
0,0,0.156877,0.958636,0.2375
0,0,0.465745,0.884447,0.0288896
0,0,-0.656059,0.747191,0.106263
0,0,-0.0594568,-0.0392308,0.99746
0,0,-0.257398,0.385256,0.886185
0.0928,0.0373058,-0.577501,-0.0807306,0.812388
0,0,-0.979437,0.201551,0.00892755
0.769826,0.992427,0.352125,0.923747,-0.150666
0.74637,0.933481,0.941192,0.336354,0.0320025
0.2952,0.15862,0.330116,0.519088,0.788398
0.421687,0.227794,-0.608872,0.519545,0.599456
1.23148,1.71378,0.106111,-0.71815,-0.68775
0,0,0.51181,0.770985,0.378989
0.292646,0.114991,-0.520879,0.380893,0.763941
0.24191,0.168441,0.0313886,0.789367,0.613118
0,0,-0.207758,-0.879224,0.428722
0,0,0.0604781,0.806288,-0.588423
0,0,0.96602,-0.0352336,0.256054
0,0,-0.970769,0.236461,0.0411633
0,0,-0.803312,0.41885,0.423385
0,0,0.973249,0.218223,0.0718649
0.133411,0.067755,0.242983,0.205043,-0.948112
0.387028,0.121567,-0.559071,0.250979,-0.790221
0,0,0.31151,0.668763,0.675069
0,0,0.829044,-0.00173739,0.55918
0,0,0.978022,-0.196905,-0.068561
0.80617,0.663922,-0.359211,0.0277754,0.932843
0,0,0.484143,0.652755,0.582681
0,0,0.593769,0.790388,0.15075
0,0,0.76294,-0.62594,0.161625
0,0,0.772791,0.138533,0.619357
0.654138,0.757442,-0.28692,-0.949385,0.127847
0,0,-0.478481,-0.855918,0.196114
0,0,-0.81755,0.321048,0.478058
0,0,-0.936718,0.349217,0.0246428
0,0,-0.330132,-0.900212,0.283958
0,0,0.741661,0.662479,0.105165
0,0,-0.405605,-0.80041,0.441394
0,0,-0.844154,-0.294262,0.448124
0,0,-0.648878,0.255226,0.71681
0,0,0.332881,0.899504,0.28299
0,0,0.894867,0.398753,0.20052
0.609318,0.404253,0.435412,-0.237287,0.868396
0,0,0.550995,0.834458,0.00922529
0,0,-0.397622,-0.762639,0.510176
0,0,0.741736,-0.650287,0.164178
0,0,-0.902455,0.430315,0.0200967
1.18621,1.64298,-0.543052,-0.625999,-0.559661
0,0,0.559291,-0.734687,0.383963
0,0,0.0269059,0.0567266,0.998027
0,0,0.406503,-0.910114,0.0802952
0,0,-0.0171264,0.534855,0.84477
0,0,-0.922935,0.303543,-0.236756
0,0,0.959511,0.266924,0.0899485
0,0,-0.622651,-0.770359,0.137305
0,0,-0.802351,-0.542362,0.24915
0,0,-0.631946,-0.62992,0.451491
0,0,0.492472,-0.860549,0.1301
0,0,0.478615,0.857569,0.188424
0,0,-0.675781,-0.521039,0.52138
1.7645,2.11739,-0.668362,0.337626,0.662797
0,0,0.361884,-0.932146,0.01202
0,0,0.900697,-0.197093,0.387167
0,0,-0.00407996,0.995246,0.0973061
0,0,-0.889078,-0.270551,0.369246
0,0,0.0132273,0.291069,0.956611
0.48725,0.23687,0.124497,0.518721,0.84583
0,0,-0.815139,0.512724,0.26956
0,0,-0.0429265,0.778436,0.626254
0,0,-0.673116,-0.427759,0.603272
0,0,-0.838539,0.331054,0.432731
0,0,-0.653339,0.754784,0.0587262
0,0,0.608031,-0.269773,0.746673
0,0,-0.56455,0.824549,0.0374491
0,0,-0.395717,-0.628746,0.669393
0,0,-0.774013,-0.62194,0.118724
0,0,0.733211,0.679981,0.00522172
0,0,0.127742,-0.864571,0.486003
0,0,-0.455236,-0.790063,0.410562
0.720413,0.984652,0.727151,0.671146,0.144274
0,0,0.661642,0.671042,0.334562
0,0,0.583006,0.803859,0.117956
0,0,-0.496103,-0.670703,0.551397
0,0,-0.227455,0.932423,0.280807
0,0,-0.34909,-0.520568,0.779195
0,0,-0.880263,0.01389,0.474283
0,0,-0.805245,-0.413104,0.425353
0,0,-0.430963,0.712051,0.554306
0,0,0.861559,-0.305673,0.405315
0,0,0.923414,0.0064698,0.383752
0,0,-0.796051,0.540791,0.271749
0.2952,0.122851,0.204715,0.138328,0.968998
0,0,0.320277,0.946686,0.0347765
0.857294,1.07287,0.209539,-0.635968,0.742724
0.3519,0.171606,0.143198,0.137243,0.980132
0.00879453,0.000725232,0.669247,0.498461,0.55104
0.06329,0.0146178,0.219097,-0.774792,0.593038
0,0,-0.43758,0.585326,0.682581
0,0,0.897403,0.304511,0.319283
0,0,0.26174,0.851121,-0.455065
0,0,-0.03087,-0.941878,0.334535
1.12028,1.25065,0.381383,0.224683,0.896697
0.3519,0.218875,-0.501031,-0.251662,0.82803
0,0,0.621715,0.571739,0.535336
0,0,-0.721389,0.646838,0.247385
0,0,0.965493,0.230637,0.120956
0,0,0.0635826,0.942127,0.32917
0,0,-0.89469,-0.432334,0.112328
0,0,-0.958774,-0.283725,0.01587
0.191344,0.130836,0.372753,0.15875,-0.91425
0,0,-0.341081,-0.823333,0.453638
0,0,-0.404027,-0.910937,0.083404
0,0,-0.713465,0.49963,0.491261
0.3519,0.189617,0.392066,0.260417,0.882308
0,0,-0.6225,-0.782585,0.00732435
0,0,0.489223,-0.872125,0.00764073
0.0928,0.0221676,-0.728015,0.363627,0.581179
0,0,0.959617,-0.281209,0.00758879
0,0,0.691639,0.636611,0.341118
0,0,0.581333,-0.502384,0.640048
0.0983567,0.0498616,0.234235,0.719778,-0.653494
0,0,-0.769347,-0.145992,0.621926
0,0,-0.204848,0.914822,0.348048
0,0,0.65951,0.245165,0.710592
0.240522,0.129988,-0.817832,-0.00683277,-0.575417
0.178814,0.0867284,-0.272286,0.904039,-0.329505
0.06329,0.0140738,0.101792,0.475273,0.87393
0,0,0.188444,-0.943522,0.272497
0.2952,0.118287,-0.326458,0.38931,0.861314
0.513557,0.62251,-0.944217,-0.267103,0.192641
0,0,-0.286458,0.939744,0.186609
0,0,0.439608,-0.885484,0.150539
0,0,0.109209,-0.908078,0.404312
0,0,0.881694,0.403575,0.244426
0,0,0.310545,-0.819123,-0.482285
0,0,0.0593832,-0.827308,0.558602
0.09238,0.0285975,-0.603194,0.00709514,0.797563
0,0,-0.103365,-0.8621,0.496083
0.0522164,0.0158829,-0.273061,0.569609,0.775231
0,0,-0.0699804,0.897935,0.434529
1.7296,2.17005,-0.448859,0.0211212,0.893353
0,0,0.842014,-0.0647167,0.53556
0.508039,0.571623,-0.267766,0.337488,0.902443
0,0,-0.825538,0.137915,0.547236
0.183645,0.0554339,0.0223249,-0.999702,0.00988035
0,0,-0.758758,-0.644947,0.0912676
0,0,-0.72385,-0.0216657,0.689617
0,0,-0.750759,0.621911,0.222685
0,0,0.129173,0.793729,0.594397
0,0,0.43593,-0.896349,0.0807685
0,0,-0.672048,0.631046,0.387471
0,0,-0.762026,0.605004,0.230839
0.434336,0.298138,0.545729,-0.831119,0.106868
0,0,0.374778,0.426653,0.823109
0,0,0.186235,-0.196003,0.962756
0,0,-0.320384,0.859355,0.398576
0.934505,1.32334,0.871405,-0.332929,-0.360293
0,0,0.676676,-0.725019,0.128281
0,0,0.697464,-0.716436,0.0162322
0,0,0.612901,-0.67734,0.406894
0,0,0.629763,-0.605273,0.486871
0,0,0.386404,-0.170818,0.906374
0.135008,0.0945733,0.788601,-0.609757,-0.0794045
0,0,-0.44242,0.847281,0.293904
0,0,0.512278,0.066359,-0.856252
0,0,-0.896435,0.236701,0.374668
0.609318,0.398367,0.114774,-0.317478,0.941294
0,0,-0.360827,0.928289,0.0899085
0,0,-0.960994,0.200805,0.19018
0,0,0.511827,0.858047,0.0422792
0,0,-0.606068,0.608069,0.512771
0,0,-0.30392,0.881896,0.360407
0,0,-0.244466,-0.879337,0.40866
0,0,0.991363,0.110936,0.0699538
0.400881,0.463812,-0.203414,0.683364,0.701168
0,0,-0.93699,0.212251,0.277487
0,0,-0.0751691,-0.972326,0.221204
0,0,0.0700629,0.943641,0.323469
0,0,-0.162093,-0.75101,0.640085
0,0,-0.477279,-0.710167,0.517559
0.0810323,0.034459,-0.737387,0.562451,0.374045
0,0,0.959023,0.209928,0.190277
0,0,0.964986,0.239861,0.106154
0,0,-0.17422,-0.659016,0.731673
0,0,0.612331,-0.429125,0.664005
0,0,-0.809762,-0.55997,0.175267
0,0,-0.587552,-0.540307,0.602372
0.3519,0.255545,0.251764,0.257709,0.932846
0,0,0.222128,-0.821733,0.524798
0.31931,0.246536,-0.64419,0.223281,0.73155
0,0,0.432393,-0.827484,0.358199
0.270951,0.188783,-0.705412,0.0730606,0.705022
0.06329,0.0137729,0.457207,0.496735,0.73771
0,0,-0.826575,-0.288424,0.483307
0,0,-0.806563,-0.502389,0.311547
0.392881,0.329147,-0.0777411,0.742045,-0.665827
0,0,0.189384,-0.902445,0.386944
0.358871,0.174315,-0.511661,0.823151,0.246222
0.06329,0.0146055,0.180343,-0.409295,0.894402
0,0,-0.82006,0.526112,0.225184
0.00619764,0.000413499,0.512895,-0.162827,0.842868
0.368267,0.382003,-0.39149,-0.446534,-0.804576
0,0,-0.827181,0.246295,0.505085
0,0,0.982317,-0.0378572,0.18336
0,0,0.570243,0.712102,0.409554
0.0465,0.00754895,0.0434058,-0.020046,0.998856
0,0,0.0786211,-0.761452,0.643436
0,0,-0.110065,0.982876,0.147784
0.24191,0.16998,0.0896052,-0.260753,0.961238
0,0,-0.528225,-0.267049,0.806017
0,0,0.949795,0.061342,0.306802
0.239059,0.210753,-0.81609,-0.562782,0.131429
0,0,0.855553,-0.487778,0.173499
0,0,-0.539228,0.215128,0.814219
0,0,0.904474,0.405338,0.13277
0,0,-0.04497,-0.928609,0.368326
0,0,-0.708449,0.702981,0.0625883
0,0,-0.669641,0.0771061,0.738672
0,0,0.899706,-0.405284,0.16209
1.8384,2.68778,-0.181396,-0.34755,0.919948
0.2952,0.250441,-0.511708,0.288883,0.809136
0,0,0.751839,-0.618026,0.229745
0.3519,0.182904,-0.284779,-0.25094,0.925165
0,0,0.78573,0.470968,0.401021
0,0,0.832486,0.455726,0.315087
0,0,0.152341,-0.97618,0.154483
0,0,0.87188,-0.148072,0.466798
0,0,-0.992461,-0.113452,0.0463662
0,0,0.470924,0.871733,0.135325
0,0,0.90515,-0.416151,0.0867275
0,0,0.873831,0.0958898,0.476681
0,0,0.606323,0.698337,0.380391
0,0,0.381768,0.296522,0.875402
0,0,0.686371,0.693859,0.217841
0,0,0.577367,0.810919,0.0951699
0.05323,0.0104413,0.629239,0.215247,0.746811
0,0,0.447515,-0.756464,0.476962
0,0,-0.594744,-0.374461,0.711378
0,0,0.488857,0.0710811,0.869463
0,0,0.673309,-0.7055,0.221189
0,0,0.368195,-0.891961,0.262368
0,0,-0.0925623,-0.746511,0.658903
0.0885768,0.0259803,0.880024,-0.136007,0.455037
0,0,0.619648,0.441525,0.648916
0,0,-0.717033,0.675371,0.172446
0,0,0.318889,0.922444,0.21773
0,0,-0.907579,0.343843,0.240982
0.3519,0.20186,-0.0899579,-0.23198,0.968552
0,0,0.864342,-0.315747,0.391429
0,0,0.981425,-0.190056,0.026163
0.76836,0.508324,-0.357215,-0.152743,0.921448
0,0,-0.884951,0.0672748,0.460799
0.498075,0.596925,0.446909,0.433827,0.782347
0,0,-0.322193,-0.697751,0.639793
0,0,-0.967826,0.251421,0.00998682
0,0,-0.234238,0.676142,0.698544
0,0,0.851246,-0.524363,0.0205748
0.640854,0.676689,-0.789133,0.552397,0.268564
0,0,-0.821323,-0.205577,0.532134
0,0,-0.890608,0.089954,0.445787
0,0,0.134783,0.781173,0.609592
0,0,-0.587656,0.731671,0.345424
0,0,-0.606926,-0.127728,0.784428
0,0,-0.961725,0.244176,0.124349
0,0,0.333386,0.930397,0.152363
0.277299,0.260197,-0.149452,-0.9435,-0.295757
0,0,-0.150167,-0.980158,0.129382
0,0,0.362974,0.914705,0.177661
0,0,0.220156,0.730513,0.646438
0.609318,0.49358,0.130687,0.325886,0.936333
0,0,-0.340598,-0.874363,0.345663
0,0,-0.635981,-0.206936,0.743442
1.14488,1.57952,-0.950781,-0.149026,0.271674
0,0,0.0616718,-0.984507,0.164142
0,0,0.806089,-0.585081,0.0888811
0,0,0.837049,-0.271368,0.475089
0,0,-0.343732,0.451354,0.823485
0,0,-0.991003,0.00703294,0.133652
0,0,0.471333,-0.654254,0.591437
0.609318,0.560118,-0.544851,-0.0669716,0.835854
0.464596,0.474332,-0.261348,-0.705345,-0.658928
0,0,-0.522863,-0.764837,0.376348
0.609318,0.521647,-0.373899,0.408434,0.832695
0.24191,0.0577341,0.28676,-0.226842,0.930758
0,0,0.641201,-0.692163,0.331319
0,0,-0.684855,-0.154523,0.712106
0,0,0.0136548,0.567595,0.823194
0,0,0.959848,0.107019,-0.259303
0,0,0.586597,0.807608,0.0606043
0,0,-0.29302,0.892555,0.342761
0,0,-0.477347,-0.822577,0.309042
0.609318,0.569739,0.186281,-0.502674,0.844167
0,0,-0.313386,0.0852558,0.945791
0,0,0.991024,-0.00188396,0.133674
0,0,0.259938,-0.388263,0.884129
0,0,0.759537,0.587177,0.279868
0,0,0.111157,-0.739354,0.664078
0,0,0.0885362,0.199762,0.975836
0.3519,0.159472,0.150723,-0.150282,0.977086
0,0,0.955702,-0.283471,0.079229
0,0,-0.993166,-0.00835398,0.11641
0.531146,0.655526,0.690363,-0.723399,-0.0096676
0,0,-0.989492,-0.0412158,0.138589
0.0465,0.00194845,0.367965,0.00232955,0.929837
0,0,0.811582,-0.0203751,0.583883
0,0,0.89374,0.326458,0.30766
0,0,0.547549,0.4326,0.716273
0,0,-0.929735,-0.127756,0.345356
0.0928,0.0244902,0.0383454,-0.74013,0.671369
0,0,0.88772,0.388381,0.247212
0,0,0.556459,-0.743448,0.370997
0,0,0.812013,-0.444339,0.378415
0,0,-0.289208,-0.912681,0.288744
0,0,-0.855073,-0.482751,0.189212
0.016804,0.00203249,0.389435,0.205412,0.897857
0,0,0.831396,-0.549133,0.0850491
0,0,0.667257,-0.638739,0.383119
0,0,0.195243,0.918405,0.34411
0,0,0.0937394,-0.717092,0.690646
0.246316,0.199256,0.129803,-0.103303,0.986144
0,0,-0.409388,0.909818,0.0680669
0,0,-0.178719,0.857259,0.482873
0,0,-0.550553,-0.227404,0.80323
0,0,-0.460934,-0.479182,0.746943
0,0,-0.452834,-0.3648,0.813549
0,0,0.721393,0.630532,0.286392
0,0,-0.827667,-0.322231,0.459494
0,0,0.252811,0.92599,0.28041
0,0,0.171919,0.859717,0.480969
0.131739,0.0475859,-0.526231,0.756381,0.388547
0,0,0.70939,-0.678617,0.190382
0,0,0.26197,0.227889,0.937784
0.3519,0.214209,0.353504,-0.681305,0.640982
0,0,0.925946,-0.208026,0.315197
0,0,0.877349,-0.401403,0.262934
0,0,-0.9628,-0.061881,0.263033
0,0,0.420018,-0.846154,0.328036
0,0,-0.570444,0.701202,0.427679
0.742502,0.745717,-0.0402802,0.792089,-0.609076
0,0,0.77076,0.116359,0.62641
0,0,0.0185767,0.908999,0.416384
0.0751221,0.0283678,-0.277265,-0.0737175,0.957961
0.05323,0.0105662,0.403717,0.533605,0.743154
0.786083,1.06357,-0.744839,0.391971,0.539976
0,0,-0.952378,-0.243735,0.183221
0.133107,0.076099,-0.531178,0.201447,0.822964
0,0,0.530357,-0.843377,0.0862364
0,0,-0.434737,0.193148,0.879601
0,0,-0.328591,0.69061,0.644271
0.0132719,0.00694339,0.533806,0.651694,0.538837
0,0,-0.519157,-0.616665,0.591777
0.361904,0.353078,0.33854,0.764286,0.548869
0,0,0.759889,0.371573,0.533388
0,0,-0.854584,-0.464454,0.232311
0.18024,0.106633,-0.0875048,0.0727529,-0.993504
0,0,-0.231971,-0.895721,0.379307
0.0915738,0.0452028,0.0431487,0.824777,0.563809
0,0,-0.122924,-0.911306,0.392952
0,0,0.951834,0.154752,0.264697
0.09238,0.0388936,0.0851139,-0.409393,0.908379
0,0,0.310404,-0.947684,0.0744578
0,0,0.186671,0.881806,0.433096
0.0726344,0.0265575,0.180768,0.698144,0.692762
0,0,0.412061,0.897846,0.155172
0,0,-0.144807,0.473432,0.868846
0,0,-0.814354,-0.340508,0.469981
0.0155135,0.00187504,0.257498,-0.115655,0.959332
0.0490558,0.0140035,-0.429939,-0.708544,0.559569
0,0,0.244424,-0.402197,0.882324
0,0,0.418084,-0.201114,0.885866
0,0,0.675811,-0.68548,0.270918
0.195094,0.135003,0.450853,-0.0186127,0.892404
0.735287,0.671536,-0.280111,-0.935746,-0.214281
0,0,-0.695883,-0.66548,0.269969
0,0,-0.848805,0.509236,0.142159
0,0,-0.245118,0.967966,0.0543932
0,0,-0.737225,-0.257825,0.62452
0,0,0.0381394,0.984944,0.168612
0.06329,0.0138913,0.117629,-0.843834,0.523553
0,0,-0.707338,0.703639,0.0675667
0.0928,0.0334504,-0.27625,0.477915,0.833837
0,0,0.611499,0.786306,0.0882733
0,0,0.154051,0.714655,0.682302
0.3519,0.254214,-0.131897,0.513774,0.847726
0.0455003,0.00723328,0.165611,-0.298418,0.939957
0,0,-0.799817,0.401676,0.446037
0.952521,1.05892,-0.291111,-0.94948,0.117225
0,0,0.193342,0.296595,0.935228
0,0,0.787599,-0.579264,0.2101
0,0,-0.0824412,-0.86256,0.499192
0.139346,0.069539,0.0229348,-0.939121,0.34282
0,0,0.660857,-0.626622,0.413054
0.212772,0.142889,0.502875,0.265574,-0.822549
0.319368,0.20432,0.563386,0.706548,-0.428236
0,0,-0.240439,-0.93209,0.27092
0,0,0.116366,0.901982,0.415798
0,0,-0.959383,0.117071,0.256667
0,0,0.582737,0.703742,0.406404
0.0465,0.00777747,-0.607995,-0.232811,0.759039
0,0,0.210312,0.971028,0.113462
0.556799,0.624757,0.134633,-0.833494,-0.535875
0,0,0.939973,0.00296887,0.341235
0.0511621,0.0173405,-0.985115,0.0073777,0.17174
0,0,-0.550149,-0.731544,0.402716
0.132938,0.08301,-0.909148,0.184938,-0.373158
0,0,-0.0068564,-0.771819,0.635805
0.609318,0.380508,0.131214,-0.264241,0.955489
0,0,0.283148,0.755855,0.590348
0.477854,0.412841,0.635223,0.71343,0.29582
0.2952,0.144621,-0.457759,-0.708716,0.536823
0.173324,0.0557397,0.245927,-0.526184,0.814033
0.313276,0.119739,0.608656,0.0290811,0.792901
0,0,0.966953,0.246986,0.0632491
0,0,0.919691,0.0462842,0.389905
0,0,-0.973167,-0.225896,0.0437824
0.173495,0.0589513,0.0244643,-0.674661,0.737722
0,0,0.122876,-0.811889,0.570734
0.965061,0.921478,-0.113131,-0.979818,0.164797
0,0,-0.769892,-0.314963,0.555035
0,0,-0.00651971,0.479269,0.877644
0,0,0.152879,-0.914361,0.374929
0,0,0.110828,-0.633187,0.766023
0,0,0.739477,0.00282102,0.673175
0.2952,0.128113,0.264236,-0.441525,0.857458
0,0,0.453249,-0.727343,0.515304
0,0,-0.8649,-0.0121052,0.501798
0,0,0.376014,-0.819506,0.432462
0.928253,1.46443,0.461056,0.358429,0.811761
0,0,0.940555,-0.0943254,0.32628
0,0,0.147691,-0.980703,0.128094
0.529979,0.573746,-0.120052,0.0728116,0.990094
0.13496,0.04514,0.696581,-0.242496,0.675256
0.00495099,0.000174996,0.512806,-0.382175,0.768747
0,0,0.441451,0.704886,0.555208
0,0,-0.20933,0.874383,0.437763
0,0,0.567249,-0.81863,0.089854
0,0,0.969271,0.0438694,0.242053
1.11609,1.13521,-0.20824,0.972039,0.108516
0,0,0.769409,0.617124,0.16483
0,0,0.329978,0.912799,0.240649
0.24191,0.102548,-0.472166,-0.389072,0.791001
0.593806,0.494063,-0.0862039,0.67507,0.7327
0,0,-0.136615,-0.80667,0.574995
0,0,0.0607118,0.347829,0.93559
0,0,-0.130673,-0.803726,0.580473
0,0,0.989994,-0.13848,0.0271199
0,0,-0.170282,0.551937,0.816314
0,0,0.703606,-0.698291,0.13164
0,0,-0.954422,-0.280451,0.102111
0,0,0.970443,0.241242,0.00656876
0,0,0.136085,-0.95996,0.244863
0,0,-0.636286,0.734203,0.236825
0.940941,1.2767,-0.899113,0.0481536,0.43506
0,0,0.682355,-0.689079,0.244051
0,0,-0.843145,0.142651,0.518417
0.06329,0.0197014,0.391847,-0.519065,0.759624
0,0,0.0355869,0.337587,0.940621
0.0543304,0.0148757,-0.446406,0.838947,-0.311271
0.24191,0.0875037,-0.248428,-0.245695,0.936973
0,0,0.0348743,-0.662952,0.747849
0,0,-0.780285,-0.616369,0.106045
0.243935,0.128576,-0.84657,0.505833,-0.165687
0,0,-0.916029,-0.0475387,0.398285
0.0724319,0.0232545,-0.355587,-0.86112,0.363359
0.508676,0.446089,0.261262,-0.585834,-0.767164
0,0,-0.722239,-0.527356,0.447511
0,0,0.0988373,-0.870261,0.482574
0,0,0.774319,-0.546612,0.318819
0,0,-0.924237,0.0610806,0.376902
0,0,-0.732995,0.0817864,0.675299
0,0,-0.79503,-0.438012,0.41961
0,0,0.362968,0.930942,0.0400216
0.0601182,0.0167166,-0.682836,0.696693,-0.219895
0.266425,0.0732965,-0.644651,0.572397,0.506742
0,0,-0.986839,0.0278117,0.159299
0,0,0.191766,0.907222,0.374397
0,0,0.309517,-0.651124,0.692991
0.0260291,0.00406845,0.70351,0.45987,0.541843
0,0,0.500588,0.618832,0.605358
0.2952,0.140319,-0.0257173,0.557861,0.829536
0,0,-0.693214,-0.0689551,0.717426
0,0,-0.254066,-0.956454,0.143686
0,0,-0.483137,0.81743,0.313667
0,0,0.588881,-0.517232,0.62104
0,0,0.343102,-0.823764,0.451325
0.206593,0.127976,0.484486,-0.861781,-0.150356
0,0,0.453702,-0.886987,0.0860736
0,0,-0.708728,0.345422,0.615132
0,0,0.942342,0.328705,0.0627975
0,0,0.743,0.531453,0.406828
0,0,-0.92641,-0.0266131,0.375576
0.609318,0.305696,-0.541552,-0.428348,0.723353
0,0,-0.696212,0.360802,0.620573
0,0,0.892002,-0.450772,0.0337149
0.105012,0.0420924,0.11561,0.942439,-0.313755
0,0,0.591811,-0.80345,0.0650217
0,0,0.904377,0.283692,0.31878
0,0,-0.172371,-0.915274,0.364089
0.135997,0.0837634,0.423094,-0.782335,-0.457104
0,0,-0.0933645,0.923867,0.37115
0.24191,0.16221,0.372467,-0.362934,0.854135
0,0,0.975125,0.168506,0.144002
0,0,0.575973,-0.667781,0.471512
0,0,0.278458,0.370836,0.88597
0,0,-0.188688,0.269208,0.944417
0,0,-0.701469,-0.684097,0.19988
1.7645,2.02161,-0.303984,-0.150876,0.940654
0.044803,0.0109688,0.237476,-0.279562,0.930296
0,0,-0.733956,0.676651,0.0587533
0,0,0.761951,0.349909,0.544972
0.0491606,0.0128638,-0.889972,0.0566408,0.452483
0,0,0.906439,0.354209,0.230011
0.507746,0.468476,-0.179986,-0.678551,0.712161
0,0,-0.786944,0.58191,0.205181
0.3519,0.186939,-0.163845,0.649598,0.742413
0,0,0.339581,-0.386016,0.857716
0,0,0.883577,-0.451491,0.124286
0.18599,0.117748,-0.458108,0.105889,0.882567
0,0,0.656235,0.740908,0.142871
0,0,-0.590725,0.153307,0.792174
0,0,-0.253888,0.598215,0.760053
0,0,0.684155,0.667588,0.293698
0,0,-0.879535,0.475834,0.000741757
0,0,0.619505,0.174089,0.765445
0,0,-0.542429,0.0641754,0.837647
0,0,-0.551491,0.231337,0.801461
0,0,0.671755,0.575157,0.466841
0,0,0.531052,-0.836188,0.137013
0,0,-0.514372,0.314678,0.797746
0,0,0.951224,-0.277918,0.133922
0.609318,0.323338,-0.493184,-0.176381,0.851856
0,0,0.204811,0.807179,0.553637
0,0,-0.27416,-0.569145,0.775184
0,0,0.321781,-0.943183,0.0828439
0,0,-0.484497,-0.804246,0.344168
0.2952,0.14454,0.473559,0.360984,0.803388
0,0,-0.145683,0.762942,0.629838
0.3519,0.193551,0.0150671,0.278089,0.960437
0,0,-0.734884,0.655907,0.172427
0.0465,0.0122198,0.189895,0.198979,0.96143
0,0,-0.338227,-0.913399,0.226505
0.4805,0.289086,0.55534,-0.126824,0.821896
0.609318,0.407816,-0.696327,0.036293,0.716806
0,0,0.0373199,-0.857544,0.513055
0,0,-0.191277,-0.939494,0.284191
0,0,0.493753,-0.77166,0.400936
0,0,-0.097659,-0.99441,0.0401469
0,0,-0.230406,-0.90366,0.360988
0,0,0.771574,0.454669,0.444916
0.18599,0.152583,0.14179,-0.698122,0.701798
0,0,0.825005,0.521824,0.216949
0.14686,0.0884954,0.327163,0.879622,-0.345297
0,0,0.521229,-0.60046,0.606439
0,0,-0.0014819,-0.994338,0.106256
0,0,-0.899872,-0.339017,0.274404
0,0,0.381691,0.730045,0.566874
0,0,-0.618134,-0.0550926,0.78414
0,0,0.712803,0.661651,0.232656
0,0,-0.747455,0.664271,0.00738558
0.609318,0.445331,-0.521605,0.351527,0.777404
0,0,0.331291,-0.927104,0.175283
0,0,0.124598,0.731253,0.67063
0,0,0.852382,-0.466044,0.237168
0.748013,1.08908,0.948495,-0.293544,-0.11912
0,0,0.561759,0.35327,0.748082
0,0,-0.969337,-0.226046,0.0963762
0,0,0.0314931,-0.875931,0.481407
0,0,-0.936224,-0.230244,0.265466
0,0,-0.428334,0.807455,0.405644
0,0,0.988781,-0.149322,0.00393728
0,0,0.567215,-0.0183954,0.823364
1.5092,1.95605,-0.369521,-0.322536,0.87145
0,0,0.805996,0.576456,0.134418
0,0,0.867684,0.39632,0.300092
0,0,0.872321,0.253261,0.418228
0,0,0.786475,0.469116,0.401731
0.112826,0.0351264,0.728076,-0.663693,-0.171513
0,0,-0.407011,0.844905,0.347099
0,0,-0.118361,-0.943224,0.310353
0,0,-0.0149439,-0.519573,0.854295
0,0,0.726566,-0.182915,0.662302
0,0,0.290227,0.888723,0.354879
0,0,-0.721581,0.0765754,0.688082
0,0,0.969235,-0.213722,0.122089
0,0,0.218591,-0.975734,0.0127097
0.09238,0.0308439,-0.304532,0.202473,0.930734
0.3519,0.237618,-0.361759,-0.139643,0.921754
0,0,-0.0399402,-0.832777,0.552166
0,0,0.327528,-0.721595,0.609939
0,0,-0.236678,-0.880407,0.410934
0,0,0.818865,-0.367199,0.441163
0.089242,0.0432438,-0.984048,0.0973285,0.148916
0,0,-0.894057,0.0351395,0.446573
0.380996,0.367099,0.791323,-0.449308,-0.414645
0,0,-0.625832,0.704011,0.335713
0,0,-0.902493,-0.0344451,0.429326
0.609318,0.499405,-0.0490182,-0.733773,0.677624
0,0,0.0255613,-0.911937,0.409534
0,0,0.720893,0.581569,0.376949
0,0,0.783035,0.589208,0.199222
0,0,-0.638267,-0.719376,0.274068
0,0,-0.663938,-0.114754,0.73893
0,0,-0.635161,0.604552,0.480716
0,0,0.959488,-0.148156,0.239651
0,0,0.663707,-0.0067134,0.747963
0,0,-0.349367,0.935534,0.0521412
0.2952,0.108946,0.122956,-0.41945,0.899413
0,0,-0.591187,0.742919,0.313957
0.106596,0.0591259,0.330531,-0.297564,-0.895659
0.403977,0.298924,0.930184,0.210634,0.30065
0,0,-0.633931,-0.743578,0.212658
0,0,-0.817433,-0.312745,0.483729
0,0,-0.534415,-0.65103,0.539036
0,0,-0.172745,0.940391,0.292956
0,0,-0.727033,0.033009,0.685809
0,0,0.234563,-0.0348818,-0.971475
0,0,-0.174765,0.620661,0.764354
0.2952,0.226817,-0.30927,0.109654,0.944631
0.307869,0.160517,-0.696262,-0.477426,-0.535989
0,0,0.519438,0.853764,0.0356658
0.140136,0.0711879,0.279532,0.579615,-0.765447
0.118061,0.0663487,-0.602045,-0.0382513,0.797546
0,0,-0.288053,0.630397,0.72085
0,0,-0.851501,-0.503737,0.145583
0,0,0.406644,0.827034,0.388143
0.0465,0.00750262,-0.395222,-0.0944397,0.913718
0.28464,0.325985,0.224009,0.24552,-0.943154
0,0,0.211123,0.966619,0.145171
0,0,0.874894,0.0733048,0.478734
0,0,-0.468156,0.706153,0.531204
0,0,-0.128377,-0.798254,0.588481
0,0,0.843691,0.372463,0.386598
0,0,-0.693459,-0.62356,0.360953
0,0,0.286328,-0.958131,0.00124993
0,0,0.455036,0.88563,0.092741
0,0,0.161998,0.891812,0.422408
0.3519,0.239125,0.0225341,-0.704203,0.709641
0,0,-0.116207,-0.974147,0.193734
0.09238,0.0316819,-0.745783,0.174746,0.642862
0,0,0.102703,0.840797,0.531519
0.3519,0.195803,0.0969432,0.117284,0.988355
0,0,-0.866529,-0.161651,0.472225
0,0,0.422545,-0.0289062,0.905881
0,0,0.713446,-0.637589,0.290646
0,0,-0.231996,-0.678448,0.697055
0,0,-0.381785,-0.858725,0.341807
0.18599,0.111502,0.252445,-0.329546,0.909764
0,0,-0.504453,0.754047,0.420642
0.102708,0.0390026,-0.947855,-0.287526,0.137477
0,0,-0.691137,-0.576605,0.435725
0,0,-0.123462,-0.990282,0.0640243
0,0,0.0480528,-0.442998,0.895234
0,0,-0.531029,-0.846385,0.0405097
0,0,0.383536,0.822166,0.420646
0.609318,0.455639,-0.318571,0.173719,0.931844
0,0,-0.033797,0.820262,0.570988
0,0,0.959449,-0.238414,0.150388
0.609318,0.348568,-0.19336,0.374338,0.906908
0,0,0.249223,0.947006,0.202653
0,0,-0.39779,0.782277,0.47938
0.768144,0.837481,-0.222519,-0.833968,-0.504959
0,0,0.744877,-0.661068,0.0902598
0,0,-0.383372,-0.813127,0.438008
0.289494,0.141969,-0.510917,0.851256,0.119697
0,0,0.441938,-0.881565,0.165935
0,0,0.380782,0.904244,0.193256
0.0465,0.00749591,0.192606,0.344511,0.918812
0,0,-0.617763,0.765832,0.178523
0,0,-0.50412,0.748134,0.43146
0.2952,0.25508,0.105923,-0.664147,0.74006
0,0,0.955414,-0.283859,0.0812911
0,0,0.716416,-0.043276,0.696329
0,0,-0.954562,0.227919,0.192002
0,0,-0.554124,-0.767141,0.323173
0,0,-0.771317,-0.189882,-0.607466
0.0465,0.0125581,-0.0678552,-0.650475,0.75649
0,0,-0.744213,0.663846,0.0738607
0,0,0.897426,0.124218,0.423315
0,0,-0.909404,-0.35863,0.210639
0,0,-0.355232,-0.766023,0.535742
0,0,0.824817,0.563595,0.0451336
0.135835,0.0788459,-0.624765,0.507426,-0.593454
0,0,-0.629533,-0.302966,0.715472
0,0,0.695266,-0.462621,0.550079
0,0,0.742456,0.385434,0.547905
0,0,-0.755929,-0.277328,0.59301
0,0,0.643062,-0.721694,0.256184
0,0,-0.903384,-0.41999,0.0866345
0.93405,0.820104,0.319779,-0.13151,0.938321
0.609318,0.454588,0.303027,0.619686,0.723991
0,0,0.443506,-0.89528,0.0421468
0,0,0.506157,-0.858816,0.0789928
0,0,-0.839422,0.286852,0.461613
0,0,-0.526274,0.671152,0.522102
0,0,-0.595452,-0.328082,0.733348
0,0,-0.482348,-0.262504,0.835722
0,0,-0.913271,0.38801,0.124029
0,0,-0.981843,0.127337,0.140603
0.914698,1.19594,0.583566,-0.249345,-0.772838
0,0,0.920222,0.125179,0.370839
0,0,-0.504307,0.863378,0.015927
0,0,-0.0276511,0.991431,0.127674
0,0,-0.366604,-0.927985,0.0666725
0.2952,0.177411,-0.0085501,-0.361942,0.932162
0.521721,0.591585,0.738708,0.224483,0.635545
0,0,0.79824,-0.600581,0.0459957
0.00299669,9.5039e-05,0.42921,0.255027,0.866453
0,0,0.629535,0.380042,0.677683
0,0,-0.757076,-0.126693,0.640925
0,0,-0.73425,-0.50663,0.451888
0,0,0.834011,-0.409917,0.369315
0,0,0.0449055,-0.687633,0.724668
0,0,-0.438923,-0.596916,0.671593
0,0,0.0122282,-0.780931,0.624497
0,0,-0.689012,0.615833,0.382115
0,0,0.949654,-0.270772,0.157604
0,0,0.828255,-0.119503,0.54746
0,0,-0.069677,0.984678,0.15986
0,0,-0.106983,0.840124,0.531739
0,0,-0.973644,-0.0761699,0.214977
0,0,-0.383081,0.773978,0.50419
0,0,0.199108,-0.90406,0.378196
0.3519,0.128417,0.12681,-0.183867,0.974737
1.12028,1.20066,-0.250947,0.17281,0.952451
0.212893,0.177483,-0.518063,-0.522707,0.677043
0,0,0.00340289,-0.0155667,0.999873
0.0672987,0.0235774,-0.678966,0.20896,0.703804
0,0,-0.891583,-0.273487,0.360949
0,0,0.763,0.287849,0.578769
0,0,0.771874,-0.593227,0.228675
0,0,0.898936,-0.143589,0.41388
0,0,0.308224,-0.934047,0.180427
0,0,-0.814384,0.29817,0.497869
0,0,-0.469525,0.792602,0.389008
0.214445,0.20207,-0.190767,-0.278632,0.941261
0,0,-0.299056,0.870316,0.3913
0.609318,0.359104,0.257012,-0.126708,0.958066
0,0,0.481638,-0.847156,0.224392
0,0,-0.195757,-0.828032,0.525397
0,0,0.883719,-0.133371,0.448611
0,0,-0.822834,-0.407286,0.396311
0,0,0.135773,-0.93166,0.337011
0,0,-0.625417,-0.238371,0.742989
0,0,-0.313203,0.850929,0.421691
0,0,-0.959962,0.277343,0.0394111
0,0,0.608188,0.646932,0.459985
0,0,-0.607913,0.790993,0.0690708
0,0,-0.627144,0.775303,0.0748059
0.396974,0.313606,-0.657627,0.142561,0.739732
0,0,0.600527,-0.595582,0.533526
0.0107398,0.0010554,-0.498968,0.117132,0.858668
0,0,-0.288633,-0.904848,0.312956
0,0,-0.409404,0.261013,0.87422
0,0,-0.78528,-0.397721,0.474504
0,0,0.835201,0.475492,0.276308
0,0,-0.537947,-0.841268,0.0536747
0,0,-0.942282,-0.251497,0.221032
0.3519,0.166804,0.125676,-0.408446,0.904089
0,0,-0.293811,-0.955677,0.0188657
0,0,0.989716,-0.102306,0.0999765
0.105182,0.0472175,-0.266664,0.464048,-0.844719
0,0,0.496504,-0.817147,0.29284
0,0,-0.589082,-0.739473,0.325825
0,0,-0.537484,0.127668,0.833554
0,0,0.00366957,-0.672768,0.739844
0,0,-0.0809994,-0.773709,0.628342
0,0,0.180439,0.968918,0.169232
0,0,0.655637,0.709004,0.259719
0,0,-0.31201,-0.72023,0.619611
0,0,0.3418,0.749779,0.566572
0,0,0.0319631,0.981872,0.186831
0,0,-0.960905,-0.00392519,0.276849
0,0,0.865046,-0.134818,0.483239
0,0,0.841509,-0.462721,0.278841
0,0,-0.0556888,-0.0212834,0.998221
0,0,0.397215,-0.836603,0.377248
0.609318,0.50818,-0.415771,0.414466,0.809539
0,0,0.624005,-0.138406,-0.769065
0,0,-0.28028,-0.937818,0.204793
0,0,-0.997691,0.00387447,0.0678132
0,0,0.246344,-0.725909,0.642161
0,0,-0.306551,0.0132059,0.951763
0.118219,0.0380461,-0.976797,0.194786,-0.089026
0,0,0.341783,0.927703,0.150173
0,0,-0.953021,0.302592,0.0137511
0,0,-0.786135,0.0490223,0.616107
0.425099,0.39863,-0.157785,0.470062,-0.868416
0.18599,0.0720781,-0.594728,-0.392447,0.70163
0,0,-0.612897,0.0702904,0.78703
0,0,-0.788918,-0.614496,0.00153995
0,0,-0.957426,-0.0961379,0.2722
0,0,-0.893988,-0.324618,0.308883
0.191816,0.103094,-0.820808,0.540784,0.183921
0.609318,0.38506,-0.233098,-0.278466,0.931731
0,0,-0.151917,0.975358,0.159995
0.524752,0.425896,0.71889,-0.592695,-0.363193
0.609318,0.497912,-0.224154,0.400096,0.888638
0,0,-0.997271,0.0551574,0.0490751
0,0,-0.794568,-0.60275,0.0731689
0.609318,0.432762,0.00700719,-0.195496,0.980679
0.0320438,0.00666212,0.790621,0.00848818,0.612247
0,0,-0.447369,-0.793199,0.413154
0,0,0.69597,0.717621,0.0253886
0,0,-0.527819,-0.657156,0.538101
0,0,0.654309,-0.06102,0.753762
0,0,0.257397,0.52863,0.808886
0.935962,1.34824,0.612604,-0.205782,-0.763132
0,0,-0.669187,0.416781,0.615209
0.609318,0.484142,0.00504644,-0.659964,0.75128
0,0,-0.157666,0.850388,0.501978
0,0,-0.0660504,0.366414,0.928105
0,0,-0.380006,0.523589,0.762529
0,0,0.484549,0.751574,-0.447604
0,0,-0.00882217,-0.0469414,0.998859
0,0,0.679138,0.620684,0.39182
0,0,-0.223504,-0.140641,-0.964503
0,0,-0.795544,-0.119189,0.594056
0,0,0.562974,-0.825669,0.0364737
0,0,-0.691248,-0.667582,0.276606
0.06329,0.0172192,0.237317,0.234872,0.942611
0,0,0.673696,0.25427,0.693888
0.943355,1.00813,0.922946,0.168008,0.346329
0,0,-0.924774,0.306492,0.225511
0,0,0.0540732,-0.0509411,0.997237
1.10917,1.76632,0.739796,0.337357,-0.582144
0,0,-0.108426,0.490641,0.86459
0,0,-0.88598,-0.460844,0.0515952
0,0,-0.560395,-0.612346,-0.557665
0,0,-0.487808,0.623223,0.611258
0.880714,1.06719,-0.264251,-0.445057,0.855626
0,0,-0.992441,0.073466,0.0983008
0,0,0.717859,-0.696114,0.010178
0,0,0.0146815,0.987211,0.158739
0.300246,0.290654,0.824794,-0.249168,0.507574
0,0,-0.311248,0.856334,0.412088
0,0,-0.585233,0.467069,0.662834
0,0,0.827906,-0.0573149,0.55793
0.145591,0.0963415,-0.302044,-0.729904,0.613196
0.3519,0.153165,0.579833,0.352354,0.734602
0.234063,0.166484,-0.975667,-0.0981579,-0.196059
0,0,0.946018,0.13495,0.294684
0,0,0.701506,-0.64553,0.301961
0.0940986,0.042494,0.262016,-0.884508,0.385997
0,0,0.679267,0.450889,0.579048
0,0,-0.480789,0.755752,0.444613
0,0,-0.297814,0.949757,0.0962697
0,0,0.639834,-0.718512,0.272677
0,0,0.270015,0.650254,0.710114
0.0910113,0.0488018,0.178718,-0.48912,0.853711
0,0,-0.113468,0.310324,0.943835
0,0,-0.966952,-0.237185,0.0935293
0,0,-0.126273,-0.983758,0.127578
0,0,-0.964539,0.220322,0.145338
0.18599,0.0602526,-0.0228478,0.418769,0.907805
0,0,-0.988002,0.147304,0.0463989
0,0,-0.944348,0.321878,0.0678317
0,0,0.94416,-0.228731,0.237156
0,0,0.874534,0.380635,0.300513
0.0292114,0.00550105,0.273555,0.0175421,0.961696
0,0,0.680281,0.573068,0.456959
0,0,0.547991,0.418923,0.724023
0.158138,0.0675975,-0.991818,0.110527,0.0638757
0,0,-0.245945,0.968334,0.0429015
0.3519,0.18123,0.503912,-0.0830357,0.859755
0,0,-0.0662704,-0.965787,0.250727
0,0,0.369257,-0.475894,0.798232
0,0,0.718511,-0.48024,0.503102
0,0,-0.937489,-0.28564,0.198809
0,0,-0.525077,0.514909,0.677616
0,0,-0.661282,-0.750098,0.00765696
0,0,-0.182879,0.704569,0.685666
0,0,0.477546,-0.871777,0.109337
0,0,-0.189764,-0.818582,0.542138
0,0,-0.301218,-0.903929,0.303613
0.0948716,0.041465,-0.945753,-0.318669,0.0632614
0,0,0.284107,0.791513,0.541101
0,0,0.43314,-0.890268,0.140756
0,0,-0.661536,-0.467076,0.586694
0,0,-0.791558,-0.595662,0.136465
0,0,0.532492,0.846345,0.0123982
0,0,0.820355,0.563896,0.0950773
0,0,-0.948536,0.316531,0.00931316
0,0,-0.788854,-0.614043,0.0257066
0.721576,0.725797,-0.850528,0.31242,0.423078
0,0,0.166168,0.946947,0.2751
0,0,-0.0638548,0.613048,0.787461
0.0800494,0.0180186,-0.714665,-0.438532,0.544925
0,0,0.232177,0.236396,0.94351
0,0,-0.759071,-0.0909521,0.644623
0,0,-0.907848,0.320834,0.269958
0,0,0.331325,0.936698,0.11323
0,0,0.866422,-0.442337,0.231625
0,0,-0.637256,-0.654396,0.407027
0,0,0.785126,0.117774,0.608035
0,0,0.817384,0.558014,0.143191
0,0,0.83056,0.151414,0.535952
0,0,0.443755,-0.76985,0.458708
0,0,0.298339,0.953354,0.0459407
0,0,0.263304,0.960583,0.0891665
0,0,-0.550076,-0.670806,0.497429
0,0,0.983197,0.13454,0.123377
0,0,-0.526015,-0.814724,0.243992
1.7645,2.07715,-0.588696,0.137973,0.796493
0,0,0.0656834,0.923914,0.376919
0.796484,1.00216,-0.900852,-0.361472,-0.240426
0.18599,0.0801481,-0.254381,0.0831868,0.96352
0,0,-0.538753,-0.818245,0.200552
0.09238,0.0356974,-0.408256,0.646222,0.644767
0,0,-0.831486,-0.00571136,0.555516
0,0,0.68798,0.0213548,0.725416
0,0,-0.570848,-0.81607,0.090346
0.0398793,0.00688252,-0.588108,0.590641,0.552514
0,0,0.7427,-0.363654,0.562275
0.201523,0.157607,0.353134,-0.0241612,-0.935261
0,0,0.735578,0.0857706,0.671989
0.156883,0.113032,-0.791665,0.532375,0.29974
0,0,0.129098,-0.854646,0.502905
0,0,-0.953373,0.28092,0.110293
0,0,-0.336641,0.911401,0.236687
0,0,-0.394674,0.820003,0.41452
0.444607,0.386687,0.250115,0.929441,0.271258
0,0,0.452799,0.576242,0.680381
0.968251,1.15081,0.246572,-0.76272,0.59788
0.06329,0.0193966,-0.337095,0.105855,0.935501
0.744559,0.96197,0.263939,0.887777,0.377077
0,0,0.337505,0.829534,0.444931
0,0,-0.505356,-0.719317,0.476654
0,0,0.343575,-0.650169,0.67767
0,0,0.241176,-0.807189,0.538776
0.3519,0.184794,0.37363,0.0500431,0.926227
0,0,-0.928332,-0.21558,0.302861
0,0,0.544778,-0.822306,0.164405
0,0,0.6992,0.714656,0.0196608
0,0,-0.580548,-0.696284,0.422081
0,0,0.180003,-0.963836,0.196516
0.609318,0.478893,-0.0994311,-0.441138,0.891914
0.067672,0.017754,0.542575,0.428755,0.722344
0,0,-0.623207,-0.649897,0.435025
0,0,-0.318671,-0.770369,0.552251
0.3519,0.137288,0.53226,0.0865295,0.842147
0,0,0.514123,-0.754106,0.40866
0,0,-0.211028,-0.298774,0.930699
0,0,0.925595,0.119988,0.358995
0,0,0.955741,-0.118807,0.269153
0.125606,0.0619996,0.394886,-0.44133,-0.805787
0,0,-0.19309,0.893445,0.405553
0,0,0.0269825,0.993269,0.112644
0,0,0.874683,0.154998,0.459244
0,0,0.222084,0.973267,0.0585614
0,0,0.540454,0.788641,0.29318
0.325966,0.332071,0.746344,0.549795,0.375095
0,0,0.457213,-0.824757,0.332764
0.06329,0.018623,0.775821,0.313675,0.547457
0.06329,0.0142139,0.47756,0.375157,0.794476
0,0,0.923171,-0.244769,0.296384
0.09238,0.0276251,-0.118742,0.525809,0.842274
0,0,0.462905,0.474662,0.748609
0.3519,0.155827,0.267044,0.235573,0.934448
0,0,0.540032,-0.707436,0.455961
0,0,-0.876128,0.147888,0.458835
0,0,0.966022,0.132903,0.221672
0,0,-0.959477,-0.0969077,0.264601
0,0,-0.348104,-0.929059,0.12519
0,0,0.457782,0.867611,0.194132
0,0,0.319923,-0.802137,0.504207
0,0,-0.441843,-0.253043,0.860665
0,0,0.540017,0.841622,0.00726695
0.196306,0.157788,0.497893,0.580288,0.644491
0.441312,0.189118,-0.0122012,0.990475,0.13715
0,0,0.889826,0.0487128,0.453692
0,0,-0.452871,0.648589,0.611751
0,0,-0.819582,-0.419141,0.390648
0,0,0.109334,-0.771935,0.626229
0.0861123,0.0239648,0.453141,0.862765,-0.224279
0,0,0.97649,-0.179569,0.119254
0,0,-0.855469,-0.302713,0.420164
0,0,0.77949,-0.549345,0.301025
0,0,0.865283,-0.496659,0.0679302
0,0,-0.360744,-0.852783,0.377657
0,0,-0.404726,-0.829995,0.383803
0,0,0.90126,-0.0609973,0.428963
0,0,-0.0778312,0.711842,0.698014
0,0,0.74029,0.455177,0.494758
0,0,0.572398,0.811933,0.114566
0,0,-0.00135302,0.9629,0.269856
0,0,-0.536991,-0.787295,0.302995
0.2952,0.232974,0.11431,-0.658221,0.744096
0,0,-0.875864,0.480408,0.045495
0,0,-0.0491139,0.0779798,0.995744
0.609318,0.602573,-0.136631,-0.0980162,0.985761
0.0928,0.0391368,-0.288198,0.473715,0.832188
0,0,0.507793,-0.612475,0.605823
0,0,-0.824207,0.337898,0.454431
0,0,0.110177,0.0148671,-0.993801
0,0,0.417309,-0.899747,0.127706
0,0,-0.821892,0.334349,0.461198
0,0,-0.410412,-0.80643,0.425714
0.3519,0.193261,-0.278252,0.459887,0.843255
0,0,-0.0280586,0.946481,0.321539
0.664137,0.825082,-0.117203,-0.810966,0.573235
0,0,0.845186,-0.0667379,0.53029
0,0,-0.331225,0.81033,0.48338
0.067672,0.0165017,-0.377392,0.531342,0.758453
0,0,0.582436,-0.719209,0.378823
0,0,-0.971198,0.0221818,0.237238
0.609318,0.486281,-0.29251,-0.458718,0.839056
0,0,0.30444,-0.938619,0.162206
0,0,-0.357897,-0.904505,0.231906
0.319602,0.185442,0.0357168,0.504078,-0.862919
0,0,0.833703,0.171126,0.525029
0,0,-0.178053,0.98046,0.0836329
0,0,-0.857996,0.469404,0.208574
0.203719,0.112971,0.429558,0.0132682,-0.902942
0,0,-0.169233,0.788134,0.591782
0,0,-0.328772,-0.517064,0.790287
0,0,-0.110554,-0.672439,0.73185
0,0,-0.949737,-0.301575,0.0839763
0.0561924,0.0177614,-0.949675,-0.267166,0.163524
0,0,0.469459,0.247551,0.847541
0.380879,0.24968,0.671267,0.261973,-0.693377
0,0,-0.301633,-0.874604,0.379587
1.40798,1.83224,-0.259742,0.282656,0.923385
0,0,0.903756,-0.0294743,0.427032
0,0,-0.918537,-0.394352,0.02787
0,0,-0.809793,-0.447099,0.379917
0,0,-0.265448,0.652426,0.709843
0,0,0.084847,-0.800924,0.592724
0.3519,0.153582,0.0962435,0.206547,0.973692
0,0,-0.489757,-0.119066,0.863691
0,0,-0.679182,0.728803,0.086935
0,0,-0.988337,0.124541,0.0876378
0,0,-0.0183568,0.870844,0.491216
0,0,0.872007,0.218284,0.438128
0.2952,0.273317,0.306081,0.24074,0.921064
0.649895,0.715308,-0.501161,0.464594,-0.730062
2.1185,2.62281,-0.448202,-0.265877,0.853478
0,0,-0.599458,0.80026,0.0152816
0,0,-0.171069,0.901417,0.397722
0.189211,0.154033,-0.325508,-0.0699662,-0.942947
0.529898,0.548426,-0.150212,-0.685887,0.712036
0,0,-0.0753089,0.923039,0.377264
0,0,0.406862,0.85138,0.331082
0,0,0.379004,0.923671,0.0564651
0,0,-0.470466,-0.631364,0.616475
0,0,-0.83557,-0.503812,-0.219082
0.2952,0.131927,0.220102,0.075604,0.972543
0,0,0.45521,-0.890132,0.0212043
0.0397588,0.00434401,-0.885185,0.260887,0.385207
0,0,-0.410715,0.643666,0.645761
0,0,0.849756,-0.495992,0.178627
0.0662563,0.0166222,-0.73414,-0.27373,0.621378
0,0,-0.125824,-0.858405,0.497302
0,0,-0.505327,0.849688,0.150582
0,0,0.491893,-0.667624,0.558855
0,0,0.378,0.902664,0.205701
0,0,0.97899,-0.203873,0.00377782
0,0,0.568529,-0.80285,0.179463
0,0,0.121012,0.915828,0.382903
0,0,0.848591,-0.505732,0.155336
0,0,0.767381,0.640168,0.0362225
0.2952,0.227808,-0.294308,-0.579715,0.759811
0,0,-0.387318,0.413555,0.823988
0,0,0.857641,-0.40624,0.315313
0,0,-0.516769,-0.85404,0.0597105
0,0,-0.938076,-0.222386,-0.265627
0,0,0.636186,0.705988,0.311205
0.61311,0.477742,0.0511699,0.566884,0.822207
0,0,-0.400328,-0.916346,0.00686625
0,0,-0.539143,0.617476,0.572755
0,0,0.773684,0.603367,0.19329
0.0465,0.00709856,0.14679,0.52538,0.83811
0,0,0.193642,-0.527493,0.827197
0,0,0.701328,-0.704734,0.107189
0,0,0.818789,0.554765,0.147714
0,0,0.716472,0.675149,0.175616
0,0,0.0300984,0.652045,0.757582
0.0320795,0.00320816,0.310771,0.528282,0.790152
0.487133,0.536024,0.8735,-0.353182,0.335053
0,0,0.575348,-0.425366,0.698597
0,0,0.562727,0.807746,0.175742
0,0,0.987925,-0.0619292,0.142018
0,0,-0.645139,0.36049,0.673679
0,0,0.383781,-0.904239,0.187253
0.149472,0.066392,-0.681688,0.524471,-0.510128
0,0,0.958693,-0.25002,0.135637
0.154203,0.0590188,0.484317,-0.11303,-0.867561
0,0,-0.375942,-0.92558,0.0443823
0,0,0.786051,0.323023,0.527048
0,0,0.350665,-0.886277,0.302568
0,0,0.782798,0.410418,0.467745
0,0,-0.31254,0.948083,0.0587999
0,0,0.986866,0.161234,0.0099157
0.0783883,0.025787,0.162172,0.585737,0.794111
0.236068,0.124886,0.777278,0.6151,-0.13225
0,0,0.975846,0.180577,0.122951
0,0,0.892349,-0.332077,0.305676
0,0,-0.279998,0.449619,0.8482
0,0,0.471195,-0.879027,0.0727073
0,0,-0.634322,0.214735,0.742647
0,0,-0.732723,0.0807893,0.675715
0,0,-0.33401,0.588433,0.736332
0,0,-0.674046,0.713562,0.191028
0,0,-0.88651,-0.405997,0.221959
0.3519,0.190572,-0.399509,0.220455,0.889827
0,0,-0.164155,-0.551189,-0.818073
0,0,0.0551539,-0.958608,0.279335
0,0,0.521141,-0.83075,0.195619
0.214278,0.112648,0.947389,0.199221,-0.250531
0.132552,0.0683091,0.155191,-0.799997,0.579587
0,0,-0.29505,0.905567,0.304785
0,0,0.689338,0.258284,0.676832
0,0,0.133836,-0.709,0.692392
0,0,0.418403,-0.828995,0.371088
0,0,0.845256,-0.275658,0.457772
0,0,0.818061,-0.511272,0.263396
0.24191,0.125424,-0.133026,0.690096,0.711387
0,0,-0.344438,0.826792,0.444722
0,0,0.975358,-0.210717,0.065388
0,0,0.318043,0.581326,0.748938
0,0,-0.361393,-0.871374,0.331817
0.2588,0.114175,-0.051233,0.5902,0.80563
0,0,-0.983988,0.13518,0.116162
0.0976218,0.0262893,-0.14512,0.98525,-0.0906802
0.0465,0.0076165,-0.69729,-0.00129663,0.716788
0.658044,0.783138,-0.997923,-0.0619961,0.0175082
0,0,-0.903161,-0.428045,0.0328155
0,0,0.248071,-0.393957,0.885019
0,0,0.788262,-0.0401276,0.61403
0,0,-0.134765,-0.98858,0.0674421
0,0,0.8321,-0.172836,0.527008
0,0,-0.620683,-0.702278,0.348653
1.42201,1.73182,-0.78996,-0.0346495,0.612178
0,0,0.394177,-0.896893,0.200516
0,0,-0.355258,0.288427,-0.889158
0,0,-0.0913642,-0.993785,0.0635977
0,0,0.236276,0.659971,0.71317
0,0,-0.93836,-0.13869,0.316615
0.856366,1.04822,-0.239941,-0.0231816,0.970511
0.24191,0.191804,0.397611,-0.275966,0.875071
0,0,-0.733397,0.204796,0.648218
0,0,-0.367584,-0.834209,0.411069
1.26269,1.67101,-0.142556,0.714331,-0.685135
0,0,-0.837277,0.396551,0.376451
0.06329,0.0161779,-0.391558,0.266742,0.880642
0.134505,0.0852623,0.542007,0.837511,-0.0693063
0,0,-0.913544,-0.0655168,0.401428
0,0,-0.152584,0.657877,0.737506
0,0,-0.549191,-0.794588,0.25888
0,0,0.0770904,-0.919327,0.385868
0.09238,0.0242912,0.497111,0.617845,0.609219
0,0,-0.224703,-0.966842,0.121351
0,0,-0.360523,-0.9127,0.192357
0.107417,0.0552669,-0.81181,-0.114944,0.572496
0,0,0.0676202,-0.851634,0.519756
0,0,-0.86949,0.195282,0.453708
0,0,0.11987,0.820596,0.558797
0.167938,0.0604248,-0.456046,0.204182,-0.866217
0,0,0.993239,0.0772567,0.0866504
0,0,0.9579,0.287101,5.84446e-05
0,0,-0.0284278,0.934962,0.353607
0,0,0.83882,0.289369,0.461135
0.171619,0.0670887,0.152545,-0.693213,-0.704405
0,0,0.463505,0.663709,0.587072
0,0,0.243348,0.757231,0.606121
0,0,0.859989,-0.41241,0.300562
0,0,0.966713,0.18098,0.180866
1.7645,1.95367,0.321918,-0.428273,0.844364
0,0,-0.582191,-0.641607,0.499394
1.12028,1.37591,0.0517687,-0.32507,0.944272
0.0465,0.00779373,0.310284,-0.745611,0.589735
0,0,-0.601464,0.440719,0.666339
0,0,0.98302,-0.0132825,0.183015
0.3519,0.158976,-0.333916,-0.652781,0.679983
0.3519,0.126967,0.0616171,0.333505,0.940732
0,0,-0.931425,0.318582,0.175932
0,0,0.880327,-0.299832,0.367593
0.162678,0.0387458,0.871878,0.15081,0.465924
0,0,0.779591,0.624634,0.0454957
0.218386,0.177993,0.600396,0.149242,0.785653
0,0,0.866698,-0.369383,0.335247
0,0,0.499857,0.856101,0.131281
0.609318,0.434577,0.154082,0.2583,0.953698
0,0,0.389879,0.899026,0.199364
0,0,0.396799,-0.894499,0.205964
0,0,-0.887041,0.0316469,0.460606
0,0,-0.264023,0.953118,0.147843
0,0,0.66159,-0.372732,0.650668
0,0,-0.268048,-0.0564167,0.961752
0,0,0.337653,-0.829162,0.445512
0.881164,1.20467,0.077974,-0.137883,0.987374
0,0,0.844722,0.487422,0.221055
0,0,0.768939,0.438278,0.465451
0,0,0.778041,-0.596186,0.198024
0,0,0.764487,0.216363,0.607246
1.37765,1.70455,0.06807,0.47529,0.877192
0,0,-0.925345,0.0630218,0.373852
0,0,-0.063973,-0.101345,0.992792
0.0857671,0.040928,-0.527635,-0.844303,0.0935666
0,0,0.923684,0.313659,0.220059
0,0,-0.840512,0.117574,0.528882
0,0,0.392262,-0.78677,0.476574
0,0,0.518015,-0.785661,0.338227
0.609318,0.534884,0.591203,0.147071,0.793
0,0,-0.724354,0.582361,0.369007
0,0,-0.206103,0.978282,0.022023
0,0,-0.77278,-0.51405,0.37224
0,0,-0.595975,-0.608119,0.52441
0,0,0.951195,-0.263198,0.161107
0,0,-0.915165,0.148357,0.374784
0,0,0.445094,0.773095,0.451902
0,0,0.693849,-0.189549,0.694726
0,0,0.725125,0.629123,0.279997
0,0,-0.888571,-0.450965,0.0840929
0.00900925,0.000624139,-0.633811,-0.302075,0.712064
0,0,0.083788,-0.904972,0.41714
0.292914,0.173605,-0.378096,0.709763,-0.594374
0,0,0.514429,-0.830766,0.212579
0.0533509,0.0196427,-0.539438,0.101498,0.835886
0.117931,0.0595858,0.65488,0.0744148,0.75206
0,0,-0.875438,-0.166521,0.45374
0.761023,0.747457,0.839938,0.147458,-0.522265
0.431834,0.303462,-0.757838,0.648759,0.0692315
0.69255,0.850085,0.112278,-0.967231,0.227724
0,0,-0.212011,-0.976598,0.0361718
0.303085,0.289865,-0.846993,-0.310292,0.43165
0,0,-0.571579,0.711583,0.408592
0,0,0.807894,0.492734,0.323297
0,0,-0.403223,-0.725967,0.55712
0,0,-0.753877,0.52096,0.400338
0,0,-0.913023,0.345224,0.217275
0,0,-0.51345,0.820735,0.250526
0.609318,0.426229,0.34491,-0.175919,0.922003
0,0,0.101428,0.714873,0.691859
0,0,0.722324,-0.691129,0.0242669
0,0,0.844365,0.124963,0.520992
0,0,0.227351,0.905354,0.358671
0,0,0.391204,-0.898697,0.198251
1.66128,2.14564,-0.202804,0.287255,0.936138
0.0928,0.0392572,-0.573745,0.108011,0.811881
0,0,0.822675,0.550404,0.142343
0,0,0.945294,-0.300774,0.126312
0.915654,0.787604,-0.0972291,-0.990888,0.0932033
0,0,-0.360688,0.369779,0.856252
0,0,-0.768342,-0.623443,0.144808
0.0465,0.0115842,-0.206509,-0.524492,0.825992
0,0,0.486008,0.825708,0.286361
0,0,-0.44178,0.259576,0.85875
0,0,-0.704483,0.375667,0.602144
0,0,0.711457,-0.609379,0.349981
0,0,-0.422429,0.506184,0.751885
0,0,0.41847,-0.0394217,0.907375
1.00102,0.940204,-0.2843,0.437526,0.853079
0,0,0.777561,0.5601,0.285809
0.609318,0.371982,-0.111076,0.440082,0.891061
0,0,-0.259294,0.872546,0.414041
0,0,0.88147,0.115897,0.457798
0,0,-0.539671,0.807525,0.23803
0,0,0.989949,0.130785,0.0538097
0,0,0.877975,-0.413773,0.240733
0.609318,0.492214,-0.0314477,-0.187963,0.981673
0,0,0.976524,0.160985,0.143127
0,0,0.890428,0.380056,0.250391
0.18432,0.121899,-0.772335,0.264692,0.57744
0,0,-0.58308,0.8119,0.0289159
0,0,0.783969,0.614487,0.0883106
0.204204,0.122798,0.393611,0.16198,-0.904894
0.3519,0.317678,-0.458309,0.288042,0.840824
0.192426,0.141997,-0.63773,0.74161,0.208123
0,0,-0.991206,-0.00112043,0.132325
0,0,0.693833,-0.668961,0.266622
0.154646,0.115759,-0.6015,0.727793,0.329415
0,0,0.267293,-0.890139,0.369062
0,0,0.179375,0.884824,0.430012
0.24191,0.0966289,-0.231629,0.0491126,0.971564
0,0,0.629114,0.777069,0.0194788
0,0,0.540326,-0.76543,0.34952
0.2952,0.233811,0.358706,-0.441125,0.822641
0,0,-0.445845,0.849587,0.281824
0,0,-0.697267,0.716781,0.00661218
0,0,-0.09771,-0.993066,0.0653641
0,0,0.94056,-0.00263294,0.339618
0,0,-0.473911,-0.542924,0.693283
0,0,0.0860852,-0.051248,0.994969
0,0,0.277198,0.929833,0.242016
0,0,0.743613,-0.666322,0.0552671
0,0,-0.235507,-0.84703,0.476526
0,0,-0.764699,0.449275,0.461939
0,0,-0.678013,-0.606008,0.415996
0,0,0.849644,-0.334568,0.407639
0,0,-0.889161,0.124818,0.440242
0,0,-0.731012,0.396065,0.555657
1.26723,1.65505,-0.497637,-0.848749,-0.178837
0,0,-0.0946163,-0.866024,0.490969
0,0,-0.548331,0.736048,0.396945
0,0,-0.387964,0.919266,0.0665837
0.609318,0.282216,0.00719013,-0.0497645,0.998735
0,0,-0.458254,0.884013,0.0923254
0.24191,0.0692014,0.478716,-0.571081,0.666856
0.328054,0.273696,-0.0831313,0.36405,0.927662
0.648942,0.566059,0.643126,0.734415,-0.216848
0,0,0.221219,0.421718,0.879327
0,0,0.957164,0.253643,0.139652
0.0501904,0.0141299,-0.754875,-0.618263,0.218894
0,0,0.321568,0.944088,0.0727403
0.609318,0.380097,0.413486,-0.137858,0.900014
0,0,0.786513,0.508484,0.350488
0,0,-0.624731,0.181844,0.759371
0,0,-0.429205,-0.684783,0.588945
0,0,-0.366133,-0.71554,0.594936
0.2952,0.253359,0.534978,-0.263425,0.802749
0,0,-0.928361,0.272162,0.253128
0,0,0.641995,-0.723224,0.254538
0,0,-0.948428,0.313069,0.0497262
0,0,0.495023,0.755598,-0.428981
0.0238209,0.00365786,-0.341166,0.0999527,0.934674
0.0465014,0.0123822,-0.476026,-0.259387,0.840308
0,0,-0.90222,-0.394983,-0.173169
0,0,0.937384,-0.335618,0.0931291
0.18599,0.0461805,-0.0772649,0.701578,0.708391
2.29384,2.33573,0.774654,0.239678,-0.585206
0.139086,0.0614683,0.451616,0.18945,0.871867
0,0,0.895944,-0.428359,0.117441
0,0,0.962501,0.0504763,0.266539
0,0,-0.524595,-0.841679,0.127975
0,0,0.490505,0.281966,0.82456
0.3519,0.232632,-0.046685,0.229198,0.97226
0,0,0.237684,0.83485,0.496519
0,0,0.480945,-0.867118,0.129605
0,0,0.419787,0.90588,0.0562261
0.06329,0.0170006,0.227003,-0.309998,0.923239
0,0,-0.549808,0.464902,0.693957
0,0,-0.971442,-0.0987562,-0.215751
0.2952,0.115586,-0.276988,-0.0184259,0.960697
0,0,-0.442039,0.838258,0.319257
0,0,0.772421,0.589767,0.235669
0,0,0.950953,-0.130503,0.280458
0.11314,0.0424841,-0.83997,-0.542416,-0.0153395
0,0,0.770691,-0.095904,0.629951
0,0,-0.842053,-0.290487,0.454493
0,0,0.456117,0.844327,0.281192
0,0,0.939562,0.201032,0.277145
0.2952,0.101099,0.577095,0.216343,0.7875
0,0,0.917932,-0.0179743,0.396331
0,0,-0.780854,0.47627,0.404268
0,0,-0.276718,0.662481,0.696094
0,0,-0.0925859,-0.970294,0.22351
0,0,0.395518,0.636402,0.662237
0.561025,0.726318,0.509881,0.803695,-0.30675
0.202624,0.132047,0.49484,-0.311122,0.811379
0,0,-0.545481,-0.59812,0.587114
0,0,-0.891965,0.178856,0.415222
0.3519,0.156804,0.120992,0.000538797,0.992653
0,0,0.700273,-0.678225,0.222777
0,0,-0.787423,0.12664,0.603263
0,0,-0.122703,0.741036,0.660159
0,0,0.944179,0.201984,0.260246
0,0,0.427259,-0.782792,0.452423
0,0,-0.882012,0.415802,0.221728
0.02281,0.00361874,0.00216146,-0.420696,0.907199
0,0,-0.322699,-0.927876,0.186848
0.3519,0.132799,0.105364,-0.0659747,0.992243
0.386566,0.350203,-0.199815,0.547063,-0.812894
0,0,-0.855764,0.493116,0.156539
0,0,0.401262,-0.912765,0.0764712
0,0,0.805173,0.521306,0.282731
0,0,-0.535085,0.779122,0.326579
0.815383,0.586886,0.674733,-0.532055,-0.51152
0.508362,0.557621,0.479723,-0.018143,0.877233
0,0,-0.963943,-0.239232,0.116538
0,0,0.952905,-0.0314534,0.301635
0,0,-0.0276642,-0.863257,0.504006
0,0,0.925282,-0.0506844,0.375879
0,0,0.112996,-0.226306,-0.96748
0.0465,0.0121404,0.0985305,-0.223093,0.969805
0,0,0.227735,-0.940583,0.251875
0,0,0.145434,-0.572806,0.806686
1.31574,1.21731,-0.48093,0.344056,0.806432
1.05647,1.68479,-0.433975,0.82811,-0.354823
0,0,0.345834,-0.492327,-0.798757
0,0,-0.946748,-0.321055,0.0243396
0,0,0.0935886,0.672221,0.734412
0,0,0.575369,0.717757,0.392142
0.0465,0.00788754,-0.0375377,-0.403196,0.914343
0,0,0.753346,-0.393279,0.527069
0,0,-0.178055,0.895036,0.40891
0,0,-0.334484,0.263416,0.904838
0,0,-0.249672,-0.964906,0.0813659
0,0,0.958571,0.0145505,0.284483
0,0,0.740988,-0.663422,0.103963
0.031559,0.00575466,-0.43341,-0.518888,0.736825
0,0,0.0458572,-0.996104,0.075324
0,0,0.552175,-0.807994,0.205546
0,0,0.285428,0.24998,0.925225
0,0,0.866492,-0.477552,0.145382
0,0,-0.647903,-0.737737,0.189648
0,0,-0.758736,0.475512,0.445207
0,0,-0.871679,0.382593,0.306264
0,0,0.434732,-0.698809,0.568044
0,0,0.752914,-0.375843,0.540243
0,0,0.770588,-0.500507,0.394571
0,0,0.0582091,0.890923,0.450408
0,0,-0.457728,0.770407,0.4438
0.18599,0.0695997,0.429147,0.58836,0.685321
0,0,0.772299,-0.620422,0.136496
0,0,0.99764,0.0304113,0.0615667
0,0,0.45454,0.415342,0.787962
0.0129512,6.36955e-05,-0.801811,0.358371,0.478194
0,0,0.75338,-0.2372,0.613315
0,0,0.885714,-0.461627,0.0491108
0.30457,0.203585,-0.197031,0.903908,0.379643
0,0,0.0301158,0.908769,0.416212
0.204891,0.0857342,-0.999989,-0.00230929,0.00401203
0.0642141,0.0213959,0.805255,-0.442123,0.395085
0,0,0.807904,0.0366938,0.58817
0,0,-0.823876,0.275059,0.495551
0,0,0.210415,0.500895,0.839542
0,0,-0.416009,-0.833866,0.362772
1.37659,1.71877,-0.750116,-0.656265,0.0815029
0,0,0.846235,-0.186304,0.499176
0.0686503,0.0208655,0.245434,0.868805,0.430046
0,0,0.553534,0.775586,0.303425
0.24191,0.0877204,-0.143116,-0.33198,0.932367
0,0,-0.587354,0.357698,0.725994
0,0,0.89817,0.435909,0.0572171
0,0,-0.617355,-0.748653,0.241644
0,0,-0.0417185,-0.945057,0.324232
0,0,-0.0308533,-0.999438,0.0131254
0.609318,0.672202,0.559501,-0.614572,0.556112
0.541049,0.461881,0.424083,-0.677188,-0.601307
0,0,0.289597,0.931035,0.222051
0,0,0.552819,-0.631484,-0.543709
0.498063,0.626352,-0.741658,-0.315223,0.592096
1.32818,1.46674,-0.0399868,-0.976296,-0.212713
0.343003,0.221507,-0.00985064,-0.424415,0.905414
0,0,0.782168,0.565999,0.260497
0,0,-0.551929,0.401395,0.730928
0,0,-0.321549,0.858797,0.398842
0,0,0.403715,-0.866327,0.294093
0,0,0.802943,-0.389662,0.451051
0,0,-0.0406173,0.834541,0.549447
0,0,0.69787,-0.480089,0.5315
0,0,0.729643,0.0396967,0.682675
0,0,-0.165139,0.846846,-0.50555
0.3519,0.153465,0.491857,0.508749,0.706577
0.0339916,0.00659774,-0.383824,0.507951,0.771145
0,0,-0.686025,-0.524051,0.504718
0,0,-0.10448,-0.994465,0.0111434
0,0,0.138024,0.825461,0.547323
0.609318,0.443015,-0.331324,0.070968,0.940844
0,0,0.688777,-0.110549,0.716495
0,0,-0.343981,-0.938973,0.00268278
0.05323,0.0109677,0.705049,0.0790854,0.704735
0,0,0.229859,0.733419,0.639735
0,0,-0.863209,-0.500552,0.0657136
0,0,0.289113,0.813418,0.504742
0,0,-0.727868,0.679077,0.0951946
0,0,-0.039909,-0.89288,0.448523
0,0,-0.540101,0.84136,0.0200986
0.06329,0.0183083,-0.0736565,0.57898,0.812008
0,0,-0.614559,0.78723,0.0508551
0,0,-0.962208,0.150033,0.227259
0,0,-0.857576,0.464895,0.220083
0.16282,0.0949299,-0.114215,-0.925659,-0.360709
0,0,-0.879641,0.168492,0.444794
0,0,-0.496692,-0.0619637,0.865712
0,0,-0.133676,0.315991,0.939298
0,0,-0.0594263,0.730298,0.680539
0.156596,0.0695592,0.0428895,-0.0882718,-0.995173
0.7861,0.532811,0.162523,0.188332,0.968564
0,0,-0.557989,0.788408,0.258962
0,0,-0.150251,-0.988636,0.00484994
0,0,0.899877,-0.432748,0.0543213
0,0,0.050621,-0.177998,0.982728
0,0,-0.816314,-0.0893687,0.570653
0,0,-0.389178,0.504951,-0.770432
0,0,0.758391,-0.599414,0.25602
0,0,0.277185,0.95723,0.0829394
0.312126,0.184316,0.152846,-0.712922,0.684383
0,0,-0.795772,-0.393998,0.459905
0,0,-0.93209,0.044319,0.359504
0,0,-0.457302,-0.778522,0.429859
0,0,-0.860839,0.43847,0.258264
0,0,-0.33228,0.876435,0.3485
0,0,0.677771,-0.403148,0.614897
0,0,-0.959605,0.273257,0.0670044
0,0,0.562929,0.806813,0.179342
0,0,0.343495,0.477032,0.808982
0,0,-0.0998669,0.520922,0.847742
0,0,-0.265869,-0.784041,0.560887
0.105518,0.201538,0.376254,-0.201271,-0.904391
0,0,0.980673,0.145046,0.131307
0,0,0.535403,-0.808585,0.243997
0,0,0.334495,0.686749,0.64536
0,0,0.880034,0.389241,0.272087
0.122043,0.0577712,0.0550195,-0.309583,-0.949279
0,0,-0.936362,0.0216759,0.350365
0,0,0.438949,-0.68679,0.579347
0,0,0.0877105,0.405571,0.909845
1.26712,1.82213,-0.911028,-0.0636335,-0.407404
0,0,0.66797,0.672582,0.318512
0,0,0.0397088,-0.996949,0.0671933
0,0,-0.233256,0.531697,0.81418
0,0,0.308691,-0.659872,0.685039
0,0,-0.954913,-0.234636,0.181899
0.393728,0.348458,-0.901419,0.415585,0.121376
0,0,-0.948198,0.176306,0.264268
0,0,-0.50954,-0.35593,0.783379
0,0,-0.361515,-0.481104,0.798652
0,0,-0.508689,-0.656242,0.557299
0,0,-0.380412,-0.865186,0.326711
0,0,-0.672449,-0.634178,0.381616
0,0,-0.458196,0.546657,0.700873
0,0,0.240012,0.965632,0.0997454
0.2952,0.22137,-0.460421,-0.150322,0.874881
1.4015,1.62485,-0.455215,-0.672586,0.583444
0.3519,0.177782,-0.385998,-0.0316347,0.921957
0,0,-0.264649,0.732181,0.627592
0,0,0.0800627,-0.045464,0.995752
0,0,0.179937,-0.811607,0.555803
0,0,0.0279979,-0.999505,0.0143723
0,0,0.703376,-0.704462,0.0948451
0,0,-0.802401,-0.588502,0.099089
0.518498,0.5887,-0.993308,-0.0977914,-0.0614535
0,0,0.244301,0.870273,0.427716
0,0,-0.669845,0.219523,0.709308
0,0,-0.418015,-0.415762,0.807716
0,0,0.60832,-0.446902,0.655916
0,0,0.486068,0.820684,0.300358
0,0,0.753236,-0.513269,0.411328
0,0,-0.528019,-0.61683,0.58371
0,0,0.974669,-0.135134,0.178211
0.144227,0.0777166,-0.14319,-0.955916,-0.256362
0.3519,0.220631,-0.461072,0.169235,0.871075
0,0,-0.716275,0.25198,0.650736
1.28524,1.11764,0.987458,0.00205158,-0.157868
0,0,-0.967149,0.25281,0.0266573
0,0,-0.233998,0.850056,0.471858
0,0,0.358945,0.818822,0.447984
0,0,0.518742,-0.826031,0.220406
0.17562,0.121375,0.425354,0.784423,-0.451392
0,0,0.771348,0.0381367,0.63527
0,0,0.343409,-0.893269,0.29007
0,0,0.92967,0.212131,0.301187
0,0,0.224658,-0.966545,0.123774
0,0,-0.0210622,-0.778837,0.626872
0.609318,0.450655,-0.619359,0.364327,0.695456
0.3519,0.258214,0.0329788,-0.231065,0.972379
0.0111734,0.000493657,-0.391945,-0.419158,0.818954
0,0,0.683534,0.101987,0.722759
0,0,-0.935143,-0.307847,0.175321
0,0,-0.714351,0.699401,0.023267
0,0,0.72042,0.61115,0.327856
1.04672,1.21775,-0.406219,0.42839,0.807136
0,0,0.0659708,-0.0101234,-0.99777
0,0,-0.966359,0.169522,0.193424
0.131072,0.0373078,-0.0664564,-0.747523,0.660903
0.24191,0.124388,-0.318884,0.196826,0.927131
0.0501282,0.016721,0.385075,-0.612753,-0.69011
1.7645,2.13963,0.198267,-0.476533,0.856508
0,0,0.347791,0.874542,0.337962
0,0,-0.852809,-0.344365,0.392593
0,0,-0.113243,0.908311,0.402675
0.0158198,0.000279464,-0.409523,-0.470951,0.781342
1.16622,1.49817,0.876639,0.479711,0.0371754
0,0,0.0607174,-0.721257,0.690001
0,0,-0.85439,-0.3223,0.407604
0,0,0.532519,-0.843782,0.0667521
0,0,-0.275098,0.799677,0.533702
0,0,-0.651867,-0.746657,0.132563
0,0,-0.251925,-0.947336,0.197708
0,0,-0.252884,0.95039,0.181132
0.355697,0.38916,0.690955,0.334548,0.640826
1.12028,1.28431,0.252335,0.318555,0.913701
0,0,-0.531693,0.765448,0.36248
0,0,-0.228696,0.815245,0.532047
0,0,0.693112,0.713914,0.0996078
0,0,-0.725489,0.580367,0.369919
0.328108,0.330548,-0.843075,0.349524,-0.408727
0,0,-0.231429,-0.823985,0.517194
0.0885174,0.0421581,-0.567264,0.435091,0.699219
0,0,0.877285,-0.478156,0.0416837
1.0544,1.58221,-0.899505,-0.369406,-0.233304
0,0,0.0581197,-0.714164,0.697562
0,0,-0.484968,-0.507355,0.712318
0,0,-0.184969,0.947369,0.261301
0,0,-0.230198,-0.831085,0.506267
0,0,-0.371685,-0.796541,0.476836
0.3519,0.118839,0.175628,0.115559,0.977651
0,0,-0.217472,0.698954,0.681299
0,0,0.550013,0.655809,0.517107
0,0,0.0885264,0.986005,0.141273
0,0,0.947723,-0.316948,0.036945
0.0446793,0.00682295,-0.462373,0.433385,0.773556
0.0928,0.0235488,-0.730182,-0.415625,0.5423
0,0,0.68013,0.729502,0.0724494
0,0,-0.832118,0.532617,0.154591
0.138732,0.0381736,0.1063,-0.537614,0.836464
0,0,-0.306448,-0.511806,0.802586
0.418786,0.431242,0.40935,0.353073,-0.841292
0,0,-0.146605,0.498655,0.854313
0,0,-0.55346,-0.482817,-0.678653
0.300539,0.119802,0.421331,-0.0705346,0.90416
0,0,0.868705,-0.466722,0.165897
0.0117786,0.00108762,0.269618,0.388344,0.88119
0,0,0.823514,-0.0184756,0.566995
0,0,0.863505,0.0790637,0.498104
0,0,-0.782008,0.464292,0.415808
0,0,-0.186292,-0.822574,0.537278
0,0,-0.163613,-0.604144,0.779898
0,0,0.634061,-0.686797,0.355354
0,0,0.0473196,0.99609,0.0745989
0,0,0.731925,-0.416109,0.539573
0.311499,0.161495,-0.486254,-0.79301,0.367004
0.3519,0.185103,-0.566255,0.12901,0.814071
0,0,0.57215,0.681591,0.456156
0,0,-0.883814,-0.443791,0.14806
0,0,-0.60124,0.608942,0.517397
0.221229,0.185009,-0.541503,-0.0310616,0.840125
0,0,-0.501989,0.791382,0.348886
0,0,0.627863,0.549301,0.551413
1.5092,1.91178,0.647506,0.272584,0.711642
0,0,-0.963611,-0.116785,0.240447
0.3519,0.254468,-0.552436,-0.365913,0.748947
0,0,0.787532,-0.0785431,0.611249
1.7645,1.70627,-0.0727012,0.712473,0.697924
0,0,-0.625533,-0.622713,0.470039
0,0,-0.177462,0.736383,0.652876
1.48209,2.23336,-0.871416,0.404348,-0.277735
0.0893655,0.0438793,-0.631662,-0.317158,0.707399
0,0,0.250472,0.78436,0.567488
0,0,-0.616942,-0.115079,0.77855
0,0,-0.907951,0.362145,0.210895
0,0,-0.56851,-0.787564,0.237781
0,0,-0.764319,-0.337299,0.549587
0,0,-0.776554,0.488895,0.397424
0,0,0.531873,0.822012,0.203487
0,0,0.410443,0.278398,0.868349
0,0,-0.525575,0.701955,0.480656
0.609318,0.340695,-0.12721,0.382271,0.915252
0.24191,0.170493,0.0629333,0.734383,0.675811
0,0,0.110322,-0.708702,0.696829
0.0834148,0.0124268,0.248664,-0.663847,0.705318
0,0,-0.929218,-0.36925,0.0144273
0,0,-0.52407,-0.847794,0.0812133
0.297606,0.280941,0.59412,-0.674401,0.438411
0,0,0.630849,-0.769459,0.0998124
0,0,-0.780791,-0.519245,0.347492
0,0,0.237571,-0.924119,0.299274
0.06329,0.01682,-0.476459,0.26758,0.837489
0.434426,0.5209,-0.673764,-0.307389,-0.671978
0,0,0.911832,-0.213674,0.350579
0,0,0.564259,0.612929,0.553109
0,0,0.432702,0.64397,0.63093
0,0,-0.750825,-0.534796,0.387628
0,0,-0.632486,0.425968,0.646925
0,0,-0.720648,0.449672,0.527694
0,0,0.930868,-0.229046,0.284645
0,0,0.607488,0.665604,0.433508
0,0,0.238004,0.891899,0.38454
0,0,0.168768,-0.952154,0.254796
0,0,0.0471295,0.959549,0.277568
0,0,0.136173,0.794706,0.591523
0,0,-0.4331,-0.901166,0.0179924
0,0,0.227953,0.643713,0.730528
0,0,-0.056635,0.975035,0.21471
0,0,0.861744,0.502247,0.0717355
0,0,0.0095477,-0.0259514,0.999618
0,0,0.0559215,-0.901015,0.430168
0,0,0.110991,0.982153,0.151841
0,0,0.199819,0.783144,0.588861
0,0,0.325413,0.793619,0.514078
0,0,0.931179,0.186665,0.313147
0,0,-0.606064,-0.794182,0.0442864
0,0,-0.203619,-0.759581,0.617718
0,0,-0.764048,0.243912,0.597275
0,0,0.10933,0.552803,0.826109
0,0,0.0590078,-0.717275,0.694287
0.853403,1.13835,-0.769779,-0.295865,-0.5656
0.3519,0.153928,0.252585,-0.355943,0.899725
0,0,-0.624914,-0.0275951,0.780205
0,0,-0.12196,0.975471,0.183254
0,0,0.564511,-0.806823,0.174254
0.0173472,0.00220162,-0.784097,-0.0487838,0.618719
0,0,-0.794783,-0.298897,0.528187
0.342646,0.211238,0.421178,0.815219,0.397525
0,0,0.861176,0.463282,0.209157
0,0,-0.603795,-0.699733,0.381844
0.215104,0.080561,0.18418,0.112418,-0.976442
0,0,0.492529,0.580785,0.648154
0,0,0.717945,0.217176,0.661355
0,0,-0.449703,0.792753,0.411472
0,0,-0.0494246,0.894928,0.443465
0,0,0.924631,0.354836,0.138377
0,0,-0.915045,-0.124185,0.383759
0.119386,0.0627077,-0.0517125,-0.455298,0.888836
0,0,0.945495,0.151024,0.288499
0,0,0.97353,0.227936,0.0168553
0,0,-0.931346,0.242976,0.271214
0,0,-0.12261,-0.972376,0.198623
0.292458,0.222147,0.297619,-0.303142,0.905278
0,0,0.343677,0.929898,0.131058
0.171053,0.126378,-0.909403,0.0737142,-0.409332
0,0,-0.405579,-0.912159,0.0589112
0,0,-0.33881,-0.940487,0.0263165
1.89463,2.45844,0.885501,0.383365,-0.262526
0,0,-0.238866,0.592077,0.769667
0,0,0.880903,0.238554,0.408781
0,0,0.993175,0.0870172,0.0776588
0.274349,0.100825,0.0848825,0.951755,0.294886
0,0,-0.22268,-0.974253,0.0352708
0,0,-0.979167,-0.200858,0.0298082
0,0,-0.153119,0.984836,0.0815695
0,0,-0.0693601,0.80433,0.59012
0,0,-0.667114,-0.550568,0.501831
0,0,-0.751226,-0.33376,0.569442
0,0,-0.47541,0.410233,0.778264
0,0,0.764452,-0.157577,0.625126
0,0,0.939521,0.0409691,0.340031
1.86741,2.73297,-0.77839,-0.0143611,-0.627616
0,0,-0.311998,0.862283,0.398906
0,0,0.816827,0.566994,0.106351
0,0,0.402008,-0.857712,0.320499
0,0,0.100194,-0.00352762,0.994962
0,0,0.0841268,-0.848215,0.522928
1.12732,1.26612,0.761405,0.137326,-0.633565
0,0,-0.00252369,-0.868048,0.496473
0,0,-0.674596,0.47013,0.56912
1.18432,1.69256,0.214906,0.937929,-0.272221
0,0,0.971118,-0.225999,0.0765081
0.331796,0.225291,-0.84843,0.259321,0.461431
0.139006,0.0775177,0.558669,-0.820016,0.124349
0,0,-0.593109,-0.64963,0.475607
0.15374,0.0618126,0.427197,0.699445,-0.572956
0,0,0.348431,0.929151,0.123589
0.127975,0.0690301,-0.485608,-0.58005,0.654008
0,0,0.845243,0.420038,0.330352
0,0,-0.136872,0.990555,0.00823741
0,0,0.210222,0.859173,0.466507
0,0,-0.820185,0.491275,0.293164
0,0,0.770258,-0.579359,0.266542
0,0,0.752574,0.142456,0.642914
0,0,-0.446752,0.565387,0.693361
0,0,-0.957888,0.0758524,0.276941
0,0,0.505171,0.618405,0.601978
0.2952,0.281237,-0.492367,-0.224993,0.840805
0.0928,0.03107,0.48532,-0.658065,0.575687
0.0417038,0.0105453,-0.291571,0.49491,0.818566
0.09238,0.0342598,-0.483601,0.231082,0.844234
0,0,0.930965,-0.363646,0.032656
0,0,0.106592,-0.829931,0.547588
0,0,-0.897256,0.432642,0.0880474
0,0,0.815547,-0.506046,0.280713
0,0,0.861216,0.159501,0.482562
0.06329,0.0155812,0.447074,0.399277,0.800439
0,0,-0.0023149,-0.988373,0.152032
0,0,0.838488,0.0571305,0.541917
0,0,-0.386357,0.904866,0.178734
0,0,0.455139,-0.639343,0.619749
0,0,-0.0034165,0.99968,0.0250582
0,0,0.0510173,-0.902435,0.427795
0,0,0.324689,0.885298,0.332902
0.115532,0.0506918,-0.0230578,-0.230591,0.972778
0,0,0.729819,0.00195349,0.683638
0,0,0.0970735,0.944888,0.312672
0,0,-0.79714,0.594515,0.105455
0,0,0.587759,-0.808192,0.0369624
0,0,0.459913,0.877785,0.134069
0.0481479,0.00665416,0.118961,-0.903213,0.412377
0,0,-0.666313,0.611936,0.426099
0,0,-0.706699,-0.600698,0.373815
0,0,0.666974,-0.22464,0.71041
0,0,0.661594,-0.350862,0.662714
0.609318,0.466707,-0.403527,-0.308605,0.861353
0,0,-0.596157,0.801327,0.0497163
0,0,0.697916,-0.197173,0.688503
0.2952,0.120565,-0.238081,-0.275262,0.931423
0.460647,0.42547,-0.200379,-0.842373,-0.500257
0,0,0.108089,0.857074,0.503727
0.229003,0.197012,-0.0899241,-0.437615,0.894654
0,0,-0.2879,0.843774,0.452945
0,0,0.85824,-0.500199,0.114997
0,0,-0.0524818,-0.717121,0.69497
0,0,-0.33228,0.830117,0.447768
0,0,0.996091,-0.0820347,0.0327533
0,0,0.809351,-0.12297,0.574308
0,0,-0.653076,-0.640302,0.404359
0,0,0.763998,0.203348,0.612337
0.24191,0.143323,-0.81824,-0.116989,0.562847
0.66545,0.386196,0.0123432,0.327693,0.944703
0.609318,0.411059,-0.136659,-0.298723,0.944505
0,0,0.091067,0.980027,-0.176789
0,0,0.606793,0.623323,-0.493225
0,0,-0.404187,0.782905,0.472961
0.0157428,0.00163257,-0.755108,0.154347,0.637172
0,0,0.694628,0.719172,0.0168367
0,0,0.829109,-0.497555,0.254983
0,0,-0.444327,-0.895573,0.022857
0,0,-0.47989,-0.378442,0.791509
0,0,-0.887913,0.363527,0.281882
0,0,-0.78441,0.467038,0.408138
0,0,-0.847445,-0.181362,0.498944
0,0,0.408385,0.525529,0.746351
0.76836,0.56283,0.139255,0.345136,0.928164
0,0,-0.981299,0.186732,0.0467218
0,0,0.504834,-0.558084,0.658548
0,0,-0.0831433,-0.715968,0.693165
0,0,0.102478,-0.693443,0.713187
0,0,-0.908637,0.373372,0.187007
0,0,0.465336,0.849211,0.249607
0,0,-0.245093,0.836622,0.48989
0,0,0.830042,0.454333,0.323438
0,0,0.120227,0.933105,0.338909
0,0,0.971033,0.0795863,0.2253
0.2952,0.141285,-0.33093,-0.577501,0.74631
0,0,0.423407,0.484809,-0.765302
0,0,-0.415574,0.177851,-0.892002
0,0,-0.573557,0.8166,0.0647848
0,0,-0.183935,-0.967363,0.174288
0,0,0.326686,-0.81725,0.474741
0.3519,0.192935,0.425517,0.442756,0.789241
0.06329,0.0149949,0.127851,-0.0441878,0.990809
0,0,-0.256461,0.934013,0.248692
0,0,0.425001,0.583176,0.692301
0,0,-0.877682,-0.324687,0.352495
0.13418,0.0608128,-0.0860506,0.142446,0.986055
0,0,0.785425,-0.464258,0.409356
0,0,-0.0181713,-0.942738,0.333038
0,0,-0.246617,0.898209,0.36387
0,0,-0.281215,-0.806374,0.520268
1.40798,1.07764,-0.293328,-0.366699,0.882888
0,0,0.677055,0.581344,0.45126
0.0705492,0.0252048,0.484948,-0.580513,0.654088
0.108024,0.0349282,-0.969847,0.215628,0.113587
0,0,0.488745,-0.215488,0.845395
0,0,0.502087,0.846439,0.177343
0,0,0.971202,-0.0532294,0.232234
0,0,0.647955,-0.754831,0.101906
0,0,-0.625714,0.422318,0.655842
0,0,0.553751,-0.701228,0.449042
0,0,0.435719,0.73403,0.520912
0,0,-0.397054,0.917176,0.0337176
0,0,0.9643,0.254958,0.0715628
0,0,-0.984772,-0.172837,0.018757
0,0,0.840055,0.383535,0.383679
0,0,-0.950827,0.0177202,0.309214
0.0857383,0.0291619,0.327662,0.0115167,0.944725
0,0,0.501167,-0.714216,0.488598
0.00760399,0.000602943,0.835882,0.224307,0.500986
1.3931,1.77784,0.199554,-0.559476,-0.804465
0,0,-0.479358,0.0591744,0.875622
0,0,-0.37128,0.781393,0.501573
0,0,-0.051924,-0.931501,0.360014
0,0,-0.506576,-0.75464,0.417013
0,0,-0.270129,0.915573,0.29792
0.210363,0.107283,-0.829064,0.215246,0.516065
0,0,0.494188,-0.438257,0.750805
0,0,0.665539,-0.115703,0.737341
0,0,0.70965,-0.616334,0.341365
0,0,-0.118839,0.666488,0.735983
0,0,-0.921442,0.16178,0.35323
0,0,0.507063,-0.292439,0.810782
0,0,-0.620543,-0.545383,0.563456
0,0,-0.958065,-0.226494,0.175533
0.0915747,0.0468631,-0.33017,-0.940624,0.0788263
0,0,-0.820433,0.183896,0.541361
0.208655,0.186988,0.314421,0.913042,0.259795
0,0,-0.917321,-0.242316,0.31592
0,0,-0.533771,-0.746641,0.397009
0,0,0.916173,0.336207,0.218154
0,0,-0.813737,-0.495856,0.303249
0,0,0.802396,0.522751,0.28791
0,0,-0.839449,-0.249271,0.482897
0,0,0.746834,-0.626107,0.224118
0.468891,0.440031,0.197087,0.959523,-0.201178
0,0,-0.949455,-0.0682677,0.30639
0,0,0.869158,-0.443886,0.218011
0,0,-0.863157,0.00246212,0.504929
0.573738,0.471241,-0.477035,0.582389,-0.658225
0,0,-0.754349,-0.387848,0.529652
0,0,-0.844145,0.257509,0.470221
0,0,-0.412266,0.74437,0.52531
0,0,0.214584,-0.911356,0.351259
0,0,-0.943748,0.320666,0.0807068
0.995661,1.4321,-0.882603,-0.289115,-0.370708
0,0,-0.924979,-0.154068,0.347387
0.435778,0.249667,0.89595,-0.101353,-0.432435
0,0,-0.287514,-0.590529,0.754064
0,0,-0.188248,-0.982085,0.00852833
0,0,-0.982171,-0.163832,-0.0921926
0,0,0.427183,-0.475049,0.769313
0,0,0.199007,-0.892341,0.405121
0.820562,1.11358,-0.0745394,-0.382822,0.92081
1.14325,1.29277,-0.60624,-0.429708,0.669197
0,0,0.0908452,-0.9956,0.0229556
0.217247,0.349544,-0.956631,-0.0144387,-0.290943
1.49738,1.95267,-0.431305,0.755912,-0.492517
0,0,-0.856852,-0.409528,0.313195
0,0,-0.21823,-0.948834,0.228233
0.3519,0.2486,0.13571,-0.579401,0.803665
0,0,-0.146639,0.948973,0.279189
0,0,0.620476,-0.672446,0.403517
0,0,0.223742,0.893635,0.389046
0,0,0.509327,-0.856273,0.0859239
0,0,-0.35294,0.583069,0.731754
0.446874,0.242465,0.576865,0.0672026,0.814071
0,0,-0.744882,0.651574,0.143536
0,0,-0.706797,0.631464,0.318892
0.09238,0.0327004,0.0138315,-0.198553,0.979992
0,0,-0.358911,0.906681,0.221613
0.0928,0.0206129,0.106004,0.285271,0.952567
0.24191,0.240014,0.570591,0.287819,0.769147
0,0,0.838283,-0.509883,0.193133
0,0,-0.782235,-0.427747,0.452924
0,0,-0.363609,0.643793,0.673289
0,0,-0.75021,0.021878,-0.660837
0,0,0.703126,-0.66985,0.238568
0,0,-0.719409,0.568822,0.398614
0.0718851,0.029093,-0.849868,0.272006,0.451373
0,0,-0.593153,0.537633,0.599267
0,0,0.295333,0.532924,0.79295
1.09052,1.49845,0.900409,0.354794,0.251764
0.0677926,0.0248503,0.992931,9.91467e-05,0.118691
0,0,-0.910414,-0.125719,0.394133
0.3519,0.188546,0.581134,0.0230054,0.813483
0,0,-0.972763,-0.210958,0.0960645
0.239349,0.126102,0.330268,0.898596,0.288874
0,0,-0.705867,-0.627499,0.328627
0.136945,0.0458641,0.352286,-0.610937,-0.708979
0,0,-0.940856,-0.298257,0.160725
0,0,0.331991,-0.188211,0.924315
0,0,-0.983652,-0.115553,0.138116
0,0,0.52507,-0.654112,0.544462
0,0,-0.982014,-0.0634218,0.17784
0,0,-0.910428,-0.250439,0.329244
0,0,-0.0608185,-0.974362,0.21661
0,0,0.0875878,-0.206587,0.9745
0,0,0.911618,0.280297,0.300643
0.09238,0.0257407,-0.168623,-0.617178,0.768543
0,0,0.967465,0.249062,0.0444863
0,0,0.555027,-0.701598,0.446884
0.771411,1.02171,-0.507733,0.697992,-0.504989
0.179416,0.0947007,0.238805,0.833437,-0.498352
0,0,0.174416,0.870855,0.459556
0,0,-0.0496288,-0.455896,0.888648
0,0,0.253889,0.517908,0.816891
0.415546,0.420639,-0.406129,-0.743432,-0.531382
0,0,-0.0330916,0.971418,0.235059
0,0,0.905931,-0.302139,0.296648
0,0,-0.516052,-0.264623,0.814656
0,0,-0.896122,-0.342008,0.282835
0,0,-0.639602,0.571798,0.513766
0,0,-0.382234,0.769778,0.511212
0,0,0.98883,-0.133885,0.0654909
0,0,0.633328,0.542169,0.552221
0,0,0.744583,0.460299,0.483447
0,0,-0.913229,0.35837,0.193865
0.0878561,0.0440384,0.569914,-0.00651087,0.821679
0,0,-0.000271212,0.694161,-0.71982
0.95924,0.884435,-0.132705,0.883001,-0.45022
0,0,-0.39852,0.917096,0.0108166
0,0,-0.0309291,-0.834015,0.550874
0,0,0.00276217,-0.81459,0.58003
0,0,0.827626,0.558226,0.0584626
0,0,0.368007,0.587841,0.720426
0,0,0.228507,0.958677,0.16948
0,0,0.337275,-0.811669,0.476905
0,0,0.535171,0.814635,0.223523
0,0,-0.262407,-0.851542,0.453894
0,0,0.00612607,0.999549,0.0293959
0,0,-0.246563,-0.917401,0.312381
1.2381,1.27181,0.685169,-0.226442,0.692292
0,0,0.188229,-0.350169,0.917579
0,0,0.382157,0.275512,0.882071
0,0,-0.422221,-0.690872,0.586878
0,0,-0.914705,0.0447118,0.40164
1.12028,0.934847,0.158378,0.121247,0.979906
0,0,0.977389,0.201708,0.0634411
0,0,-0.938702,0.321124,0.125371
0.2952,0.100982,-0.315175,-0.149699,0.937153
0,0,0.815667,-0.553065,0.169725
0,0,0.00111538,-0.984345,0.176246
0,0,-0.724475,0.597262,0.344112
0,0,-0.0317242,-0.976632,0.212562
0,0,-0.460179,-0.882663,0.0956135
0,0,0.931216,0.356737,0.0746724
0,0,-0.948904,0.0894335,0.302627
0,0,-0.389318,-0.42641,0.81646
0,0,-0.741764,0.618634,0.258995
1.37765,1.39114,0.0761045,0.492897,0.866753
0.250774,0.206754,-0.689899,-0.722267,0.0486826
0.609318,0.356776,0.551196,0.461447,0.695162
0,0,-0.78645,-0.593691,0.170374
0,0,0.845962,-0.0900232,0.525589
0,0,0.995035,0.084494,0.0525927
0,0,0.663236,0.187378,0.724574
0,0,0.95281,-0.146982,0.265612
0,0,0.942676,-0.110599,0.314849
0.3519,0.225031,0.700691,-0.176592,0.691265
0.049214,0.0118177,-0.757638,0.564265,0.32801
0,0,-0.160186,0.17726,0.97104
0,0,-0.642943,-0.661779,0.385582
0,0,-0.654812,0.437379,0.616377
0.76836,1.008,-0.117935,0.587904,0.800287
0,0,-0.65418,-0.680754,0.329578
0.023808,0.00355946,-0.011423,0.729995,0.683357
0,0,0.0171213,-0.0668742,0.997615
0,0,0.0596462,-0.981029,0.184456
0,0,-0.196438,0.685312,0.701256
0,0,0.164573,-0.752663,0.637506
0,0,0.0606317,0.482467,0.873813
0,0,-0.868661,-0.393007,0.301618
0,0,0.962373,0.230468,0.143955
0,0,0.730527,0.194022,0.654741
0,0,0.582543,0.745724,0.323326
0.0928,0.0422537,0.514083,0.0845769,0.85356
0.1407,0.0597947,0.668979,-0.300613,0.679779
0.0374151,0.0047721,0.629632,0.0809547,0.772664
0,0,0.863456,0.502078,0.0485922
0.552917,0.59856,0.0984379,-0.2613,0.960225
0,0,-0.671173,0.739298,0.0544548
0,0,0.697845,-0.568783,0.435313
0,0,-0.03993,0.857147,0.513521
0,0,-0.781539,0.377025,0.49704
0,0,0.838667,0.339747,0.425688
0,0,0.771548,-0.000395645,0.636171
0,0,-0.167847,-0.916986,0.361889
0,0,-0.58149,0.81354,0.00461595
0,0,0.0928169,-0.056792,0.994062
0,0,-0.445392,0.792282,0.417031
0,0,-0.0781707,-0.560456,0.824487
0,0,0.727907,-0.0146249,0.68552
0.93405,0.982004,-0.0704456,-0.0029457,0.997511
0.441638,0.468052,0.500149,0.855364,-0.134915
1.6577,2.06147,-0.801713,-0.375916,-0.464698
0,0,-0.276984,0.946861,0.163506
0.0928,0.0338996,-0.138498,-0.279192,0.950195
0,0,0.288023,-0.5973,0.748515
0.67364,0.820518,0.776983,-0.265967,0.570578
0,0,0.839154,-0.518464,0.164364
0,0,-0.764864,0.559572,0.319158
0,0,-0.906168,-0.00477899,0.422891
0,0,0.632326,-0.773896,0.0353349
0.396652,0.249571,-0.410558,-0.818079,0.402727
0.24191,0.121287,0.0865286,-0.565175,0.820421
0.389314,0.353011,0.947659,0.193192,0.254202
0.3519,0.245893,0.811488,-0.145536,0.565957
0.367592,0.208658,-0.413067,-0.820431,-0.395308
0,0,0.498159,-0.864167,0.07109
0.550207,0.592128,-0.0849063,-0.908942,0.408186
0.3519,0.317529,0.338859,-0.243051,0.908901
0,0,-0.478672,0.769464,0.422846
0.24191,0.118537,-0.475141,0.315096,0.821557
0,0,-0.0920198,0.0489683,-0.994552
0,0,-0.774087,0.135513,0.618405
0,0,-0.43215,0.476262,0.765781
0,0,-0.832203,0.39208,0.39206
0,0,-0.483644,-0.860951,0.157645
0,0,-0.121243,-0.0627101,0.99064
0.379453,0.311603,-0.399299,-0.125034,-0.908255
0,0,-0.395833,0.917918,0.027245
1.21962,1.68062,0.0975359,0.619163,-0.779182
0,0,0.236611,-0.819676,0.521677
0,0,0.934183,-0.323964,0.149496
0,0,-0.213814,0.841721,0.495771
0,0,0.174437,-0.977416,0.119291
0,0,-0.55067,-0.253498,0.795299
0,0,0.902149,-0.418577,0.104495
0,0,-0.842643,0.260491,0.471271
0,0,0.996641,-0.0811167,0.0112316
1.7645,1.68984,0.277854,0.182172,0.943192
0,0,-0.489402,0.818893,-0.299832
0,0,-0.0273865,0.685802,0.727273
0,0,0.000946264,0.996759,0.0804438
0,0,-0.888183,-0.306552,0.342282
1.59407,2.43467,-0.814377,0.283889,-0.50616
0,0,0.78137,0.609601,0.133596
0,0,-0.299202,0.938741,0.171006
0,0,0.900987,-0.286209,0.326047
0,0,0.0206178,0.976002,0.216785
0,0,0.659819,0.313266,0.68301
0,0,0.392217,-0.905084,0.16428
1.78024,1.30702,-0.681528,-0.729509,-0.0577602
0,0,0.741212,-0.286813,0.606913
0,0,0.526171,-0.816612,0.237252
0,0,-0.887561,-0.0421018,0.458763
0,0,0.927445,0.356234,0.113773
0.203364,0.0775567,-0.830933,0.104471,-0.546476
0,0,0.617445,0.512265,0.596947
0,0,0.0062437,-0.655393,0.755262
0.24191,0.203672,0.678579,-0.0617665,0.731926
0,0,0.944683,-0.313075,0.0977629
0,0,-0.443176,0.669786,0.595803
0,0,0.180918,0.328461,0.927028
0,0,-0.031113,0.964807,0.261111
0,0,-0.604215,-0.796767,0.00929066
0,0,0.294225,-0.729281,0.617722
0.3519,0.0991713,0.770222,-0.0278535,0.637167
0,0,0.917304,-0.388189,0.088676
0,0,0.469926,0.869465,0.152315
0,0,0.177499,0.741199,0.647393
0,0,0.806541,0.584171,0.0907509
1.23515,1.76184,0.605719,-0.618197,0.500937
0.24191,0.116783,-0.113033,0.366133,0.923672
0.0465,0.00796889,-0.415289,0.0660874,0.907286
0.145539,0.0602442,0.000856213,0.991875,0.127212
0,0,-0.113301,-0.858538,0.500075
0,0,0.299209,-0.857653,0.418218
0,0,0.456949,-0.764497,0.454688
0,0,-0.543959,0.177782,0.820062
0,0,0.941101,-0.269083,0.204752
0,0,0.790167,-0.604098,0.103451
0.74943,0.565896,0.0768875,-0.637076,0.766956
0,0,-0.392759,0.722223,0.569328
0,0,0.295371,-0.812199,0.503079
0,0,0.701188,-0.546572,0.457814
0,0,-0.652755,0.732928,0.191643
0,0,0.477066,-0.853926,0.207889
0.06329,0.018316,0.142411,-0.130641,0.981148
0,0,-0.859642,-0.205249,0.467855
0.3519,0.154416,0.322375,-0.202083,0.92479
0,0,0.0118785,-0.999375,0.0333066
0.152338,0.0865761,-0.692302,0.68578,-0.224554
0,0,-0.647094,0.674479,0.355454
0,0,-0.904047,0.408287,0.126493
0,0,-0.626639,-0.766814,0.139
0,0,-0.816012,-0.572671,0.0785651
0,0,0.274699,0.852914,0.443934
0,0,0.267318,-0.32589,0.906828
0,0,-0.45677,-0.882191,0.114456
0,0,0.729614,-0.657412,0.188345
0,0,-0.174085,-0.859003,0.481465
0,0,0.51006,0.855453,0.0896662
0,0,0.309002,-0.779038,0.545543
0,0,-0.216474,0.209572,-0.95353
0,0,0.717195,-0.660985,0.220752
0,0,-0.475503,-0.74202,0.472549
0,0,-0.889313,0.455128,-0.0445026
0,0,0.858161,0.185976,0.478511
0,0,-0.853218,0.451287,0.261458
0.0880693,0.0283447,-0.430972,0.897367,0.0948484
0.0254295,0.004548,0.00616442,-0.772391,0.635118
0,0,-0.232702,-0.0261816,0.972196
0,0,0.625755,-0.760085,0.175217
0,0,0.791649,0.610489,0.0243889
0,0,0.164774,0.640978,0.749664
0,0,-0.753526,0.528263,0.391326
0,0,0.052005,-0.11072,0.99249
0,0,0.721089,0.277679,0.634764
0.172589,0.0621768,-0.132227,0.979672,0.150863
0,0,0.286075,-0.431422,0.855591
0,0,-0.754709,-0.500301,0.424397
0.0910356,0.0335476,0.925764,0.0859355,-0.368207
0.0623795,0.020074,0.00812473,0.760633,0.649131
0,0,-0.536757,0.409682,0.737599
0,0,-0.801954,0.596881,0.0245512
0,0,0.500615,0.602746,0.621355
0,0,0.913624,0.249083,0.321323
0,0,-0.231197,0.942645,0.240766
0,0,-0.554786,-0.50474,0.661401
0,0,-0.762738,0.625405,0.164617
0,0,-0.537941,0.776043,0.329206
0.3519,0.252717,0.00507846,-0.25251,0.967581
0.0491301,0.00874391,0.471227,-0.856058,-0.212391
0,0,0.919197,0.318405,0.231724
0,0,0.878716,-0.292902,0.376918
0.538224,0.347174,0.0205861,0.938492,0.344686
0,0,-0.703659,0.709887,0.030419
0,0,0.840934,0.396815,0.367923
0,0,0.38217,-0.863384,0.329415
0,0,-0.3494,0.478151,0.805786
0.0928,0.0221321,-0.643063,0.212233,0.735817
0,0,0.142976,-0.940366,0.308658
0,0,-0.448413,-0.886915,0.110941
0.0207449,0.00299224,0.112543,-0.456381,0.882639
0,0,-0.792347,0.505623,0.341368
0,0,-0.944202,-0.328782,0.0196189
0,0,-0.802516,0.147671,-0.578067
0,0,-0.636311,-0.771412,0.0056289
0,0,0.396827,-0.54541,0.73828
0,0,-0.642353,0.357553,0.677893
0,0,0.714156,-0.246107,0.655296
0,0,-0.564952,0.726285,0.391586
0,0,0.891038,-0.342948,-0.297385
0.0598014,0.0118511,-0.956748,0.249818,0.149078
0,0,-0.207666,0.976207,0.0624048
0,0,0.732193,-0.401515,0.550164
0.61913,0.822505,-0.453107,0.672932,0.584685
0.06329,0.0159734,-0.73852,-0.328743,0.588656
0.0900438,0.0311418,0.477152,-0.692843,-0.540643
1.36004,1.22651,-0.556175,-0.829007,-0.0584484
0,0,0.149965,0.775029,0.613873
0.0634483,0.0229933,-0.171215,0.110459,0.979022
0,0,0.12051,0.969826,0.211931
0,0,-0.887336,0.25092,0.386876
0,0,-0.648873,-0.485972,0.585487
0,0,0.720234,-0.0997574,0.686522
0,0,-0.280361,-0.65926,0.697692
0.0465,0.00791408,0.549064,0.509121,0.662815
0,0,0.36966,-0.507346,0.778428
0,0,-0.660396,-0.541847,0.519884
0,0,0.829482,0.412542,0.376522
0,0,-0.970739,0.181121,0.157671
0,0,0.830182,-0.216814,0.513604
0,0,0.751819,0.658283,0.0378447
0,0,0.82805,-0.243055,0.50523
0.0080636,0.000476427,-0.500782,0.0775417,0.862093
0,0,0.535617,-0.133588,0.833828
0,0,0.59214,0.68301,0.427629
0,0,-0.564465,-0.676609,0.472842
0,0,-0.427074,0.870966,0.242951
0.24191,0.0882931,-0.0687835,0.288821,0.954909
0,0,0.58782,0.533315,0.608311
0,0,-0.627322,-0.260063,0.734053
0.2952,0.186948,0.132427,-0.119942,0.983909
0,0,0.362858,-0.819741,0.443125
0,0,0.979392,0.195969,0.0488631
0,0,0.349624,-0.74213,0.571845
0,0,-0.762132,-0.638203,0.108861
0,0,0.197469,-0.95757,0.209917
0,0,0.262491,-0.841387,0.472405
0,0,0.991469,-0.0885413,0.0956529
0,0,0.125359,-0.73513,0.666234
0,0,0.194568,-0.722605,0.663314
0,0,-0.960092,-0.067115,0.271511
0,0,-0.351484,0.842232,0.408784
0,0,0.564112,-0.81926,0.102915
0,0,-0.976948,-0.113026,0.181101
0.06329,0.0142717,0.276925,-0.174881,0.944844
0.144683,0.0594435,0.886837,-0.214534,-0.409262
0,0,0.657189,-0.646427,0.3876
0,0,0.550124,0.191926,0.812729
0,0,-0.420876,0.903082,0.0854827
0,0,0.876168,0.481579,0.0202855
0,0,-0.489453,-0.835914,0.24836
0,0,-0.23631,-0.589842,0.772168
0,0,0.0895701,0.914811,0.393825
0.3519,0.351849,0.781163,-0.271512,0.562197
0,0,-0.373211,0.881573,-0.289039
0,0,-0.665375,0.580953,0.468796
0,0,-0.152179,-0.911564,0.381959
0.593011,0.679124,0.950698,-0.0551314,0.30518
0.427035,0.309354,-0.375002,-0.0753054,-0.92396
0,0,-0.237048,0.759307,0.606021
0.0928,0.0346804,-0.561594,0.308684,0.767676
0,0,0.388236,-0.905553,0.171016
0,0,0.677931,-0.618579,0.397202
0,0,-0.757335,0.367328,0.539921
0,0,0.805033,-0.00251803,0.593225
0.3519,0.166034,0.497202,-0.419861,0.759281
0.0928,0.0381822,0.0480032,0.503783,0.862495
0,0,-0.603529,-0.767503,0.216082
0.580094,0.533811,-0.428538,-0.877414,-0.215639
0,0,-0.770615,0.634909,0.0551694
0,0,0.791522,-0.13238,0.596631
0,0,0.691079,0.431419,0.579904
0.24191,0.187847,-0.170552,0.120992,0.977892
0.09238,0.0284404,0.0796862,-0.819694,0.567232
0,0,0.139166,0.989613,0.0360387
0.720799,1.01454,0.100661,0.0881982,-0.991004
0.2952,0.240435,0.185063,0.495097,0.848899
0,0,-0.168996,-0.157132,0.973011
0,0,-0.0823204,0.994891,0.0584328
0.394262,0.207694,-0.253388,0.80187,-0.541108
0,0,-0.548413,0.79641,0.2549
0,0,0.210529,-0.920571,0.328978
0,0,-0.570936,0.773903,0.274054
0,0,0.0762265,-0.478708,-0.874659
0,0,-0.753973,-0.613262,0.235447
0,0,0.990217,-0.0352803,0.135004
0,0,-0.82352,0.561168,0.0830925
0,0,0.485177,0.578925,0.655324
0.05323,0.0100351,0.326926,-0.413749,0.849665
0.136478,0.0671486,0.891139,-0.392237,0.228083
0.0465,0.00770645,-0.84986,0.0903199,0.519211
0,0,0.669443,-0.0291248,0.742293
0,0,0.415806,0.110466,0.90272
0,0,-0.905697,-0.146979,0.39763
0,0,0.0181151,0.942037,0.335019
0,0,-0.615105,-0.77389,0.1508
0,0,0.931448,-0.164584,0.324525
0,0,-0.0595286,-0.965524,0.253415
0.06329,0.0200988,0.337881,-0.121097,0.933366
0,0,-0.625442,-0.77699,0.0714801
0,0,0.265388,-0.46193,0.84628
0,0,-0.311066,0.496942,0.810115
0,0,-0.914434,0.0697197,0.398684
0,0,-0.957675,0.254764,0.133989
0,0,-0.0494802,-0.56325,0.824804
0.0928,0.0350487,0.759897,-0.134344,0.636009
0,0,0.933722,-0.259713,0.246401
0,0,-0.526405,0.831964,0.175309
0.118204,0.0302,0.209442,-0.342806,0.915761
0,0,0.729523,0.0492098,0.682184
0,0,-0.735177,-0.351219,0.579793
0,0,0.481258,-0.67708,0.556735
0,0,0.823732,0.339951,0.453761
0,0,-0.774917,0.63004,0.0505212
0,0,0.967543,-0.252631,0.00619193
0,0,0.924485,0.367589,0.101024
0,0,-0.522868,0.841532,0.135769
0,0,-0.927283,0.0236512,-0.373614
0,0,-0.0377538,-0.981178,0.18938
0.916529,0.976795,-0.0340909,0.729802,-0.682808
0,0,-0.457195,0.736414,0.498666
0,0,0.565357,-0.5107,0.647732
0.93405,0.929675,0.349489,-0.179869,0.919513
0.053969,0.0157311,0.793338,-0.159364,-0.587553
0.807847,0.685979,0.652538,0.664381,-0.364407
0,0,-0.829188,-0.548588,0.107228
0,0,0.25806,0.618543,0.742165
0,0,0.377728,-0.924215,0.0561159
0,0,0.251572,0.946391,0.202621
0,0,0.334099,-0.922314,0.194205
0.0465,0.00766423,0.591722,0.245104,0.767977
0,0,-0.575988,-0.647762,0.49864
0,0,-0.496351,-0.444762,0.745535
0,0,-0.868386,0.16346,0.468174
0,0,0.946794,0.148933,0.285307
0.609318,0.535806,0.507569,0.465225,0.725217
0,0,-0.404383,0.827117,0.390322
0,0,0.71774,-0.380419,0.583207
0,0,0.986168,-0.164597,0.0194914
0,0,-0.721906,-0.674966,0.152557
0.2952,0.174749,0.37259,-0.0719559,0.925202
0,0,0.899509,0.340484,0.273778
0,0,-0.194563,-0.930411,0.310615
0,0,-0.516166,-0.807185,0.286401
0,0,0.817395,-0.574133,0.0472953
0,0,0.723012,0.454898,0.519924
0,0,0.645707,-0.763258,0.0223416
0,0,0.223517,-0.963669,0.146224
0,0,-0.875208,0.281294,0.393553
0,0,-0.321415,-0.946048,0.0410584
0,0,0.472973,-0.73894,0.479859
0,0,0.469605,0.683069,0.559363
0.122677,0.0743016,-0.176137,-0.359033,0.916554
0,0,0.777885,-0.609291,0.153818
0,0,0.929576,0.308595,0.201639
0,0,0.458941,-0.766744,0.448862
0,0,-0.515233,0.745262,0.423225
0.06329,0.0171766,0.428138,0.00473611,0.903701
0.609318,0.386937,0.470353,0.0521105,0.880938
0.0465,0.00743208,0.391045,0.568935,0.723462
0,0,0.821625,0.0386797,0.568715
0,0,-0.260618,-0.949401,0.175258
0,0,0.793498,0.536063,0.288092
0,0,-0.994335,0.105896,0.00915478
0,0,0.727734,0.631531,0.267529
0,0,-0.513253,0.719126,0.468431
0.3519,0.220507,0.42826,0.277762,0.859908
0,0,-0.551979,0.127459,0.824059
0,0,0.449587,-0.838893,0.306805
0,0,-0.888043,0.425824,0.173358
0.0245384,0.0399636,0.651708,-0.662239,0.369752
0.417483,0.412805,-0.539179,-0.24797,-0.804858
0,0,0.0625178,-0.965821,0.251558
0.0669315,0.0263604,0.317397,-0.164797,-0.933864
0,0,-0.976701,0.0976723,0.191089
0,0,-0.037179,-0.992115,0.119692
0,0,0.582231,0.131211,0.802365
0,0,0.823187,-0.257102,0.506222
0,0,0.188803,-0.901761,0.388818
0,0,0.900394,0.39556,0.181172
0,0,0.651356,-0.470479,0.595302
0,0,0.427236,0.854883,0.294354
0.381289,0.336505,-0.581215,-0.507755,-0.635904
0,0,0.528885,-0.841289,0.111865
0.395386,0.212359,-0.946605,0.164518,-0.277261
0,0,-0.605463,0.407907,0.683394
0,0,-0.6647,-0.505942,0.549724
0.208252,0.151794,-0.193213,0.480494,-0.855449
0.965912,1.40449,-0.306616,-0.924741,-0.225479
0,0,0.0405063,-0.998611,0.033699
0,0,0.226739,0.814846,0.533493
0,0,-0.422881,-0.903164,0.0739404
0.303342,0.2709,0.187939,0.961541,0.200292
0,0,-0.723672,-0.460105,0.514396
0,0,0.672317,-0.0371194,-0.739332
0,0,-0.603523,-0.489994,0.62902
0,0,0.419094,-0.907875,0.0110832
0,0,-0.0572626,0.877785,0.47562
0.291512,0.253795,-0.966483,0.256726,-0.00138803
0.0555145,0.0177613,0.303688,-0.546994,-0.78011
0,0,0.193337,-0.869179,0.455135
0.89684,0.800269,-0.216506,-0.0803593,0.972968
0,0,0.811819,-0.579544,0.0712647
0,0,-0.156806,-0.90413,0.397442
0,0,0.395528,0.597343,0.697667
0,0,0.235351,-0.720908,0.651845
0,0,-0.327072,-0.656463,0.679765
2.2041,2.61968,-0.475928,0.0233742,0.879173
0,0,0.711908,0.551478,0.434809
0,0,0.935899,0.345987,0.0662295
0,0,0.811142,-0.568278,0.138232
0.162973,0.104248,-0.170102,0.966991,-0.189721
0.609318,0.424206,0.084481,-0.00902634,0.996384
0,0,-0.698513,-0.538551,0.471213
0.162025,0.102492,0.298466,0.926917,0.227471
0.0465,0.00518431,-0.0593183,-0.244015,0.967956
0,0,0.854459,0.465451,0.230771
0.2952,0.124406,0.32029,0.727717,0.606501
0,0,-0.851425,0.104118,0.514037
0,0,-0.286058,-0.30837,0.907237
0,0,-0.942543,0.165818,0.290029
0,0,0.134096,0.832509,0.537537
0,0,0.835123,-0.0428004,0.548395
0,0,0.138886,-0.989326,0.044104
0,0,0.634969,-0.763905,0.115165
0.962188,0.83473,-0.687823,0.686026,0.237208
0,0,-0.143212,0.988886,0.0399244
0,0,-0.792088,0.164558,0.587807
0.76836,0.542547,0.699931,0.291549,0.651994
0,0,-0.0342289,0.99787,0.0555292
0,0,-0.647361,-0.750871,0.130829
0,0,0.817471,-0.290913,0.497102
0,0,-0.712461,-0.645438,0.275335
0.644921,0.584563,-0.467889,0.696414,0.54414
0,0,0.961397,-0.268336,0.0609198
0,0,0.688966,0.512115,0.512898
0,0,-0.0914867,-0.943199,0.319384
0,0,0.0879125,0.917918,0.386907
0,0,0.568428,0.270633,0.776948
0,0,-0.627284,-0.630158,0.457618
0,0,-0.899212,0.341053,0.274045
0,0,0.714803,0.26517,0.647102
0,0,-0.117439,0.917099,0.380969
0,0,0.681555,-0.017123,0.731566
0,0,-0.987611,-0.146723,0.0556465
0,0,0.915067,0.346438,0.206479
0,0,0.848569,0.502003,0.167105
0.400113,0.283764,0.586607,0.142522,0.797232
0,0,0.789823,-0.547053,0.277331
0,0,0.100294,-0.611801,0.784628
0.06329,0.00914853,0.565439,0.103527,0.818267
0,0,0.00644684,0.783612,0.621217
0,0,-0.935175,-0.335079,0.114762
0,0,-0.305558,0.93624,0.173464
0.503462,0.342175,0.107947,0.375834,0.920378
0,0,0.682853,0.629545,0.370655
0,0,-0.870852,-0.457682,0.179285
0.2952,0.132545,-0.143863,0.435317,0.888708
0,0,0.750449,-0.457127,0.477348
0.312459,0.274266,0.712446,0.43924,-0.547256
0,0,0.748794,-0.640848,0.169181
0.730744,0.763122,-0.847744,0.489255,-0.20484
0,0,0.181233,0.978537,0.098078
0,0,0.169717,0.669258,0.723388
0.0897786,0.043545,0.994321,-0.0875347,0.0605287
0,0,0.0425996,-0.232441,0.971677
0,0,-0.0363909,0.967021,0.252084
0,0,-0.378354,-0.592554,0.711146
0,0,0.414791,0.699379,0.58208
0,0,0.1685,-0.674103,0.719161
0,0,-0.909203,-0.393956,-0.13472
0.129732,0.0545144,-0.427999,0.893142,-0.138251
0,0,-0.0408271,0.916413,0.398146
0,0,-0.0797529,0.989464,0.120835
0,0,0.836575,0.409683,0.363733
0,0,-0.126372,0.959235,0.252782
0,0,-0.317956,-0.0338098,0.947502
0,0,0.927576,0.0899355,0.36265
0.380784,0.299072,-0.746008,-0.566989,-0.349279
0,0,0.972957,-0.0660603,0.221338
0,0,0.97928,-0.105147,0.173076
0,0,0.945403,-0.069985,0.3183
0.333718,0.180437,-0.529997,0.754174,0.387718
0.24191,0.198367,0.54219,0.495599,0.678537
0,0,0.177192,0.713356,0.678031
0,0,-0.915116,-0.0825416,0.39465
0.184824,0.0738322,-0.286781,-0.805405,0.518728
0,0,-0.796349,-0.118583,0.593099
0,0,0.72094,0.599705,0.347274
0,0,-0.71592,0.504285,0.482862
0,0,0.59482,-0.598106,0.537083
0,0,-0.646062,-0.683316,0.340122
0,0,-0.855603,0.303649,0.419214
0.519339,0.247528,-0.804348,-0.378163,0.458277
0,0,0.189412,-0.978942,0.0761241
0.34942,0.347603,0.0113015,0.687369,-0.72622
0,0,-0.135969,0.951646,0.275469
0,0,-0.959673,-0.246691,0.134797
0,0,0.247324,0.947546,0.202455
0,0,-0.997165,0.0496816,0.0565128
1.09145,1.30962,0.401941,-0.524478,-0.750577
0,0,-0.908177,0.319643,0.270265
0,0,0.273518,-0.82215,0.499257
0,0,0.289114,-0.597762,0.747725
0,0,0.461315,-0.886551,0.0348742
1.02142,1.40611,-0.168277,-0.70762,-0.686262
0,0,0.914704,-0.165017,0.368898
0,0,0.704579,-0.462426,0.538266
0,0,0.891774,0.0926528,0.442894
0,0,0.180069,-0.982875,0.0391441
0,0,-0.807311,0.250433,0.534353
0,0,0.170728,-0.563501,0.808281
0,0,-0.888784,0.0510046,0.455479
0,0,-0.129814,-0.64281,0.754946
0,0,0.59288,-0.512872,0.620851
0.132944,0.0855319,0.226995,-0.144467,0.963121
0,0,0.295698,0.918125,0.263836
0,0,-0.964131,0.108417,0.242275
0,0,-0.619455,0.776071,0.118273
0,0,0.425941,-0.899965,0.0929375
0,0,0.161956,-0.705804,0.689646
0,0,0.327505,-0.942706,0.063602
0,0,-0.763817,-0.542862,0.349119
0,0,0.337517,0.873778,0.350136
1.19249,1.73866,-0.339221,0.924576,0.173459
0,0,0.823979,-0.38627,0.414552
0,0,0.875489,0.364118,0.317706
0.0458944,0.00759689,0.304073,0.0277769,0.952244
0,0,0.499812,-0.837204,0.221984
0,0,0.255603,-0.890325,0.376813
0.486005,0.358759,0.723463,-0.446677,0.526386
0,0,-0.986284,0.126469,0.106061
0.18599,0.0886918,-0.22813,0.794552,0.562711
0,0,0.436009,0.641483,0.631186
0,0,0.791996,-0.0191119,0.610227
0.178158,0.106289,-0.150485,-0.789446,0.595087
0,0,0.878514,-0.368373,0.304162
0.0465,0.00782382,-0.730748,-0.344846,0.589142
0,0,-0.161259,0.293133,0.942374
0,0,0.9908,-0.106558,0.0834328
0,0,-0.854815,0.259145,0.449594
0,0,-0.911221,0.379486,0.16021
0,0,-0.181789,-0.960448,0.210932
1.5092,1.86056,0.539767,-0.32444,0.776782
1.57807,1.98397,0.848815,-0.463388,-0.254528
0,0,-0.226811,0.782653,0.579665
0,0,-0.502822,0.803012,0.319908
0,0,0.807533,0.184669,0.560167
0,0,-0.975783,-0.0514248,0.212611
0.105795,0.0530663,0.476671,0.740425,0.473873
0,0,-0.994171,0.0235988,0.105199
1.42046,2.13306,0.894599,0.173501,-0.411812
0,0,-0.210128,0.70437,0.678019
0,0,0.39041,-0.920438,0.0193153
0.24191,0.177164,-0.429523,-0.569569,0.700786
0,0,-0.629421,0.34417,0.69669
0,0,0.125359,0.912429,0.389561
0,0,0.562581,0.819156,0.111738
0,0,0.794481,-0.174468,0.581688
0,0,-0.460308,0.788663,0.407588
0,0,0.867954,0.448745,0.2128
0,0,-0.267233,-0.0496872,0.96235
0,0,0.459454,0.722186,0.517059
0.05323,0.0109179,-0.467405,0.690844,0.551604
0.2952,0.132179,0.41711,-0.588236,0.692819
0,0,0.939212,0.281608,0.196412
0,0,0.718539,0.575451,0.390587
0,0,-0.688654,-0.466415,0.55517
0,0,0.997882,-0.0554136,0.0340619
0,0,0.524146,-0.825188,0.210561
0,0,0.904494,0.240456,0.352238
0,0,0.727078,0.144743,0.671124
0.2952,0.198483,0.441617,0.665341,0.60191
0,0,0.968813,-0.234434,0.0802578
0.609318,0.3722,-0.524674,0.0292544,0.8508
0,0,0.748785,-0.656966,0.0878478
0,0,0.195902,-0.510011,0.837563
0,0,0.992083,0.0658049,0.106966
0,0,-0.600472,-0.713204,0.361627
0,0,0.458691,-0.883037,0.0992424
0,0,0.624239,-0.637492,0.451585
0,0,-0.164587,-0.2403,0.956644
0.168507,0.102027,-0.274025,0.94923,0.154507
0,0,0.72873,-0.582196,0.360557
0,0,0.584487,0.76161,0.279866
0.0870033,0.0319746,-0.04041,0.941844,0.333612
0,0,-0.688412,-0.410495,0.597982
0,0,0.685326,0.710122,0.161418
0.36562,0.341964,0.476362,-0.100181,0.873523
0.0465,0.0078756,-0.2987,0.727799,0.617322
0,0,-0.0556005,0.973746,0.220744
0,0,-0.700746,0.691855,0.174044
0.0452221,0.00708055,-0.523398,0.611043,0.59387
0.3519,0.152728,0.373139,0.693011,0.616849
0,0,-0.918203,-0.106968,0.381393
0,0,0.995856,-0.0689275,0.0593329
0,0,0.0136029,0.800751,0.598843
0.09238,0.0202621,-0.39935,-0.436902,0.806
0.2952,0.169473,0.13722,-0.107785,0.984659
0.2952,0.116915,-0.148757,-0.51533,0.843982
0,0,0.221594,0.845382,0.48603
0.3519,0.138348,0.289712,-0.779682,0.555124
0.203645,0.139421,-0.699846,0.690741,-0.181913
0,0,0.812829,0.360281,0.457719
0,0,0.717096,-0.397835,0.572277
0,0,-0.34944,0.928192,0.12787
0.18599,0.0881,-0.164544,-0.192376,0.967428
0.240663,0.14436,0.502811,0.503694,0.702476
0,0,-0.777585,-0.196611,0.597249
0,0,-0.840886,-0.411407,0.351645
0,0,0.125814,0.500817,0.856361
0.2952,0.146992,0.58786,0.0191954,0.808735
0,0,-0.365606,0.232081,0.901371
0,0,-0.959896,0.135606,0.245377
0,0,0.956325,-0.210144,0.203181
0,0,-0.53916,0.502654,0.675756
0,0,-0.310252,-0.948693,0.0610314
0,0,0.936666,0.324431,0.131912
0.2952,0.122461,0.276663,-0.451873,0.848097
0,0,-0.285626,0.837062,0.466632
0,0,0.259417,0.477935,0.839214
0.2952,0.182927,0.161204,0.298052,0.940839
0,0,0.714896,-0.602159,0.355426
0,0,-0.591961,-0.597052,0.541397
0,0,-0.395406,-0.90584,0.15201
0,0,-0.523722,-0.685892,0.505239
0,0,0.62085,0.742444,0.251641
0.16234,0.11167,0.0559857,0.934231,0.352248
0,0,0.92227,-0.0446571,0.383959
0.432534,0.250023,0.351639,-0.260907,-0.899042
0.3519,0.212786,0.582696,0.0950865,0.807108
0,0,-0.41347,0.754952,0.509009
0,0,0.00993933,0.696322,0.717661
0,0,-0.289678,-0.949173,0.123112
0,0,-0.664644,0.406232,0.627076
0.166577,0.122291,0.204299,0.308554,0.929008
0,0,0.688091,-0.0124029,0.725518
0,0,-0.889858,0.409786,0.200567
0,0,0.571781,-0.450638,0.685559
0,0,0.779139,-0.534799,0.327006
0,0,0.605229,-0.18609,0.773995
0.406203,0.36536,-0.0584875,-0.490564,0.86944
0,0,0.846924,-0.530262,0.0392608
0,0,0.0552549,0.521726,0.851322
0,0,0.518344,-0.590696,0.618384
0.09238,0.0266213,-0.562326,0.0747733,0.823528
0,0,0.416718,-0.906225,0.0714375
0,0,0.327681,0.750884,0.57341
0.3519,0.294126,-0.582347,-0.135068,0.801641
0.0532399,0.0145884,-0.248438,-0.044057,0.967645
0.0128994,0.00136422,0.28278,0.660916,0.695144
0,0,0.337771,-0.706581,0.621815
0,0,0.539484,-0.800864,0.259948
0,0,-0.281436,-0.911474,0.300015
0.24191,0.200461,-0.0442897,0.0175087,0.998865
0,0,-0.992869,0.0304877,0.115242
0.4557,0.236993,0.554201,-0.789267,-0.264422
0,0,0.924511,-0.299705,0.235493
0,0,0.65275,-0.564891,0.504793
0,0,0.163404,-0.920258,0.355563
0,0,0.850703,-0.471937,0.231474
0.3519,0.166225,0.0869168,0.244054,0.965859
0,0,0.672185,-0.246898,0.698003
0,0,-0.707748,0.528483,0.468827
0,0,0.802464,-0.398064,0.444519
0.24191,0.103838,0.0867778,-0.470184,0.878292
0,0,-0.683581,-0.0896559,0.724347
0,0,-0.12241,0.942227,0.311808
0.2952,0.119856,0.0085321,0.704303,0.709848
0.06329,0.0153349,-0.0545098,-0.13944,0.988729
0,0,0.468955,0.495977,0.730813
0.0465,0.00776861,-0.0420488,0.433297,0.90027
0,0,-0.0412984,0.837563,0.544777
0,0,0.299478,0.63578,0.711405
0.11307,0.0625678,-0.00342986,0.598571,-0.801062
0.100837,0.0279655,-0.149257,-0.9859,0.075656
0,0,-0.774863,-0.582203,0.246227
0.3519,0.143797,-0.309427,-0.00333349,0.950917
0.3519,0.182724,0.313608,-0.337287,0.88763
0,0,-0.533244,0.698529,0.477187
0,0,0.949587,-0.303709,0.0777511
0,0,-0.909203,0.40543,0.0947452
0,0,-0.357341,-0.675512,0.644973
0.1502,0.0394219,0.854381,0.037886,0.518264
0.977438,1.45894,-0.706877,-0.0238621,-0.706934
0,0,0.201588,-0.803153,0.560632
0,0,-0.971924,0.0237335,0.234095
0,0,-0.134028,-0.987129,0.087251
0.609318,0.459818,0.623651,0.307502,0.718681
0.3519,0.199259,0.428447,0.6401,0.637734
0,0,0.340049,-0.737081,0.584019
0,0,0.965704,0.00322826,0.259626
0,0,0.602826,-0.795999,0.0546488
0,0,0.476523,-0.0434812,0.878086
0.104638,0.0520405,-0.390081,-0.150225,-0.908443
0,0,0.221559,0.97315,0.0623829
0,0,-0.176359,-0.951746,0.251151
0,0,0.701133,0.712987,0.00789278
0,0,-0.690349,-0.652671,0.312152
0,0,-0.868845,0.107878,0.483189
0,0,0.210012,0.91635,0.340878
0.0237578,0.00391637,-0.83953,-0.0618676,0.539779
0,0,-0.649385,-0.527156,0.548093
0,0,-0.0780019,-0.996872,0.0127629
0,0,-0.956844,0.279229,0.0804998
0,0,-0.92601,0.298321,0.231322
0,0,0.2512,0.803252,0.540078
0,0,-0.00587927,0.890091,0.455745
0,0,0.848631,0.216894,0.482476
0,0,-0.375421,0.162706,0.912462
1.26364,1.2769,0.0109813,-0.723232,-0.690518
0,0,0.361837,-0.915322,0.176804
0,0,-0.909383,0.376446,0.17695
0,0,0.688696,0.54494,0.478266
0,0,-0.671984,-0.47605,0.567287
0,0,0.974224,-0.184513,0.129782
0,0,0.290507,-0.627214,0.72264
0.308373,0.304625,-0.741175,0.177409,0.647446
0.182056,0.105422,0.260313,0.463905,-0.846776
0,0,0.788844,0.479326,0.384672
0,0,0.534869,-0.320857,0.781643
0,0,0.642881,0.741192,0.193231
0,0,-0.717252,-0.193732,0.669342
0,0,-0.895722,-0.271728,0.351918
0,0,-0.230475,-0.679209,0.696819
0.2952,0.116968,0.170624,0.0331066,0.98478
0,0,-0.769254,-0.620162,0.153775
0,0,-0.745,-0.486327,0.456576
0,0,-0.186711,0.621299,0.761004
0,0,0.423575,0.0211234,0.905615
0.3519,0.152736,-0.520647,-0.406082,0.751015
0.225077,0.105465,-0.324833,0.719703,-0.613605
0,0,0.0464706,0.956919,0.286612
0,0,-0.94591,0.0305955,0.322984
0,0,0.677263,-0.718054,0.160356
0,0,0.194598,-0.972472,0.128181
0.3519,0.242058,-0.268007,0.0141808,0.963313
0.06329,0.00693896,-0.0201871,0.189141,0.981742
0,0,-0.247125,-0.965837,0.0780297
0.198629,0.135622,-0.0100239,0.832315,-0.554212
0,0,0.120804,-0.923036,0.365255
0,0,0.318607,0.245313,0.915593
1.19488,1.66332,-0.303366,-0.351264,0.885767
0,0,-0.397,-0.596564,0.697497
0,0,-0.963471,0.262122,0.0549086
0.2952,0.182594,0.0652194,-0.423222,0.903676
0,0,0.717057,0.488201,0.497483
0.3519,0.161273,0.194528,-0.257104,0.946603
0,0,-0.642503,0.640086,0.421283
0.609318,0.492972,-0.503642,-0.444447,0.740818
0,0,-0.872229,-0.489007,0.00938777
0,0,0.000129571,-0.164608,0.986359
0,0,-0.689646,-0.686799,0.229555
0,0,-0.888793,0.418329,0.18721
0,0,0.84627,-0.429899,0.314664
0.0347327,0.00736383,-0.277078,0.743621,0.608487
0,0,0.426479,-0.874456,0.231176
0,0,-0.848404,-0.18756,0.495007
0.0126408,0.00124534,-0.839445,0.537506,-0.0801212
0,0,0.47681,-0.732312,0.486181
0,0,0.797566,0.560807,0.222225
0.3519,0.375607,-0.286521,-0.685155,0.669677
0,0,-0.13453,0.273357,0.952459
0.609318,0.401488,-0.271221,-0.0603556,0.960623
0,0,0.0279278,-0.0977835,0.994816
0.452173,0.45358,-0.192537,-0.494776,0.847423
0,0,-0.0935542,0.9813,0.168221
0.24191,0.108122,0.361077,0.559477,0.746062
0,0,-0.505787,-0.84448,0.176165
0,0,0.171613,-0.824851,0.538674
0,0,-0.261744,0.903215,0.340137
0,0,-0.28983,0.938787,0.186217
0,0,0.601623,-0.634859,0.484773
0,0,0.693777,0.59604,0.40424
0.2952,0.121632,0.0218562,-0.530274,0.847544
0,0,0.589011,0.497789,0.63661
0,0,-0.0355234,-0.972039,0.232117
0,0,0.173883,0.949059,0.262776
0,0,-0.402014,-0.877086,0.262877
0.281775,0.245538,-0.718023,-0.660036,0.220898
0,0,-0.125425,0.886946,0.444517
0.151138,0.100667,-0.0619417,0.892478,0.446818
0,0,-0.692541,-0.535611,0.483226
0,0,0.993806,0.00807303,0.110838
0,0,0.596567,-0.739187,0.312587
0,0,0.192598,-0.954812,0.226361
0,0,-0.24053,0.715546,0.65585
0,0,0.848683,0.49752,0.179473
0.150177,0.0606891,-0.848321,0.287501,-0.444628
0,0,-0.605561,0.795313,0.0278061
0,0,0.451786,-0.873308,0.182272
0,0,0.954213,-0.245485,0.170925
0,0,0.646836,0.744657,0.164587
0,0,-0.910938,0.353784,0.2122
0,0,0.715543,0.511125,0.476181
0.24191,0.201497,-0.400754,-0.377269,0.834904
0,0,0.166519,0.453341,0.875644
0,0,-0.647102,0.387508,0.656579
0,0,0.892649,-0.228964,0.388269
0,0,0.067857,0.993185,0.0947587
0,0,-0.79006,-0.344293,0.507216
0,0,0.562435,-0.747184,0.354096
0,0,0.469821,0.509914,0.720594
0,0,0.74931,0.662031,0.0158009
0.609318,0.458151,0.755867,-0.166162,0.633289
0,0,-0.873972,0.376699,0.307036
0,0,-0.940219,0.14854,0.306469
0,0,0.688696,0.703652,0.174848
0,0,0.924299,-0.0602559,0.376883
0,0,0.748097,0.0346051,-0.662686
0,0,0.423134,-0.819382,0.386745
0.214422,0.143356,0.478525,-0.720758,0.50152
0,0,0.859637,0.424111,0.284876
0,0,0.550616,-0.675739,0.490101
0.48725,0.573137,0.257217,-0.177316,0.949947
0,0,0.978151,-0.190167,0.0840086
0,0,0.554676,0.755578,0.348478
0.0928,0.0300784,0.0780832,0.524217,0.847997
0,0,-0.0803175,0.858271,0.506873
0.3519,0.132683,-0.123268,0.0742151,0.989594
0.244041,0.1864,0.987322,-0.142558,0.0698
0,0,-0.808423,0.0486797,0.586586
0,0,-0.4981,0.133518,0.856779
0,0,-0.133835,-0.0603958,0.989162
0.05323,0.00987255,0.265709,-0.542445,0.796964
0,0,0.924435,-0.310092,0.221951
0,0,0.876564,-0.42789,0.220331
0,0,0.944641,0.324894,0.0458045
0,0,-0.222408,-0.91877,0.326185
0.418271,0.455428,0.929866,-0.328693,-0.165255
0.2952,0.25995,0.349597,-0.20483,0.914236
0.114325,0.0643154,-0.061783,0.798358,0.599006
0,0,-0.692489,-0.529086,0.490435
0,0,0.947047,0.181218,0.265069
0,0,0.865148,-0.222086,0.449664
0,0,0.687567,-0.709173,0.155965
0.24191,0.0798075,0.374509,0.474858,0.7964
0,0,0.0379641,-0.163238,0.985856
0,0,-0.221754,0.760785,0.609944
0,0,0.988095,0.148146,0.0414853
1.20551,1.55502,-0.907623,0.0662663,0.414523
0,0,-0.905236,-0.19975,0.375031
0,0,0.940579,-0.270179,0.205704
0,0,-0.525436,-0.719013,0.454904
2.13513,2.14901,0.622911,0.711044,0.326189
0,0,0.718165,-0.132934,0.683058
0.145034,0.0930344,-0.368538,-0.898098,-0.240001
0,0,0.899482,0.0600603,0.432811
0,0,-0.703395,-0.693145,0.157437
0.961741,1.23521,0.514612,-0.801294,0.305129
0,0,-0.0150217,-0.999279,0.0348712
0,0,-0.935261,0.00700832,0.353889
0,0,0.739934,-0.669722,0.0630109
0.0737778,0.0230948,-0.0501741,0.971507,-0.231638
0,0,-0.350359,0.854861,0.382702
1.83356,2.67379,0.686838,-0.70842,0.162465
0.454883,0.443246,0.983721,0.172137,-0.0515921
0,0,-0.422265,0.584947,0.692481
0,0,0.639524,-0.765273,0.0732601
0.2952,0.236277,-0.0628937,-0.393914,0.916993
0.0465,0.00814552,-0.0304507,0.330592,0.943282
0,0,-0.415046,0.739181,0.530423
0.3519,0.219254,0.454752,0.497392,0.738784
0,0,0.0601306,0.96183,0.26696
0,0,0.236835,-0.950401,0.201613
0,0,0.467481,-0.735714,0.490089
1.42157,1.39721,-0.585615,0.744946,-0.319549
0,0,-0.0615207,0.988018,0.141548
0,0,-0.833876,0.269123,0.481896
0,0,0.954658,-0.272421,0.12006
0,0,0.501535,0.643667,0.578062
0,0,0.678707,0.623621,0.387882
0.3519,0.146535,-0.503649,-0.360415,0.785136
0,0,0.186071,-0.807234,0.560135
2.17395,2.35972,0.0275394,-0.243231,-0.969577
0.133466,0.187496,-0.337453,-0.334892,0.879757
0.736546,0.750005,0.843508,-0.439712,0.308459
0,0,-0.700962,0.702717,0.121822
0,0,-0.0701414,0.99568,0.0608406
0,0,-0.423714,0.879338,0.217326
0,0,-0.423333,0.883456,0.200733
0.06329,0.0144595,-0.00463314,-0.541999,0.840366
0,0,0.490617,-0.645859,0.584945
0,0,-0.391977,-0.500373,0.771998
0,0,-0.676332,-0.581292,0.452411
0,0,0.531758,0.374725,0.759484
0,0,-0.962241,0.0480166,0.267932
0.609318,0.556055,-0.43833,-0.545998,0.71397
0.0465,0.00776667,-0.563281,0.273961,0.779526
0.515071,0.586518,-0.525144,0.55876,-0.64188
0,0,0.638234,0.0271716,0.769363
0,0,-0.604558,-0.280904,0.745388
0,0,-0.647924,-0.641506,0.410687
0,0,-0.514282,-0.816513,0.262336
0,0,0.175238,-0.880887,0.439693
0,0,-0.433894,-0.878001,0.202115
0,0,0.578917,-0.752735,0.31344
0,0,-0.0339165,-0.983698,0.176601
0,0,-0.198141,-0.963019,0.182575
0.2952,0.127172,-0.270234,0.784163,0.558624
0,0,-0.999259,0.0363673,0.0125911
0,0,0.596819,0.62844,0.498869
0.632898,0.482134,0.532884,-0.583309,0.613014
0.3519,0.241989,-0.0958536,0.467276,0.8789
0,0,0.545189,0.52318,0.65502
0,0,0.7631,-0.627552,0.15446
0,0,0.977416,0.0604385,0.202497
0,0,0.609546,-0.632954,0.477307
0,0,-0.314592,0.726602,0.610803
0,0,0.584917,0.403821,0.70342
0.42643,0.3359,0.81725,-0.505388,0.276922
0.327295,0.216787,-0.0758742,-0.644403,0.760913
0,0,-0.377975,0.599358,0.705624
0.18599,0.109699,0.23635,0.468794,0.8511
1.6063,1.55335,0.336844,-0.678893,0.652411
0,0,0.83602,-0.294111,0.463216
0,0,-0.638171,-0.72378,0.262451
0,0,0.935738,0.3376,0.102085
0,0,-0.708396,-0.698845,0.0989437
0,0,-0.906092,-0.254816,0.337736
0,0,0.471091,-0.882085,0.000391928
0,0,0.545657,-0.814946,0.195246
0,0,0.748742,0.610281,0.258734
0.609318,0.624114,0.0511412,-0.32253,0.945177
1.46682,2.08944,0.283316,0.93749,-0.202098
0,0,0.742709,-0.514098,0.429053
0,0,-0.348963,0.936308,0.0394023
0,0,-0.44717,-0.71799,0.533413
0.18599,0.0752941,-0.394952,0.433269,0.810118
0,0,-0.556785,-0.685091,0.469724
0,0,0.0674322,0.996959,0.039056
0,0,-0.926755,0.0133082,0.375431
0,0,-0.664653,0.267174,-0.697749
1.54045,2.21106,-0.071272,-0.177414,-0.981552
0.0390554,0.00387548,0.644984,-0.723693,0.245487
0,0,-0.0911469,0.975782,0.198851
0,0,-0.547851,-0.348836,0.760377
0.24191,0.174615,0.370832,0.318253,0.872467
0.3519,0.288598,-0.142103,-0.367544,0.919085
0,0,-0.971472,-0.237039,0.0073918
0,0,0.92002,-0.186644,0.344568
0,0,-0.233163,-0.917334,0.322697
0.3519,0.30904,0.763436,-0.0218857,0.645513
0,0,0.371329,-0.271632,0.88788
0,0,0.694558,0.475949,0.539502
0.0669081,0.0231495,0.424386,0.167006,0.889947
0,0,-0.819849,0.56646,0.0834913
0,0,0.0472501,-0.617277,0.785326
0,0,-0.829121,-0.559043,0.00546877
0,0,-0.568172,0.424522,0.704955
0.166167,0.115242,0.786886,-0.152997,-0.597831
0,0,0.0367027,0.150941,0.987861
0,0,0.751821,-0.356818,0.554477
0,0,-0.561462,0.145549,0.814602
0,0,0.485517,-0.756942,0.437393
0,0,-0.941603,0.257553,0.216908
0,0,0.228778,-0.595422,0.770152
0.0717681,0.0187802,-0.514642,-0.675245,0.528382
0,0,-0.51196,-0.850503,0.120591
0,0,-0.330319,0.60734,0.722515
0,0,-0.688384,-0.667375,0.284142
1.43958,0.990883,-0.110972,0.907772,0.404518
0,0,0.349428,-0.875617,0.33346
0,0,0.358249,-0.87668,0.321075
0.24191,0.164284,-0.291143,0.0369985,0.955964
0,0,-0.842442,0.538058,0.0280287
0.09238,0.0280789,0.0401793,0.759521,0.649241
0.09238,0.0336057,0.249686,-0.211725,0.944897
0.06329,0.0157659,-0.021944,0.189789,0.98158
0,0,-0.999925,-0.00404369,0.011532
0,0,-0.275875,-0.806311,0.523217
0,0,-0.451508,-0.890225,0.0603277
0,0,0.764501,0.2532,0.592814
0,0,-0.874296,-0.474326,0.103061
0,0,0.499074,-0.820099,0.279932
0,0,0.550208,-0.830706,0.0848485
0,0,-0.145592,0.943499,0.297677
0,0,0.630262,0.662957,0.404053
0,0,0.378743,-0.666664,0.64196
0.0928,0.0324457,0.00359319,0.0729473,0.997329
0.76836,0.705018,-0.51875,-0.204079,0.830211
0,0,-0.620182,0.76114,0.189841
0.0928,0.0328131,-0.368153,-0.248381,0.895975
0,0,0.874045,-0.421504,-0.24162
0.225883,0.130143,-0.61149,-0.406933,0.678591
0,0,0.178793,-0.934836,0.30678
0,0,0.303277,-0.919292,0.25085
0,0,0.135247,0.962319,0.235904
0,0,0.958325,0.232637,0.165813
0.291836,0.241769,-0.104112,0.563869,0.819276
0,0,0.976518,0.209114,0.0518106
0,0,0.14506,-0.951984,0.269598
0,0,-0.762139,0.508502,0.400711
0,0,-0.415647,0.0386298,0.908705
0,0,-0.0677752,0.742025,0.666938
1.58556,1.88092,0.572168,-0.777588,0.26073
0,0,0.288946,-0.817716,0.497846
0.0356785,0.00781851,0.284513,0.380174,0.880068
0.3519,0.19011,0.17852,-0.27101,0.945877
0,0,0.148109,-0.51641,0.843436
0,0,-0.634904,-0.742785,0.212526
0,0,0.172034,0.395662,0.90214
0.0640521,0.0218017,-0.3382,0.843919,0.416439
1.08252,1.35676,0.0218484,-0.181663,-0.983118
0,0,-0.582203,-0.777942,0.236317
0,0,-0.300781,0.466331,0.831905
0,0,-0.701591,-0.552807,0.449639
0,0,-0.538012,-0.800852,0.263018
0,0,-0.485549,-0.44642,0.751633
0,0,0.230014,0.448761,0.863543
0.09238,0.0322849,0.449832,-0.634277,0.628764
0,0,0.63108,-0.760816,0.151319
0,0,0.843588,0.165762,0.510766
0,0,-0.342379,-0.879176,0.331401
0,0,0.564776,0.681161,0.465883
0.3519,0.318137,-0.0420713,-0.0153403,0.998997
0.107737,0.210952,0.980076,-0.0283362,-0.19659
0,0,-0.699148,0.491702,0.519058
0,0,0.221498,0.429146,0.875656
0,0,-0.717181,0.690324,0.0954164
0,0,-0.341956,0.836362,0.428444
0.609318,0.633972,-0.51038,0.144643,0.847697
0,0,0.942328,0.0829242,-0.324256
0,0,0.396114,-0.88132,0.257624
0,0,-0.187447,0.904747,0.382488
0,0,0.754308,-0.656517,0.00225945
0,0,0.340813,0.932625,0.118559
0.919877,1.05969,0.194354,0.798109,0.570305
0,0,-0.89307,-0.449828,0.00901438
0,0,0.301512,-0.865938,0.399051
0.2952,0.157452,-0.158643,0.390098,0.907004
0,0,0.324884,-0.923938,0.201961
0,0,-0.846159,-0.382294,0.371303
0,0,0.760377,0.625885,0.173478
0.09238,0.0297924,-0.534745,0.489853,0.688543
0.776683,0.832495,-0.0640358,0.671163,0.738539
0.2952,0.19027,-0.383082,-0.420777,0.822311
0,0,0.234752,-0.967458,0.0944308
0,0,-0.376819,-0.721406,0.581017
0,0,0.927375,-0.0176528,0.373717
0.10084,0.0479316,-0.499057,-0.465965,-0.730629
0.149564,0.104613,-0.418934,-0.451453,0.787835
0,0,0.365888,-0.883449,0.292649
0,0,-0.394172,0.750746,0.530103
0,0,-0.585113,0.802736,0.115146
0.634344,0.606404,-0.531034,-0.603166,0.595142
0,0,0.947997,0.202905,0.245217
0,0,0.715105,-0.694935,0.0754302
0,0,0.239011,-0.970106,0.042058
0,0,0.350842,-0.932361,0.0872481
0,0,0.340977,0.930984,0.130401
0.0557648,0.0156057,-0.138037,0.945754,0.294101
0.335846,0.240573,0.370525,0.594885,0.713318
0,0,-0.932728,-0.067641,0.354181
0,0,-0.462281,-0.65996,0.592241
0,0,-0.154343,0.593633,0.789796
0,0,0.893115,-0.103538,0.437751
0,0,0.649008,-0.304037,0.697387
0,0,-0.137632,0.953711,0.26738
0,0,0.0631727,0.991559,0.113227
0,0,0.541984,-0.822055,0.174584
0.0599208,0.0158636,-0.556817,-0.16729,0.813615
0,0,0.602963,-0.66457,0.441341
0.133622,0.068918,0.325371,0.461133,0.825524
0,0,0.743336,-0.358508,0.564733
0.186578,0.155692,0.0498364,0.692436,-0.719756
0,0,0.817934,0.46188,0.343003
0.165906,0.125091,-0.656952,0.0382361,0.752962
0,0,0.861909,0.498181,0.0944882
0,0,-0.975309,0.0538477,0.214181
0,0,-0.319679,-0.940338,0.116493
0.142476,0.0504135,0.0445629,-0.954824,0.293811
0,0,0.881316,0.0183379,0.472172
0,0,0.954491,0.259325,0.147304
0,0,0.913529,0.290262,0.284978
0,0,-0.593499,0.801377,0.0745261
0.2952,0.235544,-0.735135,0.0819224,0.672952
0,0,-0.0383805,0.96417,0.262493
0.411345,0.327947,0.0118607,-0.143157,-0.989629
0.356785,0.313063,0.760677,0.347247,0.548444
0,0,0.785565,-0.345562,0.513298
0,0,-0.392878,-0.857057,0.333318
0.609318,0.543799,-0.304134,0.491907,0.8158
0,0,0.607658,-0.770783,0.191431
0,0,-0.153005,-0.212413,0.965127
0,0,-0.683953,0.368925,0.629367
0.755888,1.07263,-0.371911,-0.73488,-0.567127
0,0,0.655029,0.413191,0.632621
0,0,0.654168,-0.559035,0.509454
0,0,0.68102,0.72594,0.0960334
0.100351,0.0509071,0.266278,-0.95434,0.135394
0,0,-0.552891,0.695171,0.4594
0,0,-0.489195,-0.380907,0.784601
0,0,-0.203006,0.974803,0.0924517
0,0,0.468126,-0.823579,0.320273
0,0,0.465365,-0.871373,0.155382
0,0,0.447847,-0.564227,0.6936
0,0,0.0869019,0.888513,0.450547
0.3519,0.251423,0.270672,0.159257,0.949407
0,0,0.686176,-0.427733,0.588394
0,0,0.0532332,-0.86491,0.499097
0.2952,0.194525,0.441151,0.231137,0.867157
0,0,0.418594,-0.816585,0.397453
0,0,-0.318716,0.933257,0.165684
0,0,-0.814367,0.500665,0.293497
0.107032,0.0503705,0.898607,0.405241,0.168182
0,0,-0.421116,-0.871415,0.251589
0,0,0.244729,0.964833,0.0959446
0,0,0.80423,0.273257,0.527773
0,0,0.0209233,-0.805559,0.592146
0,0,-0.938585,-0.213443,0.27111
0,0,-0.212322,-0.565253,0.797125
0,0,-0.131264,0.920923,0.366975
0,0,-0.761543,0.178147,0.62315
0,0,-0.225954,0.968528,0.104399
0,0,0.764892,0.324025,0.55673
0,0,-0.409256,-0.625574,0.664204
0,0,0.193845,-0.61665,0.762998
0,0,-0.885161,0.455378,0.095504
0,0,-0.532795,-0.651288,0.540327
1.60348,1.84792,-0.179954,-0.587377,-0.789053
0,0,0.786066,0.43167,0.442448
0,0,-0.680923,0.72658,0.0917931
0.250101,0.0814573,0.0300653,0.379926,0.924528
0,0,0.395054,-0.806806,0.439313
0.0111772,2.91526e-07,-0.482373,-0.815264,0.320408
0.806662,0.977977,-0.488663,-0.409156,-0.770584
0,0,-0.543261,0.661856,0.51654
0,0,0.869046,0.447581,0.210785
0,0,-0.872817,-0.378765,0.30778
0.609318,0.385285,-0.468676,0.0915645,0.878612
0,0,0.333525,0.918337,0.213118
0,0,-0.159973,-0.500739,0.850687
0,0,0.302481,-0.558766,0.772196
0,0,-0.44048,-0.858524,0.262515
0,0,0.95942,0.27456,0.0642669
0.609318,0.455568,0.35422,-0.0671014,0.932752
0,0,-0.419018,-0.801635,0.426385
0,0,0.30394,0.693057,0.653676
0,0,-0.0226474,-0.86793,0.496169
0.413993,0.374287,0.736743,0.627888,-0.250932
0,0,0.453251,-0.671807,0.585866
0,0,0.973459,-0.118652,0.195703
0,0,-0.0427435,-0.796309,0.603379
0,0,-0.0178762,-0.964656,0.262904
0,0,-0.386278,0.179612,0.904726
1.73761,2.49053,0.109016,0.964989,-0.238561
0.0468712,0.0120119,0.600294,-0.253463,0.758554
0.357351,0.314104,-0.23206,0.972676,0.00704244
0,0,0.539997,0.808017,0.235609
0,0,0.174509,-0.95965,0.220495
0,0,0.125891,-0.829193,0.544601
0,0,0.190983,0.977465,0.0899327
0,0,0.621756,0.599697,0.503769
0,0,-0.208715,-0.894338,0.395725
0.0261727,0.00439593,-0.682317,-0.327443,0.653625
0,0,-0.119162,-0.930539,0.346261
0,0,-0.138274,-0.960622,-0.241008
0.3519,0.223036,0.0673218,-0.144098,0.987271
0,0,0.496465,0.772346,0.396238
0,0,0.536718,0.439723,0.720123
0,0,-0.107553,-0.882899,0.45708
0,0,0.739252,0.53795,0.405113
0.2588,0.229493,0.566943,0.2757,0.776251
0,0,-0.121844,0.871038,0.475864
0,0,-0.740808,-0.515349,0.430835
0,0,0.380484,0.769858,0.512396
0,0,0.354538,0.796101,0.490435
0,0,0.570245,-0.819773,0.0528464
0,0,-0.220342,-0.96417,0.147737
0,0,0.612838,0.708492,0.349955
1.2381,1.44579,0.0880183,-0.300946,0.949571
0,0,0.694983,-0.676424,0.243822
0.0141359,0.000138446,0.0235663,-0.177479,-0.983842
0,0,0.952083,-0.133819,0.275009
0,0,-0.650497,0.292922,0.70075
0,0,-0.953555,-0.173397,0.246305
0.18599,0.134231,0.17303,-0.68239,0.710215
0,0,0.166437,-0.986014,0.0087319
0.52844,0.278702,-0.927549,-0.095477,0.3613
0,0,0.00258446,0.970823,0.239784
0,0,0.832683,-0.270845,0.482993
0,0,0.788264,0.538641,0.297499
0,0,0.51781,0.846298,0.125108
0,0,-0.990908,0.130342,0.0333522
0,0,0.00837621,0.627226,0.778793
0,0,-0.952264,-0.254802,0.168134
0.18599,0.102744,-0.733368,0.286656,0.616441
0,0,0.764021,-0.460646,0.451748
0,0,0.204037,0.871227,0.446467
1.15519,1.05961,0.52445,-0.452302,0.72137
0,0,-0.228166,-0.955953,0.184646
0,0,-0.143164,-0.387981,0.910481
0,0,-0.93301,0.0151956,0.35953
0,0,0.908839,0.0627841,0.412395
0.178038,0.0725909,-0.997187,-0.0225913,-0.0714666
0,0,0.898396,0.202322,0.389808
0,0,-0.841744,0.428206,0.328795
0,0,0.506636,-0.553898,0.660695
0,0,-0.770613,0.463534,0.437369
0,0,0.499646,0.190453,0.845033
0,0,0.7418,0.56001,0.368946
0,0,0.976923,-0.187563,0.102186
0,0,-0.185332,0.920823,0.343129
0,0,0.773712,-0.256088,0.579473
0,0,-0.730129,-0.671415,0.126935
0,0,0.586472,-0.396365,0.706361
0.178393,0.107517,0.574641,0.355099,0.737355
0,0,0.494906,0.753794,0.432275
0,0,0.574924,-0.760385,0.30212
0,0,0.986602,0.127809,0.101394
0,0,-0.883362,0.434857,0.174845
0,0,-0.531747,-0.015406,0.846763
0,0,-0.349634,0.93648,0.027596
1.00997,1.03932,-0.929474,0.216835,0.298429
0,0,0.866547,-0.316387,0.386
0.067672,0.017067,-0.139775,-0.469915,0.871575
0,0,-0.801587,0.496111,0.333664
0,0,0.745756,0.301167,0.594262
0,0,0.12384,-0.815162,0.56584
0,0,-0.760642,0.646989,0.0531886
1.5385,2.38986,-0.0188293,0.146184,0.989078
0.3519,0.170123,0.0714053,-0.331714,0.940674
0.555464,0.666401,0.0653389,0.936981,-0.343216
0.0568428,0.00970609,-0.686142,0.543219,0.483861
0,0,-0.121167,0.795412,0.593834
0,0,0.500668,-0.50606,0.702307
0,0,0.792111,-0.589541,0.158116
0,0,0.840607,-0.41887,0.343407
0,0,0.765552,0.339679,0.546395
1.4274,1.63518,0.836283,-0.124377,0.534004
0,0,0.915081,0.393509,0.088188
0.0868648,0.0368336,0.44022,0.594347,0.673022
0,0,0.928826,-0.0526826,0.366753
0,0,0.922274,0.384823,0.0363586
0,0,-0.929922,-0.121284,0.347183
0,0,0.970824,0.163625,0.175293
0,0,-0.0557009,0.126437,0.99041
0,0,0.251099,0.967623,0.0255781
0,0,0.828687,-0.249401,0.501076
0.16243,0.0543493,0.777373,-0.184676,0.60132
0,0,-0.93919,-0.305279,0.157247
0,0,0.73201,-0.0980455,0.674202
0.609318,0.274265,-0.0383116,-0.275509,0.960535
0,0,0.800493,0.516287,0.304399
0,0,-0.700653,-0.396707,0.59305
0.609318,0.462314,-0.32531,0.263414,0.908178
0,0,0.875522,0.0254285,0.482509
0,0,-0.302483,-0.618823,0.724957
0.00168067,5.16421e-05,-0.90998,-0.0216832,0.414086
0.943881,1.2304,-0.196637,-0.544406,-0.815448
0,0,-0.658425,-0.066235,0.749727
0.0804965,0.0217184,-0.455447,-0.387345,0.801581
0,0,0.927908,0.216688,0.303369
0,0,0.961741,-0.0979905,0.255835
0,0,-0.971476,-0.178392,0.156241
0,0,0.797572,-0.560065,0.224066
0,0,0.873375,-0.120095,0.47201
0,0,-0.506328,-0.476331,0.718847
0.116273,0.0686192,-0.532401,-0.723119,-0.440056
0,0,-0.132179,0.987181,-0.0894534
0,0,0.820591,-0.509908,0.258116
0,0,0.810296,-0.130954,0.571202
0,0,0.124663,-0.817129,0.562814
0,0,0.828074,0.554598,0.0819481
0,0,-0.99411,-0.0722968,0.0807312
0,0,-0.564667,-0.340098,0.751987
0,0,0.706198,0.341479,0.620224
0,0,0.126429,0.942999,0.307845
0,0,-0.558993,0.786468,0.262667
0,0,0.213326,0.94939,0.230545
0,0,0.314522,-0.44679,0.837529
0,0,-0.450968,0.579229,0.67906
0,0,0.0718917,-0.97662,0.202594
0,0,-0.633658,0.461384,0.62097
0,0,0.529154,-0.749164,0.398432
0,0,0.0422469,-0.99474,0.0933143
0,0,0.568659,-0.743085,0.352777
0,0,0.135674,-0.982224,0.129725
0,0,-0.733626,0.552165,0.396114
0.0158286,0.00125359,-0.808779,0.247155,0.533659
0,0,-0.73473,0.615453,0.285289
0,0,-0.309689,-0.243508,0.919128
0,0,-0.228469,0.779927,0.582679
0,0,0.301475,-0.740688,0.600411
0,0,0.786232,0.573492,0.2301
0,0,0.690274,0.41735,0.59105
0,0,0.975969,0.153537,0.154632
0,0,-0.989529,0.139458,0.0372091
1.12028,0.524351,0.752671,-0.0734782,0.654284
0.270956,0.243434,0.943911,-0.0734644,0.321925
0,0,0.946959,-0.000667142,0.321354
0,0,-0.764256,-0.606318,0.219751
0.0928,0.021665,-0.658103,0.256311,0.707959
0.06329,0.0244075,-0.0834254,0.218071,0.972361
0,0,0.543131,-0.683963,0.487035
0,0,0.811203,-0.183431,0.55525
0,0,0.215882,-0.796666,0.564551
0,0,0.583185,-0.794019,0.17155
0.09238,0.0336661,0.358219,-0.666333,0.653972
0,0,-0.741136,-0.332117,0.583451
0,0,-0.18312,-0.857686,0.48046
0,0,-0.154248,0.822222,0.547868
1.60652,2.24696,0.446069,0.894663,-0.0245226
0,0,-0.994398,0.056176,0.0895376
0,0,-0.902037,0.429945,0.0384346
0.2952,0.195242,-0.0256595,-0.190514,0.981349
0,0,-0.134562,-0.917559,0.374137
0,0,-0.549506,0.744021,0.380101
0,0,-0.942555,0.294077,0.158459
0,0,-0.275651,0.795487,0.539645
0,0,-0.937431,-0.346747,0.031457
0.609318,0.468214,0.0719886,-0.787523,0.612067
0,0,-0.104557,0.938717,0.328449
0.0331833,0.00716978,0.61397,-0.48257,0.624633
0,0,0.983452,-0.12148,0.134408
0.117422,0.0745009,0.369365,0.237472,0.89843
0,0,-0.530518,0.184323,0.827391
0.425837,0.39322,0.15195,0.92147,-0.357496
0,0,0.260793,0.94353,0.204297
0.3519,0.161959,-0.36906,0.389969,0.843634
0,0,0.893262,-0.439661,0.0937058
0,0,-0.754091,-0.643391,0.131889
0.139278,0.078889,-0.247902,0.140411,-0.958556
0.0253661,0.00395179,0.102229,0.824529,0.556508
0,0,0.348172,0.707961,0.614465
0,0,-0.976837,0.109535,0.183823
0,0,0.725537,-0.64827,0.230958
0.0928,0.0328048,-0.0750019,0.708387,0.701828
0,0,-0.698757,-0.707893,0.103084
0,0,-0.615234,-0.635907,0.465949
0,0,-0.813476,0.331963,0.477554
0,0,-0.0773336,-0.997004,0.00161404
0,0,0.830257,-0.235389,0.505238
0,0,0.743844,-0.10972,0.659286
0,0,0.694936,-0.626853,0.352305
0,0,0.995468,0.0839981,0.0445941
0,0,-0.21696,0.971692,0.093505
0.203256,0.136086,0.900612,-0.061402,0.430265
0.0917938,0.043731,-0.607065,0.431401,0.667357
0,0,0.794898,0.0126542,0.606611
0,0,-0.868745,-0.44789,0.211369
0.2952,0.195531,0.680793,0.00717002,0.732441
0,0,0.688005,0.30819,0.657015
0,0,0.46909,-0.883123,0.00696856
0,0,-0.796657,0.573049,0.192232
0,0,0.233824,-0.970955,0.0507245
0,0,0.729752,-0.57039,0.376985
0,0,0.68378,0.611862,0.39758
0,0,-0.110607,-0.729975,0.674464
0,0,0.769248,-0.323712,0.55088
0.05323,0.0103803,-0.312986,-0.122309,0.941849
0,0,0.982332,0.159235,0.0983299
0,0,-0.174255,-0.307537,0.935444
0,0,0.848581,0.378695,0.36946
0,0,0.669657,0.718204,0.189057
0,0,0.776614,0.45723,0.433372
0,0,0.900535,0.409076,0.147287
0.52831,0.684576,0.0670868,-0.932653,0.354481
0,0,-0.871247,-0.274921,0.406629
0,0,0.895871,0.271986,0.351338
0,0,-0.929315,0.369046,0.0133486
0.218509,0.114508,0.234174,0.893769,0.382544
1.5092,1.69044,-0.0265128,0.202919,0.978836
0,0,0.084194,-0.976173,0.199993
0.3519,0.173469,0.280943,0.404786,0.870183
0,0,0.569229,0.662366,0.487083
0.53505,0.63183,0.410519,0.539119,0.735408
0,0,-0.559376,-0.818212,0.132768
0,0,-0.745074,0.555241,0.369557
0,0,0.951998,-0.257584,0.165381
0,0,0.475808,-0.632568,0.611117
0,0,-0.262827,-0.962358,0.0692078
0,0,0.873599,0.316778,0.369427
0,0,0.842926,-0.466805,0.267525
1.14504,1.48789,0.459265,0.877013,-0.14115
0,0,-0.683874,-0.719187,0.122828
0,0,-0.0416464,-0.964923,0.259208
0,0,-0.413493,0.580746,0.701254
0,0,0.706668,0.679834,0.196074
0,0,-0.390131,-0.91712,0.0817877
0.609318,0.575028,0.537149,0.199002,0.819676
0,0,-0.921062,0.112135,0.372921
0,0,-0.0921701,-0.466308,0.879807
0.00920289,0.000810586,0.366127,0.699967,0.613186
0,0,0.403032,-0.249348,0.880563
0,0,0.849425,0.512645,0.125186
0,0,0.434504,0.863831,0.254956
0,0,0.716133,0.506003,0.480744
0.193594,0.0746359,-0.794655,0.473475,-0.379927
0.423208,0.715224,0.116243,0.879681,-0.461138
1.7296,2.08285,0.18908,0.740294,0.645146
0,0,0.852297,0.428878,0.299422
0.0161859,0.00202731,0.340045,0.0523669,0.93895
0,0,-0.774315,0.588965,0.231422
1.6931,1.61718,-0.854005,0.249705,-0.456424
0,0,0.995288,0.0956822,0.0157275
0.190812,0.114052,0.545588,-0.503259,0.670122
0.3519,0.359389,0.350128,0.461182,0.815304
0,0,0.902309,-0.242316,0.356542
0,0,-0.34925,0.925235,0.148206
0.0821534,0.0302864,-0.226934,0.305466,0.924766
1.7645,1.69572,-0.0599291,-0.210633,0.975726
0,0,-0.0123004,-0.0529943,0.998519
0,0,-0.543342,-0.825805,0.151079
0,0,0.753152,-0.0450876,-0.6563
0,0,0.669735,-0.736907,0.0917776
0.333456,0.268503,0.510361,-0.852413,0.113684
0,0,0.117294,-0.992859,0.0217458
0,0,0.564826,0.494985,0.660274
0.0202887,0.00306314,-0.654507,-0.346189,0.672141
0,0,-0.0651583,-0.928238,0.366236
0,0,-0.0792441,0.460658,0.884033
0,0,0.830511,0.0535292,0.554424
0.923894,1.38233,-0.146281,-0.721435,0.676856
0,0,-0.265558,0.751491,0.603937
0,0,-0.746235,0.123222,0.654178
0,0,-0.955779,0.214085,0.201631
0,0,-0.744694,-0.558247,0.365776
0,0,0.389417,-0.804616,0.448272
0.0465,0.00763088,0.132715,0.688436,0.713052
0,0,-0.429737,-0.677381,0.59706
0,0,0.0241476,-0.971647,0.235201
1.3313,1.963,-0.304052,0.949868,-0.0728299
0,0,0.936652,-0.312406,0.158385
0.06329,0.014531,-0.0148491,-0.0403191,0.999077
0,0,-0.454977,0.739437,0.496214
0,0,0.14759,-0.974815,0.167191
0,0,0.720356,0.670243,0.178499
0,0,-0.332629,0.853559,0.400993
1.37765,1.66627,0.0381562,-0.308638,0.950414
0,0,-0.115606,0.991768,0.0550549
0,0,-0.526601,0.841646,0.11968
0,0,0.820265,0.571912,0.00900866
0,0,-0.78626,-0.0814145,0.612509
0.2952,0.153346,-0.121088,-0.565849,0.815569
0.2952,0.140253,0.167257,0.211933,0.962865
0,0,-0.312201,0.820876,0.478219
0.114045,0.0200246,-0.210013,0.976899,-0.0395406
0,0,0.772738,0.276544,0.571313
0,0,-0.554646,0.37936,0.740577
0.745974,1.01102,-0.931271,0.348882,-0.104955
0,0,-0.877736,0.168936,0.448376
0.0244356,0.00398649,-0.416955,-0.301264,0.857548
0,0,0.520599,0.222953,0.824178
0,0,0.903908,-0.426337,0.0344437
0.521718,0.662536,0.70381,0.329839,-0.629173
0,0,0.329972,-0.931546,0.152779
0,0,0.670496,0.175921,0.720754
0,0,0.460522,0.287813,0.839693
0,0,-0.726745,-0.561991,0.394978
0,0,0.104062,-0.925613,0.363884
0,0,0.448793,-0.867409,0.21491
0,0,0.84145,-0.209814,0.497936
0,0,0.145887,0.986667,0.0721478
0,0,0.258172,0.691632,-0.674531
0,0,0.0619877,0.931721,0.357846
0,0,-0.277916,0.943229,0.181886
0,0,0.397839,0.897676,0.189478
0,0,0.772782,0.585343,0.245318
0,0,-0.796998,0.601923,0.0498194
0,0,-0.274455,0.951536,0.13876
0.2952,0.134532,0.140152,-0.680127,0.719572
0,0,-0.776704,0.606245,0.170875
0.05323,0.00499934,0.564714,0.371561,0.736913
0,0,-0.972141,-0.00900927,0.234224
0.196094,0.0867276,-0.483629,0.413906,-0.771223
0,0,-0.795903,-0.100657,0.596998
0.536839,0.401036,0.587183,-0.000464497,0.809454
0.2952,0.156287,0.284679,-0.440367,0.85149
0,0,0.187474,0.974737,0.121413
0.2952,0.09832,-0.352172,0.238301,0.90509
0.569686,0.557619,-0.433504,-0.896971,-0.0867018
0,0,-0.071509,0.942818,0.325547
0,0,-0.0872042,-0.633763,0.768596
0.302322,0.246336,0.826537,0.452483,0.334807
0,0,0.657483,-0.742836,0.126141
1.7645,1.49375,0.602288,-0.252038,0.757447
0,0,0.590174,0.667204,0.45446
0,0,-0.295356,-0.4752,-0.828824
0.609318,0.531475,0.318426,-0.418615,0.85051
0,0,-0.462368,0.820648,0.335786
0,0,-0.843602,0.184727,0.504194
0,0,-0.693746,-0.488462,0.529265
0.3519,0.22697,-0.398263,-0.296135,0.868154
0,0,-0.83266,-0.547933,0.0802989
0,0,-0.234079,0.911513,0.338159
0,0,0.937086,-0.0305167,0.347763
0.167867,0.0864945,-0.209415,0.961658,-0.177088
0,0,0.722567,-0.366027,0.586447
0,0,0.937291,0.220416,0.270006
0,0,-0.616463,0.499769,0.608444
0,0,-0.69384,-0.676988,0.245505
0,0,0.805988,-0.146032,0.573636
0,0,-0.701877,-0.688418,0.18289
1.40798,1.67345,0.337605,-0.0907816,0.9369
0,0,0.279741,0.957847,0.0653735
0,0,0.742124,0.66878,0.0445568
0,0,0.320475,0.882474,0.344288
0,0,-0.958084,0.265406,0.107867
0,0,0.962356,-0.0962877,0.254166
0,0,0.738391,0.613539,0.279908
0,0,-0.958782,0.27241,0.0808069
0,0,-0.346291,0.927709,0.139419
0.174987,0.102451,0.0479514,-0.473793,0.87933
0,0,-0.0721898,0.929107,0.362697
0,0,0.607585,-0.348722,0.713606
0,0,0.20567,0.857832,0.470981
0,0,-0.00225177,0.882745,0.469847
0,0,0.875583,-0.236212,0.421376
0,0,0.669823,-0.738934,0.0729015
0.3519,0.355472,0.328233,0.561021,0.759946
0.3519,0.207446,0.644532,-0.390338,0.657431
0,0,0.750418,-0.620573,0.227513
0,0,0.872747,0.179943,0.453799
0,0,-0.840186,-0.542295,0.0019462
0,0,0.502816,0.780473,0.371536
0,0,-0.530064,0.65867,0.534029
0,0,-0.461456,0.885341,0.0568347
0.0465,0.007866,-0.425215,-0.664338,0.614693
0,0,0.505945,0.424924,-0.750639
0,0,0.651946,0.756676,0.0490625
0,0,0.0855548,0.729432,0.678682
0,0,0.202608,0.418957,0.885113
0,0,0.0294711,0.999032,0.0326516
0,0,-0.396888,0.19584,0.896731
0,0,-0.72281,0.54297,0.427469
0,0,0.953201,0.295605,0.063454
0,0,-0.577719,0.453559,0.67862
1.2381,1.37312,0.393757,-0.116214,0.911839
0.0113569,0.00101383,-0.0635698,-0.184396,0.980794
0,0,0.421878,0.820804,0.385097
0,0,0.971215,-0.204951,0.121396
0,0,0.968943,0.164447,0.184681
0,0,-0.72255,0.406338,0.559296
0.609318,0.422295,0.206547,0.350239,0.913603
0,0,0.639685,-0.747514,0.178957
0,0,0.286124,-0.837658,0.465255
0.06329,0.0144578,0.0978424,0.197291,0.97545
0,0,-0.701368,-0.670048,0.243143
0.247907,0.220289,0.882151,0.406332,0.238124
0,0,0.0973188,-0.975157,0.198994
0,0,0.415914,0.882748,0.218567
0,0,-0.422754,0.467368,0.776432
0,0,-0.459834,-0.849552,0.258483
0,0,0.480553,0.788855,0.383116
0,0,-0.282843,-0.897476,0.338431
0,0,0.732754,0.393232,0.555374
0.412105,0.353121,0.540638,0.24801,-0.803867
0,0,-0.73143,-0.68003,0.0506954
0,0,-0.0527149,0.865303,0.498469
0,0,-0.262924,-0.719562,0.64273
0.755155,0.75126,-0.196425,0.836631,0.511337
0,0,-0.875986,-0.270848,0.399112
0,0,0.708754,0.631292,0.314862
0,0,0.658319,0.728413,0.189815
0,0,0.470324,-0.350324,0.809981
0,0,-0.0337829,0.757328,0.65216
0.609318,0.291992,-0.0766065,0.382142,0.920923
0,0,-0.802414,-0.592633,0.0701262
0,0,0.634171,-0.772131,0.0405009
0,0,-0.715467,-0.22294,0.662121
0,0,-0.776019,-0.0830788,0.625214
0.212838,0.181049,-0.772272,-0.254308,0.582172
0.0145629,0.00174782,-0.353776,0.30703,0.883501
0.728306,0.872683,0.904777,0.333127,0.265339
0.195517,0.137826,-0.174713,-0.760747,-0.625092
0,0,0.40963,-0.901948,0.136722
0,0,-0.194061,0.978111,0.0750915
0,0,-0.0669709,-0.93683,0.343313
0,0,0.194509,0.828699,0.524808
0,0,0.963024,-0.24387,0.114507
0,0,-0.304534,-0.946223,0.109186
0,0,-0.376111,-0.924516,0.0617292
0,0,-0.907921,-0.405901,0.104519
0.0465,0.0122996,0.123179,0.230726,0.96519
0,0,0.577499,0.616322,0.53539
0,0,-0.655406,0.754962,0.0218142
0.3519,0.344125,-0.203161,-0.601249,0.772803
0,0,-0.719574,-0.601837,0.34642
0,0,-0.84294,0.20305,0.498219
0,0,-0.850397,-0.142332,0.506524
0,0,-0.44296,0.806742,0.391094
0,0,0.267551,0.885521,0.379827
0,0,-0.589646,-0.32497,0.739399
0,0,0.119069,-0.935989,0.331281
0,0,-0.296772,-0.952054,0.0742981
0,0,-0.0125125,-0.561509,0.827376
0,0,0.577756,0.683758,0.445728
0.609318,0.33316,-0.652384,-0.0894052,0.752597
0.0747923,0.0292743,0.255633,-0.676648,0.690506
0,0,0.777372,0.213194,0.591812
0,0,-0.988942,-0.145239,0.0299969
0.145822,0.0503873,0.281682,0.397095,0.873482
0,0,-0.596031,-0.757675,0.265849
0,0,-0.19888,0.917172,0.345313
0,0,0.692138,0.721717,0.00828459
0,0,-0.109803,0.993941,0.00497089
0,0,0.360888,0.701837,0.614153
0,0,0.302383,0.886552,0.350128
0,0,-0.1378,-0.823045,0.551006
0,0,-0.752671,0.618831,0.2248
0,0,0.997159,-0.075241,0.00358554
0,0,0.855492,-0.471062,0.21502
0,0,0.99876,0.0267722,0.0419773
0,0,-0.834107,-0.550852,0.0287723
0,0,-0.792427,-0.589261,0.15758
0,0,-0.766466,-0.269787,0.582877
0,0,0.458071,-0.7538,0.471122
0,0,0.989527,0.135686,0.0492602
0,0,0.798848,0.0195824,0.601214
0,0,0.0304114,0.810378,-0.585118
0,0,-0.380612,-0.839993,0.386712
0,0,0.95581,-0.0295986,0.292491
0,0,-0.834575,-0.0728553,0.546055
0.630499,0.818101,-0.0813343,0.77817,0.622765
0.420876,0.489073,-0.129353,0.494237,-0.85965
0,0,0.322548,0.944603,0.0607228
0,0,0.32132,-0.891639,0.318958
0,0,0.743726,-0.664874,0.0693787
0.169444,0.102718,-0.689561,0.470112,-0.550909
0,0,-0.0248533,0.884337,0.466187
0,0,-0.335103,0.785076,0.520925
0,0,0.727739,-0.629002,0.273408
0.297411,0.161711,-0.822427,-0.491319,-0.28674
0,0,0.0485636,0.323329,0.94504
0,0,-0.603556,0.573505,0.553907
0,0,-0.812605,0.400755,0.423165
0,0,-0.986036,0.0702447,0.15099
0,0,-0.20662,-0.94059,0.26944
0.183439,0.112801,0.226066,-0.742888,0.630089
0,0,-0.26064,-0.950877,0.167031
0.553261,0.433171,0.675093,-0.187092,0.713614
0,0,0.950512,0.0526422,0.306195
0,0,-0.971043,-0.192131,0.141989
0,0,0.523118,0.798384,0.298211
0,0,-0.207982,0.645883,0.73456
0.0791739,0.0348676,-0.921126,-0.218577,0.322105
0,0,-0.866874,0.268122,0.420285
0.2952,0.229182,0.485637,-0.477648,0.732126
0.774565,0.999263,-0.784125,0.424595,-0.452622
0.3519,0.233824,0.152177,-0.538511,0.828763
0,0,0.727989,-0.68218,0.0682769
0,0,0.893202,-0.4283,0.136927
0,0,-0.556123,-0.600802,0.574251
0.176825,0.0580864,-0.102237,0.450701,-0.886801
0,0,0.877797,0.478461,0.0234015
0,0,-0.10196,-0.770219,0.629577
0,0,-0.386867,-0.73265,0.559962
0,0,0.541235,0.807455,0.234696
0,0,0.233898,0.972172,0.0131941
0,0,0.623009,0.493421,0.606956
0,0,0.707828,0.510884,0.487829
0,0,0.701435,-0.708495,0.0776128
0.93405,1.42662,0.369284,0.153533,0.916546
0,0,-0.582585,-0.61773,0.528209
0.0928,0.0320863,0.392227,-0.318133,0.863104
0,0,-0.775127,-0.631749,0.00846982
0,0,0.694432,-0.717673,0.0520503
0.025004,0.00380136,-0.191196,-0.59436,0.781141
0,0,-0.416599,0.817756,0.397141
0,0,0.178706,0.844708,0.504512
0,0,-0.47606,0.422627,0.771203
0,0,0.514882,-0.472229,0.715469
0,0,-0.983189,-0.0220512,0.181254
0,0,-0.767954,0.38871,0.509069
0,0,0.381971,0.721992,0.576911
0,0,-0.82049,0.187577,0.540011
0.24191,0.170047,0.566811,0.0872374,0.819216
0,0,-0.414253,0.492431,0.765445
0,0,0.253099,-0.916898,0.308607
0,0,-0.732899,-0.186362,0.654315
0,0,0.682881,0.726312,0.0783899
0,0,-0.467651,0.84787,0.249839
0,0,-0.903522,0.376662,0.204388
0,0,-0.903273,0.428183,0.0275044
0,0,-0.537834,0.037854,0.8422
1.36925,1.79499,-0.929758,-0.0378478,0.36622
0,0,-0.327916,0.605736,0.724952
0,0,0.0576998,-0.968752,0.241228
0,0,0.977213,-0.201032,0.068124
0,0,-0.255595,-0.0265894,0.966418
0.188404,0.280046,-0.876592,0.462614,-0.132568
0,0,-0.557641,-0.643448,0.524415
0,0,-0.835676,-0.456731,0.305027
0.26831,0.185231,0.904708,0.39414,-0.161734
0,0,-0.351154,0.848526,0.395846
0,0,0.859991,0.309614,0.405654
0,0,0.998624,0.0341599,0.0397889
0.24191,0.056007,-0.0486658,0.367608,0.928707
0,0,-0.937024,0.125027,0.32612
0,0,0.594192,0.279077,0.754356
0.23403,0.135088,0.608635,-0.71518,0.343629
0.3519,0.174463,0.117691,-0.312041,0.942751
0.0858727,0.0303511,-0.62115,-0.54949,0.558779
0,0,0.821986,0.485286,0.298055
0,0,0.0538139,0.716378,-0.695634
0,0,-0.231209,0.886903,0.399931
0,0,0.979971,-0.124854,0.155142
0,0,0.909112,0.357261,0.214195
0,0,-0.907733,-0.175788,0.380944
0,0,0.816983,0.198497,0.541422
0,0,-0.223654,-0.848406,-0.479776
0,0,-0.956204,0.152012,0.250133
0,0,-0.612633,0.235187,0.754564
0,0,0.56305,0.0204296,0.82617
0,0,0.663451,-0.306638,0.6825
0.3519,0.155029,-0.161931,-0.417991,0.893903
0.34,0.274454,-0.709398,0.347666,-0.613093
0,0,-0.875881,0.281918,0.391605
0.2952,0.124902,0.0105893,-0.286816,0.957927
0,0,0.785008,0.399121,0.473777
0,0,-0.290845,-0.61939,0.729222
0,0,0.132752,0.978928,0.155165
0.419584,0.461007,-0.584418,0.764183,0.27291
0,0,-0.458537,0.728818,0.508496
0,0,-0.101248,-0.773069,0.626189
0.701694,0.803979,-0.998957,0.0196016,-0.0412305
0.05559,0.0170759,0.340819,-0.330884,0.879976
0,0,-0.91568,0.281421,0.286936
0,0,-0.875573,-0.0199274,0.482674
1.15219,1.53314,0.3918,-0.194978,-0.899153
0.3519,0.174841,0.0540575,-0.187077,0.980857
0.0596089,0.0219217,0.484465,-0.759175,0.434681
0,0,0.896174,0.443197,0.0211835
0,0,0.346298,-0.844166,0.40922
0,0,-0.955643,-0.29074,0.0470748
0.154963,0.108483,-0.14516,0.875165,0.461535
0,0,0.181699,-0.738128,0.649733
0,0,-0.420905,-0.825161,0.376761
0.43871,0.315418,-0.961234,0.267033,-0.0687274
0,0,0.998706,0.00835079,0.0501634
0,0,-0.236898,-0.971214,0.0249576
0,0,-0.096364,0.827779,0.552717
0,0,-0.682973,0.110248,0.722076
0,0,-0.447934,-0.785613,-0.42681
0,0,-0.183665,0.977559,0.10318
0,0,-0.441711,-0.813912,0.377411
0,0,-0.674118,-0.695687,0.248161
0.050628,0.0155093,0.898017,-0.416306,0.142323
0,0,0.833773,-0.106878,0.541664
0,0,0.422186,0.861164,0.283117
0,0,0.0589887,0.661257,0.747837
1.14523,1.63036,0.389232,0.854255,0.344597
0.536683,0.624783,0.0968818,0.875188,0.473983
0,0,0.27224,0.8807,0.387624
0,0,-0.154811,-0.0410443,0.987091
0.558875,0.632693,0.115956,0.515867,0.848785
0,0,-0.185261,0.749542,0.635504
0,0,0.547217,0.580594,0.60288
0,0,0.381963,0.862262,0.332579
0,0,-0.602643,-0.71058,0.363178
0,0,-0.752934,0.216449,0.621482
0,0,-0.95728,0.287644,0.0295907
0,0,0.920606,-0.312785,0.233774
0,0,-0.33735,0.88164,0.330008
0,0,-0.399116,-0.916274,0.0338965
0.0146533,0.00161166,-0.341077,0.406777,0.847466
0,0,-0.805092,-0.257945,0.534127
0,0,0.201273,0.918361,0.340738
0,0,-0.722806,-0.451291,0.523342
0.2952,0.162158,-0.580131,0.396612,0.71144
0,0,0.16431,0.458013,-0.873628
0.24686,0.202289,0.961372,0.208156,-0.180096
0,0,0.811801,0.490931,0.316175
0,0,-0.894209,-0.436256,0.100356
0,0,-0.815878,-0.400312,0.417245
0,0,0.879187,0.251438,0.404733
0,0,-0.859601,0.472203,0.195219
0.2952,0.175697,-0.266693,0.356558,0.8954
0.2952,0.180022,-0.272492,-0.221022,0.936428
0,0,0.43535,0.312695,0.844211
0.394115,0.438311,-0.378549,0.21525,-0.900205
0,0,-0.906828,-0.414565,0.0761468
0,0,-0.879308,0.221108,0.421816
0,0,-0.241639,-0.954206,0.176356
0,0,-0.0416159,0.618975,0.784307
0,0,-0.873324,-0.487123,0.00409548
0,0,0.539735,-0.790967,0.288198
0.237798,0.0932966,-0.726643,-0.549187,0.412775
0,0,-0.824287,0.518292,0.22787
0,0,0.708958,-0.704945,0.020778
0,0,0.186078,0.496275,0.84799
0,0,0.572337,0.154398,0.805351
0,0,0.0786221,-0.869653,0.487363
0,0,0.567484,-0.352384,0.744169
0,0,-0.791145,0.535437,0.295628
0,0,0.80485,0.275371,0.525726
0,0,-0.192837,-0.953506,0.231603
0,0,0.813259,-0.290544,0.504177
0.06329,0.019294,0.486681,-0.47856,0.730837
0,0,0.414967,0.896322,0.156233
0,0,0.957122,0.289596,0.00716878
0,0,0.660223,-0.344336,0.667486
0,0,0.149149,-0.90974,0.387462
0,0,-0.598961,0.0206917,0.800511
0,0,-0.702981,-0.266435,0.659416
0,0,-0.674663,0.261187,0.69037
0.06329,0.0142614,-0.838399,-0.185375,0.512566
0,0,-0.956849,-0.246567,0.153766
0,0,0.0478366,0.0546556,0.997359
0,0,0.440006,0.473627,0.762937
0,0,0.284192,0.954437,0.0910273
0,0,-0.711796,0.702386,0.000799404
0,0,-0.245,0.921088,0.302607
1.12695,1.14524,0.715477,0.597223,0.362514
0.986126,1.26649,0.0932216,0.530336,-0.842647
0,0,-0.481685,-0.774862,0.409352
0,0,-0.738614,0.215183,0.638862
0,0,-0.554032,-0.300827,0.776242
0,0,-0.856003,-0.108728,0.505407
0.316318,0.25813,-0.119728,0.890629,0.438686
0,0,0.152016,-0.870529,0.468049
0,0,0.868848,-0.429562,0.246131
0,0,-0.451227,-0.677059,0.581365
0,0,0.704092,-0.657211,0.268937
0,0,-0.712489,0.696254,0.0871174
0,0,0.559987,0.826161,0.0622299
0,0,0.141078,-0.939828,0.31116
0.266186,0.202245,-0.619653,-0.728233,0.292758
0,0,-0.898233,-0.140899,0.416324
0,0,0.203212,0.493367,0.845751
0,0,0.51101,-0.378803,-0.771607
0,0,-0.947008,-0.257444,0.19209
0,0,-0.783465,0.597473,0.170903
0,0,0.739853,-0.662313,0.118145
0,0,0.926507,-0.348856,0.141013
0,0,-0.915194,0.0134698,0.402789
0.184471,0.0663243,0.211596,-0.605072,0.767538
0.195659,0.144707,0.556836,0.828784,0.0552442
0,0,-0.293677,0.953121,0.0728975
0.609318,0.385176,-0.349237,-0.400637,0.847068
0,0,-0.644935,-0.759042,0.0889629
0,0,-0.519936,0.723797,0.453635
0,0,0.690968,0.611275,0.385883
0,0,-0.99712,-0.0425499,0.062781
0,0,0.751313,-0.177681,0.635576
0,0,0.811299,0.455633,0.366324
0,0,0.860512,-0.089435,0.501518
0,0,0.726947,0.587624,-0.355312
0,0,0.780705,0.0780106,0.620011
0,0,-0.0406868,-0.0857562,0.995485
0,0,-0.725587,0.609418,0.319583
0,0,-0.0409301,-0.803572,0.593799
0,0,0.431802,0.425042,0.795542
0,0,0.096706,0.776877,0.622182
0,0,0.428735,-0.885939,0.176914
0,0,0.0223282,-0.76121,0.648121
0,0,-0.214688,0.964681,0.152642
0,0,-0.441866,-0.860656,0.253033
0,0,-0.25066,0.316276,-0.914953
0.46309,0.508441,-0.295078,-0.95545,0.00664525
0.2952,0.122478,0.244723,-0.182416,0.952279
0.0300684,0.00566582,-0.272233,0.0837673,0.958578
0,0,0.0769041,0.578176,0.81228
1.26874,1.61659,-0.514565,0.104407,0.851071
0,0,0.0311642,-0.68748,0.725535
0,0,0.895132,-0.445,0.0267086
0,0,0.832334,-0.450264,0.323239
0.187235,0.0617659,-0.332228,-0.369843,-0.867664
0,0,0.546683,0.243072,0.801283
0,0,-0.583796,0.751469,0.307371
0,0,-0.0404054,-0.995634,0.0841462
0,0,-0.959697,-0.122313,0.253023
0.2952,0.104777,0.0875275,0.0584378,0.994447
0,0,0.819491,0.110615,0.562315
0,0,-0.759357,0.588966,0.276579
0,0,0.69693,-0.12508,0.706147
0.2952,0.265792,-0.596062,0.401936,0.695095
0,0,0.950798,-0.273074,0.146334
0,0,0.874811,-0.218991,0.432144
0,0,0.0305085,0.933984,0.356011
0,0,0.690928,-0.630997,0.352791
0,0,0.106251,0.991876,0.0699533
0,0,-0.97657,0.213701,0.0253699
0,0,-0.510954,0.85275,0.108363
0,0,-0.205354,0.60247,0.771271
0,0,0.857606,-0.496337,0.134764
0,0,0.616543,-0.713291,0.333302
0.472218,0.500923,-0.609518,-0.300707,0.733528
0,0,-0.215868,0.8139,0.539414
0,0,-0.709212,-0.541065,0.451958
0,0,-0.743188,0.647716,0.167734
0,0,0.755897,0.159191,0.635042
0.609318,0.607684,0.653865,0.338911,0.676461
0,0,0.858833,0.338333,0.384625
0,0,0.91106,0.346872,0.22282
0,0,-0.889935,0.198822,0.410471
0,0,-0.115388,-0.979232,0.166704
0,0,-0.328769,0.920761,0.210023
0.3519,0.124618,-0.433962,-0.398411,0.80805
0.264442,0.0954193,-0.368377,0.337961,0.866072
0,0,0.162562,0.389899,0.906395
0,0,-0.364729,0.92058,0.139664
0,0,0.857397,-0.17919,0.482453
1.47728,1.55062,-0.234831,-0.852731,0.466588
0,0,-0.764284,0.628912,0.142617
0.24798,0.133384,0.841393,-0.5249,0.128599
0.609318,0.398835,0.0727957,0.258974,0.963137
0.3891,0.140737,0.295655,-0.348683,0.889387
0.294195,0.167481,0.581147,-0.558216,0.592168
0,0,-0.298132,0.916507,0.266705
0,0,-0.621175,-0.744221,0.245513
0.025526,0.00438264,-0.569247,0.419527,0.707075
0.2952,0.181373,0.542471,0.498017,0.676539
0,0,-0.909991,0.175294,0.375751
0.3519,0.310911,0.0398612,0.826874,0.560973
0,0,-0.326813,0.944153,0.0420554
0,0,0.946413,-0.285662,0.150664
0,0,0.081682,-0.968598,0.23483
0,0,-0.67705,0.61453,0.404916
0.18599,0.0708936,-0.0842642,0.407474,0.909321
0,0,-0.877853,-0.291297,0.380158
0,0,-0.987888,-0.00511398,0.155085
0,0,0.935026,0.160393,0.316229
0,0,-0.905668,0.276266,0.321624
0.00486158,0.000222024,-0.538342,0.374946,0.75472
0.3519,0.203626,-0.0667219,0.693999,0.716877
0,0,-0.556927,0.829298,0.0457926
0.09238,0.0236144,-0.568288,-0.276,0.77516
0,0,-0.185023,0.966347,0.17872
0,0,-0.950119,-0.258909,0.1739
0,0,-0.0909998,-0.988594,0.120005
0.0928,0.0279247,0.0446535,0.805287,0.591202
0,0,0.851269,0.506623,0.136654
0,0,0.976399,-0.0420361,0.211846
0.0303108,0.00571893,0.00148224,-0.396427,0.918065
0,0,0.623352,0.181711,0.760535
0,0,0.0924848,-0.994582,0.0474741
0,0,0.976668,0.201378,0.0746062
0,0,0.34816,-0.850172,0.394958
0,0,0.77398,-0.492776,0.397652
0,0,0.0774365,0.995562,0.0534699
0.0699956,0.0263526,0.116897,-0.250783,0.960959
0,0,-0.349457,0.899367,0.262715
0,0,-0.199689,-0.72107,0.663462
0,0,0.892037,-0.0588126,0.44812
0.18599,0.107685,-0.519863,-0.195897,0.831484
0.84319,1.0126,0.626157,-0.584656,-0.515853
0.553701,0.410169,0.00519097,0.961204,-0.275788
0,0,0.409666,0.899125,0.154104
0,0,-0.887993,-0.248431,0.386976
0,0,-0.873422,0.0837519,0.479708
0,0,-0.573247,-0.423965,0.701171
0.559282,0.753689,-0.265156,0.590077,0.762562
0,0,-0.046419,-0.948105,0.31455
0.00814891,0.000619121,0.784791,0.300866,0.541833
0,0,0.145894,0.963273,0.225433
0,0,0.0882002,0.666559,0.740216
0,0,-0.562054,-0.77548,0.287623
0.3519,0.118547,0.209203,-0.265091,0.941255
0,0,0.719369,0.219552,0.659018
0,0,0.825554,0.290243,0.483963
0,0,-0.861701,-0.344161,0.37286
0,0,-0.618494,-0.519941,0.589174
0.172837,0.133816,0.460223,-0.237897,0.855336
0.3519,0.248256,0.0927708,0.546681,0.832186
0,0,-0.046242,0.998308,0.0352579
0,0,0.783706,0.620894,0.0172187
1.7296,1.83033,0.429719,0.28931,0.85536
0,0,-0.0488412,-0.845309,0.532041
0,0,-0.713327,-0.461941,0.527044
0,0,0.778555,0.591425,0.209925
2.2041,2.43711,-0.0821266,0.165752,0.982742
0,0,-0.895093,-0.435619,0.0951036
0.42997,0.337658,0.500177,0.10463,0.859579
0.18873,0.0729038,0.569813,0.0235916,0.821435
1.5921,2.66223,-0.781293,0.566765,-0.261456
0,0,0.971374,0.00764883,0.237433
0,0,0.320309,-0.915722,0.2426
0,0,-0.368844,0.878437,0.303812
0.721408,0.782234,-0.00715698,-0.191891,-0.98139
0,0,0.73288,0.484485,0.477661
0,0,0.974553,0.068916,0.213299
0,0,-0.422375,0.870847,0.251446
1.12028,0.962921,0.0383279,0.200342,0.978976
0,0,0.36172,0.696693,0.619498
0,0,-0.986083,-0.163307,0.0311468
0,0,-0.705423,-0.517648,0.484168
0,0,-0.337955,-0.870587,0.357582
0,0,-0.840275,0.0914154,0.534398
0,0,0.874449,-0.32831,0.357144
0.05323,0.0111849,-0.179075,-0.459878,0.869738
0.580157,0.639625,0.982823,-0.16742,0.0776549
0.385783,0.234295,0.400219,-0.250999,-0.881376
0,0,0.416211,0.90449,0.0930952
1.12028,1.34686,0.200232,0.433786,0.878485
0,0,-0.48962,0.846137,0.210533
0,0,0.146154,-0.941837,0.302625
0,0,-0.600915,0.79863,0.0330333
0,0,0.851485,-0.494518,0.17443
0,0,-0.735781,0.544489,0.402688
0.3519,0.225287,-0.589695,0.184562,0.786255
0,0,0.170288,-0.88192,0.439567
0,0,-0.171405,0.975574,0.137388
0,0,0.947714,-0.241693,0.208382
0,0,0.952994,0.113958,0.28074
0,0,0.0672726,-0.991242,0.113634
0,0,-0.916526,0.343093,0.205589
0,0,0.774341,0.587699,0.234532
0,0,-0.288034,-0.554412,0.780809
0,0,0.556595,-0.824355,0.103154
0,0,-0.592682,-0.789865,0.157611
0,0,-0.570017,-0.812467,0.122386
0,0,-0.853114,-0.34984,0.387052
0.15939,0.0981493,-0.977346,-0.13047,0.166653
0,0,-0.17941,-0.919193,0.350565
0.0859606,0.0371498,-0.786546,0.116133,0.606514
0.3519,0.265754,0.778757,-0.195004,0.596247
0.03504,0.00782294,0.107515,0.657339,0.745886
0.188909,0.138162,0.923053,-0.235777,0.303943
0,0,0.214468,-0.957761,0.191564
0,0,0.713405,0.700668,0.0108515
0,0,0.0223015,-0.964164,0.264367
0,0,0.331344,-0.943473,0.00833199
0,0,-0.34883,0.185443,0.918656
0,0,0.922195,-0.34047,0.183405
0,0,-0.725802,0.61071,0.316615
0,0,0.718513,-0.694534,0.0369038
0,0,-0.900997,0.27569,0.334962
0,0,0.98968,-0.142901,0.0105882
0,0,-0.402718,0.912044,0.0774148
0,0,0.981216,0.126018,0.14606
0,0,-0.624117,0.0387489,0.78037
0,0,0.287436,-0.741219,0.606609
0,0,0.922608,0.312851,0.225652
0,0,0.455911,-0.871546,0.180424
0.0116623,0.00101827,-0.587899,0.229176,0.775792
0,0,-0.774498,0.496534,0.391927
0,0,0.784472,-0.518302,0.340538
0,0,-0.917578,0.157061,0.365216
1.70385,2.21256,0.181007,-0.583727,-0.791517
0,0,0.0640555,-0.425382,0.902744
0,0,0.403841,-0.733293,0.546986
0,0,-0.219624,0.852431,0.474476
0,0,-0.565829,0.61052,0.554169
0.425554,0.461405,0.188249,0.0576237,-0.980429
0.42102,0.388013,0.606184,0.371466,-0.703246
0,0,-0.61893,0.719685,0.314611
0,0,-0.714834,-0.214838,0.665475
0,0,-0.750465,-0.558221,0.353824
0,0,0.245615,0.864484,0.438567
0,0,0.233809,0.964506,0.122729
0,0,-0.802305,-0.2269,0.552108
0,0,-0.482692,0.844411,0.232332
0,0,0.409438,0.911055,-0.0483574
0,0,-0.447147,0.750535,0.486576
0,0,0.330937,0.84647,0.417095
0,0,-0.805198,-0.592353,0.0278433
0,0,0.195278,-0.813713,0.547484
0,0,0.878845,-0.413557,0.237913
0,0,-0.161068,-0.0627944,0.984944
0,0,0.217442,-0.931516,0.291544
0.609318,0.502042,0.452818,0.357431,0.816823
1.78149,2.63231,-0.811492,-0.211616,-0.544702
0,0,0.00378221,-0.883298,0.468796
0.0465,0.00810514,-0.454828,0.0622038,0.888404
0,0,-0.693461,-0.515308,0.503557
0,0,0.277278,0.596683,0.753051
0,0,-0.197719,0.503398,0.841129
0,0,0.767252,-0.0222449,0.64096
0,0,0.772126,0.398476,0.495013
0,0,0.242266,-0.942186,0.2315
0,0,0.170122,0.289948,0.941801
0.980464,0.959116,0.575231,-0.795628,-0.18996
0.3519,0.212519,0.502306,-0.100231,0.858861
0.657611,0.314628,-0.650677,0.692399,-0.311774
0,0,-0.865943,0.0037557,0.500129
0.635733,0.554578,0.507158,-0.53774,0.673518
0,0,-0.843406,0.467172,0.26536
0.934155,1.25119,0.0743144,0.988241,0.133634
0,0,-0.964036,-0.248671,0.093792
0,0,0.0678277,0.116731,0.990845
0,0,0.257504,-0.0450115,0.965228
0,0,-0.803956,0.250333,0.539434
0,0,0.674841,0.711792,0.194788
0.0727039,0.026125,-0.796511,-0.458129,0.394573
0.405836,0.400971,0.383112,0.0943203,-0.918874
0,0,0.56799,-0.247604,0.784908
0,0,0.853409,-0.287299,0.434918
0,0,-0.777447,0.390248,0.493236
1.5092,1.41824,-0.357438,0.372311,0.856517
0,0,-0.31974,0.476729,0.818838
0,0,-0.593469,-0.795842,0.120125
0.25735,0.225057,0.680421,0.444084,0.582938
0.609318,0.458779,0.138791,0.519499,0.843124
0,0,0.318629,0.933526,0.16433
0,0,0.401644,-0.907063,0.126166
0,0,-0.755109,0.627338,0.190416
0.520333,0.487607,0.968064,0.0137296,0.250327
0,0,-0.251982,0.826416,0.50353
0,0,0.250235,-0.959595,0.128688
0,0,0.195975,-0.963246,0.183717
0,0,-0.317465,0.941435,0.11365
1.12028,1.34141,-0.487237,0.353626,0.798467
0,0,-0.566089,0.655798,0.499472
0,0,0.25694,0.0610311,0.964498
0,0,-0.171293,0.97981,0.103107
0,0,-0.791438,0.547539,0.27171
0,0,-0.88212,0.0132894,0.470838
0,0,0.896677,-0.0767734,0.435977
0,0,-0.822995,-0.56749,0.0251677
0,0,-0.610341,0.771603,0.179201
0.551985,0.360699,-0.660254,-0.0894889,0.745692
0,0,-0.311951,0.910768,0.270533
0,0,-0.669286,0.381331,0.637686
0,0,-0.10681,-0.901504,-0.419384
0,0,0.55084,0.802997,0.227535
0,0,0.279167,-0.958775,0.0530743
0,0,-0.425332,0.872719,0.239697
0.124848,0.0722905,-0.470235,0.142979,0.870883
0,0,0.264212,-0.768872,0.582261
0.24191,0.0739837,0.0429656,0.386239,0.921398
0,0,0.172332,0.97746,0.121959
0,0,0.174746,-0.897753,0.404356
0.856216,1.05415,-0.304158,0.224091,0.92589
0,0,-0.572921,-0.809204,0.130191
0,0,-0.467189,0.868157,0.167443
0.433005,0.362757,-0.313544,0.6578,-0.684828
0,0,-0.779942,0.480201,0.40137
0,0,-0.576252,0.758911,0.303295
0,0,-0.118668,-0.872406,0.474158
0,0,-0.978239,0.156635,0.136063
0.66545,0.644131,0.197008,0.613128,0.765024
0.76836,0.487122,0.128267,-0.672774,0.728644
0,0,-0.561687,0.448958,0.694942
0,0,0.805903,-0.341145,0.483881
0,0,-0.506163,0.820293,0.266304
0.847613,1.05531,0.138218,-0.769281,0.62378
0,0,0.538876,0.770793,0.339838
0,0,-0.641982,0.758688,0.110686
0,0,-0.722223,0.568299,0.394247
0,0,-0.6132,-0.640203,0.462738
0.019345,0.00282195,-0.636762,-0.463715,0.616038
0,0,0.887149,0.258127,0.38254
0,0,0.875688,0.211585,0.434053
0,0,-0.860158,0.0355046,0.508791
0,0,-0.234113,-0.904176,0.357292
0,0,0.389458,-0.862386,0.32344
1.21142,1.33134,-0.568437,-0.795022,0.211703
0,0,-0.912915,-0.218443,0.344774
0.05323,0.0104739,0.726805,0.42668,0.538236
0,0,-0.0616802,-0.984305,0.165347
0,0,0.349423,-0.678086,0.646609
0.05323,0.0104603,-0.249246,-0.791904,0.557462
0,0,0.917418,-0.393692,0.057888
0,0,-0.0467091,0.998479,0.0292952
0,0,0.346879,-0.927108,0.141938
0,0,0.26119,0.962171,0.0775021
0,0,0.19499,-0.979115,0.0575575
0,0,-0.126416,-0.791422,0.598055
0,0,-0.138761,0.942577,0.303799
0,0,-0.730943,0.50082,0.463575
1.37765,1.56596,-0.497432,0.310526,0.810021
0,0,-0.128318,0.711263,0.691115
0,0,0.740856,-0.409255,0.532581
0.791245,0.806616,0.580526,0.804074,-0.128272
0,0,0.121993,-0.985559,0.117433
0,0,0.0338479,-0.234194,-0.971601
0,0,0.940186,-0.0584608,0.335607
0,0,-0.583436,-0.584899,0.563468
0,0,0.583696,0.810545,0.048123
0.334731,0.243878,-0.895628,0.0277504,-0.443938
0.45477,0.281271,-0.267759,0.482636,0.833887
0,0,-0.496376,0.617737,0.609928
0,0,-0.742485,-0.629227,0.229759
0,0,0.475868,-0.304718,0.825043
0,0,-0.297419,-0.954686,0.0108365
0.15119,0.0816481,-0.358956,-0.92719,-0.107092
1.24509,1.42577,-0.678753,-0.686466,-0.260882
0,0,-0.454627,0.798975,0.393641
0.825402,0.933667,-0.788167,0.579947,0.206043
0,0,-0.889075,-0.21678,0.403177
0,0,0.950244,0.0631244,0.305045
0.2952,0.260948,-0.337129,-0.664676,0.666745
0,0,0.0402332,0.993111,0.110057
0,0,0.283369,-0.420587,0.861863
0,0,-0.619473,-0.234863,0.749062
0.543628,0.644297,-0.25928,-0.936871,-0.234619
0.317052,0.295074,-0.121562,-0.266603,0.95611
0,0,0.0778001,-0.983402,0.163914
0.66545,0.437291,-0.36853,-0.396541,0.840798
0,0,0.815527,0.545544,0.193126
0,0,0.0869043,0.940657,0.328044
0.41274,0.457794,-0.517303,-0.336065,0.787056
0,0,-0.106841,-0.297792,0.948633
0,0,-0.565851,-0.13626,0.81317
0,0,0.401263,-0.715996,0.571259
0,0,0.387432,0.677799,0.624888
0.199602,0.122596,-0.35447,0.160997,-0.921103
0,0,-0.571097,-0.178731,0.801189
0,0,0.0721779,0.876089,0.476716
0,0,0.618863,0.747006,0.242879
0,0,0.741738,0.20419,0.638851
0,0,0.93187,0.109094,0.346001
0.24191,0.12555,-0.558776,0.0349055,0.828584
0,0,0.425874,0.50988,0.747431
0.825402,0.892609,-0.292688,-0.952518,0.0839191
0,0,0.498116,-0.866782,0.023855
0,0,0.811345,-0.34804,0.469668
1.5092,1.31807,0.346869,0.0549754,0.936301
0,0,0.243595,0.753796,0.61029
0,0,-0.0854519,0.769817,0.632518
0.3519,0.162364,-0.636213,0.272722,0.721703
0,0,-0.909685,-0.221998,0.350984
0,0,-0.596334,0.753021,0.27811
0.0648055,0.019661,0.56748,0.234239,0.789366
0,0,-0.967207,-0.241926,0.0773467
0,0,-0.142776,0.974731,0.1718
0,0,0.143279,-0.7435,0.653207
0,0,-0.219797,-0.970912,0.0949733
0,0,-0.327568,0.832483,0.446846
0.2952,0.113234,0.066253,-0.657778,0.750293
0,0,0.155824,-0.937288,0.311785
1.12028,0.853626,-0.0614644,-0.221482,0.973225
0.3519,0.130559,-0.387734,0.0967271,0.916682
0,0,-0.830424,-0.500204,0.24534
0,0,0.118434,0.740585,0.661443
0,0,0.74557,0.619754,0.245011
0,0,-0.771195,0.362365,0.523402
0,0,0.956248,-0.00278878,0.292544
0,0,-0.0460534,0.935607,0.350027
0.0796566,0.0286179,-0.228369,0.768601,0.597579
0.265805,0.243516,0.48111,0.474697,0.737018
0,0,-0.826992,-0.336971,0.450038
0,0,-0.103331,0.918039,0.382789
0.114272,0.0568415,-0.180903,0.765009,0.61809
0,0,0.89965,0.1742,0.400356
0,0,-0.831033,0.544032,0.115818
0.677723,0.877568,-0.764542,-0.546933,-0.341086
0.833223,0.891547,0.297507,0.339849,-0.892184
0,0,0.798578,0.367533,0.476647
1.4268,1.72692,0.284325,0.832435,-0.475616
0,0,-0.108238,0.511072,0.852696
0,0,-0.990557,0.0331662,0.133033
0,0,-0.648637,0.0300718,-0.760503
0.0377819,0.00855543,0.958386,0.040494,0.282589
0.09238,0.024002,-0.587308,0.4354,0.682273
0,0,-0.93476,0.144841,0.324415
0.137264,0.0885922,0.918756,0.299375,0.257416
0,0,0.545788,0.61566,0.5684
0,0,-0.644728,-0.754256,0.124192
0.864685,0.538139,-0.444904,-0.88301,0.149515
0,0,-0.707573,-0.5138,0.485128
0,0,0.623148,0.780951,0.0424519
0.495762,0.252904,-0.266732,0.351002,0.897581
0,0,-0.871667,-0.412316,0.264937
0,0,-0.0668223,-0.63768,0.767397
0,0,0.637101,-0.770049,0.0335562
0.0465,0.00790607,0.118689,0.671704,0.73125
0,0,0.264841,0.704998,0.657904
0.243776,0.10219,-0.598008,-0.749807,-0.283154
0,0,0.269656,0.962947,0.0043387
0.235051,0.155002,0.381012,0.418188,0.82459
0,0,0.434489,0.765363,0.474804
0,0,0.667079,0.702939,0.246741
0,0,0.144883,-0.961053,-0.235344
0,0,-0.109825,0.677498,0.727279
0.24191,0.234231,0.0953366,0.580764,0.80847
0,0,-0.830505,-0.556243,0.0292362
0,0,0.173436,0.80739,0.563951
0,0,0.339322,-0.906519,0.251164
0,0,0.0450779,-0.741097,0.669883
0,0,-0.667062,-0.717334,0.201146
0.609318,0.411287,0.632479,-0.00705705,0.774546
0,0,0.562911,-0.820576,0.0989225
0,0,-0.4594,0.584418,0.668885
0,0,-0.240206,0.939453,0.244394
0,0,-0.0649855,0.457423,0.886872
0.2952,0.196908,0.237121,0.230056,0.943847
0,0,0.42592,-0.893939,0.139518
0,0,-0.915869,0.35036,0.19604
0,0,0.741415,-0.590395,0.318963
0,0,0.88147,0.0230598,0.471677
0,0,0.649291,0.557579,0.51723
0.06329,0.0143008,0.261599,0.167109,0.9506
0,0,-0.763229,-0.0420812,0.644756
0.0120554,2.65622e-05,-0.546784,0.30774,0.778667
0,0,-0.483756,-0.621784,0.615926
0,0,-0.124533,-0.963727,0.236053
0,0,0.621255,-0.575913,0.531381
0,0,0.122072,0.257021,0.958665
0,0,0.473605,-0.832568,0.287278
0,0,-0.922149,-0.27606,0.270983
1.51472,1.74745,0.883155,-0.409209,0.229315
0,0,-0.694646,0.425964,0.579674
0,0,0.727054,0.471687,0.498903
0,0,0.415076,0.75214,0.511857
0,0,-0.922467,-0.0189508,0.38561
0,0,0.683023,-0.687133,0.247646
0,0,0.544947,-0.808986,0.220395
0.206522,0.143635,-0.101657,-0.806311,0.582691
0.609318,0.64541,-0.52053,-0.00123586,0.853843
0,0,-0.742518,-0.156246,0.651348
0.0945528,0.0365134,0.082326,-0.992525,0.0900966
0,0,-0.812931,-0.50198,0.295227
0.0465,0.00765052,0.294875,0.61427,0.731929
0,0,-0.901245,0.18907,-0.389885
0.533369,0.583439,0.559524,0.721874,0.407223
1.06442,1.14396,0.189096,-0.144273,0.971302
0,0,0.915241,-0.219839,0.337646
0,0,-0.290155,-0.859987,0.4198
0,0,0.111792,0.980485,0.161717
0.45361,0.538099,0.824717,0.498062,0.26791
0,0,0.785113,-0.612113,0.0944191
0,0,0.583524,0.652932,0.482886
0.781356,1.14046,0.627315,-0.744107,0.229742
0,0,-0.218629,-0.893876,0.391392
0,0,-0.978468,-0.167894,0.120047
0,0,-0.445516,0.891151,0.0858232
0.166503,0.0757908,-0.3827,-0.654078,0.652474
0,0,0.984979,0.126479,0.117554
0,0,-0.113298,0.963171,0.243855
0,0,-0.182998,-0.0316246,0.982605
0.114017,0.0511296,-0.789409,0.0731365,0.609495
0.0110786,0.00089053,0.897878,0.0767797,0.433497
1.35051,2.04955,0.702536,-0.703169,0.109529
0,0,-0.908134,-0.409209,0.0885525
0.3519,0.339796,0.0546684,0.567852,0.821314
0,0,0.614999,-0.632004,0.471536
0,0,-0.934346,0.0850463,0.34607
0,0,-0.981584,0.136689,0.133453
0,0,-0.309952,-0.925922,0.215869
0,0,0.541125,0.0386944,0.840051
0,0,0.901188,-0.393584,0.181527
0,0,0.858786,-0.371289,0.353031
0.00586646,0.000235146,-0.0966953,0.0853545,0.991647
0,0,0.973796,-0.151451,0.169659
0.0299495,0.00572559,0.788382,0.510696,0.342993
0,0,0.702637,-0.662851,0.25871
0,0,0.888669,-0.176833,0.423082
0,0,-0.750092,0.275622,-0.601161
0,0,-0.353212,-0.79332,0.495867
0,0,-0.815418,0.491311,0.306115
0,0,0.984666,-0.0765627,0.15675
0,0,-0.877689,0.131185,0.460926
0.160068,0.101845,0.492359,0.0907972,0.865644
0,0,-0.776775,0.628697,0.0368884
0,0,0.726151,-0.673156,0.139877
0,0,-0.714926,-0.202398,-0.669265
0,0,-0.572979,-0.765684,0.292272
0,0,0.159297,0.795507,0.584631
0,0,0.758562,-0.650734,0.0335809
0,0,-0.704338,0.582661,0.40548
0,0,0.696893,-0.540086,0.471855
0,0,-0.100266,-0.994336,0.0352437
0,0,-0.949049,-0.00266634,0.315116
0,0,-0.696792,0.614606,0.369785
0,0,0.066538,-0.78923,0.610483
0,0,0.640898,0.752347,0.152392
0.0571927,0.00764799,-0.00896778,-0.991588,-0.129124
0,0,0.979251,0.0033541,0.202622
0,0,0.71691,-0.673563,0.179867
0.0439257,0.010719,0.652463,0.642725,0.401493
0,0,0.197479,-0.945183,0.260061
0,0,-0.690234,0.030717,0.722934
0,0,-0.0122297,0.977641,0.209926
0,0,-0.851825,-0.014082,0.523638
0,0,0.971118,-0.0903247,0.220841
0,0,-0.613829,-0.78469,0.0864597
0,0,0.148279,0.00977504,0.988897
0.000468498,1.0365e-05,0.309498,-0.563399,0.766024
0,0,-0.489131,-0.859504,0.148334
0.3519,0.173171,0.538061,0.143961,0.830521
0,0,-0.498986,0.861308,0.0957124
0,0,-0.0878002,-0.996138,0.000332872
0,0,-0.498784,-0.847421,0.18191
0,0,-0.573303,0.668586,0.47362
0,0,0.0755918,0.988457,0.131296
0,0,-0.201131,0.829344,0.521282
1.8474,2.65391,0.108651,0.378653,0.919139
0,0,-0.983805,-0.00970749,0.178977
0.3519,0.196598,0.404701,-0.319051,0.856985
0,0,-0.947007,0.171818,0.271397
0,0,0.34769,-0.937463,0.0165787
0,0,0.535704,-0.702945,0.467857
0,0,0.477945,0.757551,0.444617
0,0,0.63828,-0.421814,0.643951
0.266765,0.182723,0.426646,-0.0692608,0.901763
0.0443192,0.0109701,-0.65021,-0.757353,0.0603689
0,0,0.203965,0.976371,0.0713983
0,0,0.913326,-0.252085,0.319825
0.194589,0.179762,-0.230233,-0.0179062,-0.972971
0,0,-0.675602,0.679892,0.285148
0,0,0.874613,0.130413,0.466952
0,0,-0.863369,0.23043,0.448883
0,0,0.994866,0.0291381,0.0969183
0,0,0.359645,-0.835897,0.414647
0.432815,0.431885,0.356687,0.0527282,0.932735
0,0,0.161414,-0.823127,0.544433
0,0,0.384415,0.262723,0.884987
0,0,-0.759506,-0.612414,0.219316
0.0465,0.0115662,-0.351603,0.125652,0.927678
0,0,-0.08751,0.913822,0.396574
0.118493,0.054644,0.0900224,-0.637382,-0.765271
0.362678,0.293062,0.994505,-0.101766,0.0245473
0,0,-0.764962,0.387036,0.514817
0,0,-0.914954,-0.397218,0.0712539
0.2952,0.100061,0.272602,0.176013,0.94589
0,0,0.208126,0.897462,0.388904
0,0,-0.822668,0.560224,0.0967783
0,0,0.481363,0.565194,0.669959
0,0,-0.701463,0.228346,0.675136
0.446159,0.332576,0.506309,-0.400433,-0.763744
0.0136941,0.00121518,0.974658,-0.0929774,0.203462
0,0,-0.899758,0.254837,0.35425
0,0,0.290017,-0.671087,0.682299
0.2952,0.121306,-0.341932,-0.106999,0.933613
0,0,-0.737655,-0.212764,0.640778
0.0928,0.0288616,0.206319,0.254255,0.944874
0,0,-0.971678,0.230661,0.0513574
0,0,-0.632525,-0.363936,-0.683713
0,0,-0.532321,0.636691,0.557906
0,0,0.887467,0.460842,0.00523988
0.609318,0.780447,-0.634747,-0.0614466,0.770273
0,0,-0.677972,0.626144,0.385094
0.00882886,0.000558119,0.421167,0.595838,0.68381
0.3519,0.173593,-0.273419,-0.591369,0.758633
0,0,-0.796046,-0.601595,0.0662869
0,0,-0.869608,0.0340053,0.492569
0,0,-0.209087,0.578963,0.78809
0,0,-0.0672213,-0.699856,0.711113
0,0,0.0810073,0.955582,0.283374
0,0,0.178811,0.832986,0.523604
0,0,-0.826025,-0.505698,0.248902
0.2952,0.213011,-0.403374,0.00864856,0.914994
0,0,0.155914,-0.759826,0.631154
0,0,0.334838,0.684882,0.647163
0,0,0.972402,0.0900541,0.21523
0,0,0.638493,0.703046,0.313135
0.2952,0.142668,0.188128,-0.332125,0.924284
0,0,0.821039,-0.470736,0.322958
0,0,-0.699891,0.600686,0.38643
0,0,-0.532496,0.846031,0.0260768
0,0,0.926025,0.217176,0.308728
0,0,0.0181358,-0.458866,0.888321
0,0,-0.712854,-0.305053,0.631492
0.05323,0.0105973,0.642951,-0.0563789,0.763829
0,0,0.87848,-0.477708,0.00825584
0,0,-0.28765,0.934209,0.210976
0,0,-0.921834,0.339268,0.187403
0,0,0.386815,0.812102,-0.436881
0,0,-0.320697,-0.925183,0.202952
0,0,0.945564,0.274315,0.1751
0,0,0.802592,-0.596391,0.0127825
0,0,-0.631592,-0.587329,0.506099
0.164247,0.0747869,0.270628,-0.261662,0.926441
0,0,0.18752,0.971386,0.145756
0.864692,0.985153,0.668759,0.716655,-0.197907
0,0,0.526996,-0.845875,0.082284
0,0,-0.765329,-0.639454,0.0732762
0,0,0.427593,-0.697944,0.57449
0,0,0.16149,0.872642,0.460887
0,0,0.61702,0.313001,0.722023
0,0,0.0535496,-0.105833,0.992941
0,0,-0.799774,-0.458016,0.388052
0,0,-0.882336,0.259721,0.392464
0,0,-0.928644,-0.211349,0.304881
0,0,-0.774469,0.620318,0.124112
0,0,0.600953,0.771285,0.209702
0,0,-0.154064,0.886004,0.437333
0,0,-0.998185,-0.0258772,0.0543821
0,0,0.553596,0.393129,0.734153
0,0,-0.627797,-0.142989,0.765131
0,0,-0.214521,-0.260549,0.941326
0,0,0.0336133,0.863875,0.502584
0.191577,0.0775895,0.409925,-0.774468,0.481832
0,0,0.278221,0.915367,0.291028
0,0,0.155706,-0.846942,0.508374
0,0,0.127634,-0.928739,0.348072
0,0,0.601731,-0.715757,0.354418
0,0,0.843269,-0.21964,0.490567
1.27582,1.69003,-0.282746,0.00783363,-0.959163
0,0,-0.654516,-0.278775,0.702776
0,0,0.976897,-0.11332,0.181194
0,0,0.727335,-0.123465,0.675086
0,0,-0.786275,-0.186221,0.589146
0,0,0.954311,-0.0271888,0.297575
1.12028,1.34528,-0.0950893,0.263529,0.959953
0.609318,0.75416,-0.111719,-0.476965,0.871793
0,0,0.624487,0.775003,0.0968854
0,0,-0.0849431,-0.984972,0.150383
0,0,0.814136,-0.0322076,0.579781
0.30732,0.22797,0.212051,0.598887,-0.772249
0.3519,0.17048,-0.385726,-0.174424,0.905976
0,0,0.244115,-0.854813,0.457933
0,0,0.710191,-0.688916,0.144994
0,0,0.95888,-0.266607,0.0973148
0,0,-0.660055,-0.0432637,0.749971
0,0,-0.535319,-0.604452,0.589976
0,0,0.426235,0.810161,0.402447
0,0,0.15418,-0.978724,0.135378
0,0,0.221368,-0.860252,0.459308
0,0,0.726141,-0.33753,0.598992
0,0,0.578696,-0.784766,0.221929
0,0,-0.101877,0.951779,0.289376
0,0,0.66768,-0.502727,0.549062
0,0,-0.520045,0.678685,0.518594
0.0196912,0.00239243,0.588609,0.184122,0.787171
0,0,-0.140355,0.980316,0.138858
0,0,0.902057,-0.302914,0.307468
0.555653,0.688856,0.859184,-0.0667886,0.50729
0.0792768,0.0368309,0.346026,0.868705,0.354426
0,0,0.415685,-0.848227,0.328203
0,0,-0.940029,-0.340347,0.0225558
0,0,0.535305,-0.843408,0.045946
0,0,0.905688,-0.365843,0.214213
0,0,0.0338473,0.977477,0.208308
0,0,0.601619,0.798372,0.0256254
0,0,-0.428905,0.902963,0.026409
0.284855,0.104352,-0.413101,0.42463,0.805628
0,0,-0.211644,-0.115641,0.970481
0,0,-0.0965856,0.173996,-0.979998
0.264037,0.124255,0.312304,0.212166,0.925987
0,0,-0.903969,-0.162197,0.39564
0,0,-0.690859,-0.642176,0.33215
0,0,0.966942,0.246461,0.0654195
0,0,-0.791832,-0.129112,0.596936
0,0,-0.612481,-0.304286,0.729573
0,0,-0.679588,-0.374914,0.630556
0,0,-0.967476,0.233532,0.097226
1.54999,2.21274,0.130473,0.685921,-0.715883
0.0465,0.00772031,-0.108222,-0.755519,0.646127
0.893018,1.0013,-0.285948,0.657811,-0.696792
0,0,-0.969991,-0.170758,0.173086
0.849837,0.987498,-0.90584,0.07626,0.4167
0,0,0.890823,0.269486,0.365803
0,0,0.0682584,0.832949,0.549124
0.115937,0.0372801,-0.676245,-0.15124,0.720985
0,0,0.745307,-0.653795,0.130652
0,0,-0.446583,0.682533,0.578544
0,0,0.211851,-0.941801,0.261018
0,0,-0.871775,-0.286192,0.397621
0.653223,0.794799,0.784337,0.000149294,0.620335
0.609318,0.655178,0.0440887,0.573818,0.817795
0,0,0.360978,0.921929,0.140503
0,0,-0.776859,0.437268,0.453085
0,0,-0.956599,-0.119592,0.265738
0,0,-0.570474,0.508061,0.645316
0,0,0.995336,-0.0366858,0.0892241
0,0,0.563754,0.762495,0.317462
0.24191,0.0820262,-0.0942145,0.743712,0.661827
0,0,-0.621309,-0.779133,0.083226
0,0,0.90462,-0.38127,0.190516
0,0,0.647209,0.751314,0.129025
0,0,-0.331168,0.709734,0.621776
0.871803,0.978853,0.742613,0.0782426,0.665135
0,0,0.579159,0.186119,0.793684
0,0,-0.122251,-0.978412,-0.166628
0,0,0.469968,-0.696514,0.542216
0,0,0.665537,0.744978,0.0454767
0,0,0.789637,0.106061,0.604339
0,0,-0.319802,-0.885744,-0.33643
0,0,0.994146,-0.101657,0.0366051
0,0,-0.0658478,0.901033,0.428724
0,0,-0.566813,-0.823634,0.0187207
0,0,0.65652,0.417875,0.627983
0,0,0.106744,-0.884618,0.453935
0,0,0.986359,0.162421,0.0267634
0,0,0.120798,0.936568,0.329011
0.275855,0.226007,0.407707,-0.713471,0.569854
0,0,-0.48319,-0.837574,0.254946
0,0,0.927491,0.301516,0.221017
0,0,0.354836,0.777164,0.519719
0.0741487,0.0248345,0.317589,-0.465175,0.826287
0,0,0.782787,-0.604318,0.148473
0.0927471,0.047415,0.923128,-0.0585107,0.380014
1.24623,1.52307,0.855768,0.310125,-0.414106
0,0,-0.798452,0.0727005,0.597653
0.09238,0.0357474,-0.604552,0.546418,0.579606
0,0,-0.705723,0.690824,0.157218
0,0,-0.39635,-0.916972,0.0454966
0,0,-0.0976443,0.965566,0.241139
0.163757,0.0877557,0.0396548,-0.62367,0.780681
0,0,-0.506868,-0.83041,0.231311
0,0,0.264686,0.963299,0.044681
0.2952,0.276234,0.31932,-0.0544492,0.946082
0.135062,0.0666082,0.912288,0.00697558,0.40949
0,0,0.00671379,-0.601489,0.798853
0,0,-0.609326,-0.733468,0.301241
0,0,0.112657,-0.968434,0.222362
0,0,-0.238419,0.825044,0.512307
0,0,0.496522,-0.857047,0.137612
0,0,0.0663536,-0.995916,0.0612308
0.3519,0.206033,0.111353,-0.437996,0.892054
0,0,0.996987,-0.0433424,0.0643321
0.609318,0.564783,-0.159295,-0.141368,0.977057
0,0,0.740613,-0.263027,0.618311
0,0,-0.360402,0.114495,0.925744
0,0,0.0975596,-0.876695,0.471049
0,0,0.696056,-0.607333,0.382953
0,0,-0.39885,0.916018,0.0427789
0.0300668,0.00250305,0.247773,0.43034,0.867995
0,0,-0.741534,0.638369,0.206426
0,0,0.119107,-0.890076,0.439975
0,0,0.383149,-0.233984,0.893559
0,0,-0.0611908,-0.317864,0.94616
0,0,0.930729,-0.0684098,0.359254
0,0,-0.233995,-0.80932,0.538747
0,0,-0.850675,-0.149564,0.503966
0,0,0.780639,-0.624425,0.0263853
0,0,-0.738852,0.596936,0.312674
1.26512,1.5678,0.116545,0.696192,0.708331
0,0,0.435823,-0.51295,0.739554
0,0,0.352391,0.764631,0.539592
0,0,-0.964289,0.264733,0.00797437
0,0,-0.411171,0.69459,0.590324
0.3519,0.172971,-0.245722,-0.529146,0.812173
0,0,0.906404,0.391779,0.157928
0,0,0.473241,-0.864728,-0.168192
0,0,-0.928533,-0.0713602,0.364328
0,0,0.999586,-0.0272113,0.00939272
0,0,0.727566,-0.423502,0.539717
0,0,-0.98564,0.154587,0.0679397
0,0,-0.00716099,-0.999702,0.0233325
0,0,0.886777,0.197552,-0.417852
0,0,-0.173726,0.939236,0.296065
0.272764,0.217801,0.483885,0.468513,0.739155
0,0,0.0682136,0.908604,0.412051
0,0,-0.738128,-0.614521,0.278444
0,0,0.503879,0.853191,0.134797
0,0,-0.641197,-0.759074,0.112578
0,0,-0.349708,-0.662707,0.662211
0,0,0.427512,0.897465,0.10858
0,0,0.177795,-0.983913,0.0174131
0,0,-0.0540564,-0.871965,0.486574
0,0,0.582917,-0.79519,0.166975
0,0,-0.720109,-0.266358,0.6407
0,0,0.503183,-0.851021,0.150235
0,0,0.927827,-0.228744,0.294641
0,0,-0.622246,0.778646,0.0807421
0,0,0.777077,-0.320139,0.541907
0.0928,0.0342338,0.158584,0.25266,0.95447
0,0,-0.984386,0.0774141,0.158085
0,0,-0.106976,-0.9941,0.0179225
0,0,0.686552,-0.700917,0.19329
0,0,-0.907659,0.414055,0.0686497
0,0,0.0635922,-0.988124,0.139881
0.827614,0.993244,0.502502,0.570506,-0.649626
0.342196,0.252059,0.13848,-0.989857,-0.0317193
0,0,0.0283818,0.992055,0.122561
0,0,-0.261951,-0.964954,0.0156956
0,0,0.508952,0.839704,0.189381
0,0,-0.126022,0.863425,0.488483
0,0,-0.380978,0.916517,0.121874
1.2381,1.22612,-0.143099,0.530036,0.835814
0,0,0.0572813,0.989517,0.13257
0,0,0.0653371,-0.692469,0.718483
0,0,-0.707951,0.426178,0.563185
0,0,-0.448767,0.814238,0.368273
0,0,-0.320714,0.128572,0.938409
0,0,0.786017,-0.414833,0.458357
0,0,0.895732,-0.206673,0.393636
0.157853,0.0917829,0.172238,-0.775865,0.606933
0,0,0.68648,-0.0174217,0.72694
0.06329,0.0141732,-0.667448,-0.219719,0.711503
0,0,0.673874,0.0519809,0.737016
0,0,-0.99648,-0.0279449,0.0790412
0.0928,0.0285898,-0.685968,0.27534,0.673525
0,0,0.151532,-0.877258,0.455473
0,0,0.608131,-0.360419,0.707301
0.609318,0.415461,0.141986,-0.324073,0.935316
0,0,0.139983,0.730424,0.668495
0,0,-0.961666,0.265799,0.0674546
0.399851,0.315539,0.473804,0.236207,-0.848361
0,0,-0.722838,-0.672185,0.160229
0,0,0.81105,0.374277,0.449571
0,0,0.662649,-0.309169,0.682137
0,0,0.626969,0.319616,0.710462
0,0,-0.478052,-0.626092,0.616015
0,0,0.314038,0.184572,0.931296
0,0,-0.769046,0.638111,0.0371856
0,0,-0.01432,-0.995156,0.0972555
0,0,0.759742,0.339591,0.5545
0,0,-0.960291,-0.247148,0.12946
0,0,-0.891631,0.347539,0.29019
0,0,-0.56363,0.100451,0.819897
0,0,0.695967,-0.534379,0.479655
0.24191,0.137055,0.0150904,-0.350146,0.936574
0,0,0.318421,-0.896679,0.307531
0,0,0.635756,0.449501,0.627506
0,0,0.486497,-0.857423,0.167769
0,0,0.393332,-0.537002,0.74627
0.0465,0.00779539,-0.835661,-0.149358,0.528547
0,0,-0.5239,-0.682226,0.509996
0,0,0.226168,0.871639,0.43485
0,0,-0.465872,0.860386,0.206637
0,0,0.982301,0.186209,0.0202727
0.10052,0.0482173,0.981895,-0.0796654,-0.171857
0,0,0.804778,0.58761,0.0839427
0,0,0.090735,0.960785,0.26203
1.62969,1.87037,0.903474,0.402142,-0.148377
0,0,-0.0619137,-0.984613,0.163411
0.12633,0.0539786,0.550987,0.702021,0.451198
0,0,-0.0672518,0.978406,0.195444
0,0,0.251824,0.309161,0.917063
0,0,-0.592122,0.762783,0.25991
0,0,-0.937551,-0.221987,0.267806
0,0,-0.376323,-0.875533,0.303023
0,0,0.71214,-0.58455,0.38879
0,0,-0.962616,-0.0345735,0.268653
0,0,0.178632,-0.858446,0.480793
0,0,-0.408288,0.890045,0.202784
0,0,0.311186,0.748769,0.585243
0,0,0.498933,0.708689,0.498825
0,0,0.668498,-0.588034,0.455332
0.609318,0.495281,-0.280412,0.633683,0.720982
0,0,-0.93557,0.0456656,0.350176
1.5092,1.84169,0.225944,0.537302,0.812561
0.7031,0.640986,-0.416219,-0.432366,0.799888
0,0,-0.865267,-0.090939,0.492995
0,0,0.170839,0.460872,0.870868
0.24191,0.199424,-0.252492,-0.557462,0.790876
0,0,0.373884,-0.823918,0.425875
0.108026,0.0510326,-0.290764,-0.831613,0.473155
0,0,0.874464,0.468363,0.126289
0,0,-0.955591,0.169005,0.241418
0,0,-0.598772,0.798984,0.0556475
0,0,-0.901733,-0.288348,0.322076
0,0,0.775236,-0.2681,0.571954
0.0928,0.0290372,0.340589,-0.698412,0.62946
0,0,0.200742,-0.977857,0.0591554
0,0,0.736348,-0.673256,0.0672208
0,0,-0.760473,-0.38522,0.522768
0.806169,0.97455,-0.605964,0.0270388,-0.795033
0.425399,0.354617,0.679806,0.732844,-0.0283534
0,0,0.997813,0.0656316,0.00789127
0,0,-0.926281,0.328107,0.185334
0,0,-0.848222,0.514838,0.124344
0.972177,1.52368,0.0990227,0.990921,-0.0909367
0.919864,1.44788,-0.580251,0.320217,0.748846
0,0,0.719466,-0.397482,0.569541
0,0,0.709092,0.700195,0.0831613
0,0,0.913376,-0.396188,0.0936996
0,0,0.753541,-0.155773,0.638679
0,0,-0.0825467,0.979142,0.185654
0,0,0.635199,-0.263342,0.726067
0,0,-0.11971,-0.764401,0.63353
0,0,-0.0706803,-0.859808,0.505702
0,0,0.117327,-0.898223,0.423591
0,0,-0.0638995,0.989905,0.126508
0,0,-0.741391,0.613284,0.272435
0,0,-0.950453,0.0227718,0.310032
0.3519,0.348542,-0.756449,-0.155855,0.635212
0,0,-0.992269,-0.0770346,0.0973067
0,0,0.627318,0.714166,0.310546
0.0863542,0.0265583,0.863425,-0.460785,-0.205364
0.150853,0.0850598,-0.433341,-0.0211307,-0.900982
0,0,0.925245,0.247299,0.287689
0,0,-0.804313,-0.552011,0.219919
0,0,0.724846,-0.657427,0.205882
0,0,0.32454,-0.944825,0.0444802
0,0,-0.411933,0.623995,0.664034
0,0,-0.0826634,-0.147552,0.985594
0,0,-0.694616,-0.285269,0.660401
0.586499,0.668258,0.0223116,-0.996303,-0.0829628
0,0,-0.177447,-0.104897,0.978524
0,0,-0.0766879,-0.0575095,0.995395
0,0,-0.925237,0.378048,0.0318928
0,0,0.279384,0.856779,0.433444
0,0,0.10438,-0.896096,0.431411
0,0,0.77425,0.55984,0.295154
0,0,0.150989,-0.978343,0.141587
0.3519,0.180247,0.168961,-0.333379,0.927529
0.328915,0.378448,-0.81065,0.265266,0.521996
0.609318,0.361097,-0.336658,-0.216243,0.916461
0,0,-0.703973,-0.565431,0.429779
0,0,-0.765608,0.635866,0.0975651
0.06329,0.019302,-0.786906,0.143112,0.600248
0,0,-0.958785,-0.284114,0.0033574
0,0,-0.650412,0.530636,0.543498
0,0,0.584665,0.403345,0.703903
0,0,-0.433113,-0.89706,0.0877265
0.06329,0.0153416,0.00907061,0.784724,0.61978
0,0,-0.615217,-0.693218,0.375443
0,0,-0.527284,0.0479808,0.848333
0.24191,0.194068,0.29295,-0.230924,0.927823
0.345157,0.30889,0.202337,0.802203,0.561721
0.0541875,0.0169312,0.269396,-0.698327,0.663148
0,0,-0.959499,0.0165574,0.281224
0,0,0.51852,0.849573,0.0967591
0.3519,0.228534,-0.0629324,-0.215367,0.974503
0,0,0.896881,-0.37446,0.235339
0.0465,0.00769361,0.0729616,-0.793529,0.604143
0,0,-0.740379,-0.480466,0.470097
0,0,-0.91663,-0.11405,0.383123
0,0,0.820416,0.570639,0.0358989
0,0,-0.794028,0.0900253,0.601179
0.0928,0.0359752,-0.693131,-0.353043,0.628434
0,0,-0.933491,0.196469,0.299992
0.154314,0.0777535,-0.737899,-0.543381,-0.400303
0,0,-0.135527,-0.955853,0.260724
0.203681,0.070075,-0.607928,0.528474,0.592569
0,0,-0.951318,-0.295591,0.0872878
0.24191,0.160192,-0.389578,-0.470593,0.791689
0,0,0.12558,0.876173,0.46535
0.0928,0.0324495,0.495796,-0.555456,0.667574
0,0,-0.997889,-0.0146001,0.0632848
0,0,-0.0769877,0.88369,0.461698
0,0,0.534946,0.842131,0.0681838
0,0,0.755543,-0.542846,0.366705
0,0,0.198108,0.972702,0.120844
0,0,0.834561,-0.463306,0.298086
0.0928,0.0374773,-0.454189,0.197638,0.868707
0,0,-0.098968,0.930696,0.352152
0,0,-0.880631,-0.134079,0.454436
0,0,-0.801131,0.585678,0.123166
0,0,0.0526758,0.981624,0.183412
0,0,-0.894109,0.377389,0.241136
0,0,0.922308,0.277552,0.26891
0,0,-0.0276465,0.887704,0.459584
0,0,-0.941362,-0.283389,0.183107
0.0817638,0.0340855,-0.817774,0.570136,-0.0786834
0,0,-0.974809,-0.145613,0.16895
0.0639323,0.0203921,0.743492,0.574401,0.342466
0,0,-0.714882,0.630439,0.302472
0,0,0.605389,-0.62032,0.498706
0,0,0.612416,-0.611219,0.501356
0,0,-0.963678,-0.220059,0.151323
0.0341048,0.00673752,0.0343822,-0.950482,0.308871
1.57889,1.97438,0.0108464,0.996297,0.085288
0.3519,0.279763,-0.0972049,-0.721357,0.685707
0.3519,0.319521,0.584967,0.140591,0.798779
0.696728,0.485388,-0.771104,-0.0150309,0.636532
1.12422,1.77042,0.462336,-0.84776,0.2599
0.0406375,0.00942006,-0.103964,-0.085842,0.99087
0,0,-0.460575,0.698923,0.547154
0,0,0.484535,0.662017,0.571803
0,0,-0.0361519,-0.872274,-0.487679
0,0,-0.590202,-0.557037,0.58427
0,0,0.214267,0.172527,0.961418
0.3519,0.17232,-0.568147,0.203484,0.797373
0,0,0.340014,-0.663059,0.66689
0,0,0.152637,0.586217,0.795646
